1304830 3271.8
1304840 3271.8
1304850 3275.4
1304860 3278.5
1304870 3278.5
1304880 3281.3
1304890 3283.9
1304900 3287.0
1304910 3287.0
1304920 3291.1
1304930 3295.7
1304940 3295.7
1304950 3300.2
1304960 3305.5
1304970 3305.5
1304980 3312.3
1304990 3316.2
1305000 3316.2
1305010 3319.2
1305020 3324.1
1305030 3324.1
1305040 3330.2
1305050 3335.7
1305060 3335.7
1305070 3340.5
1305080 3345.9
1305090 3352.5
1305100 3352.5
1305110 3358.3
1305120 3363.8
1305130 3363.8
1305140 3369.3
1305150 3374.4
1305160 3374.4
1305170 3378.9
1305180 3383.6
1305190 3383.6
1305200 3388.9
1305210 3394.7
1305220 3394.7
1305230 3400.0
1305240 3404.1
1305250 3404.1
1305260 3407.8
1305270 3412.9
1305280 3412.9
1305290 3419.4
1305300 3425.4
1305310 3430.7
1305320 3430.7
1305330 3436.4
1305340 3441.8
1305350 3441.8
1305360 3445.6
1305370 3447.9
1305380 3447.9
1305390 3449.9
1305400 3452.2
1305410 3452.2
1305420 3454.9
1305430 3457.5
1305440 3457.5
1305450 3451.2
1305460 3453.7
1305470 3453.7
1305480 3456.7
1305490 3460.6
1305500 3463.1
1305510 3463.1
1305520 3464.7
1305530 3466.6
1305540 3466.6
1305550 3468.5
1305560 3470.6
1305570 3470.6
1305580 3473.4
1305590 3475.6
1305600 3475.6
1305610 3476.0
1305620 3474.3
1305630 3474.3
1305640 3474.4
1305650 3474.1
1305660 3474.1
1305670 3472.4
1305680 3470.7
1305690 3469.8
1305700 3469.8
1305710 3470.0
1305720 3471.3
1305730 3471.3
1305740 3473.3
1305750 3463.3
1305760 3463.3
1305770 3450.1
1305780 3443.9
1305790 3443.9
1305800 3441.4
1305810 3440.3
1305820 3440.3
1305830 3439.6
1305840 3439.9
1305850 3439.9
1305860 3439.5
1305870 3440.1
1305880 3440.1
1305890 3441.8
1305900 3443.0
1305910 3444.6
1305920 3444.6
1305930 3445.9
1305940 3442.8
1305950 3442.8
1305960 3443.9
1305970 3445.5
1305980 3445.5
1305990 3448.5
1306000 3446.9
1306010 3446.9
1306020 3445.7
1306030 3444.4
1306040 3444.4
1306050 3443.6
1306060 3439.3
1306070 3439.3
1306080 3434.2
1306090 3423.0
1306100 3414.6
1306110 3414.6
1306120 3409.5
1306130 3405.0
1306140 3405.0
1306150 3397.5
1306160 3397.7
1306170 3397.7
1306180 3391.3
1306190 3387.9
1306200 3387.9
1306210 3387.4
1306220 3386.5
1306230 3386.5
1306240 3385.5
1306250 3383.3
1306260 3383.3
1306270 3377.4
1306280 3369.2
1306290 3362.7
1306300 3362.7
1306310 3360.4
1306320 3358.4
1306330 3358.4
1306340 3346.7
1306350 3332.6
1306360 3332.6
1306370 3319.2
1306380 3310.2
1306390 3310.2
1306400 3306.4
1306410 3301.3
1306420 3301.3
1306430 3286.2
1306440 3267.3
1306450 3267.3
1306460 3250.0
1306470 3238.1
1306480 3238.1
1306490 3226.6
1306500 3217.6
1306510 3211.0
1306520 3211.0
1306530 3200.6
1306540 3191.1
1306550 3191.1
1306560 3178.3
1306570 3153.4
1306580 3153.4
1306590 3129.0
1306600 3115.7
1306610 3115.7
1306620 3106.7
1306630 3097.1
1306640 3097.1
1306650 3089.7
1306660 3075.5
1306670 3075.5
1306680 3064.7
1306690 3057.5
1306700 3051.2
1306710 3051.2
1306720 3047.6
1306730 3046.4
1306740 3046.4
1306750 3046.3
1306760 3045.9
1306770 3045.9
1306780 3045.2
1306790 3044.4
1306800 3044.4
1306810 3043.6
1306820 3042.6
1306830 3042.6
1306840 3041.5
1306850 3040.3
1306860 3040.3
1306870 3044.2
1306880 3044.5
1306890 3045.3
1306900 3045.3
1306910 3046.4
1306920 3046.7
1306930 3046.7
1306940 3045.9
1306950 3044.5
1306960 3044.5
1306970 3042.7
1306980 3040.6
1306990 3040.6
1307000 3037.4
1307010 3033.4
1307020 3033.4
1307030 3028.9
1307040 3024.1
1307050 3024.1
1307060 3019.2
1307070 3014.0
1307080 3014.0
1307090 3008.8
1307100 3003.3
1307110 2997.5
1307120 2997.5
1307130 2991.3
1307140 2985.4
1307150 2985.4
1307160 2979.5
1307170 2974.3
1307180 2974.3
1307190 2970.7
1307200 2968.9
1307210 2968.9
1307220 2968.2
1307230 2967.7
1307240 2967.7
1307250 2967.0
1307260 2966.4
1307270 2966.4
1307280 2965.7
1307290 2965.2
1307300 2964.9
1307310 2964.9
1307320 2964.7
1307330 2964.6
1307340 2964.6
1307350 2964.4
1307360 2964.0
1307370 2964.0
1307380 2963.6
1307390 2963.1
1307400 2963.1
1307410 2962.5
1307420 2961.9
1307430 2961.9
1307440 2961.2
1307450 2960.7
1307460 2960.7
1307470 2960.6
1307480 2960.8
1307490 2960.8
1307500 2961.4
1307510 2962.3
1307520 2963.5
1307530 2963.5
1307540 2964.9
1307550 2966.5
1307560 2966.5
1307570 2968.0
1307580 2972.5
1307590 2972.5
1307600 2974.2
1307610 2975.9
1307620 2975.9
1307630 2977.7
1307640 2979.6
1307650 2979.6
1307660 2981.6
1307670 2983.7
1307680 2983.7
1307690 2986.0
1307700 2988.5
1307710 2991.1
1307720 2991.1
1307730 2993.2
1307740 2993.8
1307750 2993.8
1307760 2995.9
1307770 2997.2
1307780 2997.2
1307790 2998.3
1307800 2999.4
1307810 2999.4
1307820 3000.8
1307830 3003.8
1307840 3003.8
1307850 3006.2
1307860 3008.1
1307870 3008.1
1307880 3010.4
1307890 3013.1
1307900 3016.5
1307910 3016.5
1307920 3021.6
1307930 3028.4
1307940 3028.4
1307950 3036.7
1307960 3045.0
1307970 3045.0
1307980 3052.2
1307990 3059.2
1308000 3059.2
1308010 3067.1
1308020 3074.8
1308030 3074.8
1308040 3082.0
1308050 3089.2
1308060 3089.2
1308070 3095.5
1308080 3101.4
1308090 3101.4
1308100 3106.9
1308110 3109.1
1308120 3109.3
1308130 3109.3
1308140 3109.7
1308150 3109.2
1308160 3109.2
1308170 3107.9
1308180 3104.2
1308190 3104.2
1308200 3102.6
1308210 3100.6
1308220 3100.6
1308230 3098.3
1308240 3099.5
1308250 3099.5
1308260 3100.5
1308270 3100.7
1308280 3100.7
1308290 3103.6
1308300 3129.2
1308310 3134.7
1308320 3134.7
1308330 3138.4
1308340 3145.2
1308350 3145.2
1308360 3152.8
1308370 3155.5
1308380 3155.5
1308390 3156.5
1308400 3162.8
1308410 3162.8
1308420 3167.0
1308430 3168.3
1308440 3168.3
1308450 3170.0
1308460 3169.8
1308470 3169.8
1308480 3172.2
1308490 3175.5
1308500 3178.3
1308510 3178.3
1308520 3180.5
1308530 3184.0
1308540 3184.0
1308550 3185.4
1308560 3185.9
1308570 3185.9
1308580 3185.7
1308590 3184.7
1308600 3184.7
1308610 3183.1
1308620 3181.2
1308630 3181.2
1308640 3179.8
1308650 3178.2
1308660 3178.2
1308670 3175.9
1308680 3173.7
1308690 3173.7
1308700 3172.9
1308710 3171.2
1308720 3169.0
1308730 3169.0
1308740 3165.2
1308750 3161.8
1308760 3161.8
1308770 3159.3
1308780 3157.7
1308790 3157.7
1308800 3156.4
1308810 3155.4
1308820 3155.4
1308830 3154.5
1308840 3153.7
1308850 3153.7
1308860 3152.4
1308870 3150.5
1308880 3150.5
1308890 3147.9
1308900 3145.8
1308910 3145.0
1308920 3145.0
1308930 3148.3
1308940 3153.4
1308950 3153.4
1308960 3159.2
1308970 3156.0
1308980 3156.0
1308990 3144.7
1309000 3142.4
1309010 3142.4
1309020 3126.7
1309030 3126.5
1309040 3126.5
1309050 3115.0
1309060 3101.3
1309070 3101.3
1309080 3091.6
1309090 3082.9
1309100 3082.9
1309110 3079.1
1309120 3068.2
1309130 3059.6
1309140 3059.6
1309150 3055.0
1309160 3049.1
1309170 3049.1
1309180 3045.7
1309190 3045.9
1309200 3045.9
1309210 3042.1
1309220 3034.0
1309230 3034.0
1309240 3029.2
1309250 3021.1
1309260 3021.1
1309270 3013.2
1309280 3005.3
1309290 3005.3
1309300 2997.0
1309310 2988.6
1309320 2978.5
1309330 2978.5
1309340 2971.0
1309350 2964.3
1309360 2964.3
1309370 2955.4
1309380 2948.5
1309390 2948.5
1309400 2947.5
1309410 2949.4
1309420 2949.4
1309430 2948.3
1309440 2950.9
1309450 2950.9
1309460 2952.4
1309470 2952.2
1309480 2952.2
1309490 2950.7
1309500 2948.0
1309510 2947.4
1309520 2947.4
1309530 2946.8
1309540 2948.8
1309550 2948.8
1309560 2952.5
1309570 2957.3
1309580 2957.3
1309590 2962.4
1309600 2967.6
1309610 2967.6
1309620 2972.4
1309630 2976.7
1309640 2976.7
1309650 2981.7
1309660 2988.0
1309670 2988.0
1309680 2993.7
1309690 2999.6
1309700 2999.6
1309710 3005.5
1309720 3011.1
1309730 3015.4
1309740 3012.3
1309750 3014.9
1309760 3013.5
1309770 3013.5
1309780 3007.7
1309790 2995.3
1309800 2995.3
1309810 2982.9
1309820 2971.4
1309830 2971.4
1309840 2959.4
1309850 2944.2
1309860 2944.2
1309870 2932.8
1309880 2924.5
1309890 2924.5
1309900 2917.9
1309910 2913.2
1309920 2907.8
1309930 2907.8
1309940 2900.8
1309950 2894.3
1309960 2894.3
1309970 2888.5
1309980 2882.3
1309990 2882.3
1310000 2875.9
1310010 2868.9
1310020 2868.9
1310030 2862.5
1310040 2857.0
1310050 2857.0
1310060 2852.2
1310070 2847.6
1310080 2847.6
1310090 2844.0
1310100 2840.7
1310110 2837.9
1310120 2837.9
1310130 2834.4
1310140 2830.4
1310150 2830.4
1310160 2826.5
1310170 2822.7
1310180 2822.7
1310190 2818.7
1310200 2814.6
1310210 2814.6
1310220 2810.2
1310230 2805.6
1310240 2805.6
1310250 2800.8
1310260 2796.5
1310270 2796.5
1310280 2792.7
1310290 2789.1
1310300 2789.1
1310310 2785.5
1310320 2782.4
1310330 2778.8
1310340 2778.8
1310350 2775.6
1310360 2772.8
1310370 2772.8
1310380 2769.9
1310390 2766.6
1310400 2766.6
1310410 2762.4
1310420 2758.1
1310430 2758.1
1310440 2753.3
