1304520 3390.6
1304530 3386.9
1304540 3386.9
1304550 3384.2
1304560 3382.3
1304570 3382.3
1304580 3380.8
1304590 3379.6
1304600 3379.6
1304610 3378.6
1304620 3377.8
1304630 3377.8
1304640 3376.9
1304650 3375.5
1304660 3375.5
1304670 3373.6
1304680 3371.4
1304690 3371.4
1304700 3361.3
1304710 3359.1
1304720 3359.1
1304730 3357.2
1304740 3355.4
1304750 3353.7
1304760 3353.7
1304770 3352.0
1304780 3350.2
1304790 3350.2
1304800 3348.5
1304810 3346.9
1304820 3346.9
1304830 3345.2
1304840 3344.1
1304850 3344.1
1304860 3343.0
1304870 3342.0
1304880 3342.0
1304890 3341.2
1304900 3340.5
1304910 3340.5
1304920 3340.1
1304930 3340.3
1304940 3341.0
1304950 3341.0
1304960 3341.3
1304970 3341.9
1304980 3341.9
1304990 3342.6
1305000 3343.5
1305010 3343.5
1305020 3344.5
1305030 3345.9
1305040 3345.9
1305050 3347.9
1305060 3350.8
1305070 3350.8
1305080 3354.6
1305090 3358.8
1305100 3358.8
1305110 3362.1
1305120 3363.8
1305130 3363.8
1305140 3364.7
1305150 3365.5
1305160 3366.8
1305170 3366.8
1305180 3369.3
1305190 3373.3
1305200 3373.3
1305210 3378.2
1305220 3374.2
1305230 3374.2
1305240 3365.2
1305250 3355.8
1305260 3355.8
1305270 3346.8
1305280 3337.7
1305290 3337.7
1305300 3323.3
1305310 3309.8
1305320 3309.8
1305330 3295.2
1305340 3279.4
1305350 3270.3
1305360 3270.3
1305370 3257.3
1305380 3241.8
1305390 3241.8
1305400 3228.0
1305410 3206.9
1305420 3206.9
1305430 3188.4
1305440 3174.9
1305450 3174.9
1305460 3167.7
1305470 3155.3
1305480 3155.3
1305490 3143.3
1305500 3134.5
1305510 3134.5
1305520 3127.1
1305530 3118.4
1305540 3107.4
1305550 3107.4
1305560 3094.9
1305570 3083.5
1305580 3083.5
1305590 3069.3
1305600 3056.4
1305610 3056.4
1305620 3044.6
1305630 3035.5
1305640 3035.5
1305650 3030.2
1305660 3029.6
1305670 3029.6
1305680 3030.8
1305690 3032.3
1305700 3032.3
1305710 3030.5
1305720 3027.1
1305730 3027.1
1305740 3028.4
1305750 3029.1
1305760 3030.3
1305770 3030.3
1305780 3028.9
1305790 3026.1
1305800 3026.1
1305810 3028.3
1305820 3035.3
1305830 3035.3
1305840 3035.5
1305850 3034.5
1305860 3034.5
1305870 3033.3
1305880 3028.8
1305890 3028.8
1305900 3021.3
1305910 3011.9
1305920 3011.9
1305930 3014.5
1305940 3012.0
1305950 3008.1
1305960 3008.1
1305970 3003.6
1305980 2998.5
1305990 2998.5
1306000 2992.4
1306010 2986.6
1306020 2986.6
1306030 2981.1
1306040 2976.0
1306050 2976.0
1306060 2971.8
1306070 2967.9
1306080 2967.9
1306090 2963.9
1306100 2959.6
1306110 2960.3
1306120 2955.0
1306130 2949.6
1306140 2949.6
1306150 2944.3
1306160 2936.8
1306170 2928.0
1306180 2928.0
1306190 2919.9
1306200 2911.5
1306210 2911.5
1306220 2903.3
1306230 2894.6
1306240 2894.6
1306250 2885.1
1306260 2875.4
1306270 2875.4
1306280 2866.0
1306290 2858.0
1306300 2858.0
1306310 2852.3
1306320 2848.9
1306330 2848.9
1306340 2847.2
1306350 2846.0
1306360 2844.5
1306370 2844.5
1306380 2842.3
1306390 2839.9
1306400 2839.9
1306410 2838.0
1306420 2836.5
1306430 2836.5
1306440 2835.5
1306450 2835.2
1306460 2835.2
1306470 2834.6
1306480 2833.5
1306490 2833.5
1306500 2832.0
1306510 2830.6
1306520 2830.6
1306530 2828.9
1306540 2827.1
1306550 2825.3
1306560 2825.3
1306570 2823.4
1306580 2821.3
1306590 2821.3
1306600 2819.0
1306610 2816.5
1306620 2816.5
1306630 2813.8
1306640 2811.1
1306650 2811.1
1306660 2808.5
1306670 2806.0
1306680 2806.0
1306690 2803.9
1306700 2802.4
1306710 2802.4
1306720 2801.6
1306730 2801.4
1306740 2801.4
1306750 2801.8
1306760 2802.3
1306770 2800.4
1306780 2800.4
1306790 2794.7
1306800 2788.4
1306810 2788.4
1306820 2789.9
1306830 2789.2
1306840 2789.2
1306850 2785.2
1306860 2779.4
1306870 2779.4
1306880 2774.0
1306890 2767.9
1306900 2767.9
1306910 2762.3
1306920 2757.2
1306930 2757.2
1306940 2752.1
1306950 2747.7
1306960 2744.2
1306970 2744.2
1306980 2741.1
1306990 2738.8
1307000 2738.8
1307010 2737.1
1307020 2736.3
1307030 2736.3
1307040 2736.1
1307050 2736.1
1307060 2736.1
1307070 2735.4
1307080 2734.1
1307090 2734.1
1307100 2732.7
1307110 2731.4
1307120 2731.4
1307130 2730.2
1307140 2729.1
1307150 2729.1
1307160 2727.8
1307170 2726.1
1307180 2724.1
1307190 2724.1
1307200 2722.1
1307210 2720.4
1307220 2720.4
1307230 2718.8
1307240 2716.9
1307250 2716.9
1307260 2714.1
1307270 2710.9
1307280 2710.9
1307290 2707.4
1307300 2704.8
1307310 2704.8
1307320 2703.8
1307330 2704.2
1307340 2704.2
1307350 2705.2
1307360 2706.0
1307370 2706.3
1307380 2706.3
1307390 2706.2
1307400 2705.7
1307410 2705.7
1307420 2705.4
1307430 2705.4
1307440 2705.4
1307450 2705.9
1307460 2706.9
1307470 2706.9
1307480 2708.3
1307490 2710.1
1307500 2710.1
1307510 2712.2
1307520 2714.5
1307530 2718.6
1307540 2720.3
1307550 2721.7
1307560 2723.5
1307570 2723.5
1307580 2724.9
1307590 2726.7
1307600 2726.7
1307610 2728.3
1307620 2729.9
1307630 2729.9
1307640 2731.1
1307650 2731.8
1307660 2731.8
1307670 2732.0
1307680 2732.1
1307690 2732.1
1307700 2731.9
1307710 2731.6
1307720 2731.6
1307730 2731.2
1307740 2731.0
1307750 2731.0
1307760 2730.7
1307770 2730.2
1307780 2729.5
1307790 2729.5
1307800 2729.1
1307810 2728.6
1307820 2728.6
1307830 2728.2
1307840 2728.0
1307850 2728.0
1307860 2727.8
1307870 2727.7
1307880 2727.7
1307890 2727.9
1307900 2728.0
1307910 2728.0
1307920 2728.1
1307930 2728.1
1307940 2728.1
1307950 2728.2
1307960 2728.1
1307970 2728.0
1307980 2728.0
1307990 2727.9
1308000 2727.6
1308010 2727.6
1308020 2727.3
1308030 2727.3
1308040 2727.3
1308050 2727.2
1308060 2727.2
1308070 2727.2
1308080 2727.3
1308090 2727.7
1308100 2727.7
1308110 2728.2
1308120 2728.6
1308130 2728.6
1308140 2729.0
1308150 2729.3
1308160 2729.3
1308170 2729.7
1308180 2730.5
1308190 2731.8
1308200 2731.8
1308210 2733.4
1308220 2735.1
1308230 2735.1
1308240 2736.8
1308250 2742.3
1308260 2742.3
1308270 2744.3
1308280 2746.2
1308290 2746.2
1308300 2748.4
1308310 2750.9
1308320 2750.9
1308330 2753.6
1308340 2756.7
1308350 2756.7
1308360 2760.1
1308370 2763.8
1308380 2767.6
1308390 2767.6
1308400 2771.7
1308410 2776.0
1308420 2776.0
1308430 2780.6
1308440 2785.3
1308450 2785.3
1308460 2790.0
1308470 2794.5
1308480 2794.5
1308490 2799.1
1308500 2804.0
1308510 2804.0
1308520 2807.9
1308530 2810.4
1308540 2810.4
1308550 2813.2
1308560 2815.8
1308570 2818.2
1308580 2818.2
1308590 2820.5
1308600 2822.7
1308610 2822.7
1308620 2824.8
1308630 2826.8
1308640 2826.8
1308650 2828.6
1308660 2830.3
1308670 2830.3
1308680 2831.7
1308690 2833.1
1308700 2833.1
1308710 2834.1
1308720 2834.9
1308730 2834.9
1308740 2835.5
1308750 2835.9
1308760 2835.9
1308770 2836.2
1308780 2836.5
1308790 2836.7
1308800 2836.7
1308810 2837.0
1308820 2837.5
1308830 2837.5
1308840 2838.1
1308850 2838.6
1308860 2838.6
1308870 2839.2
1308880 2839.7
1308890 2839.7
1308900 2840.2
1308910 2840.5
1308920 2840.5
1308930 2840.8
1308940 2841.2
1308950 2841.2
1308960 2841.5
1308970 2843.3
1308980 2843.4
1308990 2843.4
1309000 2843.5
1309010 2843.7
1309020 2843.7
1309030 2843.9
1309040 2844.0
1309050 2844.0
1309060 2844.1
1309070 2844.1
1309080 2844.1
1309090 2844.2
1309100 2844.2
1309110 2844.2
1309120 2844.1
1309130 2843.9
1309140 2843.9
1309150 2843.7
1309160 2843.6
1309170 2843.6
1309180 2843.5
1309190 2843.5
1309200 2843.7
1309210 2843.7
1309220 2844.2
1309230 2844.8
1309240 2844.8
1309250 2845.5
1309260 2846.3
1309270 2846.3
1309280 2847.1
1309290 2848.2
1309300 2848.2
1309310 2849.5
1309320 2850.9
1309330 2850.9
1309340 2852.6
1309350 2854.3
1309360 2854.3
1309370 2856.2
1309380 2858.2
1309390 2860.3
1309400 2860.3
1309410 2862.5
1309420 2864.8
1309430 2864.8
1309440 2867.3
1309450 2869.7
1309460 2869.7
1309470 2872.2
1309480 2875.0
1309490 2875.0
1309500 2878.0
1309510 2881.2
1309520 2881.2
1309530 2884.5
1309540 2887.9
1309550 2887.9
1309560 2891.5
1309570 2895.5
1309580 2899.8
1309590 2899.8
1309600 2904.4
1309610 2910.1
1309620 2910.1
1309630 2921.1
1309640 2930.9
1309650 2930.9
1309660 2937.8
1309670 2942.7
1309680 2942.7
1309690 2947.3
1309700 2951.2
1309710 2951.2
1309720 2955.3
1309730 2959.3
1309740 2959.3
1309750 2963.6
1309760 2968.9
1309770 2968.9
1309780 2975.3
1309790 2982.9
1309800 2991.5
1309810 2991.5
1309820 3004.8
1309830 3022.0
1309840 3022.0
1309850 3033.3
1309860 3042.3
1309870 3042.3
1309880 3052.2
1309890 3052.2
1309900 3052.2
1309910 3036.5
1309920 3026.1
1309930 3026.1
1309940 3020.7
1309950 3016.2
1309960 3016.2
1309970 3012.5
1309980 3009.5
1309990 3007.2
1310000 3007.2
1310010 3005.3
1310020 3003.5
1310030 3003.5
1310040 3001.8
1310050 3000.7
1310060 3000.7
1310070 2999.1
1310080 2996.4
1310090 2996.4
1310100 2993.7
1310110 2990.7
1310120 2990.7
1310130 2987.1
1310140 2979.5
1310150 2979.5
1310160 2968.4
1310170 2956.2
1310180 2956.2
1310190 2947.2
1310200 2943.1
1310210 2940.1
1310220 2940.1
1310230 2938.2
1310240 2936.0
1310250 2936.0
1310260 2932.7
1310270 2929.5
1310280 2929.5
1310290 2926.7
1310300 2924.0
1310310 2924.0
1310320 2921.5
1310330 2918.8
1310340 2918.8
1310350 2915.7
1310360 2912.5
1310370 2912.5
1310380 2909.1
1310390 2905.7
1310400 2901.5
1310410 2901.5
1310420 2893.3
1310430 2889.1
1310440 2889.1
1310450 2885.5
1310460 2882.0
1310470 2882.0
1310480 2878.9
1310490 2874.4
1310500 2874.4
1310510 2867.4
1310520 2858.8
1310530 2858.8
1310540 2850.8
1310550 2844.9
1310560 2844.9
1310570 2840.0
1310580 2836.3
1310590 2833.9
1310600 2833.9
1310610 2831.7
1310620 2829.2
1310630 2829.2
1310640 2826.2
1310650 2821.0
1310660 2821.0
1310670 2815.9
1310680 2812.0
1310690 2812.0
1310700 2808.1
