1303920 3069.0
1303930 3073.2
1303940 3073.2
1303950 3074.4
1303960 3077.2
1303970 3077.2
1303980 3080.0
1303990 3082.1
1304000 3082.1
1304010 3085.6
1304020 3091.0
1304030 3091.0
1304040 3099.8
1304050 3115.0
1304060 3115.0
1304070 3129.4
1304080 3135.1
1304090 3135.1
1304100 3144.8
1304110 3154.1
1304120 3154.1
1304130 3159.4
1304140 3161.5
1304150 3158.2
1304160 3158.2
1304170 3155.3
1304180 3153.2
1304190 3153.2
1304200 3150.9
1304210 3138.0
1304220 3138.0
1304230 3123.8
1304240 3118.6
1304250 3118.6
1304260 3115.7
1304270 3113.1
1304280 3113.1
1304290 3110.2
1304300 3108.1
1304310 3108.1
1304320 3106.5
1304330 3104.3
1304340 3102.2
1304350 3102.2
1304360 3100.7
1304370 3099.5
1304380 3099.5
1304390 3099.2
1304400 3099.1
1304410 3099.1
1304420 3100.6
1304430 3103.9
1304440 3103.9
1304450 3108.7
1304460 3119.6
1304470 3119.6
1304480 3125.4
1304490 3131.1
1304500 3131.1
1304510 3136.4
1304520 3141.3
1304530 3141.3
1304540 3146.1
1304550 3150.7
1304560 3153.6
1304570 3153.6
1304580 3156.1
1304590 3157.5
1304600 3157.5
1304610 3161.3
1304620 3167.2
1304630 3167.2
1304640 3170.8
1304650 3173.5
1304660 3173.5
1304670 3176.2
1304680 3178.6
1304690 3178.6
1304700 3181.0
1304710 3182.5
1304720 3182.5
1304730 3183.7
1304740 3184.2
1304750 3182.8
1304760 3182.8
1304770 3179.4
1304780 3175.3
1304790 3175.3
1304800 3171.4
1304810 3168.9
1304820 3168.9
1304830 3167.0
1304840 3163.4
1304850 3163.4
1304860 3155.5
1304870 3149.0
1304880 3149.0
1304890 3144.1
1304900 3137.4
1304910 3137.4
1304920 3129.4
1304930 3125.0
1304940 3122.3
1304950 3122.3
1304960 3119.3
1304970 3117.3
1304980 3117.3
1304990 3113.9
1305000 3105.8
1305010 3105.8
1305020 3092.8
1305030 3087.5
1305040 3087.5
1305050 3085.9
1305060 3079.3
1305070 3079.3
1305080 3071.2
1305090 3060.3
1305100 3060.3
1305110 3047.8
1305120 3037.2
1305130 3037.2
1305140 3025.6
1305150 3008.9
1305160 2990.0
1305170 3002.4
1305180 2994.1
1305190 2989.3
1305200 2989.3
1305210 2979.7
1305220 2967.9
1305230 2967.9
1305240 2958.2
1305250 2952.3
1305260 2952.3
1305270 2948.5
1305280 2945.4
1305290 2945.4
1305300 2942.3
1305310 2939.7
1305320 2939.7
1305330 2938.3
1305340 2937.3
1305350 2936.3
1305360 2936.3
1305370 2935.9
1305380 2937.1
1305390 2937.1
1305400 2936.6
1305410 2934.7
1305420 2934.7
1305430 2933.6
1305440 2934.2
1305450 2934.2
1305460 2934.6
1305470 2924.2
1305480 2924.2
1305490 2905.4
1305500 2890.6
1305510 2890.6
1305520 2885.0
1305530 2880.9
1305540 2880.9
1305550 2877.0
1305560 2873.1
1305570 2869.5
1305580 2869.5
1305590 2866.0
1305600 2862.4
1305610 2862.4
1305620 2859.1
1305630 2856.4
1305640 2856.4
1305650 2854.5
1305660 2853.4
1305670 2853.4
1305680 2852.5
1305690 2851.8
1305700 2851.8
1305710 2851.4
1305720 2851.2
1305730 2851.2
1305740 2851.1
1305750 2851.1
1305760 2851.1
1305770 2851.1
1305780 2851.2
1305790 2850.8
1305800 2850.8
1305810 2849.8
1305820 2848.1
1305830 2848.1
1305840 2845.8
1305850 2842.6
1305860 2842.6
1305870 2840.3
1305880 2838.5
1305890 2838.5
1305900 2832.5
1305910 2826.1
1305920 2826.1
1305930 2819.0
1305940 2811.6
1305950 2811.6
1305960 2801.7
1305970 2792.9
1305980 2786.6
1305990 2786.6
1306000 2782.7
1306010 2778.6
1306020 2778.6
1306030 2773.3
1306040 2767.7
1306050 2767.7
1306060 2762.8
1306070 2759.6
1306080 2759.6
1306090 2758.0
1306100 2756.7
1306110 2756.7
1306120 2754.4
1306130 2750.8
1306140 2750.8
1306150 2746.3
1306160 2741.2
1306170 2733.7
1306180 2733.7
1306190 2724.8
1306200 2716.5
1306210 2716.5
1306220 2707.7
1306230 2704.5
1306240 2704.5
1306250 2700.9
1306260 2697.3
1306270 2697.3
1306280 2694.1
1306290 2693.1
1306300 2693.1
1306310 2690.6
1306320 2687.6
1306330 2687.6
1306340 2684.7
1306350 2680.4
1306360 2672.0
1306370 2672.0
1306380 2665.9
1306390 2660.5
1306400 2660.5
1306410 2655.8
1306420 2651.2
1306430 2651.2
1306440 2648.7
1306450 2646.5
1306460 2646.5
1306470 2643.4
1306480 2641.0
1306490 2641.0
1306500 2638.0
1306510 2634.5
1306520 2634.5
1306530 2631.4
1306540 2628.9
1306550 2628.9
1306560 2627.1
1306570 2626.0
1306580 2629.1
1306590 2629.1
1306600 2627.4
1306610 2625.7
1306620 2625.7
1306630 2624.3
1306640 2622.9
1306650 2622.9
1306660 2621.0
1306670 2618.7
1306680 2618.7
1306690 2615.9
1306700 2612.1
1306710 2612.1
1306720 2607.9
1306730 2603.2
1306740 2603.2
1306750 2600.6
1306760 2601.9
1306770 2601.3
1306780 2601.3
1306790 2599.7
1306800 2596.3
1306810 2596.3
1306820 2593.7
1306830 2594.3
1306840 2594.3
1306850 2591.3
1306860 2587.4
1306870 2587.4
1306880 2584.9
1306890 2583.4
1306900 2583.4
1306910 2583.3
1306920 2581.1
1306930 2581.1
1306940 2577.5
1306950 2576.3
1306960 2576.3
1306970 2578.3
1306980 2576.2
1306990 2575.9
1307000 2575.9
1307010 2574.8
1307020 2572.0
1307030 2572.0
1307040 2568.4
1307050 2566.4
1307060 2566.4
1307070 2565.4
1307080 2562.8
1307090 2562.8
1307100 2559.6
1307110 2556.7
1307120 2556.7
1307130 2552.6
1307140 2549.6
1307150 2549.6
1307160 2548.4
1307170 2547.4
1307180 2546.8
1307190 2546.8
1307200 2545.2
1307210 2544.0
1307220 2544.0
1307230 2542.6
1307240 2540.6
1307250 2540.6
1307260 2539.5
1307270 2538.7
1307280 2538.7
1307290 2538.4
1307300 2542.3
1307310 2542.3
1307320 2543.2
1307330 2542.9
1307340 2542.9
1307350 2541.5
1307360 2541.0
1307370 2542.0
1307380 2542.0
1307390 2543.3
1307400 2545.6
1307410 2545.6
1307420 2544.2
1307430 2544.3
1307440 2544.3
1307450 2543.9
1307460 2542.8
1307470 2542.8
1307480 2542.9
1307490 2544.0
1307500 2544.0
1307510 2544.4
1307520 2543.9
1307530 2543.9
1307540 2544.5
1307550 2546.4
1307560 2546.4
1307570 2547.8
1307580 2548.8
1307590 2548.5
1307600 2548.5
1307610 2548.5
1307620 2546.3
1307630 2546.3
1307640 2542.5
1307650 2542.3
1307660 2542.3
1307670 2542.7
1307680 2542.9
1307690 2542.9
1307700 2542.7
1307710 2540.2
1307720 2540.2
1307730 2536.4
1307740 2534.1
1307750 2534.1
1307760 2533.9
1307770 2536.2
1307780 2536.3
1307790 2536.3
1307800 2536.1
1307810 2534.7
1307820 2534.7
1307830 2533.5
1307840 2531.7
1307850 2531.7
1307860 2530.7
1307870 2529.5
1307880 2529.5
1307890 2528.6
1307900 2528.5
1307910 2528.5
1307920 2527.9
1307930 2527.6
1307940 2527.6
1307950 2528.2
1307960 2527.1
1307970 2527.1
1307980 2525.2
1307990 2524.5
1308000 2525.5
1308010 2528.0
1308020 2528.7
1308030 2530.2
1308040 2530.2
1308050 2530.3
1308060 2529.5
1308070 2529.5
1308080 2529.3
1308090 2530.4
1308100 2530.4
1308110 2531.6
1308120 2533.7
1308130 2533.7
1308140 2535.7
1308150 2536.3
1308160 2536.3
1308170 2538.2
1308180 2539.4
1308190 2540.9
1308200 2540.9
1308210 2541.6
1308220 2542.0
1308230 2542.0
1308240 2543.6
1308250 2545.8
1308260 2545.8
1308270 2548.2
1308280 2551.9
1308290 2551.9
1308300 2553.6
1308310 2553.8
1308320 2553.8
1308330 2557.0
1308340 2560.9
1308350 2560.9
1308360 2563.9
1308370 2567.4
1308380 2567.4
1308390 2570.2
1308400 2571.3
1308410 2573.7
1308420 2573.7
1308430 2577.2
1308440 2581.0
1308450 2581.0
1308460 2584.1
1308470 2586.8
1308480 2586.8
1308490 2589.7
1308500 2593.6
1308510 2593.6
1308520 2598.0
1308530 2602.2
1308540 2602.2
1308550 2606.3
1308560 2610.3
1308570 2610.3
1308580 2614.2
1308590 2618.1
1308600 2621.9
1308610 2621.9
1308620 2625.6
1308630 2629.3
1308640 2629.3
1308650 2632.8
1308660 2636.0
1308670 2636.0
1308680 2639.0
1308690 2642.2
1308700 2642.2
1308710 2645.2
1308720 2648.0
1308730 2652.2
1308740 2655.0
1308750 2657.6
1308760 2657.6
1308770 2660.1
1308780 2662.5
1308790 2664.7
1308800 2664.7
1308810 2667.0
1308820 2669.1
1308830 2669.1
1308840 2671.2
1308850 2673.4
1308860 2673.4
1308870 2675.5
1308880 2677.5
1308890 2677.5
1308900 2679.5
1308910 2681.6
1308920 2681.6
1308930 2683.8
1308940 2686.0
1308950 2686.0
1308960 2688.2
1308970 2690.3
1308980 2690.3
1308990 2692.4
1309000 2694.4
1309010 2696.4
1309020 2696.4
1309030 2698.2
1309040 2699.8
1309050 2699.8
1309060 2701.4
1309070 2703.2
1309080 2703.2
1309090 2705.7
1309100 2708.8
1309110 2708.8
1309120 2711.7
1309130 2714.6
1309140 2714.6
1309150 2717.4
1309160 2719.9
1309170 2719.9
1309180 2723.3
1309190 2728.6
1309200 2733.8
1309210 2733.8
1309220 2738.2
1309230 2743.3
1309240 2743.3
1309250 2749.2
1309260 2756.4
1309270 2756.4
1309280 2763.8
1309290 2769.8
1309300 2769.8
1309310 2774.7
1309320 2779.3
1309330 2779.3
1309340 2784.4
1309350 2788.5
1309360 2788.5
1309370 2791.8
1309380 2795.0
1309390 2795.0
1309400 2798.2
1309410 2802.6
1309420 2807.2
1309430 2807.2
1309440 2811.4
1309450 2819.3
1309460 2819.3
1309470 2823.7
1309480 2828.1
1309490 2828.1
1309500 2832.1
1309510 2835.9
1309520 2835.9
1309530 2840.1
1309540 2845.0
1309550 2845.0
1309560 2850.0
1309570 2854.6
1309580 2854.6
1309590 2859.5
1309600 2864.3
1309610 2869.1
1309620 2869.1
1309630 2874.6
1309640 2880.4
1309650 2880.4
1309660 2885.8
1309670 2891.3
1309680 2891.3
1309690 2897.4
1309700 2904.0
1309710 2904.0
1309720 2911.1
1309730 2918.2
1309740 2918.2
1309750 2925.3
1309760 2931.8
1309770 2931.8
1309780 2938.1
1309790 2944.4
1309800 2950.8
1309810 2950.8
1309820 2956.9
1309830 2963.0
1309840 2963.0
1309850 2968.9
1309860 2974.5
1309870 2974.5
1309880 2979.9
1309890 2985.4
1309900 2985.4
1309910 2991.0
1309920 2996.6
1309930 2996.6
1309940 3002.0
1309950 3007.5
1309960 3007.5
1309970 3012.8
1309980 3018.1
1309990 3018.1
1310000 3023.3
1310010 3028.2
1310020 3033.1
1310030 3033.1
1310040 3038.1
1310050 3043.2
1310060 3043.2
1310070 3048.3
1310080 3053.5
1310090 3053.5
1310100 3058.4
1310110 3059.8
1310120 3059.8
1310130 3059.3
1310140 3057.8
1310150 3057.8
1310160 3053.9
1310170 3052.4
1310180 3056.5
1310190 3060.2
1310200 3067.8
1310210 3082.4
1310220 3082.4
1310230 3097.1
1310240 3111.2
1310250 3111.2
1310260 3121.6
1310270 3119.5
1310280 3119.5
1310290 3109.3
1310300 3099.7
1310310 3099.7
1310320 3095.0
1310330 3091.9
1310340 3091.9
1310350 3088.4
1310360 3084.8
1310370 3084.8
1310380 3081.2
1310390 3077.8
1310400 3077.8
1310410 3074.3
1310420 3070.4
1310430 3066.2
1310440 3066.2
1310450 3061.7
1310460 3057.2
1310470 3057.2
1310480 3052.8
1310490 3048.0
1310500 3048.0
1310510 3043.8
1310520 3040.1
1310530 3040.1
1310540 3036.4
1310550 3032.6
1310560 3032.6
1310570 3028.7
1310580 3024.6
1310590 3024.6
1310600 3020.8
1310610 3017.0
1310620 3013.1
1310630 3013.1
1310640 3009.0
1310650 3005.1
1310660 3005.1
1310670 3001.2
1310680 2997.3
1310690 2997.3
1310700 2994.0
1310710 2990.7
1310720 2990.7
1310730 2987.3
1310740 2984.2
1310750 2984.2
1310760 2981.3
1310770 2978.4
1310780 2978.4
1310790 2976.3
1310800 2974.9
1310810 2974.9
1310820 2973.2
1310830 2970.9
1310840 2969.0
1310850 2969.0
1310860 2967.3
1310870 2965.9
1310880 2965.9
1310890 2964.8
1310900 2958.9
1310910 2958.9
1310920 2956.8
1310930 2955.1
1310940 2955.1
1310950 2953.5
1310960 2952.2
1310970 2952.2
1310980 2951.5
1310990 2951.1
1311000 2951.1
1311010 2949.9
1311020 2948.6
1311030 2948.8
1311040 2948.8
1311050 2949.4
1311060 2951.0
1311070 2951.0
1311080 2951.6
1311090 2953.1
1311100 2953.1
1311110 2953.8
