1303480 2557.0
1303490 2560.4
1303500 2560.4
1303510 2564.1
1303520 2560.1
1303530 2560.1
1303540 2562.9
1303550 2564.9
1303560 2568.7
1303570 2568.7
1303580 2574.5
1303590 2580.9
1303600 2580.9
1303610 2586.5
1303620 2589.8
1303630 2589.8
1303640 2592.0
1303650 2594.5
1303660 2594.5
1303670 2598.1
1303680 2601.1
1303690 2601.1
1303700 2602.7
1303710 2603.7
1303720 2603.7
1303730 2604.2
1303740 2604.9
1303750 2605.8
1303760 2605.8
1303770 2606.8
1303780 2608.4
1303790 2608.4
1303800 2610.2
1303810 2611.3
1303820 2611.3
1303830 2613.0
1303840 2616.6
1303850 2616.6
1303860 2621.4
1303870 2627.1
1303880 2627.1
1303890 2633.8
1303900 2640.5
1303910 2640.5
1303920 2646.5
1303930 2652.7
1303940 2652.7
1303950 2659.2
1303960 2665.4
1303970 2671.6
1303980 2671.6
1303990 2679.1
1304000 2687.1
1304010 2687.1
1304020 2694.8
1304030 2701.7
1304040 2701.7
1304050 2707.8
1304060 2713.4
1304070 2713.4
1304080 2718.2
1304090 2722.4
1304100 2722.4
1304110 2727.4
1304120 2733.9
1304130 2733.9
1304140 2739.5
1304150 2744.8
1304160 2750.4
1304170 2750.4
1304180 2755.1
1304190 2760.3
1304200 2760.3
1304210 2765.5
1304220 2772.2
1304230 2772.2
1304240 2778.5
1304250 2785.2
1304260 2785.2
1304270 2792.0
1304280 2799.3
1304290 2799.3
1304300 2805.7
1304310 2812.6
1304320 2812.6
1304330 2817.2
1304340 2812.2
1304350 2805.7
1304360 2805.7
1304370 2799.6
1304380 2794.7
1304390 2794.7
1304400 2788.4
1304410 2781.7
1304420 2781.7
1304430 2776.9
1304440 2772.5
1304450 2772.5
1304460 2762.1
1304470 2745.6
1304480 2745.6
1304490 2731.4
1304500 2724.0
1304510 2724.0
1304520 2717.2
1304530 2711.2
1304540 2711.2
1304550 2707.6
1304560 2705.7
1304570 2705.8
1304580 2705.8
1304590 2705.6
1304600 2705.1
1304610 2705.1
1304620 2701.5
1304630 2695.8
1304640 2695.8
1304650 2692.5
1304660 2689.5
1304670 2689.5
1304680 2685.7
1304690 2683.3
1304700 2683.3
1304710 2681.8
1304720 2681.3
1304730 2681.3
1304740 2681.8
1304750 2682.3
1304760 2682.3
1304770 2682.3
1304780 2682.7
1304790 2683.6
1304800 2683.6
1304810 2683.0
1304820 2681.6
1304830 2681.6
1304840 2681.7
1304850 2682.2
1304860 2682.2
1304870 2681.7
1304880 2681.7
1304890 2681.7
1304900 2681.4
1304910 2680.6
1304920 2683.1
1304930 2682.6
1304940 2682.3
1304950 2682.3
1304960 2682.1
1304970 2681.9
1304980 2681.7
1304990 2681.7
1305000 2681.6
1305010 2682.0
1305020 2682.0
1305030 2682.4
1305040 2682.9
1305050 2682.9
1305060 2683.8
1305070 2684.6
1305080 2684.6
1305090 2684.3
1305100 2683.1
1305110 2683.1
1305120 2680.1
1305130 2676.9
1305140 2676.9
1305150 2671.8
1305160 2667.4
1305170 2660.7
1305180 2660.7
1305190 2651.9
1305200 2645.3
1305210 2645.3
1305220 2638.1
1305230 2636.4
1305240 2636.4
1305250 2636.5
1305260 2634.0
1305270 2634.0
1305280 2634.9
1305290 2636.2
1305300 2636.2
1305310 2634.8
1305320 2632.7
1305330 2632.7
1305340 2627.8
1305350 2623.4
1305360 2623.4
1305370 2618.4
1305380 2614.1
1305390 2614.5
1305400 2614.5
1305410 2617.2
1305420 2618.1
1305430 2618.1
1305440 2621.0
1305450 2624.8
1305460 2624.8
1305470 2627.9
1305480 2627.4
1305490 2627.4
1305500 2628.5
1305510 2634.9
1305520 2634.9
1305530 2639.6
1305540 2641.3
1305550 2641.3
1305560 2644.7
1305570 2646.5
1305580 2649.9
1305590 2649.9
1305600 2658.3
1305610 2669.2
1305620 2669.2
1305630 2682.7
1305640 2694.6
1305650 2694.6
1305660 2705.9
1305670 2712.0
1305680 2712.0
1305690 2715.0
1305700 2710.5
1305710 2710.5
1305720 2700.8
1305730 2695.1
1305740 2695.1
1305750 2688.9
1305760 2680.9
1305770 2680.9
1305780 2675.1
1305790 2670.3
1305800 2659.0
1305810 2659.0
1305820 2646.1
1305830 2628.4
1305840 2628.4
1305850 2615.6
1305860 2606.6
1305870 2606.6
1305880 2599.5
1305890 2589.3
1305900 2589.3
1305910 2578.9
1305920 2571.8
1305930 2571.8
1305940 2566.8
1305950 2562.4
1305960 2562.4
1305970 2557.7
1305980 2552.2
1305990 2546.9
1306000 2546.9
1306010 2542.3
1306020 2538.1
1306030 2538.1
1306040 2533.2
1306050 2528.7
1306060 2528.7
1306070 2524.8
1306080 2521.4
1306090 2521.4
1306100 2517.0
1306110 2514.7
1306120 2514.7
1306130 2512.1
1306140 2509.6
1306150 2509.6
1306160 2506.0
1306170 2503.1
1306180 2500.5
1306190 2500.5
1306200 2496.6
1306210 2492.9
1306220 2492.9
1306230 2488.0
1306240 2483.8
1306250 2483.8
1306260 2480.8
1306270 2477.4
1306280 2477.4
1306290 2474.1
1306300 2471.3
1306310 2471.3
1306320 2468.4
1306330 2472.5
1306340 2472.5
1306350 2469.3
1306360 2465.2
1306370 2465.2
1306380 2463.2
1306390 2462.7
1306400 2461.9
1306410 2461.9
1306420 2459.3
1306430 2454.8
1306440 2454.8
1306450 2452.8
1306460 2451.1
1306470 2451.1
1306480 2445.9
1306490 2437.9
1306500 2437.9
1306510 2428.6
1306520 2417.7
1306530 2417.7
1306540 2407.4
1306550 2400.9
1306560 2400.9
1306570 2400.7
1306580 2399.9
1306590 2398.6
1306600 2398.6
1306610 2396.5
1306620 2395.7
1306630 2395.7
1306640 2395.6
1306650 2395.9
1306660 2395.9
1306670 2397.4
1306680 2398.4
1306690 2398.4
1306700 2396.7
1306710 2392.6
1306720 2392.6
1306730 2388.2
1306740 2383.8
1306750 2383.8
1306760 2378.7
1306770 2371.1
1306780 2371.1
1306790 2363.5
1306800 2356.9
1306810 2349.0
1306820 2349.0
1306830 2340.7
1306840 2330.2
1306850 2330.2
1306860 2318.1
1306870 2309.6
1306880 2309.6
1306890 2302.5
1306900 2296.5
1306910 2296.5
1306920 2296.2
1306930 2299.3
1306940 2299.3
1306950 2304.4
1306960 2309.3
1306970 2309.3
1306980 2313.7
1306990 2315.2
1307000 2315.5
1307010 2315.5
1307020 2316.9
1307030 2318.1
1307040 2318.1
1307050 2323.7
1307060 2322.3
1307070 2322.3
1307080 2321.9
1307090 2316.0
1307100 2316.0
1307110 2305.7
1307120 2299.1
1307130 2299.1
1307140 2292.6
1307150 2285.8
1307160 2285.8
1307170 2281.9
1307180 2279.3
1307190 2279.3
1307200 2277.1
1307210 2277.4
1307220 2276.5
1307230 2276.5
1307240 2273.1
1307250 2268.6
1307260 2268.6
1307270 2265.7
1307280 2262.0
1307290 2262.0
1307300 2255.1
1307310 2245.8
1307320 2245.8
1307330 2239.8
1307340 2237.2
1307350 2237.2
1307360 2235.3
1307370 2232.6
1307380 2232.6
1307390 2227.9
1307400 2224.1
1307410 2221.5
1307420 2221.5
1307430 2218.4
1307440 2214.0
1307450 2214.0
1307460 2208.6
1307470 2204.9
1307480 2204.9
1307490 2199.2
1307500 2190.6
1307510 2190.6
1307520 2187.5
1307530 2186.1
1307540 2186.1
1307550 2185.8
1307560 2185.3
1307570 2185.3
1307580 2184.8
1307590 2183.1
1307600 2183.1
1307610 2180.9
1307620 2180.1
1307630 2179.7
1307640 2179.7
1307650 2178.1
1307660 2179.4
1307670 2179.4
1307680 2183.8
1307690 2194.1
1307700 2194.1
1307710 2204.2
1307720 2211.2
1307730 2211.2
1307740 2215.3
1307750 2221.1
1307760 2222.7
1307770 2228.4
1307780 2233.5
1307790 2233.5
1307800 2237.0
1307810 2241.0
1307820 2243.4
1307830 2243.4
1307840 2247.6
1307850 2252.8
1307860 2252.8
1307870 2258.5
1307880 2264.2
1307890 2264.2
1307900 2268.4
1307910 2270.9
1307920 2270.9
1307930 2272.7
1307940 2277.0
1307950 2277.0
1307960 2280.8
1307970 2282.9
1307980 2282.9
1307990 2284.3
1308000 2287.3
1308010 2291.1
1308020 2291.1
1308030 2295.1
1308040 2300.3
1308050 2300.3
1308060 2304.9
1308070 2307.1
1308080 2307.1
1308090 2308.5
1308100 2311.1
1308110 2311.1
1308120 2312.7
1308130 2318.3
1308140 2318.3
1308150 2325.6
1308160 2331.0
1308170 2331.0
1308180 2335.8
1308190 2342.3
1308200 2342.3
1308210 2348.9
1308220 2355.6
1308230 2364.0
1308240 2364.0
1308250 2372.6
1308260 2382.4
1308270 2382.4
1308280 2393.3
1308290 2402.6
1308300 2402.6
1308310 2409.5
1308320 2411.9
1308330 2411.9
1308340 2415.2
1308350 2421.0
1308360 2421.0
1308370 2428.0
1308380 2433.9
1308390 2433.9
1308400 2438.6
1308410 2443.9
1308420 2448.1
1308430 2448.1
1308440 2451.5
1308450 2454.9
1308460 2454.9
1308470 2459.8
1308480 2465.0
1308490 2465.0
1308500 2470.3
1308510 2475.9
1308520 2475.9
1308530 2481.2
1308540 2485.4
1308550 2485.4
1308560 2488.8
1308570 2492.4
1308580 2492.4
1308590 2496.0
1308600 2499.7
1308610 2499.7
1308620 2503.6
1308630 2508.3
1308640 2511.5
1308650 2511.5
1308660 2514.9
1308670 2518.4
1308680 2518.4
1308690 2521.3
1308700 2525.5
1308710 2525.5
1308720 2530.6
1308730 2535.3
1308740 2535.3
1308750 2540.9
1308760 2546.7
1308770 2546.7
1308780 2552.8
1308790 2559.0
1308800 2559.0
1308810 2564.9
1308820 2570.3
1308830 2575.9
1308840 2575.9
1308850 2581.6
1308860 2587.5
1308870 2587.5
1308880 2593.6
1308890 2599.3
1308900 2599.3
1308910 2604.1
1308920 2607.8
1308930 2607.8
1308940 2611.8
1308950 2616.7
1308960 2616.7
1308970 2620.9
1308980 2624.2
1308990 2624.2
1309000 2629.0
1309010 2634.7
1309020 2634.7
1309030 2640.6
1309040 2645.4
1309050 2648.2
1309060 2648.2
1309070 2650.7
1309080 2655.0
1309090 2655.0
1309100 2659.7
1309110 2662.8
1309120 2662.8
1309130 2666.7
1309140 2672.1
1309150 2672.1
1309160 2678.5
1309170 2681.8
1309180 2681.8
1309190 2682.3
1309200 2682.6
1309210 2682.6
1309220 2681.6
1309230 2681.5
1309240 2684.4
1309250 2684.4
1309260 2688.1
1309270 2691.5
1309280 2691.5
1309290 2694.9
1309300 2698.2
1309310 2698.2
1309320 2701.4
1309330 2704.2
1309340 2704.2
1309350 2706.9
1309360 2709.7
1309370 2709.7
1309380 2712.5
1309390 2715.4
1309400 2715.4
1309410 2718.4
1309420 2721.4
1309430 2721.4
1309440 2725.6
1309450 2730.3
1309460 2734.8
1309470 2734.8
1309480 2739.5
1309490 2744.2
1309500 2744.2
1309510 2748.8
1309520 2753.2
1309530 2753.2
1309540 2757.5
1309550 2761.2
1309560 2761.2
1309570 2764.9
1309580 2769.0
1309590 2769.0
1309600 2773.7
1309610 2778.7
1309620 2778.7
1309630 2783.6
1309640 2788.2
1309650 2792.8
1309660 2792.8
1309670 2797.2
1309680 2801.5
1309690 2801.5
1309700 2805.9
1309710 2810.2
1309720 2810.2
1309730 2814.5
1309740 2819.0
1309750 2819.0
1309760 2823.6
1309770 2828.0
1309780 2828.0
1309790 2832.6
1309800 2837.2
1309810 2837.2
1309820 2842.0
1309830 2847.0
1309840 2847.0
1309850 2852.1
1309860 2857.2
1309870 2862.5
1309880 2862.5
1309890 2867.9
1309900 2873.5
1309910 2873.5
1309920 2879.3
1309930 2885.0
1309940 2885.0
1309950 2890.8
1309960 2896.7
1309970 2896.7
1309980 2902.5
1309990 2908.3
1310000 2908.3
1310010 2914.0
1310020 2919.9
1310030 2919.9
1310040 2925.9
1310050 2931.8
1310060 2937.6
1310070 2937.6
1310080 2943.6
1310090 2949.6
1310100 2949.6
1310110 2955.7
1310120 2961.6
1310130 2961.6
1310140 2967.3
1310150 2973.3
1310160 2973.3
1310170 2979.2
1310180 2984.9
1310190 2984.9
1310200 2990.9
1310210 2997.5
1310220 2997.5
1310230 3004.7
1310240 3012.1
1310250 3019.1
1310260 3019.1
1310270 3025.7
1310280 3031.9
1310290 3031.9
1310300 3037.7
1310310 3043.0
1310320 3043.0
1310330 3048.3
1310340 3053.5
1310350 3053.5
1310360 3058.4
1310370 3063.3
1310380 3063.3
1310390 3068.4
1310400 3073.2
1310410 3073.2
1310420 3077.8
1310430 3082.6
1310440 3082.6
1310450 3087.6
1310460 3092.8
1310470 3097.9
1310480 3097.9
1310490 3102.9
1310500 3107.6
1310510 3107.6
1310520 3112.0
1310530 3116.4
1310540 3116.4
1310550 3121.1
1310560 3125.3
1310570 3125.3
1310580 3129.0
1310590 3133.0
1310600 3133.0
1310610 3137.3
1310620 3141.6
1310630 3141.6
1310640 3145.7
1310650 3150.9
1310660 3154.9
1310670 3154.9
1310680 3158.9
1310690 3163.1
1310700 3163.1
1310710 3168.2
1310720 3175.0
1310730 3175.0
1310740 3183.3
1310750 3190.2
1310760 3190.2
1310770 3197.3
1310780 3204.6
1310790 3204.6
1310800 3212.1
1310810 3219.5
1310820 3219.5
1310830 3227.0
1310840 3234.6
1310850 3234.6
1310860 3242.3
1310870 3250.9
1310880 3260.5
1310890 3260.5
1310900 3269.6
1310910 3278.4
1310920 3278.4
1310930 3288.0
1310940 3297.5
1310950 3297.5
1310960 3306.6
1310970 3314.9
1310980 3314.9
1310990 3318.6
1311000 3314.1
1311010 3314.1
1311020 3305.2
1311030 3292.2
1311040 3292.2
1311050 3278.0
1311060 3272.8
1311070 3271.4
1311080 3271.4
1311090 3270.8
1311100 3270.6
1311110 3270.6
1311120 3270.6
1311130 3270.5
1311140 3270.5
1311150 3270.2
1311160 3269.4
1311170 3269.4
1311180 3268.2
1311190 3266.6
1311200 3266.6
1311210 3264.5
1311220 3262.2
1311230 3262.2
1311240 3259.9
1311250 3257.5
1311260 3257.5
1311270 3255.2
1311280 3252.9
1311290 3250.9
1311300 3250.9
1311310 3249.0
1311320 3247.4
1311330 3247.4
1311340 3245.9
1311350 3244.8
1311360 3244.8
1311370 3244.0
1311380 3239.1
1311390 3239.1
