1303740 2804.7
1303750 2810.1
1303760 2810.1
1303770 2815.7
1303780 2821.8
1303790 2821.8
1303800 2828.9
1303810 2835.9
1303820 2835.9
1303830 2841.1
1303840 2841.2
1303850 2837.0
1303860 2837.0
1303870 2834.4
1303880 2828.1
1303890 2828.1
1303900 2820.7
1303910 2817.2
1303920 2817.2
1303930 2819.0
1303940 2818.2
1303950 2818.2
1303960 2818.4
1303970 2821.5
1303980 2821.5
1303990 2825.4
1304000 2829.5
1304010 2829.5
1304020 2833.8
1304030 2838.6
1304040 2844.2
1304050 2844.2
1304060 2856.8
1304070 2877.3
1304080 2877.3
1304090 2891.4
1304100 2897.1
1304110 2897.1
1304120 2905.2
1304130 2909.3
1304140 2909.3
1304150 2909.4
1304160 2919.9
1304170 2919.9
1304180 2926.9
1304190 2931.0
1304200 2931.0
1304210 2934.3
1304220 2938.9
1304230 2938.9
1304240 2943.2
1304250 2948.2
1304260 2952.6
1304270 2952.6
1304280 2956.7
1304290 2960.0
1304300 2960.0
1304310 2971.7
1304320 2993.2
1304330 2993.2
1304340 3008.2
1304350 3015.2
1304360 3015.2
1304370 3022.2
1304380 3029.0
1304390 3029.0
1304400 3044.9
1304410 3060.2
1304420 3060.2
1304430 3076.4
1304440 3089.6
1304450 3101.0
1304460 3101.0
1304470 3109.6
1304480 3102.3
1304490 3102.3
1304500 3099.3
1304510 3106.8
1304520 3106.8
1304530 3101.7
1304540 3088.3
1304550 3088.3
1304560 3091.7
1304570 3085.0
1304580 3085.0
1304590 3072.2
1304600 3055.9
1304610 3055.9
1304620 3042.0
1304630 3026.5
1304640 3010.3
1304650 3010.3
1304660 2997.7
1304670 2993.4
1304680 2993.4
1304690 2991.5
1304700 2989.3
1304710 2989.3
1304720 2989.9
1304730 2976.8
1304740 2976.8
1304750 2961.6
1304760 2948.3
1304770 2948.3
1304780 2941.7
1304790 2942.0
1304800 2942.0
1304810 2944.0
1304820 2933.6
1304830 2933.6
1304840 2918.1
1304850 2899.9
1304860 2883.9
1304870 2883.9
1304880 2869.2
1304890 2854.9
1304900 2854.9
1304910 2848.3
1304920 2843.4
1304930 2843.4
1304940 2839.3
1304950 2837.3
1304960 2837.3
1304970 2835.0
1304980 2832.2
1304990 2832.2
1305000 2829.2
1305010 2826.7
1305020 2826.7
1305030 2824.6
1305040 2822.9
1305050 2826.1
1305060 2826.1
1305070 2824.6
1305080 2823.8
1305090 2823.8
1305100 2822.9
1305110 2822.4
1305120 2822.4
1305130 2822.5
1305140 2822.7
1305150 2822.7
1305160 2822.9
1305170 2822.7
1305180 2822.7
1305190 2822.2
1305200 2821.6
1305210 2821.6
1305220 2820.8
1305230 2820.0
1305240 2820.0
1305250 2819.1
1305260 2818.4
1305270 2818.1
1305280 2818.1
1305290 2818.5
1305300 2819.0
1305310 2819.0
1305320 2819.5
1305330 2819.8
1305340 2819.8
1305350 2820.2
1305360 2820.7
1305370 2820.7
1305380 2821.3
1305390 2821.8
1305400 2821.8
1305410 2822.1
1305420 2823.1
1305430 2823.1
1305440 2824.9
1305450 2827.0
1305460 2830.7
1305470 2830.7
1305480 2839.4
1305490 2852.3
1305500 2852.3
1305510 2862.8
1305520 2859.7
1305530 2859.7
1305540 2844.8
1305550 2836.5
1305560 2836.5
1305570 2831.1
1305580 2827.0
1305590 2827.0
1305600 2820.3
1305610 2814.4
1305620 2814.4
1305630 2809.2
1305640 2807.3
1305650 2807.3
1305660 2805.1
1305670 2806.4
1305680 2807.6
1305690 2807.6
1305700 2799.9
1305710 2780.8
1305720 2780.8
1305730 2768.3
1305740 2759.0
1305750 2759.0
1305760 2761.6
1305770 2757.6
1305780 2757.6
1305790 2752.2
1305800 2749.9
1305810 2749.9
1305820 2749.3
1305830 2746.0
1305840 2746.0
1305850 2742.0
1305860 2736.6
1305870 2730.0
1305880 2730.0
1305890 2722.8
1305900 2715.7
1305910 2715.7
1305920 2710.3
1305930 2706.5
1305940 2706.5
1305950 2702.8
1305960 2699.4
1305970 2699.4
1305980 2696.7
1305990 2694.0
1306000 2694.0
1306010 2690.9
1306020 2686.5
1306030 2686.5
1306040 2681.1
1306050 2675.0
1306060 2669.1
1306070 2669.1
1306080 2664.1
1306090 2658.6
1306100 2658.6
1306110 2654.4
1306120 2651.4
1306130 2651.4
1306140 2651.4
1306150 2651.6
1306160 2651.6
1306170 2647.3
1306180 2642.9
1306190 2642.9
1306200 2636.5
1306210 2628.5
1306220 2628.5
1306230 2621.2
1306240 2620.1
1306250 2620.1
1306260 2617.1
1306270 2613.1
1306280 2610.3
1306290 2610.3
1306300 2604.9
1306310 2599.2
1306320 2599.2
1306330 2592.5
1306340 2587.4
1306350 2587.4
1306360 2588.8
1306370 2587.6
1306380 2587.6
1306390 2593.4
1306400 2594.7
1306410 2594.7
1306420 2589.9
1306430 2585.7
1306440 2585.7
1306450 2582.3
1306460 2577.1
1306470 2573.3
1306480 2573.3
1306490 2568.2
1306500 2562.8
1306510 2562.8
1306520 2556.8
1306530 2553.9
1306540 2553.9
1306550 2550.9
1306560 2549.0
1306570 2549.0
1306580 2547.8
1306590 2543.4
1306600 2543.4
1306610 2538.9
1306620 2536.0
1306630 2536.0
1306640 2533.5
1306650 2530.4
1306660 2530.4
1306670 2526.3
1306680 2523.3
1306690 2522.1
1306700 2522.1
1306710 2520.8
1306720 2520.0
1306730 2520.0
1306740 2518.5
1306750 2518.1
1306760 2518.1
1306770 2518.5
1306780 2521.6
1306790 2521.6
1306800 2521.5
1306810 2519.4
1306820 2519.4
1306830 2522.3
1306840 2525.8
1306850 2525.8
1306860 2526.0
1306870 2526.4
1306880 2526.5
1306890 2526.5
1306900 2523.6
1306910 2516.9
1306920 2516.9
1306930 2508.4
1306940 2503.7
1306950 2503.7
1306960 2501.3
1306970 2500.1
1306980 2500.1
1306990 2498.5
1307000 2494.3
1307010 2494.3
1307020 2490.9
1307030 2488.6
1307040 2488.6
1307050 2485.6
1307060 2483.0
1307070 2483.0
1307080 2478.5
1307090 2472.7
1307100 2469.4
1307110 2469.4
1307120 2467.2
1307130 2465.2
1307140 2465.2
1307150 2463.3
1307160 2461.7
1307170 2461.7
1307180 2460.8
1307190 2458.3
1307200 2458.3
1307210 2455.5
1307220 2452.6
1307230 2452.6
1307240 2451.2
1307250 2450.8
1307260 2450.8
1307270 2452.3
1307280 2453.8
1307290 2453.1
1307300 2453.1
1307310 2452.2
1307320 2450.7
1307330 2450.7
1307340 2450.1
1307350 2450.4
1307360 2450.4
1307370 2450.4
1307380 2449.0
1307390 2449.0
1307400 2445.1
1307410 2440.7
1307420 2440.7
1307430 2435.9
1307440 2434.1
1307450 2434.1
1307460 2433.7
1307470 2431.3
1307480 2431.8
1307490 2431.8
1307500 2433.1
1307510 2433.0
1307520 2433.0
1307530 2431.8
1307540 2429.9
1307550 2429.9
1307560 2427.7
1307570 2425.6
1307580 2425.6
1307590 2423.0
1307600 2420.9
1307610 2420.9
1307620 2419.7
1307630 2419.5
1307640 2419.5
1307650 2420.0
1307660 2419.5
1307670 2419.5
1307680 2419.1
1307690 2418.8
1307700 2418.0
1307710 2418.0
1307720 2416.7
1307730 2416.3
1307740 2416.3
1307750 2416.0
1307760 2415.9
1307770 2415.9
1307780 2414.9
1307790 2414.5
1307800 2414.5
1307810 2414.5
1307820 2415.2
1307830 2415.2
1307840 2416.1
1307850 2417.9
1307860 2417.9
1307870 2418.4
1307880 2420.2
1307890 2425.5
1307900 2425.5
1307910 2428.0
1307920 2428.1
1307930 2428.1
1307940 2428.7
1307950 2429.4
1307960 2429.4
1307970 2429.6
1307980 2430.6
1307990 2430.6
1308000 2431.4
1308010 2430.9
1308020 2430.9
1308030 2431.0
1308040 2433.5
1308050 2433.5
1308060 2435.9
1308070 2437.9
1308080 2437.9
1308090 2441.4
1308100 2444.0
1308110 2444.5
1308120 2444.5
1308130 2444.9
1308140 2445.4
1308150 2445.4
1308160 2446.5
1308170 2448.3
1308180 2448.3
1308190 2452.7
1308200 2459.6
1308210 2459.6
1308220 2463.8
1308230 2465.4
1308240 2465.4
1308250 2467.1
1308260 2470.3
1308270 2470.3
1308280 2471.6
1308290 2478.5
1308300 2484.2
1308310 2484.2
1308320 2488.4
1308330 2488.8
1308340 2488.8
1308350 2489.4
1308360 2494.9
1308370 2494.9
1308380 2501.0
1308390 2507.6
1308400 2507.6
1308410 2513.2
1308420 2518.9
1308430 2518.9
1308440 2523.5
1308450 2526.6
1308460 2526.6
1308470 2531.3
1308480 2536.0
1308490 2536.0
1308500 2537.7
1308510 2540.0
1308520 2541.2
1308530 2541.2
1308540 2544.8
1308550 2548.6
1308560 2548.6
1308570 2550.0
1308580 2551.3
1308590 2551.3
1308600 2553.4
1308610 2558.6
1308620 2558.6
1308630 2560.7
1308640 2564.0
1308650 2564.0
1308660 2566.8
1308670 2569.2
1308680 2569.2
1308690 2571.9
1308700 2574.3
1308710 2575.6
1308720 2575.6
1308730 2578.3
1308740 2580.4
1308750 2580.4
1308760 2581.8
1308770 2583.3
1308780 2583.3
1308790 2585.7
1308800 2587.9
1308810 2587.9
1308820 2589.7
1308830 2592.4
1308840 2592.4
1308850 2592.9
1308860 2593.6
1308870 2593.6
1308880 2595.2
1308890 2597.2
1308900 2599.0
1308910 2599.0
1308920 2600.6
1308930 2605.4
1308940 2605.4
1308950 2610.9
1308960 2613.4
1308970 2613.4
1308980 2615.1
1308990 2621.8
1309000 2621.8
1309010 2628.9
1309020 2634.8
1309030 2634.8
1309040 2640.2
1309050 2645.8
1309060 2645.8
1309070 2651.4
1309080 2657.3
1309090 2657.3
1309100 2662.9
1309110 2668.4
1309120 2672.7
1309130 2672.7
1309140 2676.7
1309150 2681.8
1309160 2681.8
1309170 2686.6
1309180 2691.2
1309190 2691.2
1309200 2695.8
1309210 2700.3
1309220 2700.3
1309230 2704.5
1309240 2708.8
1309250 2708.8
1309260 2713.4
1309270 2718.6
1309280 2718.6
1309290 2723.8
1309300 2728.7
1309310 2732.4
1309320 2732.4
1309330 2738.0
1309340 2742.9
1309350 2742.9
1309360 2748.0
1309370 2753.1
1309380 2753.1
1309390 2757.9
1309400 2762.5
1309410 2762.5
1309420 2767.5
1309430 2772.6
1309440 2772.6
1309450 2777.3
1309460 2780.7
1309470 2780.7
1309480 2783.7
1309490 2786.9
1309500 2786.9
1309510 2791.4
1309520 2794.9
1309530 2798.6
1309540 2798.6
1309550 2803.9
1309560 2810.1
1309570 2810.1
1309580 2814.5
1309590 2818.9
1309600 2818.9
1309610 2824.5
1309620 2829.6
1309630 2829.6
1309640 2834.6
1309650 2839.9
1309660 2839.9
1309670 2845.2
1309680 2850.2
1309690 2850.2
1309700 2855.1
1309710 2860.0
1309720 2865.0
1309730 2865.0
1309740 2869.8
1309750 2874.6
1309760 2874.6
1309770 2879.5
1309780 2884.4
1309790 2884.4
1309800 2889.3
1309810 2894.3
1309820 2894.3
1309830 2899.4
1309840 2904.6
1309850 2904.6
1309860 2909.8
1309870 2914.9
1309880 2914.9
1309890 2920.2
1309900 2925.7
1309910 2925.7
1309920 2931.2
1309930 2937.0
1309940 2943.1
1309950 2943.1
1309960 2949.3
1309970 2955.0
1309980 2955.0
1309990 2960.3
1310000 2965.3
1310010 2965.3
1310020 2970.2
1310030 2975.0
1310040 2975.0
1310050 2979.6
1310060 2987.5
1310070 2987.5
1310080 2991.7
1310090 2995.9
1310100 2995.9
1310110 3000.1
1310120 3004.0
1310130 3007.7
1310140 3007.7
1310150 3011.3
1310160 3014.4
1310170 3014.4
1310180 3018.3
1310190 3022.9
1310200 3022.9
1310210 3031.3
1310220 3045.9
1310230 3045.9
1310240 3059.1
1310250 3069.5
1310260 3069.5
1310270 3079.4
1310280 3089.6
1310290 3089.6
1310300 3100.4
1310310 3111.7
1310320 3125.0
1310330 3125.0
1310340 3139.7
1310350 3153.2
1310360 3153.2
1310370 3165.5
1310380 3176.2
1310390 3176.2
1310400 3186.0
1310410 3195.3
1310420 3195.3
1310430 3197.1
1310440 3189.8
1310450 3189.8
1310460 3182.3
1310470 3175.1
1310480 3175.1
1310490 3164.9
1310500 3154.9
1310510 3154.9
1310520 3148.6
1310530 3145.5
1310540 3143.5
1310550 3143.5
1310560 3141.4
1310570 3138.6
1310580 3138.6
1310590 3134.8
1310600 3130.5
1310610 3130.5
1310620 3126.2
1310630 3124.2
1310640 3124.2
1310650 3126.2
1310660 3127.2
1310670 3127.2
1310680 3125.6
1310690 3123.5
1310700 3123.5
1310710 3121.5
1310720 3119.7
1310730 3117.8
1310740 3117.8
1310750 3115.9
1310760 3114.0
1310770 3114.0
1310780 3105.8
1310790 3103.7
1310800 3103.7
1310810 3101.5
1310820 3099.3
1310830 3099.3
1310840 3097.0
1310850 3094.7
1310860 3094.7
1310870 3092.6
1310880 3090.5
1310890 3090.5
1310900 3088.4
1310910 3086.5
1310920 3086.5
1310930 3084.6
1310940 3082.8
1310950 3081.1
1310960 3081.1
1310970 3079.5
1310980 3078.0
1310990 3078.0
1311000 3076.7
1311010 3075.4
1311020 3075.4
1311030 3074.0
1311040 3072.8
1311050 3072.8
1311060 3071.9
1311070 3071.0
1311080 3071.0
1311090 3070.1
1311100 3069.4
1311110 3069.4
1311120 3068.9
1311130 3068.4
1311140 3068.0
1311150 3068.0
1311160 3067.6
1311170 3067.2
1311180 3067.2
1311190 3066.9
1311200 3066.6
1311210 3066.6
1311220 3066.4
