1303510 2545.6
1303520 2550.0
1303530 2550.0
1303540 2555.8
1303550 2561.8
1303560 2561.8
1303570 2567.9
1303580 2574.2
1303590 2580.6
1303600 2580.6
1303610 2587.1
1303620 2592.4
1303630 2592.4
1303640 2596.3
1303650 2600.6
1303660 2600.6
1303670 2602.9
1303680 2605.5
1303690 2605.5
1303700 2606.2
1303710 2608.5
1303720 2608.5
1303730 2609.4
1303740 2610.1
1303750 2610.1
1303760 2610.5
1303770 2611.4
1303780 2613.1
1303790 2613.1
1303800 2614.9
1303810 2616.6
1303820 2616.6
1303830 2618.3
1303840 2619.7
1303850 2619.7
1303860 2621.5
1303870 2623.4
1303880 2623.4
1303890 2627.1
1303900 2630.9
1303910 2630.9
1303920 2634.4
1303930 2639.3
1303940 2639.3
1303950 2646.4
1303960 2653.8
1303970 2653.8
1303980 2661.2
1303990 2670.0
1304000 2682.2
1304010 2682.2
1304020 2691.0
1304030 2698.4
1304040 2698.4
1304050 2706.5
1304060 2715.2
1304070 2715.2
1304080 2723.7
1304090 2730.7
1304100 2730.7
1304110 2735.1
1304120 2738.7
1304130 2738.7
1304140 2743.1
1304150 2749.1
1304160 2749.1
1304170 2754.3
1304180 2759.9
1304190 2764.9
1304200 2764.9
1304210 2769.5
1304220 2775.6
1304230 2775.6
1304240 2783.0
1304250 2790.3
1304260 2790.3
1304270 2798.7
1304280 2808.1
1304290 2808.1
1304300 2816.3
1304310 2824.8
1304320 2824.8
1304330 2830.8
1304340 2829.1
1304350 2829.1
1304360 2822.3
1304370 2815.7
1304380 2815.7
1304390 2808.7
1304400 2801.1
1304410 2802.4
1304420 2802.4
1304430 2798.5
1304440 2792.4
1304450 2792.4
1304460 2781.0
1304470 2767.5
1304480 2767.5
1304490 2749.4
1304500 2732.6
1304510 2732.6
1304520 2726.0
1304530 2722.7
1304540 2722.7
1304550 2719.6
1304560 2717.5
1304570 2717.5
1304580 2716.0
1304590 2714.6
1304600 2711.9
1304610 2711.9
1304620 2710.6
1304630 2709.5
1304640 2709.5
1304650 2706.5
1304660 2701.7
1304670 2701.7
1304680 2696.9
1304690 2694.7
1304700 2694.7
1304710 2693.7
1304720 2693.5
1304730 2693.5
1304740 2694.2
1304750 2694.9
1304760 2694.9
1304770 2696.0
1304780 2696.7
1304790 2697.4
1304800 2697.4
1304810 2697.5
1304820 2696.9
1304830 2696.9
1304840 2695.7
1304850 2694.2
1304860 2694.2
1304870 2692.2
1304880 2690.4
1304890 2690.4
1304900 2689.4
1304910 2688.3
1304920 2688.3
1304930 2686.9
1304940 2686.9
1304950 2686.9
1304960 2687.2
1304970 2687.1
1304980 2687.1
1304990 2686.7
1305000 2686.7
1305010 2687.2
1305020 2687.2
1305030 2687.8
1305040 2688.6
1305050 2688.6
1305060 2689.5
1305070 2690.3
1305080 2690.3
1305090 2690.9
1305100 2690.8
1305110 2694.2
1305120 2693.7
1305130 2692.2
1305140 2692.2
1305150 2689.4
1305160 2685.0
1305170 2685.0
1305180 2681.9
1305190 2678.4
1305200 2668.2
1305210 2668.2
1305220 2664.5
1305230 2662.1
1305240 2662.1
1305250 2655.5
1305260 2649.0
1305270 2649.0
1305280 2648.1
1305290 2648.0
1305300 2648.0
1305310 2645.7
1305320 2642.6
1305330 2642.6
1305340 2640.1
1305350 2636.8
1305360 2636.8
1305370 2633.8
1305380 2633.9
1305390 2633.9
1305400 2637.8
1305410 2641.5
1305420 2641.3
1305430 2641.3
1305440 2647.0
1305450 2654.1
1305460 2654.1
1305470 2659.1
1305480 2661.0
1305490 2661.0
1305500 2664.4
1305510 2666.4
1305520 2666.4
1305530 2672.8
1305540 2683.9
1305550 2683.9
1305560 2692.8
1305570 2699.8
1305580 2699.8
1305590 2703.7
1305600 2706.6
1305610 2704.6
1305620 2704.6
1305630 2704.0
1305640 2706.7
1305650 2706.7
1305660 2709.8
1305670 2719.3
1305680 2719.3
1305690 2726.7
1305700 2717.9
1305710 2717.9
1305720 2705.3
1305730 2691.9
1305740 2691.9
1305750 2678.1
1305760 2663.0
1305770 2663.0
1305780 2655.2
1305790 2647.2
1305800 2647.2
1305810 2639.5
1305820 2625.4
1305830 2617.1
1305840 2617.1
1305850 2610.2
1305860 2602.9
1305870 2602.9
1305880 2594.3
1305890 2587.1
1305900 2587.1
1305910 2582.1
1305920 2576.2
1305930 2576.2
1305940 2570.5
1305950 2565.5
1305960 2565.5
1305970 2560.5
1305980 2556.2
1305990 2556.2
1306000 2551.9
1306010 2548.0
1306020 2544.7
1306030 2544.7
1306040 2542.6
1306050 2540.1
1306060 2540.1
1306070 2536.7
1306080 2532.8
1306090 2532.8
1306100 2529.3
1306110 2528.4
1306120 2528.4
1306130 2526.0
1306140 2521.0
1306150 2521.0
1306160 2517.3
1306170 2514.2
1306180 2514.2
1306190 2511.4
1306200 2507.6
1306210 2507.6
1306220 2503.7
1306230 2500.0
1306240 2497.2
1306250 2497.2
1306260 2494.1
1306270 2491.2
1306280 2491.2
1306290 2488.7
1306300 2486.7
1306310 2486.7
1306320 2484.3
1306330 2481.8
1306340 2481.8
1306350 2479.4
1306360 2476.9
1306370 2476.9
1306380 2476.4
1306390 2474.8
1306400 2474.8
1306410 2469.2
1306420 2465.6
1306430 2463.5
1306440 2463.5
1306450 2462.4
1306460 2459.2
1306470 2459.2
1306480 2455.0
1306490 2446.0
1306500 2446.0
1306510 2434.2
1306520 2422.6
1306530 2426.0
1306540 2420.1
1306550 2419.2
1306560 2419.2
1306570 2420.0
1306580 2420.0
1306590 2420.0
1306600 2419.4
1306610 2416.9
1306620 2415.0
1306630 2415.0
1306640 2414.7
1306650 2413.9
1306660 2413.9
1306670 2411.9
1306680 2409.6
1306690 2409.6
1306700 2407.1
1306710 2404.1
1306720 2404.1
1306730 2400.3
1306740 2397.1
1306750 2397.1
1306760 2392.5
1306770 2387.5
1306780 2387.5
1306790 2382.7
1306800 2375.6
1306810 2375.6
1306820 2367.1
1306830 2357.3
1306840 2348.7
1306850 2348.7
1306860 2341.9
1306870 2335.6
1306880 2335.6
1306890 2330.9
1306900 2329.4
1306910 2329.4
1306920 2329.9
1306930 2331.7
1306940 2331.7
1306950 2333.6
1306960 2334.5
1306970 2334.5
1306980 2334.3
1306990 2333.1
1307000 2333.1
1307010 2332.8
1307020 2333.1
1307030 2333.5
1307040 2333.5
1307050 2332.2
1307060 2330.9
1307070 2330.9
1307080 2328.1
1307090 2319.2
1307100 2319.2
1307110 2312.1
1307120 2307.3
1307130 2307.3
1307140 2301.7
1307150 2297.2
1307160 2297.2
1307170 2294.6
1307180 2290.9
1307190 2290.9
1307200 2288.9
1307210 2287.7
1307220 2287.7
1307230 2285.5
1307240 2286.4
1307250 2283.5
1307260 2283.5
1307270 2281.1
1307280 2277.3
1307290 2277.3
1307300 2273.8
1307310 2270.1
1307320 2270.1
1307330 2267.0
1307340 2264.1
1307350 2264.1
1307360 2260.9
1307370 2256.7
1307380 2256.7
1307390 2250.6
1307400 2244.4
1307410 2244.4
1307420 2241.9
1307430 2238.9
1307440 2234.0
1307450 2234.0
1307460 2228.5
1307470 2224.4
1307480 2224.4
1307490 2220.3
1307500 2215.5
1307510 2215.5
1307520 2211.5
1307530 2208.5
1307540 2208.5
1307550 2205.8
1307560 2203.4
1307570 2203.4
1307580 2201.7
1307590 2199.8
1307600 2199.8
1307610 2197.5
1307620 2195.3
1307630 2195.3
1307640 2196.4
1307650 2195.2
1307660 2191.4
1307670 2191.4
1307680 2192.3
1307690 2194.8
1307700 2194.8
1307710 2199.4
1307720 2205.4
1307730 2205.4
1307740 2211.8
1307750 2217.7
1307760 2217.7
1307770 2223.8
1307780 2229.5
1307790 2229.5
1307800 2234.5
1307810 2238.9
1307820 2238.9
1307830 2243.1
1307840 2247.2
1307850 2250.8
1307860 2250.8
1307870 2255.6
1307880 2260.7
1307890 2260.7
1307900 2264.7
1307910 2268.4
1307920 2268.4
1307930 2272.8
1307940 2275.5
1307950 2275.5
1307960 2276.8
1307970 2280.1
1307980 2280.1
1307990 2283.0
1308000 2286.5
1308010 2286.5
1308020 2290.2
1308030 2294.4
1308040 2294.4
1308050 2298.4
1308060 2302.3
1308070 2305.6
1308080 2305.6
1308090 2309.2
1308100 2314.4
1308110 2314.4
1308120 2320.3
1308130 2326.1
1308140 2326.1
1308150 2332.2
1308160 2336.5
1308170 2336.5
1308180 2341.6
1308190 2347.9
1308200 2347.9
1308210 2355.5
1308220 2363.2
1308230 2363.2
1308240 2370.5
1308250 2378.1
1308260 2384.4
1308270 2384.4
1308280 2389.8
1308290 2395.7
1308300 2395.7
1308310 2402.6
1308320 2409.5
1308330 2409.5
1308340 2415.7
1308350 2421.4
1308360 2421.4
1308370 2426.4
1308380 2431.8
1308390 2431.8
1308400 2437.9
1308410 2443.0
1308420 2443.0
1308430 2448.0
1308440 2452.9
1308450 2452.9
1308460 2457.3
1308470 2461.4
1308480 2466.3
1308490 2466.3
1308500 2471.0
1308510 2476.4
1308520 2476.4
1308530 2482.3
1308540 2486.9
1308550 2486.9
1308560 2490.7
1308570 2494.3
1308580 2494.3
1308590 2498.7
1308600 2502.7
1308610 2502.7
1308620 2506.2
1308630 2510.1
1308640 2510.1
1308650 2513.6
1308660 2517.5
1308670 2520.2
1308680 2520.7
1308690 2524.7
1308700 2528.7
1308710 2528.7
1308720 2532.7
1308730 2537.0
1308740 2537.0
1308750 2541.9
1308760 2548.0
1308770 2548.0
1308780 2554.8
1308790 2560.7
1308800 2560.7
1308810 2566.4
1308820 2573.1
1308830 2573.1
1308840 2579.6
1308850 2586.0
1308860 2592.1
1308870 2592.1
1308880 2597.9
1308890 2603.1
1308900 2603.1
1308910 2606.6
1308920 2610.1
1308930 2610.1
1308940 2614.0
1308950 2617.5
1308960 2617.5
1308970 2621.2
1308980 2626.3
1308990 2626.3
1309000 2632.3
1309010 2637.6
1309020 2637.6
1309030 2641.2
1309040 2644.7
1309050 2644.7
1309060 2649.6
1309070 2655.0
1309080 2659.9
1309090 2659.9
1309100 2663.7
1309110 2666.7
1309120 2666.7
1309130 2669.6
1309140 2672.3
1309150 2672.3
1309160 2674.0
1309170 2675.9
1309180 2675.9
1309190 2677.7
1309200 2679.2
1309210 2679.2
1309220 2680.0
1309230 2681.3
1309240 2681.3
1309250 2684.8
1309260 2688.7
1309270 2692.4
1309280 2692.4
1309290 2695.9
1309300 2699.4
1309310 2699.4
1309320 2702.8
1309330 2706.0
1309340 2706.0
1309350 2709.0
1309360 2711.9
1309370 2711.9
1309380 2714.7
1309390 2717.5
1309400 2718.7
1309410 2721.7
1309420 2724.6
1309430 2724.6
1309440 2727.8
1309450 2731.1
1309460 2731.1
1309470 2734.6
1309480 2738.8
1309490 2743.4
1309500 2743.4
1309510 2748.1
1309520 2753.0
1309530 2753.0
1309540 2757.6
1309550 2761.8
1309560 2761.8
1309570 2765.6
1309580 2770.4
1309590 2770.4
1309600 2775.8
1309610 2781.1
1309620 2781.1
1309630 2786.1
1309640 2790.9
1309650 2790.9
1309660 2795.7
1309670 2800.3
1309680 2804.8
1309690 2804.8
1309700 2809.3
1309710 2813.7
1309720 2813.7
1309730 2818.0
1309740 2822.4
1309750 2822.4
1309760 2826.9
1309770 2831.3
1309780 2831.3
1309790 2835.7
1309800 2840.2
1309810 2840.2
1309820 2844.8
1309830 2849.5
1309840 2849.5
1309850 2854.3
1309860 2859.3
1309870 2859.3
1309880 2864.4
1309890 2869.6
1309900 2875.0
1309910 2875.0
1309920 2880.3
1309930 2885.7
1309940 2885.7
1309950 2891.3
1309960 2897.0
1309970 2897.0
1309980 2902.8
1309990 2908.5
1310000 2908.5
1310010 2914.5
1310020 2920.6
1310030 2920.6
1310040 2926.9
1310050 2932.9
1310060 2932.9
1310070 2938.8
1310080 2944.9
1310090 2950.8
1310100 2950.8
1310110 2956.7
1310120 2963.4
1310130 2963.4
1310140 2968.8
1310150 2974.6
1310160 2974.6
1310170 2980.6
1310180 2986.8
1310190 2986.8
1310200 2993.3
1310210 3000.1
1310220 3000.1
1310230 3007.3
1310240 3014.6
1310250 3014.6
1310260 3021.5
1310270 3028.1
1310280 3028.1
1310290 3033.9
1310300 3039.6
1310310 3045.2
1310320 3045.2
1310330 3050.6
1310340 3055.8
1310350 3055.8
1310360 3061.0
1310370 3066.2
1310380 3066.2
1310390 3071.3
1310400 3076.0
1310410 3076.0
1310420 3080.6
1310430 3085.3
1310440 3085.3
1310450 3090.1
1310460 3095.0
1310470 3095.0
1310480 3099.8
1310490 3104.0
1310500 3109.4
1310510 3109.4
1310520 3114.3
1310530 3118.7
1310540 3118.7
1310550 3122.7
1310560 3126.6
1310570 3126.6
1310580 3130.8
1310590 3135.2
1310600 3135.2
1310610 3139.4
1310620 3143.5
1310630 3143.5
1310640 3148.2
1310650 3153.8
1310660 3153.8
1310670 3160.5
1310680 3167.4
1310690 3175.0
1310700 3175.0
1310710 3188.4
1310720 3199.7
1310730 3199.7
1310740 3206.2
1310750 3210.9
1310760 3210.9
1310770 3217.0
1310780 3224.0
1310790 3224.0
1310800 3232.3
1310810 3240.7
1310820 3240.7
1310830 3249.1
1310840 3257.0
1310850 3268.0
1310860 3275.8
1310870 3283.1
1310880 3283.1
1310890 3289.9
1310900 3297.8
1310910 3305.4
1310920 3305.4
1310930 3311.9
1310940 3314.5
1310950 3314.5
1310960 3309.2
1310970 3301.5
1310980 3301.5
1310990 3296.1
1311000 3288.9
1311010 3288.9
1311020 3275.8
1311030 3266.6
1311040 3266.6
1311050 3262.7
1311060 3261.1
1311070 3261.1
1311080 3260.5
1311090 3260.5
1311100 3260.5
1311110 3260.5
1311120 3260.2
1311130 3259.6
1311140 3259.6
1311150 3258.6
1311160 3257.3
1311170 3257.3
1311180 3255.7
1311190 3253.9
1311200 3253.9
1311210 3251.9
1311220 3249.8
1311230 3249.8
1311240 3247.8
1311250 3245.6
1311260 3245.6
1311270 3243.5
1311280 3241.3
1311290 3241.3
1311300 3239.3
1311310 3237.4
1311320 3235.5
1311330 3235.5
1311340 3233.8
1311350 3232.4
1311360 3232.4
