1303450 2567.9
1303460 2572.2
1303470 2572.2
1303480 2576.8
1303490 2580.0
1303500 2583.1
1303510 2583.1
1303520 2587.7
1303530 2592.5
1303540 2592.5
1303550 2596.9
1303560 2601.2
1303570 2595.1
1303580 2597.8
1303590 2600.3
1303600 2600.3
1303610 2603.1
1303620 2605.9
1303630 2605.9
1303640 2606.8
1303650 2605.0
1303660 2605.0
1303670 2604.6
1303680 2606.7
1303690 2609.1
1303700 2609.1
1303710 2610.5
1303720 2612.5
1303730 2612.5
1303740 2615.2
1303750 2617.9
1303760 2617.9
1303770 2621.0
1303780 2623.4
1303790 2623.4
1303800 2626.3
1303810 2629.5
1303820 2629.5
1303830 2633.2
1303840 2637.2
1303850 2637.2
1303860 2641.3
1303870 2645.4
1303880 2645.4
1303890 2650.5
1303900 2655.6
1303910 2660.8
1303920 2660.8
1303930 2665.8
1303940 2669.6
1303950 2669.6
1303960 2673.1
1303970 2677.8
1303980 2677.8
1303990 2682.9
1304000 2688.2
1304010 2688.2
1304020 2693.2
1304030 2698.5
1304040 2698.5
1304050 2706.6
1304060 2714.8
1304070 2714.8
1304080 2721.5
1304090 2728.7
1304100 2738.4
1304110 2738.4
1304120 2746.1
1304130 2749.2
1304140 2749.2
1304150 2753.7
1304160 2759.7
1304170 2759.7
1304180 2772.0
1304190 2781.8
1304200 2781.8
1304210 2790.1
1304220 2799.7
1304230 2799.7
1304240 2807.8
1304250 2813.7
1304260 2813.7
1304270 2821.7
1304280 2817.4
1304290 2817.4
1304300 2828.2
1304310 2840.2
1304320 2845.5
1304330 2845.5
1304340 2839.5
1304350 2831.2
1304360 2831.2
1304370 2826.5
1304380 2817.5
1304390 2817.5
1304400 2802.9
1304410 2791.1
1304420 2791.1
1304430 2784.6
1304440 2770.5
1304450 2770.5
1304460 2760.7
1304470 2750.4
1304480 2750.4
1304490 2729.1
1304500 2715.0
1304510 2707.2
1304520 2707.2
1304530 2702.3
1304540 2697.6
1304550 2697.6
1304560 2692.4
1304570 2689.2
1304580 2689.2
1304590 2688.5
1304600 2688.3
1304610 2688.3
1304620 2686.2
1304630 2682.5
1304640 2682.5
1304650 2678.9
1304660 2675.7
1304670 2675.7
1304680 2672.9
1304690 2669.8
1304700 2669.8
1304710 2668.5
1304720 2667.0
1304730 2666.2
1304740 2666.2
1304750 2666.0
1304760 2666.1
1304770 2666.1
1304780 2667.1
1304790 2668.9
1304800 2668.9
1304810 2670.8
1304820 2671.3
1304830 2671.3
1304840 2671.4
1304850 2672.0
1304860 2672.0
1304870 2672.0
1304880 2671.4
1304890 2671.4
1304900 2670.2
1304910 2669.6
1304920 2668.8
1304930 2668.8
1304940 2668.2
1304950 2667.7
1304960 2667.7
1304970 2667.7
1304980 2670.5
1304990 2670.5
1305000 2670.4
1305010 2670.7
1305020 2670.7
1305030 2670.9
1305040 2671.2
1305050 2671.2
1305060 2671.0
1305070 2669.7
1305080 2669.7
1305090 2666.3
1305100 2662.6
1305110 2662.6
1305120 2659.0
1305130 2653.1
1305140 2646.2
1305150 2646.2
1305160 2638.3
1305170 2631.0
1305180 2631.0
1305190 2625.1
1305200 2620.8
1305210 2620.8
1305220 2617.1
1305230 2614.5
1305240 2614.5
1305250 2611.3
1305260 2607.3
1305270 2607.3
1305280 2606.0
1305290 2609.3
1305300 2609.3
1305310 2612.6
1305320 2612.8
1305330 2611.9
1305340 2611.9
1305350 2609.0
1305360 2602.2
1305370 2602.2
1305380 2594.1
1305390 2592.4
1305400 2592.4
1305410 2594.6
1305420 2595.1
1305430 2595.1
1305440 2595.9
1305450 2595.2
1305460 2595.2
1305470 2592.5
1305480 2591.2
1305490 2591.2
1305500 2591.0
1305510 2593.2
1305520 2599.0
1305530 2599.0
1305540 2606.4
1305550 2611.7
1305560 2611.7
1305570 2617.9
1305580 2622.7
1305590 2622.7
1305600 2627.7
1305610 2636.0
1305620 2636.0
1305630 2645.3
1305640 2648.8
1305650 2648.8
1305660 2651.3
1305670 2652.7
1305680 2652.7
1305690 2660.1
1305700 2656.1
1305710 2656.1
1305720 2653.7
1305730 2654.4
1305740 2653.3
1305750 2653.3
1305760 2660.0
1305770 2670.8
1305780 2670.8
1305790 2678.9
1305800 2681.6
1305810 2681.6
1305820 2671.5
1305830 2658.8
1305840 2658.8
1305850 2643.5
1305860 2628.4
1305870 2628.4
1305880 2611.9
1305890 2599.0
1305900 2599.0
1305910 2590.6
1305920 2584.3
1305930 2579.5
1305940 2579.5
1305950 2573.4
1305960 2566.3
1305970 2566.3
1305980 2559.2
1305990 2552.2
1306000 2552.2
1306010 2545.4
1306020 2538.6
1306030 2538.6
1306040 2532.1
1306050 2526.1
1306060 2526.1
1306070 2520.6
1306080 2514.9
1306090 2514.9
1306100 2509.4
1306110 2505.1
1306120 2505.1
1306130 2501.6
1306140 2497.3
1306150 2492.7
1306160 2492.7
1306170 2488.9
1306180 2486.0
1306190 2486.0
1306200 2482.2
1306210 2477.4
1306220 2477.4
1306230 2473.4
1306240 2470.0
1306250 2470.0
1306260 2466.3
1306270 2463.3
1306280 2463.3
1306290 2459.8
1306300 2456.2
1306310 2456.2
1306320 2451.0
1306330 2446.4
1306340 2443.7
1306350 2443.7
1306360 2442.0
1306370 2441.6
1306380 2441.6
1306390 2444.9
1306400 2442.6
1306410 2442.6
1306420 2437.9
1306430 2431.9
1306440 2431.9
1306450 2425.2
1306460 2419.3
1306470 2419.3
1306480 2412.0
1306490 2405.5
1306500 2405.5
1306510 2399.6
1306520 2394.0
1306530 2394.0
1306540 2388.6
1306550 2383.5
1306560 2379.4
1306570 2379.4
1306580 2376.8
1306590 2376.4
1306600 2376.4
1306610 2374.6
1306620 2375.5
1306630 2375.5
1306640 2377.9
1306650 2378.7
1306660 2378.7
1306670 2379.5
1306680 2378.5
1306690 2378.5
1306700 2377.9
1306710 2376.5
1306720 2376.5
1306730 2372.7
1306740 2367.8
1306750 2362.1
1306760 2362.1
1306770 2355.6
1306780 2350.1
1306790 2350.1
1306800 2344.8
1306810 2333.7
1306820 2333.7
1306830 2321.2
1306840 2310.3
1306850 2310.3
1306860 2298.6
1306870 2292.5
1306880 2292.5
1306890 2287.4
1306900 2280.1
1306910 2280.1
1306920 2270.9
1306930 2269.1
1306940 2269.1
1306950 2274.2
1306960 2278.0
1306970 2281.9
1306980 2281.9
1306990 2286.0
1307000 2292.1
1307010 2292.1
1307020 2298.6
1307030 2302.3
1307040 2302.3
1307050 2303.6
1307060 2301.2
1307070 2301.2
1307080 2296.1
1307090 2291.4
1307100 2291.4
1307110 2290.3
1307120 2278.6
1307130 2278.6
1307140 2270.9
1307150 2262.6
1307160 2253.4
1307170 2253.4
1307180 2248.0
1307190 2248.4
1307200 2248.4
1307210 2249.8
1307220 2251.5
1307230 2251.5
1307240 2250.8
1307250 2247.9
1307260 2247.9
1307270 2245.2
1307280 2239.7
1307290 2239.7
1307300 2233.5
1307310 2225.0
1307320 2225.0
1307330 2214.9
1307340 2208.4
1307350 2205.6
1307360 2205.6
1307370 2202.9
1307380 2199.1
1307390 2199.1
1307400 2194.7
1307410 2191.5
1307420 2191.5
1307430 2190.1
1307440 2187.9
1307450 2187.9
1307460 2184.5
1307470 2180.9
1307480 2180.9
1307490 2176.7
1307500 2173.3
1307510 2173.3
1307520 2171.0
1307530 2169.4
1307540 2169.4
1307550 2168.5
1307560 2166.9
1307570 2165.4
1307580 2165.4
1307590 2163.5
1307600 2162.3
1307610 2162.3
1307620 2161.0
1307630 2162.5
1307640 2162.5
1307650 2165.5
1307660 2170.4
1307670 2170.4
1307680 2175.4
1307690 2181.6
1307700 2181.6
1307710 2188.4
1307720 2196.0
1307730 2196.0
1307740 2206.0
1307750 2214.0
1307760 2220.4
1307770 2220.4
1307780 2223.2
1307790 2224.5
1307800 2224.5
1307810 2231.5
1307820 2241.3
1307830 2241.3
1307840 2247.3
1307850 2252.1
1307860 2252.1
1307870 2254.0
1307880 2256.2
1307890 2256.2
1307900 2257.5
1307910 2260.0
1307920 2260.0
1307930 2262.5
1307940 2265.4
1307950 2265.4
1307960 2268.9
1307970 2274.7
1307980 2280.7
1307990 2280.7
1308000 2285.6
1308010 2288.8
1308020 2288.8
1308030 2290.3
1308040 2292.4
1308050 2292.4
1308060 2296.9
1308070 2302.3
1308080 2302.3
1308090 2305.1
1308100 2307.3
1308110 2307.3
1308120 2309.4
1308130 2312.6
1308140 2312.6
1308150 2317.5
1308160 2323.7
1308170 2329.9
1308180 2329.9
1308190 2337.1
1308200 2345.1
1308210 2345.1
1308220 2352.5
1308230 2361.6
1308240 2361.6
1308250 2371.0
1308260 2378.6
1308270 2378.6
1308280 2384.9
1308290 2391.0
1308300 2391.0
1308310 2397.4
1308320 2402.7
1308330 2402.7
1308340 2406.7
1308350 2411.8
1308360 2411.8
1308370 2417.5
1308380 2423.5
1308390 2429.1
1308400 2429.1
1308410 2434.2
1308420 2439.5
1308430 2439.5
1308440 2445.6
1308450 2452.2
1308460 2452.2
1308470 2458.8
1308480 2464.6
1308490 2464.6
1308500 2470.1
1308510 2477.4
1308520 2477.4
1308530 2484.0
1308540 2490.2
1308550 2490.2
1308560 2493.8
1308570 2496.0
1308580 2499.4
1308590 2499.4
1308600 2503.5
1308610 2506.6
1308620 2506.6
1308630 2509.6
1308640 2512.7
1308650 2512.7
1308660 2515.7
1308670 2520.0
1308680 2520.0
1308690 2524.6
1308700 2529.5
1308710 2529.5
1308720 2533.9
1308730 2538.5
1308740 2538.5
1308750 2543.9
1308760 2549.5
1308770 2549.5
1308780 2554.1
1308790 2558.3
1308800 2562.9
1308810 2562.9
1308820 2569.4
1308830 2576.2
1308840 2576.2
1308850 2581.9
1308860 2587.0
1308870 2587.0
1308880 2591.7
1308890 2596.5
1308900 2596.5
1308910 2602.5
1308920 2608.0
1308930 2608.0
1308940 2612.8
1308950 2616.5
1308960 2616.5
1308970 2620.6
1308980 2624.5
1308990 2628.0
1309000 2628.0
1309010 2631.5
1309020 2635.9
1309030 2635.9
1309040 2640.5
1309050 2644.5
1309060 2644.5
1309070 2650.6
1309080 2656.6
1309090 2656.6
1309100 2661.3
1309110 2665.0
1309120 2665.0
1309130 2669.7
1309140 2672.9
1309150 2672.9
1309160 2673.8
1309170 2674.4
1309180 2673.9
1309190 2673.9
1309200 2673.8
1309210 2675.4
1309220 2675.4
1309230 2678.1
1309240 2680.6
1309250 2680.6
1309260 2684.6
1309270 2687.9
1309280 2687.9
1309290 2691.3
1309300 2694.7
1309310 2694.7
1309320 2697.7
1309330 2700.5
1309340 2700.5
1309350 2703.2
1309360 2705.8
1309370 2705.8
1309380 2708.5
1309390 2712.2
1309400 2717.5
1309410 2717.5
1309420 2721.2
1309430 2725.1
1309440 2725.1
1309450 2729.4
1309460 2734.2
1309470 2734.2
1309480 2739.0
1309490 2744.0
1309500 2744.0
1309510 2748.9
1309520 2753.7
1309530 2753.7
1309540 2758.1
1309550 2762.2
1309560 2762.2
1309570 2765.9
1309580 2769.2
1309590 2772.7
1309600 2772.7
1309610 2776.7
1309620 2781.4
1309630 2781.4
1309640 2786.0
1309650 2790.4
1309660 2790.4
1309670 2794.6
1309680 2798.6
1309690 2798.6
1309700 2802.6
1309710 2806.6
1309720 2806.6
1309730 2810.6
1309740 2814.7
1309750 2814.7
1309760 2819.2
1309770 2824.1
1309780 2824.1
1309790 2828.9
1309800 2834.0
1309810 2839.3
1309820 2839.3
1309830 2844.7
1309840 2850.2
1309850 2850.2
1309860 2855.6
1309870 2861.2
1309880 2861.2
1309890 2866.9
1309900 2872.4
1309910 2872.4
1309920 2877.9
1309930 2883.4
1309940 2883.4
1309950 2889.1
1309960 2894.8
1309970 2894.8
1309980 2900.9
1309990 2906.7
1310000 2912.6
1310010 2912.6
1310020 2918.4
1310030 2923.9
1310040 2923.9
1310050 2929.7
1310060 2936.2
1310070 2936.2
1310080 2943.5
1310090 2950.2
1310100 2950.2
1310110 2956.2
1310120 2961.7
1310130 2961.7
1310140 2967.0
1310150 2972.4
1310160 2972.4
1310170 2978.5
1310180 2985.1
1310190 2985.1
1310200 2991.8
1310210 2998.5
1310220 3004.7
1310230 3004.7
1310240 3010.5
1310250 3016.0
1310260 3016.0
1310270 3021.9
1310280 3028.0
1310290 3028.0
1310300 3033.7
1310310 3039.1
1310320 3039.1
1310330 3044.1
1310340 3049.1
1310350 3049.1
1310360 3054.1
1310370 3059.0
1310380 3059.0
1310390 3063.5
1310400 3068.1
1310410 3073.0
1310420 3073.0
1310430 3078.0
1310440 3082.9
1310450 3082.9
1310460 3087.8
1310470 3092.4
1310480 3092.4
1310490 3096.3
1310500 3101.2
1310510 3101.2
1310520 3106.0
1310530 3110.0
1310540 3110.0
1310550 3114.0
1310560 3118.0
1310570 3118.0
1310580 3121.9
1310590 3125.6
1310600 3125.6
1310610 3129.9
1310620 3134.8
1310630 3139.2
1310640 3139.2
1310650 3143.7
1310660 3148.4
1310670 3148.4
1310680 3152.9
1310690 3157.1
1310700 3157.1
1310710 3162.8
1310720 3166.8
1310730 3166.8
1310740 3170.6
1310750 3174.3
1310760 3174.3
1310770 3178.4
1310780 3182.4
1310790 3182.4
1310800 3187.6
1310810 3194.7
1310820 3202.4
1310830 3202.4
1310840 3210.1
1310850 3217.7
1310860 3217.7
1310870 3225.7
1310880 3234.4
1310890 3234.4
1310900 3244.5
1310910 3254.8
1310920 3254.8
1310930 3263.2
1310940 3270.0
1310950 3270.0
1310960 3277.1
1310970 3284.7
1310980 3284.7
1310990 3293.0
1311000 3301.3
1311010 3301.3
1311020 3309.0
1311030 3316.1
1311040 3318.1
1311050 3318.1
1311060 3306.5
1311070 3291.3
1311080 3291.3
1311090 3286.3
1311100 3284.2
1311110 3284.2
1311120 3283.5
1311130 3283.4
1311140 3283.4
1311150 3283.3
1311160 3282.8
1311170 3282.8
1311180 3282.1
1311190 3281.0
1311200 3281.0
1311210 3279.7
1311220 3277.9
1311230 3275.9
1311240 3275.9
1311250 3273.7
1311260 3271.3
1311270 3271.3
1311280 3269.0
1311290 3267.1
1311300 3267.1
1311310 3265.5
1311320 3264.4
1311330 3264.4
1311340 3263.7
1311350 3263.4
1311360 3263.4
1311370 3263.3
1311380 3263.4
1311390 3263.4
1311400 3263.8
1311410 3264.7
1311420 3268.2
1311430 3268.2
