1300000 2396.0
1300010 2396.8
1300020 2396.8
1300030 2397.6
1300040 2398.9
1300050 2398.9
1300060 2399.2
1300070 2398.4
1300080 2398.4
1300090 2400.7
1300100 2400.8
1300110 2400.8
1300120 2399.8
1300130 2400.9
1300140 2400.9
1303070 2562.9
1303080 2562.9
1303090 2564.1
1303100 2566.4
1303110 2566.4
1303120 2569.7
1303130 2573.5
1303140 2573.5
1303150 2578.1
1303160 2582.5
1303170 2582.5
1303180 2586.4
1303190 2590.3
1303200 2590.3
1303210 2593.8
1303220 2596.5
1303230 2596.5
1303240 2599.8
1303250 2603.4
1303260 2606.5
1303270 2606.5
1303280 2609.7
1303290 2614.1
1303300 2614.1
1303310 2618.1
1303320 2620.9
1303330 2620.9
1303340 2623.7
1303350 2627.1
1303360 2627.1
1303370 2625.2
1303380 2627.7
1303390 2627.7
1303400 2630.3
1303410 2632.7
1303420 2632.7
1303430 2635.0
1303440 2637.6
1303450 2637.6
1303460 2640.6
1303470 2643.8
1303480 2647.1
1303490 2647.1
1303500 2650.0
1303510 2652.8
1303520 2652.8
1303530 2654.9
1303540 2658.0
1303550 2658.0
1303560 2662.0
1303570 2664.3
1303580 2664.3
1303590 2665.9
1303600 2668.8
1303610 2668.8
1303620 2673.2
1303630 2677.6
1303640 2677.6
1303650 2682.4
1303660 2686.1
1303670 2689.7
1303680 2689.7
1303690 2694.5
1303700 2699.7
1303710 2699.7
1303720 2704.3
1303730 2708.6
1303740 2708.6
1303750 2712.1
1303760 2716.4
1303770 2716.4
1303780 2720.6
1303790 2724.8
1303800 2724.8
1303810 2729.1
1303820 2733.9
1303830 2733.9
1303840 2737.6
1303850 2741.2
1303860 2741.2
1303870 2746.4
1303880 2753.7
1303890 2760.6
1303900 2760.6
1303910 2767.6
1303920 2774.8
1303930 2774.8
1303940 2780.6
1303950 2783.0
1303960 2783.0
1303970 2782.6
1303980 2785.2
1303990 2785.2
1304000 2790.4
1304010 2797.1
1304020 2797.1
1304030 2803.2
1304040 2807.8
1304050 2807.8
1304060 2806.6
1304070 2806.0
1304080 2799.9
1304090 2799.9
1304100 2792.7
1304110 2786.6
1304120 2786.6
1304130 2781.1
1304140 2776.0
1304150 2776.0
1304160 2770.7
1304170 2764.7
1304180 2764.7
1304190 2757.8
1304200 2751.7
1304210 2751.7
1304220 2747.3
1304230 2744.1
1304240 2744.1
1304250 2742.1
1304260 2741.9
1304270 2741.9
1304280 2742.6
1304290 2742.3
1304300 2740.8
1304310 2740.8
1304320 2740.5
1304330 2740.7
1304340 2740.7
1304350 2739.3
1304360 2737.6
1304370 2737.6
1304380 2735.4
1304390 2733.6
1304400 2733.6
1304410 2731.3
1304420 2724.0
1304430 2724.0
1304440 2713.5
1304450 2706.3
1304460 2706.3
1304470 2694.5
1304480 2679.7
1304490 2666.9
1304500 2666.9
1304510 2657.6
1304520 2652.4
1304530 2652.4
1304540 2648.4
1304550 2644.8
1304560 2644.8
1304570 2645.0
1304580 2646.8
1304590 2646.8
1304600 2648.1
1304610 2647.3
1304620 2647.3
1304630 2645.1
1304640 2645.1
1304650 2645.1
1304660 2645.0
1304670 2642.3
1304680 2642.3
1304690 2639.2
1304700 2637.5
1304710 2636.9
1304720 2636.9
1304730 2636.1
1304740 2633.0
1304750 2633.0
1304760 2625.6
1304770 2625.0
1304780 2625.0
1304790 2625.8
1304800 2627.8
1304810 2627.8
1304820 2628.4
1304830 2624.3
1304840 2624.3
1304850 2622.3
1304860 2624.5
1304870 2624.5
1304880 2622.2
1304890 2615.5
1304900 2609.2
1304910 2609.2
1304920 2602.8
1304930 2597.9
1304940 2597.9
1304950 2595.7
1304960 2591.5
1304970 2591.5
1304980 2589.7
1304990 2586.0
1305000 2586.0
1305010 2582.2
1305020 2581.4
1305030 2581.4
1305040 2579.1
1305050 2576.5
1305060 2576.5
1305070 2574.0
1305080 2572.9
1305090 2573.1
1305100 2573.1
1305110 2569.1
1305120 2566.1
1305130 2566.1
1305140 2564.1
1305150 2561.6
1305160 2561.6
1305170 2560.6
1305180 2558.4
1305190 2558.4
1305200 2556.1
1305210 2554.2
1305220 2554.2
1305230 2550.7
1305240 2545.7
1305250 2545.7
1305260 2541.0
1305270 2537.8
1305280 2537.8
1305290 2538.7
1305300 2536.7
1305310 2532.8
1305320 2532.8
1305330 2533.0
1305340 2531.6
1305350 2531.6
1305360 2532.2
1305370 2530.7
1305380 2530.7
1305390 2530.8
1305400 2527.7
1305410 2527.7
1305420 2522.9
1305430 2519.1
1305440 2519.1
1305450 2518.1
1305460 2522.4
1305470 2522.4
1305480 2527.2
1305490 2518.2
1305500 2506.6
1305510 2506.6
1305520 2503.7
1305530 2503.6
1305540 2503.6
1305550 2498.9
1305560 2495.8
1305570 2495.8
1305580 2497.3
1305590 2499.8
1305600 2499.8
1305610 2503.1
1305620 2507.9
1305630 2507.9
1305640 2514.0
1305650 2519.6
1305660 2519.6
1305670 2521.0
1305680 2515.8
1305690 2515.8
1305700 2511.0
1305710 2507.6
1305720 2506.1
1305730 2506.1
1305740 2504.8
1305750 2502.8
1305760 2502.8
1305770 2499.8
1305780 2496.7
1305790 2496.7
1305800 2497.1
1305810 2499.5
1305820 2499.5
1305830 2501.7
1305840 2504.1
1305850 2504.1
1305860 2506.6
1305870 2508.9
1305880 2508.9
1305890 2510.6
1305900 2514.3
1305910 2524.1
1305920 2524.1
1305930 2532.9
1305940 2540.8
1305950 2540.8
1305960 2543.9
1305970 2547.6
1305980 2547.6
1305990 2555.6
1306000 2567.6
1306010 2567.6
1306020 2577.8
1306030 2578.8
1306040 2578.8
1306050 2575.9
1306060 2571.9
1306070 2571.9
1306080 2565.2
1306090 2552.4
1306100 2552.4
1306110 2536.2
1306120 2519.2
1306130 2504.1
1306140 2504.1
1306150 2491.3
1306160 2479.0
1306170 2479.0
1306180 2471.4
1306190 2464.6
1306200 2464.6
1306210 2459.0
1306220 2455.0
1306230 2455.0
1306240 2452.4
1306250 2449.5
1306260 2449.5
1306270 2446.8
1306280 2443.9
1306290 2443.9
1306300 2438.4
1306310 2430.9
1306320 2423.5
1306330 2423.5
1306340 2417.0
1306350 2410.8
1306360 2410.8
1306370 2404.9
1306380 2398.2
1306390 2398.2
1306400 2391.7
1306410 2385.5
1306420 2385.5
1306430 2379.8
1306440 2374.9
1306450 2374.9
1306460 2371.3
1306470 2368.4
1306480 2368.4
1306490 2365.0
1306500 2358.9
1306510 2358.9
1306520 2347.3
1306530 2336.8
1306540 2327.2
1306550 2327.2
1306560 2317.2
1306570 2308.2
1306580 2308.2
1306590 2302.1
1306600 2294.6
1306610 2294.6
1306620 2286.2
1306630 2277.5
1306640 2277.5
1306650 2273.6
1306660 2273.4
1306670 2273.4
1306680 2270.6
1306690 2267.2
1306700 2267.2
1306710 2264.5
1306720 2264.3
1306730 2265.6
1306740 2265.6
1306750 2267.4
1306760 2268.8
1306770 2268.8
1306780 2269.9
1306790 2270.4
1306800 2270.4
1306810 2269.4
1306820 2266.4
1306830 2266.4
1306840 2262.5
1306850 2257.3
1306860 2257.3
1306870 2249.5
1306880 2241.8
1306890 2243.6
1306900 2234.7
1306910 2223.1
1306920 2223.1
1306930 2210.3
1306940 2195.3
1306950 2186.5
1306960 2186.5
1306970 2181.1
1306980 2177.3
1306990 2177.3
1307000 2174.4
1307010 2171.6
1307020 2171.6
1307030 2169.2
1307040 2168.7
1307050 2168.7
1307060 2168.2
1307070 2166.2
1307080 2166.2
1307090 2165.4
1307100 2166.8
1307110 2166.8
1307120 2169.9
1307130 2172.0
1307140 2166.8
1307150 2166.8
1307160 2159.7
1307170 2153.0
1307180 2153.0
1307190 2146.8
1307200 2142.8
1307210 2142.8
1307220 2139.7
1307230 2132.8
1307240 2132.8
1307250 2125.6
1307260 2121.6
1307270 2121.6
1307280 2117.8
1307290 2114.4
1307300 2114.4
1307310 2110.4
1307320 2105.6
1307330 2105.6
1307340 2102.1
1307350 2099.6
1307360 2097.5
1307370 2097.5
1307380 2096.5
1307390 2097.1
1307400 2097.1
1307410 2098.4
1307420 2100.5
1307430 2100.5
1307440 2101.0
1307450 2100.3
1307460 2100.3
1307470 2101.1
1307480 2103.9
1307490 2103.9
1307500 2107.4
1307510 2110.2
1307520 2110.2
1307530 2112.1
1307540 2114.7
1307550 2118.1
1307560 2118.1
1307570 2121.7
1307580 2124.6
1307590 2124.6
1307600 2127.4
1307610 2131.0
1307620 2131.0
1307630 2133.9
1307640 2137.6
1307650 2137.6
1307660 2141.6
1307670 2146.0
1307680 2146.0
1307690 2151.1
1307700 2156.6
1307710 2156.6
1307720 2162.1
1307730 2167.4
1307740 2172.4
1307750 2172.4
1307760 2178.1
1307770 2184.4
1307780 2184.4
1307790 2190.7
1307800 2197.0
1307810 2197.0
1307820 2203.8
1307830 2210.8
1307840 2210.8
1307850 2216.9
1307860 2222.5
1307870 2222.5
1307880 2228.3
1307890 2235.3
1307900 2235.3
1307910 2242.4
1307920 2249.2
1307930 2249.2
1307940 2255.5
1307950 2262.2
1307960 2268.0
1307970 2268.0
1307980 2273.9
1307990 2281.6
1308000 2281.6
1308010 2289.8
1308020 2298.7
1308030 2298.7
1308040 2308.1
1308050 2317.6
1308060 2317.6
1308070 2324.4
1308080 2328.7
1308090 2328.7
1308100 2333.6
1308110 2338.4
1308120 2338.4
1308130 2344.0
1308140 2350.7
1308150 2357.5
1308160 2357.5
1308170 2364.8
1308180 2372.0
1308190 2372.0
1308200 2378.5
1308210 2383.3
1308220 2383.3
1308230 2386.0
1308240 2388.6
1308250 2388.6
1308260 2391.3
1308270 2394.1
1308280 2394.1
1308290 2397.3
1308300 2401.3
1308310 2401.3
1308320 2405.0
1308330 2407.8
1308340 2407.8
1308350 2412.7
1308360 2417.5
1308370 2422.0
1308380 2422.0
1308390 2426.1
1308400 2430.4
1308410 2430.4
1308420 2435.0
1308430 2439.7
1308440 2439.7
1308450 2444.0
1308460 2447.9
1308470 2447.9
1308480 2451.5
1308490 2455.2
1308500 2455.2
1308510 2459.4
1308520 2463.6
1308530 2463.6
1308540 2468.1
1308550 2473.7
1308560 2479.8
1308570 2479.8
1308580 2485.1
1308590 2490.3
1308600 2490.3
1308610 2494.9
1308620 2498.7
1308630 2498.7
1308640 2502.9
1308650 2506.7
1308660 2506.7
1308670 2510.4
1308680 2514.8
1308690 2514.8
1308700 2520.3
1308710 2525.8
1308720 2525.8
1308730 2530.3
1308740 2535.4
1308750 2535.4
1308760 2540.7
1308770 2545.6
1308780 2550.9
1308790 2550.9
1308800 2555.1
1308810 2558.3
1308820 2558.3
1308830 2560.3
1308840 2563.1
1308850 2563.1
1308860 2566.8
1308870 2570.0
1308880 2570.0
1308890 2571.5
1308900 2573.6
1308910 2573.6
1308920 2576.0
1308930 2577.3
1308940 2577.3
1308950 2578.7
1308960 2582.9
1308970 2588.9
1308980 2588.9
1308990 2593.4
1309000 2599.0
1309010 2599.0
1309020 2605.5
1309030 2611.7
1309040 2611.7
1309050 2616.3
1309060 2622.0
1309070 2622.0
1309080 2626.3
1309090 2631.2
1309100 2631.2
1309110 2636.1
1309120 2641.0
1309130 2641.0
1309140 2646.5
1309150 2651.6
1309160 2651.6
1309170 2655.9
1309180 2660.4
1309190 2664.6
1309200 2664.6
1309210 2668.7
1309220 2673.4
1309230 2673.4
1309240 2679.2
1309250 2685.8
1309260 2685.8
1309270 2692.8
1309280 2700.2
1309290 2700.2
1309300 2707.0
1309310 2711.0
1309320 2711.0
1309330 2714.1
1309340 2715.7
1309350 2715.7
1309360 2720.2
1309370 2726.4
1309380 2733.0
1309390 2733.0
1309400 2738.9
1309410 2743.1
1309420 2743.1
1309430 2746.5
1309440 2749.5
1309450 2749.5
1309460 2752.1
1309470 2755.2
1309480 2755.2
1309490 2758.5
1309500 2762.3
1309510 2762.3
1309520 2765.8
1309530 2770.1
1309540 2770.1
1309550 2773.1
1309560 2774.9
1309570 2774.9
1309580 2776.9
1309590 2779.7
1309600 2781.8
1309610 2781.8
1309620 2784.0
1309630 2787.5
1309640 2787.5
1309650 2791.6
1309660 2796.2
1309670 2796.2
1309680 2800.9
1309690 2805.9
1309700 2805.9
1309710 2811.2
1309720 2817.0
1309730 2817.0
1309740 2823.1
1309750 2829.7
1309760 2829.7
1309770 2834.6
1309780 2840.3
1309790 2845.4
1309800 2845.4
1309810 2850.4
1309820 2855.5
1309830 2855.5
1309840 2860.4
1309850 2865.2
1309860 2865.2
1309870 2870.1
1309880 2874.8
1309890 2874.8
1309900 2879.9
1309910 2885.5
1309920 2885.5
1309930 2891.7
1309940 2897.9
1309950 2897.9
1309960 2904.2
1309970 2910.9
1309980 2917.9
1309990 2917.9
1310000 2925.5
1310010 2933.2
1310020 2933.2
1310030 2940.0
1310040 2945.0
1310050 2945.0
1310060 2949.8
1310070 2955.6
1310080 2955.6
1310090 2960.2
1310100 2964.1
1310110 2964.1
1310120 2967.9
1310130 2971.9
1310140 2971.9
1310150 2976.4
1310160 2981.1
1310170 2981.1
1310180 2986.0
1310190 2991.3
1310200 2995.9
1310210 2995.9
1310220 3000.0
1310230 3003.6
1310240 3003.6
1310250 3007.0
1310260 3010.0
1310270 3010.0
1310280 3012.9
1310290 3016.2
1310300 3016.2
1310310 3019.8
1310320 3023.3
1310330 3023.3
1310340 3027.0
1310350 3030.6
1310360 3030.6
1310370 3034.3
1310380 3038.0
1310390 3042.1
1310400 3042.1
1310410 3046.3
1310420 3050.7
1310430 3050.7
1310440 3055.4
1310450 3059.6
1310460 3059.6
1310470 3063.3
1310480 3066.9
1310490 3069.1
1310500 3072.6
1310510 3075.7
1310520 3075.7
1310530 3078.8
1310540 3081.9
1310550 3081.9
1310560 3085.4
1310570 3089.1
1310580 3089.1
1310590 3092.3
1310600 3097.9
1310610 3103.3
1310620 3103.3
1310630 3108.4
1310640 3113.2
1310650 3113.2
1310660 3117.9
1310670 3122.7
1310680 3122.7
1310690 3127.5
1310700 3132.2
1310710 3132.2
1310720 3136.6
1310730 3140.9
1310740 3140.9
1310750 3145.5
1310760 3150.3
1310770 3150.3
1310780 3155.4
1310790 3160.5
1310800 3165.7
1310810 3165.7
1310820 3171.1
1310830 3176.5
1310840 3176.5
1310850 3181.9
1310860 3186.4
1310870 3186.4
1310880 3191.2
1310890 3196.6
1310900 3196.6
1310910 3201.2
1310920 3205.4
1310930 3205.4
1310940 3209.7
1310950 3213.9
1310960 3213.9
1310970 3217.9
1310980 3221.5
1310990 3221.5
1311000 3225.7
1311010 3229.8
1311020 3233.4
1311030 3233.4
1311040 3236.8
1311050 3240.8
1311060 3240.8
1311070 3244.7
1311080 3248.5
1311090 3248.5
1311100 3252.1
1311110 3255.9
1311120 3255.9
1311130 3259.6
1311140 3263.1
1311150 3263.1
1311160 3266.6
1311170 3270.2
1311180 3270.2
1311190 3273.9
1311200 3277.6
1311210 3281.2
1311220 3282.7
1311230 3286.2
1311240 3290.3
1311250 3290.3
1311260 3295.6
1311270 3301.3
1311280 3301.3
1311290 3307.1
1311300 3312.9
1311310 3312.9
1311320 3318.8
1311330 3324.8
1311340 3324.8
1311350 3330.7
1311360 3336.7
1311370 3336.7
1311380 3342.7
1311390 3348.8
1311400 3348.8
1311410 3355.4
1311420 3362.5
1311430 3367.9
1311440 3367.9
1311450 3362.8
1311460 3352.1
1311470 3352.1
1311480 3340.0
1311490 3327.9
1311500 3327.9
1311510 3317.5
1311520 3309.3
1311530 3309.3
1311540 3301.8
1311550 3294.7
1311560 3294.7
1311570 3287.8
1311580 3282.4
1311590 3282.4
1313570 3092.8
1313580 3092.8
1313590 3094.2
1313600 3095.6
1313610 3095.6
1313620 3097.1
1313630 3098.6
1313640 3098.6
1313650 3100.0
1313660 3101.4
1313670 3102.7
1313680 3102.7
1313690 3103.7
1313700 3104.8
1313710 3104.8
1313720 3105.9
1313730 3107.3
1313740 3107.3
1313750 3109.0
1313760 3110.8
1313770 3110.8
1313780 3112.8
1313790 3114.7
1313800 3114.7
1313810 3116.4
1313820 3118.1
1313830 3118.1
1313840 3119.8
1313850 3121.5
1313860 3123.0
1313870 3123.0
1313880 3124.6
1313890 3126.3
1313900 3126.3
1313910 3128.0
1313920 3129.8
1313930 3129.8
1313940 3131.7
1313950 3133.6
1313960 3133.6
1313970 3135.7
1313980 3137.8
1313990 3137.8
1314000 3140.0
1314010 3142.2
1314020 3142.2
1314030 3144.6
1314040 3147.1
1314050 3147.1
1314060 3149.5
1314070 3152.0
1314080 3154.6
1314090 3154.6
1314100 3157.3
1314110 3160.0
1314120 3160.0
1314130 3162.8
1314140 3165.4
1314150 3165.4
1314160 3167.9
1314170 3168.0
1314180 3168.0
1314190 3170.3
1314200 3172.4
1314210 3172.4
1314220 3174.3
1314230 3175.8
1314240 3175.8
1314250 3177.2
1314260 3178.6
1314270 3180.0
1314280 3180.0
1314290 3181.6
1314300 3183.5
1314310 3183.5
1314320 3185.5
1314330 3187.5
1314340 3187.5
1314350 3189.5
1314360 3191.4
1314370 3191.4
1314380 3193.3
1314390 3195.8
1314400 3195.8
1314410 3199.5
1314420 3204.9
1314430 3204.9
1314440 3213.1
1314450 3225.1
1314460 3225.1
1314470 3236.9
1314480 3247.5
1314490 3255.0
1314500 3255.0
1314510 3262.7
1314520 3271.0
1314530 3271.0
1314540 3280.3
1314550 3291.7
1314560 3291.7
1314570 3308.6
1314580 3329.8
1314590 3329.8
1314600 3344.4
1314610 3357.0
1314620 3357.0
1314630 3372.9
1314640 3364.9
1314650 3364.9
1314660 3348.0
1314670 3335.7
1314680 3325.2
1314690 3325.2
1314700 3316.1
1314710 3306.4
1314720 3306.4
1314730 3297.9
1314740 3287.1
1314750 3287.1
1314760 3273.2
1314770 3264.9
1314780 3264.9
1314790 3259.4
1314800 3255.3
1314810 3255.3
1314820 3252.0
1314830 3249.2
1314840 3249.2
1314850 3246.6
1314860 3244.3
1314870 3242.2
1314880 3242.2
1314890 3240.3
1314900 3238.5
1314910 3238.5
1314920 3232.2
1314930 3230.4
1314940 3230.4
1314950 3228.2
1314960 3226.0
1314970 3226.0
1314980 3223.9
1314990 3222.0
1315000 3222.0
1315010 3220.2
1315020 3218.5
1315030 3218.5
1315040 3217.1
1315050 3215.6
1315060 3215.6
1315070 3214.1
1315080 3212.9
1315090 3211.7
1315100 3211.7
1315110 3210.0
1315120 3207.2
1315130 3207.2
1315140 3202.6
1315150 3197.9
1315160 3197.9
1315170 3198.2
1315180 3200.4
1315190 3200.4
1315200 3200.0
1315210 3198.8
1315220 3198.8
1315230 3196.9
1315240 3194.8
1315250 3194.8
1315260 3192.3
1315270 3188.5
1315280 3184.8
1315290 3184.8
1315300 3181.2
1315310 3177.6
1315320 3177.6
1315330 3174.1
1315340 3171.2
1315350 3171.2
1315360 3168.5
1315370 3164.9
1315380 3164.9
1315390 3159.2
1315400 3154.8
1315410 3154.8
1315420 3151.6
1315430 3147.6
1315440 3147.6
1315450 3143.3
1315460 3137.0
1315470 3137.0
1315480 3130.6
1315490 3114.4
1315500 3100.3
1315510 3100.3
1315520 3084.8
1315530 3069.4
1315540 3069.4
1315550 3060.6
1315560 3055.7
1315570 3055.7
1315580 3051.3
1315590 3046.6
1315600 3046.6
1315610 3042.2
1315620 3038.1
1315630 3038.1
1315640 3033.9
1315650 3028.6
1315660 3028.6
1315670 3023.2
1315680 3019.3
1315690 3016.1
1315700 3016.1
1315710 3012.8
1315720 3009.4
1315730 3009.4
1315740 3006.3
1315750 3002.6
1315760 3002.6
1315770 2998.5
1315780 2993.8
1315790 2993.8
1315800 2988.6
1315810 2983.5
1315820 2983.5
1315830 2979.0
1315840 2975.3
1315850 2975.3
1315860 2973.6
1315870 2971.6
1315880 2971.6
1315890 2968.5
1315900 2964.9
1315910 2960.8
1315920 2960.8
1315930 2958.0
1315940 2955.4
1315950 2955.4
1315960 2952.3
1315970 2949.7
1315980 2949.7
1315990 2947.1
1316000 2944.2
1316010 2944.2
1316020 2941.5
1316030 2938.0
1316040 2938.0
1316050 2933.2
1316060 2928.1
1316070 2928.1
1316080 2923.1
1316090 2917.1
1316100 2911.0
1316110 2911.0
1316120 2903.7
1316130 2896.6
1316140 2896.6
1316150 2890.9
1316160 2886.5
1316170 2886.5
1316180 2881.1
