1300000 2450.5
1300010 2449.1
1300020 2449.1
1300030 2449.7
1300040 2451.6
1300050 2452.4
1300060 2452.4
1300070 2452.2
1300080 2452.6
1300090 2452.6
1300100 2454.6
1300110 2458.9
1300120 2458.9
1300130 2463.0
1300140 2467.3
1300150 2467.3
1300160 2473.1
1300170 2479.0
1300180 2479.0
1300190 2484.0
1300200 2487.4
1300210 2487.4
1300220 2493.5
1300230 2499.4
1300240 2503.8
1300250 2503.8
1300260 2506.6
1300270 2508.8
1300280 2508.8
1300290 2510.3
1300300 2507.9
1300310 2507.9
1300320 2503.6
1300330 2499.6
1300340 2499.6
1300350 2495.7
1300360 2491.3
1300370 2491.3
1300380 2486.9
1300390 2483.4
1300400 2483.4
1300410 2481.1
1300420 2479.1
1300430 2479.1
1300440 2477.2
1300450 2475.4
1300460 2474.9
1300470 2474.9
1300480 2474.7
1300490 2474.5
1300500 2474.5
1300510 2474.7
1300520 2474.6
1300530 2474.6
1300540 2476.1
1300550 2473.1
1300560 2473.1
1300570 2475.5
1300580 2477.1
1300590 2477.1
1300600 2478.7
1300610 2482.2
1300620 2482.2
1300630 2485.4
1300640 2487.4
1300650 2488.2
1300660 2488.2
1300670 2487.6
1300680 2485.5
1300690 2485.5
1300700 2483.5
1300710 2481.5
1300720 2481.5
1300730 2480.5
1300740 2482.1
1300750 2482.1
1300760 2487.4
1300770 2490.4
1300780 2490.4
1300790 2493.6
1300800 2497.1
1300810 2497.1
1300820 2500.4
1300830 2504.8
1300840 2504.8
1300850 2509.2
1301750 2522.4
1301760 2522.4
1301770 2522.7
1301780 2523.4
1301790 2523.4
1301800 2523.9
1301810 2523.7
1301820 2523.7
1301830 2521.2
1301840 2508.9
1301850 2508.9
1301860 2503.0
1301870 2501.9
1301880 2504.1
1301890 2504.1
1301900 2504.6
1301910 2506.2
1301920 2506.2
1301930 2497.4
1301940 2492.3
1301950 2492.3
1301960 2488.7
1301970 2484.0
1301980 2484.0
1301990 2478.6
1302000 2473.3
1302010 2473.3
1302020 2471.7
1302030 2472.7
1302040 2472.7
1302050 2475.1
1302060 2476.8
1302070 2476.8
1302080 2477.7
1302090 2478.9
1302100 2479.1
1302110 2479.1
1302120 2477.5
1302130 2478.7
1302140 2478.7
1302150 2483.3
1302160 2486.1
1302170 2486.1
1302180 2487.0
1302190 2488.6
1302200 2488.6
1302210 2490.8
1302220 2492.0
1302230 2492.0
1302240 2493.3
1302250 2495.3
1302260 2495.3
1302270 2496.3
1302280 2496.7
1302290 2497.6
1302300 2497.6
1302310 2498.6
1302320 2500.0
1302330 2500.0
1302340 2500.6
1302350 2501.0
1302360 2501.0
1302370 2498.1
1302380 2490.7
1302390 2490.7
1302400 2481.6
1302410 2480.1
1302420 2480.1
1302430 2481.6
1302440 2484.9
1302450 2484.9
1302460 2489.0
1302470 2493.2
1302480 2497.8
1302490 2497.8
1302500 2500.9
1302510 2504.1
1302520 2504.1
1302530 2504.2
1302540 2502.7
1302550 2502.7
1302560 2503.3
1302570 2503.8
1302580 2503.8
1302590 2497.9
1302600 2500.3
1302610 2500.3
1302620 2508.9
1302630 2507.1
1302640 2507.1
1302650 2511.0
1302660 2516.5
1302670 2516.5
1302680 2521.2
1302690 2526.6
1302700 2529.8
1302710 2529.8
1302720 2531.7
1302730 2535.4
1302740 2535.4
1302750 2547.8
1302760 2564.7
1302770 2564.7
1302780 2578.7
1302790 2589.2
1302800 2589.2
1302810 2601.1
1302820 2608.4
1302830 2608.4
1302840 2614.1
1302850 2621.4
1302860 2621.4
1302870 2626.3
1302880 2625.1
1302890 2620.2
1302900 2620.2
1302910 2615.9
1302920 2611.4
1302930 2611.4
1302940 2609.9
1302950 2612.1
1302960 2612.1
1302970 2615.0
1302980 2618.5
1302990 2618.5
1303000 2622.4
1303010 2626.6
1303020 2626.6
1303030 2628.8
1303040 2631.6
1303050 2631.6
1303060 2635.0
1303070 2636.9
1303080 2636.9
1303090 2639.2
1303100 2641.2
1303110 2642.1
1303120 2642.1
1303130 2645.1
1303140 2649.0
1303150 2649.0
1303160 2654.5
1303170 2660.6
1303180 2660.6
1303190 2667.0
1303200 2672.7
1303210 2672.7
1303220 2679.8
1303230 2687.3
1303240 2687.3
1303250 2692.4
1303260 2695.8
1303270 2695.8
1303280 2697.5
1303290 2698.0
1303300 2696.6
1303310 2696.6
1303320 2690.0
1303330 2691.1
1303340 2691.1
1303350 2692.6
1303360 2694.6
1303370 2694.6
1303380 2695.3
1303390 2697.2
1303400 2697.2
1303410 2699.1
1303420 2702.1
1303430 2702.1
1303440 2704.5
1303450 2707.5
1303460 2707.5
1303470 2711.7
1303480 2715.3
1303490 2715.3
1303500 2718.6
1303510 2721.2
1303520 2723.0
1303530 2723.0
1303540 2725.1
1303550 2727.7
1303560 2727.7
1303570 2729.3
1303580 2730.4
1303590 2730.4
1303600 2736.4
1303610 2744.1
1303620 2744.1
1303630 2747.7
1303640 2752.0
1303650 2752.0
1303660 2759.6
1303670 2763.2
1303680 2763.2
1303690 2766.5
1303700 2772.5
1303710 2781.1
1303720 2781.1
1303730 2789.7
1303740 2797.4
1303750 2797.4
1303760 2803.7
1303770 2808.4
1303780 2808.4
1303790 2813.8
1303800 2820.7
1303810 2820.7
1303820 2827.3
1303830 2834.1
1303840 2834.1
1303850 2840.8
1303860 2849.5
1303870 2849.5
1303880 2856.9
1303890 2862.1
1303900 2862.1
1303910 2865.6
1303920 2870.0
1303930 2875.6
1303940 2875.6
1303950 2883.0
1303960 2889.1
1303970 2889.1
1303980 2888.5
1303990 2882.1
1304000 2882.1
1304010 2872.0
1304020 2854.7
1304030 2854.7
1304040 2843.6
1304050 2834.0
1304060 2834.0
1304070 2824.8
1304080 2817.9
1304090 2817.9
1304100 2812.2
1304110 2807.7
1304120 2801.3
1304130 2801.3
1304140 2793.1
1304150 2780.6
1304160 2780.6
1304170 2771.3
1304180 2761.2
1304190 2761.2
1304200 2752.2
1304210 2745.6
1304220 2745.6
1304230 2739.5
1304240 2733.1
1304250 2733.1
1304260 2726.1
1304270 2718.5
1304280 2718.5
1304290 2712.5
1304300 2708.2
1304310 2708.2
1304320 2703.2
1304330 2698.7
1304340 2695.1
1304350 2695.1
1304360 2692.9
1304370 2691.6
1304380 2691.6
1304390 2689.8
1304400 2684.5
1304410 2684.5
1304420 2678.2
1304430 2673.2
1304440 2673.2
1304450 2669.8
1304460 2667.4
1304470 2667.4
1304480 2665.2
1304490 2658.7
1304500 2658.7
1304510 2652.2
1304520 2651.5
1304530 2648.8
1304540 2648.8
1304550 2642.7
1304560 2637.0
1304570 2637.0
1304580 2631.8
1304590 2628.1
1304600 2628.1
1304610 2627.5
1304620 2628.9
1304630 2628.9
1304640 2632.1
1304650 2635.9
1304660 2635.9
1304670 2638.0
1304680 2637.8
1304690 2637.8
1304700 2635.9
1304710 2631.2
1304720 2631.2
1304730 2624.1
1304740 2622.3
1304750 2624.3
1304760 2624.3
1304770 2627.6
1304780 2629.1
1304790 2629.1
1304800 2627.1
1304810 2621.5
1304820 2621.5
1304830 2614.1
1304840 2606.3
1304850 2606.3
1304860 2598.2
1304870 2590.7
1304880 2590.7
1304890 2584.6
1304900 2581.0
1304910 2581.0
1304920 2578.7
1304930 2574.6
1304940 2570.2
1304950 2570.2
1304960 2566.3
1304970 2561.6
1304980 2561.6
1304990 2556.2
1305000 2550.8
1305010 2550.8
1305020 2545.3
1305030 2539.9
1305040 2539.9
1305050 2535.7
1305060 2533.2
1305070 2533.2
1305080 2531.7
1305090 2530.7
1305100 2530.7
1305110 2528.4
1305120 2526.2
1305130 2523.8
1305140 2523.8
1305150 2521.7
1305160 2521.6
1305170 2521.6
1305180 2518.8
1305190 2515.1
1305200 2515.1
1305210 2512.7
1305220 2509.0
1305230 2509.0
1305240 2503.5
1305250 2497.2
1305260 2497.2
1305270 2492.1
1305280 2489.0
1305290 2489.0
1305300 2486.6
1305310 2481.6
1305320 2481.6
1305330 2477.7
1305340 2471.8
1305350 2465.5
1305360 2465.5
1305370 2460.7
1305380 2452.7
1305390 2452.7
1305400 2445.6
1305410 2438.7
1305420 2438.7
1305430 2436.6
1305440 2433.7
1305450 2433.7
1305460 2431.4
1305470 2427.6
1305480 2427.6
1305490 2426.3
1305500 2426.4
1305510 2426.4
1305520 2426.0
1305530 2426.2
1305540 2427.4
1305550 2427.4
1305560 2429.0
1305570 2432.2
1305580 2432.2
1305590 2436.6
1305600 2440.0
1305610 2440.0
1305620 2441.9
1305630 2444.0
1305640 2444.0
1305650 2446.8
1305660 2449.5
1305670 2449.5
1305680 2452.6
1305690 2455.2
1305700 2455.2
1305710 2456.2
1305720 2451.0
1305730 2451.0
1305740 2444.8
1305750 2439.3
1305760 2434.5
1305770 2434.5
1305780 2429.4
1305790 2428.0
1305800 2428.0
1305810 2427.1
1305820 2427.5
1305830 2427.5
1305840 2428.2
1305850 2427.9
1305860 2427.9
1305870 2427.5
1305880 2426.5
1305890 2426.5
1305900 2425.6
1305910 2424.4
1305920 2424.4
1305930 2422.9
1305940 2422.2
1305950 2422.2
1305960 2422.2
1305970 2422.6
1305980 2422.7
1305990 2422.7
1306000 2421.3
1306010 2420.1
1306020 2420.1
1306030 2419.1
1306040 2417.6
1306050 2417.6
1306060 2416.4
1306070 2419.6
1306080 2419.6
1306090 2420.9
1306100 2422.0
1306110 2422.0
1306120 2423.3
1306130 2423.4
1306140 2429.9
1306150 2427.7
1306160 2424.7
1306170 2420.0
1306180 2420.0
1306190 2413.8
1306200 2407.8
1306210 2407.8
1306220 2404.0
1306230 2401.1
1306240 2401.1
1306250 2399.7
1306260 2399.1
1306270 2399.1
1306280 2396.3
1306290 2393.9
1306300 2393.9
1306310 2392.6
1306320 2394.3
1306330 2394.3
1306340 2394.0
1306350 2391.2
1306360 2388.6
1306370 2388.6
1306380 2384.8
1306390 2378.9
1306400 2378.9
1306410 2372.7
1306420 2364.0
1306430 2364.0
1306440 2351.4
1306450 2342.3
1306460 2342.3
1306470 2333.4
1306480 2325.3
1306490 2325.3
1306500 2318.3
1306510 2311.7
1306520 2311.7
1306530 2305.4
1306540 2299.4
1306550 2299.4
1306560 2293.4
1306570 2286.8
1306580 2279.8
1306590 2279.8
1306600 2273.1
1306610 2267.3
1306620 2267.3
1306630 2260.7
1306640 2250.6
1306650 2250.6
1306660 2240.9
1306670 2231.0
1306680 2231.0
1306690 2220.2
1306700 2196.7
1306710 2196.7
1306720 2194.7
1306730 2198.2
1306740 2198.2
1306750 2197.3
1306760 2195.6
1306770 2192.2
1306780 2192.2
1306790 2190.1
1306800 2189.0
1306810 2189.0
1306820 2187.0
1306830 2183.4
1306840 2183.4
1306850 2186.0
1306860 2178.4
1306870 2178.4
1306880 2169.6
1306890 2164.7
1306900 2164.7
1306910 2158.1
1306920 2152.8
1306930 2152.8
1306940 2147.9
1306950 2140.7
1306960 2140.7
1306970 2136.6
1306980 2134.0
1306990 2130.4
1307000 2130.4
1307010 2127.0
1307020 2124.5
1307030 2124.5
1307040 2123.1
1307050 2124.9
1307060 2124.9
1307070 2125.9
1307080 2127.8
1307090 2127.8
1307100 2127.8
1307110 2123.9
1307120 2123.9
1307130 2118.6
1307140 2112.4
1307150 2112.4
1307160 2106.6
1307170 2101.2
1307180 2096.1
1307190 2096.1
1307200 2091.1
1307210 2086.6
1307220 2086.6
1307230 2082.3
1307240 2078.2
1307250 2078.2
1307260 2074.8
1307270 2072.8
1307280 2072.8
1307290 2071.3
1307300 2070.2
1307310 2070.2
1307320 2067.7
1307330 2065.6
1307340 2065.6
1307350 2067.5
1307360 2069.8
1307370 2069.8
1307380 2072.0
1307390 2074.6
1307400 2077.5
1307410 2077.5
1307420 2080.8
1307430 2084.5
1307440 2084.5
1307450 2087.7
1307460 2090.6
1307470 2090.6
1307480 2093.5
1307490 2097.4
1307500 2097.4
1307510 2100.8
1307520 2104.5
1307530 2104.5
1307540 2109.0
1307550 2113.7
1307560 2114.0
1307570 2118.1
1307580 2122.2
1307590 2126.4
1307600 2126.4
1307610 2130.9
1307620 2135.3
1307630 2135.3
1307640 2139.3
1307650 2143.1
1307660 2143.1
1307670 2147.5
1307680 2151.9
1307690 2151.9
1307700 2156.9
1307710 2163.2
1307720 2163.2
1307730 2171.6
1307740 2178.6
1307750 2178.6
1307760 2184.7
1307770 2191.1
1307780 2197.8
1307790 2197.8
1307800 2204.7
1307810 2211.6
1307820 2211.6
1307830 2217.7
1307840 2221.6
1307850 2221.6
1307860 2225.5
1307870 2234.5
1307880 2234.5
1307890 2247.6
1307900 2255.6
1307910 2255.6
1307920 2262.4
1307930 2273.9
1307940 2273.9
1307950 2284.0
1307960 2288.0
1307970 2288.0
1307980 2289.5
1307990 2294.9
1308000 2299.5
1308010 2299.5
1308020 2306.4
1308030 2314.5
1308040 2314.5
1308050 2320.5
1308060 2325.7
1308070 2325.7
1308080 2333.4
1308090 2341.5
1308100 2341.5
1308110 2349.6
1308120 2357.4
1308130 2357.4
1308140 2365.2
1308150 2372.5
1308160 2372.5
1308170 2378.4
1308180 2383.4
1308190 2388.6
1308200 2388.6
1308210 2394.0
1308220 2398.6
1308230 2398.6
1308240 2401.8
1308250 2406.2
1308260 2406.2
1308270 2410.9
1308280 2415.1
1308290 2415.1
1308300 2419.3
1308310 2422.6
1308320 2422.6
1308330 2426.2
1308340 2430.4
1308350 2430.4
1308360 2434.9
1308370 2440.1
1308380 2440.1
1308390 2444.6
1308400 2448.6
1308410 2452.5
1308420 2452.5
1308430 2456.1
1308440 2459.5
1308450 2459.5
1308460 2463.3
1308470 2467.9
1308480 2467.9
1308490 2472.5
1308500 2476.6
1308510 2476.6
1308520 2479.9
1308530 2483.1
1308540 2483.1
1308550 2486.9
1308560 2490.3
1308570 2490.3
1308580 2494.0
1308590 2498.4
1308600 2503.2
1308610 2503.2
1308620 2508.0
1308630 2513.1
1308640 2513.1
1308650 2518.1
1308660 2522.7
1308670 2522.7
1308680 2526.4
1308690 2529.5
1308700 2529.5
1308710 2532.8
1308720 2535.9
1308730 2535.9
1308740 2539.3
1308750 2542.3
1308760 2542.3
1308770 2545.7
1308780 2548.3
1308790 2548.3
1308800 2550.6
1308810 2552.4
1308820 2553.7
1308830 2553.7
1308840 2557.1
1308850 2561.5
1308860 2561.5
1308870 2564.6
1308880 2569.4
1308890 2569.4
1308900 2574.5
1308910 2578.8
1308920 2578.8
1308930 2583.8
1308940 2588.4
1308950 2588.4
1308960 2591.7
1308970 2595.7
1308980 2595.7
1308990 2600.9
1309000 2605.4
1309010 2610.5
1309020 2610.5
1309030 2614.8
1309040 2619.4
1309050 2619.4
1309060 2624.3
1309070 2629.1
1309080 2629.1
1309090 2634.1
1309100 2638.6
1309110 2638.6
1309120 2642.8
1309130 2646.3
1309140 2646.3
1309150 2650.5
1309160 2655.8
1309170 2655.8
1309180 2660.9
1309190 2667.1
1309200 2667.1
1309210 2671.5
1309220 2674.2
1309230 2677.7
1309240 2677.7
1309250 2681.5
1309260 2685.3
1309270 2685.3
1309280 2691.3
1309290 2699.0
1309300 2699.0
1309310 2706.3
1309320 2713.0
1309330 2713.0
1309340 2717.8
1309350 2721.5
1309360 2721.5
1309370 2725.4
1309380 2728.3
1309390 2728.3
1309400 2731.1
1309410 2733.7
1309420 2737.0
1309430 2737.0
1309440 2741.6
1309450 2746.5
1309460 2746.5
1309470 2751.8
1309480 2756.4
1309490 2756.4
1309500 2760.5
1309510 2764.2
1309520 2764.2
1309530 2766.4
1309540 2769.6
1309550 2769.6
1309560 2774.5
1309570 2779.4
1309580 2779.4
1309590 2784.3
1309600 2789.7
1309610 2789.7
1309620 2795.3
1309630 2800.9
1309640 2806.3
1309650 2806.3
1309660 2811.6
1309670 2816.8
1309680 2816.8
1309690 2821.6
1309700 2826.2
1309710 2826.2
1309720 2829.9
1309730 2834.1
1309740 2834.1
1309750 2838.2
1309760 2842.5
1309770 2842.5
1309780 2846.9
1309790 2851.7
1309800 2851.7
1309810 2856.9
1309820 2862.2
1309830 2867.6
1309840 2867.6
1309850 2872.8
1309860 2877.8
1309870 2877.8
1309880 2882.2
1309890 2886.2
1309900 2886.2
1309910 2890.2
1309920 2895.8
1309930 2895.8
1309940 2902.9
1309950 2911.5
1309960 2911.5
1309970 2920.2
1309980 2927.5
1309990 2927.5
1310000 2933.3
1310010 2937.8
1310020 2937.8
1310030 2941.1
1310040 2944.0
1310050 2946.9
1310060 2946.9
1310070 2949.5
1310080 2952.6
1310090 2952.6
1310100 2955.6
1310110 2959.0
1310120 2959.0
1310130 2962.8
1310140 2966.5
1310150 2966.5
1310160 2970.4
1310170 2974.0
1310180 2974.0
1310190 2977.4
1310200 2981.2
1310210 2981.2
1310220 2985.2
1310230 2989.0
1310240 2993.2
1310250 2993.2
1310260 2997.3
1310270 3001.4
1310280 3001.4
1310290 3005.1
1310300 3008.9
1310310 3008.9
1310320 3012.1
1310330 3015.6
1310340 3015.6
1310350 3020.4
1310360 3024.5
1310370 3024.5
1310380 3028.3
1310390 3032.2
1310400 3032.2
1310410 3035.9
1310420 3038.9
1310430 3038.9
1310440 3041.8
1310450 3045.0
1310460 3048.5
1310470 3048.5
1310480 3052.1
1310490 3055.5
1310500 3055.5
1310510 3058.6
1310520 3061.4
1310530 3061.4
1310540 3064.7
1310550 3065.5
1310560 3065.5
1310570 3068.8
1310580 3072.4
1310590 3072.4
1310600 3074.7
1310610 3077.3
1310620 3077.3
1310630 3080.8
1310640 3085.0
1310650 3089.7
1310660 3089.7
1310670 3094.6
1310680 3099.5
1310690 3099.5
1310700 3104.1
1310710 3108.9
1310720 3108.9
1310730 3113.9
1310740 3119.1
1310750 3119.1
1310760 3123.6
1310770 3125.8
1310780 3125.8
1310790 3126.2
1310800 3130.1
1310810 3130.1
1310820 3136.7
1310830 3139.8
1310840 3143.3
1310850 3143.3
1310860 3146.0
1310870 3148.0
1310880 3148.0
1310890 3150.1
1310900 3152.6
1310910 3152.6
1310920 3155.3
1310930 3158.3
1310940 3158.3
1310950 3161.8
1310960 3165.5
1310970 3165.5
1310980 3169.8
1310990 3174.7
1311000 3174.7
1311010 3178.3
1311020 3184.6
1311030 3184.6
1311040 3191.9
1311050 3198.7
1311060 3205.4
1311070 3205.4
1311080 3211.2
1311090 3216.4
1311100 3216.4
1311110 3221.3
1311120 3226.3
1311130 3226.3
1311140 3230.6
1311150 3233.7
1311160 3233.7
1311170 3236.8
1311180 3244.1
1311190 3244.1
1311200 3246.6
1311210 3249.2
1311220 3249.2
1311230 3251.7
1311240 3254.5
1311250 3258.5
1311260 3258.5
1311270 3264.4
1311280 3271.2
1311290 3271.2
1311300 3278.7
1311310 3285.7
1311320 3285.7
1311330 3293.1
1311340 3300.7
1311350 3300.7
1311360 3308.8
1311370 3317.5
1311380 3317.5
1311390 3326.4
1311400 3335.3
1311410 3335.3
1311420 3344.9
1311430 3354.6
1311440 3354.6
1311450 3363.6
1311460 3372.1
1311470 3379.3
1311480 3379.3
1311490 3376.9
1311500 3364.8
1311510 3364.8
1311520 3354.8
1311530 3345.9
1311540 3345.9
1311550 3337.1
1311560 3327.0
1311570 3327.0
1311580 3314.2
1311590 3299.8
1311600 3299.8
1311610 3294.7
1311620 3291.0
1311630 3291.0
1311640 3286.3
1311650 3281.4
1311660 3277.0
1311670 3277.0
1311680 3273.7
1311830 3253.5
1311840 3255.4
1311850 3255.4
1311860 3257.0
1311870 3258.5
1311880 3258.6
1311890 3258.6
1311900 3260.6
1311910 3256.0
1311920 3256.0
1311930 3257.0
1311940 3257.8
1311950 3257.8
1311960 3258.7
1311970 3259.5
1311980 3259.5
1311990 3259.9
1312000 3262.1
1312010 3262.1
1312020 3265.6
1312030 3268.3
1312040 3268.3
1312050 3269.4
1312060 3269.7
1312070 3272.2
1312080 3272.2
1312090 3275.9
1312100 3278.2
1312110 3278.2
1312120 3278.7
1312130 3278.2
1312140 3278.2
1312150 3277.9
1312160 3281.4
1312170 3281.4
1312180 3286.2
1312190 3294.1
1312200 3294.1
1312210 3302.4
1312220 3307.4
1312230 3307.4
1312240 3311.2
1312250 3309.6
1312260 3309.6
1312270 3316.2
1312280 3318.3
1312290 3316.8
1312300 3316.8
1312310 3312.4
1312320 3305.2
1312330 3305.2
1312340 3297.5
1312350 3290.1
1312360 3290.1
1312370 3283.4
1312380 3277.3
1312390 3277.3
1312400 3273.0
1312410 3269.5
1312420 3269.5
1312430 3266.4
1312440 3264.2
1312450 3264.2
1312460 3261.2
1312470 3256.3
1312480 3250.4
1312490 3250.4
1312500 3243.6
1312510 3238.7
1312520 3238.7
1312530 3234.5
1312540 3230.4
1312550 3230.4
1312560 3227.7
1312570 3227.4
1312580 3227.4
1312590 3226.8
1312600 3225.8
1312610 3225.8
1312620 3225.1
1312630 3224.7
1312640 3230.3
1312650 3230.2
1312660 3230.4
1312670 3230.4
1312680 3230.4
1312690 3230.1
1312700 3229.9
1312710 3229.9
1312720 3229.8
1312730 3229.3
1312740 3229.3
1312750 3229.0
1312760 3229.6
1312770 3229.6
1312780 3231.1
1312790 3233.7
1312800 3233.7
1312810 3236.4
1312820 3237.2
1312830 3237.2
1312840 3237.9
1312850 3238.2
1312860 3238.2
1312870 3237.2
1312880 3235.7
1312890 3232.1
1312900 3232.1
1312910 3227.9
1312920 3224.9
1312930 3224.9
1312940 3221.6
1312950 3216.6
1312960 3216.6
1312970 3212.2
1312980 3209.4
1312990 3209.4
1313000 3209.3
1313010 3216.6
1313020 3216.6
1313030 3222.6
1313040 3223.3
1313050 3223.3
1313060 3220.4
1313070 3216.9
1313080 3216.9
1313090 3214.3
1313100 3206.4
1313110 3196.2
1313120 3196.2
1313130 3191.8
1313140 3184.8
1313150 3184.8
1313160 3174.5
1313170 3161.9
1313180 3161.9
1313190 3155.3
1313200 3151.3
1313210 3151.3
1313220 3149.3
1313230 3149.0
1313240 3149.0
1313250 3149.8
1313260 3152.0
1313270 3152.0
1313280 3155.4
1313290 3158.2
1313300 3159.9
1313310 3159.9
1313320 3161.0
1313330 3160.1
1313340 3160.1
1313350 3157.7
1313360 3155.4
1313370 3155.4
1313380 3153.1
1313390 3151.0
1313400 3151.0
1313410 3148.8
1313420 3146.1
1313430 3146.1
1313440 3143.1
1313450 3141.1
1313460 3141.1
1313470 3140.6
1313480 3140.7
1313490 3141.0
1313500 3141.0
1313510 3140.9
1313520 3140.8
1313530 3140.8
1313540 3141.9
1313550 3144.0
1313560 3144.0
1313570 3146.2
1313580 3148.1
1313590 3148.1
1313600 3148.1
1313610 3147.1
1313620 3147.1
1313630 3148.7
1313640 3153.2
1313650 3153.2
1313660 3158.9
1313670 3163.4
1313680 3163.4
1313690 3166.7
1313700 3169.9
1313710 3172.0
1313720 3172.0
1313730 3172.6
1313740 3170.4
1313750 3170.4
1313760 3168.4
1313770 3171.5
1313780 3171.5
1313790 3175.4
1313800 3177.4
1313810 3177.4
1313820 3177.1
1313830 3175.3
1313840 3175.3
1313850 3173.2
1313860 3171.1
1313870 3171.1
1313880 3169.1
1313890 3167.2
1313900 3165.4
1313910 3165.4
1313920 3163.7
1313930 3162.3
1313940 3162.3
1313950 3161.9
1313960 3162.4
1313970 3162.4
1313980 3164.1
1313990 3164.6
1314000 3164.6
1314010 3164.8
1314020 3164.9
1314030 3164.9
1314040 3165.4
1314050 3166.4
1314060 3166.4
1314070 3167.9
1314080 3169.9
1314090 3169.9
1314100 3172.2
1314110 3174.6
1314120 3176.9
1314130 3176.9
1314140 3180.4
1314150 3183.9
1314160 3183.9
1314170 3187.5
1314180 3191.0
1314190 3191.0
1314200 3194.2
1314210 3197.1
1314220 3197.1
1314230 3199.7
1314240 3202.0
1314250 3202.0
1314260 3204.0
1314270 3205.9
1314280 3205.9
1314290 3207.9
1314300 3210.2
1314310 3213.5
1314320 3213.5
1314330 3217.7
1314340 3222.7
1314350 3222.7
1314360 3228.1
1314370 3232.5
1314380 3232.5
1314390 3236.1
1314400 3241.6
1314410 3241.6
1314420 3247.9
1314430 3254.3
1314440 3254.3
1314450 3263.7
1314460 3276.0
1314470 3276.0
1314480 3288.3
1314490 3299.0
1314500 3299.0
1314510 3309.8
1314520 3320.8
1314530 3333.4
1314540 3333.4
1314550 3346.3
1314560 3358.3
1314570 3358.3
1314580 3369.2
1314590 3380.9
1314600 3380.9
1314610 3381.5
1314620 3380.2
1314630 3380.2
1314640 3381.3
1314650 3382.7
1314660 3382.7
1314670 3383.2
1314680 3384.0
1314690 3384.0
1314700 3384.4
1314710 3385.0
1314720 3377.5
1314730 3377.5
1314740 3370.3
1314750 3364.8
1314760 3364.8
1314770 3361.0
1314780 3356.2
1314790 3356.2
1314800 3352.3
1314810 3349.1
1314820 3349.1
1314830 3342.4
1314840 3334.7
1314850 3334.7
1314860 3330.1
1314870 3347.5
1314880 3347.5
1314890 3349.6
1314900 3350.7
1314910 3350.7
1314920 3351.0
1314930 3347.8
1314940 3345.5
1314950 3345.5
1314960 3342.4
1314970 3338.2
1314980 3338.2
1314990 3333.5
1315000 3325.8
1315010 3325.8
1315020 3315.9
1315030 3306.3
1315040 3306.3
1315050 3297.6
1315060 3291.1
1315070 3291.1
1315080 3284.3
1315090 3277.6
1315100 3277.6
1315110 3270.4
1315120 3264.6
1315130 3261.3
1315140 3261.3
1315150 3260.2
1315160 3259.4
1315170 3259.4
1315180 3256.6
1315190 3250.4
1315200 3250.4
1315210 3238.3
1315220 3227.6
1315230 3227.6
1315240 3219.0
1315250 3212.2
1315260 3212.2
1315270 3208.1
1315280 3206.0
1315290 3206.0
1315300 3204.9
1315310 3203.8
1315320 3203.8
1315330 3202.6
1315340 3200.8
1315350 3199.7
1315360 3199.7
1315370 3199.8
1315380 3202.8
1315390 3202.8
1315400 3208.8
1315410 3213.1
1315420 3213.1
1315430 3211.8
1315440 3204.3
1315450 3204.3
1315460 3201.8
1315470 3203.5
1315480 3203.5
1315490 3205.3
1315500 3207.7
1315510 3207.7
1315520 3209.4
1315530 3210.9
1315540 3212.0
1315550 3212.0
1315560 3207.9
1315570 3208.8
1315580 3208.8
1315590 3212.4
1315600 3214.7
1315610 3214.7
1315620 3196.7
1315630 3189.5
1315640 3189.5
1315650 3182.7
1315660 3177.9
1315670 3177.9
1315680 3172.2
1315690 3161.8
1315700 3161.8
1315710 3152.3
1315720 3144.4
1315730 3144.4
1315740 3136.6
1315750 3128.3
1315760 3122.9
1315770 3122.9
1315780 3118.6
1315790 3110.6
1315800 3110.6
1315810 3107.8
1315820 3096.7
1315830 3096.7
1315840 3085.2
1315850 3071.0
1315860 3071.0
1315870 3057.5
1315880 3043.4
1315890 3043.4
1315900 3026.6
1315910 3021.6
1315920 3021.6
1315930 3016.9
1315940 3013.5
1315950 3008.5
1315960 3008.5
1315970 3007.7
1315980 3011.0
1315990 3011.0
1316000 3020.2
1316010 3033.0
1316020 3033.0
1316030 3042.5
1316040 3050.7
1316050 3050.7
1316060 3047.6
1316070 3028.2
1316080 3028.2
1316090 2996.0
1316100 2962.4
1316110 2962.4
1316120 2957.0
1316130 2950.9
1316140 2930.1
1316150 2930.1
1316160 2903.6
1316170 2892.1
1316180 2892.1
1316190 2887.1
1316200 2882.1
1316210 2882.1
1316220 2876.8
1316230 2872.2
1316240 2872.2
1316250 2868.0
1316260 2864.4
1316270 2864.4
1316280 2861.1
1316290 2861.0
1316300 2861.0
1316310 2862.4
1316320 2864.0
1316330 2864.0
1316340 2865.3
1316350 2868.2
1316360 2873.3
1316370 2866.5
1316380 2873.0
1316390 2878.1
1316400 2878.1
1316410 2878.1
1316420 2874.3
1316430 2874.3
1316440 2868.7
1316450 2866.5
1316460 2866.5
1316470 2867.3
1316480 2864.6
1316490 2864.6
1316500 2858.5
1316510 2848.6
1316520 2848.6
1316530 2829.4
1316540 2817.5
1316550 2812.6
1316560 2812.6
1316570 2811.6
1316580 2809.9
1316590 2809.9
1316600 2807.2
1316610 2803.5
1316620 2803.5
1316630 2799.4
1316640 2796.5
1316650 2796.5
1316660 2797.3
1316670 2799.2
1316680 2799.2
1316690 2800.6
1316700 2801.3
1316710 2801.3
1316720 2801.5
1316730 2801.9
1316740 2801.9
1316750 2802.6
1316760 2803.0
1316770 2803.5
1316780 2803.5
1316790 2805.4
1316800 2808.4
1316810 2808.4
1316820 2811.6
1316830 2814.7
1316840 2814.7
1316850 2817.4
1316860 2819.8
1316870 2819.8
1316880 2822.3
1316890 2825.1
1316900 2825.1
1316910 2827.6
1316920 2829.9
1316930 2829.9
1316940 2832.4
1316950 2835.3
1316960 2838.8
1316970 2838.8
1316980 2843.7
1316990 2847.7
1317000 2847.7
1317010 2849.6
1317020 2851.7
1317030 2851.7
1317040 2855.5
1317050 2860.9
1317060 2860.9
1317070 2865.0
1317080 2867.9
1317090 2867.9
