1300000 2456.8
1300010 2459.9
1300020 2459.9
1300030 2463.8
1300040 2468.5
1300050 2468.5
1300060 2473.9
1300070 2480.8
1300080 2480.8
1300090 2487.8
1300100 2494.0
1300110 2494.0
1300120 2509.1
1300130 2520.8
1300140 2525.8
1300150 2525.8
1300160 2532.2
1300170 2542.4
1300180 2548.0
1300190 2555.6
1300200 2559.1
1300210 2559.1
1300220 2559.3
1300230 2563.1
1300240 2563.1
1300250 2566.4
1300260 2570.1
1300270 2570.1
1300280 2573.4
1300290 2577.9
1300300 2577.9
1300310 2583.0
1300320 2593.4
1300330 2593.4
1300340 2608.9
1300350 2620.0
1300360 2627.1
1300370 2627.1
1300380 2632.8
1300390 2641.7
1300400 2641.7
1300410 2651.3
1300420 2659.4
1300430 2659.4
1300440 2669.2
1300450 2674.9
1300460 2674.9
1300470 2676.0
1300480 2678.9
1300490 2678.9
1300500 2680.1
1300510 2679.7
1300520 2679.7
1300530 2680.0
1300540 2684.3
1300550 2683.3
1300560 2683.3
1300570 2683.4
1300580 2688.4
1300590 2688.4
1300600 2696.7
1300610 2704.1
1300620 2704.1
1300630 2711.5
1300640 2721.0
1300650 2721.0
1300660 2729.1
1300670 2736.5
1300680 2736.5
1300690 2743.6
1300700 2751.0
1300710 2751.0
1300720 2758.8
1300730 2764.0
1300740 2764.0
1300750 2765.7
1300760 2767.1
1300770 2767.9
1300780 2767.9
1300790 2766.0
1300800 2768.0
1300810 2768.0
1300820 2767.7
1300830 2757.0
1300840 2757.0
1300850 2746.1
1300860 2738.3
1300870 2748.8
1300880 2743.5
1300890 2740.7
1300900 2740.7
1300910 2740.3
1300920 2748.4
1300930 2748.4
1300940 2760.2
1300950 2763.4
1300960 2759.5
1300970 2759.5
1300980 2753.9
1300990 2747.4
1301000 2747.4
1301010 2740.4
1301020 2730.7
1301030 2730.7
1301040 2724.4
1301050 2720.2
1301060 2720.2
1301070 2715.5
1301080 2709.6
1301090 2709.6
1301100 2705.3
1301110 2702.5
1301120 2702.5
1301130 2696.6
1301140 2691.0
1301150 2691.0
1301160 2684.6
1301170 2679.5
1301180 2674.3
1301190 2674.3
1301200 2671.6
1301210 2673.8
1301220 2673.8
1301230 2668.9
1301240 2664.3
1301250 2664.3
1301260 2658.1
1301270 2651.2
1301280 2651.2
1301290 2644.1
1301300 2637.1
1301310 2637.1
1301320 2632.1
1301330 2628.2
1301340 2628.2
1301350 2622.8
1301360 2616.6
1301370 2612.2
1301380 2612.2
1301390 2603.8
1301400 2593.0
1301410 2593.0
1301420 2583.3
1301430 2572.1
1301440 2572.1
1301450 2570.1
1301460 2566.2
1301470 2566.2
1301480 2548.5
1301490 2529.1
1301500 2529.1
1301510 2518.6
1301520 2511.0
1301530 2511.0
1301540 2505.7
1301550 2500.6
1301560 2509.6
1301570 2503.7
1301580 2495.0
1301590 2485.9
1301600 2485.9
1301610 2481.2
1301620 2482.3
1301630 2482.3
1301640 2483.3
1301650 2483.0
1301660 2483.0
1301670 2482.0
1301680 2480.8
1301690 2480.8
1301700 2479.5
1301710 2477.5
1301720 2477.5
1301730 2474.9
1301740 2472.5
1301750 2472.5
1301760 2470.7
1301770 2468.6
1301780 2465.8
1301790 2465.8
1301800 2463.4
1301810 2461.9
1301820 2461.9
1301830 2460.4
1301840 2457.9
1301850 2457.9
1301860 2454.7
1301870 2451.7
1301880 2451.7
1301890 2448.8
1301900 2445.9
1301910 2445.9
1301920 2443.3
1301930 2440.7
1301940 2440.7
1301950 2437.8
1301960 2435.3
1301970 2435.3
1301980 2433.1
1301990 2431.0
1302000 2429.0
1302010 2429.0
1302020 2426.9
1302030 2425.2
1302040 2425.2
1302050 2425.0
1302060 2426.9
1302070 2426.9
1302080 2428.4
1302090 2428.8
1302100 2428.8
1302110 2429.9
1302120 2433.3
1302130 2433.3
1302140 2440.4
1302150 2446.7
1302160 2446.7
1302170 2450.1
1302180 2453.4
1302190 2456.5
1302200 2456.5
1302210 2460.5
1302220 2463.6
1302230 2463.6
1302240 2465.8
1302250 2469.4
1302260 2469.4
1302270 2470.1
1302280 2471.9
1302290 2471.9
1302300 2474.2
1302310 2475.5
1302320 2475.5
1302330 2477.0
1302340 2479.4
1302350 2479.4
1302360 2482.9
1302370 2487.4
1302380 2487.4
1302390 2492.7
1302400 2498.7
1302410 2505.7
1302420 2505.7
1302430 2513.2
1302440 2522.1
1302450 2522.1
1302460 2530.0
1302470 2537.3
1302480 2537.3
1302490 2543.6
1302500 2548.4
1302510 2548.4
1302520 2554.7
1302530 2561.2
1302540 2561.2
1302550 2568.0
1302560 2576.4
1302570 2576.4
1302580 2582.2
1302590 2587.2
1302600 2592.4
1302610 2592.4
1302620 2597.7
1302630 2603.1
1302640 2603.1
1302650 2608.7
1302660 2614.6
1302670 2614.6
1302680 2619.7
1302690 2624.1
1302700 2624.1
1302710 2628.2
1302720 2632.3
1302730 2632.3
1302740 2636.4
1302750 2640.3
1302760 2640.3
1302770 2644.3
1302780 2647.0
1302790 2647.0
1302800 2649.3
1302810 2653.9
1302820 2659.0
1302830 2659.0
1302840 2662.9
1302850 2666.6
1302860 2666.6
1302870 2670.8
1302880 2674.0
1302890 2674.0
1302900 2677.5
1302910 2681.1
1302920 2681.1
1302930 2685.3
1302940 2689.0
1302950 2688.3
1302960 2692.4
1302970 2696.3
1302980 2696.3
1302990 2699.9
1303000 2704.1
1303010 2706.2
1303020 2706.2
1303030 2708.4
1303040 2711.8
1303050 2711.8
1303060 2715.5
1303070 2719.8
1303080 2719.8
1303090 2724.7
1303100 2730.0
1303110 2730.0
1303120 2735.2
1303130 2739.9
1303140 2739.9
1303150 2745.1
1303160 2751.3
1303170 2751.3
1303180 2757.5
1303190 2763.7
1303200 2763.7
1303210 2770.4
1303220 2775.9
1303230 2780.0
1303240 2780.0
1303250 2786.1
1303260 2796.3
1303270 2796.3
1303280 2809.4
1303290 2822.9
1303300 2822.9
1303310 2830.3
1303320 2835.8
1303330 2835.8
1303340 2845.0
1303350 2853.8
1303360 2853.8
1303370 2862.9
1303380 2870.8
1303390 2870.8
1303400 2879.2
1303410 2886.6
1303420 2894.1
1303430 2894.1
1303440 2901.3
1303450 2909.7
1303460 2909.7
1303470 2919.6
1303480 2930.4
1303490 2930.4
1303500 2939.4
1303510 2947.7
1303520 2947.7
1303530 2953.3
1303540 2945.9
1303550 2945.9
1303560 2947.5
1303570 2951.5
1303580 2951.5
1303590 2947.3
1303600 2941.4
1303610 2941.4
1303620 2949.1
1303630 2959.2
1303640 2946.0
1303650 2949.4
1303660 2919.9
1303670 2921.9
1303680 2921.9
1303690 2932.2
1303700 2929.0
1303710 2929.0
1303720 2932.5
1303730 2940.1
1303740 2940.1
1303750 2936.0
1303760 2919.4
1303770 2919.4
1303780 2902.9
1303790 2905.0
1303800 2905.0
1303810 2918.5
1303820 2925.1
1303830 2924.0
1303840 2924.0
1303850 2902.9
1303860 2882.4
1303870 2882.4
1303880 2889.9
1303890 2904.9
1303900 2904.9
1303910 2905.3
1303920 2896.6
1303930 2896.6
1303940 2889.3
1303950 2885.5
1303960 2885.5
1303970 2880.3
1303980 2873.4
1303990 2873.4
1304000 2872.0
1304010 2871.3
1304020 2871.3
1304030 2875.5
1304040 2884.3
1304050 2881.8
1304060 2881.8
1304070 2886.2
1304080 2891.2
1304090 2891.2
1304100 2901.8
1304110 2912.3
1304120 2912.3
1304130 2915.4
1304140 2914.6
1304150 2914.6
1304160 2912.9
1304170 2907.0
1304180 2907.0
1304190 2895.2
1304200 2883.7
1304210 2883.7
1304220 2875.3
1304230 2865.3
1304240 2853.7
1304250 2853.7
1304260 2842.0
1304270 2828.4
1304280 2828.4
1304290 2817.7
1304300 2812.1
1304310 2812.1
1304320 2807.2
1304330 2801.6
1304340 2801.6
1304350 2791.5
1304360 2785.9
1304370 2785.9
1304380 2780.2
1304390 2774.5
1304400 2774.5
1304410 2769.6
1304420 2765.2
1304430 2765.2
1304440 2761.9
1304450 2759.3
1304460 2756.9
1304470 2756.9
1304480 2754.5
1304490 2752.6
1304500 2752.6
1304510 2750.6
1304520 2749.4
1304530 2749.4
1304540 2750.0
1304550 2741.1
1304560 2741.1
1304570 2728.9
1304580 2727.3
1304590 2727.3
1304600 2724.6
1304610 2717.5
1304620 2717.5
1304630 2708.9
1304640 2699.1
1304650 2688.8
1304660 2688.8
1304670 2678.2
1304680 2667.5
1304690 2667.5
1304700 2656.8
1304710 2646.4
1304720 2646.4
1304730 2634.9
1304740 2624.0
1304750 2624.0
1304760 2613.3
1304770 2602.3
1304780 2602.3
1304790 2590.4
1304800 2578.6
1304810 2578.6
1304820 2566.8
1304830 2554.7
1304840 2554.7
1304850 2541.9
1304860 2530.9
1304870 2521.1
1304880 2521.1
1304890 2511.1
1304900 2501.3
1304910 2501.3
1304920 2492.3
1304930 2483.5
1304940 2483.5
1304950 2474.6
1304960 2464.7
1304970 2464.7
1304980 2454.3
1304990 2444.4
1305000 2444.4
1305010 2434.0
1305020 2425.1
1305030 2425.1
1305040 2414.9
1305050 2396.2
1305060 2378.7
1305070 2378.7
1305080 2360.4
1305090 2343.6
1305100 2343.6
1305110 2325.1
1305120 2305.3
1305130 2305.3
1305140 2290.0
1305150 2281.0
1305160 2281.0
1305170 2281.7
1305180 2288.0
1305190 2288.0
1305200 2288.5
1305210 2285.4
1305220 2285.4
1305230 2275.6
1305240 2266.6
1305250 2266.6
1305260 2258.3
1305270 2249.0
1305280 2243.1
1305290 2243.1
1305300 2240.7
1305310 2236.9
1305320 2236.9
1305330 2230.6
1305340 2220.4
1305350 2220.4
1305360 2209.8
1305370 2202.9
1305380 2202.9
1305390 2195.1
1305400 2186.7
1305410 2186.7
1305420 2177.7
1305430 2168.0
1305440 2168.0
1305450 2160.1
1305460 2152.4
1305470 2145.7
1305480 2145.7
1305490 2138.4
1305500 2129.6
1305510 2129.6
1305520 2120.4
1305530 2111.2
1305540 2111.2
1305550 2102.7
1305560 2094.7
1305570 2094.7
1305580 2086.7
1305590 2080.3
1305600 2080.3
1305610 2076.3
1305620 2071.6
1305630 2071.6
1305640 2064.7
1305650 2056.5
1305660 2056.5
1305670 2046.9
1305680 2037.0
1305690 2028.2
1305700 2028.2
1305710 2021.4
1305720 2015.7
1305730 2015.7
1305740 2009.7
1305750 2003.7
1305760 2006.9
1305770 2000.0
1305780 1992.5
1305790 1992.5
1305800 1984.1
1305810 1977.4
1305820 1977.4
1305830 1972.2
1305840 1964.8
1305850 1964.8
1305860 1957.8
1305870 1952.8
1305880 1948.7
1305890 1948.7
1305900 1943.6
1305910 1938.2
1305920 1938.2
1305930 1932.5
1305940 1926.7
1305950 1926.7
1305960 1922.0
1305970 1915.6
1305980 1915.6
1305990 1909.7
1306000 1904.2
1306010 1904.2
1306020 1901.8
1306030 1899.7
1306040 1899.7
1306050 1896.5
1306060 1892.7
1306070 1892.7
1306080 1889.2
1306090 1885.9
1306100 1883.1
1306110 1883.1
1306120 1881.2
1306130 1879.4
1306140 1879.4
1306150 1877.5
1306160 1876.0
1306170 1876.0
1306180 1874.4
1306190 1872.8
1306200 1872.8
1306210 1870.6
1306220 1868.6
1306230 1868.6
1306240 1867.2
1306250 1865.9
1306260 1865.9
1306270 1864.0
1306280 1862.6
1306290 1862.1
1306300 1862.1
1306310 1861.3
1306320 1860.8
1306330 1860.8
1306340 1858.9
1306350 1857.6
1306360 1857.6
1306370 1858.6
1306380 1859.4
1306390 1859.4
1306400 1859.7
1306410 1859.9
1306420 1859.9
1306430 1860.4
1306440 1860.6
1306450 1860.6
1306460 1862.0
1306470 1864.3
1306480 1864.3
1306490 1865.0
1306500 1865.9
1306510 1867.2
1306520 1867.2
1306530 1867.7
1306540 1868.3
1306550 1868.3
1306560 1869.6
1306570 1870.8
1306580 1870.8
1306590 1872.5
1306600 1874.2
1306610 1874.2
1306620 1875.5
1306630 1875.7
1306640 1875.7
1306650 1876.1
1306660 1877.1
1306670 1877.1
1306680 1878.5
1306690 1881.9
1306700 1884.8
1306710 1884.8
1306720 1889.3
1306730 1893.7
1306740 1893.7
1306750 1897.6
1306760 1902.1
1306770 1902.1
1306780 1907.8
1306790 1913.2
1306800 1913.2
1306810 1918.6
1306820 1923.5
1306830 1923.5
1306840 1927.6
1306850 1930.7
1306860 1930.7
1306870 1933.2
1306880 1934.9
1306890 1934.9
1306900 1937.9
1306910 1943.6
1306920 1949.6
1306930 1949.6
1306940 1956.1
1306950 1963.1
1306960 1963.1
1306970 1969.4
1306980 1975.7
1306990 1975.7
1307000 1982.4
1307010 1989.5
1307020 1989.5
1307030 1997.4
1307040 2007.2
1307050 2007.2
1307060 2017.6
1307070 2027.6
1307080 2027.6
1307090 2035.2
1307100 2041.7
1307110 2047.7
1307120 2047.7
1307130 2055.0
1307140 2063.2
1307150 2063.2
1307160 2071.3
1307170 2078.7
1307180 2075.1
1307190 2082.0
1307200 2089.8
1307210 2089.8
1307220 2097.5
1307230 2104.6
1307240 2104.6
1307250 2110.8
1307260 2116.1
1307270 2116.1
1307280 2121.7
1307290 2127.5
1307300 2127.5
1307310 2134.2
1307320 2138.6
1307330 2139.1
1307340 2139.1
1307350 2140.6
1307360 2137.7
1307370 2137.7
1307380 2133.6
1307390 2121.7
1307400 2121.7
1307410 2126.3
1307420 2128.8
1307430 2128.8
1307440 2127.0
1307450 2124.9
1307460 2124.9
1307470 2118.1
1307480 2123.3
1307490 2123.3
1307500 2136.2
1307510 2146.7
1307520 2155.8
1307530 2155.8
1307540 2165.4
1307550 2172.4
1307560 2172.4
1307570 2178.3
1307580 2185.9
1307590 2185.9
1307600 2193.7
1307610 2199.7
1307620 2199.7
1307630 2204.8
1307640 2209.3
1307650 2209.3
1307660 2213.1
1307670 2216.3
1307680 2216.3
1307690 2220.6
1307700 2226.7
1307710 2226.7
1307720 2232.5
1307730 2237.7
1307740 2242.1
1307750 2242.1
1307760 2246.2
1307770 2249.5
1307780 2249.5
1307790 2253.3
1307800 2256.6
1307810 2256.6
1307820 2258.9
1307830 2262.7
1307840 2262.7
1307850 2268.5
1307860 2273.4
1307870 2273.4
1307880 2276.7
1307890 2281.2
1307900 2280.9
1307910 2285.7
1307920 2288.8
1307930 2292.1
1307940 2292.1
1307950 2295.2
1307960 2298.6
1307970 2298.6
1307980 2302.7
1307990 2307.7
1308000 2307.7
1308010 2313.4
1308020 2318.9
1308030 2318.9
1308040 2324.9
1308050 2332.1
1308060 2332.1
1308070 2339.3
1308080 2345.5
1308090 2345.5
1308100 2351.3
1308110 2356.4
1308120 2356.4
1308130 2360.9
1308140 2364.8
1308150 2369.1
1308160 2369.1
1308170 2373.0
1308180 2376.1
1308190 2376.1
1308200 2379.5
1308210 2383.4
1308220 2383.4
1308230 2387.6
1308240 2392.0
1308250 2392.0
1308260 2395.8
1308270 2399.0
1308280 2399.0
1308290 2401.8
1308300 2405.4
1308310 2405.4
1308320 2410.0
1308330 2413.5
1308340 2417.1
1308350 2417.1
1308360 2421.0
1308370 2424.2
1308380 2424.2
1308390 2427.3
1308400 2430.4
1308410 2430.4
1308420 2432.6
1308430 2436.5
1308440 2436.5
1308450 2440.8
1308460 2445.1
1308470 2445.1
1308480 2449.3
1308490 2453.1
1308500 2453.1
1308510 2456.7
1308520 2459.5
1308530 2459.5
1308540 2460.6
1308550 2461.1
1308560 2462.9
1308570 2462.9
1308580 2464.0
1308590 2463.3
1308600 2463.3
1308610 2463.9
1308620 2464.9
1308630 2464.9
1308640 2466.1
1308650 2465.7
1308660 2465.7
1308670 2465.9
1308680 2466.0
1308690 2466.0
1308700 2466.8
1308710 2469.0
1308720 2469.0
1308730 2471.3
1308740 2473.0
1308750 2473.7
1308760 2473.7
1308770 2474.6
1308780 2474.6
1308790 2474.6
1308800 2472.3
1308810 2470.6
1308820 2470.6
1308830 2467.1
1308840 2464.9
1308850 2464.9
1308860 2462.7
1308870 2460.8
1308880 2460.8
1308890 2458.7
1308900 2456.4
1308910 2456.4
1308920 2454.8
1308930 2453.1
1308940 2453.1
1308950 2451.5
1308960 2449.4
1308970 2447.3
1308980 2447.3
1308990 2445.9
1309000 2444.3
1309010 2444.3
1309020 2442.8
1309030 2441.6
1309040 2441.6
1309050 2441.1
1309060 2444.2
1309070 2444.2
1309080 2448.3
1309090 2453.9
1309100 2453.9
1309110 2460.6
1309120 2464.6
1309130 2464.6
1309140 2469.3
1309150 2474.5
1309160 2480.5
1309170 2480.5
1309180 2487.4
1309190 2493.3
1309200 2493.3
1309210 2497.9
1309220 2500.4
1309230 2500.4
1309240 2502.3
1309250 2504.1
1309260 2504.1
1309270 2500.5
1309280 2499.5
1309290 2499.5
1309300 2509.5
1309310 2516.3
1309320 2516.3
1309330 2519.7
1309340 2531.6
1309350 2531.6
1309360 2532.0
1309370 2533.1
1309380 2536.6
1309390 2536.6
1309400 2540.5
1309410 2544.1
1309420 2544.1
1309430 2548.9
1309440 2551.0
1309450 2551.0
1309460 2551.2
1309470 2550.7
1309480 2550.7
1309490 2552.8
1309500 2555.0
1309510 2555.0
1309520 2558.0
1309530 2563.4
1309540 2563.4
1309550 2569.2
1309560 2575.2
1309570 2580.7
1309580 2580.7
1309590 2585.8
1309600 2590.8
1309610 2590.8
1309620 2595.4
1309630 2599.7
1309640 2599.7
1309650 2605.9
1309660 2613.7
1309670 2613.7
1309680 2621.0
1309690 2627.5
1309700 2627.5
1309710 2631.8
1309720 2634.8
1309730 2634.8
1309740 2638.0
1309750 2641.4
1309760 2641.4
1309770 2643.7
1309780 2647.3
1309790 2650.9
1309800 2650.9
1309810 2654.3
1309820 2656.1
1309830 2656.1
1309840 2657.0
1309850 2659.1
1309860 2659.1
1309870 2661.7
1309880 2664.4
1309890 2664.4
1309900 2668.6
1309910 2674.1
1309920 2674.1
1309930 2682.0
1309940 2692.0
1309950 2692.0
1309960 2703.1
1309970 2713.3
1309980 2722.0
1309990 2722.0
1310000 2729.2
1310010 2735.6
1310020 2735.6
1310030 2741.6
1310040 2745.9
1310050 2745.9
1310060 2757.0
1310070 2766.9
1310080 2766.9
1310090 2775.6
1310100 2783.4
1310110 2783.4
1310120 2790.2
1310130 2795.3
1310140 2795.3
1310150 2801.9
1310160 2808.3
1310170 2808.3
1310180 2814.5
1310190 2820.1
1310200 2824.6
1310210 2824.6
1310220 2828.8
1310230 2832.7
1310240 2832.7
1310250 2836.8
1310260 2840.9
1310270 2840.9
1310280 2845.7
1310290 2851.0
1310300 2851.0
1310310 2856.6
1310320 2861.9
1310330 2861.9
1310340 2866.5
1310350 2871.1
1310360 2871.1
1310370 2875.9
1310380 2880.7
1310390 2885.2
1310400 2885.2
1310410 2890.1
1310420 2895.0
1310430 2895.0
1310440 2899.5
1310450 2903.8
1310460 2903.8
1310470 2908.1
1310480 2912.6
1310490 2912.6
1310500 2917.6
1310510 2922.5
1310520 2922.5
1310530 2926.4
1310540 2929.1
1310550 2929.1
1310560 2932.1
1310570 2934.4
1310580 2934.4
1310590 2936.9
1310600 2940.7
1310610 2945.8
1310620 2945.8
1310630 2951.2
1310640 2956.4
1310650 2956.4
1310660 2962.2
1310670 2967.7
1310680 2967.7
1310690 2972.4
1310700 2976.7
1310710 2976.7
1310720 2980.6
1310730 2984.3
1310740 2984.3
1310750 2988.5
1310760 2992.8
1310770 2992.8
1310780 2997.1
1310790 3004.6
1310800 3008.5
1310810 3008.5
1310820 3011.8
1310830 3015.0
1310840 3015.0
1310850 3017.9
1310860 3020.4
1310870 3020.4
1310880 3023.7
1310890 3027.5
1310900 3027.5
1310910 3028.2
1310920 3028.7
1310930 3028.7
1310940 3037.6
1310950 3043.3
1310960 3043.3
1310970 3046.1
1310980 3047.5
1310990 3047.5
1311000 3047.9
1311010 3050.2
1311020 3056.4
1311030 3056.4
1311040 3063.7
1311050 3075.3
1311060 3075.3
1311070 3087.5
1311080 3100.9
1311090 3100.9
1311100 3114.5
1311110 3124.1
1311120 3124.1
1311130 3135.3
1311140 3156.9
1311150 3156.9
1311160 3168.9
1311170 3157.3
1311180 3157.3
1311190 3146.0
1311200 3134.9
1311210 3124.4
1311220 3124.4
1311230 3115.4
1311240 3105.5
1311250 3105.5
1311260 3090.8
1311270 3078.8
1311280 3078.8
1311290 3073.5
1311300 3069.0
1311310 3069.0
1311320 3065.1
1311330 3062.6
1311340 3062.6
1311350 3061.3
1311360 3060.4
1311370 3060.4
1311380 3058.4
1311390 3055.0
1311400 3055.0
1311410 3053.4
1311420 3054.8
1311430 3054.2
1311440 3054.2
1311450 3052.6
1311460 3050.4
1311470 3050.4
1311480 3047.1
1311490 3042.9
1311500 3042.9
1311510 3038.9
1311520 3038.6
1311530 3038.6
1311540 3033.6
1311550 3028.9
1311560 3028.9
1311570 3024.5
1311580 3020.5
1311590 3020.5
1311600 3017.1
1311610 3014.5
1311620 3012.5
1311630 3012.5
1311640 3011.0
1311650 3010.0
1311660 3010.0
1311670 3009.7
1311680 3009.8
1311690 3009.8
1311700 3013.9
1311710 3018.7
1311720 3018.7
1311730 3009.4
1311740 2996.8
1311750 2996.8
1311760 2985.4
1311770 2972.6
1311780 2972.6
1311790 2959.4
1311800 2948.3
1311810 2948.3
1311820 2948.3
1311830 2949.2
1311840 2947.5
1311850 2947.5
1311860 2942.5
1311870 2935.4
1311880 2935.4
1311890 2933.8
1311900 2928.9
1311910 2928.9
1311920 2924.5
1311930 2921.7
1311940 2921.7
1311950 2919.7
1311960 2917.7
1311970 2917.7
1311980 2915.7
1311990 2913.8
1312000 2913.8
1312010 2912.2
1312020 2911.3
1312030 2910.8
1312040 2910.8
1312050 2910.6
1312060 2910.3
1312070 2910.3
1312080 2910.0
1312090 2909.5
1312100 2909.5
1312110 2908.9
1312120 2908.2
1312130 2908.2
1312140 2907.5
1312150 2906.6
1312160 2906.6
1312170 2905.6
1312180 2904.2
1312190 2904.2
1312200 2902.3
1312210 2900.5
1312220 2900.5
1312230 2898.9
1312240 2896.6
1312250 2899.0
1312260 2899.0
1312270 2896.5
1312280 2892.8
1312290 2892.8
1312300 2888.9
1312310 2882.8
1312320 2882.8
1312330 2878.4
1312340 2876.1
1312350 2876.1
1312360 2874.9
1312370 2874.5
1312380 2874.5
1312390 2874.1
1312400 2873.7
1312410 2873.7
1312420 2873.4
1312430 2873.3
1312440 2873.5
1312450 2873.5
1312460 2873.8
1312470 2874.3
1312480 2874.3
1312490 2874.9
1312500 2875.4
1312510 2875.4
1312520 2875.8
1312530 2876.0
1312540 2876.0
1312550 2876.1
1312560 2875.9
1312570 2875.9
1312580 2875.7
1312590 2875.4
1312600 2875.4
1312610 2875.2
1312620 2875.0
1312630 2875.0
1312640 2875.0
1312650 2875.0
1312660 2874.7
1312670 2874.7
1312680 2874.2
1312690 2872.1
1312700 2872.1
1312710 2870.2
1312720 2868.1
1312730 2868.1
1312740 2864.5
1312750 2861.2
1312760 2861.2
1312770 2858.6
1312780 2856.0
1312790 2856.0
1312800 2852.9
1312810 2850.0
1312820 2850.0
1312830 2847.0
1312840 2844.1
1312850 2840.4
1312860 2840.4
1312870 2835.9
1312880 2832.0
1312890 2832.0
1312900 2829.5
1312910 2828.2
1312920 2828.2
1312930 2827.4
1312940 2825.2
1312950 2825.2
1312960 2825.1
1312970 2824.5
1312980 2824.5
1312990 2830.1
1313000 2830.4
1313010 2830.4
1313020 2830.1
1313030 2829.7
1313040 2829.7
1313050 2830.5
1313060 2830.4
1313070 2830.0
1313080 2830.0
1313090 2829.5
1313100 2828.9
1313110 2828.9
1313120 2827.8
1313130 2826.0
1313140 2826.0
1313150 2824.5
1313160 2823.8
1313170 2823.8
1313180 2823.3
1313190 2822.8
1313200 2822.8
1313210 2820.4
1313220 2818.2
1313230 2818.2
1313240 2817.0
1313250 2814.8
1313260 2813.1
1313270 2813.1
1313280 2810.3
1313290 2808.4
1313300 2808.4
1313310 2806.3
1313320 2804.4
1313330 2804.4
1313340 2801.8
1313350 2800.1
1313360 2800.1
1313370 2799.6
1313380 2797.7
1313390 2797.7
1313400 2793.6
1313410 2787.8
1313420 2787.8
1313430 2783.5
1313440 2782.6
1313450 2782.6
1313460 2781.2
1313470 2780.5
1313480 2779.7
1313490 2779.7
1313500 2779.8
1313510 2782.0
1313520 2782.0
1313530 2785.0
1313540 2786.5
1313550 2786.5
1313560 2789.2
1313570 2790.6
1313580 2790.6
1313590 2792.4
1313600 2793.8
1313610 2793.8
1313620 2797.3
1313630 2798.8
1313640 2798.8
1313650 2800.1
1313660 2801.4
1313670 2803.0
1313680 2803.0
1313690 2804.5
1313700 2804.7
1313710 2804.7
1313720 2805.2
1313730 2807.1
1313740 2807.1
1313750 2807.1
1313760 2807.9
1313770 2807.9
1313780 2808.2
1313790 2807.9
1313800 2807.9
1313810 2804.9
1313820 2802.9
1313830 2802.9
1313840 2802.0
1313850 2800.2
1313860 2800.2
1313870 2799.8
1313880 2798.7
1313890 2798.0
1313900 2798.0
1313910 2799.1
1313920 2801.1
1313930 2801.1
1313940 2801.2
1313950 2800.4
1313960 2800.4
1313970 2800.5
1313980 2801.9
1313990 2801.9
1314000 2800.5
1314010 2799.9
1314020 2799.9
1314030 2799.9
1314040 2799.0
1314050 2799.0
1314060 2798.0
1314070 2798.1
1314080 2800.4
1314090 2800.4
1314100 2801.8
1314110 2802.4
1314120 2802.4
1314130 2803.8
1314140 2805.7
1314150 2805.7
1314160 2807.4
1314170 2808.6
1314180 2808.6
1314190 2810.7
1314200 2815.3
1314210 2815.3
1314220 2826.3
1314230 2845.2
1314240 2845.2
1314250 2868.3
1314260 2881.8
1314270 2881.8
1314280 2898.9
1314290 2911.9
1314300 2909.7
1314310 2909.7
1314320 2903.3
1314330 2896.5
1314340 2896.5
1314350 2889.9
1314360 2884.0
1314370 2884.0
1314380 2878.8
1314390 2874.7
1314400 2874.7
1314410 2871.6
1314420 2868.8
1314430 2868.8
1314440 2865.9
1314450 2863.5
1314460 2863.5
1314470 2864.6
1314480 2862.9
1314490 2861.8
1314500 2861.8
1314510 2860.9
1314520 2859.8
1314530 2859.8
1314540 2858.8
1314550 2857.6
1314560 2857.6
1314570 2856.3
1314580 2855.5
1314590 2855.5
1314600 2853.9
1314610 2851.7
1314620 2851.7
1314630 2850.3
1314640 2848.8
1314650 2848.8
1314660 2847.5
1314670 2846.4
1314680 2846.4
1314690 2845.0
1314700 2843.4
1314710 2842.0
1314720 2842.0
1314730 2840.6
1314740 2839.5
1314750 2839.5
1314760 2838.0
1314770 2836.0
1314780 2836.0
1314790 2833.9
1314800 2831.1
1314810 2831.1
1314820 2828.1
1314830 2825.9
1314840 2825.9
1314850 2824.1
1314860 2822.4
1314870 2822.4
1314880 2820.5
1314890 2818.6
1314900 2816.5
1314910 2816.5
1314920 2814.3
1314930 2812.3
1314940 2812.3
1314950 2810.7
1314960 2809.5
1314970 2809.5
1314980 2808.2
1314990 2806.2
1315000 2806.2
1315010 2803.8
1315020 2801.3
1315030 2801.3
1315040 2799.0
1315050 2797.2
1315060 2797.2
1315070 2796.2
1315080 2794.9
1315090 2794.9
1315100 2793.8
1315110 2792.0
1315120 2789.9
1315130 2789.9
1315140 2787.9
1315150 2786.9
1315160 2786.9
1315170 2786.3
1315180 2784.9
1315190 2784.9
1315200 2783.5
1315210 2782.2
1315220 2784.5
1315230 2782.0
1315240 2779.9
1315250 2779.9
1315260 2778.5
1315270 2777.3
1315280 2777.3
1315290 2775.6
1315300 2773.0
1315310 2771.4
1315320 2771.4
1315330 2769.8
1315340 2767.7
1315350 2767.7
1315360 2766.2
1315370 2764.4
1315380 2764.4
1315390 2762.1
1315400 2760.1
1315410 2760.1
1315420 2758.2
1315430 2756.3
1315440 2756.3
1315450 2754.5
1315460 2752.3
1315470 2752.3
1315480 2750.1
1315490 2747.7
1315500 2747.7
1315510 2745.5
1315520 2743.8
1315530 2742.3
1315540 2742.3
1315550 2740.5
1315560 2738.7
1315570 2738.7
1315580 2736.9
1315590 2734.5
1315600 2734.5
1315610 2731.3
1315620 2728.4
1315630 2728.4
1315640 2726.1
1315650 2722.8
1315660 2722.8
1315670 2718.8
1315680 2715.5
1315690 2715.5
1315700 2713.6
1315710 2708.5
1315720 2705.1
1315730 2705.1
1315740 2703.0
1315750 2700.9
1315760 2700.9
1315770 2697.2
1315780 2692.7
1315790 2692.7
1315800 2688.8
1315810 2687.5
1315820 2687.5
1315830 2684.9
1315840 2681.2
1315850 2681.2
1315860 2677.8
1315870 2673.7
1315880 2673.7
1315890 2670.0
1315900 2666.5
1315910 2666.5
1315920 2663.3
1315930 2661.2
1315940 2660.2
1315950 2660.2
1315960 2659.5
1315970 2662.0
1315980 2662.0
1315990 2660.7
1316000 2658.9
1316010 2658.9
1316020 2657.4
1316030 2657.0
1316040 2657.0
1316050 2657.4
1316060 2658.2
1316070 2658.2
1316080 2659.4
1316090 2660.7
1316100 2660.7
1316110 2661.8
1316120 2662.9
1316130 2664.2
1316140 2664.2
1316150 2665.2
1316160 2666.1
1316170 2666.1
1316180 2667.8
1316190 2669.9
1316200 2669.9
1316210 2671.7
1316220 2673.3
1316230 2673.3
1316240 2675.1
1316250 2677.4
1316260 2677.4
1316270 2679.7
1316280 2681.9
1316290 2681.9
1316300 2684.8
1316310 2687.8
1316320 2687.8
1316330 2690.2
1316340 2692.5
1316350 2696.0
1316360 2696.0
1316370 2698.6
1316380 2700.6
1316390 2700.6
1316400 2702.7
1316410 2704.5
1316420 2704.5
1316430 2706.0
1316440 2707.7
1316450 2707.7
1316460 2709.2
1316470 2710.6
1316480 2710.6
1316490 2712.0
1316500 2713.8
1316510 2713.8
1316520 2715.3
1316530 2716.6
1316540 2717.9
1316550 2717.9
1316560 2719.4
1316570 2720.5
1316580 2720.5
1316590 2722.5
1316600 2725.0
1316610 2725.0
1316620 2727.1
1316630 2727.9
1316640 2727.9
1316650 2728.8
1316660 2731.2
1316670 2731.2
1316680 2734.5
1316690 2737.0
1316700 2737.0
1316710 2739.1
1316720 2744.9
1316730 2744.9
1316740 2747.2
1316750 2749.7
1316760 2751.8
1316770 2751.8
1316780 2754.3
1316790 2757.1
1316800 2757.1
1316810 2760.1
1316820 2763.5
1316830 2763.5
1316840 2767.0
1316850 2770.1
1316860 2770.1
1316870 2773.1
1316880 2775.6
1316890 2775.6
1316900 2778.1
1316910 2780.1
1316920 2780.1
1316930 2782.8
1316940 2785.6
1316950 2788.0
1316960 2788.0
1316970 2790.0
1316980 2792.8
1316990 2792.8
1317000 2796.0
1317010 2799.2
1317020 2799.2
1317030 2802.4
1317040 2805.6
1317050 2805.6
1317060 2809.2
1317070 2813.0
1317080 2813.0
1317090 2817.6
1317100 2823.3
1317110 2823.3
1317120 2829.1
1317130 2834.0
1317140 2834.0
1317150 2838.6
1317160 2842.4
1317170 2845.3
1317180 2845.3
1317190 2848.7
1317200 2853.2
1317210 2853.2
1317220 2857.9
1317230 2861.2
1317240 2861.2
1317250 2864.6
1317260 2868.9
1317270 2868.9
1317280 2874.0
1317290 2880.0
1317300 2880.0
1317310 2888.1
1317320 2897.6
1317330 2897.6
1317340 2905.6
1317350 2911.1
1317360 2915.1
1317370 2915.1
1317380 2920.0
1317390 2925.3
1317400 2925.3
1317410 2931.9
1317420 2938.8
1317430 2938.8
1317440 2944.8
1317450 2950.7
1317460 2950.7
1317470 2957.4
1317480 2973.7
1317490 2973.7
1317500 2981.2
1317510 2988.5
1317520 2988.5
1317530 2994.4
1317540 3000.4
1317550 3000.4
1317560 3005.7
1317570 3010.7
1317580 3016.0
1317590 3016.0
1317600 3021.7
1317610 3025.5
1317620 3025.5
1317630 3028.0
1317640 3029.8
1317650 3029.8
1317660 3030.5
1317670 3031.8
1317680 3031.8
1317690 3032.4
1317700 3033.2
1317710 3033.2
1317720 3035.5
1317730 3040.3
1317740 3040.3
1317750 3046.4
1317760 3052.8
1317770 3052.8
1317780 3059.1
1317790 3064.9
1317800 3070.5
1317810 3070.5
1317820 3076.8
1317830 3084.4
1317840 3084.4
1317850 3091.9
1317860 3098.9
1317870 3098.9
1317880 3105.8
1317890 3112.8
1317900 3112.8
1317910 3120.1
1317920 3127.4
1317930 3127.4
1317940 3135.1
1317950 3143.2
1317960 3143.2
1317970 3151.9
1317980 3163.2
1317990 3172.3
1318000 3172.3
1318010 3176.2
1318020 3180.2
1318030 3180.2
1318040 3177.6
1318050 3173.2
1318060 3173.2
1318070 3166.9
1318080 3158.3
1318090 3158.3
1318100 3149.4
1318110 3139.4
1318120 3139.4
1318130 3129.8
1318140 3121.6
1318150 3121.6
1318160 3108.0
1318170 3095.0
1318180 3095.0
1318190 3083.5
1318200 3073.8
1318210 3064.8
1318220 3064.8
1318230 3054.3
1318240 3046.3
1318250 3046.3
1318260 3036.1
1318270 3017.5
1318280 3017.5
1318290 2999.3
1318300 2987.0
1318310 2987.0
1318320 2976.8
1318330 2969.2
1318340 2969.2
1318350 2963.0
1318360 2958.9
1318370 2958.9
1318380 2958.9
1318390 2962.1
1318400 2966.0
1318410 2966.0
1318420 2964.4
1318430 2958.0
1318440 2958.0
1318450 2954.0
1318460 2951.8
1318470 2951.8
1318480 2948.3
1318490 2943.5
1318500 2943.5
1318510 2936.7
1318520 2929.4
1318530 2929.4
1318540 2924.1
1318550 2922.9
1318560 2922.9
1318570 2923.1
1318580 2922.8
1318590 2922.8
