1300000 2520.1
1300010 2522.0
1300020 2522.0
1300030 2523.2
1300040 2524.4
1300050 2524.4
1300060 2525.8
1300070 2528.1
1300080 2528.1
1300090 2532.1
1300100 2538.2
1300110 2541.6
1300120 2541.6
1300130 2542.3
1300140 2543.9
1300150 2543.9
1300160 2546.0
1300170 2549.5
1300180 2549.5
1300190 2555.1
1300200 2561.9
1300210 2561.9
1300220 2568.2
1300230 2573.8
1300240 2573.8
1300250 2578.1
1300260 2583.0
1300270 2583.0
1300280 2587.9
1300290 2592.6
1300300 2592.6
1300310 2597.3
1300320 2602.1
1300330 2606.9
1300340 2606.9
1300350 2612.0
1300360 2617.2
1300370 2617.2
1300380 2622.6
1300390 2627.9
1300400 2627.9
1300410 2633.2
1300420 2639.1
1300430 2639.1
1300440 2644.7
1300450 2653.4
1300460 2653.4
1300470 2658.9
1300480 2664.3
1300490 2664.3
1300500 2669.4
1300510 2674.7
1300520 2679.8
1300530 2679.8
1300540 2684.7
1300550 2688.9
1300560 2688.9
1300570 2692.1
1300580 2694.6
1300590 2694.6
1300600 2692.8
1300610 2688.2
1300620 2688.2
1300630 2684.4
1300640 2684.0
1300650 2684.0
1300660 2685.8
1300670 2689.4
1300680 2689.4
1300690 2693.1
1300700 2694.3
1300710 2694.3
1300720 2696.9
1300730 2702.6
1300740 2703.9
1300750 2703.9
1300760 2702.4
1300770 2703.2
1300780 2703.2
1300790 2706.2
1300800 2707.7
1300810 2707.7
1300820 2709.7
1300830 2713.9
1300840 2713.9
1300850 2718.6
1300860 2722.4
1300870 2722.4
1300880 2726.9
1300890 2733.1
1300900 2733.1
1300910 2739.7
1300920 2742.0
1300930 2744.3
1300940 2744.3
1300950 2747.3
1300960 2750.5
1300970 2750.5
1300980 2753.2
1300990 2755.4
1301000 2755.4
1301010 2757.3
1301020 2757.9
1301030 2757.9
1301040 2758.6
1301050 2758.0
1301060 2758.0
1301070 2758.7
1301080 2759.3
1301090 2759.3
1301100 2759.1
1301110 2759.5
1301120 2759.5
1301130 2759.8
1301140 2751.0
1301150 2750.4
1301160 2750.4
1301170 2751.1
1301180 2752.8
1301190 2752.8
1301200 2754.6
1301210 2756.8
1301220 2756.8
1301230 2759.5
1301240 2762.4
1301250 2762.4
1301260 2765.4
1301270 2766.6
1301280 2766.6
1301290 2767.2
1301300 2767.7
1301310 2767.7
1301320 2768.6
1301330 2769.6
1301340 2770.3
1301350 2770.3
1301360 2770.9
1301370 2771.6
1301380 2771.6
1301390 2771.4
1301400 2771.3
1301410 2771.3
1301420 2773.2
1301430 2773.9
1301440 2773.9
1301450 2773.1
1301460 2771.9
1301470 2771.9
1301480 2768.8
1301490 2764.9
1301500 2764.9
1301510 2762.5
1301520 2762.2
1301530 2762.2
1301540 2762.6
1301550 2762.3
1301560 2760.8
1301570 2760.8
1301580 2757.6
1301590 2753.4
1301600 2753.4
1301610 2751.3
1301620 2751.1
1301630 2751.1
1301640 2751.1
1301650 2751.2
1301660 2751.2
1301670 2751.1
1301680 2750.9
1301690 2750.9
1301700 2750.2
1301710 2749.3
1301720 2749.3
1301730 2748.4
1301740 2747.6
1301750 2746.5
1301760 2746.5
1301770 2745.3
1301780 2744.4
1301790 2744.4
1301800 2743.4
1301810 2742.6
1301820 2742.6
1301830 2743.3
1301840 2742.5
1301850 2742.5
1301860 2741.2
1301870 2740.4
1301880 2740.4
1301890 2740.2
1301900 2738.4
1301910 2738.4
1301920 2734.1
1301930 2728.9
1301940 2728.9
1301950 2725.2
1301960 2722.7
1301970 2719.9
1301980 2719.9
1301990 2715.6
1302000 2711.4
1302010 2711.4
1302020 2707.3
1302030 2704.3
1302040 2704.3
1302050 2702.9
1302060 2701.4
1302070 2701.4
1302080 2699.8
1302090 2699.4
1302100 2699.4
1302110 2700.2
1302120 2700.6
1302130 2700.6
1302140 2699.7
1302150 2697.6
1302160 2696.4
1302170 2696.4
1302180 2695.4
1302190 2693.8
1302200 2693.8
1302210 2691.4
1302220 2688.5
1302230 2688.5
1302240 2685.0
1302250 2681.9
1302260 2681.9
1302270 2679.4
1302280 2676.1
1302290 2676.1
1302300 2671.2
1302310 2665.4
1302320 2665.4
1302330 2660.7
1302340 2656.8
1302350 2656.8
1302360 2653.3
1302370 2648.9
1302380 2642.8
1302390 2642.8
1302400 2637.9
1302410 2634.7
1302420 2634.7
1302430 2631.9
1302440 2629.7
1302450 2629.7
1302460 2627.7
1302470 2626.6
1302480 2626.6
1302490 2626.5
1302500 2626.4
1302510 2626.4
1302520 2631.5
1302530 2633.2
1302540 2633.2
1302550 2636.2
1302560 2638.8
1302570 2641.4
1302580 2641.4
1302590 2645.0
1302600 2650.2
1302610 2650.2
1302620 2656.1
1302630 2662.4
1302640 2662.4
1302650 2668.0
1302660 2673.7
1302670 2673.7
1302680 2678.2
1302690 2682.4
1302700 2682.4
1302710 2686.2
1302720 2690.2
1302730 2690.2
1302740 2693.6
1302750 2697.0
1302760 2697.0
1302770 2699.6
1302780 2701.6
1302790 2703.3
1302800 2703.3
1302810 2704.6
1302820 2706.2
1302830 2706.2
1302840 2707.8
1302850 2709.6
1302860 2709.6
1302870 2712.4
1302880 2714.6
1302890 2714.6
1302900 2716.5
1302910 2718.6
1302920 2718.6
1302930 2719.8
1302940 2721.0
1302950 2721.0
1302960 2723.5
1302970 2728.1
1302980 2733.1
1302990 2733.1
1303000 2738.1
1303010 2742.9
1303020 2742.9
1303030 2748.3
1303040 2755.3
1303050 2755.3
1303060 2760.6
1303070 2765.6
1303080 2765.6
1303090 2770.3
1303100 2775.3
1303110 2775.3
1303120 2780.8
1303130 2785.9
1303140 2785.9
1303150 2791.3
1303160 2796.2
1303170 2796.2
1303180 2800.8
1303190 2805.0
1303200 2809.0
1303210 2809.0
1303220 2815.9
1303230 2819.7
1303240 2819.7
1303250 2824.4
1303260 2829.2
1303270 2829.2
1303280 2834.0
1303290 2839.0
1303300 2839.0
1303310 2844.9
1303320 2851.8
1303330 2851.8
1303340 2857.6
1303350 2863.6
1303360 2863.6
1303370 2868.7
1303380 2873.4
1303390 2877.9
1303400 2877.9
1303410 2882.8
1303420 2887.1
1303430 2887.1
1303440 2890.9
1303450 2895.0
1303460 2895.0
1303470 2899.4
1303480 2904.4
1303490 2904.4
1303500 2909.7
1303510 2915.1
1303520 2915.1
1303530 2921.5
1303540 2929.2
1303550 2929.2
1303560 2937.1
1303570 2946.9
1303580 2946.9
1303590 2961.4
1303600 2973.3
1303610 2984.8
1303620 2984.8
1303630 2995.9
1303640 3007.6
1303650 3007.6
1303660 3019.6
1303670 3032.0
1303680 3032.0
1303690 3041.9
1303700 3052.8
1303710 3052.8
1303720 3053.0
1303730 3041.7
1303740 3041.7
1303750 3031.3
1303760 3020.6
1303770 3020.6
1303780 3009.1
1303790 2997.3
1303800 2987.2
1303810 2987.2
1303820 2977.9
1303830 2966.9
1303840 2966.9
1303850 2954.8
1303860 2939.9
1303870 2939.9
1303880 2926.7
1303890 2912.1
1303900 2912.1
1303910 2895.5
1303920 2880.4
1303930 2880.4
1303940 2868.1
1303950 2854.4
1303960 2854.4
1303970 2837.6
1303980 2826.3
1303990 2826.3
1304000 2818.5
1304010 2811.7
1304020 2805.1
1304030 2805.1
1304040 2798.8
1304050 2792.6
1304060 2792.6
1304070 2786.2
1304080 2779.8
1304090 2779.8
1304100 2773.6
1304110 2767.5
1304120 2767.5
1304130 2761.7
1304140 2756.1
1304150 2756.1
1304160 2750.4
1304170 2744.4
1304180 2744.4
1304190 2738.7
1304200 2733.2
1304210 2728.0
1304220 2728.0
1304230 2723.1
1304240 2718.5
1304250 2718.5
1304260 2714.2
1304270 2710.0
1304280 2710.0
1304290 2706.4
1304300 2702.7
1304310 2702.7
1304320 2697.4
1304330 2692.0
1304340 2692.0
1304350 2687.0
1304360 2682.9
1304370 2682.9
1304380 2678.6
1304390 2673.8
1304400 2673.8
1304410 2667.3
1304420 2660.8
1304430 2654.4
1304440 2654.4
1304450 2648.5
1304460 2643.7
1304470 2643.7
1304480 2638.5
1304490 2633.2
1304500 2633.2
1304510 2627.5
1304520 2622.6
1304530 2622.6
1304540 2618.9
1304550 2614.9
1304560 2614.9
1304570 2610.1
1304580 2604.6
1304590 2604.6
1304600 2599.5
1304610 2594.7
1304620 2589.9
1304630 2589.9
1304640 2585.3
1304650 2580.9
1304660 2580.9
1304670 2575.4
1304680 2568.7
1304690 2568.7
1304700 2562.1
1304710 2555.7
1304720 2555.7
1304730 2549.4
1304740 2542.6
1304750 2542.6
1304760 2536.2
1304770 2531.9
1304780 2531.9
1304790 2528.5
1304800 2524.2
1304810 2524.2
1304820 2519.8
1304830 2515.3
1304840 2510.8
1304850 2510.8
1304860 2506.4
1304870 2501.4
1304880 2501.4
1304890 2495.3
1304900 2488.9
1304910 2488.9
1304920 2480.2
1304930 2472.6
1304940 2472.6
1304950 2466.6
1304960 2461.5
1304970 2461.5
1304980 2456.7
1304990 2451.3
1305000 2451.3
1305010 2446.1
1305020 2441.9
1305030 2437.3
1305040 2437.3
1305050 2432.9
1305060 2428.9
1305070 2428.9
1305080 2425.2
1305090 2421.2
1305100 2421.2
1305110 2416.7
1305120 2411.7
1305130 2411.7
1305140 2407.8
1305150 2404.4
1305160 2404.4
1305170 2400.7
1305180 2396.3
1305190 2396.3
1305200 2391.9
1305210 2388.2
1305220 2388.2
1305230 2385.3
1305240 2381.0
1305250 2375.7
1305260 2375.7
1305270 2371.5
1305280 2369.3
1305290 2369.3
1305300 2366.0
1305310 2363.1
1305320 2363.1
1305330 2360.4
1305340 2356.4
1305350 2356.4
1305360 2356.1
1305370 2354.5
1305380 2354.5
1305390 2349.4
1305400 2343.6
1305410 2343.6
1305420 2337.7
1305430 2333.2
1305440 2330.8
1305450 2330.8
1305460 2324.9
1305470 2319.4
1305480 2319.4
1305490 2314.8
1305500 2307.4
1305510 2307.4
1305520 2300.2
1305530 2298.0
1305540 2298.0
1305550 2294.3
1305560 2288.5
1305570 2288.5
1305580 2284.3
1305590 2279.6
1305600 2279.6
1305610 2274.8
1305620 2270.3
1305630 2270.3
1305640 2266.7
1305650 2262.5
1305660 2256.9
1305670 2256.9
1305680 2251.7
1305690 2249.5
1305700 2249.5
1305710 2249.7
1305720 2250.0
1305730 2250.0
1305740 2246.5
1305750 2243.7
1305760 2243.7
1305770 2242.8
1305780 2242.3
1305790 2242.3
1305800 2240.2
1305810 2236.8
1305820 2236.8
1305830 2231.0
1305840 2225.9
1305850 2221.1
1305860 2221.1
1305870 2217.0
1305880 2212.9
1305890 2212.9
1305900 2208.6
1305910 2203.2
1305920 2203.2
1305930 2197.9
1305940 2194.8
1305950 2194.8
1305960 2192.2
1305970 2188.3
1305980 2188.3
1305990 2184.9
1306000 2179.0
1306010 2179.0
1306020 2172.3
1306030 2169.3
1306040 2169.3
1306050 2166.7
1306060 2166.6
1306070 2166.0
1306080 2166.0
1306090 2162.5
1306100 2155.9
1306110 2155.9
1306120 2146.0
1306130 2137.8
1306140 2137.8
1306150 2133.2
1306160 2135.9
1306170 2135.9
1306180 2132.2
1306190 2133.5
1306200 2133.5
1306210 2132.2
1306220 2129.3
1306230 2129.3
1306240 2124.9
1306250 2119.9
1306260 2115.0
1306270 2115.0
1306280 2111.7
1306290 2100.1
1306300 2100.1
1306310 2092.2
1306320 2082.5
1306330 2082.5
1306340 2071.1
1306350 2050.1
1306360 2050.1
1306370 2049.4
1306380 2049.7
1306390 2049.7
1306400 2042.9
1306410 2037.3
1306420 2037.3
1306430 2033.4
1306440 2028.0
1306450 2022.6
1306460 2022.6
1306470 2017.1
1306480 2010.0
1306490 2010.0
1306500 2001.0
1306510 1992.1
1306520 1992.1
1306530 1986.5
1306540 1981.1
1306550 1981.1
1306560 1978.4
1306570 1975.5
1306580 1975.5
1306590 1971.6
1306600 1968.5
1306610 1968.5
1306620 1968.0
1306630 1965.5
1306640 1965.5
1306650 1961.6
1306660 1959.4
1306670 1959.8
1306680 1959.8
1306690 1962.2
1306700 1963.6
1306710 1963.6
1306720 1964.8
1306730 1966.5
1306740 1970.1
1306750 1971.0
1306760 1969.0
1306770 1969.0
1306780 1968.3
1306790 1969.9
1306800 1969.9
1306810 1970.3
1306820 1969.6
1306830 1969.6
1306840 1968.9
1306850 1968.3
1306860 1967.6
1306870 1967.6
1306880 1967.0
1306890 1966.4
1306900 1966.4
1306910 1966.0
1306920 1967.5
1306930 1967.5
1306940 1968.4
1306950 1968.9
1306960 1968.9
1306970 1970.0
1306980 1970.0
1306990 1970.0
1307000 1969.3
1307010 1969.0
1307020 1969.0
1307030 1968.5
1307040 1968.5
1307050 1968.5
1307060 1968.4
1307070 1969.9
1307080 1971.3
1307090 1971.3
1307100 1972.6
1307110 1974.8
1307120 1974.8
1307130 1976.0
1307140 1978.1
1307150 1978.1
1307160 1979.7
1307170 1981.9
1307180 1981.9
1307190 1983.9
1307200 1985.9
1307210 1985.9
1307220 1987.8
1307230 1989.9
1307240 1989.9
1307250 1992.0
1307260 1994.8
1307270 1996.4
1307280 1996.4
1307290 1997.3
1307300 1999.4
1307310 1999.4
1307320 2001.2
1307330 2003.3
1307340 2003.3
1307350 2005.6
1307360 2007.2
1307370 2007.2
1307380 2009.0
1307390 2010.7
1307400 2010.7
1307410 2012.4
1307420 2015.5
1307430 2015.5
1307440 2020.3
1307450 2025.5
1307460 2025.5
1307470 2030.8
1307480 2036.2
1307490 2041.9
1307500 2041.9
1307510 2047.7
1307520 2053.1
1307530 2053.1
1307540 2058.3
1307550 2065.4
1307560 2065.4
1307570 2074.8
1307580 2082.3
1307590 2082.3
1307600 2087.8
1307610 2094.8
1307620 2094.8
1307630 2103.6
1307640 2112.8
1307650 2112.8
1307660 2120.9
1307670 2128.8
1307680 2138.8
1307690 2138.8
1307700 2151.4
1307710 2160.9
1307720 2160.9
1307730 2169.0
1307740 2177.9
1307750 2177.9
1307760 2186.6
1307770 2196.8
1307780 2196.8
1307790 2207.0
1307800 2216.6
1307810 2216.6
1307820 2226.2
1307830 2235.5
1307840 2235.5
1307850 2246.0
1307860 2257.6
1307870 2257.6
1307880 2269.3
1307890 2281.6
1307900 2294.0
1307910 2294.0
1307920 2304.8
1307930 2311.9
1307940 2311.9
1307950 2318.5
1307960 2327.9
1307970 2327.9
1307980 2337.2
1307990 2346.5
1308000 2346.5
1308010 2355.5
1308020 2362.2
1308030 2362.2
1308040 2371.0
1308050 2382.3
1308060 2382.3
1308070 2392.5
1308080 2402.2
1308090 2407.9
1308100 2407.9
1308110 2414.4
1308120 2422.1
1308130 2422.1
1308140 2429.2
1308150 2435.7
1308160 2435.7
1308170 2441.3
1308180 2443.6
1308190 2443.6
1308200 2445.1
1308210 2452.9
1308220 2452.9
1308230 2460.8
1308240 2464.6
1308250 2464.6
1308260 2469.8
1308270 2475.0
1308280 2475.0
1308290 2479.7
1308300 2486.8
1308310 2494.1
1308320 2494.1
1308330 2502.2
1308340 2506.4
1308350 2506.4
1308360 2509.3
1308370 2513.4
1308380 2513.4
1308390 2517.9
1308400 2522.1
1308410 2522.1
1308420 2525.0
1308430 2528.4
1308440 2528.4
1308450 2532.1
1308460 2536.1
1308470 2536.1
1308480 2540.4
1308490 2543.9
1308500 2546.2
1308510 2546.2
1308520 2548.1
1308530 2550.3
1308540 2550.3
1308550 2553.7
1308560 2557.2
1308570 2557.2
1308580 2561.0
1308590 2563.5
1308600 2563.5
1308610 2565.4
1308620 2568.4
1308630 2568.4
1308640 2570.9
1308650 2573.2
1308660 2573.2
1308670 2576.3
1308680 2579.7
1308690 2579.7
1308700 2582.7
1308710 2584.9
1308720 2586.7
1308730 2586.7
1308740 2588.9
1308750 2592.7
1308760 2592.7
1308770 2596.5
1308780 2600.2
1308790 2600.2
1308800 2603.0
1308810 2607.2
1308820 2607.2
1308830 2614.6
1308840 2622.4
1308850 2622.4
1308860 2630.0
1308870 2636.3
1308880 2636.3
1308890 2640.9
1308900 2644.6
1308910 2647.8
1308920 2647.8
1308930 2650.4
1308940 2652.7
1308950 2652.7
1308960 2654.1
1308970 2654.8
1308980 2654.8
1308990 2655.9
1309000 2656.9
1309010 2656.9
1309020 2658.5
1309030 2664.8
1309040 2664.8
1309050 2676.2
1309060 2684.3
1309070 2684.3
1309080 2688.9
1309090 2693.5
1309100 2693.5
1309110 2697.9
1309120 2700.8
1309130 2701.4
1309140 2701.4
1309150 2704.5
1309160 2709.6
1309170 2709.6
1309180 2713.1
1309190 2716.3
1309200 2716.3
1309210 2718.3
1309220 2720.6
1309230 2720.6
1309240 2721.0
1309250 2719.0
1309260 2719.0
1309270 2716.1
1309280 2714.1
1309290 2714.1
1309300 2712.9
1309310 2712.4
1309320 2713.7
1309330 2713.7
1309340 2717.6
1309350 2720.6
1309360 2720.6
1309370 2723.9
1309380 2726.9
1309390 2726.9
1309400 2729.7
1309410 2732.1
1309420 2732.1
1309430 2734.3
1309440 2735.6
1309450 2735.6
1309460 2735.8
1309470 2735.0
1309480 2735.0
1309490 2735.1
1309500 2735.9
1309510 2735.9
1309520 2736.3
1309530 2736.7
1309540 2738.4
1309550 2738.4
1309560 2741.0
1309570 2743.3
1309580 2743.3
1309590 2746.1
1309600 2749.4
1309610 2752.5
1309620 2755.9
1309630 2759.5
1309640 2759.5
1309650 2763.6
1309660 2767.7
1309670 2767.7
1309680 2771.8
1309690 2775.8
1309700 2775.8
1309710 2779.8
1309720 2783.9
1309730 2788.1
1309740 2788.1
1309750 2792.4
1309760 2797.0
1309770 2797.0
1309780 2801.9
1309790 2806.8
1309800 2806.8
1309810 2812.0
1309820 2817.4
1309830 2817.4
1309840 2822.6
1309850 2827.4
1309860 2827.4
1309870 2831.6
1309880 2835.3
1309890 2835.3
1309900 2838.7
1309910 2841.8
1309920 2841.8
1309930 2844.7
1309940 2847.6
1309950 2850.8
1309960 2850.8
1309970 2854.3
1309980 2858.0
1309990 2858.0
1310000 2861.9
1310010 2866.0
1310020 2866.0
1310030 2870.2
1310040 2874.0
1310050 2874.0
1310060 2877.4
1310070 2880.4
1310080 2880.4
1310090 2882.8
1310100 2885.8
1310110 2885.8
1310120 2888.7
1310130 2891.3
1310140 2894.0
1310150 2894.0
1310160 2896.8
1310170 2899.0
1310180 2899.0
1310190 2901.1
1310200 2903.4
1310210 2903.4
1310220 2904.4
1310230 2906.6
1310240 2906.6
1310250 2908.6
1310260 2910.6
1310270 2910.6
1310280 2912.7
1310290 2916.2
1310300 2916.2
1310310 2920.3
1310320 2923.8
1310330 2923.8
1310340 2933.0
1310350 2936.1
1310360 2939.1
1310370 2939.1
1310380 2942.5
1310390 2945.9
1310400 2945.9
1310410 2949.5
1310420 2953.8
1310430 2953.8
1310440 2958.9
1310450 2964.7
1310460 2964.7
1310470 2971.5
1310480 2980.5
1310490 2980.5
1310500 2995.9
1310510 3010.5
1310520 3010.5
1310530 3022.6
1310540 3033.4
1310550 3041.6
1310560 3041.6
1310570 3046.7
1310580 3053.2
1310590 3053.2
1310600 3061.3
1310610 3073.9
1310620 3073.9
1310630 3089.0
1310640 3097.2
1310650 3097.2
1310660 3102.2
1310670 3107.2
1310680 3107.2
1310690 3112.9
1310700 3119.3
1310710 3119.3
1310720 3126.4
1310730 3134.0
1310740 3134.0
1310750 3141.9
1310760 3150.3
1310770 3159.5
1310780 3159.5
1310790 3169.1
1310800 3177.3
1310810 3177.3
1310820 3186.2
1310830 3194.7
1310840 3194.7
1310850 3202.4
1310860 3208.7
1310870 3208.7
1310880 3211.4
1310890 3211.5
1310900 3211.5
1310910 3211.1
1310920 3210.7
1310930 3210.7
1310940 3209.6
1310950 3203.2
1310960 3199.2
1310970 3199.2
1310980 3198.7
1310990 3198.8
1311000 3198.8
1311010 3201.0
1311020 3203.7
1311030 3203.7
1311040 3206.0
1311050 3208.5
1311060 3208.5
1311070 3220.2
1311080 3224.0
1311090 3224.0
1311100 3228.6
1311110 3233.9
1311120 3233.9
1311130 3239.7
1311140 3245.9
1311150 3245.9
1311160 3253.9
1311170 3262.7
1311180 3272.1
1311190 3272.1
1311200 3280.5
1311210 3287.0
1311220 3287.0
1311230 3292.2
1311240 3297.3
1311250 3297.3
1311260 3305.0
1311270 3316.2
1311280 3316.2
1311290 3326.5
1311300 3335.8
1311310 3335.8
1311320 3343.8
1311330 3350.8
1311340 3350.8
1311350 3356.6
1311360 3361.7
1311370 3366.5
1311380 3366.5
1311390 3371.3
1311400 3376.3
1311410 3376.3
1311420 3381.6
1311430 3387.6
1311440 3387.6
1311450 3394.1
1311460 3401.1
1311470 3401.1
1311480 3408.9
1311490 3417.1
1311500 3417.1
1311510 3425.2
1311520 3435.0
1311530 3435.0
1311540 3437.6
1311550 3425.7
1311560 3425.7
1311570 3410.6
1311580 3393.4
1311590 3375.8
1311600 3375.8
1311610 3362.3
1311620 3344.3
1311630 3344.3
1311640 3328.9
1311650 3318.6
1311660 3318.6
1311670 3306.8
1311680 3294.8
1311690 3294.8
1311700 3283.6
1311710 3272.1
1311720 3272.1
1311730 3259.7
1311740 3243.5
1311750 3243.5
1311760 3223.8
1311770 3201.3
1311780 3178.9
1311790 3178.9
1311800 3160.1
1311810 3146.4
1311820 3146.4
1311830 3135.1
1311840 3125.3
1311850 3125.3
1311860 3117.7
1311870 3111.9
1311880 3111.9
1311890 3109.2
1311900 3107.6
1311910 3107.6
1311920 3105.5
1311930 3102.8
1311940 3102.8
1311950 3099.0
1311960 3096.0
1311970 3096.0
1311980 3094.0
1311990 3094.1
1312000 3097.6
1312010 3097.6
1312020 3097.1
1312030 3091.4
1312040 3091.4
1312050 3085.1
1312060 3086.5
1312070 3086.5
1312080 3085.0
1312090 3081.1
1312100 3081.1
1312110 3077.0
1312120 3073.4
1312130 3073.4
1312140 3070.8
1312150 3070.1
1312160 3070.1
1312170 3070.2
1312180 3070.0
1312190 3068.8
1312200 3068.8
1312210 3066.5
1312220 3064.5
1312230 3064.5
1312240 3061.6
1312250 3059.0
1312260 3059.0
1312270 3062.8
1312280 3062.4
1312290 3062.4
1312300 3060.7
1312310 3058.1
1312320 3058.1
1312330 3056.9
1312340 3056.7
1312350 3056.7
1312360 3055.1
1312370 3052.4
1312380 3050.9
1312390 3050.9
1312400 3053.7
1312410 3059.4
1312420 3059.4
1312430 3065.2
1312440 3069.7
1312450 3069.7
1312460 3072.4
1312470 3074.0
1312480 3074.0
1312490 3075.1
1312500 3075.0
1312510 3075.0
1312520 3071.9
1312530 3076.2
1312540 3076.2
1312550 3072.9
1312560 3069.2
1312570 3069.2
1312580 3064.3
1312590 3059.7
1312600 3055.1
1312610 3055.1
1312620 3053.8
1312630 3054.0
1312640 3054.0
1312650 3053.5
1312660 3052.7
1312670 3052.7
1312680 3051.9
1312690 3051.4
1312700 3051.4
1312710 3050.7
1312720 3050.0
1312730 3050.0
1312740 3049.1
1312750 3047.9
1312760 3047.9
1312770 3046.3
1312780 3044.6
1312790 3043.3
1312800 3043.3
1312810 3042.9
1312820 3043.6
1312830 3043.6
1312840 3045.0
1312850 3046.5
1312860 3046.5
1312870 3048.0
1312880 3050.0
1312890 3050.0
1312900 3052.2
1312910 3054.6
1312920 3054.6
1312930 3056.8
1312940 3058.9
1312950 3058.9
1312960 3060.4
1312970 3060.5
1312980 3060.5
1312990 3060.0
1313000 3059.5
1313010 3058.8
1313020 3058.8
1313030 3057.1
1313040 3056.7
1313050 3056.7
1313060 3057.2
1313070 3056.9
1313080 3056.9
1313090 3056.0
1313100 3055.0
1313110 3055.0
1313120 3054.0
1313130 3052.8
1313140 3052.8
1313150 3053.0
1313160 3053.3
1313170 3053.3
1313180 3053.0
1313190 3052.3
1313200 3052.1
1313210 3052.1
1313220 3049.5
1313230 3048.8
1313240 3048.8
1313250 3051.1
1313260 3051.9
1313270 3055.6
1313280 3057.0
1313290 3061.0
1313300 3061.0
1313310 3064.4
1313320 3067.3
1313330 3067.3
1313340 3070.1
1313350 3073.2
1313360 3073.2
1313370 3076.8
1313380 3081.6
1313390 3081.6
1313400 3086.5
1313410 3088.8
1313420 3085.1
1313430 3085.1
1313440 3073.8
1313450 3054.8
1313460 3054.8
1313470 3047.1
1313480 3045.1
1313490 3045.1
1313500 3042.9
1313510 3040.7
1313520 3040.7
1313530 3036.6
1313540 3035.3
1313550 3035.3
1313560 3034.6
1313570 3038.2
1313580 3038.2
1313590 3041.0
1313600 3041.7
1313610 3042.6
1313620 3042.6
1313630 3043.5
1313640 3045.0
1313650 3045.0
1313660 3047.2
1313670 3049.4
1313680 3049.4
1313690 3052.5
1313700 3056.8
1313710 3056.8
1313720 3061.9
1313730 3067.4
1313740 3067.4
1313750 3072.7
1313760 3077.5
1313770 3077.5
1313780 3081.7
1313790 3085.4
1313800 3085.4
1313810 3088.7
1313820 3091.3
1313830 3093.7
1313840 3093.7
1313850 3097.4
1313860 3101.0
1313870 3101.0
1313880 3105.1
1313890 3109.8
1313900 3109.8
1313910 3114.5
1313920 3119.5
1313930 3119.5
1313940 3125.0
1313950 3131.1
1313960 3131.1
1313970 3138.3
1313980 3144.6
1313990 3144.6
1314000 3139.8
1314010 3132.9
1314020 3123.2
1314030 3123.2
1314040 3113.8
1314050 3104.7
1314060 3104.7
1314070 3096.1
1314080 3088.5
1314090 3088.5
1314100 3082.1
1314110 3078.8
1314120 3078.8
1314130 3076.5
1314140 3073.4
1314150 3073.4
1314160 3070.1
1314170 3066.5
1314180 3066.5
1314190 3062.7
1314200 3059.0
1314210 3059.0
1314220 3055.7
1314230 3052.7
1314240 3049.7
1314250 3049.7
1314260 3047.1
1314270 3044.8
1314280 3044.8
1314290 3042.5
1314300 3040.3
1314310 3040.3
1314320 3038.0
1314330 3035.7
1314340 3035.7
1314350 3033.4
1314360 3031.2
1314370 3031.2
1314380 3029.4
1314390 3027.8
1314400 3027.8
1314410 3025.5
1314420 3022.7
1314430 3020.0
1314440 3020.0
1314450 3017.1
1314460 3014.3
1314470 3014.3
1314480 3011.9
1314490 3009.5
1314500 3009.5
1314510 3007.5
1314520 3005.8
1314530 3005.8
1314540 3003.5
1314550 2998.8
1314560 2998.8
1314570 2994.7
1314580 2993.3
1314590 2993.3
1314600 2992.3
1314610 2990.9
1314620 2990.9
1314630 2989.8
1314640 2987.6
1314650 2984.1
1314660 2984.1
1314670 2981.5
1314680 2978.8
1314690 2978.8
1314700 2976.1
1314710 2972.8
1314720 2972.8
1314730 2969.2
1314740 2968.9
1314750 2968.9
1314760 2971.6
1314770 2970.3
1314780 2970.3
1314790 2968.7
1314800 2966.9
1314810 2966.9
1314820 2964.9
1314830 2962.6
1314840 2960.0
1314850 2960.0
1314860 2957.2
1314870 2954.6
1314880 2954.6
1314890 2952.2
1314900 2950.0
1314910 2950.0
1314920 2948.0
1314930 2945.7
1314940 2945.7
1314950 2941.5
1314960 2937.6
1314970 2937.6
1314980 2938.6
1314990 2939.0
1315000 2939.0
1315010 2937.2
1315020 2937.9
1315030 2937.9
1315040 2938.8
1315050 2937.5
1315060 2934.5
1315070 2934.5
1315080 2934.1
1315090 2934.8
1315100 2934.8
1315110 2933.4
1315120 2932.0
1315130 2932.0
1315140 2930.8
1315150 2929.7
1315160 2929.7
1315170 2928.6
1315180 2927.2
1315190 2927.2
1315200 2925.5
1315210 2924.0
1315220 2924.0
1315230 2922.9
1315240 2922.0
1315250 2921.0
1315260 2921.0
1315270 2919.1
1315280 2913.8
1315290 2913.8
1315300 2915.2
1315310 2916.3
1315320 2916.3
1315330 2914.9
1315340 2912.5
1315350 2912.5
1315360 2909.1
1315370 2905.5
1315380 2905.5
1315390 2901.8
1315400 2896.7
1315410 2896.7
1315420 2892.0
1315430 2890.1
1315440 2890.1
1315450 2889.0
1315460 2887.0
1315470 2886.6
1315480 2886.6
1315490 2887.8
1315500 2889.1
1315510 2893.6
1315520 2893.7
1315530 2892.6
1315540 2892.6
1315550 2891.2
1315560 2889.6
1315570 2889.6
1315580 2888.0
1315590 2886.6
1315600 2886.6
1315610 2885.6
1315620 2884.5
1315630 2884.5
1315640 2883.4
1315650 2882.5
1315660 2881.7
1315670 2881.7
1315680 2881.0
1315690 2880.5
1315700 2880.5
1315710 2880.1
1315720 2879.7
1315730 2879.7
1315740 2879.1
1315750 2879.0
1315760 2879.0
1315770 2879.9
1315780 2880.1
1315790 2880.1
1315800 2879.5
1315810 2878.8
1315820 2878.8
1315830 2878.2
1315840 2877.1
1315850 2877.1
1315860 2875.6
1315870 2874.0
1315880 2872.4
1315890 2872.4
1315900 2871.2
1315910 2870.2
1315920 2870.2
1315930 2869.3
1315940 2868.5
1315950 2868.5
1315960 2867.3
1315970 2865.5
1315980 2865.5
1315990 2863.3
1316000 2860.9
1316010 2860.9
1316020 2858.6
1316030 2856.4
1316040 2856.4
1316050 2854.3
1316060 2852.0
1316070 2849.3
1316080 2849.3
1316090 2846.5
1316100 2843.5
1316110 2843.5
1316120 2840.1
1316130 2836.0
1316140 2836.0
1316150 2831.4
1316160 2826.6
1316170 2826.6
1316180 2822.2
1316190 2818.4
1316200 2818.4
1316210 2815.2
1316220 2812.6
1316230 2812.6
1316240 2810.5
1316250 2809.1
1316260 2813.1
1316270 2811.6
1316280 2811.3
1316290 2811.4
1316300 2811.4
1316310 2811.4
1316320 2811.4
1316330 2811.4
1316340 2811.6
1316350 2811.9
1316360 2811.9
1316370 2812.3
1316380 2812.9
1316390 2812.9
1316400 2813.8
1316410 2814.7
1316420 2814.7
1316430 2815.9
1316440 2817.0
1316450 2817.0
1316460 2818.9
1316470 2820.8
1316480 2823.2
1316490 2823.2
1316500 2828.0
1316510 2834.5
1316520 2834.5
1316530 2841.6
1316540 2849.4
1316550 2849.4
1316560 2857.5
1316570 2864.1
1316580 2864.1
1316590 2869.6
1316600 2874.1
1316610 2874.1
1316620 2878.7
1316630 2881.1
1316640 2881.1
1316650 2880.0
1316660 2877.9
1316670 2877.9
1316680 2878.2
1316690 2880.2
1316700 2882.4
1316710 2882.4
1316720 2884.6
1316730 2887.3
1316740 2887.3
1316750 2890.0
1316760 2892.5
1316770 2892.5
1316780 2894.4
1316790 2896.1
1316800 2896.1
1316810 2897.7
1316820 2899.2
1316830 2899.2
1316840 2900.5
1316850 2901.8
1316860 2901.8
1316870 2903.0
1316880 2904.1
1316890 2905.0
1316900 2905.0
1316910 2905.9
1316920 2906.6
1316930 2906.6
1316940 2907.1
1316950 2907.5
1316960 2907.5
1316970 2907.8
1316980 2908.0
1316990 2908.0
1317000 2908.1
1317010 2912.0
1317020 2912.0
1317030 2911.8
1317040 2911.5
1317050 2911.5
1317060 2911.1
1317070 2910.6
1317080 2910.6
1317090 2910.1
1317100 2909.9
1317110 2909.8
1317120 2909.8
1317130 2909.6
1317140 2909.5
1317150 2909.5
1317160 2909.6
1317170 2910.0
1317180 2910.0
1317190 2910.7
1317200 2911.5
1317210 2911.5
1317220 2912.5
1317230 2913.5
1317240 2913.5
1317250 2914.8
1317260 2916.3
1317270 2916.3
1317280 2918.1
1317290 2919.9
1317300 2921.8
1317310 2921.8
1317320 2923.8
1317330 2926.0
1317340 2926.0
1317350 2928.3
1317360 2931.0
1317370 2931.0
1317380 2934.3
1317390 2937.6
1317400 2937.6
1317410 2941.5
1317420 2946.3
1317430 2946.3
1317440 2951.2
1317450 2955.6
1317460 2955.6
1317470 2961.8
1317480 2974.3
1317490 2974.3
1317500 2982.0
1317510 2988.5
1317520 2994.8
1317530 2994.8
1317540 3002.9
1317550 3009.8
1317560 3009.8
1317570 3016.5
1317580 3023.5
1317590 3023.5
1317600 3030.3
1317610 3036.0
1317620 3036.0
1317630 3040.4
1317640 3045.5
1317650 3045.5
1317660 3051.2
1317670 3056.3
1317680 3056.3
1317690 3061.9
1317700 3068.3
1317710 3074.9
1317720 3074.9
1317730 3081.0
1317740 3079.4
1317750 3079.4
1317760 3062.9
1317770 3043.2
1317780 3043.2
1317790 3030.0
1317800 3015.4
1317810 3015.4
1317820 2996.2
1317830 2980.9
1317840 2980.9
1317850 2968.4
1317860 2960.0
1317870 2960.0
1317880 2952.1
1317890 2943.4
1317900 2943.4
1317910 2928.7
1317920 2914.3
1317930 2899.3
1317940 2899.3
1317950 2884.5
1317960 2863.7
1317970 2863.7
1317980 2818.1
1317990 2799.5
1318000 2799.5
1318010 2790.0
1318020 2781.6
1318030 2781.6
1318040 2773.6
1318050 2766.3
1318060 2766.3
1318070 2759.4
1318080 2754.3
1318090 2754.3
