1300000 2361.9
1300010 2372.4
1300020 2368.4
1300030 2368.4
1300040 2367.7
1300050 2378.0
1300060 2378.0
1300070 2388.6
1300080 2406.2
1300090 2406.2
1300100 2420.8
1300110 2430.0
1300120 2438.2
1300130 2438.2
1300140 2444.5
1300150 2450.0
1300160 2450.0
1300170 2454.7
1300180 2459.1
1300190 2462.9
1300200 2467.4
1300210 2471.2
1300220 2471.2
1300230 2475.2
1300240 2479.9
1300250 2479.9
1300260 2484.7
1300270 2489.6
1300280 2489.6
1300290 2495.0
1300300 2500.9
1300310 2500.9
1300320 2508.1
1300330 2518.0
1300340 2529.0
1300350 2529.0
1300360 2540.4
1300370 2553.3
1300380 2553.3
1300390 2565.9
1300400 2574.7
1300410 2574.7
1300420 2582.0
1300430 2587.3
1300440 2587.3
1300450 2586.6
1300460 2588.5
1300470 2588.5
1300480 2597.8
1300490 2601.3
1300500 2601.3
1300510 2599.6
1300520 2608.6
1300530 2612.4
1300540 2612.4
1300550 2618.6
1300560 2623.6
1300570 2623.6
1300580 2632.9
1300590 2641.4
1300600 2641.4
1300610 2645.8
1300620 2652.2
1300630 2652.2
1300640 2660.6
1300650 2665.3
1300660 2665.3
1300670 2668.5
1300680 2671.1
1300690 2671.1
1300700 2674.6
1300710 2674.2
1300720 2674.2
1300730 2669.9
1300740 2663.5
1300750 2653.7
1300760 2653.7
1300770 2646.3
1300780 2640.0
1300790 2640.0
1300800 2634.0
1300810 2628.9
1300820 2628.9
1300830 2630.5
1300840 2622.9
1300850 2622.9
1300860 2604.3
1300870 2597.3
1300880 2603.3
1300890 2601.0
1300900 2602.6
1300910 2602.6
1300920 2602.0
1300930 2595.7
1300940 2593.5
1300950 2593.5
1300960 2593.7
1300970 2593.2
1300980 2593.2
1300990 2594.5
1301000 2596.2
1301010 2596.2
1301020 2598.9
1301030 2598.5
1301040 2598.5
1301050 2596.6
1301060 2595.2
1301070 2595.2
1301080 2593.3
1301090 2589.8
1301100 2589.8
1301110 2582.6
1301120 2573.9
1301130 2573.9
1301140 2567.0
1301150 2558.1
1301160 2539.3
1301170 2539.3
1301180 2526.5
1301190 2514.9
1301200 2514.9
1301210 2507.4
1301220 2501.3
1301230 2501.3
1301240 2497.3
1301250 2487.9
1301260 2487.9
1301270 2482.7
1301280 2482.4
1301290 2482.4
1301300 2480.4
1301310 2477.9
1301320 2477.9
1301330 2474.7
1301340 2470.4
1301350 2466.6
1301360 2466.6
1301370 2462.4
1301380 2458.1
1301390 2458.1
1301400 2453.6
1301410 2448.6
1301420 2448.6
1301430 2444.0
1301440 2439.0
1301450 2439.0
1301460 2433.5
1301470 2428.6
1301480 2428.6
1301490 2425.2
1301500 2422.0
1301510 2422.0
1301520 2418.2
1301530 2413.0
1301540 2413.0
1301550 2409.3
1301560 2406.6
1301570 2407.8
1301580 2407.8
1301590 2404.6
1301600 2402.5
1301610 2402.5
1301620 2401.9
1301630 2401.6
1301640 2401.6
1301650 2400.6
1301660 2399.3
1301670 2399.3
1301680 2398.4
1301690 2397.4
1301700 2397.4
1301710 2396.0
1301720 2395.0
1301730 2395.0
1301740 2393.9
1301750 2392.9
1301760 2392.3
1301770 2392.3
1301780 2391.2
1301790 2390.3
1301800 2390.3
1301810 2388.7
1301820 2386.9
1301830 2386.9
1301840 2385.6
1301850 2385.1
1301860 2385.1
1301870 2383.9
1301880 2382.6
1301890 2382.6
1301900 2381.6
1301910 2380.8
1301920 2380.8
1301930 2381.1
1301940 2382.0
1301950 2382.0
1301960 2382.6
1301970 2383.7
1301980 2384.5
1301990 2384.5
1302000 2384.9
1302010 2385.0
1302020 2385.0
1302030 2386.3
1302040 2388.6
1302050 2388.6
1302060 2390.9
1302070 2393.7
1302080 2393.7
1302090 2396.8
1302100 2399.0
1302110 2399.0
1302120 2401.7
1302130 2405.9
1302140 2405.9
1302150 2410.2
1302160 2413.9
1302170 2417.8
1302180 2417.8
1302190 2422.6
1302200 2427.6
1302210 2427.6
1302220 2433.0
1302230 2438.8
1302240 2438.8
1302250 2444.7
1302260 2450.5
1302270 2447.5
1302280 2452.4
1302290 2457.5
1302300 2457.5
1302310 2463.7
1302320 2470.4
1302330 2470.4
1302340 2478.3
1302350 2487.6
1302360 2487.6
1302370 2496.8
1302380 2506.3
1302390 2514.6
1302400 2514.6
1302410 2520.5
1302420 2526.9
1302430 2526.9
1302440 2533.5
1302450 2539.9
1302460 2539.9
1302470 2545.8
1302480 2550.7
1302490 2550.7
1302500 2555.4
1302510 2560.6
1302520 2560.6
1302530 2566.0
1302540 2572.9
1302550 2572.9
1302560 2579.8
1302570 2584.9
1302580 2588.5
1302590 2588.5
1302600 2590.9
1302610 2592.4
1302620 2592.4
1302630 2593.7
1302640 2595.5
1302650 2595.5
1302660 2599.5
1302670 2604.1
1302680 2604.1
1302690 2607.7
1302700 2610.3
1302710 2610.3
1302720 2614.4
1302730 2619.3
1302740 2619.3
1302750 2626.0
1302760 2632.7
1302770 2632.7
1302780 2637.9
1302790 2642.3
1302800 2645.0
1302810 2645.0
1302820 2647.8
1302830 2653.1
1302840 2653.1
1302850 2659.1
1302860 2663.3
1302870 2663.3
1302880 2667.7
1302890 2672.4
1302900 2672.4
1302910 2678.0
1302920 2683.1
1302930 2683.1
1302940 2686.8
1302950 2691.0
1302960 2693.5
1302970 2696.9
1302980 2700.4
1302990 2706.2
1303000 2706.2
1303010 2710.2
1303020 2714.1
1303030 2714.1
1303040 2717.4
1303050 2721.5
1303060 2721.5
1303070 2727.6
1303080 2734.3
1303090 2734.3
1303100 2738.8
1303110 2743.1
1303120 2743.1
1303130 2748.5
1303140 2753.0
1303150 2753.0
1303160 2757.4
1303170 2761.5
1303180 2761.5
1303190 2766.2
1303200 2772.9
1303210 2780.3
1303220 2780.3
1303230 2790.5
1303240 2811.4
1303250 2811.4
1303260 2828.2
1303270 2844.6
1303280 2844.6
1303290 2856.3
1303300 2864.7
1303310 2864.7
1303320 2874.5
1303330 2886.9
1303340 2886.9
1303350 2896.8
1303360 2908.3
1303370 2908.3
1303380 2915.2
1303390 2916.9
1303400 2916.0
1303410 2916.0
1303420 2910.4
1303430 2905.5
1303440 2905.5
1303450 2904.9
1303460 2900.6
1303470 2900.6
1303480 2887.8
1303490 2875.7
1303500 2875.7
1303510 2857.9
1303520 2840.5
1303530 2840.5
1303540 2833.6
1303550 2824.3
1303560 2824.3
1303570 2792.8
1303580 2774.0
1303590 2774.0
1303600 2764.4
1303610 2752.0
1303620 2744.0
1303630 2744.0
1303640 2748.1
1303650 2748.4
1303660 2759.8
1303670 2740.4
1303680 2726.9
1303690 2726.9
1303700 2723.2
1303710 2720.3
1303720 2720.3
1303730 2713.6
1303740 2708.2
1303750 2708.2
1303760 2703.0
1303770 2698.8
1303780 2698.8
1303790 2697.0
1303800 2695.3
1303810 2691.6
1303820 2691.6
1303830 2684.5
1303840 2681.8
1303850 2681.8
1303860 2682.8
1303870 2683.8
1303880 2683.8
1303890 2684.0
1303900 2683.6
1303910 2683.6
1303920 2683.0
1303930 2682.6
1303940 2682.6
1303950 2682.4
1303960 2683.3
1303970 2683.3
1303980 2684.5
1303990 2685.6
1304000 2685.6
1304010 2688.0
1304020 2692.6
1304030 2705.3
1304040 2705.3
1304050 2718.4
1304060 2732.6
1304070 2732.6
1304080 2742.1
1304090 2750.5
1304100 2750.5
1304110 2763.1
1304120 2776.3
1304130 2776.3
1304140 2786.7
1304150 2795.4
1304160 2795.4
1304170 2805.9
1304180 2818.7
1304190 2818.7
1304200 2830.7
1304210 2840.8
1304220 2838.0
1304230 2838.0
1304240 2830.3
1304250 2821.2
1304260 2821.2
1304270 2815.4
1304280 2819.4
1304290 2819.4
1304300 2812.9
1304310 2801.9
1304320 2801.9
1304330 2786.1
1304340 2777.3
1304350 2777.3
1304360 2783.0
1304370 2775.9
1304380 2775.9
1304390 2765.7
1304400 2751.8
1304410 2751.8
1304420 2740.1
1304430 2734.2
1304440 2725.9
1304450 2725.9
1304460 2716.3
1304470 2709.3
1304480 2709.3
1304490 2704.7
1304500 2696.3
1304510 2696.3
1304520 2672.6
1304530 2646.6
1304540 2646.6
1304550 2628.8
1304560 2604.0
1304570 2604.0
1304580 2588.9
1304590 2577.8
1304600 2577.8
1304610 2576.1
1304620 2570.5
1304630 2579.8
1304640 2579.8
1304650 2600.0
1304660 2614.9
1304670 2614.9
1304680 2625.7
1304690 2618.8
1304700 2618.8
1304710 2606.9
1304720 2594.8
1304730 2594.8
1304740 2586.7
1304750 2575.9
1304760 2575.9
1304770 2560.2
1304780 2545.8
1304790 2545.8
1304800 2529.9
1304810 2503.3
1304820 2503.3
1304830 2481.3
1304840 2466.6
1304850 2456.0
1304860 2456.0
1304870 2445.5
1304880 2438.1
1304890 2438.1
1304900 2431.9
1304910 2425.9
1304920 2425.9
1304930 2420.3
1304940 2415.1
1304950 2415.1
1304960 2410.2
1304970 2404.6
1304980 2404.6
1304990 2398.9
1305000 2392.9
1305010 2392.9
1305020 2386.5
1305030 2380.4
1305040 2375.1
1305050 2375.1
1305060 2368.6
1305070 2363.6
1305080 2363.6
1305090 2353.7
1305100 2343.7
1305110 2343.7
1305120 2331.4
1305130 2310.8
1305140 2310.8
1305150 2294.6
1305160 2289.9
1305170 2289.9
1305180 2280.0
1305190 2268.7
1305200 2268.7
1305210 2253.4
1305220 2235.2
1305230 2235.2
1305240 2219.0
1305250 2203.4
1305260 2189.0
1305270 2189.0
1305280 2180.5
1305290 2173.4
1305300 2173.4
1305310 2166.4
1305320 2159.5
1305330 2159.5
1305340 2150.0
1305350 2140.3
1305360 2140.3
1305370 2131.5
1305380 2124.2
1305390 2124.2
1305400 2117.4
1305410 2109.4
1305420 2109.4
1305430 2101.6
1305440 2093.2
1305450 2083.1
1305460 2083.1
1305470 2070.0
1305480 2059.0
1305490 2059.0
1305500 2050.2
1305510 2042.0
1305520 2042.0
1305530 2034.8
1305540 2028.8
1305550 2028.8
1305560 2024.1
1305570 2021.4
1305580 2021.4
1305590 2017.3
1305600 2011.1
1305610 2011.1
1305620 2002.4
1305630 1993.4
1305640 1993.4
1305650 1982.8
1305660 1973.7
1305670 1967.2
1305680 1967.2
1305690 1960.6
1305700 1954.0
1305710 1954.0
1305720 1948.0
1305730 1941.1
1305740 1941.1
1305750 1934.0
1305760 1927.8
1305770 1933.1
1305780 1929.3
1305790 1922.9
1305800 1922.9
1305810 1916.3
1305820 1911.0
1305830 1911.0
1305840 1906.3
1305850 1901.0
1305860 1901.0
1305870 1895.8
1305880 1890.6
1305890 1884.7
1305900 1884.7
1305910 1878.2
1305920 1872.8
1305930 1872.8
1305940 1868.9
1305950 1865.5
1305960 1865.5
1305970 1862.6
1305980 1859.8
1305990 1859.8
1306000 1857.5
1306010 1855.5
1306020 1855.5
1306030 1853.9
1306040 1852.1
1306050 1852.1
1306060 1850.4
1306070 1849.3
1306080 1848.5
1306090 1848.5
1306100 1847.3
1306110 1846.0
1306120 1846.0
1306130 1845.9
1306140 1845.2
1306150 1845.2
1306160 1844.2
1306170 1842.7
1306180 1842.7
1306190 1840.5
1306200 1837.6
1306210 1837.6
1306220 1837.8
1306230 1837.6
1306240 1837.6
1306250 1837.4
1306260 1838.1
1306270 1838.1
1306280 1839.2
1306290 1839.6
1306300 1839.9
1306310 1839.9
1306320 1841.3
1306330 1842.6
1306340 1842.6
1306350 1843.6
1306360 1844.0
1306370 1844.0
1306380 1846.4
1306390 1848.3
1306400 1848.3
1306410 1849.5
1306420 1850.7
1306430 1850.7
1306440 1852.0
1306450 1853.4
1306460 1853.4
1306470 1854.8
1306480 1856.6
1306490 1858.4
1306500 1858.4
1306510 1860.8
1306520 1865.5
1306530 1865.5
1306540 1870.5
1306550 1875.8
1306560 1875.8
1306570 1881.3
1306580 1886.2
1306590 1886.2
1306600 1891.3
1306610 1896.5
1306620 1896.5
1306630 1901.9
1306640 1907.7
1306650 1907.7
1306660 1912.7
1306670 1918.1
1306680 1918.1
1306690 1925.0
1306700 1932.3
1306710 1937.9
1306720 1937.9
1306730 1943.3
1306740 1949.0
1306750 1949.0
1306760 1955.4
1306770 1963.6
1306780 1963.6
1306790 1971.9
1306800 1979.0
1306810 1979.0
1306820 1984.4
1306830 1988.8
1306840 1988.8
1306850 1995.3
1306860 2002.4
1306870 2002.4
1306880 2010.0
1306890 2017.9
1306900 2024.0
1306910 2024.0
1306920 2030.6
1306930 2039.1
1306940 2039.1
1306950 2045.4
1306960 2050.9
1306970 2050.9
1306980 2057.0
1306990 2063.5
1307000 2063.5
1307010 2069.3
1307020 2068.5
1307030 2068.5
1307040 2072.0
1307050 2080.2
1307060 2080.2
1307070 2087.6
1307080 2090.2
1307090 2090.2
1307100 2095.1
1307110 2101.0
1307120 2106.7
1307130 2106.7
1307140 2112.8
1307150 2121.7
1307160 2121.7
1307170 2132.4
1307180 2140.7
1307190 2133.6
1307200 2132.1
1307210 2128.3
1307220 2128.3
1307230 2130.2
1307240 2136.5
1307250 2136.5
1307260 2144.9
1307270 2155.6
1307280 2155.6
1307290 2167.5
1307300 2175.2
1307310 2181.2
1307320 2181.2
1307330 2187.0
1307340 2193.0
1307350 2193.0
1307360 2197.9
1307370 2203.1
1307380 2203.1
1307390 2209.0
1307400 2215.0
1307410 2215.0
1307420 2220.2
1307430 2224.4
1307440 2224.4
1307450 2227.6
1307460 2229.5
1307470 2229.5
1307480 2231.2
1307490 2231.9
1307500 2231.9
1307510 2232.5
1307520 2232.1
1307530 2230.8
1307540 2230.8
1307550 2229.7
1307560 2230.7
1307570 2230.7
1307580 2232.0
1307590 2232.2
1307600 2232.2
1307610 2230.7
1307620 2230.8
1307630 2230.8
1307640 2232.1
1307650 2235.4
1307660 2235.4
1307670 2235.9
1307680 2236.7
1307690 2236.7
1307700 2239.1
1307710 2240.6
1307720 2241.0
1307730 2241.0
1307740 2241.7
1307750 2242.1
1307760 2242.1
1307770 2244.3
1307780 2247.6
1307790 2247.6
1307800 2252.8
1307810 2257.6
1307820 2257.6
1307830 2260.9
1307840 2262.8
1307850 2262.8
1307860 2264.9
1307870 2266.8
1307880 2266.8
1307890 2268.9
1307900 2271.9
1307910 2275.0
1307920 2277.9
1307930 2280.6
1307940 2283.2
1307950 2283.2
1307960 2286.0
1307970 2288.9
1307980 2288.9
1307990 2291.4
1308000 2294.1
1308010 2294.1
1308020 2296.9
1308030 2299.5
1308040 2299.5
1308050 2302.3
1308060 2305.0
1308070 2305.0
1308080 2307.5
1308090 2310.0
1308100 2310.0
1308110 2312.5
1308120 2314.8
1308130 2317.1
1308140 2317.1
1308150 2319.0
1308160 2321.1
1308170 2321.1
1308180 2322.7
1308190 2324.5
1308200 2324.5
1308210 2327.2
1308220 2329.8
1308230 2329.8
1308240 2332.6
1308250 2336.0
1308260 2336.0
1308270 2339.6
1308280 2342.7
1308290 2342.7
1308300 2345.6
1308310 2348.5
1308320 2348.5
1308330 2351.7
1308340 2355.1
1308350 2358.2
1308360 2358.2
1308370 2361.2
1308380 2363.8
1308390 2363.8
1308400 2366.7
1308410 2368.6
1308420 2368.6
1308430 2368.7
1308440 2369.2
1308450 2369.2
1308460 2370.9
1308470 2372.8
1308480 2372.8
1308490 2374.9
1308500 2377.6
1308510 2377.6
1308520 2379.1
1308530 2380.5
1308540 2382.0
1308550 2382.0
1308560 2384.1
1308570 2385.5
1308580 2385.5
1308590 2386.7
1308600 2388.1
1308610 2388.1
1308620 2389.1
1308630 2392.8
1308640 2392.8
1308650 2391.9
1308660 2390.7
1308670 2390.7
1308680 2389.9
1308690 2389.0
1308700 2389.0
1308710 2388.5
1308720 2388.9
1308730 2388.9
1308740 2390.3
1308750 2391.9
1308760 2392.9
1308770 2392.9
1308780 2393.5
1308790 2393.6
1308800 2393.6
1308810 2394.2
1308820 2394.8
1308830 2394.8
1308840 2395.1
1308850 2395.4
1308860 2395.4
1308870 2395.6
1308880 2396.2
1308890 2396.2
1308900 2397.2
1308910 2398.8
1308920 2398.8
1308930 2400.3
1308940 2401.4
1308950 2402.2
1308960 2402.2
1308970 2402.9
1308980 2403.3
1308990 2403.3
1309000 2403.7
1309010 2404.1
1309020 2404.1
1309030 2404.7
1309040 2405.4
1309050 2405.4
1309060 2406.5
1309070 2407.7
1309080 2407.7
1309090 2409.0
1309100 2410.2
1309110 2410.2
1309120 2411.4
1309130 2412.8
1309140 2412.8
1309150 2414.5
1309160 2416.3
1309170 2417.7
1309180 2417.7
1309190 2418.7
1309200 2419.6
1309210 2419.6
1309220 2420.5
1309230 2421.3
1309240 2421.3
1309250 2422.2
1309260 2423.7
1309270 2423.7
1309280 2425.6
1309290 2427.4
1309300 2427.4
1309310 2429.4
1309320 2431.9
1309330 2431.9
1309340 2434.4
1309350 2437.4
1309360 2439.7
1309370 2439.7
1309380 2442.1
1309390 2444.7
1309400 2444.7
1309410 2448.0
1309420 2451.9
1309430 2451.9
1309440 2457.1
1309450 2463.7
1309460 2463.7
1309470 2470.3
1309480 2477.0
1309490 2477.0
1309500 2483.5
1309510 2490.5
1309520 2490.5
1309530 2500.2
1309540 2512.7
1309550 2512.7
1309560 2524.6
1309570 2532.6
1309580 2538.6
1309590 2538.6
1309600 2547.2
1309610 2554.4
1309620 2554.4
1309630 2563.1
1309640 2570.7
1309650 2570.7
1309660 2577.1
1309670 2582.6
1309680 2582.6
1309690 2588.1
1309700 2593.9
1309710 2593.9
1309720 2601.0
1309730 2610.4
1309740 2610.4
1309750 2620.5
1309760 2628.9
1309770 2636.3
1309780 2636.3
1309790 2641.7
1309800 2646.8
1309810 2646.8
1309820 2652.6
1309830 2658.4
1309840 2658.4
1309850 2665.1
1309860 2674.7
1309870 2674.7
1309880 2693.9
1309890 2715.6
1309900 2715.6
1309910 2727.2
1309920 2727.3
1309930 2727.3
1309940 2712.9
1309950 2713.8
1309960 2713.8
1309970 2723.9
1309980 2737.7
1309990 2746.8
1310000 2746.8
1310010 2747.7
1310020 2746.7
1310030 2746.7
1310040 2747.6
1310050 2752.5
1310060 2752.5
1310070 2749.9
1310080 2756.4
1310090 2756.4
1310100 2763.9
1310110 2769.9
1310120 2769.9
1310130 2774.4
1310140 2779.3
1310150 2779.3
1310160 2783.4
1310170 2787.6
1310180 2791.7
1310190 2791.7
1310200 2795.7
1310210 2800.1
1310220 2800.1
1310230 2804.5
1310240 2809.0
1310250 2809.0
1310260 2813.1
1310270 2816.6
1310280 2816.6
1310290 2820.4
1310300 2825.7
1310310 2825.7
1310320 2832.0
1310330 2838.1
1310340 2838.1
1310350 2844.1
1310360 2849.8
1310370 2849.8
1310380 2854.7
1310390 2858.7
1310400 2862.3
1310410 2862.3
1310420 2865.6
1310430 2869.7
1310440 2869.7
1310450 2874.3
1310460 2878.2
1310470 2878.2
1310480 2882.9
1310490 2888.8
1310500 2888.8
1310510 2893.4
1310520 2897.3
1310530 2897.3
1310540 2901.1
1310550 2903.9
1310560 2903.9
1310570 2905.8
1310580 2906.4
1310590 2905.6
1310600 2905.6
1310610 2904.6
1310620 2903.4
1310630 2903.4
1310640 2904.1
1310650 2905.9
1310660 2905.9
1310670 2907.7
1310680 2909.5
1310690 2909.5
1310700 2912.9
1310710 2916.3
1310720 2916.3
1310730 2920.2
1310740 2925.8
1310750 2925.8
1310760 2932.4
1310770 2939.1
1310780 2939.1
1310790 2946.0
1310800 2956.2
1310810 2962.3
1310820 2962.3
1310830 2967.7
1310840 2971.9
1310850 2971.9
1310860 2974.0
1310870 2976.0
1310880 2976.0
1310890 2978.5
1310900 2982.3
1310910 2982.3
1310920 2987.0
1310930 2995.4
1310940 2995.4
1310950 3010.6
1310960 3024.0
1310970 3024.0
1310980 3034.5
1310990 3042.4
1311000 3049.9
1311010 3049.9
1311020 3059.8
1311030 3068.0
1311040 3068.0
1311050 3075.0
1311060 3085.7
1311070 3085.7
1311080 3099.0
1311090 3107.6
1311100 3107.6
1311110 3100.0
1311120 3085.9
1311130 3085.9
1311140 3073.4
1311150 3060.1
1311160 3060.1
1311170 3047.4
1311180 3034.5
1311190 3034.5
1311200 3024.2
1311210 3019.1
1311220 3015.6
1311230 3015.6
1311240 3012.7
1311250 3010.5
1311260 3010.5
1311270 3009.6
1311280 3008.0
1311290 3008.0
1311300 3006.4
1311310 3004.5
1311320 3004.5
1311330 3002.4
1311340 2999.9
1311350 2999.9
1311360 2997.2
1311370 2994.2
1311380 2994.2
1311390 2990.4
1311400 2985.7
1311410 2983.6
1311420 2983.6
1311430 2981.4
1311440 2979.1
1311450 2979.1
1311460 2976.8
1311470 2974.4
1311480 2974.4
1311490 2971.9
1311500 2969.1
1311510 2969.1
1311520 2965.7
1311530 2964.8
1311540 2964.8
1311550 2960.5
1311560 2955.1
1311570 2955.1
1311580 2948.7
1311590 2944.8
1311600 2944.8
1311610 2940.5
1311620 2936.3
1311630 2932.7
1311640 2932.7
1311650 2929.2
1311660 2926.0
1311670 2926.0
1311680 2923.5
1311690 2921.5
1311700 2921.5
1311710 2919.5
1311720 2917.2
1311730 2917.2
1311740 2914.1
1311750 2910.2
1311760 2910.2
1311770 2906.1
1311780 2901.6
1311790 2901.6
1311800 2896.9
1311810 2892.5
1311820 2888.8
1311830 2888.8
1311840 2886.1
1311850 2883.8
1311860 2883.8
1311870 2881.9
1311880 2880.1
1311890 2880.1
1311900 2878.0
1311910 2875.7
1311920 2875.7
1311930 2873.2
1311940 2871.2
1311950 2871.2
1311960 2869.6
1311970 2867.1
1311980 2867.1
1311990 2865.0
1312000 2863.4
1312010 2863.4
1312020 2862.3
1312030 2860.1
1312040 2858.9
1312050 2858.9
1312060 2856.8
1312070 2854.7
1312080 2854.7
1312090 2853.3
1312100 2851.0
1312110 2851.0
1312120 2848.5
1312130 2846.3
1312140 2846.3
1312150 2844.4
1312160 2842.5
1312170 2842.5
1312180 2840.4
1312190 2838.1
1312200 2838.1
1312210 2835.7
1312220 2833.1
1312230 2830.4
1312240 2830.4
1312250 2827.9
1312260 2828.4
1312270 2828.4
1312280 2826.1
1312290 2823.9
1312300 2823.9
1312310 2822.0
1312320 2820.3
1312330 2820.3
1312340 2818.8
1312350 2818.2
1312360 2818.2
1312370 2818.4
1312380 2819.0
1312390 2819.0
1312400 2820.2
1312410 2822.0
1312420 2822.0
1312430 2824.4
1312440 2827.0
1312450 2829.9
1312460 2829.9
1312470 2832.9
1312480 2835.8
1312490 2835.8
1312500 2838.4
1312510 2840.0
1312520 2840.0
1312530 2841.8
1312540 2842.7
1312550 2842.7
1312560 2843.6
1312570 2842.5
1312580 2842.5
1312590 2830.4
1312600 2825.3
1312610 2825.3
1312620 2829.3
1312630 2829.3
1312640 2825.6
1312650 2825.6
1312660 2821.8
1312670 2818.7
1312680 2818.7
1312690 2816.7
1312700 2813.9
1312710 2813.9
1312720 2809.9
1312730 2807.8
1312740 2807.8
1312750 2803.5
1312760 2798.3
1312770 2798.3
1312780 2793.5
1312790 2789.6
1312800 2789.6
1312810 2786.2
1312820 2782.7
1312830 2782.7
1312840 2778.7
1312850 2774.1
1312860 2769.4
1312870 2769.4
1312880 2765.0
1312890 2761.6
1312900 2761.6
1312910 2759.8
1312920 2759.2
1312930 2759.2
1312940 2759.3
1312950 2759.7
1312960 2759.7
1312970 2760.2
1312980 2760.6
1312990 2760.6
1313000 2763.1
1313010 2762.7
1313020 2762.7
1313030 2762.4
1313040 2762.0
1313050 2761.6
1313060 2761.6
1313070 2761.1
1313080 2760.5
1313090 2760.5
1313100 2757.3
1313110 2752.5
1313120 2752.5
1313130 2751.4
1313140 2750.2
1313150 2750.2
1313160 2747.5
1313170 2743.6
1313180 2743.6
1313190 2738.5
1313200 2733.2
1313210 2733.2
1313220 2727.5
1313230 2721.9
1313240 2721.9
1313250 2717.2
1313260 2714.2
1313270 2713.5
1313280 2713.5
1313290 2715.0
1313300 2716.3
1313310 2716.3
1313320 2716.7
1313330 2716.4
1313340 2716.4
1313350 2715.4
1313360 2713.7
1313370 2713.7
1313380 2711.3
1313390 2709.2
1313400 2709.2
1313410 2707.9
1313420 2707.6
1313430 2707.6
1313440 2707.8
1313450 2707.6
1313460 2707.6
1313470 2707.3
1313480 2707.6
1313490 2708.3
1313500 2708.3
1313510 2709.5
1313520 2711.2
1313530 2711.2
1313540 2713.3
1313550 2715.4
1313560 2715.4
1313570 2717.6
1313580 2719.8
1313590 2719.8
1313600 2722.1
1313610 2724.2
1313620 2724.2
1313630 2725.9
1313640 2727.3
1313650 2727.3
1313660 2728.3
1313670 2729.4
1313680 2730.3
1313690 2730.3
1313700 2731.1
1313710 2731.0
1313720 2731.0
1313730 2730.6
1313740 2733.6
1313750 2733.6
1313760 2732.2
1313770 2731.1
1313780 2731.1
1313790 2731.1
1313800 2731.9
1313810 2731.9
1313820 2733.1
1313830 2734.2
1313840 2734.2
1313850 2735.2
1313860 2735.3
1313870 2735.3
1313880 2734.7
1313890 2733.9
1313900 2734.1
1313910 2734.1
1313920 2734.2
1313930 2735.5
1313940 2735.5
1313950 2736.1
1313960 2735.8
1313970 2735.8
1313980 2736.0
1313990 2736.3
1314000 2736.3
1314010 2736.7
1314020 2737.5
1314030 2737.5
1314040 2737.9
1314050 2738.3
1314060 2738.3
1314070 2738.5
1314080 2739.1
1314090 2740.3
1314100 2740.3
1314110 2742.6
1314120 2742.7
1314130 2742.7
1314140 2742.6
1314150 2743.2
1314160 2743.2
1314170 2743.9
1314180 2745.1
1314190 2745.1
1314200 2746.4
1314210 2747.8
1314220 2747.8
1314230 2749.1
1314240 2750.3
1314250 2750.3
1314260 2752.2
1314270 2755.0
1314280 2755.0
1314290 2757.5
1314300 2759.5
1314310 2761.2
1314320 2761.2
1314330 2764.1
1314340 2767.9
1314350 2767.9
1314360 2773.7
1314370 2786.0
1314380 2786.0
1314390 2803.0
1314400 2822.8
1314410 2822.8
1314420 2856.0
1314430 2865.4
1314440 2865.4
1314450 2862.5
1314460 2860.1
1314470 2860.1
1314480 2857.4
1314490 2849.1
1314500 2835.8
1314510 2835.8
1314520 2822.6
1314530 2812.4
1314540 2812.4
1314550 2806.6
1314560 2801.3
1314570 2801.3
1314580 2796.6
1314590 2793.2
1314600 2793.2
1314610 2792.2
1314620 2791.5
1314630 2791.5
1314640 2790.2
1314650 2789.4
1314660 2789.4
1314670 2789.0
1314680 2788.6
1314690 2788.6
1314700 2787.8
1314710 2786.5
1314720 2784.7
1314730 2784.7
1314740 2782.9
1314750 2781.3
1314760 2781.3
1314770 2779.9
1314780 2778.7
1314790 2778.7
1314800 2777.4
1314810 2776.0
1314820 2776.0
1314830 2774.6
1314840 2773.6
1314850 2773.6
1314860 2773.0
1314870 2771.8
1314880 2771.8
1314890 2770.1
1314900 2768.6
1314910 2767.3
1314920 2767.3
1314930 2765.9
1314940 2763.8
1314950 2763.8
1314960 2760.9
1314970 2758.8
1314980 2758.8
1314990 2757.4
1315000 2756.1
1315010 2756.1
1315020 2755.0
1315030 2753.4
1315040 2753.4
1315050 2751.1
1315060 2748.2
1315070 2748.2
1315080 2745.7
1315090 2743.4
1315100 2743.4
1315110 2742.0
1315120 2741.0
1315130 2739.7
1315140 2739.7
1315150 2737.2
1315160 2735.5
1315170 2735.5
1315180 2733.5
1315190 2731.2
1315200 2731.2
1315210 2728.7
1315220 2726.0
1315230 2729.8
1315240 2727.2
1315250 2724.6
1315260 2724.6
1315270 2722.2
1315280 2719.9
1315290 2719.9
1315300 2717.1
1315310 2714.4
1315320 2711.1
1315330 2711.1
1315340 2707.4
1315350 2704.4
1315360 2704.4
1315370 2702.5
1315380 2701.0
1315390 2701.0
1315400 2698.5
1315410 2696.3
1315420 2696.3
1315430 2694.1
1315440 2692.0
1315450 2692.0
1315460 2690.5
1315470 2688.3
1315480 2688.3
1315490 2685.0
1315500 2680.7
1315510 2680.7
1315520 2676.6
1315530 2672.7
1315540 2669.3
1315550 2669.3
1315560 2666.5
1315570 2663.7
1315580 2663.7
1315590 2660.5
1315600 2657.4
1315610 2657.4
1315620 2654.6
1315630 2651.6
1315640 2651.6
1315650 2648.3
1315660 2644.5
1315670 2644.5
1315680 2639.8
1315690 2634.8
1315700 2634.8
1315710 2630.8
1315720 2628.5
1315730 2627.5
1315740 2627.5
1315750 2627.5
1315760 2626.6
1315770 2626.6
1315780 2625.2
1315790 2623.7
1315800 2623.7
1315810 2621.6
1315820 2619.7
1315830 2619.7
1315840 2618.0
1315850 2616.6
1315860 2616.6
1315870 2615.1
1315880 2612.0
1315890 2612.0
1315900 2609.5
1315910 2607.1
1315920 2607.1
1315930 2604.6
1315940 2602.5
1315950 2601.1
1315960 2601.1
1315970 2601.0
1315980 2605.3
1315990 2605.3
1316000 2607.2
1316010 2609.1
1316020 2609.1
1316030 2610.4
1316040 2609.8
1316050 2609.8
1316060 2610.6
1316070 2611.0
1316080 2611.0
1316090 2609.6
1316100 2609.3
1316110 2609.3
1316120 2609.6
1316130 2607.5
1316140 2604.7
1316150 2604.7
1316160 2602.0
1316170 2599.6
1316180 2599.6
1316190 2597.1
1316200 2594.5
1316210 2594.5
1316220 2592.2
1316230 2590.7
1316240 2590.7
1316250 2589.4
1316260 2589.2
1316270 2589.2
1316280 2590.3
1316290 2592.4
1316300 2592.4
1316310 2593.7
1316320 2594.4
1316330 2594.4
1316340 2594.8
1316350 2596.0
1316360 2600.5
1316370 2600.5
1316380 2604.0
1316390 2607.4
1316400 2607.4
1316410 2610.3
1316420 2612.0
1316430 2612.0
1316440 2613.4
1316450 2615.0
1316460 2615.0
1316470 2618.2
1316480 2622.4
1316490 2622.4
1316500 2626.9
1316510 2631.3
1316520 2631.3
1316530 2634.0
1316540 2635.9
1316550 2638.2
1316560 2638.2
1316570 2640.2
1316580 2643.1
1316590 2643.1
1316600 2646.3
1316610 2649.3
1316620 2649.3
1316630 2652.3
1316640 2655.8
1316650 2655.8
1316660 2659.6
1316670 2664.0
1316680 2664.0
1316690 2668.8
1316700 2672.3
1316710 2672.3
1316720 2674.9
1316730 2678.4
1316740 2681.0
1316750 2684.5
1316760 2688.0
1316770 2691.6
1316780 2691.6
1316790 2695.8
1316800 2700.6
1316810 2700.6
1316820 2705.7
1316830 2710.2
1316840 2710.2
1316850 2713.7
1316860 2717.2
1316870 2717.2
1316880 2720.7
1316890 2724.1
1316900 2724.1
1316910 2728.4
1316920 2733.4
1316930 2733.4
1316940 2738.9
1316950 2744.9
1316960 2750.1
1316970 2750.1
1316980 2754.4
1316990 2758.6
1317000 2758.6
1317010 2762.4
1317020 2766.0
1317030 2766.0
1317040 2769.2
1317050 2772.1
1317060 2772.1
1317070 2774.8
1317080 2777.7
1317090 2777.7
1317100 2781.8
1317110 2786.4
1317120 2786.4
1317130 2791.1
1317140 2795.6
1317150 2795.6
1317160 2800.5
1317170 2804.5
1317180 2808.2
1317190 2808.2
1317200 2812.0
1317210 2816.4
1317220 2816.4
1317230 2820.7
1317240 2824.2
1317250 2824.2
1317260 2827.3
1317270 2830.2
1317280 2830.2
1317290 2833.3
1317300 2837.0
1317310 2837.0
1317320 2840.9
1317330 2844.8
1317340 2844.8
1317350 2848.7
1317360 2851.5
1317370 2854.1
1317380 2854.1
1317390 2856.9
1317400 2860.3
1317410 2860.3
1317420 2863.5
1317430 2866.8
1317440 2866.8
1317450 2870.8
1317460 2875.0
1317470 2875.0
1317480 2880.0
1317490 2888.3
1317500 2888.3
1317510 2893.0
1317520 2898.3
1317530 2898.3
1317540 2904.2
1317550 2910.5
1317560 2910.5
1317570 2918.6
1317580 2925.3
1317590 2930.6
1317600 2930.6
1317610 2935.3
1317620 2940.2
1317630 2940.2
1317640 2945.8
1317650 2951.9
1317660 2951.9
1317670 2957.8
1317680 2963.6
1317690 2963.6
1317700 2969.4
1317710 2975.0
1317720 2975.0
1317730 2980.8
1317740 2986.6
1317750 2986.6
1317760 2992.1
1317770 2997.2
1317780 3002.0
1317790 3002.0
1317800 3006.8
1317810 3011.6
1317820 3011.6
1317830 3016.3
1317840 3020.4
1317850 3020.4
1317860 3022.9
1317870 3026.2
1317880 3026.2
1317890 3029.4
1317900 3035.4
1317910 3035.4
1317920 3039.3
1317930 3042.8
1317940 3042.8
1317950 3046.2
1317960 3049.3
1317970 3049.3
1317980 3052.6
1317990 3056.3
1318000 3060.2
1318010 3060.2
1318020 3064.3
1318030 3068.6
1318040 3068.6
1318050 3073.0
1318060 3077.4
1318070 3077.4
1318080 3081.8
1318090 3085.8
1318100 3085.8
1318110 3089.6
1318120 3093.1
1318130 3093.1
1318140 3096.8
1318150 3100.8
1318160 3100.8
1318170 3104.7
1318180 3108.7
1318190 3112.5
1318200 3112.5
1318210 3116.4
1318220 3120.3
1318230 3120.3
1318240 3124.3
1318250 3136.9
1318260 3136.9
1318270 3139.4
1318280 3137.8
1318290 3137.8
1318300 3131.3
1318310 3125.4
1318320 3125.4
1318330 3116.1
1318340 3109.9
1318350 3109.9
1318360 3107.4
1318370 3104.8
1318380 3104.8
1318390 3101.5
1318400 3097.6
1318410 3093.3
1318420 3093.3
1318430 3091.8
1318440 3088.0
1318450 3088.0
1318460 3080.2
1318470 3071.3
1318480 3071.3
1318490 3061.3
1318500 3052.1
1318510 3052.1
1318520 3044.6
1318530 3039.1
1318540 3039.1
1318550 3035.3
1318560 3032.3
1318570 3032.3
1318580 3031.0
1318590 3030.9
1318600 3029.3
1318610 3029.3
1318620 3025.1
1318630 3019.8
1318640 3019.8
1318650 3014.3
1318660 3011.0
1318670 3011.0
1318680 3010.2
1318690 3011.7
1318700 3011.7
1318710 3013.8
1318720 3015.3
1318730 3015.3
1318740 3020.4
1318750 3027.1
1318760 3027.1
1318770 3033.2
1318780 3040.4
1318790 3040.4
1318800 3047.0
1318810 3052.4
1318820 3057.7
1318830 3057.7
1318840 3064.0
1318850 3069.5
1318860 3069.5
1318870 3075.4
1318880 3084.6
1318890 3084.6
1318900 3090.3
1318910 3085.7
1318920 3085.7
1318930 3081.4
1318940 3074.3
1318950 3074.3
1318960 3064.7
1318970 3056.0
1318980 3056.0
1318990 3049.9
1319000 3045.0
1319010 3039.9
1319020 3033.5
1319030 3029.2
1319040 3026.0
1319050 3026.0
1319060 3022.1
1319070 3019.1
1319080 3019.1
1319090 3018.3
1319100 3018.0
1319110 3018.0
1319120 3019.0
1319130 3019.5
1319140 3019.5
1319150 3021.5
1319160 3023.9
1319170 3023.9
1319180 3027.3
1319190 3029.4
1319200 3029.4
1319210 3033.0
1319220 3039.5
1319230 3045.5
1319240 3045.5
1319250 3051.2
1319260 3058.5
1319270 3058.5
1319280 3064.7
1319290 3071.4
1319300 3071.4
1319310 3078.2
1319320 3086.6
1319330 3086.6
1319340 3095.8
1319350 3103.2
1319360 3103.2
1319370 3112.6
1319380 3122.9
1319390 3122.9
1319400 3133.4
1319410 3140.5
1319420 3136.8
1319430 3136.8
1319440 3125.3
1319450 3114.3
1319460 3114.3
1319470 3098.1
1319480 3083.1
1319490 3083.1
1319500 3071.0
1319510 3059.1
1319520 3059.1
1319530 3044.7
1319540 3029.7
1319550 3029.7
1319560 3016.6
1319570 3006.6
1319580 3006.6
1319590 2998.1
1319600 2990.1
1319610 2990.1
1319620 2982.8
1319630 2976.2
1319640 2970.2
1319650 2970.2
1319660 2964.5
1319670 2958.6
1319680 2958.6
1319690 2951.5
1319700 2943.5
1319710 2943.5
1319720 2935.4
1319730 2928.3
1319740 2928.3
1319750 2921.7
