1300000 2153.8
1300010 2153.8
1300020 2155.9
1300030 2156.8
1300040 2156.8
1300050 2160.5
1300060 2166.4
1300070 2166.4
1300080 2172.9
1300090 2178.8
1300100 2183.9
1300110 2190.2
1300120 2196.1
1300130 2196.1
1300140 2202.2
1300150 2208.2
1300160 2208.2
1300170 2214.6
1300180 2220.0
1300190 2225.9
1300200 2225.9
1300210 2232.4
1300220 2238.7
1300230 2238.7
1300240 2244.8
1300250 2250.5
1300260 2250.5
1300270 2255.7
1300280 2259.8
1300290 2259.8
1300300 2263.3
1300310 2266.6
1300320 2266.6
1300330 2270.5
1300340 2274.1
1300350 2274.1
1300360 2277.2
1300370 2280.8
1300380 2286.8
1300390 2286.8
1300400 2293.3
1300410 2299.6
1300420 2299.6
1300430 2304.6
1300440 2308.6
1300450 2308.6
1300460 2313.4
1300470 2318.4
1300480 2318.4
1300490 2323.0
1300500 2324.3
1300510 2324.3
1300520 2325.5
1300530 2326.7
1300540 2326.7
1300550 2326.5
1300560 2325.1
1300570 2325.1
1300580 2322.6
1300590 2319.1
1300600 2315.1
1300610 2315.1
1300620 2310.9
1300630 2306.5
1300640 2306.5
1300650 2301.4
1300660 2296.8
1300670 2296.8
1300680 2292.3
1300690 2290.3
1300700 2290.3
1300710 2288.8
1300720 2285.7
1300730 2285.7
1300740 2282.6
1300750 2281.1
1300760 2281.1
1300770 2281.3
1300780 2282.5
1300790 2283.7
1300800 2283.7
1300810 2282.4
1300820 2281.8
1300830 2281.8
1300840 2281.6
1300850 2281.1
1300860 2281.1
1300870 2280.3
1300880 2279.6
1300890 2279.6
1300900 2279.0
1300910 2278.5
1300920 2278.5
1300930 2278.7
1300940 2279.5
1300950 2279.5
1300960 2281.3
1300970 2283.8
1300980 2283.8
1300990 2285.8
1301000 2287.2
1301010 2288.1
1301020 2288.1
1301030 2288.5
1301040 2289.3
1301050 2289.3
1301060 2290.4
1301070 2290.0
1301080 2290.0
1301090 2288.3
1301100 2285.8
1301110 2285.8
1301120 2283.8
1301130 2282.9
1301140 2282.9
1301150 2282.6
1301160 2282.1
1301170 2282.1
1301180 2281.1
1301190 2280.7
1301200 2280.7
1301210 2280.7
1301220 2279.9
1301230 2278.6
1301240 2278.6
1301250 2277.2
1301260 2276.5
1301270 2276.5
1301280 2276.2
1301290 2276.4
1301300 2276.4
1301310 2276.2
1301320 2276.0
1301330 2276.0
1301340 2276.1
1301350 2276.3
1301360 2276.3
1301370 2277.0
1301380 2276.7
1301390 2276.7
1301400 2274.8
1301410 2272.1
1301420 2271.8
1301430 2271.8
1301440 2271.1
1301450 2271.4
1301460 2271.4
1301470 2274.9
1301480 2276.8
1301490 2276.8
1301500 2279.0
1301510 2281.7
1301520 2281.7
1301530 2284.3
1301540 2286.8
1301550 2286.8
1301560 2289.1
1301570 2291.4
1301580 2291.4
1301590 2294.5
1301600 2297.8
1301610 2297.8
1301620 2301.2
1301630 2304.9
1301640 2309.4
1301650 2309.4
1301660 2314.0
1301670 2317.8
1301680 2317.8
1301690 2321.3
1301700 2324.2
1301710 2324.2
1301720 2327.5
1301730 2330.4
1301740 2330.4
1301750 2333.6
1301760 2336.7
1301770 2336.7
1301780 2340.3
1301790 2343.5
1301800 2343.5
1301810 2347.0
1301820 2351.2
1301830 2355.1
1301840 2355.1
1301850 2358.5
1301860 2362.1
1301870 2362.1
1301880 2365.9
1301890 2369.6
1301900 2369.6
1301910 2372.9
1301920 2376.0
1301930 2376.0
1301940 2378.1
1301950 2380.1
1301960 2380.1
1301970 2382.4
1301980 2384.6
1301990 2384.6
1302000 2388.3
1302010 2393.2
1302020 2393.2
1302030 2399.4
1302040 2405.8
1302050 2411.4
1302060 2411.4
1302070 2416.6
1302080 2423.6
1302090 2423.6
1302100 2431.9
1302110 2438.0
1302120 2438.0
1302130 2443.7
1302140 2448.4
1302150 2448.4
1302160 2452.8
1302170 2453.7
1302180 2453.7
1302190 2459.6
1302200 2466.1
1302210 2466.1
1302220 2473.7
1302230 2483.4
1302240 2493.1
1302250 2493.1
1302260 2501.6
1302270 2507.9
1302280 2507.9
1302290 2513.8
1302300 2519.3
1302310 2519.3
1302320 2525.0
1302330 2530.2
1302340 2530.2
1302350 2535.4
1302360 2539.8
1302370 2539.8
1302380 2544.3
1302390 2548.8
1302400 2548.8
1302410 2553.0
1302420 2556.9
1302430 2556.9
1302440 2560.7
1302450 2564.7
1302460 2568.7
1302470 2568.7
1302480 2572.9
1302490 2578.4
1302500 2578.4
1302510 2585.2
1302520 2592.3
1302530 2592.3
1302540 2598.8
1302550 2605.0
1302560 2605.0
1302570 2611.3
1302580 2617.7
1302590 2617.7
1302600 2624.0
1302610 2632.8
1302620 2632.8
1302630 2644.0
1302640 2654.5
1302650 2663.7
1302660 2663.7
1302670 2670.5
1302680 2677.1
1302690 2677.1
1302700 2682.2
1302710 2689.5
1302720 2689.5
1302730 2698.5
1302740 2708.2
1302750 2708.2
1302760 2718.1
1302770 2728.8
1302780 2728.8
1302790 2740.6
1302800 2749.0
1302810 2749.0
1302820 2755.8
1302830 2764.9
1302840 2764.9
1302850 2772.5
1302860 2775.5
1302870 2783.4
1302880 2783.4
1302890 2791.7
1302900 2799.4
1302910 2799.4
1302920 2807.5
1302930 2815.2
1302940 2815.2
1302950 2821.6
1302960 2815.9
1302970 2815.9
1302980 2804.6
1302990 2793.9
1303000 2793.9
1303010 2785.0
1303020 2781.5
1303030 2781.5
1303040 2772.6
1303050 2763.5
1303060 2753.5
1303070 2753.5
1303080 2744.1
1303090 2735.0
1303100 2735.0
1303110 2726.0
1303120 2714.0
1303130 2714.0
1303140 2702.6
1303150 2690.4
1303160 2690.4
1303170 2685.3
1303180 2682.8
1303190 2682.8
1303200 2677.4
1303210 2672.8
1303220 2672.8
1303230 2669.9
1303240 2667.0
1303250 2667.0
1303260 2665.5
1303270 2661.9
1303280 2655.6
1303290 2655.6
1303300 2645.2
1303310 2640.6
1303320 2640.6
1303330 2631.3
1303340 2627.3
1303350 2627.3
1303360 2609.4
1303370 2590.8
1303380 2590.8
1303390 2581.5
1303400 2576.4
1303410 2576.4
1303420 2570.9
1303430 2566.8
1303440 2566.8
1303450 2560.2
1303460 2549.7
1303470 2549.7
1303480 2547.1
1303490 2545.4
1303500 2543.2
1303510 2543.2
1303520 2540.8
1303530 2538.0
1303540 2538.0
1303550 2535.0
1303560 2536.8
1303570 2536.8
1303580 2532.9
1303590 2529.0
1303600 2529.0
1303610 2525.1
1303620 2521.1
1303630 2521.1
1303640 2517.0
1303650 2513.7
1303660 2513.7
1303670 2510.9
1303680 2508.6
1303690 2507.3
1303700 2507.3
1303710 2504.1
1303720 2503.0
1303730 2503.0
1303740 2502.3
1303750 2495.9
1303760 2495.9
1303770 2489.2
1303780 2483.7
1303790 2483.7
1303800 2477.9
1303810 2470.6
1303820 2470.6
1303830 2464.1
1303840 2460.3
1303850 2460.3
1303860 2458.5
1303870 2456.1
1303880 2456.1
1303890 2453.4
1303900 2452.7
1303910 2452.0
1303920 2452.0
1303930 2453.3
1303940 2454.3
1303950 2454.3
1303960 2451.5
1303970 2447.5
1303980 2447.5
1303990 2442.8
1304000 2438.1
1304010 2438.1
1304020 2433.6
1304030 2429.9
1304040 2429.9
1304050 2427.4
1304060 2425.4
1304070 2425.4
1304080 2424.5
1304090 2431.1
1304100 2449.8
1304110 2449.8
1304120 2469.7
1304130 2475.7
1304140 2475.7
1304150 2483.2
1304160 2484.0
1304170 2484.0
1304180 2478.7
1304190 2472.1
1304200 2472.1
1304210 2462.0
1304220 2454.0
1304230 2454.0
1304240 2440.3
1304250 2428.6
1304260 2428.6
1304270 2439.0
1304280 2442.2
1304290 2442.2
1304300 2440.2
1304310 2428.3
1304320 2411.6
1304330 2411.6
1304340 2401.2
1304350 2389.0
1304360 2389.0
1304370 2375.2
1304380 2363.2
1304390 2363.2
1304400 2353.5
1304410 2345.1
1304420 2345.1
1304430 2336.3
1304440 2327.4
1304450 2327.4
1304460 2320.3
1304470 2312.3
1304480 2312.3
1304490 2305.1
1304500 2298.4
1304510 2288.2
1304520 2288.2
1304530 2280.0
1304540 2274.0
1304550 2274.0
1304560 2267.8
1304570 2261.8
1304580 2261.8
1304590 2255.5
1304600 2249.8
1304610 2249.8
1304620 2243.2
1304630 2236.4
1304640 2236.4
1304650 2233.1
1304660 2233.0
1304670 2233.0
1304680 2230.8
1304690 2224.0
1304700 2224.0
1304710 2210.2
1304720 2194.9
1304730 2188.7
1304740 2188.7
1304750 2182.8
1304760 2176.8
1304770 2176.8
1304780 2169.3
1304790 2156.8
1304800 2156.8
1304810 2143.5
1304820 2135.6
1304830 2135.6
1304840 2129.6
1304850 2124.5
1304860 2124.5
1304870 2119.5
1304880 2114.0
1304890 2114.0
1304900 2107.5
1304910 2100.3
1304920 2092.9
1304930 2092.9
1304940 2085.6
1304950 2076.2
1304960 2076.2
1304970 2051.8
1304980 2037.3
1304990 2037.3
1305000 2028.6
1305010 2024.6
1305020 2024.6
1305030 2020.5
1305040 2012.3
1305050 2012.3
1305060 2008.2
1305070 2008.5
1305080 2008.5
1305090 2010.9
1305100 2006.3
1305110 2006.3
1305120 1999.1
1305130 1988.7
1305140 1977.0
1305150 1977.0
1305160 1965.9
1305170 1954.5
1305180 1954.5
1305190 1947.2
1305200 1940.8
1305210 1940.8
1305220 1932.3
1305230 1921.4
1305240 1921.4
1305250 1910.5
1305260 1902.6
1305270 1902.6
1305280 1895.5
1305290 1890.7
1305300 1890.7
1305310 1888.4
1305320 1887.2
1305330 1883.9
1305340 1883.9
1305350 1878.9
1305360 1873.4
1305370 1873.4
1305380 1867.7
1305390 1861.9
1305400 1861.9
1305410 1856.2
1305420 1850.8
1305430 1850.8
1305440 1845.8
1305450 1841.2
1305460 1841.2
1305470 1837.0
1305480 1833.4
1305490 1833.4
1305500 1829.4
1305510 1825.6
1305520 1825.6
1305530 1821.8
1305540 1817.6
1305550 1813.8
1305560 1813.8
1305570 1810.8
1305580 1808.1
1305590 1808.1
1305600 1805.7
1305610 1803.5
1305620 1803.5
1305630 1800.9
1305640 1798.3
1305650 1798.3
1305660 1797.3
1305670 1797.2
1305680 1798.8
1305690 1799.3
1305700 1799.1
1305710 1799.1
1305720 1798.7
1305730 1798.2
1305740 1798.6
1305750 1798.6
1305760 1799.1
1305770 1799.2
1305780 1799.2
1305790 1800.1
1305800 1800.0
1305810 1800.0
1305820 1800.3
1305830 1801.1
1305840 1801.1
1305850 1801.3
1305860 1801.4
1305870 1801.4
1305880 1801.6
1305890 1801.9
1305900 1801.9
1305910 1802.7
1305920 1806.0
1305930 1806.0
1305940 1808.9
1305950 1811.4
1305960 1814.0
1305970 1814.0
1305980 1817.0
1305990 1820.4
1306000 1820.4
1306010 1823.7
1306020 1826.8
1306030 1826.8
1306040 1829.8
1306050 1832.7
1306060 1832.7
1306070 1836.1
1306080 1839.2
1306090 1839.2
1306100 1842.2
1306110 1845.9
1306120 1845.9
1306130 1850.4
1306140 1852.7
1306150 1852.7
1306160 1854.1
1306170 1856.4
1306180 1861.0
1306190 1861.0
1306200 1869.6
1306210 1880.3
1306220 1880.3
1306230 1888.9
1306240 1897.6
1306250 1897.6
1306260 1905.0
1306270 1913.2
1306280 1913.2
1306290 1922.0
1306300 1930.8
1306310 1930.8
1306320 1938.9
1306330 1947.7
1306340 1947.7
1306350 1957.5
1306360 1967.7
1306370 1978.4
1306380 1976.5
1306390 1985.2
1306400 1986.5
1306410 1986.5
1306420 1990.1
1306430 1998.8
1306440 1998.8
1306450 2009.3
1306460 2020.2
1306470 2020.2
1306480 2030.8
1306490 2045.7
1306500 2045.7
1306510 2060.9
1306520 2070.6
1306530 2070.6
1306540 2076.6
1306550 2083.0
1306560 2083.0
1306570 2090.5
1306580 2099.3
1306590 2107.4
1306600 2107.4
1306610 2114.5
1306620 2121.4
1306630 2121.4
1306640 2128.7
1306650 2136.6
1306660 2136.6
1306670 2145.5
1306680 2153.5
1306690 2153.5
1306700 2160.3
1306710 2167.3
1306720 2167.3
1306730 2174.5
1306740 2181.5
1306750 2181.5
1306760 2187.9
1306770 2193.6
1306780 2200.0
1306790 2200.0
1306800 2209.0
1306810 2218.6
1306820 2218.6
1306830 2229.0
1306840 2239.6
1306850 2239.6
1306860 2250.9
1306870 2263.2
1306880 2263.2
1306890 2275.1
1306900 2284.4
1306910 2284.4
1306920 2291.4
1306930 2300.3
1306940 2300.3
1306950 2309.2
1306960 2317.1
1306970 2317.1
1306980 2326.0
1306990 2334.4
1307000 2342.6
1307010 2342.6
1307020 2350.1
1307030 2357.3
1307040 2357.3
1307050 2363.5
1307060 2370.7
1307070 2370.7
1307080 2377.3
1307090 2382.3
1307100 2379.1
1307110 2384.6
1307120 2389.7
1307130 2389.7
1307140 2394.4
1307150 2401.0
1307160 2401.0
1307170 2408.0
1307180 2413.8
1307190 2419.4
1307200 2419.4
1307210 2423.9
1307220 2428.5
1307230 2428.5
1307240 2433.4
1307250 2438.5
1307260 2438.5
1307270 2444.1
1307280 2450.1
1307290 2450.1
1307300 2455.2
1307310 2459.8
1307320 2459.8
1307330 2464.9
1307340 2469.5
1307350 2469.5
1307360 2474.3
1307370 2479.7
1307380 2479.7
1307390 2484.7
1307400 2490.2
1307410 2496.8
1307420 2496.8
1307430 2503.8
1307440 2511.2
1307450 2511.2
1307460 2517.9
1307470 2523.5
1307480 2523.5
1307490 2528.7
1307500 2531.3
1307510 2531.3
1307520 2532.1
1307530 2533.1
1307540 2533.1
1307550 2533.7
1307560 2533.7
1307570 2533.7
1307580 2533.0
1307590 2532.1
1307600 2532.3
1307610 2532.3
1307620 2532.0
1307630 2531.3
1307640 2531.3
1307650 2530.8
1307660 2531.5
1307670 2531.5
1307680 2531.2
1307690 2530.5
1307700 2530.5
1307710 2529.9
1307720 2528.9
1307730 2528.9
1307740 2527.3
1307750 2525.5
1307760 2525.5
1307770 2524.2
1307780 2522.9
1307790 2522.9
1307800 2521.2
1307810 2512.8
1307820 2512.1
1307830 2512.1
1307840 2512.1
1307850 2511.8
1307860 2511.8
1307870 2511.4
1307880 2511.6
1307890 2511.6
1307900 2512.5
1307910 2514.3
1307920 2514.3
1307930 2515.9
1307940 2517.7
1307950 2517.7
1307960 2519.2
1307970 2520.3
1307980 2520.3
1307990 2521.7
1308000 2522.8
1308010 2524.1
1308020 2524.1
1308030 2524.8
1308040 2525.5
1308050 2525.5
1308060 2528.0
1308070 2530.9
1308080 2530.9
1308090 2533.1
1308100 2534.1
1308110 2534.1
1308120 2534.1
1308130 2534.4
1308140 2534.4
1308150 2535.4
1308160 2537.6
1308170 2537.6
1308180 2541.6
1308190 2544.8
1308200 2544.8
1308210 2547.6
1308220 2550.1
1308230 2552.3
1308240 2552.3
1308250 2554.3
1308260 2555.9
1308270 2555.9
1308280 2557.1
1308290 2557.6
1308300 2557.6
1308310 2558.0
1308320 2558.3
1308330 2558.3
1308340 2560.2
1308350 2561.5
1308360 2561.5
1308370 2561.6
1308380 2564.0
1308390 2564.0
1308400 2565.4
1308410 2566.8
1308420 2566.8
1308430 2568.9
1308440 2571.4
1308450 2573.0
1308460 2573.0
1308470 2573.8
1308480 2574.4
1308490 2574.4
1308500 2575.0
1308510 2575.8
1308520 2575.8
1308530 2571.5
1308540 2571.0
1308550 2571.0
1308560 2572.0
1308570 2574.1
1308580 2574.1
1308590 2577.6
1308600 2580.8
1308610 2580.8
1308620 2583.6
1308630 2585.9
1308640 2588.5
1308650 2588.5
1308660 2588.3
1308670 2588.2
1308680 2588.2
1308690 2590.5
1308700 2592.2
1308710 2592.2
1308720 2592.5
1308730 2593.7
1308740 2593.7
1308750 2594.7
1308760 2595.7
1308770 2595.7
1308780 2597.1
1308790 2598.9
1308800 2598.9
1308810 2601.0
1308820 2600.3
1308830 2600.3
1308840 2600.7
1308850 2602.7
1308860 2605.1
1308870 2605.1
1308880 2607.9
1308890 2610.3
1308900 2610.3
1308910 2612.0
1308920 2613.7
1308930 2613.7
1308940 2616.2
1308950 2618.8
1308960 2618.8
1308970 2620.1
1308980 2621.7
1308990 2621.7
1309000 2622.7
1309010 2622.5
1309020 2622.5
1309030 2622.5
1309040 2624.4
1309050 2626.0
1309060 2626.0
1309070 2626.7
1309080 2627.2
1309090 2627.2
1309100 2629.0
1309110 2630.5
1309120 2630.5
1309130 2631.9
1309140 2632.5
1309150 2632.5
1309160 2629.3
1309170 2626.6
1309180 2626.6
1309190 2625.8
1309200 2626.2
1309210 2626.2
1309220 2627.1
1309230 2628.4
1309240 2628.4
1309250 2631.3
1309260 2634.5
1309270 2637.5
1309280 2637.5
1309290 2640.9
1309300 2645.2
1309310 2645.2
1309320 2649.2
1309330 2651.9
1309340 2651.9
1309350 2653.3
1309360 2655.2
1309370 2655.2
1309380 2656.6
1309390 2658.0
1309400 2658.0
1309410 2659.2
1309420 2659.6
1309430 2659.6
1309440 2660.4
1309450 2663.7
1309460 2666.6
1309470 2666.6
1309480 2668.0
1309490 2669.9
1309500 2669.9
1309510 2669.1
1309520 2668.0
1309530 2668.0
1309540 2670.0
1309550 2671.8
1309560 2671.8
1309570 2674.8
1309580 2679.5
1309590 2679.5
1309600 2684.2
1309610 2688.9
1309620 2688.9
1309630 2692.2
1309640 2695.5
1309650 2695.5
1309660 2698.7
1309670 2702.1
1309680 2706.1
1309690 2706.1
1309700 2710.4
1309710 2714.3
1309720 2714.3
1309730 2717.2
1309740 2719.1
1309750 2719.1
1309760 2721.2
1309770 2724.5
1309780 2724.5
1309790 2728.9
1309800 2733.2
1309810 2733.2
1309820 2738.3
1309830 2742.5
1309840 2742.5
1309850 2746.4
1309860 2751.6
1309870 2756.9
1309880 2756.9
1309890 2761.4
1309900 2766.4
1309910 2766.4
1309920 2773.3
1309930 2781.6
1309940 2781.6
1309950 2792.4
1309960 2800.7
1309970 2808.8
1309980 2816.2
1309990 2823.0
1310000 2823.0
1310010 2828.8
1310020 2836.3
1310030 2836.3
1310040 2841.1
1310050 2848.9
1310060 2848.9
1310070 2859.6
1310080 2866.9
1310090 2871.7
1310100 2871.7
1310110 2875.4
1310120 2879.8
1310130 2879.8
1310140 2887.9
1310150 2897.5
1310160 2897.5
1310170 2906.6
1310180 2913.8
1310190 2913.8
1310200 2917.2
1310210 2918.0
1310220 2918.0
1310230 2919.4
1310240 2921.4
1310250 2921.4
1310260 2923.1
1310270 2924.2
1310280 2926.3
1310290 2926.3
1310300 2928.9
1310310 2932.1
1310320 2932.1
1310330 2935.9
1310340 2939.4
1310350 2939.4
1310360 2942.9
1310370 2946.4
1310380 2946.4
1310390 2950.8
1310400 2956.6
1310410 2956.6
1310420 2963.2
1310430 2969.7
1310440 2969.7
1310450 2976.9
1310460 2984.1
1310470 2984.1
1310480 2993.7
1310490 3004.2
1310500 3015.5
1310510 3015.5
1310520 3029.1
1310530 3044.3
1310540 3044.3
1310550 3055.9
1310560 3066.6
1310570 3066.6
1310580 3075.6
1310590 3083.5
1310600 3083.5
1310610 3092.0
1310620 3102.3
1310630 3102.3
1310640 3112.3
1310650 3121.4
1310660 3121.4
1310670 3132.3
1310680 3145.6
1310690 3156.5
1310700 3159.2
1310710 3147.4
1310720 3134.1
1310730 3134.1
1310740 3115.4
1310750 3092.8
1310760 3092.8
1310770 3057.7
1310780 3034.7
1310790 3034.7
1310800 3018.3
1310810 3002.9
1310820 3002.9
1310830 2993.9
1310840 2987.3
1310850 2987.3
1310860 2981.5
1310870 2976.2
1310880 2976.2
1310890 2971.7
1310900 2967.3
1310910 2963.1
1310920 2963.1
1310930 2959.1
1310940 2955.5
1310950 2955.5
1310960 2952.0
1310970 2948.6
1310980 2948.6
1310990 2944.8
1311000 2941.4
1311010 2941.4
1311020 2938.3
1311030 2935.2
1311040 2935.2
1311050 2932.0
1311060 2928.9
1311070 2928.9
1311080 2925.9
1311090 2922.8
1311100 2922.8
1311110 2919.6
1311120 2916.5
1311130 2913.6
1311140 2913.6
1311150 2910.5
1311160 2907.3
1311170 2907.3
1311180 2904.3
1311190 2901.0
1311200 2901.0
1311210 2897.7
1311220 2894.0
1311230 2894.0
1311240 2890.2
1311250 2886.6
1311260 2886.6
1311270 2882.9
1311280 2878.9
1311290 2878.9
1311300 2874.5
1311310 2869.8
1311320 2864.5
1311330 2864.5
1311340 2858.7
1311350 2854.0
1311360 2854.0
1311370 2849.2
1311380 2843.9
1311390 2843.9
1311400 2837.2
1311410 2831.1
1311420 2831.1
1311430 2828.3
1311440 2823.6
1311450 2823.6
1311460 2818.9
1311470 2814.8
1311480 2814.8
1311490 2811.5
1311500 2808.4
1311510 2808.4
1311520 2804.8
1311530 2800.5
1311540 2795.9
1311550 2795.9
1311560 2792.3
1311570 2788.8
1311580 2788.8
1311590 2784.8
1311600 2780.7
1311610 2780.7
1311620 2776.5
1311630 2771.1
1311640 2771.1
1311650 2766.6
1311660 2762.3
1311670 2762.3
1311680 2759.4
1311690 2756.7
1311700 2756.7
1311710 2754.4
1311720 2752.0
1311730 2749.3
1311740 2749.3
1311750 2746.0
1311760 2742.8
1311770 2742.8
1311780 2739.9
1311790 2737.7
1311800 2737.7
1311810 2736.4
1311820 2735.1
1311830 2735.1
1311840 2733.5
1311850 2731.0
1311860 2731.0
1311870 2728.2
1311880 2725.8
1311890 2725.8
1311900 2723.2
1311910 2720.7
1311920 2720.7
1311930 2718.1
1311940 2715.5
1311950 2713.2
1311960 2713.2
1311970 2710.4
1311980 2706.7
1311990 2706.7
1312000 2702.8
1312010 2699.8
1312020 2699.8
1312030 2697.7
1312040 2695.6
1312050 2695.6
1312060 2693.1
1312070 2690.5
1312080 2690.5
1312090 2687.7
1312100 2685.5
1312110 2685.5
1312120 2684.8
1312130 2683.8
1312140 2682.0
1312150 2682.0
1312160 2683.0
1312170 2681.3
1312180 2681.3
1312190 2678.0
1312200 2673.7
1312210 2673.7
1312220 2672.1
1312230 2672.0
1312240 2672.0
1312250 2671.4
1312260 2670.6
1312270 2670.6
1312280 2668.9
1312290 2664.6
1312300 2664.6
1312310 2661.4
1312320 2662.1
1312330 2662.1
1312340 2660.0
1312350 2658.6
1312360 2659.0
1312370 2659.0
1312380 2658.6
1312390 2656.9
1312400 2656.9
1312410 2654.4
1312420 2652.1
1312430 2652.1
1312440 2650.7
1312450 2650.0
1312460 2650.0
1312470 2649.1
1312480 2648.1
1312490 2648.1
1312500 2646.7
1312510 2645.4
1312520 2645.4
1312530 2644.3
1312540 2643.7
1312550 2643.4
1312560 2643.4
1312570 2642.9
1312580 2642.4
1312590 2642.4
1312600 2642.1
1312610 2641.5
1312620 2641.5
1312630 2641.0
1312640 2640.6
1312650 2640.6
1312660 2640.4
1312670 2640.3
1312680 2640.3
1312690 2638.9
1312700 2637.6
1312710 2637.6
1312720 2635.2
1312730 2633.1
1312740 2633.1
1312750 2631.9
1312760 2630.9
1312770 2629.4
1312780 2629.4
1312790 2629.0
1312800 2629.0
1312810 2629.0
1312820 2627.5
1312830 2624.3
1312840 2624.3
1312850 2620.6
1312860 2616.9
1312870 2616.9
1312880 2612.7
1312890 2604.6
1312900 2608.0
1312910 2598.6
1312920 2592.0
1312930 2592.0
1312940 2587.9
1312950 2585.4
1312960 2583.8
1312970 2583.8
1312980 2581.7
1312990 2577.5
1313000 2577.5
1313010 2572.1
1313020 2565.9
1313030 2565.9
1313040 2560.2
1313050 2554.8
1313060 2554.8
1313070 2550.5
1313080 2550.3
1313090 2550.3
1313100 2550.9
1313110 2551.7
1313120 2551.7
1313130 2552.2
1313140 2552.6
1313150 2552.6
1313160 2553.5
1313170 2554.2
1313180 2555.1
1313190 2555.1
1313200 2556.3
1313210 2557.5
1313220 2557.5
1313230 2558.5
1313240 2559.3
1313250 2559.3
1313260 2559.6
1313270 2560.0
1313280 2560.0
1313290 2560.3
1313300 2560.9
1313310 2560.9
1313320 2561.5
1313330 2561.4
1313340 2561.4
1313350 2561.2
1313360 2561.4
1313370 2561.4
1313380 2559.1
1313390 2557.6
1313400 2556.2
1313410 2556.2
1313420 2555.0
1313430 2553.9
1313440 2553.9
1313450 2552.3
1313460 2550.4
1313470 2550.4
1313480 2550.0
1313490 2548.8
1313500 2548.8
1313510 2547.3
1313520 2545.3
1313530 2545.3
1313540 2543.2
1313550 2540.8
1313560 2540.8
1313570 2537.8
1313580 2534.8
1313590 2532.2
1313600 2532.2
1313610 2530.0
1313620 2527.9
1313630 2527.9
1313640 2529.4
1313650 2528.6
1313660 2528.6
1313670 2527.4
1313680 2526.9
1313690 2526.9
1313700 2526.6
1313710 2526.6
1313720 2526.6
1313730 2527.6
1313740 2529.6
1313750 2529.6
1313760 2530.7
1313770 2528.4
1313780 2528.4
1313790 2523.5
1313800 2517.8
1313810 2512.6
1313820 2512.6
1313830 2508.6
1313840 2503.7
1313850 2503.7
1313860 2499.1
1313870 2494.3
1313880 2494.3
1313890 2491.9
1313900 2491.2
1313910 2491.2
1313920 2492.6
1313930 2496.2
1313940 2496.2
1313950 2500.7
1313960 2507.0
1313970 2507.0
1313980 2509.9
1313990 2511.7
1314000 2514.0
1314010 2514.0
1314020 2516.1
1314030 2517.5
1314040 2517.5
1314050 2518.3
1314060 2520.0
1314070 2520.0
1314080 2522.0
1314090 2523.7
1314100 2523.7
1314110 2524.0
1314120 2525.3
1314130 2525.3
1314140 2529.1
1314150 2534.1
1314160 2534.1
1314170 2538.8
1314180 2543.8
1314190 2543.8
1314200 2547.8
1314210 2551.4
1314220 2555.8
1314230 2555.8
1314240 2562.0
1314250 2571.1
1314260 2571.1
1314270 2575.5
1314280 2574.6
1314290 2574.6
1314300 2573.7
1314310 2571.8
1314320 2571.8
1314330 2569.5
1314340 2568.5
1314350 2568.5
1314360 2568.9
1314370 2569.6
1314380 2571.6
1314390 2573.5
1314400 2575.8
1314410 2578.2
1314420 2578.2
1314430 2580.7
1314440 2582.6
1314450 2582.6
1314460 2584.4
1314470 2589.9
1314480 2589.9
1314490 2603.5
1314500 2619.4
1314510 2619.4
1314520 2640.8
1314530 2674.6
1314540 2674.6
1314550 2693.9
1314560 2703.6
1314570 2703.6
1314580 2716.2
1314590 2728.8
1314600 2728.8
1314610 2733.8
1314620 2730.2
1314630 2724.6
1314640 2724.6
1314650 2712.7
1314660 2696.3
1314670 2696.3
1314680 2682.3
1314690 2672.8
1314700 2672.8
1314710 2664.5
1314720 2658.5
1314730 2658.5
1314740 2653.4
1314750 2648.4
1314760 2648.4
1314770 2644.5
1314780 2641.1
1314790 2641.1
1314800 2638.3
1314810 2635.4
1314820 2632.7
1314830 2632.7
1314840 2629.9
1314850 2627.0
1314860 2627.0
1314870 2624.0
1314880 2620.9
1314890 2620.9
1314900 2618.0
1314910 2615.0
1314920 2615.0
1314930 2612.4
1314940 2610.5
1314950 2610.5
1314960 2609.1
1314970 2608.2
1314980 2608.2
1314990 2607.4
1315000 2606.5
1315010 2606.5
1315020 2605.5
1315030 2604.8
1315040 2604.1
1315050 2604.1
1315060 2603.2
1315070 2602.4
1315080 2602.4
1315090 2602.0
1315100 2600.9
1315110 2600.9
1315120 2600.1
1315130 2599.8
1315140 2599.8
1315150 2598.2
1315160 2596.6
1315170 2596.6
1315180 2595.4
1315190 2593.9
1315200 2593.9
1315210 2592.6
1315220 2591.8
1315230 2591.6
1315240 2591.6
1315250 2591.6
1315260 2591.0
1315270 2591.0
1315280 2590.1
1315290 2590.0
1315300 2590.0
1315310 2588.3
1315320 2587.4
1315330 2587.4
1315340 2585.7
1315350 2583.7
1315360 2583.7
1315370 2581.5
1315380 2579.8
1315390 2579.8
1315400 2576.7
1315410 2574.1
1315420 2574.1
1315430 2572.3
1315440 2569.6
1315450 2565.6
1315460 2565.6
1315470 2561.6
1315480 2555.4
1315490 2555.4
1315500 2547.1
1315510 2542.7
1315520 2542.7
1315530 2539.4
1315540 2534.6
1315550 2534.6
1315560 2530.1
1315570 2527.2
1315580 2527.2
1315590 2525.0
1315600 2522.7
1315610 2522.7
1315620 2519.3
1315630 2515.4
1315640 2511.0
1315650 2511.0
1315660 2506.6
1315670 2502.0
1315680 2502.0
1315690 2496.2
1315700 2489.9
1315710 2489.9
1315720 2484.1
1315730 2479.2
1315740 2479.2
1315750 2474.5
1315760 2469.8
1315770 2469.8
1315780 2465.0
1315790 2459.5
1315800 2459.5
1315810 2452.6
1315820 2442.8
1315830 2442.8
1315840 2433.5
1315850 2428.4
1315860 2423.3
1315870 2423.3
1315880 2424.3
1315890 2423.0
1315900 2423.0
1315910 2421.6
1315920 2420.1
1315930 2420.1
1315940 2418.6
1315950 2417.8
1315960 2417.8
1315970 2417.3
1315980 2416.2
1315990 2416.2
1316000 2415.8
1316010 2415.7
1316020 2415.7
1316030 2415.7
1316040 2415.7
1316050 2415.7
1316060 2415.7
1316070 2415.9
1316080 2416.2
1316090 2416.2
1316100 2416.8
1316110 2417.7
1316120 2417.7
1316130 2418.8
1316140 2420.0
1316150 2420.0
1316160 2421.0
1316170 2421.8
1316180 2421.8
1316190 2422.5
1316200 2423.1
1316210 2423.1
1316220 2423.1
1316230 2422.8
1316240 2422.8
1316250 2422.6
1316260 2422.4
1316270 2422.2
1316280 2422.2
1316290 2421.7
1316300 2421.4
1316310 2421.4
1316320 2422.2
1316330 2423.3
1316340 2423.3
1316350 2427.2
1316360 2434.4
1316370 2434.4
1316380 2440.7
1316390 2446.6
1316400 2446.6
1316410 2452.5
1316420 2458.1
1316430 2458.1
1316440 2463.7
1316450 2468.1
1316460 2468.1
1316470 2471.0
1316480 2475.3
1316490 2480.8
1316500 2480.8
1316510 2485.8
1316520 2490.8
1316530 2490.8
1316540 2495.8
1316550 2501.7
1316560 2501.7
1316570 2508.4
1316580 2514.6
1316590 2514.6
1316600 2521.3
1316610 2527.7
1316620 2527.7
1316630 2534.3
1316640 2540.0
1316650 2540.0
1316660 2545.6
1316670 2550.4
1316680 2554.7
1316690 2554.7
1316700 2559.0
1316710 2562.8
1316720 2562.8
1316730 2565.8
1316740 2569.0
1316750 2569.0
1316760 2572.4
1316770 2576.6
1316780 2576.6
1316790 2581.4
1316800 2586.5
1316810 2586.5
1316820 2591.6
1316830 2596.8
1316840 2596.8
1316850 2602.8
1316860 2609.3
1316870 2609.3
1316880 2615.1
1316890 2619.9
1316900 2624.8
1316910 2624.8
1316920 2629.8
1316930 2634.1
1316940 2634.1
1316950 2638.4
1316960 2642.2
1316970 2642.2
1316980 2646.5
1316990 2651.1
1317000 2651.1
1317010 2655.6
1317020 2660.5
1317030 2660.5
1317040 2666.0
1317050 2671.4
1317060 2671.4
1317070 2676.1
1317080 2680.2
1317090 2683.5
1317100 2683.5
1317110 2686.3
1317120 2688.9
1317130 2688.9
1317140 2691.6
1317150 2694.2
1317160 2694.2
1317170 2696.7
1317180 2699.5
1317190 2699.5
1317200 2702.6
1317210 2705.9
1317220 2705.9
1317230 2709.2
1317240 2712.4
1317250 2712.4
1317260 2715.8
1317270 2719.4
1317280 2719.4
1317290 2722.5
1317300 2725.3
1317310 2728.9
1317320 2728.9
1317330 2732.4
1317340 2735.9
1317350 2735.9
1317360 2739.9
1317370 2743.9
1317380 2743.9
1317390 2748.7
1317400 2752.0
1317410 2752.0
1317420 2756.0
1317430 2760.2
1317440 2760.2
1317450 2764.1
1317460 2767.9
1317470 2767.9
1317480 2771.8
1317490 2776.2
1317500 2780.8
1317510 2780.8
1317520 2785.4
1317530 2790.0
1317540 2790.0
1317550 2794.5
1317560 2798.9
1317570 2798.9
1317580 2803.3
1317590 2807.7
1317600 2807.7
1317610 2812.1
1317620 2816.5
1317630 2816.5
1317640 2820.5
1317650 2824.3
1317660 2824.3
1317670 2828.4
1317680 2832.8
1317690 2832.8
1317700 2837.4
1317710 2842.0
1317720 2846.5
1317730 2846.5
1317740 2851.1
1317750 2855.5
1317760 2855.5
1317770 2860.0
1317780 2864.4
1317790 2864.4
1317800 2868.8
1317810 2873.4
1317820 2873.4
1317830 2878.4
1317840 2883.9
1317850 2883.9
1317860 2889.1
1317870 2894.3
1317880 2894.3
1317890 2899.1
1317900 2904.2
1317910 2909.4
1317920 2909.4
1317930 2914.4
1317940 2919.2
1317950 2919.2
1317960 2923.7
1317970 2929.0
1317980 2929.0
1317990 2939.4
1318000 2949.2
1318010 2949.2
1318020 2958.2
1318030 2965.9
1318040 2965.9
1318050 2973.2
1318060 2980.7
1318070 2980.7
1318080 2986.7
1318090 2991.1
1318100 2991.1
1318110 2996.2
1318120 3000.6
1318130 3004.2
1318140 3004.2
1318150 3011.8
1318160 3015.8
1318170 3015.8
1318180 3020.1
1318190 3024.7
1318200 3024.7
1318210 3030.0
1318220 3035.8
1318230 3035.8
1318240 3042.0
1318250 3048.7
1318260 3048.7
1318270 3055.7
1318280 3063.4
1318290 3063.4
1318300 3073.3
1318310 3085.2
1318320 3085.2
1318330 3098.1
1318340 3110.7
1318350 3113.7
1318360 3113.7
1318370 3107.9
1318380 3103.1
1318390 3103.1
1318400 3097.3
1318410 3086.5
1318420 3086.5
1318430 3076.3
1318440 3066.2
1318450 3066.2
1318460 3056.5
1318470 3045.2
1318480 3045.2
1318490 3032.4
1318500 3015.8
1318510 3015.8
1318520 2997.1
1318530 2985.6
1318540 2978.6
1318550 2978.6
1318560 2973.9
1318570 2970.4
1318580 2970.4
1318590 2967.3
1318600 2964.4
1318610 2964.4
1318620 2961.8
1318630 2959.3
1318640 2959.3
1318650 2956.7
1318660 2954.3
1318670 2954.3
1318680 2952.2
1318690 2950.2
1318700 2950.2
1318710 2948.5
1318720 2947.1
1318730 2947.1
1318740 2945.7
1318750 2944.7
1318760 2943.7
1318770 2943.7
1318780 2943.0
1318790 2942.3
1318800 2942.3
1318810 2941.8
1318820 2941.4
1318830 2941.4
1318840 2941.0
1318850 2940.6
1318860 2940.6
1318870 2940.1
1318880 2939.7
1318890 2939.7
1318900 2939.4
1318910 2941.9
1318920 2941.9
1318930 2941.7
1318940 2941.6
1318950 2941.5
1318960 2941.5
1318970 2941.5
1318980 2941.5
1318990 2941.5
1319000 2941.4
1319010 2941.2
1319020 2941.2
1319030 2940.9
1319040 2940.4
1319050 2940.4
1319060 2939.8
1319070 2939.2
1319080 2939.2
1319090 2938.3
1319100 2937.1
1319110 2937.1
1319120 2935.8
1319130 2933.8
1319140 2933.8
1319150 2929.5
1319160 2928.8
1319170 2929.7
1319180 2929.7
1319190 2928.0
1319200 2926.8
1319210 2926.8
1319220 2925.7
1319230 2924.4
1319240 2924.4
1319250 2923.4
1319260 2922.1
1319270 2922.1
1319280 2920.3
1319290 2917.0
1319300 2917.0
1319310 2915.2
1319320 2916.6
1319330 2916.6
1319340 2919.3
1319350 2919.4
1319360 2919.4
1319370 2919.4
1319380 2918.8
1319390 2917.5
1319400 2917.5
1319410 2917.3
1319420 2915.7
1319430 2915.7
1319440 2916.4
1319450 2918.2
1319460 2918.2
1319470 2918.9
1319480 2921.7
1319490 2921.7
1319500 2925.9
1319510 2938.1
1319520 2938.1
1319530 2950.8
1319540 2960.6
1319550 2960.6
1319560 2971.5
1319570 2980.3
1319580 2982.1
1319590 2982.1
1319600 2979.9
1319610 2978.0
1319620 2978.0
1319630 2974.7
1319640 2971.7
1319650 2971.7
1319660 2968.5
1319670 2962.6
1319680 2978.8
1319690 2973.6
1319700 2971.0
1319710 2971.0
1319720 2970.1
1319730 2971.3
1319740 2971.3
1319750 2973.7
1319760 2976.6
1319770 2979.4
1319780 2979.4
1319790 2982.5
1319800 2985.5
1319810 2985.5
1319820 2988.5
1319830 2991.4
1319840 2991.4
1319850 2994.3
1319860 2997.1
1319870 2997.1
1319880 2999.8
1319890 3002.3
1319900 3002.3
1319910 3004.9
1319920 3007.8
1319930 3007.8
1319940 3011.0
1319950 3014.8
1319960 3014.8
1319970 3019.5
1319980 3024.9
1319990 3032.8
