1300000 2181.2
1300010 2188.7
1300020 2195.3
1300030 2195.3
1300040 2201.2
1300050 2206.0
1300060 2206.0
1300070 2209.5
1300080 2214.7
1300090 2220.9
1300100 2220.9
1300110 2226.5
1300120 2232.3
1300130 2232.3
1300140 2238.7
1300150 2244.8
1300160 2244.8
1300170 2251.0
1300180 2256.9
1300190 2256.9
1300200 2262.1
1300210 2267.5
1300220 2267.5
1300230 2273.5
1300240 2279.8
1300250 2279.8
1300260 2285.1
1300270 2290.9
1300280 2297.0
1300290 2297.0
1300300 2302.1
1300310 2309.4
1300320 2309.4
1300330 2314.7
1300340 2318.9
1300350 2318.9
1300360 2322.7
1300370 2328.0
1300380 2328.0
1300390 2332.3
1300400 2336.3
1300410 2336.3
1300420 2341.2
1300430 2345.7
1300440 2345.7
1300450 2355.3
1300460 2353.0
1300470 2353.0
1300480 2352.2
1300490 2352.7
1300500 2353.7
1300510 2353.7
1300520 2356.3
1300530 2357.6
1300540 2357.6
1300550 2357.2
1300560 2354.1
1300570 2354.1
1300580 2351.6
1300590 2351.0
1300600 2351.0
1300610 2350.3
1300620 2348.6
1300630 2348.6
1300640 2346.8
1300650 2344.3
1300660 2344.3
1300670 2340.6
1300680 2336.8
1300690 2333.3
1300700 2333.3
1300710 2328.9
1300720 2324.9
1300730 2324.9
1300740 2319.4
1300750 2313.5
1300760 2313.5
1300770 2310.2
1300780 2306.6
1300790 2306.6
1300800 2303.4
1300810 2301.1
1300820 2301.1
1300830 2298.7
1300840 2296.4
1300850 2296.4
1300860 2293.8
1300870 2291.7
1300880 2291.7
1300890 2290.3
1300900 2290.0
1300910 2289.9
1300920 2289.9
1300930 2290.5
1300940 2291.4
1300950 2291.4
1300960 2292.3
1300970 2292.7
1300980 2292.7
1300990 2293.3
1301000 2293.7
1301010 2293.7
1301020 2294.1
1301030 2294.5
1301040 2294.5
1301050 2294.8
1301060 2295.3
1301070 2295.3
1301080 2295.7
1301090 2296.8
1301100 2298.1
1301110 2298.1
1301120 2298.7
1301130 2299.0
1301140 2300.4
1301150 2300.7
1301160 2300.7
1301170 2300.7
1301180 2300.2
1301190 2299.4
1301200 2299.4
1301210 2299.5
1301220 2299.5
1301230 2299.5
1301240 2298.9
1301250 2298.2
1301260 2298.2
1301270 2297.2
1301280 2296.3
1301290 2296.3
1301300 2295.6
1301310 2295.0
1301320 2294.4
1301330 2294.4
1301340 2293.3
1301350 2292.1
1301360 2292.1
1301370 2291.4
1301380 2291.1
1301390 2291.1
1301400 2290.7
1301410 2290.2
1301420 2290.2
1301430 2289.7
1301440 2289.5
1301450 2289.5
1301460 2289.3
1301470 2289.1
1301480 2289.1
1301490 2288.5
1301500 2287.0
1301510 2283.1
1301520 2283.1
1301530 2281.9
1301540 2284.6
1301550 2284.6
1301560 2287.5
1301570 2290.0
1301580 2290.0
1301590 2292.1
1301600 2294.9
1301610 2294.9
1301620 2297.9
1301630 2302.0
1301640 2302.0
1301650 2306.3
1301660 2308.6
1301670 2308.6
1301680 2310.1
1301690 2311.0
1301700 2311.0
1301710 2312.2
1301720 2313.3
1301730 2314.3
1301740 2314.3
1301750 2316.6
1301760 2320.8
1301770 2320.8
1301780 2325.3
1301790 2330.1
1301800 2330.1
1301810 2334.4
1301820 2338.1
1301830 2332.9
1301840 2334.9
1301850 2336.6
1301860 2336.6
1301870 2339.7
1301880 2343.4
1301890 2343.4
1301900 2346.7
1301910 2350.1
1301920 2353.9
1301930 2353.9
1301940 2357.8
1301950 2362.1
1301960 2362.1
1301970 2366.4
1301980 2370.9
1301990 2370.9
1302000 2375.3
1302010 2379.6
1302020 2379.6
1302030 2383.9
1302040 2387.8
1302050 2387.8
1302060 2392.2
1302070 2397.1
1302080 2397.1
1302090 2402.8
1302100 2408.9
1302110 2408.9
1302120 2414.9
1302130 2420.3
1302140 2425.6
1302150 2425.6
1302160 2430.7
1302170 2436.4
1302180 2436.4
1302190 2442.8
1302200 2448.7
1302210 2448.7
1302220 2455.1
1302230 2460.9
1302240 2460.9
1302250 2466.8
1302260 2473.3
1302270 2473.3
1302280 2479.5
1302290 2485.4
1302300 2485.4
1302310 2492.2
1302320 2500.6
1302330 2500.6
1302340 2509.3
1302350 2516.9
1302360 2523.3
1302370 2523.3
1302380 2528.7
1302390 2533.6
1302400 2533.6
1302410 2538.3
1302420 2543.1
1302430 2543.1
1302440 2547.9
1302450 2552.1
1302460 2552.1
1302470 2556.4
1302480 2560.8
1302490 2560.8
1302500 2565.5
1302510 2570.7
1302520 2570.7
1302530 2575.1
1302540 2580.2
1302550 2585.1
1302560 2585.1
1302570 2590.0
1302580 2594.9
1302590 2594.9
1302600 2600.0
1302610 2605.7
1302620 2605.7
1302630 2615.7
1302640 2627.1
1302650 2627.1
1302660 2638.0
1302670 2648.5
1302680 2648.5
1302690 2657.4
1302700 2666.2
1302710 2666.2
1302720 2677.3
1302730 2690.6
1302740 2690.6
1302750 2703.0
1302760 2714.1
1302770 2722.0
1302780 2722.0
1302790 2730.0
1302800 2738.7
1302810 2738.7
1302820 2747.1
1302830 2755.5
1302840 2755.5
1302850 2763.3
1302860 2770.9
1302870 2770.9
1302880 2778.7
1302890 2786.9
1302900 2786.9
1302910 2795.4
1302920 2804.6
1302930 2804.6
1302940 2814.0
1302950 2823.4
1302960 2831.5
1302970 2831.5
1302980 2840.3
1302990 2849.8
1303000 2849.8
1303010 2856.6
1303020 2846.4
1303030 2846.4
1303040 2832.4
1303050 2819.0
1303060 2819.0
1303070 2803.6
1303080 2791.4
1303090 2791.4
1303100 2780.0
1303110 2770.3
1303120 2770.3
1303130 2761.9
1303140 2767.4
1303150 2767.4
1303160 2768.4
1303170 2765.7
1303180 2761.2
1303190 2761.2
1303200 2758.6
1303210 2755.1
1303220 2766.6
1303230 2763.8
1303240 2754.2
1303250 2754.2
1303260 2742.9
1303270 2732.2
1303280 2732.2
1303290 2721.6
1303300 2710.2
1303310 2710.2
1303320 2697.9
1303330 2687.9
1303340 2687.9
1303350 2669.8
1303360 2650.1
1303370 2631.6
1303380 2631.6
1303390 2623.0
1303400 2618.6
1303410 2618.6
1303420 2613.7
1303430 2608.7
1303440 2608.7
1303450 2604.1
1303460 2599.6
1303470 2599.6
1303480 2594.9
1303490 2589.2
1303500 2589.2
1303510 2583.0
1303520 2577.9
1303530 2577.9
1303540 2572.6
1303550 2567.2
1303560 2567.2
1303570 2561.6
1303580 2555.7
1303590 2549.9
1303600 2549.9
1303610 2544.1
1303620 2538.8
1303630 2538.8
1303640 2533.5
1303650 2528.7
1303660 2528.7
1303670 2524.8
1303680 2521.2
1303690 2521.2
1303700 2519.3
1303710 2519.2
1303720 2519.2
1303730 2512.2
1303740 2510.6
1303750 2510.6
1303760 2512.9
1303770 2514.3
1303780 2510.2
1303790 2510.2
1303800 2504.7
1303810 2500.5
1303820 2500.5
1303830 2497.5
1303840 2495.5
1303850 2495.5
1303860 2498.1
1303870 2500.1
1303880 2500.1
1303890 2502.8
1303900 2503.7
1303910 2503.7
1303920 2507.0
1303930 2505.8
1303940 2505.8
1303950 2502.4
1303960 2497.7
1303970 2497.7
1303980 2491.9
1303990 2485.3
1304000 2480.6
1304010 2480.6
1304020 2478.5
1304030 2478.5
1304040 2478.5
1304050 2480.5
1304060 2482.3
1304070 2482.3
1304080 2484.7
1304090 2495.0
1304100 2495.0
1304110 2517.4
1304120 2539.2
1304130 2539.2
1304140 2543.6
1304150 2548.0
1304160 2548.0
1304170 2551.7
1304180 2559.6
1304190 2552.3
1304200 2552.3
1304210 2540.1
1304220 2529.5
1304230 2529.5
1304240 2526.6
1304250 2527.2
1304260 2527.2
1304270 2531.4
1304280 2531.2
1304290 2531.2
1304300 2522.2
1304310 2502.8
1304320 2502.8
1304330 2479.8
1304340 2454.3
1304350 2454.3
1304360 2450.4
1304370 2438.5
1304380 2438.5
1304390 2423.6
1304400 2412.6
1304410 2399.3
1304420 2399.3
1304430 2386.6
1304440 2373.3
1304450 2373.3
1304460 2360.4
1304470 2351.1
1304480 2351.1
1304490 2347.8
1304500 2343.8
1304510 2343.8
1304520 2337.7
1304530 2335.2
1304540 2335.2
1304550 2336.2
1304560 2332.9
1304570 2332.9
1304580 2327.5
1304590 2316.8
1304600 2301.6
1304610 2301.6
1304620 2291.0
1304630 2292.7
1304640 2292.7
1304650 2287.5
1304660 2281.6
1304670 2281.6
1304680 2275.5
1304690 2268.9
1304700 2268.9
1304710 2261.6
1304720 2251.5
1304730 2251.5
1304740 2239.7
1304750 2220.0
1304760 2220.0
1304770 2199.4
1304780 2188.5
1304790 2188.5
1304800 2179.4
1304810 2169.9
1304820 2158.7
1304830 2158.7
1304840 2149.8
1304850 2144.3
1304860 2144.3
1304870 2142.4
1304880 2139.8
1304890 2139.8
1304900 2136.1
1304910 2129.6
1304920 2129.6
1304930 2122.2
1304940 2114.5
1304950 2114.5
1304960 2105.9
1304970 2098.0
1304980 2098.0
1304990 2091.4
1305000 2087.2
1305010 2087.2
1305020 2079.6
1305030 2070.7
1305040 2060.4
1305050 2060.4
1305060 2050.9
1305070 2043.4
1305080 2043.4
1305090 2037.3
1305100 2031.5
1305110 2031.5
1305120 2022.7
1305130 2010.2
1305140 2010.2
1305150 1998.5
1305160 1988.3
1305170 1988.3
1305180 1978.0
1305190 1968.9
1305200 1968.9
1305210 1962.7
1305220 1963.1
1305230 1958.1
1305240 1958.1
1305250 1948.9
1305260 1942.7
1305270 1942.7
1305280 1937.7
1305290 1929.3
1305300 1929.3
1305310 1918.5
1305320 1908.0
1305330 1913.2
1305340 1906.7
1305350 1902.1
1305360 1902.1
1305370 1897.0
1305380 1891.0
1305390 1891.0
1305400 1884.6
1305410 1878.1
1305420 1878.1
1305430 1871.4
1305440 1864.8
1305450 1858.8
1305460 1858.8
1305470 1853.4
1305480 1848.7
1305490 1848.7
1305500 1844.9
1305510 1841.8
1305520 1841.8
1305530 1838.9
1305540 1835.8
1305550 1835.8
1305560 1832.0
1305570 1828.1
1305580 1828.1
1305590 1824.5
1305600 1821.2
1305610 1821.2
1305620 1817.7
1305630 1814.7
1305640 1812.2
1305650 1812.2
1305660 1809.9
1305670 1807.9
1305680 1807.9
1305690 1806.5
1305700 1805.6
1305710 1805.6
1305720 1805.4
1305730 1805.7
1305740 1805.7
1305750 1804.9
1305760 1802.1
1305770 1802.1
1305780 1802.6
1305790 1802.5
1305800 1802.5
1305810 1801.7
1305820 1801.9
1305830 1801.9
1305840 1802.9
1305850 1803.6
1305860 1804.6
1305870 1804.6
1305880 1805.3
1305890 1805.5
1305900 1805.5
1305910 1806.0
1305920 1807.1
1305930 1807.1
1305940 1808.6
1305950 1811.0
1305960 1811.0
1305970 1812.6
1305980 1814.1
1305990 1814.1
1306000 1814.8
1306010 1817.2
1306020 1817.2
1306030 1817.5
1306040 1815.9
1306050 1818.2
1306060 1818.2
1306070 1822.0
1306080 1826.6
1306090 1826.6
1306100 1832.0
1306110 1837.5
1306120 1837.5
1306130 1843.0
1306140 1848.8
1306150 1848.8
1306160 1854.8
1306170 1860.9
1306180 1860.9
1306190 1867.0
1306200 1873.4
1306210 1873.4
1306220 1879.9
1306230 1886.3
1306240 1886.3
1306250 1892.9
1306260 1899.2
1306270 1904.9
1306280 1904.9
1306290 1909.6
1306300 1914.3
1306310 1914.3
1306320 1921.4
1306330 1929.2
1306340 1929.2
1306350 1936.1
1306360 1940.8
1306370 1940.8
1306380 1946.7
1306390 1955.3
1306400 1955.3
1306410 1966.5
1306420 1977.4
1306430 1977.4
1306440 1990.7
1306450 2006.3
1306460 2014.8
1306470 2014.8
1306480 2022.3
1306490 2030.7
1306500 2030.7
1306510 2039.2
1306520 2047.8
1306530 2047.8
1306540 2057.9
1306550 2068.8
1306560 2068.8
1306570 2077.7
1306580 2085.3
1306590 2085.3
1306600 2093.7
1306610 2100.6
1306620 2100.6
1306630 2106.6
1306640 2112.7
1306650 2112.7
1306660 2119.3
1306670 2127.2
1306680 2135.7
1306690 2135.7
1306700 2143.2
1306710 2150.3
1306720 2150.3
1306730 2157.2
1306740 2164.9
1306750 2163.5
1306760 2172.9
1306770 2182.5
1306780 2182.5
1306790 2192.3
1306800 2200.7
1306810 2200.7
1306820 2207.3
1306830 2213.3
1306840 2213.3
1306850 2218.8
1306860 2224.7
1306870 2230.9
1306880 2230.9
1306890 2236.5
1306900 2242.1
1306910 2242.1
1306920 2246.9
1306930 2252.4
1306940 2252.4
1306950 2257.5
1306960 2263.1
1306970 2263.1
1306980 2270.4
1306990 2278.6
1307000 2278.6
1307010 2286.1
1307020 2294.2
1307030 2294.2
1307040 2302.9
1307050 2311.5
1307060 2311.5
1307070 2319.3
1307080 2327.3
1307090 2335.0
1307100 2335.0
1307110 2343.0
1307120 2350.6
1307130 2350.6
1307140 2357.9
1307150 2364.7
1307160 2364.7
1307170 2372.0
1307180 2380.5
1307190 2380.5
1307200 2388.9
1307210 2396.8
1307220 2396.8
1307230 2403.8
1307240 2409.6
1307250 2409.6
1307260 2416.3
1307270 2423.4
1307280 2429.4
1307290 2429.4
1307300 2435.8
1307310 2441.7
1307320 2441.7
1307330 2446.8
1307340 2452.3
1307350 2452.3
1307360 2458.7
1307370 2465.4
1307380 2465.4
1307390 2473.3
1307400 2481.8
1307410 2481.8
1307420 2488.1
1307430 2492.1
1307440 2492.1
1307450 2495.6
1307460 2495.6
1307470 2495.6
1307480 2495.0
1307490 2493.7
1307500 2492.7
1307510 2492.7
1307520 2491.7
1307530 2490.9
1307540 2490.9
1307550 2490.1
1307560 2489.6
1307570 2489.6
1307580 2489.2
1307590 2487.1
1307600 2487.1
1307610 2485.0
1307620 2483.9
1307630 2483.9
1307640 2483.8
1307650 2483.8
1307660 2483.8
1307670 2484.4
1307680 2484.6
1307690 2483.4
1307700 2483.4
1307710 2482.0
1307720 2480.7
1307730 2480.7
1307740 2479.9
1307750 2478.9
1307760 2478.9
1307770 2478.0
1307780 2477.1
1307790 2477.1
1307800 2476.2
1307810 2475.8
1307820 2475.8
1307830 2476.1
1307840 2475.7
1307850 2475.7
1307860 2475.5
1307870 2475.2
1307880 2475.2
1307890 2475.9
1307900 2475.8
1307910 2475.3
1307920 2475.3
1307930 2476.2
1307940 2477.7
1307950 2477.7
1307960 2479.5
1307970 2481.7
1307980 2481.7
1307990 2484.0
1308000 2486.1
1308010 2486.1
1308020 2487.6
1308030 2487.8
1308040 2487.8
1308050 2487.2
1308060 2486.8
1308070 2486.8
1308080 2487.7
1308090 2488.4
1308100 2488.4
1308110 2489.7
1308120 2489.8
1308130 2489.8
1308140 2489.8
1308150 2492.8
1308160 2496.5
1308170 2496.5
1308180 2492.0
1308190 2493.6
1308200 2493.6
1308210 2497.2
1308220 2501.9
1308230 2501.9
1308240 2505.6
1308250 2508.4
1308260 2508.4
1308270 2510.8
1308280 2511.7
1308290 2511.7
1308300 2511.8
1308310 2514.0
1308320 2516.7
1308330 2516.7
1308340 2517.4
1308350 2517.8
1308360 2517.8
1308370 2519.5
1308380 2521.8
1308390 2521.8
1308400 2524.6
1308410 2525.3
1308420 2525.3
1308430 2526.3
1308440 2529.7
1308450 2529.7
1308460 2534.7
1308470 2539.2
1308480 2539.2
1308490 2542.6
1308500 2545.2
1308510 2545.2
1308520 2546.7
1308530 2547.4
1308540 2548.5
1308550 2548.5
1308560 2550.2
1308570 2551.5
1308580 2551.5
1308590 2551.9
1308600 2552.7
1308610 2552.7
1308620 2554.6
1308630 2557.1
1308640 2557.1
1308650 2560.2
1308660 2563.3
1308670 2563.3
1308680 2565.6
1308690 2566.6
1308700 2566.6
1308710 2567.4
1308720 2568.5
1308730 2569.7
1308740 2569.7
1308750 2570.8
1308760 2572.1
1308770 2572.1
1308780 2573.0
1308790 2572.8
1308800 2572.8
1308810 2572.7
1308820 2575.0
1308830 2575.0
1308840 2577.4
1308850 2579.5
1308860 2579.5
1308870 2581.9
1308880 2583.7
1308890 2583.7
1308900 2578.0
1308910 2577.2
1308920 2577.2
1308930 2575.9
1308940 2575.8
1308950 2576.0
1308960 2576.0
1308970 2578.8
1308980 2583.1
1308990 2583.1
1309000 2587.2
1309010 2591.3
1309020 2591.3
1309030 2594.3
1309040 2595.3
1309050 2595.3
1309060 2595.5
1309070 2596.2
1309080 2596.2
1309090 2597.4
1309100 2599.2
1309110 2599.2
1309120 2600.1
1309130 2600.2
1309140 2602.4
1309150 2602.4
1309160 2606.1
1309170 2611.0
1309180 2611.0
1309190 2614.8
1309200 2616.7
1309210 2616.7
1309220 2617.8
1309230 2618.6
1309240 2618.6
1309250 2619.2
1309260 2619.7
1309270 2619.7
1309280 2620.2
1309290 2622.2
1309300 2622.2
1309310 2625.9
1309320 2627.8
1309330 2627.8
1309340 2625.7
1309350 2621.8
1309360 2619.4
1309370 2619.4
1309380 2617.3
1309390 2616.6
1309400 2616.6
1309410 2618.1
1309420 2620.3
1309430 2620.3
1309440 2624.4
1309450 2627.7
1309460 2627.7
1309470 2629.1
1309480 2630.8
1309490 2630.8
1309500 2633.0
1309510 2636.0
1309520 2636.0
1309530 2639.4
1309540 2642.5
1309550 2646.1
1309560 2646.1
1309570 2652.1
1309580 2656.9
1309590 2656.9
1309600 2660.0
1309610 2662.5
1309620 2658.2
1309630 2660.7
1309640 2663.6
1309650 2663.6
1309660 2666.0
1309670 2668.9
1309680 2668.9
1309690 2672.8
1309700 2675.9
1309710 2675.9
1309720 2680.9
1309730 2686.3
1309740 2686.3
1309750 2691.4
1309760 2697.5
1309770 2702.9
1309780 2702.9
1309790 2708.0
1309800 2713.3
1309810 2713.3
1309820 2721.2
1309830 2733.7
1309840 2733.7
1309850 2749.8
1309860 2765.9
1309870 2765.9
1309880 2777.1
1309890 2787.1
1309900 2787.1
1309910 2795.3
1309920 2806.1
1309930 2806.1
1309940 2818.8
1309950 2832.1
1309960 2847.3
1309970 2847.3
1309980 2860.2
1309990 2868.3
1310000 2868.3
1310010 2877.0
1310020 2884.8
1310030 2884.8
1310040 2883.4
1310050 2890.4
1310060 2890.4
1310070 2903.4
1310080 2919.6
1310090 2919.6
1310100 2930.7
1310110 2935.2
1310120 2935.2
1310130 2933.6
1310140 2936.1
1310150 2936.1
1310160 2944.0
1310170 2954.6
1310180 2967.2
1310190 2967.2
1310200 2972.0
1310210 2977.3
1310220 2977.3
1310230 2982.2
1310240 2983.7
1310250 2983.7
1310260 2984.1
1310270 2985.5
1310280 2985.5
1310290 2989.2
1310300 2993.0
1310310 2993.0
1310320 2997.2
1310330 3003.8
1310340 3013.4
1310350 3018.6
1310360 3025.7
1310370 3034.5
1310380 3034.5
1310390 3044.1
1310400 3052.5
1310410 3052.5
1310420 3062.1
1310430 3072.9
1310440 3072.9
1310450 3080.5
1310460 3085.0
1310470 3085.0
1310480 3092.0
1310490 3102.2
1310500 3102.2
1310510 3112.2
1310520 3119.0
1310530 3119.0
1310540 3120.7
1310550 3125.4
1310560 3125.4
1310570 3132.4
1310580 3141.4
1310590 3147.4
1310600 3147.4
1310610 3153.7
1310620 3163.0
1310630 3163.0
1310640 3162.1
1310650 3158.9
1310660 3158.9
1310670 3164.9
1310680 3165.8
1310690 3165.8
1310700 3149.5
1310710 3128.7
1310720 3128.7
1310730 3113.1
1310740 3099.2
1310750 3099.2
1310760 3087.0
1310770 3073.6
1310780 3073.6
1310790 3058.4
1310800 3046.0
1310810 3037.2
1310820 3037.2
1310830 3025.7
1310840 3011.6
1310850 3011.6
1310860 2998.9
1310870 2991.2
1310880 2991.2
1310890 2985.4
1310900 2980.5
1310910 2980.5
1310920 2976.4
1310930 2972.5
1310940 2972.5
1310950 2968.9
1310960 2965.7
1310970 2965.7
1310980 2962.7
1310990 2959.5
1311000 2956.2
1311010 2956.2
1311020 2952.9
1311030 2949.7
1311040 2949.7
1311050 2946.5
1311060 2943.5
1311070 2945.8
1311080 2942.6
1311090 2939.6
1311100 2939.6
1311110 2936.5
1311120 2933.4
1311130 2933.4
1311140 2930.1
1311150 2926.5
1311160 2926.5
1311170 2922.7
1311180 2918.8
1311190 2918.8
1311200 2914.6
1311210 2910.6
1311220 2906.7
1311230 2906.7
1311240 2902.9
1311250 2899.0
1311260 2899.0
1311270 2895.0
1311280 2891.0
1311290 2891.0
1311300 2886.7
1311310 2882.5
1311320 2882.5
1311330 2878.4
1311340 2874.4
1311350 2874.4
1311360 2870.4
1311370 2866.4
1311380 2866.4
1311390 2862.3
1311400 2857.9
1311410 2853.3
1311420 2853.3
1311430 2848.8
1311440 2844.2
1311450 2844.2
1311460 2839.9
1311470 2835.8
1311480 2835.8
1311490 2831.8
1311500 2828.0
1311510 2828.0
1311520 2824.1
1311530 2820.1
1311540 2820.1
1311550 2816.0
1311560 2811.6
1311570 2811.6
1311580 2807.3
1311590 2803.4
1311600 2803.4
1311610 2800.0
1311620 2796.5
1311630 2792.7
1311640 2792.7
1311650 2789.0
1311660 2785.3
1311670 2785.3
1311680 2781.7
1311690 2778.3
1311700 2778.3
1311710 2775.2
1311720 2772.0
1311730 2772.0
1311740 2768.6
1311750 2764.9
1311760 2764.9
1311770 2761.2
1311780 2757.1
1311790 2757.1
1311800 2755.4
1311810 2753.0
1311820 2750.9
1311830 2750.9
1311840 2748.0
1311850 2744.4
1311860 2744.4
1311870 2741.6
1311880 2739.5
1311890 2739.5
1311900 2737.4
1311910 2735.5
1311920 2735.5
1311930 2733.7
1311940 2731.9
1311950 2731.9
1311960 2730.2
1311970 2728.4
1311980 2728.4
1311990 2726.4
1312000 2724.3
1312010 2724.3
1312020 2721.8
1312030 2719.8
1312040 2718.4
1312050 2718.4
1312060 2717.3
1312070 2716.6
1312080 2716.6
1312090 2715.7
1312100 2714.0
1312110 2714.0
1312120 2712.2
1312130 2710.2
1312140 2710.2
1312150 2707.2
1312160 2704.6
1312170 2704.6
1312180 2703.3
1312190 2702.1
1312200 2702.1
1312210 2701.2
1312220 2701.0
1312230 2700.4
1312240 2700.4
1312250 2698.7
1312260 2696.9
1312270 2696.9
1312280 2695.4
1312290 2694.0
1312300 2694.0
1312310 2691.4
1312320 2691.9
1312330 2691.9
1312340 2692.0
1312350 2692.0
1312360 2692.0
1312370 2691.5
1312380 2689.7
1312390 2689.7
1312400 2687.4
1312410 2684.0
1312420 2684.0
1312430 2680.6
1312440 2677.5
1312450 2674.9
1312460 2674.9
1312470 2672.3
1312480 2670.0
1312490 2670.0
1312500 2667.8
1312510 2666.4
1312520 2666.4
1312530 2666.2
1312540 2670.6
1312550 2670.6
1312560 2671.9
1312570 2672.8
1312580 2672.8
1312590 2672.7
1312600 2672.2
1312610 2672.2
1312620 2671.7
1312630 2670.1
1312640 2668.1
1312650 2668.1
1312660 2666.0
1312670 2663.5
1312680 2663.5
1312690 2660.8
1312700 2658.0
1312710 2658.0
1312720 2655.4
1312730 2652.9
1312740 2652.9
1312750 2651.2
1312760 2650.2
1312770 2650.2
1312780 2650.8
1312790 2651.9
1312800 2651.9
1312810 2652.4
1312820 2652.9
1312830 2652.9
1312840 2652.6
1312850 2651.5
1312860 2649.2
1312870 2649.2
1312880 2645.3
1312890 2640.5
1312900 2640.5
1312910 2634.5
1312920 2628.5
1312930 2628.5
1312940 2621.6
1312950 2612.0
1312960 2612.0
1312970 2605.1
1312980 2601.8
1312990 2601.8
1313000 2600.0
1313010 2598.4
1313020 2598.4
1313030 2591.9
1313040 2581.0
1313050 2575.6
1313060 2575.6
1313070 2573.9
1313080 2573.3
1313090 2573.3
1313100 2572.9
1313110 2572.2
1313120 2572.2
1313130 2571.8
1313140 2571.2
1313150 2571.2
1313160 2570.6
1313170 2570.5
1313180 2570.5
1313190 2570.4
1313200 2570.2
1313210 2570.2
1313220 2570.1
1313230 2569.9
1313240 2569.9
1313250 2569.9
1313260 2570.5
1313270 2571.1
1313280 2572.4
1313290 2572.6
1313300 2572.2
1313310 2572.2
1313320 2572.2
1313330 2572.2
1313340 2572.2
1313350 2573.0
1313360 2573.3
1313370 2573.3
1313380 2573.2
1313390 2572.7
1313400 2572.7
1313410 2572.3
1313420 2571.8
1313430 2571.8
1313440 2571.4
1313450 2571.0
1313460 2571.0
1313470 2570.9
1313480 2570.7
1313490 2569.9
1313500 2569.9
1313510 2569.0
1313520 2568.1
1313530 2568.1
1313540 2567.2
1313550 2565.9
1313560 2565.9
1313570 2564.4
1313580 2562.7
1313590 2562.7
1313600 2560.7
1313610 2558.9
1313620 2558.9
1313630 2557.7
1313640 2556.7
1313650 2556.7
1313660 2555.3
1313670 2553.9
1313680 2552.5
1313690 2552.5
1313700 2551.5
1313710 2551.0
1313720 2551.0
1313730 2551.2
1313740 2552.7
1313750 2552.7
1313760 2554.4
1313770 2555.9
1313780 2555.9
1313790 2554.9
1313800 2551.8
1313810 2551.8
1313820 2549.0
1313830 2544.1
1313840 2544.1
1313850 2540.4
1313860 2537.1
1313870 2537.1
1313880 2535.5
1313890 2534.8
1313900 2537.8
1313910 2537.8
1313920 2542.9
1313930 2547.3
1313940 2547.3
1313950 2550.8
1313960 2553.5
1313970 2553.5
1313980 2555.4
1313990 2556.9
1314000 2556.9
1314010 2556.9
1314020 2562.8
1314030 2562.8
1314040 2563.6
1314050 2563.9
1314060 2563.9
1314070 2564.4
1314080 2565.0
1314090 2565.9
1314100 2565.9
1314110 2568.3
1314120 2572.5
1314130 2572.5
1314140 2575.1
1314150 2577.5
1314160 2577.5
1314170 2579.6
1314180 2582.5
1314190 2582.5
1314200 2585.6
1314210 2588.3
1314220 2588.3
1314230 2589.9
1314240 2589.7
1314250 2589.7
1314260 2589.4
1314270 2589.0
1314280 2589.0
1314290 2589.9
1314300 2590.5
1314310 2591.9
1314320 2591.9
1314330 2591.0
1314340 2591.5
1314350 2591.5
1314360 2593.4
1314370 2594.7
1314380 2594.7
1314390 2594.5
1314400 2595.4
1314410 2595.4
1314420 2598.3
1314430 2602.2
1314440 2602.2
1314450 2607.0
1314460 2613.7
1314470 2613.7
1314480 2628.9
1314490 2647.6
1314500 2663.8
1314510 2663.8
1314520 2682.9
1314530 2701.0
1314540 2701.0
1314550 2721.6
1314560 2741.5
1314570 2741.5
1314580 2750.0
1314590 2745.9
1314600 2745.9
1314610 2740.8
1314620 2736.6
1314630 2736.6
1314640 2728.8
1314650 2706.0
1314660 2706.0
1314670 2687.9
1314680 2679.5
1314690 2679.5
1314700 2672.7
1314710 2666.6
1314720 2661.7
1314730 2661.7
1314740 2658.4
1314750 2655.6
1314760 2656.5
1314770 2654.4
1314780 2652.3
1314790 2652.3
1314800 2650.0
1314810 2647.5
1314820 2647.5
1314830 2644.6
1314840 2641.8
1314850 2641.8
1314860 2637.1
1314870 2632.3
1314880 2632.3
1314890 2631.0
1314900 2631.6
1314910 2631.7
1314920 2631.7
1314930 2631.1
1314940 2629.7
1314950 2629.7
1314960 2627.8
1314970 2625.6
1314980 2625.6
1314990 2623.8
1315000 2622.3
1315010 2622.3
1315020 2620.9
1315030 2619.6
1315040 2619.6
1315050 2617.9
1315060 2615.4
1315070 2615.4
1315080 2613.1
1315090 2611.4
1315100 2611.4
1315110 2608.9
1315120 2607.9
1315130 2607.8
1315140 2607.8
1315150 2606.8
1315160 2605.5
1315170 2605.5
1315180 2605.0
1315190 2604.5
1315200 2604.5
1315210 2604.6
1315220 2603.8
1315230 2603.8
1315240 2602.3
1315250 2601.3
1315260 2601.3
1315270 2598.5
1315280 2596.0
1315290 2596.0
1315300 2595.6
1315310 2595.6
1315320 2593.8
1315330 2593.8
1315340 2591.9
1315350 2590.9
1315360 2590.9
1315370 2589.9
1315380 2587.7
1315390 2587.7
1315400 2585.4
1315410 2583.8
1315420 2583.8
1315430 2582.3
1315440 2580.2
1315450 2580.2
1315460 2578.4
1315470 2576.6
1315480 2576.6
1315490 2574.1
1315500 2570.8
1315510 2571.9
1315520 2567.2
1315530 2560.3
1315540 2552.9
1315550 2552.9
1315560 2546.2
1315570 2542.4
1315580 2542.4
1315590 2539.1
1315600 2535.5
1315610 2535.5
1315620 2531.0
1315630 2527.5
1315640 2527.5
1315650 2523.7
1315660 2518.3
1315670 2518.3
1315680 2513.7
1315690 2510.4
1315700 2510.4
1315710 2506.7
1315720 2503.1
1315730 2498.4
1315740 2498.4
1315750 2492.8
1315760 2486.1
1315770 2486.1
1315780 2478.2
1315790 2471.7
1315800 2471.7
1315810 2463.7
1315820 2454.5
1315830 2454.5
1315840 2447.8
1315850 2443.4
1315860 2443.4
1315870 2441.6
1315880 2441.0
1315890 2441.0
1315900 2439.4
1315910 2437.8
1315920 2437.8
1315930 2436.1
1315940 2434.6
1315950 2433.9
1315960 2433.9
1315970 2432.9
1315980 2431.9
1315990 2431.9
1316000 2431.6
1316010 2431.7
1316020 2431.7
1316030 2431.7
1316040 2431.7
1316050 2431.7
1316060 2431.6
1316070 2431.8
1316080 2431.8
1316090 2432.1
1316100 2432.3
1316110 2432.3
1316120 2432.6
1316130 2432.9
1316140 2432.9
1316150 2433.4
1316160 2434.4
1316170 2435.3
1316180 2435.3
1316190 2436.1
1316200 2437.0
1316210 2437.0
1316220 2437.8
1316230 2438.4
1316240 2438.4
1316250 2438.8
1316260 2440.4
1316270 2440.4
1316280 2440.1
1316290 2440.8
1316300 2440.8
1316310 2441.6
1316320 2441.6
1316330 2441.6
1316340 2442.0
1316350 2441.9
1316360 2441.6
1316370 2441.6
1316380 2441.0
1316390 2444.2
1316400 2444.2
1316410 2451.0
1316420 2458.9
1316430 2458.9
1316440 2466.4
1316450 2472.9
1316460 2472.9
1316470 2479.2
1316480 2485.5
1316490 2485.5
1316500 2491.9
1316510 2498.1
1316520 2498.1
1316530 2504.0
1316540 2509.7
1316550 2509.7
1316560 2515.5
1316570 2521.3
1316580 2527.1
1316590 2527.1
1316600 2534.2
1316610 2541.1
1316620 2541.1
1316630 2547.9
1316640 2553.5
1316650 2553.5
1316660 2557.5
1316670 2562.3
1316680 2562.3
1316690 2567.6
1316700 2573.0
1316710 2573.0
1316720 2578.6
1316730 2583.8
1316740 2583.8
1316750 2588.7
1316760 2592.9
1316770 2596.2
1316780 2596.2
1316790 2599.2
1316800 2603.0
1316810 2603.0
1316820 2607.2
1316830 2610.7
1316840 2610.7
1316850 2613.8
1316860 2618.2
1316870 2618.2
1316880 2623.3
1316890 2628.0
1316900 2628.0
1316910 2632.5
1316920 2637.0
1316930 2637.0
1316940 2641.8
1316950 2646.6
1316960 2646.6
1316970 2651.1
1316980 2655.6
1316990 2659.9
1317000 2659.9
1317010 2663.6
1317020 2666.0
1317030 2666.0
1317040 2669.7
1317050 2673.3
1317060 2673.3
1317070 2676.6
1317080 2680.0
1317090 2680.0
1317100 2683.5
1317110 2687.5
1317120 2687.5
1317130 2691.9
1317140 2697.1
1317150 2697.1
1317160 2701.5
1317170 2704.5
1317180 2706.7
1317190 2706.7
1317200 2708.9
1317210 2712.1
1317220 2712.1
1317230 2715.7
1317240 2719.5
1317250 2719.5
1317260 2723.8
1317270 2728.3
1317280 2728.3
1317290 2732.0
1317300 2735.2
1317310 2735.2
1317320 2738.7
1317330 2743.7
1317340 2743.7
1317350 2748.8
1317360 2752.7
1317370 2752.7
1317380 2755.3
1317390 2758.0
1317400 2761.6
1317410 2761.6
1317420 2766.0
1317430 2770.5
1317440 2770.5
1317450 2774.6
1317460 2778.4
1317470 2778.4
1317480 2782.3
1317490 2786.3
1317500 2786.3
1317510 2790.7
1317520 2795.2
1317530 2795.2
1317540 2799.9
1317550 2804.6
1317560 2804.6
1317570 2809.1
1317580 2813.5
1317590 2817.7
1317600 2817.7
1317610 2821.8
1317620 2825.9
1317630 2825.9
1317640 2830.1
1317650 2834.4
1317660 2834.4
1317670 2838.6
1317680 2843.0
1317690 2843.0
1317700 2847.5
1317710 2851.9
1317720 2851.9
1317730 2856.2
1317740 2860.2
1317750 2860.2
1317760 2864.8
1317770 2869.7
1317780 2871.2
1317790 2876.4
1317800 2881.5
1317810 2886.4
1317820 2886.4
1317830 2891.2
1317840 2896.3
1317850 2896.3
1317860 2901.5
1317870 2906.2
1317880 2906.2
1317890 2911.0
1317900 2915.8
1317910 2915.8
1317920 2920.3
1317930 2925.1
1317940 2925.1
1317950 2930.0
1317960 2933.8
1317970 2933.8
1317980 2937.4
1317990 2943.7
1318000 2948.5
1318010 2948.5
1318020 2953.4
1318030 2958.0
1318040 2958.0
1318050 2962.6
1318060 2967.4
1318070 2967.4
1318080 2972.1
1318090 2976.6
1318100 2976.6
1318110 2981.0
1318120 2985.5
1318130 2985.5
1318140 2990.1
1318150 2995.0
1318160 2995.0
1318170 2999.9
1318180 3005.3
1318190 3005.3
1318200 3011.5
1318210 3018.1
1318220 3025.0
1318230 3025.0
1318240 3032.1
1318250 3039.3
1318260 3039.3
1318270 3046.6
1318280 3054.1
1318290 3054.1
1318300 3061.7
1318310 3069.5
1318320 3069.5
1318330 3077.4
1318340 3085.3
1318350 3085.3
1318360 3093.2
1318370 3100.8
1318380 3100.8
1318390 3108.3
1318400 3115.4
1318410 3122.1
1318420 3122.1
1318430 3128.7
1318440 3135.3
1318450 3135.3
1318460 3138.1
1318470 3127.6
1318480 3127.6
1318490 3115.2
1318500 3104.4
1318510 3104.4
1318520 3094.4
1318530 3085.5
1318540 3092.9
1318550 3082.5
1318560 3076.2
1318570 3076.2
1318580 3067.5
1318590 3057.9
1318600 3057.9
1318610 3049.6
1318620 3041.0
1318630 3033.0
1318640 3033.0
1318650 3024.0
1318660 3013.4
1318670 3013.4
1318680 3001.0
1318690 2994.5
1318700 2994.5
1318710 2989.6
1318720 2985.6
1318730 2985.6
1318740 2982.2
1318750 2979.1
1318760 2979.1
1318770 2976.4
1318780 2973.9
1318790 2973.9
1318800 2971.5
1318810 2969.5
1318820 2969.5
1318830 2967.7
1318840 2965.9
1318850 2964.4
1318860 2964.4
1318870 2963.1
1318880 2962.0
1318890 2962.0
1318900 2961.0
1318910 2960.1
1318920 2960.1
1318930 2959.4
1318940 2958.8
1318950 2958.8
1318960 2958.4
1318970 2957.9
1318980 2957.9
1318990 2957.5
1319000 2957.0
1319010 2957.0
1319020 2956.4
1319030 2955.7
1319040 2955.0
1319050 2955.0
1319060 2954.1
1319070 2953.1
1319080 2953.1
1319090 2952.1
1319100 2951.0
1319110 2951.0
1319120 2949.8
1319130 2948.5
1319140 2948.5
1319150 2947.2
1319160 2945.8
1319170 2945.8
1319180 2944.3
1319190 2942.9
1319200 2942.9
1319210 2941.9
1319220 2941.0
1319230 2941.0
1319240 2939.8
1319250 2938.0
1319260 2935.8
1319270 2935.8
1319280 2933.8
1319290 2932.3
1319300 2931.5
1319310 2930.9
1319320 2930.7
1319330 2930.7
1319340 2930.9
1319350 2931.7
1319360 2931.7
1319370 2933.1
1319380 2935.3
1319390 2935.3
1319400 2938.0
1319410 2940.6
1319420 2940.6
1319430 2943.0
1319440 2945.4
1319450 2948.0
1319460 2948.0
1319470 2950.8
1319480 2953.4
1319490 2953.4
1319500 2956.0
1319510 2958.9
1319520 2958.9
1319530 2961.9
1319540 2965.5
1319550 2965.5
1319560 2970.8
1319570 2978.0
1319580 2978.0
1319590 2985.6
1319600 2996.4
1319610 2996.4
1319620 3012.8
1319630 3026.2
1319640 3026.2
1319650 3040.6
1319660 3054.0
1319670 3057.0
1319680 3057.0
1319690 3055.6
1319700 3050.8
1319710 3050.8
1319720 3045.2
1319730 3041.6
1319740 3041.6
1319750 3040.0
1319760 3039.9
1319770 3039.9
1319780 3040.8
1319790 3042.0
1319800 3042.0
1319810 3043.4
1319820 3045.1
1319830 3045.1
1319840 3047.0
1319850 3049.7
1319860 3052.7
1319870 3052.7
1319880 3055.4
1319890 3057.7
1319900 3057.7
1319910 3058.0
1319920 3055.1
1319930 3055.1
1319940 3046.9
1319950 3037.3
1319960 3037.3
1319970 3025.2
1319980 3013.4
1319990 3013.4
