1300000 2318.5
1300010 2323.6
1300020 2328.3
1300030 2328.3
1300040 2334.7
1300050 2341.5
1300060 2341.5
1300070 2349.5
1300080 2360.0
1300090 2374.9
1300100 2374.9
1300110 2394.9
1300120 2404.7
1300130 2404.7
1300140 2413.3
1300150 2421.2
1300160 2421.2
1300170 2427.8
1300180 2435.1
1300190 2435.1
1300200 2441.4
1300210 2448.9
1300220 2448.9
1300230 2455.5
1300240 2461.8
1300250 2461.8
1300260 2467.5
1300270 2474.0
1300280 2481.0
1300290 2481.0
1300300 2488.3
1300310 2495.5
1300320 2495.5
1300330 2502.9
1300340 2509.6
1300350 2509.6
1300360 2515.0
1300370 2521.6
1300380 2521.6
1300390 2529.0
1300400 2535.2
1300410 2535.2
1300420 2541.1
1300430 2547.8
1300440 2547.8
1300450 2555.7
1300460 2559.3
1300470 2568.1
1300480 2571.4
1300490 2572.1
1300500 2576.0
1300510 2576.0
1300520 2581.7
1300530 2590.1
1300540 2590.1
1300550 2596.7
1300560 2602.6
1300570 2602.6
1300580 2607.1
1300590 2612.6
1300600 2612.6
1300610 2618.9
1300620 2625.8
1300630 2625.8
1300640 2635.8
1300650 2644.5
1300660 2644.5
1300670 2652.5
1300680 2660.6
1300690 2666.7
1300700 2666.7
1300710 2665.5
1300720 2662.2
1300730 2662.2
1300740 2658.4
1300750 2655.4
1300760 2655.4
1300770 2653.1
1300780 2644.1
1300790 2644.1
1300800 2631.0
1300810 2619.7
1300820 2619.7
1300830 2608.2
1300840 2598.3
1300850 2598.3
1300860 2590.0
1300870 2582.3
1300880 2582.3
1300890 2576.5
1300900 2572.7
1300910 2568.4
1300920 2568.4
1300930 2563.6
1300940 2560.4
1300950 2560.4
1300960 2559.1
1300970 2560.0
1300980 2560.0
1300990 2563.8
1301000 2563.0
1301010 2563.0
1301020 2559.1
1301030 2554.8
1301040 2554.8
1301050 2553.2
1301060 2551.8
1301070 2551.8
1301080 2549.7
1301090 2546.8
1301100 2541.1
1301110 2541.1
1301120 2529.7
1301130 2512.3
1301140 2512.3
1301150 2502.1
1301160 2509.4
1301170 2509.4
1301180 2499.3
1301190 2491.9
1301200 2491.9
1301210 2481.7
1301220 2473.8
1301230 2473.8
1301240 2470.9
1301250 2465.2
1301260 2465.2
1301270 2462.4
1301280 2462.1
1301290 2462.1
1301300 2460.5
1301310 2458.5
1301320 2456.2
1301330 2456.2
1301340 2453.2
1301350 2449.5
1301360 2449.5
1301370 2446.4
1301380 2442.9
1301390 2442.9
1301400 2438.4
1301410 2433.9
1301420 2433.9
1301430 2429.6
1301440 2425.4
1301450 2425.4
1301460 2420.9
1301470 2415.4
1301480 2415.4
1301490 2410.9
1301500 2407.1
1301510 2403.3
1301520 2403.3
1301530 2399.4
1301540 2395.6
1301550 2395.6
1301560 2393.5
1301570 2391.8
1301580 2391.8
1301590 2389.8
1301600 2388.4
1301610 2388.4
1301620 2387.3
1301630 2386.4
1301640 2386.4
1301650 2385.4
1301660 2385.0
1301670 2385.0
1301680 2384.0
1301690 2383.3
1301700 2383.3
1301710 2381.4
1301720 2380.6
1301730 2379.8
1301740 2379.8
1301750 2378.9
1301760 2377.7
1301770 2377.7
1301780 2376.7
1301790 2375.9
1301800 2375.9
1301810 2374.9
1301820 2373.4
1301830 2373.4
1301840 2372.5
1301850 2374.8
1301860 2374.8
1301870 2373.7
1301880 2373.2
1301890 2373.2
1301900 2372.3
1301910 2371.4
1301920 2370.4
1301930 2370.4
1301940 2371.3
1301950 2372.0
1301960 2372.0
1301970 2372.4
1301980 2372.5
1301990 2372.5
1302000 2373.6
1302010 2377.9
1302020 2377.9
1302030 2381.3
1302040 2384.4
1302050 2384.4
1302060 2387.2
1302070 2390.0
1302080 2390.0
1302090 2393.6
1302100 2397.6
1302110 2397.6
1302120 2401.8
1302130 2406.5
1302140 2412.0
1302150 2412.0
1302160 2417.6
1302170 2424.0
1302180 2424.0
1302190 2430.9
1302200 2436.7
1302210 2436.7
1302220 2442.7
1302230 2448.3
1302240 2448.3
1302250 2454.5
1302260 2462.4
1302270 2462.4
1302280 2471.9
1302290 2477.2
1302300 2477.2
1302310 2481.8
1302320 2487.3
1302330 2493.2
1302340 2493.2
1302350 2499.1
1302360 2504.9
1302370 2504.9
1302380 2509.7
1302390 2514.9
1302400 2514.9
1302410 2520.7
1302420 2526.8
1302430 2526.8
1302440 2532.9
1302450 2539.1
1302460 2539.1
1302470 2544.7
1302480 2549.1
1302490 2549.1
1302500 2553.0
1302510 2557.6
1302520 2557.6
1302530 2562.9
1302540 2568.8
1302550 2574.6
1302560 2574.6
1302570 2579.4
1302580 2583.4
1302590 2583.4
1302600 2586.4
1302610 2588.7
1302620 2588.7
1302630 2590.7
1302640 2593.0
1302650 2593.0
1302660 2596.7
1302670 2601.9
1302680 2601.9
1302690 2605.3
1302700 2608.3
1302710 2608.3
1302720 2613.7
1302730 2619.0
1302740 2624.3
1302750 2624.3
1302760 2630.5
1302770 2636.1
1302780 2636.1
1302790 2641.1
1302800 2647.6
1302810 2647.6
1302820 2654.3
1302830 2661.3
1302840 2661.3
1302850 2667.0
1302860 2669.6
1302870 2669.6
1302880 2671.9
1302890 2675.2
1302900 2675.2
1302910 2679.5
1302920 2682.6
1302930 2682.6
1302940 2686.5
1302950 2691.8
1302960 2693.6
1302970 2693.6
1302980 2695.2
1302990 2697.9
1303000 2697.9
1303010 2701.6
1303020 2705.9
1303030 2705.9
1303040 2710.6
1303050 2715.0
1303060 2715.0
1303070 2720.2
1303080 2727.0
1303090 2727.0
1303100 2733.5
1303110 2739.9
1303120 2739.9
1303130 2746.7
1303140 2753.0
1303150 2758.8
1303160 2758.8
1303170 2765.4
1303180 2772.7
1303190 2772.7
1303200 2780.4
1303210 2788.8
1303220 2788.8
1303230 2806.9
1303240 2818.6
1303250 2818.6
1303260 2837.1
1303270 2851.1
1303280 2851.1
1303290 2861.3
1303300 2869.9
1303310 2869.9
1303320 2879.1
1303330 2889.7
1303340 2889.7
1303350 2896.2
1303360 2892.8
1303370 2885.3
1303380 2885.3
1303390 2880.1
1303400 2879.6
1303410 2879.6
1303420 2878.6
1303430 2874.2
1303440 2874.2
1303450 2870.1
1303460 2862.9
1303470 2862.9
1303480 2854.9
1303490 2853.4
1303500 2853.4
1303510 2846.6
1303520 2838.2
1303530 2838.2
1303540 2817.1
1303550 2801.2
1303560 2786.6
1303570 2786.6
1303580 2756.2
1303590 2728.8
1303600 2728.8
1303610 2717.4
1303620 2713.3
1303630 2713.3
1303640 2706.2
1303650 2704.2
1303660 2704.2
1303670 2697.1
1303680 2690.2
1303690 2690.2
1303700 2684.5
1303710 2676.5
1303720 2676.5
1303730 2669.7
1303740 2668.6
1303750 2668.6
1303760 2667.6
1303770 2665.9
1303780 2664.4
1303790 2664.4
1303800 2662.5
1303810 2659.7
1303820 2659.7
1303830 2655.8
1303840 2653.5
1303850 2653.5
1303860 2652.8
1303870 2652.8
1303880 2652.8
1303890 2653.2
1303900 2653.7
1303910 2653.7
1303920 2654.3
1303930 2654.4
1303940 2661.0
1303950 2661.4
1303960 2662.2
1303970 2663.1
1303980 2663.1
1303990 2664.0
1304000 2665.2
1304010 2665.2
1304020 2667.6
1304030 2672.0
1304040 2672.0
1304050 2689.2
1304060 2705.0
1304070 2705.0
1304080 2719.0
1304090 2735.1
1304100 2735.1
1304110 2750.1
1304120 2766.7
1304130 2766.7
1304140 2780.3
1304150 2791.7
1304160 2791.7
1304170 2804.0
1304180 2818.0
1304190 2830.0
1304200 2830.0
1304210 2826.9
1304220 2814.2
1304230 2814.2
1304240 2800.9
1304250 2794.0
1304260 2794.0
1304270 2789.6
1304280 2780.8
1304290 2780.8
1304300 2779.0
1304310 2777.5
1304320 2777.5
1304330 2772.4
1304340 2763.3
1304350 2763.3
1304360 2750.2
1304370 2738.4
1304380 2732.7
1304390 2732.7
1304400 2725.6
1304410 2716.7
1304420 2716.7
1304430 2708.4
1304440 2701.8
1304450 2701.8
1304460 2696.9
1304470 2688.7
1304480 2688.7
1304490 2678.5
1304500 2668.0
1304510 2668.0
1304520 2649.0
1304530 2624.6
1304540 2624.6
1304550 2604.8
1304560 2588.1
1304570 2588.1
1304580 2574.7
1304590 2560.7
1304600 2545.5
1304610 2545.5
1304620 2538.3
1304630 2534.6
1304640 2534.6
1304650 2556.5
1304660 2577.8
1304670 2577.8
1304680 2597.4
1304690 2603.8
1304700 2603.8
1304710 2591.4
1304720 2575.9
1304730 2575.9
1304740 2561.1
1304750 2546.2
1304760 2546.2
1304770 2528.3
1304780 2504.1
1304790 2485.9
1304800 2485.9
1304810 2472.9
1304820 2460.8
1304830 2460.8
1304840 2450.3
1304850 2441.5
1304860 2441.5
1304870 2434.5
1304880 2427.7
1304890 2427.7
1304900 2421.2
1304910 2414.8
1304920 2414.8
1304930 2408.5
1304940 2402.7
1304950 2402.7
1304960 2396.5
1304970 2389.6
1304980 2389.6
1304990 2383.5
1305000 2378.4
1305010 2374.2
1305020 2374.2
1305030 2369.7
1305040 2363.4
1305050 2363.4
1305060 2354.7
1305070 2340.7
1305080 2340.7
1305090 2327.1
1305100 2316.4
1305110 2316.4
1305120 2302.0
1305130 2284.8
1305140 2284.8
1305150 2268.5
1305160 2254.9
1305170 2254.9
1305180 2244.3
1305190 2232.2
1305200 2232.2
1305210 2219.7
1305220 2206.0
1305230 2191.6
1305240 2191.6
1305250 2180.5
1305260 2172.0
1305270 2172.0
1305280 2163.5
1305290 2154.6
1305300 2154.6
1305310 2145.9
1305320 2136.9
1305330 2136.9
1305340 2128.5
1305350 2123.9
1305360 2123.9
1305370 2116.5
1305380 2110.0
1305390 2110.0
1305400 2103.3
1305410 2095.1
1305420 2087.5
1305430 2087.5
1305440 2080.0
1305450 2072.7
1305460 2072.7
1305470 2065.5
1305480 2058.2
1305490 2058.2
1305500 2051.3
1305510 2044.2
1305520 2044.2
1305530 2035.1
1305540 2025.7
1305550 2025.7
1305560 2017.6
1305570 2010.9
1305580 2010.9
1305590 2005.0
1305600 1998.7
1305610 1998.7
1305620 1992.2
1305630 1986.0
1305640 1979.3
1305650 1979.3
1305660 1972.9
1305670 1967.1
1305680 1967.1
1305690 1961.0
1305700 1955.1
1305710 1955.1
1305720 1949.1
1305730 1943.0
1305740 1943.0
1305750 1936.8
1305760 1930.9
1305770 1930.9
1305780 1924.9
1305790 1919.0
1305800 1919.0
1305810 1913.2
1305820 1907.5
1305830 1902.2
1305840 1902.2
1305850 1897.1
1305860 1892.3
1305870 1892.3
1305880 1887.3
1305890 1882.3
1305900 1882.3
1305910 1877.4
1305920 1872.7
1305930 1872.7
1305940 1868.6
1305950 1865.1
1305960 1865.1
1305970 1861.5
1305980 1858.1
1305990 1858.1
1306000 1855.0
1306010 1851.9
1306020 1851.9
1306030 1849.4
1306040 1847.2
1306050 1845.3
1306060 1846.4
1306070 1845.0
1306080 1844.0
1306090 1844.0
1306100 1843.0
1306110 1841.3
1306120 1841.3
1306130 1840.2
1306140 1839.7
1306150 1839.7
1306160 1837.8
1306170 1835.3
1306180 1835.3
1306190 1834.4
1306200 1835.1
1306210 1835.1
1306220 1836.0
1306230 1836.5
1306240 1836.6
1306250 1836.6
1306260 1837.4
1306270 1837.9
1306280 1837.9
1306290 1837.5
1306300 1839.7
1306310 1839.7
1306320 1840.9
1306330 1842.1
1306340 1842.1
1306350 1844.0
1306360 1844.7
1306370 1844.7
1306380 1845.5
1306390 1846.7
1306400 1846.7
1306410 1848.0
1306420 1849.5
1306430 1849.5
1306440 1851.2
1306450 1853.5
1306460 1856.4
1306470 1856.4
1306480 1861.0
1306490 1865.6
1306500 1865.6
1306510 1871.0
1306520 1876.3
1306530 1876.3
1306540 1881.4
1306550 1887.1
1306560 1887.1
1306570 1893.6
1306580 1899.6
1306590 1899.6
1306600 1905.4
1306610 1912.5
1306620 1912.5
1306630 1918.9
1306640 1923.0
1306650 1927.5
1306660 1927.5
1306670 1934.3
1306680 1942.7
1306690 1942.7
1306700 1950.0
1306710 1957.4
1306720 1957.4
1306730 1965.1
1306740 1972.5
1306750 1972.5
1306760 1976.4
1306770 1976.2
1306780 1976.2
1306790 1984.3
1306800 1992.4
1306810 1992.4
1306820 1999.4
1306830 2001.6
1306840 2001.6
1306850 2005.6
1306860 2011.6
1306870 2018.6
1306880 2018.6
1306890 2026.3
1306900 2034.6
1306910 2034.6
1306920 2042.9
1306930 2051.4
1306940 2051.4
1306950 2059.9
1306960 2069.2
1306970 2069.2
1306980 2079.3
1306990 2086.0
1307000 2086.0
1307010 2090.4
1307020 2097.2
1307030 2097.2
1307040 2101.7
1307050 2104.5
1307060 2108.5
1307070 2108.5
1307080 2114.1
1307090 2120.1
1307100 2120.1
1307110 2125.5
1307120 2127.5
1307130 2127.5
1307140 2130.6
1307150 2135.7
1307160 2135.7
1307170 2141.4
1307180 2146.4
1307190 2146.4
1307200 2153.6
1307210 2162.5
1307220 2162.5
1307230 2172.2
1307240 2177.1
1307250 2177.1
1307260 2180.4
1307270 2183.9
1307280 2186.9
1307290 2186.9
1307300 2190.9
1307310 2194.9
1307320 2194.9
1307330 2199.7
1307340 2203.9
1307350 2203.9
1307360 2207.4
1307370 2211.1
1307380 2211.1
1307390 2215.0
1307400 2219.0
1307410 2219.0
1307420 2222.2
1307430 2225.6
1307440 2225.6
1307450 2229.8
1307460 2234.1
1307470 2238.9
1307480 2238.9
1307490 2241.4
1307500 2242.7
1307510 2242.7
1307520 2243.6
1307530 2244.3
1307540 2244.3
1307550 2245.0
1307560 2245.5
1307570 2245.5
1307580 2247.0
1307590 2248.5
1307600 2248.5
1307610 2249.9
1307620 2251.0
1307630 2251.0
1307640 2251.6
1307650 2252.3
1307660 2252.3
1307670 2253.8
1307680 2254.8
1307690 2254.7
1307700 2254.7
1307710 2255.4
1307720 2253.8
1307730 2253.8
1307740 2253.2
1307750 2253.3
1307760 2253.3
1307770 2252.9
1307780 2253.1
1307790 2253.1
1307800 2254.0
1307810 2255.1
1307820 2255.1
1307830 2255.6
1307840 2257.2
1307850 2257.2
1307860 2259.1
1307870 2261.6
1307880 2264.5
1307890 2264.5
1307900 2266.4
1307910 2268.3
1307920 2268.3
1307930 2270.5
1307940 2273.2
1307950 2273.2
1307960 2276.4
1307970 2278.3
1307980 2278.3
1307990 2279.9
1308000 2282.0
1308010 2282.0
1308020 2283.8
1308030 2285.8
1308040 2285.8
1308050 2287.5
1308060 2289.3
1308070 2289.3
1308080 2291.4
1308090 2293.7
1308100 2296.5
1308110 2296.5
1308120 2300.1
1308130 2303.8
1308140 2303.8
1308150 2306.8
1308160 2309.8
1308170 2309.8
1308180 2312.0
1308190 2314.6
1308200 2317.6
1308210 2319.8
1308220 2322.9
1308230 2322.9
1308240 2325.7
1308250 2328.0
1308260 2328.0
1308270 2330.8
1308280 2333.8
1308290 2336.5
1308300 2336.5
1308310 2339.1
1308320 2342.1
1308330 2342.1
1308340 2344.3
1308350 2346.4
1308360 2346.4
1308370 2348.8
1308380 2351.2
1308390 2351.2
1308400 2353.6
1308410 2355.0
1308420 2355.0
1308430 2356.2
1308440 2358.2
1308450 2358.2
1308460 2362.2
1308470 2364.1
1308480 2364.1
1308490 2364.8
1308500 2366.2
1308510 2368.3
1308520 2368.3
1308530 2370.6
1308540 2372.6
1308550 2372.6
1308560 2375.3
1308570 2378.2
1308580 2378.2
1308590 2379.8
1308600 2380.2
1308610 2380.2
1308620 2380.3
1308630 2380.5
1308640 2380.5
1308650 2381.0
1308660 2381.4
1308670 2381.4
1308680 2382.2
1308690 2383.3
1308700 2384.1
1308710 2384.1
1308720 2385.4
1308730 2387.1
1308740 2387.1
1308750 2388.7
1308760 2389.8
1308770 2389.8
1308780 2390.8
1308790 2391.4
1308800 2391.4
1308810 2391.7
1308820 2392.2
1308830 2392.2
1308840 2392.8
1308850 2393.7
1308860 2393.7
1308870 2394.8
1308880 2396.2
1308890 2396.2
1308900 2397.7
1308910 2399.4
1308920 2399.3
1308930 2399.3
1308940 2400.7
1308950 2402.1
1308960 2402.1
1308970 2403.5
1308980 2404.9
1308990 2404.9
1309000 2406.3
1309010 2407.8
1309020 2407.8
1309030 2409.3
1309040 2410.8
1309050 2410.8
1309060 2412.2
1309070 2413.5
1309080 2413.5
1309090 2414.3
1309100 2414.8
1309110 2414.8
1309120 2414.8
1309130 2414.9
1309140 2415.2
1309150 2415.2
1309160 2415.6
1309170 2416.1
1309180 2416.1
1309190 2416.7
1309200 2417.5
1309210 2417.5
1309220 2418.4
1309230 2419.5
1309240 2419.5
1309250 2420.9
1309260 2421.6
1309270 2421.6
1309280 2422.8
1309290 2424.3
1309300 2424.3
1309310 2425.9
1309320 2427.9
1309330 2430.4
1309340 2430.4
1309350 2433.2
1309360 2436.9
1309370 2436.9
1309380 2441.6
1309390 2445.8
1309400 2445.8
1309410 2448.8
1309420 2452.4
1309430 2452.4
1309440 2457.9
1309450 2465.4
1309460 2465.4
1309470 2473.3
1309480 2480.8
1309490 2480.8
1309500 2487.6
1309510 2497.1
1309520 2505.7
1309530 2505.7
1309540 2514.4
1309550 2520.4
1309560 2520.4
1309570 2528.8
1309580 2538.8
1309590 2538.8
1309600 2551.9
1309610 2562.8
1309620 2562.8
1309630 2570.3
1309640 2573.6
1309650 2573.6
1309660 2580.0
1309670 2587.9
1309680 2587.9
1309690 2599.0
1309700 2613.0
1309710 2613.0
1309720 2627.8
1309730 2638.1
1309740 2645.9
1309750 2645.9
1309760 2655.0
1309770 2667.0
1309780 2667.0
1309790 2677.5
1309800 2685.3
1309810 2685.3
1309820 2694.7
1309830 2703.5
1309840 2703.5
1309850 2714.5
1309860 2726.2
1309870 2726.2
1309880 2738.4
1309890 2746.3
1309900 2746.3
1309910 2752.7
1309920 2759.6
1309930 2765.8
1309940 2765.8
1309950 2770.3
1309960 2771.3
1309970 2771.3
1309980 2775.2
1309990 2778.8
1310000 2778.8
1310010 2779.6
1310020 2779.6
1310030 2779.6
1310040 2779.6
1310050 2777.9
1310060 2777.9
1310070 2774.6
1310080 2773.2
1310090 2773.2
1310100 2774.9
1310110 2775.1
1310120 2775.1
1310130 2776.6
1310140 2778.8
1310150 2781.0
1310160 2781.0
1310170 2784.0
1310180 2787.4
1310190 2787.4
1310200 2790.7
1310210 2794.0
1310220 2794.0
1310230 2797.5
1310240 2801.4
1310250 2801.4
1310260 2805.3
1310270 2810.0
1310280 2810.0
1310290 2816.7
1310300 2823.7
1310310 2823.7
1310320 2830.2
1310330 2836.1
1310340 2840.7
1310350 2840.7
1310360 2844.4
1310370 2850.5
1310380 2850.5
1310390 2854.0
1310400 2858.0
1310410 2858.0
1310420 2861.1
1310430 2864.9
1310440 2864.9
1310450 2869.0
1310460 2873.4
1310470 2873.4
1310480 2878.3
1310490 2882.6
1310500 2882.6
1310510 2886.3
1310520 2889.2
1310530 2889.2
1310540 2891.9
1310550 2894.1
1310560 2893.6
1310570 2893.6
1310580 2893.0
1310590 2893.8
1310600 2893.8
1310610 2895.0
1310620 2896.2
1310630 2896.2
1310640 2898.2
1310650 2901.0
1310660 2901.0
1310670 2904.1
1310680 2908.0
1310690 2908.0
1310700 2912.9
1310710 2915.9
1310720 2915.9
1310730 2920.3
1310740 2925.6
1310750 2930.1
1310760 2930.1
1310770 2933.7
1310780 2936.7
1310790 2936.7
1310800 2939.2
1310810 2941.1
1310820 2941.1
1310830 2943.8
1310840 2948.5
1310850 2948.5
1310860 2955.5
1310870 2964.8
1310880 2964.8
1310890 2975.3
1310900 2989.7
1310910 2989.7
1310920 3004.0
1310930 3021.8
1310940 3021.8
1310950 3040.0
1310960 3056.3
1310970 3070.7
1310980 3070.7
1310990 3081.8
1311000 3097.1
1311010 3097.1
1311020 3113.8
1311030 3129.1
1311040 3129.1
1311050 3136.2
1311060 3125.8
1311070 3125.8
1311080 3107.8
1311090 3103.7
1311100 3103.7
1311110 3088.1
1311120 3074.8
1311130 3074.8
1311140 3057.7
1311150 3046.3
1311160 3034.6
1311170 3034.6
1311180 3020.7
1311190 3011.7
1311200 3011.7
1311210 3008.3
1311220 3006.2
1311230 3006.2
1311240 3005.2
1311250 3004.8
1311260 3004.8
1311270 3003.1
1311280 3001.1
1311290 3001.1
1311300 2998.8
1311310 2996.1
1311320 2996.1
1311330 2992.9
1311340 2989.5
1311350 2989.5
1311360 2986.0
1311370 2982.7
1311380 2979.5
1311390 2979.5
1311400 2976.1
1311410 2973.3
1311420 2973.3
1311430 2970.6
1311440 2968.1
1311450 2968.1
1311460 2965.8
1311470 2963.7
1311480 2963.7
1311490 2961.4
1311500 2959.0
1311510 2959.0
1311520 2955.9
1311530 2952.3
1311540 2952.3
1311550 2948.3
1311560 2944.4
1311570 2940.4
1311580 2940.4
1311590 2936.2
1311600 2931.8
1311610 2931.8
1311620 2926.6
1311630 2921.7
1311640 2921.7
1311650 2917.5
1311660 2913.6
1311670 2913.6
1311680 2910.3
1311690 2908.6
1311700 2908.6
1311710 2907.4
1311720 2906.0
1311730 2906.0
1311740 2903.8
1311750 2900.3
1311760 2900.3
1311770 2896.5
1311780 2893.1
1311790 2889.9
1311800 2889.9
1311810 2887.3
1311820 2885.3
1311830 2886.6
1311840 2884.6
1311850 2882.4
1311860 2882.4
1311870 2880.3
1311880 2878.1
1311890 2878.1
1311900 2875.4
1311910 2872.0
1311920 2872.0
1311930 2869.0
1311940 2866.5
1311950 2866.5
1311960 2864.6
1311970 2862.0
1311980 2859.7
1311990 2859.7
1312000 2857.7
1312010 2855.3
1312020 2855.3
1312030 2853.5
1312040 2851.9
1312050 2851.9
1312060 2849.1
1312070 2846.1
1312080 2846.1
1312090 2843.2
1312100 2840.5
1312110 2840.5
1312120 2838.1
1312130 2835.9
1312140 2835.9
1312150 2834.0
1312160 2832.1
1312170 2832.1
1312180 2830.2
1312190 2828.1
1312200 2825.8
1312210 2825.8
1312220 2823.5
1312230 2821.1
1312240 2821.1
1312250 2818.7
1312260 2816.5
1312270 2816.5
1312280 2814.3
1312290 2812.3
1312300 2812.3
1312310 2810.6
1312320 2809.4
1312330 2809.4
1312340 2808.5
1312350 2808.0
1312360 2808.0
1312370 2808.2
1312380 2809.1
1312390 2809.1
1312400 2810.7
1312410 2812.8
1312420 2815.3
1312430 2815.3
1312440 2817.8
1312450 2820.6
1312460 2820.6
1312470 2823.4
1312480 2826.1
1312490 2826.1
1312500 2828.6
1312510 2830.4
1312520 2830.4
1312530 2831.3
1312540 2832.0
1312550 2832.0
1312560 2832.0
1312570 2822.4
1312580 2822.4
1312590 2825.9
1312600 2824.3
1312610 2816.9
1312620 2816.9
1312630 2811.5
1312640 2809.9
1312650 2809.9
1312660 2808.2
1312670 2806.0
1312680 2806.0
1312690 2804.7
1312700 2801.6
1312710 2801.6
1312720 2798.5
1312730 2795.9
1312740 2795.9
1312750 2791.7
1312760 2787.1
1312770 2787.1
1312780 2782.8
1312790 2778.8
1312800 2778.8
1312810 2775.1
1312820 2771.9
1312830 2768.7
1312840 2768.7
1312850 2765.2
1312860 2761.2
1312870 2761.2
1312880 2757.0
1312890 2753.3
1312900 2753.3
1312910 2750.3
1312920 2748.3
1312930 2748.3
1312940 2748.1
1312950 2748.9
1312960 2748.9
1312970 2750.1
1312980 2751.0
1312990 2751.0
1313000 2751.7
1313010 2752.3
1313020 2752.5
1313030 2752.5
1313040 2752.6
1313050 2751.1
1313060 2751.1
1313070 2745.4
1313080 2742.3
1313090 2742.3
1313100 2740.4
1313110 2735.4
1313120 2735.4
1313130 2725.7
1313140 2721.4
1313150 2721.4
1313160 2716.7
1313170 2712.8
1313180 2712.8
1313190 2710.8
1313200 2709.2
1313210 2709.2
1313220 2707.7
1313230 2705.1
1313240 2701.1
1313250 2701.1
1313260 2698.1
1313270 2695.0
1313280 2695.0
1313290 2693.1
1313300 2698.2
1313310 2698.2
1313320 2697.6
1313330 2696.6
1313340 2696.6
1313350 2695.6
1313360 2694.6
1313370 2694.6
1313380 2694.4
1313390 2694.3
1313400 2694.3
1313410 2693.7
1313420 2693.0
1313430 2692.9
1313440 2692.9
1313450 2692.8
1313460 2693.3
1313470 2693.3
1313480 2693.9
1313490 2694.4
1313500 2694.4
1313510 2694.7
1313520 2695.3
1313530 2695.3
1313540 2696.4
1313550 2698.3
1313560 2698.3
1313570 2700.9
1313580 2704.4
1313590 2704.4
1313600 2708.6
1313610 2711.9
1313620 2711.9
1313630 2714.6
1313640 2716.6
1313650 2718.3
1313660 2718.3
1313670 2719.2
1313680 2720.2
1313690 2720.2
1313700 2720.6
1313710 2720.3
1313720 2720.3
1313730 2720.0
1313740 2719.7
1313750 2719.7
1313760 2719.1
1313770 2718.4
1313780 2718.4
1313790 2717.9
1313800 2717.8
1313810 2717.8
1313820 2717.6
1313830 2717.4
1313840 2717.2
1313850 2717.2
1313860 2716.8
1313870 2716.3
1313880 2716.3
1313890 2715.6
1313900 2715.2
1313910 2715.2
1313920 2715.6
1313930 2716.1
1313940 2716.1
1313950 2717.5
1313960 2718.8
1313970 2718.8
1313980 2719.8
1313990 2719.7
1314000 2719.7
1314010 2719.6
1314020 2720.1
1314030 2720.1
1314040 2724.9
1314050 2726.2
1314060 2727.3
1314070 2727.3
1314080 2728.5
1314090 2730.2
1314100 2730.2
1314110 2730.6
1314120 2730.9
1314130 2730.9
1314140 2730.8
1314150 2731.3
1314160 2731.3
1314170 2732.4
1314180 2733.6
1314190 2733.6
1314200 2735.0
1314210 2736.3
1314220 2736.3
1314230 2737.7
1314240 2739.1
1314250 2741.3
1314260 2741.3
1314270 2743.6
1314280 2746.1
1314290 2746.1
1314300 2748.5
1314310 2749.9
1314320 2749.9
1314330 2752.1
1314340 2755.4
1314350 2755.4
1314360 2765.5
1314370 2785.3
1314380 2785.3
1314390 2807.6
1314400 2821.0
1314410 2821.0
1314420 2831.7
1314430 2847.5
1314440 2847.5
1314450 2855.9
1314460 2854.4
1314470 2853.6
1314480 2853.6
1314490 2852.1
1314500 2845.5
1314510 2845.5
1314520 2835.4
1314530 2830.2
1314540 2830.2
1314550 2822.2
1314560 2803.2
1314570 2803.2
1314580 2785.0
1314590 2775.7
1314600 2775.7
1314610 2773.0
1314620 2772.2
1314630 2772.2
1314640 2773.0
1314650 2773.4
1314660 2774.1
1314670 2774.1
1314680 2774.2
1314690 2773.5
1314700 2773.5
1314710 2772.3
1314720 2771.0
1314730 2771.0
1314740 2770.1
1314750 2769.2
1314760 2769.2
1314770 2767.8
1314780 2765.8
1314790 2769.4
1314800 2766.8
1314810 2764.7
1314820 2764.7
1314830 2763.0
1314840 2761.7
1314850 2761.7
1314860 2760.5
1314870 2759.5
1314880 2758.7
1314890 2758.7
1314900 2757.9
1314910 2756.8
1314920 2756.8
1314930 2755.0
1314940 2753.1
1314950 2753.1
1314960 2750.5
1314970 2748.9
1314980 2748.9
1314990 2746.5
1315000 2744.4
1315010 2744.4
1315020 2742.9
1315030 2741.0
1315040 2741.0
1315050 2738.3
1315060 2735.8
1315070 2733.3
1315080 2733.3
1315090 2730.9
1315100 2728.7
1315110 2728.7
1315120 2726.4
1315130 2723.6
1315140 2723.6
1315150 2721.2
1315160 2719.0
1315170 2719.0
1315180 2716.9
1315190 2714.9
1315200 2714.9
1315210 2713.4
1315220 2712.2
1315230 2712.2
1315240 2711.1
1315250 2710.0
1315260 2710.0
1315270 2708.8
1315280 2707.1
1315290 2704.5
1315300 2704.5
1315310 2701.1
1315320 2697.3
1315330 2697.3
1315340 2694.6
1315350 2692.4
1315360 2692.4
1315370 2690.5
1315380 2689.0
1315390 2689.0
1315400 2687.4
1315410 2685.3
1315420 2685.3
1315430 2683.0
1315440 2680.0
1315450 2680.0
1315460 2676.2
1315470 2672.9
1315480 2670.9
1315490 2670.9
1315500 2667.7
1315510 2664.4
1315520 2664.4
1315530 2661.7
1315540 2661.7
1315550 2661.7
1315560 2659.0
1315570 2655.8
1315580 2655.8
1315590 2652.2
1315600 2648.9
1315610 2648.9
1315620 2645.8
1315630 2642.8
1315640 2642.8
1315650 2640.3
1315660 2637.7
1315670 2637.7
1315680 2635.1
1315690 2632.5
1315700 2629.6
1315710 2629.6
1315720 2626.5
1315730 2624.0
1315740 2624.0
1315750 2621.8
1315760 2620.7
1315770 2620.7
1315780 2618.5
1315790 2616.1
1315800 2616.1
1315810 2612.3
1315820 2609.1
1315830 2609.1
1315840 2606.9
1315850 2604.8
1315860 2604.8
1315870 2602.7
1315880 2600.8
1315890 2598.8
1315900 2598.8
1315910 2597.1
1315920 2595.5
1315930 2595.5
1315940 2594.2
1315950 2593.3
1315960 2593.3
1315970 2593.0
1315980 2593.2
1315990 2593.2
1316000 2594.1
1316010 2594.8
1316020 2594.8
1316030 2595.1
1316040 2596.3
1316050 2596.3
1316060 2596.1
1316070 2595.5
1316080 2595.5
1316090 2594.3
1316100 2592.6
1316110 2590.9
1316120 2590.9
1316130 2589.8
1316140 2587.8
1316150 2587.8
1316160 2583.7
1316170 2579.5
1316180 2579.5
1316190 2575.6
1316200 2572.0
1316210 2572.0
1316220 2569.7
1316230 2568.8
1316240 2568.8
1316250 2568.7
1316260 2568.4
1316270 2568.4
1316280 2567.5
1316290 2572.5
1316300 2574.9
1316310 2574.9
1316320 2576.0
1316330 2573.0
1316340 2573.0
1316350 2572.9
1316360 2573.8
1316370 2573.8
1316380 2574.2
1316390 2578.0
1316400 2578.0
1316410 2583.3
1316420 2588.5
1316430 2588.5
1316440 2594.0
1316450 2598.5
1316460 2598.5
1316470 2601.9
1316480 2606.2
1316490 2606.2
1316500 2611.3
1316510 2616.2
1316520 2619.4
1316530 2619.4
1316540 2622.1
1316550 2624.7
1316560 2624.7
1316570 2627.5
1316580 2630.8
1316590 2630.8
1316600 2634.2
1316610 2637.1
1316620 2637.1
1316630 2640.4
1316640 2644.0
1316650 2644.0
1316660 2647.8
1316670 2652.2
1316680 2652.2
1316690 2655.7
1316700 2658.5
1316710 2661.8
1316720 2661.8
1316730 2665.6
1316740 2669.5
1316750 2669.5
1316760 2673.5
1316770 2676.9
1316780 2676.9
1316790 2680.3
1316800 2685.1
1316810 2685.1
1316820 2690.2
1316830 2695.2
1316840 2695.2
1316850 2698.8
1316860 2702.0
1316870 2702.0
1316880 2705.8
1316890 2710.8
1316900 2710.8
1316910 2716.5
1316920 2722.4
1316930 2728.0
1316940 2728.0
1316950 2733.6
1316960 2740.3
1316970 2740.3
1316980 2747.4
1316990 2752.8
1317000 2752.8
1317010 2755.3
1317020 2756.7
1317030 2756.7
1317040 2761.8
1317050 2765.1
1317060 2765.1
1317070 2769.0
1317080 2773.3
1317090 2773.3
1317100 2777.1
1317110 2781.4
1317120 2787.3
1317130 2787.3
1317140 2792.5
1317150 2795.8
1317160 2795.8
1317170 2797.9
1317180 2800.1
1317190 2800.1
1317200 2802.8
1317210 2806.0
1317220 2806.0
1317230 2809.4
1317240 2812.4
1317250 2812.4
1317260 2815.1
1317270 2818.4
1317280 2818.4
1317290 2822.3
1317300 2825.9
1317310 2825.9
1317320 2830.1
1317330 2834.7
1317340 2837.1
1317350 2837.1
1317360 2839.2
1317370 2842.0
1317380 2842.0
1317390 2845.7
1317400 2849.9
1317410 2849.9
1317420 2852.9
1317430 2856.5
1317440 2856.5
1317450 2860.8
1317460 2865.3
1317470 2865.3
1317480 2870.1
1317490 2875.4
1317500 2875.4
1317510 2881.4
1317520 2887.8
1317530 2894.1
1317540 2894.1
1317550 2900.6
1317560 2906.9
1317570 2906.9
1317580 2912.8
1317590 2918.7
1317600 2918.7
1317610 2924.4
1317620 2930.1
1317630 2930.1
1317640 2935.7
1317650 2941.7
1317660 2941.7
1317670 2947.8
1317680 2954.1
1317690 2954.1
1317700 2959.7
1317710 2965.3
1317720 2965.3
1317730 2971.3
1317740 2976.5
1317750 2981.7
1317760 2981.7
1317770 2986.7
1317780 2991.4
1317790 2991.4
1317800 2998.5
1317810 3003.0
1317820 3003.0
1317830 3007.3
1317840 3011.1
1317850 3011.1
1317860 3014.6
1317870 3017.6
1317880 3017.6
1317890 3020.4
1317900 3023.5
1317910 3023.5
1317920 3025.8
1317930 3028.1
1317940 3031.8
1317950 3031.8
1317960 3035.9
1317970 3039.9
1317980 3039.9
1317990 3042.7
1318000 3047.4
1318010 3047.4
1318020 3051.9
1318030 3056.3
1318040 3056.3
1318050 3060.7
1318060 3065.1
1318070 3065.1
1318080 3069.4
1318090 3073.5
1318100 3073.5
1318110 3077.5
1318120 3080.9
1318130 3080.9
1318140 3084.7
1318150 3088.3
1318160 3091.9
1318170 3091.9
1318180 3095.3
1318190 3098.7
1318200 3098.7
1318210 3102.0
1318220 3105.1
1318230 3105.1
1318240 3108.1
1318250 3111.5
1318260 3111.5
1318270 3114.5
1318280 3117.1
1318290 3117.1
1318300 3119.3
1318310 3121.2
1318320 3121.2
1318330 3122.8
1318340 3124.1
1318350 3123.2
1318360 3123.2
1318370 3121.6
1318380 3120.5
1318390 3120.5
1318400 3118.8
1318410 3114.6
1318420 3114.6
1318430 3108.3
1318440 3101.4
1318450 3101.4
1318460 3095.6
1318470 3090.6
1318480 3090.6
1318490 3083.8
1318500 3078.5
1318510 3078.5
1318520 3074.0
1318530 3070.3
1318540 3070.3
1318550 3067.5
1318560 3057.1
1318570 3056.5
1318580 3056.5
1318590 3054.3
1318600 3049.2
1318610 3049.2
1318620 3043.4
1318630 3038.4
1318640 3038.4
1318650 3035.3
1318660 3034.2
1318670 3034.2
1318680 3037.4
1318690 3043.7
1318700 3043.7
1318710 3051.5
1318720 3056.3
1318730 3056.3
1318740 3057.4
1318750 3057.6
1318760 3057.6
1318770 3065.7
1318780 3073.1
1318790 3077.2
1318800 3077.2
1318810 3084.4
1318820 3086.5
1318830 3086.5
1318840 3089.0
1318850 3092.7
1318860 3092.7
1318870 3099.3
1318880 3109.9
1318890 3109.9
1318900 3111.2
1318910 3102.4
1318920 3102.4
1318930 3094.4
1318940 3088.2
1318950 3088.2
1318960 3082.1
1318970 3075.7
1318980 3071.5
1318990 3071.5
1319000 3068.7
1319010 3064.0
1319020 3064.0
1319030 3060.0
1319040 3059.1
1319050 3059.1
1319060 3058.1
1319070 3057.0
1319080 3057.0
1319090 3056.3
1319100 3056.5
1319110 3056.5
1319120 3057.5
1319130 3059.5
1319140 3059.5
1319150 3063.6
1319160 3068.3
1319170 3068.3
1319180 3074.9
1319190 3080.1
1319200 3088.2
1319210 3088.2
1319220 3086.8
1319230 3088.3
1319240 3088.3
1319250 3095.0
1319260 3096.9
1319270 3096.9
1319280 3099.9
1319290 3105.8
1319300 3105.8
1319310 3115.2
1319320 3126.0
1319330 3115.0
1319340 3126.2
1319350 3132.4
1319360 3132.4
1319370 3141.4
1319380 3151.9
1319390 3159.2
1319400 3159.2
1319410 3154.4
1319420 3141.6
1319430 3141.6
1319440 3126.9
1319450 3112.0
1319460 3112.0
1319470 3099.1
1319480 3087.1
1319490 3087.1
1319500 3075.2
1319510 3062.5
1319520 3062.5
1319530 3049.5
1319540 3037.7
1319550 3037.7
1319560 3024.1
1319570 3013.6
1319580 3013.6
1319590 3004.4
1319600 2995.7
1319610 2987.5
1319620 2987.5
1319630 2979.9
1319640 2973.5
1319650 2973.5
1319660 2967.9
1319670 2960.7
1319680 2960.7
1319690 2953.0
1319700 2946.0
1319710 2946.0
1319720 2938.7
1319730 2930.9
1319740 2930.9
1319750 2922.6
1319760 2913.1
1319770 2913.1
1319780 2905.6
1319790 2899.6
