1300000 1942.6
1300010 1945.6
1300020 1945.6
1300030 1949.5
1300040 1954.2
1300050 1954.2
1300060 1959.0
1300070 1963.9
1300080 1963.9
1300090 1968.2
1300100 1971.3
1300110 1973.6
1300120 1976.8
1300130 1981.8
1300140 1987.3
1300150 1987.3
1300160 1993.7
1300170 2000.4
1300180 2000.4
1300190 2007.8
1300200 2014.4
1300210 2014.4
1300220 2020.9
1300230 2027.9
1300240 2027.9
1300250 2035.7
1300260 2044.4
1300270 2044.4
1300280 2052.3
1300290 2058.2
1300300 2058.2
1300310 2063.3
1300320 2069.2
1300330 2069.2
1300340 2074.4
1300350 2077.8
1300360 2081.7
1300370 2081.7
1300380 2084.9
1300390 2087.7
1300400 2087.7
1300410 2090.5
1300420 2094.4
1300430 2094.4
1300440 2100.3
1300450 2105.8
1300460 2105.8
1300470 2111.4
1300480 2117.0
1300490 2117.0
1300500 2120.7
1300510 2125.2
1300520 2125.2
1300530 2129.7
1300540 2133.8
1300550 2137.9
1300560 2137.9
1300570 2141.7
1300580 2145.7
1300590 2145.7
1300600 2149.7
1300610 2153.5
1300620 2153.5
1300630 2156.3
1300640 2157.8
1300650 2157.8
1300660 2158.7
1300670 2159.9
1300680 2159.9
1300690 2161.1
1300700 2162.0
1300710 2162.0
1300720 2164.5
1300730 2167.9
1300740 2167.9
1300750 2171.4
1300760 2174.7
1300770 2178.2
1300780 2178.2
1300790 2182.2
1300800 2185.6
1300810 2185.6
1300820 2189.5
1300830 2194.0
1300840 2194.0
1300850 2198.9
1300860 2203.2
1300870 2203.2
1300880 2208.0
1300890 2212.8
1300900 2212.8
1300910 2216.4
1300920 2219.7
1300930 2219.7
1300940 2223.5
1300950 2228.5
1300960 2232.8
1300970 2232.8
1300980 2238.2
1300990 2245.3
1301000 2245.3
1301010 2253.5
1301020 2260.4
1301030 2260.4
1301040 2265.2
1301050 2270.6
1301060 2270.6
1301070 2276.7
1301080 2282.8
1301090 2282.8
1301100 2287.7
1301110 2292.2
1301120 2292.2
1301130 2296.7
1301140 2300.5
1301150 2300.5
1301160 2305.2
1301170 2309.2
1301180 2312.1
1301190 2312.1
1301200 2315.6
1301210 2318.7
1301220 2318.7
1301230 2321.2
1301240 2323.3
1301250 2323.3
1301260 2324.8
1301270 2326.1
1301280 2326.1
1301290 2327.9
1301300 2330.6
1301310 2330.6
1301320 2333.5
1301330 2337.2
1301340 2337.2
1301350 2340.3
1301360 2343.8
1301370 2347.5
1301380 2347.5
1301390 2351.0
1301400 2354.9
1301410 2354.9
1301420 2360.0
1301430 2366.1
1301440 2366.1
1301450 2372.2
1301460 2379.7
1301470 2379.7
1301480 2386.9
1301490 2391.5
1301500 2391.5
1301510 2398.7
1301520 2405.2
1301530 2405.2
1301540 2411.4
1301550 2417.3
1301560 2417.3
1301570 2423.3
1301580 2430.1
1301590 2436.0
1301600 2436.0
1301610 2441.2
1301620 2445.5
1301630 2445.5
1301640 2450.0
1301650 2454.5
1301660 2454.5
1301670 2459.0
1301680 2464.4
1301690 2464.4
1301700 2470.1
1301710 2475.1
1301720 2475.1
1301730 2480.1
1301740 2485.5
1301750 2485.5
1301760 2490.6
1301770 2495.6
1301780 2495.6
1301790 2500.9
1301800 2507.1
1301810 2513.0
1301820 2513.0
1301830 2518.4
1301840 2523.6
1301850 2523.6
1301860 2528.5
1301870 2533.2
1301880 2533.2
1301890 2537.9
1301900 2542.9
1301910 2542.9
1301920 2547.6
1301930 2552.5
1301940 2552.5
1301950 2558.3
1301960 2564.1
1301970 2564.1
1301980 2568.9
1301990 2574.2
1302000 2582.6
1302010 2582.6
1302020 2587.7
1302030 2593.3
1302040 2593.3
1302050 2600.8
1302060 2608.0
1302070 2608.0
1302080 2616.3
1302090 2623.3
1302100 2623.3
1302110 2632.9
1302120 2642.0
1302130 2642.0
1302140 2649.8
1302150 2654.7
1302160 2654.7
1302170 2659.1
1302180 2664.3
1302190 2660.4
1302200 2669.0
1302210 2677.5
1302220 2686.6
1302230 2686.6
1302240 2694.5
1302250 2700.4
1302260 2700.4
1302270 2707.0
1302280 2714.1
1302290 2714.1
1302300 2719.7
1302310 2727.6
1302320 2727.6
1302330 2736.6
1302340 2742.6
1302350 2742.6
1302360 2746.9
1302370 2753.8
1302380 2753.8
1302390 2761.1
1302400 2768.5
1302410 2776.3
1302420 2776.3
1302430 2784.0
1302440 2792.4
1302450 2792.4
1302460 2801.0
1302470 2809.7
1302480 2809.7
1302490 2818.0
1302500 2826.5
1302510 2826.5
1302520 2833.5
1302530 2838.2
1302540 2838.2
1302550 2843.4
1302560 2850.8
1302570 2850.8
1302580 2856.9
1302590 2850.1
1302600 2850.1
1302610 2837.5
1302620 2828.1
1302630 2821.0
1302640 2821.0
1302650 2812.6
1302660 2799.9
1302670 2799.9
1302680 2788.5
1302690 2776.7
1302700 2776.7
1302710 2764.2
1302720 2752.5
1302730 2752.5
1302740 2741.3
1302750 2731.5
1302760 2731.5
1302770 2723.0
1302780 2714.9
1302790 2714.9
1302800 2708.3
1302810 2706.4
1302820 2698.3
1302830 2698.3
1302840 2689.1
1302850 2681.8
1302860 2681.8
1302870 2672.1
1302880 2663.4
1302890 2663.4
1302900 2656.3
1302910 2646.0
1302920 2646.0
1302930 2635.3
1302940 2627.1
1302950 2627.1
1302960 2617.9
1302970 2606.8
1302980 2606.8
1302990 2594.1
1303000 2580.2
1303010 2580.2
1303020 2565.2
1303030 2550.8
1303040 2538.4
1303050 2538.4
1303060 2521.7
1303070 2504.1
1303080 2504.1
1303090 2488.1
1303100 2472.5
1303110 2472.5
1303120 2459.9
1303130 2451.7
1303140 2451.7
1303150 2445.0
1303160 2439.2
1303170 2439.2
1303180 2434.1
1303190 2427.8
1303200 2427.8
1303210 2420.4
1303220 2414.2
1303230 2414.2
1303240 2407.2
1303250 2397.0
1303260 2383.8
1303270 2383.8
1303280 2373.1
1303290 2360.2
1303300 2360.2
1303310 2346.9
1303320 2334.3
1303330 2334.3
1303340 2323.5
1303350 2324.9
1303360 2324.9
1303370 2322.3
1303380 2315.0
1303390 2315.0
1303400 2305.7
1303410 2296.3
1303420 2296.3
1303430 2283.6
1303440 2264.3
1303450 2246.2
1303460 2246.2
1303470 2233.4
1303480 2221.4
1303490 2221.4
1303500 2203.9
1303510 2189.0
1303520 2189.0
1303530 2180.6
1303540 2179.0
1303550 2179.0
1303560 2178.7
1303570 2179.0
1303580 2187.2
1303590 2185.5
1303600 2182.4
1303610 2182.4
1303620 2177.5
1303630 2178.6
1303640 2178.6
1303650 2186.5
1303660 2189.2
1303670 2191.2
1303680 2191.2
1303690 2188.9
1303700 2188.7
1303710 2188.7
1303720 2194.2
1303730 2196.9
1303740 2196.9
1303750 2198.8
1303760 2197.9
1303770 2197.9
1303780 2194.6
1303790 2194.3
1303800 2194.3
1303810 2192.9
1303820 2193.8
1303830 2193.8
1303840 2193.7
1303850 2194.6
1303860 2193.3
1303870 2193.3
1303880 2184.6
1303890 2175.1
1303900 2175.1
1303910 2175.3
1303920 2181.3
1303930 2181.3
1303940 2187.4
1303950 2195.2
1303960 2195.2
1303970 2198.5
1303980 2191.6
1303990 2191.6
1304000 2172.3
1304010 2167.8
1304020 2167.8
1304030 2173.0
1304040 2176.5
1304050 2176.5
1304060 2178.0
1304070 2177.1
1304080 2175.1
1304090 2175.1
1304100 2173.5
1304110 2171.0
1304120 2171.0
1304130 2166.7
1304140 2160.2
1304150 2160.2
1304160 2149.9
1304170 2143.0
1304180 2143.0
1304190 2134.9
1304200 2123.8
1304210 2123.8
1304220 2109.9
1304230 2096.7
1304240 2096.7
1304250 2082.8
1304260 2064.9
1304270 2038.5
1304280 2034.6
1304290 2001.0
1304300 1982.7
1304310 1982.7
1304320 1985.7
1304330 1992.9
1304340 1992.9
1304350 1999.4
1304360 2004.7
1304370 2004.7
1304380 1999.2
1304390 1991.4
1304400 1991.4
1304410 1982.3
1304420 1972.4
1304430 1972.4
1304440 1963.9
1304450 1956.0
1304460 1956.0
1304470 1946.8
1304480 1927.3
1304490 1913.1
1304500 1913.1
1304510 1903.2
1304520 1897.2
1304530 1897.2
1304540 1898.9
1304550 1892.6
1304560 1892.6
1304570 1887.1
1304580 1881.3
1304590 1881.3
1304600 1872.5
1304610 1857.9
1304620 1857.9
1304630 1852.6
1304640 1850.5
1304650 1850.5
1304660 1848.6
1304670 1845.9
1304680 1845.9
1304690 1842.3
1304700 1840.9
1304710 1842.0
1304720 1842.0
1304730 1842.5
1304740 1841.9
1304750 1841.9
1304760 1837.8
1304770 1838.6
1304780 1838.6
1304790 1838.9
1304800 1837.2
1304810 1837.2
1304820 1834.0
1304830 1831.2
1304840 1831.2
1304850 1828.2
1304860 1824.7
1304870 1824.7
1304880 1821.0
1304890 1817.8
1304900 1814.2
1304910 1814.2
1304920 1810.6
1304930 1807.2
1304940 1807.2
1304950 1803.6
1304960 1800.1
1304970 1800.1
1304980 1796.6
1304990 1794.4
1305000 1794.4
1305010 1791.3
1305020 1788.3
1305030 1788.3
1305040 1785.5
1305050 1782.6
1305060 1782.6
1305070 1779.9
1305080 1777.5
1305090 1777.5
1305100 1775.4
1305110 1773.3
1305120 1771.4
1305130 1771.4
1305140 1770.8
1305150 1770.8
1305160 1770.8
1305170 1770.8
1305180 1770.8
1305190 1770.8
1305200 1771.6
1305210 1773.7
1305220 1773.7
1305230 1776.4
1305240 1779.4
1305250 1779.4
1305260 1782.6
1305270 1787.1
1305280 1787.1
1305290 1791.3
1305300 1794.5
1305310 1799.6
1305320 1799.6
1305330 1804.9
1305340 1810.2
1305350 1810.2
1305360 1815.3
1305370 1819.7
1305380 1819.7
1305390 1823.9
1305400 1829.0
1305410 1829.0
1305420 1833.3
1305430 1839.1
1305440 1839.1
1305450 1845.9
1305460 1853.3
1305470 1853.3
1305480 1860.3
1305490 1866.8
1305500 1866.8
1305510 1873.2
1305520 1880.0
1305530 1885.2
1305540 1885.2
1305550 1890.8
1305560 1897.3
1305570 1897.3
1305580 1906.6
1305590 1916.7
1305600 1916.7
1305610 1924.7
1305620 1933.6
1305630 1933.6
1305640 1942.6
1305650 1950.6
1305660 1950.6
1305670 1958.1
1305680 1965.0
1305690 1962.0
1305700 1968.6
1305710 1973.8
1305720 1979.1
1305730 1979.1
1305740 1984.7
1305750 1990.8
1305760 1990.8
1305770 1997.1
1305780 2001.2
1305790 2001.2
1305800 2004.4
1305810 2010.8
1305820 2010.8
1305830 2017.8
1305840 2023.5
1305850 2023.5
1305860 2027.4
1305870 2029.7
1305880 2029.7
1305890 2030.3
1305900 2032.1
1305910 2032.1
1305920 2036.4
1305930 2041.4
1305940 2047.5
1305950 2047.5
1305960 2054.1
1305970 2061.6
1305980 2061.6
1305990 2071.2
1306000 2080.0
1306010 2080.0
1306020 2089.7
1306030 2098.9
1306040 2098.9
1306050 2106.9
1306060 2112.7
1306070 2112.7
1306080 2117.6
1306090 2123.3
1306100 2123.3
1306110 2128.4
1306120 2133.9
1306130 2133.9
1306140 2141.1
1306150 2147.8
1306160 2154.3
1306170 2154.3
1306180 2160.7
1306190 2167.9
1306200 2167.9
1306210 2175.8
1306220 2184.4
1306230 2184.4
1306240 2193.7
1306250 2202.6
1306260 2202.6
1306270 2211.0
1306280 2218.9
1306290 2218.9
1306300 2227.2
1306310 2238.3
1306320 2238.3
1306330 2248.0
1306340 2256.6
1306350 2266.0
1306360 2266.0
1306370 2275.2
1306380 2283.2
1306390 2283.2
1306400 2291.6
1306410 2300.9
1306420 2300.9
1306430 2308.6
1306440 2316.1
1306450 2316.1
1306460 2324.0
1306470 2332.3
1306480 2332.3
1306490 2339.6
1306500 2346.5
1306510 2346.5
1306520 2353.3
1306530 2358.4
1306540 2358.4
1306550 2363.7
1306560 2368.8
1306570 2376.9
1306580 2376.9
1306590 2382.9
1306600 2387.4
1306610 2387.4
1306620 2391.2
1306630 2397.3
1306640 2397.3
1306650 2404.7
1306660 2413.0
1306670 2413.0
1306680 2418.9
1306690 2425.5
1306700 2425.5
1306710 2430.6
1306720 2435.9
1306730 2435.9
1306740 2441.3
1306750 2445.1
1306760 2448.0
1306770 2448.0
1306780 2452.6
1306790 2457.8
1306800 2457.8
1306810 2462.4
1306820 2467.3
1306830 2467.3
1306840 2469.9
1306850 2473.0
1306860 2473.0
1306870 2475.8
1306880 2476.9
1306890 2476.9
1306900 2477.1
1306910 2475.2
1306920 2475.2
1306930 2473.8
1306940 2473.5
1306950 2473.5
1306960 2471.5
1306970 2471.3
1306980 2472.5
1306990 2472.5
1307000 2473.3
1307010 2472.8
1307020 2472.8
1307030 2471.5
1307040 2470.4
1307050 2470.4
1307060 2469.9
1307070 2469.3
1307080 2469.3
1307090 2468.8
1307100 2467.4
1307110 2461.4
1307120 2459.8
1307130 2459.3
1307140 2459.3
1307150 2460.4
1307160 2463.9
1307170 2467.5
1307180 2467.5
1307190 2467.3
1307200 2466.3
1307210 2466.3
1307220 2468.0
1307230 2469.6
1307240 2469.6
1307250 2470.7
1307260 2471.8
1307270 2471.8
1307280 2473.3
1307290 2476.0
1307300 2476.0
1307310 2478.9
1307320 2481.5
1307330 2481.5
1307340 2484.4
1307350 2486.9
1307360 2486.9
1307370 2488.9
1307380 2490.0
1307390 2492.8
1307400 2492.8
1307410 2496.4
1307420 2499.3
1307430 2499.3
1307440 2502.4
1307450 2505.9
1307460 2505.9
1307470 2509.4
1307480 2512.1
1307490 2512.1
1307500 2515.0
1307510 2518.8
1307520 2518.8
1307530 2523.7
1307540 2528.7
1307550 2528.7
1307560 2532.8
1307570 2535.4
1307580 2535.4
1307590 2535.4
1307600 2537.2
1307610 2539.8
1307620 2539.8
1307630 2542.7
1307640 2545.2
1307650 2545.2
1307660 2547.7
1307670 2550.0
1307680 2550.0
1307690 2553.6
1307700 2556.1
1307710 2556.1
1307720 2556.7
1307730 2560.2
1307740 2560.2
1307750 2563.4
1307760 2565.5
1307770 2565.5
1307780 2567.2
1307790 2569.8
1307800 2572.5
1307810 2572.5
1307820 2575.1
1307830 2576.5
1307840 2576.5
1307850 2579.2
1307860 2582.5
1307870 2582.5
1307880 2586.5
1307890 2591.2
1307900 2591.2
1307910 2595.8
1307920 2599.6
1307930 2599.6
1307940 2601.3
1307950 2605.3
1307960 2605.3
1307970 2610.2
1307980 2614.1
1307990 2614.1
1308000 2617.4
1308010 2621.9
1308020 2627.3
1308030 2627.3
1308040 2630.8
1308050 2632.7
1308060 2632.7
1308070 2636.7
1308080 2641.9
1308090 2641.9
1308100 2645.5
1308110 2648.7
1308120 2648.7
1308130 2651.6
1308140 2654.2
1308150 2654.2
1308160 2657.4
1308170 2660.7
1308180 2660.7
1308190 2663.8
1308200 2666.9
1308210 2670.6
1308220 2670.6
1308230 2674.9
1308240 2679.0
1308250 2679.0
1308260 2682.7
1308270 2686.7
1308280 2686.7
1308290 2691.2
1308300 2696.4
1308310 2696.4
1308320 2701.6
1308330 2706.7
1308340 2706.7
1308350 2712.5
1308360 2718.8
1308370 2718.8
1308380 2723.2
1308390 2726.5
1308400 2726.5
1308410 2730.5
1308420 2734.0
1308430 2735.8
1308440 2735.8
1308450 2737.1
1308460 2739.3
1308470 2739.3
1308480 2741.8
1308490 2743.0
1308500 2743.0
1308510 2743.1
1308520 2744.2
1308530 2744.2
1308540 2742.1
1308550 2742.5
1308560 2742.5
1308570 2743.5
1308580 2745.6
1308590 2745.6
1308600 2748.3
1308610 2750.6
1308620 2750.6
1308630 2753.0
1308640 2756.7
1308650 2761.7
1308660 2761.7
1308670 2766.8
1308680 2772.2
1308690 2772.2
1308700 2778.8
1308710 2786.5
1308720 2786.5
1308730 2796.5
1308740 2806.0
1308750 2806.0
1308760 2812.4
1308770 2819.0
1308780 2819.0
1308790 2827.4
1308800 2838.1
1308810 2838.1
1308820 2850.8
1308830 2862.5
1308840 2873.6
1308850 2873.6
1308860 2882.8
1308870 2890.5
1308880 2890.5
1308890 2898.7
1308900 2906.8
1308910 2906.8
1308920 2910.1
1308930 2908.3
1308940 2908.3
1308950 2905.3
1308960 2902.1
1308970 2902.1
1308980 2901.2
1308990 2901.3
1309000 2901.3
1309010 2901.7
1309020 2903.3
1309030 2903.3
1309040 2904.2
1309050 2903.6
1309060 2903.5
1309070 2903.5
1309080 2904.1
1309090 2905.3
1309100 2905.3
1309110 2907.3
1309120 2909.8
1309130 2909.8
1309140 2907.9
1309150 2906.1
1309160 2906.1
1309170 2908.5
1309180 2905.9
1309190 2905.9
1309200 2906.8
1309210 2914.0
1309220 2914.0
1309230 2918.6
1309240 2920.1
1309250 2920.8
1309260 2920.8
1309270 2913.2
1309280 2913.1
1309290 2913.1
1309300 2913.3
1309310 2913.0
1309320 2913.0
1309330 2914.2
1309340 2916.8
1309350 2916.8
1309360 2919.0
1309370 2920.1
1309380 2920.1
1309390 2919.2
1309400 2917.1
1309410 2917.1
1309420 2921.5
1309430 2929.0
1309440 2929.0
1309450 2931.1
1309460 2925.9
1309470 2924.4
1309480 2924.4
1309490 2927.5
1309500 2934.2
1309510 2934.2
1309520 2941.1
1309530 2944.8
1309540 2944.8
1309550 2947.0
1309560 2948.1
1309570 2948.1
1309580 2951.3
1309590 2954.4
1309600 2954.4
1309610 2956.7
1309620 2955.6
1309630 2955.6
1309640 2959.1
1309650 2962.8
1309660 2968.4
1309670 2968.4
1309680 2972.9
1309690 2981.9
1309700 2981.9
1309710 2992.8
1309720 3003.9
1309730 3003.9
1309740 3015.1
1309750 3026.0
1309760 3026.0
1309770 3035.3
1309780 3040.5
1309790 3040.5
1309800 3046.0
1309810 3050.9
1309820 3050.9
1309830 3056.2
1309840 3061.4
1309850 3061.4
1309860 3065.1
1309870 3068.4
1309880 3070.4
1309890 3070.4
1309900 3069.9
1309910 3069.5
1309920 3069.5
1309930 3070.5
1309940 3069.0
1309950 3069.0
1309960 3059.3
1309970 3044.8
1309980 3044.8
1309990 3033.5
1310000 3012.4
1310010 3012.4
1310020 2998.7
1310030 2992.7
1310040 2992.7
1310050 2983.2
1310060 2975.0
1310070 2975.0
1310080 2967.4
1310090 2959.0
1310100 2956.9
1310110 2956.9
1310120 2957.3
1310130 2958.7
1310140 2958.7
1310150 2960.2
1310160 2961.8
1310170 2961.8
1310180 2963.7
1310190 2965.9
1310200 2965.9
1310210 2968.3
1310220 2970.9
1310230 2970.9
1310240 2974.3
1310250 2978.1
1310260 2978.1
1310270 2981.8
1310280 2985.2
1310290 2987.9
1310300 2987.9
1310310 2989.0
1310320 2989.1
1310330 2989.1
1310340 2989.9
1310350 3000.4
1310360 3000.4
1310370 3018.8
1310380 3034.9
1310390 3034.9
1310400 3044.1
1310410 3041.8
1310420 3041.8
1310430 3031.1
1310440 3020.9
1310450 3020.9
1310460 3009.5
1310470 2995.8
1310480 2995.8
1310490 2982.6
1310500 2969.5
1310510 2958.2
1310520 2958.2
1310530 2946.2
1310540 2927.3
1310550 2927.3
1310560 2917.7
1310570 2914.1
1310580 2914.1
1310590 2911.6
1310600 2909.6
1310610 2909.6
1310620 2907.3
1310630 2905.3
1310640 2905.3
1310650 2904.0
1310660 2902.9
1310670 2902.9
1310680 2902.0
1310690 2901.1
1310700 2900.5
1310710 2900.5
1310720 2904.8
1310730 2904.2
1310740 2904.2
1310750 2903.4
1310760 2902.2
1310770 2902.2
1310780 2900.7
1310790 2899.0
1310800 2899.0
1310810 2897.0
1310820 2895.2
1310830 2895.2
1310840 2893.5
1310850 2891.9
1310860 2891.9
1310870 2890.1
1310880 2888.4
1310890 2888.4
1310900 2886.7
1310910 2884.8
1310920 2882.9
1310930 2882.9
1310940 2881.6
1310950 2880.3
1310960 2880.3
1310970 2880.1
1310980 2880.2
1310990 2880.2
1311000 2884.9
1311010 2891.6
1311020 2891.6
1311030 2893.0
1311040 2892.7
1311050 2892.7
1311060 2891.7
1311070 2889.8
1311080 2889.8
1311090 2887.4
1311100 2884.7
1311110 2881.9
1311120 2881.9
1311130 2880.1
1311140 2881.5
1311150 2881.5
1311160 2882.8
1311170 2884.1
1311180 2884.1
1311190 2885.5
1311200 2883.5
1311210 2883.5
1311220 2879.5
1311230 2874.2
1311240 2874.2
1311250 2869.6
1311260 2866.2
1311270 2866.2
1311280 2861.5
1311290 2857.2
1311300 2857.2
1311310 2852.6
1311320 2846.8
1311330 2842.2
1311340 2842.2
1311350 2837.8
1311360 2835.0
1311370 2835.0
1311380 2832.2
1311390 2828.6
1311400 2828.6
1311410 2824.4
1311420 2820.3
1311430 2820.3
1311440 2815.2
1311450 2809.4
1311460 2809.4
1311470 2804.5
1311480 2800.1
1311490 2800.1
1311500 2795.7
1311510 2787.5
1311520 2787.5
1311530 2775.6
1311540 2767.3
1311550 2760.7
1311560 2760.7
1311570 2755.3
1311580 2749.7
1311590 2749.7
1311600 2744.6
1311610 2739.2
1311620 2739.2
1311630 2731.2
1311640 2722.8
1311650 2722.8
1311660 2714.1
1311670 2704.4
1311680 2704.4
1311690 2697.4
1311700 2691.5
1311710 2691.5
1311720 2685.9
1311730 2681.4
1311740 2678.5
1311750 2678.5
1311760 2677.2
1311770 2674.2
1311780 2674.2
1311790 2670.2
1311800 2666.8
1311810 2666.8
1311820 2662.7
1311830 2658.1
1311840 2658.1
1311850 2653.2
1311860 2647.9
1311870 2647.9
1311880 2641.8
1311890 2636.4
1311900 2636.4
1311910 2631.1
1311920 2626.7
1311930 2626.7
1311940 2623.9
1311950 2622.2
1311960 2625.6
1311970 2625.6
1311980 2627.6
1311990 2627.1
1312000 2627.1
1312010 2625.0
1312020 2623.2
1312030 2623.2
1312040 2621.9
1312050 2621.2
1312060 2621.2
1312070 2619.6
1312080 2617.1
1312090 2617.1
1312100 2614.0
1312110 2610.7
1312120 2610.7
1312130 2608.4
1312140 2605.7
1312150 2602.4
1312160 2602.4
1312170 2600.8
1312180 2601.4
1312190 2601.4
1312200 2600.3
1312210 2599.9
1312220 2599.9
1312230 2599.8
1312240 2599.9
1312250 2599.9
1312260 2600.2
1312270 2600.5
1312280 2600.5
1312290 2600.8
1312300 2600.3
1312310 2600.3
1312320 2598.9
1312330 2597.3
1312340 2597.3
1312350 2596.0
1312360 2590.6
1312370 2583.5
1312380 2583.5
1312390 2576.5
1312400 2569.4
1312410 2569.4
1312420 2563.7
1312430 2560.5
1312440 2560.5
1312450 2562.5
1312460 2564.4
1312470 2564.4
1312480 2563.3
1312490 2561.1
1312500 2561.1
1312510 2555.5
1312520 2548.7
1312530 2548.7
1312540 2542.4
1312550 2536.3
1312560 2531.0
1312570 2531.0
1312580 2526.2
1312590 2521.9
1312600 2521.9
1312610 2519.4
1312620 2517.4
1312630 2517.4
1312640 2514.0
1312650 2508.6
1312660 2508.6
1312670 2502.8
1312680 2496.1
1312690 2496.1
1312700 2490.0
1312710 2483.9
1312720 2483.9
1312730 2477.7
1312740 2472.3
1312750 2472.3
1312760 2466.9
1312770 2461.3
1312780 2456.7
1312790 2456.7
1312800 2453.4
1312810 2451.0
1312820 2451.0
1312830 2449.0
1312840 2446.8
1312850 2446.8
1312860 2444.7
1312870 2444.6
1312880 2444.6
1312890 2443.4
1312900 2439.7
1312910 2439.7
1312920 2432.7
1312930 2427.3
1312940 2427.3
1312950 2421.4
1312960 2414.9
1312970 2414.9
1312980 2408.8
1312990 2403.5
1313000 2398.8
1313010 2398.8
1313020 2394.2
1313030 2389.4
1313040 2389.4
1313050 2384.4
1313060 2379.7
1313070 2379.7
1313080 2374.4
1313090 2369.2
1313100 2369.2
1313110 2365.2
1313120 2361.6
1313130 2361.6
1313140 2357.6
1313150 2353.0
1313160 2353.0
1313170 2348.1
1313180 2343.3
1313190 2338.6
1313200 2338.6
1313210 2333.7
1313220 2329.3
1313230 2329.3
1313240 2324.6
1313250 2319.4
1313260 2319.4
1313270 2314.5
1313280 2310.3
1313290 2310.3
1313300 2306.6
1313310 2301.6
1313320 2301.6
1313330 2296.0
1313340 2291.5
1313350 2291.5
1313360 2288.3
1313370 2285.6
1313380 2285.6
1313390 2280.8
1313400 2277.6
1313410 2276.0
1313420 2276.0
1313430 2272.9
1313440 2268.5
1313450 2268.5
1313460 2264.7
1313470 2263.4
1313480 2263.4
1313490 2261.9
1313500 2260.8
1313510 2260.8
1313520 2259.2
1313530 2258.8
1313540 2258.8
1313550 2256.5
1313560 2255.3
1313570 2255.3
1313580 2254.3
1313590 2252.9
1313600 2251.5
1313610 2251.5
1313620 2244.7
1313630 2241.6
1313640 2241.6
1313650 2242.3
1313660 2246.0
1313670 2246.0
1313680 2249.1
1313690 2250.4
1313700 2250.4
1313710 2249.2
1313720 2248.6
1313730 2248.6
1313740 2250.2
1313750 2254.1
1313760 2254.1
1313770 2256.9
1313780 2255.7
1313790 2255.7
1313800 2253.6
1313810 2253.6
1313820 2255.4
1313830 2255.4
1313840 2256.3
1313850 2254.4
1313860 2254.4
1313870 2252.4
1313880 2255.6
1313890 2255.6
1313900 2258.8
1313910 2260.4
1313920 2260.4
1313930 2261.5
1313940 2262.9
1313950 2262.9
1313960 2263.4
1313970 2266.7
1313980 2266.7
1313990 2269.0
1314000 2269.8
1314010 2272.3
1314020 2272.3
1314030 2274.3
1314040 2276.6
1314050 2276.6
1314060 2279.9
1314070 2285.2
1314080 2285.2
1314090 2291.0
1314100 2297.0
1314110 2297.0
1314120 2302.8
1314130 2307.5
1314140 2307.5
1314150 2311.9
1314160 2309.9
1314170 2309.9
1314180 2307.5
1314190 2308.8
1314200 2308.8
1314210 2311.0
1314220 2314.4
1314230 2317.7
1314240 2317.7
1314250 2322.1
1314260 2326.3
1314270 2326.3
1314280 2330.7
1314290 2334.2
1314300 2334.2
1314310 2337.3
1314320 2341.1
1314330 2341.1
1314340 2346.0
1314350 2350.5
1314360 2350.5
1314370 2354.8
1314380 2358.8
1314390 2358.8
1314400 2365.9
1314410 2370.2
1314420 2370.2
1314430 2375.1
1314440 2380.2
1314450 2385.8
1314460 2385.8
1314470 2391.8
1314480 2397.9
1314490 2397.9
1314500 2403.9
1314510 2410.4
1314520 2410.4
1314530 2417.0
1314540 2423.4
1314550 2423.4
1314560 2430.1
1314570 2436.8
1314580 2436.8
1314590 2443.4
1314600 2450.0
1314610 2450.0
1314620 2456.7
1314630 2463.8
1314640 2470.9
1314650 2470.9
1314660 2477.7
1314670 2485.5
1314680 2485.5
1314690 2494.0
1314700 2513.2
1314710 2513.2
1314720 2530.1
1314730 2548.3
1314740 2548.3
1314750 2581.3
1314760 2597.7
1314770 2597.7
1314780 2604.0
1314790 2613.3
1314800 2613.3
1314810 2626.0
1314820 2634.2
1314830 2634.2
1314840 2632.3
1314850 2615.7
1314860 2602.5
1314870 2602.5
1314880 2592.3
1314890 2583.1
1314900 2583.1
1314910 2575.5
1314920 2566.9
1314930 2566.9
1314940 2558.0
1314950 2549.8
1314960 2549.8
1314970 2542.2
1314980 2532.8
1314990 2532.8
1315000 2522.8
1315010 2515.5
1315020 2515.5
1315030 2510.4
1315040 2509.4
1315050 2505.3
1315060 2505.3
1315070 2500.0
1315080 2493.3
1315090 2493.3
1315100 2488.7
1315110 2485.9
1315120 2485.9
1315130 2482.9
1315140 2480.4
1315150 2482.4
1315160 2478.4
1315170 2474.1
1315180 2474.1
1315190 2469.4
1315200 2461.8
1315210 2461.8
1315220 2453.5
1315230 2446.2
1315240 2446.2
1315250 2440.6
1315260 2436.5
1315270 2433.7
1315280 2433.7
1315290 2431.3
1315300 2427.1
1315310 2427.1
1315320 2423.6
1315330 2420.1
1315340 2420.1
1315350 2415.5
1315360 2410.4
1315370 2410.4
1315380 2406.4
1315390 2402.6
1315400 2402.6
1315410 2401.7
1315420 2399.3
1315430 2399.3
1315440 2395.5
1315450 2391.9
1315460 2385.6
1315470 2385.6
1315480 2379.7
1315490 2374.6
1315500 2374.6
1315510 2367.9
1315520 2360.5
1315530 2360.5
1315540 2353.8
1315550 2345.7
1315560 2345.7
1315570 2336.8
1315580 2326.9
1315590 2326.9
1315600 2314.9
1315610 2303.0
1315620 2303.0
1315630 2293.7
1315640 2286.8
1315650 2286.8
1315660 2281.5
1315670 2278.0
1315680 2274.1
1315690 2274.1
1315700 2269.2
1315710 2263.5
1315720 2263.5
1315730 2258.0
1315740 2251.6
1315750 2251.6
1315760 2245.0
1315770 2239.0
1315780 2239.0
1315790 2231.5
1315800 2223.6
1315810 2223.6
1315820 2217.1
1315830 2209.7
1315840 2209.7
1315850 2201.9
1315860 2203.9
1315870 2203.9
1315880 2207.0
1315890 2207.2
1315900 2211.1
1315910 2211.1
1315920 2209.3
1315930 2208.4
1315940 2208.4
1315950 2208.7
1315960 2209.5
1315970 2209.5
1315980 2208.5
1315990 2206.5
1316000 2206.5
1316010 2205.0
1316020 2204.5
1316030 2204.5
1316040 2204.8
1316050 2205.4
1316060 2205.4
1316070 2206.4
1316080 2208.9
1316090 2210.3
1316100 2210.3
1316110 2214.5
1316120 2224.5
1316130 2224.5
1316140 2236.4
1316150 2250.3
1316160 2250.3
1316170 2261.6
1316180 2273.7
1316190 2273.7
1316200 2286.3
1316210 2297.4
1316220 2297.4
1316230 2308.3
1316240 2321.7
1316250 2321.7
1316260 2333.4
1316270 2342.6
1316280 2342.6
1316290 2351.8
1316300 2364.2
1316310 2375.9
1316320 2375.9
1316330 2383.1
1316340 2389.2
1316350 2389.2
1316360 2395.0
1316370 2402.5
1316380 2402.5
1316390 2410.0
1316400 2417.9
1316410 2417.9
1316420 2425.1
1316430 2431.9
1316440 2431.9
1316450 2437.8
1316460 2442.8
1316470 2442.8
1316480 2447.7
1316490 2453.0
1316500 2458.5
1316510 2458.5
1316520 2464.1
1316530 2470.3
1316540 2470.3
1316550 2476.1
1316560 2479.9
1316570 2479.9
1316580 2483.6
1316590 2488.6
1316600 2488.6
1316610 2494.5
1316620 2501.0
1316630 2501.0
1316640 2507.6
1316650 2513.8
1316660 2513.8
1316670 2520.6
1316680 2527.4
1316690 2527.4
1316700 2532.4
1316710 2534.3
1316720 2536.3
1316730 2536.3
1316740 2540.4
1316750 2544.4
1316760 2544.4
1316770 2547.8
1316780 2550.6
1316790 2550.6
1316800 2552.4
1316810 2553.5
1316820 2553.5
1316830 2555.3
1316840 2558.1
1316850 2558.1
1316860 2561.6
1316870 2565.8
1316880 2565.8
1316890 2570.5
1316900 2575.3
1316910 2579.8
1316920 2579.8
1316930 2583.5
1316940 2586.2
1316950 2586.2
1316960 2588.3
1316970 2589.8
1316980 2589.8
1316990 2591.4
1317000 2593.5
1317010 2593.5
1317020 2596.7
1317030 2600.0
1317040 2600.0
1317050 2603.0
1317060 2606.9
1317070 2606.9
1317080 2610.6
1317090 2612.7
1317100 2612.7
1317110 2615.3
1317120 2618.4
1317130 2622.1
1317140 2622.1
1317150 2625.8
1317160 2628.2
1317170 2628.2
1317180 2630.5
1317190 2632.8
1317200 2632.8
1317210 2635.2
1317220 2639.5
1317230 2639.5
1317240 2644.1
1317250 2646.5
1317260 2646.5
1317270 2649.2
1317280 2653.9
1317290 2653.9
1317300 2659.5
1317310 2665.2
1317320 2665.2
1317330 2670.8
1317340 2676.2
1317350 2682.5
1317360 2682.5
1317370 2688.3
1317380 2694.2
1317390 2694.2
1317400 2700.0
1317410 2705.2
1317420 2705.2
1317430 2712.6
1317440 2719.6
1317450 2719.6
1317460 2726.7
1317470 2734.8
1317480 2734.8
1317490 2743.7
1317500 2752.5
1317510 2752.5
1317520 2760.5
1317530 2767.6
1317540 2773.9
1317550 2773.9
1317560 2780.0
1317570 2786.1
1317580 2786.1
1317590 2789.9
1317600 2792.9
1317610 2792.9
1317620 2799.0
1317630 2805.8
1317640 2805.8
1317650 2813.4
1317660 2826.2
1317670 2826.2
1317680 2844.3
1317690 2847.2
1317700 2847.2
1317710 2828.3
1317720 2814.0
1317730 2814.0
1317740 2803.8
1317750 2797.4
1317760 2792.1
1317770 2792.1
1317780 2787.1
1317790 2782.7
1317800 2782.7
1317810 2778.7
1317820 2775.3
1317830 2775.3
1317840 2772.2
1317850 2769.4
1317860 2769.4
1317870 2766.8
1317880 2764.6
1317890 2764.6
1317900 2762.7
1317910 2761.1
1317920 2761.1
1317930 2760.1
1317940 2759.0
1317950 2757.3
1317960 2757.3
1317970 2755.3
1317980 2753.3
1317990 2753.3
1318000 2751.1
1318010 2748.7
1318020 2748.7
1318030 2746.3
1318040 2744.0
1318050 2744.0
1318060 2742.3
1318070 2740.8
1318080 2740.8
1318090 2739.4
1318100 2737.6
1318110 2737.6
1318120 2735.5
1318130 2733.4
1318140 2733.4
1318150 2731.6
1318160 2729.7
1318170 2732.3
1318180 2732.3
1318190 2731.0
1318200 2730.2
1318210 2730.2
1318220 2729.8
1318230 2729.3
1318240 2729.3
1318250 2728.8
1318260 2728.3
1318270 2728.3
1318280 2727.7
1318290 2727.2
1318300 2727.2
1318310 2726.5
1318320 2725.7
1318330 2725.7
1318340 2725.2
1318350 2724.7
1318360 2724.7
1318370 2724.0
1318380 2723.3
1318390 2722.3
1318400 2722.3
1318410 2721.2
1318420 2719.8
1318430 2719.8
1318440 2718.2
1318450 2716.1
1318460 2716.1
1318470 2713.5
1318480 2710.7
1318490 2710.7
1318500 2708.0
1318510 2705.0
1318520 2705.0
1318530 2701.8
1318540 2698.4
1318550 2698.4
1318560 2694.8
1318570 2691.1
1318580 2687.0
1318590 2687.0
1318600 2684.4
1318610 2683.1
1318620 2683.1
1318630 2681.3
1318640 2678.3
1318650 2678.3
1318660 2676.3
1318670 2675.2
1318680 2675.2
1318690 2672.6
1318700 2668.6
1318710 2668.6
1318720 2665.7
1318730 2664.2
1318740 2664.2
1318750 2662.7
1318760 2661.2
1318770 2661.2
1318780 2659.8
1318790 2658.7
1318800 2657.9
1318810 2657.9
1318820 2657.3
1318830 2656.7
1318840 2656.7
1318850 2656.4
1318860 2656.0
1318870 2656.0
1318880 2655.9
1318890 2656.0
1318900 2656.0
1318910 2656.2
1318920 2656.9
1318930 2661.0
1318940 2662.0
1318950 2662.9
1318960 2662.9
1318970 2663.8
1318980 2664.7
1318990 2665.7
1319000 2665.7
1319010 2667.1
1319020 2668.7
1319030 2668.7
1319040 2670.5
1319050 2672.6
1319060 2672.6
1319070 2675.1
1319080 2677.8
1319090 2677.8
1319100 2680.6
1319110 2683.7
1319120 2683.7
1319130 2686.8
1319140 2689.7
1319150 2689.7
1319160 2693.0
1319170 2696.1
1319180 2696.1
1319190 2698.7
1319200 2700.6
1319210 2701.9
1319220 2701.9
1319230 2703.4
1319240 2707.0
1319250 2707.0
1319260 2707.7
1319270 2710.2
1319280 2710.2
1319290 2712.1
1319300 2715.0
1319310 2715.0
1319320 2716.7
1319330 2719.5
1319340 2719.5
1319350 2721.8
1319360 2723.9
1319370 2723.9
1319380 2723.8
1319390 2724.5
1319400 2726.1
1319410 2726.1
1319420 2727.1
1319430 2728.2
1319440 2728.2
1319450 2729.2
1319460 2730.2
1319470 2730.2
1319480 2731.9
1319490 2733.8
1319500 2733.8
1319510 2735.8
1319520 2738.0
1319530 2738.0
1319540 2740.9
1319550 2745.5
1319560 2745.5
1319570 2751.8
1319580 2757.0
1319590 2757.0
1319600 2761.2
1319610 2765.3
1319620 2769.5
1319630 2769.5
1319640 2774.0
1319650 2778.6
1319660 2778.6
1319670 2783.1
1319680 2787.8
1319690 2787.8
1319700 2794.3
1319710 2800.2
1319720 2800.2
1319730 2806.3
1319740 2813.2
1319750 2813.2
1319760 2820.0
1319770 2825.9
1319780 2825.9
1319790 2830.6
1319800 2834.6
1319810 2834.6
1319820 2838.2
1319830 2842.1
1319840 2845.9
1319850 2845.9
1319860 2849.5
1319870 2853.1
1319880 2853.1
1319890 2856.8
1319900 2860.3
1319910 2860.3
1319920 2863.7
1319930 2866.9
1319940 2866.9
1319950 2870.0
1319960 2873.2
1319970 2873.2
1319980 2876.5
1319990 2880.4
