1300000 1980.9
1300010 1985.8
1300020 1990.6
1300030 1995.5
1300040 1995.5
1300050 2001.0
1300060 2006.3
1300070 2006.3
1300080 2011.9
1300090 2017.2
1300100 2017.2
1300110 2022.9
1300120 2028.6
1300130 2028.6
1300140 2033.9
1300150 2039.4
1300160 2039.4
1300170 2045.9
1300180 2052.7
1300190 2052.7
1300200 2059.6
1300210 2065.0
1300220 2065.0
1300230 2071.4
1300240 2078.4
1300250 2085.4
1300260 2085.4
1300270 2092.1
1300280 2098.4
1300290 2098.4
1300300 2104.4
1300310 2109.5
1300320 2109.5
1300330 2114.4
1300340 2118.7
1300350 2118.7
1300360 2122.9
1300370 2127.4
1300380 2127.4
1300390 2133.2
1300400 2138.6
1300410 2138.6
1300420 2142.5
1300430 2145.9
1300440 2148.6
1300450 2148.6
1300460 2151.3
1300470 2154.4
1300480 2154.4
1300490 2157.9
1300500 2161.2
1300510 2161.2
1300520 2163.8
1300530 2165.7
1300540 2165.7
1300550 2167.8
1300560 2169.6
1300570 2169.6
1300580 2171.0
1300590 2172.9
1300600 2172.9
1300610 2175.3
1300620 2177.5
1300630 2177.5
1300640 2179.2
1300650 2180.5
1300660 2181.5
1300670 2181.5
1300680 2182.5
1300690 2183.6
1300700 2183.6
1300710 2187.0
1300720 2187.9
1300730 2187.9
1300740 2188.3
1300750 2188.2
1300760 2188.2
1300770 2188.2
1300780 2188.1
1300790 2188.1
1300800 2188.0
1300810 2189.5
1300820 2189.5
1300830 2191.3
1300840 2192.3
1300850 2193.5
1300860 2193.5
1300870 2196.3
1300880 2199.5
1300890 2199.5
1300900 2199.9
1300910 2198.6
1300920 2198.6
1300930 2195.9
1300940 2191.2
1300950 2191.2
1300960 2189.4
1300970 2191.3
1300980 2191.3
1300990 2196.9
1301000 2199.5
1301010 2199.5
1301020 2201.6
1301030 2203.8
1301040 2203.8
1301050 2206.4
1301060 2209.3
1301070 2212.3
1301080 2212.3
1301090 2215.6
1301100 2219.2
1301110 2219.2
1301120 2222.7
1301130 2225.8
1301140 2225.8
1301150 2228.9
1301160 2232.8
1301170 2232.8
1301180 2235.8
1301190 2239.6
1301200 2239.6
1301210 2244.1
1301220 2248.2
1301230 2248.2
1301240 2251.2
1301250 2254.3
1301260 2257.0
1301270 2257.0
1301280 2260.1
1301290 2264.5
1301300 2264.5
1301310 2268.3
1301320 2270.8
1301330 2270.8
1301340 2273.4
1301350 2276.9
1301360 2276.9
1301370 2281.0
1301380 2284.5
1301390 2284.5
1301400 2285.8
1301410 2289.7
1301420 2289.7
1301430 2293.8
1301440 2298.8
1301450 2298.8
1301460 2304.1
1301470 2309.3
1301480 2314.2
1301490 2314.2
1301500 2319.6
1301510 2325.9
1301520 2325.9
1301530 2334.1
1301540 2340.7
1301550 2340.7
1301560 2347.3
1301570 2355.9
1301580 2355.9
1301590 2370.8
1301600 2380.4
1301610 2380.4
1301620 2389.4
1301630 2395.7
1301640 2395.7
1301650 2401.2
1301660 2404.6
1301670 2404.6
1301680 2406.8
1301690 2409.5
1301700 2412.3
1301710 2412.3
1301720 2414.4
1301730 2417.2
1301740 2417.2
1301750 2420.3
1301760 2423.3
1301770 2423.3
1301780 2426.0
1301790 2428.5
1301800 2428.5
1301810 2431.6
1301820 2435.0
1301830 2435.0
1301840 2438.5
1301850 2442.0
1301860 2442.0
1301870 2446.0
1301880 2450.2
1301890 2454.6
1301900 2454.6
1301910 2459.1
1301920 2463.7
1301930 2463.7
1301940 2468.3
1301950 2472.6
1301960 2472.6
1301970 2477.2
1301980 2482.4
1301990 2482.4
1302000 2487.8
1302010 2493.3
1302020 2493.3
1302030 2498.7
1302040 2504.3
1302050 2504.3
1302060 2510.0
1302070 2516.3
1302080 2516.3
1302090 2522.5
1302100 2529.6
1302110 2536.6
1302120 2536.6
1302130 2543.8
1302140 2550.9
1302150 2550.9
1302160 2558.0
1302170 2568.7
1302180 2568.7
1302190 2579.9
1302200 2590.1
1302210 2590.1
1302220 2599.0
1302230 2609.7
1302240 2609.7
1302250 2619.7
1302260 2627.5
1302270 2627.5
1302280 2636.1
1302290 2641.1
1302300 2645.2
1302310 2645.2
1302320 2647.6
1302330 2651.2
1302340 2651.2
1302350 2655.4
1302360 2658.7
1302370 2658.7
1302380 2661.4
1302390 2665.9
1302400 2665.9
1302410 2668.0
1302420 2671.6
1302430 2671.6
1302440 2676.8
1302450 2680.7
1302460 2680.7
1302470 2686.7
1302480 2690.7
1302490 2690.7
1302500 2698.3
1302510 2705.4
1302520 2709.6
1302530 2709.6
1302540 2715.3
1302550 2718.7
1302560 2718.7
1302570 2722.8
1302580 2730.0
1302590 2730.0
1302600 2738.1
1302610 2746.0
1302620 2746.0
1302630 2754.1
1302640 2762.7
1302650 2762.7
1302660 2772.7
1302670 2784.1
1302680 2784.1
1302690 2793.4
1302700 2795.4
1302710 2785.9
1302720 2785.9
1302730 2775.0
1302740 2767.3
1302750 2767.3
1302760 2759.5
1302770 2751.8
1302780 2758.9
1302790 2747.1
1302800 2735.4
1302810 2735.4
1302820 2725.0
1302830 2717.4
1302840 2717.4
1302850 2708.6
1302860 2699.9
1302870 2699.9
1302880 2691.7
1302890 2683.5
1302900 2683.5
1302910 2673.5
1302920 2660.9
1302930 2646.1
1302940 2646.1
1302950 2631.3
1302960 2614.0
1302970 2614.0
1302980 2591.7
1302990 2577.3
1303000 2577.3
1303010 2565.3
1303020 2556.1
1303030 2556.1
1303040 2546.1
1303050 2535.0
1303060 2535.0
1303070 2523.3
1303080 2508.9
1303090 2508.9
1303100 2494.4
1303110 2479.5
1303120 2467.5
1303130 2467.5
1303140 2461.8
1303150 2457.6
1303160 2457.6
1303170 2454.2
1303180 2451.8
1303190 2451.8
1303200 2446.7
1303210 2441.2
1303220 2441.2
1303230 2437.0
1303240 2434.2
1303250 2434.2
1303260 2429.5
1303270 2425.3
1303280 2425.3
1303290 2423.4
1303300 2421.9
1303310 2421.9
1303320 2419.6
1303330 2416.6
1303340 2413.5
1303350 2413.5
1303360 2410.5
1303370 2408.6
1303380 2408.6
1303390 2408.3
1303400 2406.5
1303410 2406.5
1303420 2402.3
1303430 2398.0
1303440 2398.0
1303450 2393.6
1303460 2388.4
1303470 2388.4
1303480 2388.8
1303490 2384.1
1303500 2384.1
1303510 2381.1
1303520 2378.6
1303530 2378.6
1303540 2372.5
1303550 2362.0
1303560 2342.4
1303570 2342.4
1303580 2324.4
1303590 2320.2
1303600 2320.2
1303610 2319.8
1303620 2320.1
1303630 2320.1
1303640 2323.0
1303650 2326.8
1303660 2326.8
1303670 2327.2
1303680 2327.5
1303690 2327.5
1303700 2330.5
1303710 2335.1
1303720 2335.1
1303730 2338.5
1303740 2345.1
1303750 2343.0
1303760 2343.0
1303770 2342.2
1303780 2339.8
1303790 2339.8
1303800 2337.9
1303810 2340.2
1303820 2340.2
1303830 2347.2
1303840 2350.3
1303850 2350.3
1303860 2352.0
1303870 2352.0
1303880 2352.0
1303890 2353.3
1303900 2355.5
1303910 2355.5
1303920 2355.6
1303930 2353.1
1303940 2353.1
1303950 2351.9
1303960 2349.7
1303970 2346.8
1303980 2346.8
1303990 2342.1
1304000 2337.8
1304010 2337.8
1304020 2331.4
1304030 2320.6
1304040 2320.6
1304050 2310.4
1304060 2301.6
1304070 2301.6
1304080 2290.7
1304090 2279.7
1304100 2279.7
1304110 2272.2
1304120 2265.7
1304130 2265.7
1304140 2256.1
1304150 2243.9
1304160 2235.8
1304170 2235.8
1304180 2228.3
1304190 2214.2
1304200 2214.2
1304210 2199.3
1304220 2186.6
1304230 2186.6
1304240 2171.0
1304250 2160.3
1304260 2160.3
1304270 2151.3
1304280 2140.5
1304290 2140.5
1304300 2132.5
1304310 2126.0
1304320 2126.0
1304330 2122.2
1304340 2110.3
1304350 2110.3
1304360 2105.8
1304370 2109.2
1304380 2105.4
1304390 2105.4
1304400 2099.4
1304410 2090.2
1304420 2090.2
1304430 2083.2
1304440 2082.9
1304450 2082.9
1304460 2084.9
1304470 2085.7
1304480 2085.7
1304490 2079.1
1304500 2073.9
1304510 2073.9
1304520 2068.0
1304530 2060.1
1304540 2060.1
1304550 2052.1
1304560 2047.6
1304570 2042.1
1304580 2042.1
1304590 2031.4
1304600 2015.9
1304610 2015.9
1304620 2004.6
1304630 1994.1
1304640 1994.1
1304650 1985.3
1304660 1977.4
1304670 1977.4
1304680 1971.0
1304690 1965.2
1304700 1965.2
1304710 1957.6
1304720 1944.2
1304730 1944.2
1304740 1935.9
1304750 1929.9
1304760 1929.9
1304770 1923.4
1304780 1916.8
1304790 1909.9
1304800 1909.9
1304810 1902.8
1304820 1896.2
1304830 1896.2
1304840 1894.0
1304850 1892.7
1304860 1892.7
1304870 1880.6
1304880 1866.3
1304890 1873.4
1304900 1859.3
1304910 1850.1
1304920 1850.1
1304930 1844.9
1304940 1841.4
1304950 1841.4
1304960 1837.6
1304970 1833.1
1304980 1833.1
1304990 1828.3
1305000 1823.8
1305010 1820.0
1305020 1820.0
1305030 1816.7
1305040 1813.4
1305050 1813.4
1305060 1809.8
1305070 1806.4
1305080 1806.4
1305090 1803.2
1305100 1799.9
1305110 1799.9
1305120 1796.7
1305130 1793.8
1305140 1793.8
1305150 1790.9
1305160 1787.7
1305170 1787.7
1305180 1784.5
1305190 1781.1
1305200 1778.0
1305210 1778.0
1305220 1776.8
1305230 1776.1
1305240 1776.1
1305250 1774.7
1305260 1774.8
1305270 1774.8
1305280 1775.2
1305290 1775.4
1305300 1775.4
1305310 1775.6
1305320 1775.6
1305330 1775.6
1305340 1774.8
1305350 1775.4
1305360 1775.4
1305370 1775.8
1305380 1776.2
1305390 1776.2
1305400 1778.3
1305410 1780.4
1305420 1783.4
1305430 1783.4
1305440 1787.3
1305450 1790.4
1305460 1790.4
1305470 1792.6
1305480 1796.0
1305490 1796.0
1305500 1799.6
1305510 1803.2
1305520 1803.2
1305530 1807.2
1305540 1811.2
1305550 1811.2
1305560 1814.8
1305570 1818.7
1305580 1818.7
1305590 1819.7
1305600 1822.2
1305610 1823.7
1305620 1823.7
1305630 1825.2
1305640 1826.7
1305650 1826.7
1305660 1829.7
1305670 1835.8
1305680 1835.8
1305690 1842.6
1305700 1848.1
1305710 1848.1
1305720 1853.7
1305730 1859.4
1305740 1859.4
1305750 1864.3
1305760 1869.0
1305770 1869.0
1305780 1875.2
1305790 1882.9
1305800 1882.9
1305810 1890.0
1305820 1895.9
1305830 1899.8
1305840 1899.8
1305850 1905.2
1305860 1912.6
1305870 1912.6
1305880 1921.7
1305890 1930.9
1305900 1930.9
1305910 1940.9
1305920 1948.7
1305930 1948.7
1305940 1955.2
1305950 1961.5
1305960 1961.5
1305970 1968.2
1305980 1976.7
1305990 1976.7
1306000 1985.1
1306010 1993.6
1306020 2006.5
1306030 2006.5
1306040 2015.9
1306050 2024.1
1306060 2024.1
1306070 2030.8
1306080 2036.7
1306090 2036.7
1306100 2041.8
1306110 2047.5
1306120 2047.5
1306130 2052.1
1306140 2059.9
1306150 2059.9
1306160 2069.6
1306170 2078.6
1306180 2078.6
1306190 2087.0
1306200 2095.7
1306210 2095.7
1306220 2105.1
1306230 2112.8
1306240 2120.8
1306250 2120.8
1306260 2129.9
1306270 2139.1
1306280 2139.1
1306290 2149.2
1306300 2161.6
1306310 2161.6
1306320 2172.0
1306330 2181.6
1306340 2181.6
1306350 2189.0
1306360 2196.0
1306370 2196.0
1306380 2203.6
1306390 2209.6
1306400 2209.6
1306410 2214.5
1306420 2222.1
1306430 2231.5
1306440 2231.5
1306450 2238.6
1306460 2243.6
1306470 2243.6
1306480 2249.7
1306490 2251.8
1306500 2251.8
1306510 2255.1
1306520 2258.4
1306530 2258.4
1306540 2264.4
1306550 2272.6
1306560 2272.6
1306570 2278.7
1306580 2282.0
1306590 2282.0
1306600 2282.2
1306610 2283.9
1306620 2283.9
1306630 2293.0
1306640 2302.8
1306650 2311.0
1306660 2311.0
1306670 2317.4
1306680 2322.9
1306690 2322.9
1306700 2328.7
1306710 2336.3
1306720 2336.3
1306730 2340.8
1306740 2345.4
1306750 2345.4
1306760 2347.9
1306770 2348.5
1306780 2348.5
1306790 2348.5
1306800 2347.3
1306810 2347.3
1306820 2348.7
1306830 2349.1
1306840 2349.1
1306850 2350.8
1306860 2352.2
1306870 2352.3
1306880 2352.3
1306890 2350.8
1306900 2349.6
1306910 2349.6
1306920 2347.9
1306930 2346.2
1306940 2346.2
1306950 2344.8
1306960 2343.6
1306970 2343.6
1306980 2344.2
1306990 2345.6
1307000 2345.6
1307010 2337.4
1307020 2338.2
1307030 2338.2
1307040 2336.2
1307050 2334.2
1307060 2339.3
1307070 2339.3
1307080 2346.2
1307090 2350.6
1307100 2350.6
1307110 2353.1
1307120 2353.1
1307130 2353.1
1307140 2353.0
1307150 2353.2
1307160 2353.2
1307170 2354.3
1307180 2354.3
1307190 2354.3
1307200 2355.2
1307210 2360.1
1307220 2360.1
1307230 2364.0
1307240 2366.6
1307250 2366.6
1307260 2368.1
1307270 2371.6
1307280 2374.6
1307290 2374.6
1307300 2378.6
1307310 2384.5
1307320 2384.5
1307330 2390.3
1307340 2396.0
1307350 2396.0
1307360 2401.2
1307370 2406.3
1307380 2406.3
1307390 2411.4
1307400 2417.1
1307410 2417.1
1307420 2424.7
1307430 2432.2
1307440 2432.2
1307450 2437.6
1307460 2442.2
1307470 2446.6
1307480 2446.6
1307490 2450.5
1307500 2453.7
1307510 2453.7
1307520 2456.7
1307530 2460.2
1307540 2460.2
1307550 2463.6
1307560 2467.7
1307570 2467.7
1307580 2472.1
1307590 2476.7
1307600 2476.7
1307610 2480.8
1307620 2484.6
1307630 2484.6
1307640 2488.5
1307650 2492.1
1307660 2492.1
1307670 2495.9
1307680 2499.7
1307690 2503.2
1307700 2503.2
1307710 2506.8
1307720 2510.9
1307730 2513.2
1307740 2517.0
1307750 2521.3
1307760 2521.3
1307770 2525.3
1307780 2529.4
1307790 2529.4
1307800 2533.4
1307810 2537.0
1307820 2537.0
1307830 2539.9
1307840 2543.1
1307850 2543.1
1307860 2546.5
1307870 2550.4
1307880 2554.9
1307890 2554.9
1307900 2560.1
1307910 2565.7
1307920 2565.7
1307930 2571.3
1307940 2576.8
1307950 2576.8
1307960 2582.1
1307970 2586.6
1307980 2586.6
1307990 2589.0
1308000 2590.2
1308010 2590.2
1308020 2592.6
1308030 2592.5
1308040 2592.5
1308050 2591.6
1308060 2591.2
1308070 2591.2
1308080 2591.1
1308090 2591.7
1308100 2593.3
1308110 2593.3
1308120 2596.6
1308130 2600.4
1308140 2600.4
1308150 2604.0
1308160 2607.4
1308170 2607.4
1308180 2611.7
1308190 2616.1
1308200 2616.1
1308210 2620.0
1308220 2623.8
1308230 2623.8
1308240 2627.8
1308250 2632.4
1308260 2632.4
1308270 2637.0
1308280 2641.6
1308290 2641.6
1308300 2646.7
1308310 2651.9
1308320 2657.0
1308330 2657.0
1308340 2662.0
1308350 2667.6
1308360 2667.6
1308370 2672.8
1308380 2677.7
1308390 2677.7
1308400 2683.1
1308410 2690.2
1308420 2690.2
1308430 2697.0
1308440 2710.5
1308450 2710.5
1308460 2717.3
1308470 2724.0
1308480 2724.0
1308490 2731.6
1308500 2739.2
1308510 2741.1
1308520 2741.1
1308530 2739.6
1308540 2735.6
1308550 2735.6
1308560 2732.7
1308570 2732.4
1308580 2732.4
1308590 2732.3
1308600 2733.2
1308610 2733.2
1308620 2733.6
1308630 2732.9
1308640 2732.9
1308650 2732.0
1308660 2731.6
1308670 2731.6
1308680 2729.7
1308690 2727.1
1308700 2727.1
1308710 2725.4
1308720 2725.6
1308730 2726.7
1308740 2726.7
1308750 2729.3
1308760 2730.0
1308770 2730.0
1308780 2730.6
1308790 2730.1
1308800 2730.1
1308810 2730.6
1308820 2731.4
1308830 2731.4
1308840 2728.6
1308850 2729.2
1308860 2729.2
1308870 2732.4
1308880 2736.8
1308890 2736.8
1308900 2740.8
1308910 2743.4
1308920 2744.0
1308930 2744.0
1308940 2742.9
1308950 2743.3
1308960 2743.3
1308970 2744.5
1308980 2745.8
1308990 2745.8
1309000 2747.2
1309010 2749.3
1309020 2749.3
1309030 2751.8
1309040 2754.2
1309050 2754.2
1309060 2756.5
1309070 2759.0
1309080 2759.0
1309090 2761.0
1309100 2762.4
1309110 2762.4
1309120 2763.6
1309130 2764.5
1309140 2765.7
1309150 2765.7
1309160 2765.1
1309170 2766.0
1309180 2766.0
1309190 2767.5
1309200 2769.4
1309210 2769.4
1309220 2770.9
1309230 2772.3
1309240 2772.3
1309250 2773.7
1309260 2774.0
1309270 2774.0
1309280 2774.2
1309290 2775.0
1309300 2775.0
1309310 2775.8
1309320 2776.3
1309330 2776.0
1309340 2776.0
1309350 2776.6
1309360 2776.5
1309370 2776.5
1309380 2776.4
1309390 2778.2
1309400 2778.2
1309410 2780.9
1309420 2783.0
1309430 2783.0
1309440 2786.5
1309450 2789.8
1309460 2789.8
1309470 2792.6
1309480 2795.3
1309490 2795.3
1309500 2797.4
1309510 2798.9
1309520 2798.9
1309530 2802.7
1309540 2805.4
1309550 2808.7
1309560 2808.7
1309570 2813.5
1309580 2818.5
1309590 2818.5
1309600 2822.6
1309610 2825.5
1309620 2825.5
1309630 2828.1
1309640 2830.7
1309650 2830.7
1309660 2833.4
1309670 2837.5
1309680 2837.5
1309690 2845.5
1309700 2854.2
1309710 2854.2
1309720 2859.7
1309730 2863.8
1309740 2869.6
1309750 2869.6
1309760 2872.7
1309770 2874.1
1309780 2874.1
1309790 2876.3
1309800 2877.8
1309810 2877.8
1309820 2878.1
1309830 2878.5
1309840 2878.5
1309850 2878.9
1309860 2880.1
1309870 2880.1
1309880 2881.8
1309890 2879.9
1309900 2879.9
1309910 2881.7
1309920 2883.1
1309930 2883.1
1309940 2885.4
1309950 2889.4
1309960 2892.8
1309970 2892.8
1309980 2896.2
1309990 2899.4
1310000 2899.4
1310010 2902.8
1310020 2907.6
1310030 2907.6
1310040 2911.5
1310050 2915.0
1310060 2915.0
1310070 2921.6
1310080 2930.0
1310090 2930.0
1310100 2938.2
1310110 2945.1
1310120 2945.1
1310130 2950.8
1310140 2955.9
1310150 2955.9
1310160 2960.7
1310170 2965.1
1310180 2969.9
1310190 2969.9
1310200 2973.6
1310210 2976.8
1310220 2976.8
1310230 2980.8
1310240 2986.1
1310250 2986.1
1310260 2991.7
1310270 2997.0
1310280 2997.0
1310290 3001.7
1310300 3005.5
1310310 3005.5
1310320 3008.7
1310330 3012.5
1310340 3012.5
1310350 3016.7
1310360 3021.4
1310370 3027.4
1310380 3027.4
1310390 3033.0
1310400 3038.1
1310410 3038.1
1310420 3046.7
1310430 3061.9
1310440 3061.9
1310450 3083.2
1310460 3101.2
1310470 3101.2
1310480 3111.4
1310490 3118.1
1310500 3118.1
1310510 3122.5
1310520 3120.1
1310530 3120.1
1310540 3115.6
1310550 3114.0
1310560 3114.0
1310570 3112.8
1310580 3111.8
1310590 3110.1
1310600 3110.1
1310610 3109.4
1310620 3096.5
1310630 3096.5
1310640 3083.7
1310650 3065.8
1310660 3065.8
1310670 3050.6
1310680 3037.0
1310690 3037.0
1310700 3024.6
1310710 3014.9
1310720 3014.9
1310730 3007.1
1310740 3000.2
1310750 3000.2
1310760 2989.7
1310770 2978.1
1310780 2971.2
1310790 2971.2
1310800 2964.9
1310810 2958.4
1310820 2958.4
1310830 2952.7
1310840 2947.3
1310850 2947.3
1310860 2941.8
1310870 2936.3
1310880 2936.3
1310890 2931.3
1310900 2926.8
1310910 2926.8
1310920 2922.6
1310930 2918.2
1310940 2918.2
1310950 2913.8
1310960 2909.1
1310970 2909.1
1310980 2904.7
1310990 2901.4
1311000 2897.5
1311010 2897.5
1311020 2894.0
1311030 2890.7
1311040 2890.7
1311050 2887.2
1311060 2883.4
1311070 2883.4
1311080 2879.5
1311090 2875.1
1311100 2875.1
1311110 2871.7
1311120 2870.8
1311130 2870.8
1311140 2867.9
1311150 2863.8
1311160 2863.8
1311170 2857.9
1311180 2852.0
1311190 2846.7
1311200 2846.7
1311210 2842.0
1311220 2837.4
1311230 2837.4
1311240 2832.5
1311250 2827.4
1311260 2827.4
1311270 2822.4
1311280 2817.9
1311290 2817.9
1311300 2813.3
1311310 2808.9
1311320 2808.9
1311330 2805.0
1311340 2799.6
1311350 2799.6
1311360 2795.3
1311370 2790.8
1311380 2790.8
1311390 2786.9
1311400 2783.5
1311410 2780.2
1311420 2780.2
1311430 2776.9
1311440 2773.6
1311450 2773.6
1311460 2770.0
1311470 2766.3
1311480 2766.3
1311490 2762.8
1311500 2759.5
1311510 2759.5
1311520 2756.0
1311530 2752.8
1311540 2752.8
1311550 2749.5
1311560 2746.4
1311570 2746.4
1311580 2743.5
1311590 2739.2
1311600 2739.2
1311610 2736.2
1311620 2731.8
1311630 2722.8
1311640 2722.8
1311650 2713.0
1311660 2704.3
1311670 2704.3
1311680 2695.9
1311690 2688.5
1311700 2688.5
1311710 2683.4
1311720 2680.6
1311730 2680.6
1311740 2678.6
1311750 2676.8
1311760 2676.8
1311770 2674.0
1311780 2671.4
1311790 2671.4
1311800 2668.4
1311810 2665.0
1311820 2662.5
1311830 2662.5
1311840 2659.6
1311850 2655.6
1311860 2655.6
1311870 2651.9
1311880 2648.9
1311890 2648.9
1311900 2646.6
1311910 2644.0
1311920 2644.0
1311930 2640.3
1311940 2636.7
1311950 2636.7
1311960 2632.7
1311970 2629.3
1311980 2629.3
1311990 2625.8
1312000 2621.6
1312010 2621.6
1312020 2616.9
1312030 2613.9
1312040 2611.4
1312050 2611.4
1312060 2608.6
1312070 2606.5
1312080 2610.1
1312090 2607.2
1312100 2603.8
1312110 2603.8
1312120 2600.8
1312130 2597.6
1312140 2597.6
1312150 2595.5
1312160 2595.5
1312170 2595.5
1312180 2595.6
1312190 2594.4
1312200 2594.4
1312210 2591.3
1312220 2587.8
1312230 2584.2
1312240 2584.2
1312250 2581.2
1312260 2578.9
1312270 2578.9
1312280 2576.3
1312290 2573.7
1312300 2573.7
1312310 2570.7
1312320 2567.5
1312330 2567.5
1312340 2564.4
1312350 2561.8
1312360 2561.8
1312370 2559.7
1312380 2557.3
1312390 2557.3
1312400 2554.4
1312410 2551.8
1312420 2551.8
1312430 2550.3
1312440 2547.7
1312450 2545.7
1312460 2545.7
1312470 2543.2
1312480 2540.8
1312490 2540.8
1312500 2537.7
1312510 2534.4
1312520 2534.4
1312530 2531.1
1312540 2528.6
1312550 2528.6
1312560 2525.9
1312570 2522.9
1312580 2522.9
1312590 2520.7
1312600 2521.6
1312610 2521.6
1312620 2521.5
1312630 2520.4
1312640 2519.7
1312650 2519.7
1312660 2518.7
1312670 2516.9
1312680 2516.9
1312690 2513.7
1312700 2510.4
1312710 2510.4
1312720 2508.2
1312730 2505.6
1312740 2505.6
1312750 2503.1
1312760 2499.5
1312770 2499.5
1312780 2496.3
1312790 2493.8
1312800 2493.8
1312810 2491.7
1312820 2486.3
1312830 2486.3
1312840 2480.4
1312850 2475.8
1312860 2471.9
1312870 2471.9
1312880 2466.8
1312890 2460.0
1312900 2460.0
1312910 2453.7
1312920 2448.8
1312930 2448.8
1312940 2445.7
1312950 2442.5
1312960 2442.5
1312970 2438.3
1312980 2434.7
1312990 2434.7
1313000 2430.9
1313010 2427.4
1313020 2427.4
1313030 2424.0
1313040 2422.9
1313050 2422.9
1313060 2421.6
1313070 2420.3
1313080 2419.2
1313090 2419.2
1313100 2418.9
1313110 2418.8
1313120 2418.8
1313130 2418.8
1313140 2418.1
1313150 2418.1
1313160 2416.8
1313170 2416.4
1313180 2416.4
1313190 2415.8
1313200 2415.4
1313210 2415.4
1313220 2416.8
1313230 2416.2
1313240 2416.2
1313250 2413.2
1313260 2413.6
1313270 2415.4
1313280 2415.4
1313290 2413.1
1313300 2409.9
1313310 2409.9
1313320 2405.4
1313330 2401.3
1313340 2401.3
1313350 2398.2
1313360 2395.3
1313370 2395.3
1313380 2391.5
1313390 2387.0
1313400 2387.0
1313410 2382.1
1313420 2377.9
1313430 2377.9
1313440 2374.3
1313450 2371.2
1313460 2371.2
1313470 2367.9
1313480 2364.8
1313490 2362.1
1313500 2362.1
1313510 2360.1
1313520 2359.7
1313530 2359.7
1313540 2354.5
1313550 2352.7
1313560 2352.7
1313570 2349.6
1313580 2346.4
1313590 2346.4
1313600 2343.8
1313610 2340.2
1313620 2340.2
1313630 2337.2
1313640 2334.3
1313650 2334.3
1313660 2331.9
1313670 2330.4
1313680 2329.5
1313690 2329.5
1313700 2329.3
1313710 2329.7
1313720 2329.7
1313730 2330.1
1313740 2331.0
1313750 2331.0
1313760 2332.4
1313770 2334.1
1313780 2334.1
1313790 2336.3
1313800 2338.0
1313810 2338.0
1313820 2339.0
1313830 2340.1
1313840 2340.1
1313850 2340.6
1313860 2342.3
1313870 2342.3
1313880 2343.6
1313890 2345.8
1313900 2348.9
1313910 2348.9
1313920 2352.0
1313930 2355.2
1313940 2355.2
1313950 2359.2
1313960 2362.1
1313970 2362.1
1313980 2365.3
1313990 2369.6
1314000 2369.6
1314010 2372.6
1314020 2376.0
1314030 2376.0
1314040 2378.7
1314050 2382.3
1314060 2382.3
1314070 2386.6
1314080 2392.0
1314090 2396.9
1314100 2396.9
1314110 2401.8
1314120 2407.6
1314130 2407.6
1314140 2413.3
1314150 2411.2
1314160 2411.2
1314170 2405.2
1314180 2399.2
1314190 2399.2
1314200 2395.6
1314210 2392.6
1314220 2392.6
1314230 2392.7
1314240 2391.0
1314250 2391.0
1314260 2390.7
1314270 2391.1
1314280 2391.1
1314290 2398.5
1314300 2401.7
1314310 2405.4
1314320 2405.4
1314330 2409.0
1314340 2413.2
1314350 2413.2
1314360 2417.7
1314370 2423.0
1314380 2423.0
1314390 2427.5
1314400 2431.9
1314410 2431.9
1314420 2436.7
1314430 2441.2
1314440 2441.2
1314450 2445.1
1314460 2449.2
1314470 2449.2
1314480 2453.9
1314490 2457.9
1314500 2462.6
1314510 2462.6
1314520 2468.1
1314530 2473.3
1314540 2473.3
1314550 2478.3
1314560 2483.8
1314570 2483.8
1314580 2489.8
1314590 2496.2
1314600 2496.2
1314610 2502.9
1314620 2510.0
1314630 2510.0
1314640 2519.1
1314650 2541.5
1314660 2541.5
1314670 2571.9
1314680 2597.5
1314690 2597.5
1314700 2616.1
1314710 2629.2
1314720 2644.9
1314730 2644.9
1314740 2654.7
1314750 2650.3
1314760 2650.3
1314770 2644.2
1314780 2639.4
1314790 2639.4
1314800 2634.9
1314810 2630.7
1314820 2630.7
1314830 2624.7
1314840 2606.6
1314850 2606.6
1314860 2591.8
1314870 2584.3
1314880 2584.3
1314890 2578.3
1314900 2571.9
1314910 2571.9
1314920 2566.0
1314930 2561.0
1314940 2556.4
1314950 2556.4
1314960 2552.9
1314970 2548.2
1314980 2548.2
1314990 2544.0
1315000 2539.0
1315010 2539.0
1315020 2535.0
1315030 2531.1
1315040 2532.3
1315050 2529.2
1315060 2527.2
1315070 2527.2
1315080 2525.6
1315090 2523.6
1315100 2523.6
1315110 2521.4
1315120 2518.8
1315130 2515.9
1315140 2515.9
1315150 2513.4
1315160 2511.4
1315170 2511.4
1315180 2508.1
1315190 2505.5
1315200 2505.5
1315210 2503.7
1315220 2502.0
1315230 2502.0
1315240 2500.4
1315250 2497.7
1315260 2497.7
1315270 2494.1
1315280 2494.0
1315290 2494.0
1315300 2493.2
1315310 2491.7
1315320 2491.7
1315330 2490.5
1315340 2488.3
1315350 2486.7
1315360 2486.7
1315370 2485.4
1315380 2484.4
1315390 2484.4
1315400 2485.9
1315410 2485.8
1315420 2485.8
1315430 2480.5
1315440 2474.6
1315450 2474.6
1315460 2469.1
1315470 2463.2
1315480 2463.2
1315490 2456.4
1315500 2448.9
1315510 2448.9
1315520 2442.4
1315530 2438.1
1315540 2433.8
1315550 2433.8
1315560 2429.3
1315570 2425.1
1315580 2425.1
1315590 2419.7
1315600 2414.1
1315610 2414.1
1315620 2408.2
1315630 2400.3
1315640 2400.3
1315650 2390.9
1315660 2380.0
1315670 2380.0
1315680 2369.1
1315690 2358.0
1315700 2358.0
1315710 2352.1
1315720 2347.2
1315730 2347.2
1315740 2342.3
1315750 2338.0
1315760 2334.1
1315770 2334.1
1315780 2331.6
1315790 2332.7
1315800 2332.7
1315810 2330.9
1315820 2327.4
1315830 2327.4
1315840 2322.1
1315850 2314.2
1315860 2314.2
1315870 2304.9
1315880 2293.0
1315890 2293.0
1315900 2281.7
1315910 2279.1
1315920 2279.1
1315930 2281.2
1315940 2283.1
1315950 2282.9
1315960 2282.9
1315970 2283.0
1315980 2283.4
1315990 2283.4
1316000 2283.7
1316010 2284.5
1316020 2284.5
1316030 2285.6
1316040 2286.3
1316050 2286.3
1316060 2287.0
1316070 2288.1
1316080 2288.1
1316090 2288.3
1316100 2288.5
1316110 2288.5
1316120 2288.9
1316130 2288.9
1316140 2288.9
1316150 2289.7
1316160 2293.9
1316170 2300.2
1316180 2300.2
1316190 2307.6
1316200 2314.6
1316210 2314.6
1316220 2322.5
1316230 2330.2
1316240 2330.2
1316250 2336.5
1316260 2344.8
1316270 2344.8
1316280 2353.8
1316290 2362.2
1316300 2362.2
1316310 2371.9
1316320 2382.3
1316330 2382.3
1316340 2391.3
1316350 2398.8
1316360 2398.8
1316370 2405.8
1316380 2415.4
1316390 2426.3
1316400 2426.3
1316410 2436.0
1316420 2447.1
1316430 2447.1
1316440 2455.7
1316450 2462.6
1316460 2462.6
1316470 2469.5
1316480 2477.0
1316490 2477.0
1316500 2484.5
1316510 2491.8
1316520 2491.8
1316530 2497.1
1316540 2502.1
1316550 2502.1
1316560 2506.8
1316570 2512.7
1316580 2518.3
1316590 2518.3
1316600 2521.3
1316610 2524.5
1316620 2524.5
1316630 2529.9
1316640 2532.5
1316650 2532.5
1316660 2535.2
1316670 2539.6
1316680 2539.6
1316690 2543.5
1316700 2547.6
1316710 2547.6
1316720 2553.4
1316730 2560.4
1316740 2560.4
1316750 2567.9
1316760 2576.2
1316770 2576.2
1316780 2581.5
1316790 2583.5
1316800 2585.3
1316810 2585.3
1316820 2587.9
1316830 2589.3
1316840 2589.3
1316850 2591.1
1316860 2593.7
1316870 2593.7
1316880 2597.3
1316890 2601.3
1316900 2601.3
1316910 2604.8
1316920 2608.9
1316930 2608.9
1316940 2613.8
1316950 2618.7
1316960 2618.7
1316970 2623.2
1316980 2626.9
1316990 2628.2
1317000 2628.2
1317010 2628.2
1317020 2630.2
1317030 2630.2
1317040 2633.6
1317050 2636.9
1317060 2636.9
1317070 2639.5
1317080 2641.8
1317090 2641.8
1317100 2644.7
1317110 2648.2
1317120 2648.2
1317130 2651.6
1317140 2655.2
1317150 2655.2
1317160 2658.8
1317170 2662.2
1317180 2662.2
1317190 2666.0
1317200 2669.9
1317210 2673.6
1317220 2673.6
1317230 2676.5
1317240 2678.2
1317250 2678.2
1317260 2680.7
1317270 2682.7
1317280 2682.7
1317290 2684.5
1317300 2690.0
1317310 2690.0
1317320 2693.6
1317330 2697.0
1317340 2697.0
1317350 2702.4
1317360 2709.4
1317370 2709.4
1317380 2717.9
1317390 2726.2
1317400 2732.7
1317410 2732.7
1317420 2738.1
1317430 2743.7
1317440 2743.7
1317450 2748.9
1317460 2753.9
1317470 2753.9
1317480 2758.1
1317490 2762.2
1317500 2762.2
1317510 2767.0
1317520 2772.2
1317530 2772.2
1317540 2778.7
1317550 2785.7
1317560 2785.7
1317570 2792.8
1317580 2800.4
1317590 2800.4
1317600 2810.0
1317610 2822.8
1317620 2836.1
1317630 2836.1
1317640 2849.5
1317650 2858.7
1317660 2858.7
1317670 2867.7
1317680 2881.9
1317690 2881.9
1317700 2896.2
1317710 2899.9
1317720 2899.9
1317730 2907.2
1317740 2920.5
1317750 2920.5
1317760 2935.5
1317770 2948.2
1317780 2948.2
1317790 2955.8
1317800 2947.8
1317810 2930.2
1317820 2930.2
1317830 2917.7
1317840 2906.4
1317850 2906.4
1317860 2893.4
1317870 2878.7
1317880 2878.7
1317890 2869.2
1317900 2863.3
1317910 2863.3
1317920 2858.3
1317930 2854.0
1317940 2854.0
1317950 2850.2
1317960 2847.0
1317970 2847.0
1317980 2844.5
1317990 2842.5
1318000 2842.5
1318010 2840.9
1318020 2839.4
1318030 2838.0
1318040 2838.0
1318050 2836.6
1318060 2839.6
1318070 2839.6
1318080 2838.5
1318090 2837.5
1318100 2837.5
1318110 2836.7
1318120 2835.8
1318130 2835.8
1318140 2834.7
1318150 2833.8
1318160 2833.8
1318170 2832.7
1318180 2831.4
1318190 2831.4
1318200 2829.7
1318210 2827.8
1318220 2827.8
1318230 2825.9
1318240 2823.5
1318250 2820.9
1318260 2820.9
1318270 2818.3
1318280 2815.4
1318290 2815.4
1318300 2812.4
1318310 2809.3
1318320 2809.3
1318330 2806.1
1318340 2803.7
1318350 2803.7
1318360 2801.7
1318370 2800.0
1318380 2800.0
1318390 2798.8
1318400 2797.8
1318410 2797.8
1318420 2797.0
1318430 2796.5
1318440 2796.2
1318450 2796.2
1318460 2796.2
1318470 2796.3
1318480 2796.3
1318490 2796.6
1318500 2796.8
1318510 2796.8
1318520 2796.6
1318530 2796.3
1318540 2796.3
1318550 2796.3
1318560 2796.1
1318570 2796.1
1318580 2795.6
1318590 2795.0
1318600 2795.0
1318610 2794.2
1318620 2793.4
1318630 2793.4
1318640 2792.2
1318650 2790.7
1318660 2788.9
1318670 2788.9
1318680 2786.9
1318690 2784.4
1318700 2784.4
1318710 2781.2
1318720 2777.8
1318730 2777.8
1318740 2774.5
1318750 2771.1
1318760 2771.1
1318770 2768.1
1318780 2765.5
1318790 2765.5
1318800 2763.3
1318810 2761.5
1318820 2765.4
1318830 2763.8
1318840 2762.3
1318850 2761.2
1318860 2761.2
1318870 2760.7
1318880 2760.6
1318890 2760.6
1318900 2760.8
1318910 2761.5
1318920 2761.5
1318930 2762.3
1318940 2763.1
1318950 2763.1
1318960 2763.9
1318970 2764.6
1318980 2764.6
1318990 2765.5
1319000 2766.2
1319010 2766.2
1319020 2767.8
1319030 2768.9
1319040 2768.9
1319050 2769.4
1319060 2769.3
1319070 2769.6
1319080 2769.6
1319090 2769.9
1319100 2770.8
1319110 2770.8
1319120 2771.9
1319130 2772.1
1319140 2772.1
1319150 2772.8
1319160 2774.6
1319170 2774.6
1319180 2775.9
1319190 2776.7
1319200 2776.7
1319210 2777.3
1319220 2777.6
1319230 2777.6
1319240 2777.8
1319250 2777.9
1319260 2777.7
1319270 2777.7
1319280 2777.5
1319290 2777.2
1319300 2777.2
1319310 2776.9
1319320 2776.6
1319330 2776.6
1319340 2776.3
1319350 2776.0
1319360 2776.0
1319370 2775.6
1319380 2775.2
1319390 2775.2
1319400 2774.7
1319410 2774.2
1319420 2774.2
1319430 2773.7
1319440 2773.4
1319450 2773.4
1319460 2773.5
1319470 2774.3
1319480 2775.7
1319490 2775.7
1319500 2777.7
1319510 2780.1
1319520 2780.1
1319530 2782.8
1319540 2785.8
1319550 2785.8
1319560 2788.8
1319570 2792.0
1319580 2792.0
1319590 2797.3
1319600 2800.5
1319610 2800.5
1319620 2803.8
1319630 2807.5
1319640 2807.5
1319650 2811.1
1319660 2814.9
1319670 2814.9
1319680 2818.6
1319690 2822.5
1319700 2826.8
1319710 2826.8
1319720 2831.4
1319730 2836.4
1319740 2836.4
1319750 2841.3
1319760 2845.9
1319770 2845.9
1319780 2850.3
1319790 2854.4
1319800 2854.4
1319810 2858.6
1319820 2862.9
1319830 2862.9
1319840 2867.4
1319850 2871.8
1319860 2871.8
1319870 2876.1
1319880 2880.5
1319890 2884.7
1319900 2884.7
1319910 2889.2
1319920 2893.4
1319930 2893.4
1319940 2897.5
1319950 2901.6
1319960 2901.6
1319970 2905.4
1319980 2909.1
1319990 2909.1
