1300000 1941.0
1300010 1933.6
1300020 1926.6
1300030 1926.6
1300040 1921.4
1300050 1916.5
1300060 1916.5
1300070 1910.0
1300080 1903.6
1300090 1903.6
1300100 1898.9
1300110 1893.1
1300120 1893.1
1300130 1885.3
1300140 1879.9
1300150 1879.9
1300160 1876.3
1300170 1871.2
1300180 1871.2
1300190 1869.0
1300200 1867.4
1300210 1867.4
1300220 1865.7
1300230 1864.9
1300240 1863.5
1300250 1863.5
1300260 1861.9
1300270 1860.5
1300280 1860.5
1300290 1859.8
1300300 1859.1
1300310 1859.1
1300320 1858.4
1300330 1857.8
1300340 1857.8
1300350 1856.2
1300360 1854.8
1300370 1854.8
1300380 1853.8
1300390 1854.2
1300400 1854.2
1300410 1854.6
1300420 1857.1
1300430 1861.0
1300440 1861.0
1300450 1862.8
1300460 1864.1
1300470 1864.1
1300480 1865.7
1300490 1868.2
1300500 1868.2
1300510 1869.6
1300520 1874.2
1300530 1874.2
1300540 1878.6
1300550 1883.0
1300560 1883.0
1300570 1889.5
1300580 1895.2
1300590 1895.2
1300600 1900.3
1300610 1904.5
1300620 1904.5
1300630 1908.4
1300640 1914.8
1300650 1920.7
1300660 1920.7
1300670 1924.7
1300680 1928.5
1300690 1928.5
1300700 1933.1
1300710 1938.8
1300720 1938.8
1300730 1944.7
1300740 1950.4
1300750 1950.4
1300760 1955.1
1300770 1960.3
1300780 1960.3
1300790 1965.8
1300800 1971.0
1300810 1971.0
1300820 1975.8
1300830 1981.1
1300840 1981.1
1300850 1986.7
1300860 2001.4
1300870 2006.4
1300880 2006.4
1300890 2012.2
1300900 2018.5
1300910 2018.5
1300920 2024.7
1300930 2031.8
1300940 2031.8
1300950 2039.7
1300960 2046.2
1300970 2046.2
1300980 2051.2
1300990 2054.6
1301000 2054.6
1301010 2058.9
1301020 2063.8
1301030 2063.8
1301040 2071.2
1301050 2075.6
1301060 2079.9
1301070 2079.9
1301080 2084.6
1301090 2090.2
1301100 2090.2
1301110 2096.2
1301120 2101.7
1301130 2101.7
1301140 2106.5
1301150 2112.4
1301160 2112.4
1301170 2119.6
1301180 2125.8
1301190 2125.8
1301200 2132.7
1301210 2141.1
1301220 2141.1
1301230 2146.3
1301240 2151.0
1301250 2151.0
1301260 2155.6
1301270 2160.3
1301280 2165.2
1301290 2165.2
1301300 2168.6
1301310 2171.5
1301320 2171.5
1301330 2176.2
1301340 2180.4
1301350 2180.4
1301360 2184.1
1301370 2188.2
1301380 2188.2
1301390 2193.2
1301400 2197.5
1301410 2197.5
1301420 2200.8
1301430 2204.9
1301440 2204.9
1301450 2208.5
1301460 2212.8
1301470 2212.8
1301480 2217.4
1301490 2222.9
1301500 2229.7
1301510 2229.7
1301520 2235.8
1301530 2242.9
1301540 2242.9
1301550 2256.1
1301560 2258.4
1301570 2258.4
1301580 2263.5
1301590 2269.1
1301600 2269.1
1301610 2275.9
1301620 2280.7
1301630 2280.7
1301640 2284.9
1301650 2289.3
1301660 2289.3
1301670 2294.1
1301680 2297.1
1301690 2298.4
1301700 2298.4
1301710 2297.3
1301720 2301.5
1301730 2301.5
1301740 2311.0
1301750 2317.2
1301760 2317.2
1301770 2320.3
1301780 2323.1
1301790 2323.1
1301800 2325.2
1301810 2330.3
1301820 2330.3
1301830 2334.3
1301840 2337.6
1301850 2337.6
1301860 2340.7
1301870 2341.6
1301880 2341.6
1301890 2341.3
1301900 2342.0
1301910 2343.7
1301920 2343.7
1301930 2346.5
1301940 2350.6
1301950 2350.6
1301960 2355.0
1301970 2359.3
1301980 2359.3
1301990 2363.8
1302000 2368.8
1302010 2368.8
1302020 2374.0
1302030 2380.3
1302040 2380.3
1302050 2389.0
1302060 2397.6
1302070 2397.6
1302080 2406.6
1302090 2417.0
1302100 2417.0
1302110 2425.4
1302120 2426.0
1302130 2420.0
1302140 2420.0
1302150 2411.6
1302160 2402.9
1302170 2402.9
1302180 2394.4
1302190 2386.9
1302200 2386.9
1302210 2379.4
1302220 2371.6
1302230 2371.6
1302240 2362.2
1302250 2354.0
1302260 2354.0
1302270 2346.5
1302280 2339.1
1302290 2339.1
1302300 2331.9
1302310 2325.4
1302320 2319.9
1302330 2319.9
1302340 2315.4
1302350 2310.7
1302360 2310.7
1302370 2301.6
1302380 2291.6
1302390 2291.6
1302400 2279.7
1302410 2270.2
1302420 2270.2
1302430 2260.6
1302440 2248.8
1302450 2248.8
1302460 2231.7
1302470 2211.3
1302480 2211.3
1302490 2193.8
1302500 2169.1
1302510 2169.1
1302520 2155.5
1302530 2156.2
1302540 2156.2
1302550 2156.2
1302560 2154.9
1302570 2153.4
1302580 2153.4
1302590 2154.4
1302600 2159.6
1302610 2159.6
1302620 2155.3
1302630 2147.6
1302640 2147.6
1302650 2150.3
1302660 2150.0
1302670 2150.0
1302680 2143.7
1302690 2138.2
1302700 2138.2
1302710 2130.7
1302720 2125.5
1302730 2117.0
1302740 2117.0
1302750 2109.4
1302760 2102.4
1302770 2102.4
1302780 2096.3
1302790 2089.9
1302800 2089.9
1302810 2082.6
1302820 2075.4
1302830 2075.4
1302840 2067.8
1302850 2062.3
1302860 2062.3
1302870 2058.4
1302880 2058.9
1302890 2058.9
1302900 2061.3
1302910 2063.6
1302920 2063.6
1302930 2061.4
1302940 2058.7
1302950 2038.9
1302960 2038.9
1302970 2039.8
1302980 2033.4
1302990 2033.4
1303000 2027.6
1303010 2021.3
1303020 2021.3
1303030 2014.6
1303040 2004.4
1303050 2004.4
1303060 1978.6
1303070 1953.6
1303080 1953.6
1303090 1945.0
1303100 1938.6
1303110 1938.6
1303120 1932.5
1303130 1921.2
1303140 1921.2
1303150 1914.1
1303160 1907.2
1303170 1899.5
1303180 1899.5
1303190 1892.0
1303200 1884.7
1303210 1884.7
1303220 1876.5
1303230 1868.0
1303240 1868.0
1303250 1861.3
1303260 1854.8
1303270 1854.8
1303280 1847.4
1303290 1839.6
1303300 1839.6
1303310 1830.5
1303320 1827.5
1303330 1827.5
1303340 1825.8
1303350 1824.5
1303360 1822.6
1303370 1822.6
1303380 1819.6
1303390 1816.6
1303400 1816.6
1303410 1814.6
1303420 1811.9
1303430 1811.9
1303440 1809.0
1303450 1805.9
1303460 1805.9
1303470 1802.8
1303480 1799.3
1303490 1799.3
1303500 1795.9
1303510 1792.7
1303520 1792.7
1303530 1788.1
1303540 1786.0
1303550 1786.0
1303560 1783.0
1303570 1779.2
1303580 1775.6
1303590 1775.6
1303600 1772.3
1303610 1770.8
1303620 1770.8
1303630 1770.8
1303640 1770.8
1303650 1770.8
1303660 1770.8
1303670 1770.8
1303680 1770.8
1303690 1770.8
1303700 1770.8
1303710 1770.8
1303720 1770.8
1303730 1770.8
1303740 1770.8
1303750 1770.8
1303760 1770.8
1303770 1770.8
1303780 1770.8
1303790 1770.8
1303800 1770.8
1303810 1770.8
1303820 1770.8
1303830 1770.8
1303840 1770.8
1303850 1770.8
1303860 1770.8
1303870 1770.8
1303880 1770.8
1303890 1770.8
1303900 1770.8
1303910 1770.8
1303920 1770.8
1303930 1770.8
1303940 1770.8
1303950 1770.8
1303960 1770.8
1303970 1770.8
1303980 1770.8
1303990 1770.8
1304000 1770.8
1304010 1770.8
1304020 1770.8
1304030 1770.8
1304040 1770.8
1304050 1770.8
1304060 1770.8
1304070 1770.8
1304080 1770.8
1304090 1770.8
1304100 1770.8
1304110 1770.8
1304120 1770.8
1304130 1770.8
1304140 1770.8
1304150 1770.8
1304160 1770.8
1304170 1770.8
1304180 1770.8
1304190 1770.8
1304200 1770.8
1304210 1770.8
1304220 1770.8
1304230 1770.8
1304240 1770.8
1304250 1770.8
1304260 1770.8
1304270 1770.8
1304280 1770.8
1304290 1770.8
1304300 1770.8
1304310 1770.8
1304320 1770.8
1304330 1770.8
1304340 1770.8
1304350 1770.8
1304360 1770.8
1304370 1770.8
1304380 1770.8
1304390 1770.8
1304400 1770.8
1304410 1770.8
1304420 1770.8
1304430 1770.8
1304440 1770.8
1304450 1770.8
1304460 1770.8
1304470 1770.8
1304480 1770.8
1304490 1770.8
1304500 1770.8
1304510 1771.2
1304520 1774.8
1304530 1774.8
1304540 1781.5
1304550 1787.7
1304560 1787.7
1304570 1793.6
1304580 1800.0
1304590 1800.0
1304600 1806.9
1304610 1812.3
1304620 1815.4
1304630 1815.4
1304640 1820.2
1304650 1825.9
1304660 1825.9
1304670 1831.3
1304680 1838.4
1304690 1838.4
1304700 1845.0
1304710 1848.9
1304720 1848.9
1304730 1852.8
1304740 1858.7
1304750 1858.7
1304760 1864.8
1304770 1869.9
1304780 1869.9
1304790 1874.5
1304800 1879.5
1304810 1879.5
1304820 1881.8
1304830 1888.0
1304840 1894.4
1304850 1894.4
1304860 1901.6
1304870 1916.9
1304880 1916.9
1304890 1931.8
1304900 1940.4
1304910 1940.4
1304920 1947.4
1304930 1953.9
1304940 1953.9
1304950 1960.1
1304960 1965.9
1304970 1965.9
1304980 1972.2
1304990 1978.8
1305000 1978.8
1305010 1985.0
1305020 1992.2
1305030 2000.1
1305040 1993.6
1305050 2002.6
1305060 2011.6
1305070 2011.6
1305080 2018.9
1305090 2025.0
1305100 2025.0
1305110 2032.6
1305120 2039.2
1305130 2039.2
1305140 2047.1
1305150 2059.9
1305160 2059.9
1305170 2072.1
1305180 2083.7
1305190 2083.7
1305200 2093.9
1305210 2103.1
1305220 2103.1
1305230 2111.7
1305240 2119.5
1305250 2127.5
1305260 2127.5
1305270 2136.7
1305280 2148.2
1305290 2148.2
1305300 2159.2
1305310 2171.4
1305320 2171.4
1305330 2185.3
1305340 2200.9
1305350 2200.9
1305360 2217.8
1305370 2237.7
1305380 2237.7
1305390 2256.5
1305400 2272.7
1305410 2272.7
1305420 2285.6
1305430 2296.1
1305440 2296.1
1305450 2306.3
1305460 2313.7
1305470 2321.1
1305480 2321.1
1305490 2327.6
1305500 2333.4
1305510 2333.4
1305520 2338.2
1305530 2342.5
1305540 2342.5
1305550 2348.5
1305560 2354.0
1305570 2354.0
1305580 2357.8
1305590 2360.4
1305600 2360.4
1305610 2365.0
1305620 2371.1
1305630 2371.1
1305640 2376.8
1305650 2382.6
1305660 2388.2
1305670 2388.2
1305680 2393.7
1305690 2398.7
1305700 2398.7
1305710 2402.7
1305720 2404.2
1305730 2404.2
1305740 2402.4
1305750 2389.3
1305760 2389.3
1305770 2395.9
1305780 2403.4
1305790 2403.4
1305800 2408.4
1305810 2413.0
1305820 2413.0
1305830 2417.9
1305840 2423.2
1305850 2423.2
1305860 2428.2
1305870 2432.6
1305880 2436.8
1305890 2436.8
1305900 2440.9
1305910 2444.5
1305920 2444.5
1305930 2446.8
1305940 2448.3
1305950 2448.3
1305960 2449.0
1305970 2447.4
1305980 2447.4
1305990 2444.9
1306000 2441.4
1306010 2441.4
1306020 2438.2
1306030 2437.1
1306040 2437.1
1306050 2436.0
1306060 2434.4
1306070 2432.3
1306080 2432.3
1306090 2429.1
1306100 2428.4
1306110 2428.4
1306120 2428.3
1306130 2428.9
1306140 2428.9
1306150 2429.3
1306160 2429.4
1306170 2429.4
1306180 2428.6
1306190 2427.7
1306200 2427.7
1306210 2427.2
1306220 2428.1
1306230 2428.1
1306240 2428.4
1306250 2428.4
1306260 2428.4
1306270 2428.7
1306280 2429.8
1306290 2429.2
1306300 2429.2
1306310 2428.7
1306320 2429.6
1306330 2429.6
1306340 2431.9
1306350 2434.0
1306360 2434.0
1306370 2435.6
1306380 2435.9
1306390 2435.9
1306400 2437.6
1306410 2440.7
1306420 2440.7
1306430 2443.5
1306440 2445.3
1306450 2445.3
1306460 2442.2
1306470 2446.2
1306480 2446.2
1306490 2450.8
1306500 2454.9
1306510 2458.7
1306520 2458.7
1306530 2462.1
1306540 2464.9
1306550 2464.9
1306560 2467.6
1306570 2470.4
1306580 2470.4
1306590 2472.9
1306600 2475.9
1306610 2475.9
1306620 2479.9
1306630 2484.8
1306640 2484.8
1306650 2489.0
1306660 2492.3
1306670 2492.3
1306680 2496.8
1306690 2501.4
1306700 2503.7
1306710 2503.7
1306720 2505.2
1306730 2509.0
1306740 2509.0
1306750 2513.4
1306760 2517.9
1306770 2517.9
1306780 2522.8
1306790 2527.1
1306800 2527.1
1306810 2531.6
1306820 2536.3
1306830 2536.3
1306840 2541.6
1306850 2546.1
1306860 2546.1
1306870 2550.5
1306880 2555.3
1306890 2555.3
1306900 2560.3
1306910 2565.2
1306920 2570.1
1306930 2570.1
1306940 2575.1
1306950 2580.3
1306960 2580.3
1306970 2585.5
1306980 2591.0
1306990 2591.0
1307000 2596.3
1307010 2601.4
1307020 2601.4
1307030 2606.3
1307040 2611.0
1307050 2611.0
1307060 2616.0
1307070 2622.6
1307080 2622.6
1307090 2629.7
1307100 2639.6
1307110 2639.6
1307120 2653.1
1307130 2668.2
1307140 2682.5
1307150 2682.5
1307160 2691.7
1307170 2707.2
1307180 2707.2
1307190 2719.1
1307200 2728.9
1307210 2728.9
1307220 2737.8
1307230 2747.5
1307240 2747.5
1307250 2760.8
1307260 2774.2
1307270 2774.2
1307280 2786.3
1307290 2796.7
1307300 2796.7
1307310 2808.5
1307320 2816.9
1307330 2823.6
1307340 2823.6
1307350 2831.7
1307360 2839.7
1307370 2839.7
1307380 2849.2
1307390 2858.9
1307400 2858.9
1307410 2867.9
1307420 2875.0
1307430 2875.0
1307440 2881.3
1307450 2888.8
1307460 2888.8
1307470 2898.8
1307480 2907.9
1307490 2907.9
1307500 2915.4
1307510 2922.4
1307520 2922.4
1307530 2930.6
1307540 2936.6
1307550 2941.5
1307560 2941.5
1307570 2949.6
1307580 2958.3
1307590 2958.3
1307600 2968.2
1307610 2978.0
1307620 2978.0
1307630 2987.1
1307640 2997.1
1307650 2997.1
1307660 3006.4
1307670 3014.9
1307680 3014.9
1307690 3022.8
1307700 3031.7
1307710 3031.7
1307720 3042.3
1307730 3051.5
1307740 3060.2
1307750 3060.2
1307760 3069.0
1307770 3077.5
1307780 3077.5
1307790 3086.7
1307800 3095.9
1307810 3095.9
1307820 3103.9
1307830 3110.4
1307840 3110.4
1307850 3113.9
1307860 3115.7
1307870 3115.7
1307880 3119.9
1307890 3114.2
1307900 3114.2
1307910 3116.9
1307920 3121.2
1307930 3121.2
1307940 3123.6
1307950 3127.0
1307960 3130.0
1307970 3130.0
1307980 3132.9
1307990 3133.9
1308000 3133.9
1308010 3134.0
1308020 3133.6
1308030 3133.6
1308040 3135.3
1308050 3143.1
1308060 3143.1
1308070 3145.5
1308080 3145.3
1308090 3145.3
1308100 3145.5
1308110 3146.3
1308120 3146.3
1308130 3144.9
1308140 3146.2
1308150 3146.2
1308160 3152.3
1308170 3153.2
1308180 3152.9
1308190 3152.9
1308200 3155.6
1308210 3159.0
1308220 3159.0
1308230 3161.8
1308240 3162.3
1308250 3162.3
1308260 3157.4
1308270 3155.6
1308280 3155.6
1308290 3158.5
1308300 3165.1
1308310 3165.1
1308320 3170.5
1308330 3175.6
1308340 3175.6
1308350 3178.3
1308360 3182.6
1308370 3181.2
1308380 3181.2
1308390 3172.1
1308400 3160.7
1308410 3160.7
1308420 3158.7
1308430 3157.0
1308440 3157.0
1308450 3153.1
1308460 3142.9
1308470 3142.9
1308480 3134.5
1308490 3123.9
1308500 3123.9
1308510 3109.6
1308520 3096.9
1308530 3096.9
1308540 3083.7
1308550 3067.5
1308560 3067.5
1308570 3048.6
1308580 3027.6
1308590 3007.9
1308600 3007.9
1308610 2994.1
1308620 2978.6
1308630 2978.6
1308640 2969.7
1308650 2961.4
1308660 2961.4
1308670 2953.4
1308680 2945.7
1308690 2945.7
1308700 2938.3
1308710 2931.5
1308720 2931.5
1308730 2925.5
1308740 2919.4
1308750 2919.4
1308760 2912.2
1308770 2903.9
1308780 2903.9
1308790 2896.7
1308800 2890.0
1308810 2883.4
1308820 2883.4
1308830 2877.6
1308840 2871.1
1308850 2871.1
1308860 2864.8
1308870 2857.5
1308880 2857.5
1308890 2851.1
1308900 2844.4
1308910 2844.4
1308920 2836.8
1308930 2830.8
1308940 2830.8
1308950 2823.5
1308960 2817.5
1308970 2817.5
1308980 2813.5
1308990 2811.7
1309000 2807.1
1309010 2807.1
1309020 2807.8
1309030 2806.5
1309040 2806.5
1309050 2802.1
1309060 2798.1
1309070 2798.1
1309080 2794.1
1309090 2792.5
1309100 2792.5
1309110 2792.5
1309120 2793.2
1309130 2793.2
1309140 2795.2
1309150 2797.0
1309160 2797.0
1309170 2799.9
1309180 2803.1
1309190 2803.1
1309200 2802.2
1309210 2798.5
1309220 2793.0
1309230 2793.0
1309240 2787.2
1309250 2781.1
1309260 2781.1
1309270 2771.8
1309280 2762.6
1309290 2762.6
1309300 2754.0
1309310 2746.4
1309320 2746.4
1309330 2742.4
1309340 2737.6
1309350 2737.6
1309360 2734.3
1309370 2731.0
1309380 2731.0
1309390 2728.0
1309400 2727.1
1309410 2729.3
1309420 2729.3
1309430 2732.7
1309440 2735.2
1309450 2735.2
1309460 2737.7
1309470 2739.6
1309480 2739.6
1309490 2740.5
1309500 2729.3
1309510 2729.3
1309520 2714.8
1309530 2704.3
1309540 2704.3
1309550 2696.4
1309560 2686.9
1309570 2686.9
1309580 2677.1
1309590 2666.4
1309600 2666.4
1309610 2657.1
1309620 2650.5
1309630 2645.7
1309640 2645.7
1309650 2638.8
1309660 2630.8
1309670 2630.8
1309680 2622.8
1309690 2615.7
1309700 2615.7
1309710 2609.3
1309720 2602.2
1309730 2602.2
1309740 2595.2
1309750 2589.8
1309760 2589.8
1309770 2586.5
1309780 2583.7
1309790 2583.7
1309800 2580.4
1309810 2576.5
1309820 2576.5
1309830 2574.3
1309840 2573.0
1309850 2567.5
1309860 2567.5
1309870 2562.7
1309880 2560.8
1309890 2560.8
1309900 2557.2
1309910 2552.7
1309920 2552.7
1309930 2549.1
1309940 2544.4
1309950 2544.4
1309960 2540.2
1309970 2535.2
1309980 2535.2
1309990 2528.5
1310000 2522.0
1310010 2522.0
1310020 2515.5
1310030 2508.1
1310040 2499.5
1310050 2499.0
1310060 2494.2
1310070 2490.6
1310080 2490.6
1310090 2486.3
1310100 2481.8
1310110 2481.8
1310120 2477.6
1310130 2473.8
1310140 2473.8
1310150 2470.0
1310160 2466.5
1310170 2466.5
1310180 2463.6
1310190 2461.9
1310200 2461.9
1310210 2463.3
1310220 2466.8
1310230 2466.8
1310240 2470.1
1310250 2473.9
1310260 2477.4
1310270 2477.4
1310280 2476.8
1310290 2474.0
1310300 2474.0
1310310 2471.7
1310320 2470.4
1310330 2470.4
1310340 2468.5
1310350 2462.1
1310360 2462.1
1310370 2455.3
1310380 2450.6
1310390 2450.6
1310400 2447.0
1310410 2442.8
1310420 2442.8
1310430 2439.6
1310440 2438.2
1310450 2438.2
1310460 2436.4
1310470 2432.6
1310480 2427.5
1310490 2427.5
1310500 2422.2
1310510 2418.4
1310520 2418.4
1310530 2416.7
1310540 2415.5
1310550 2415.5
1310560 2415.3
1310570 2415.7
1310580 2415.7
1310590 2416.6
1310600 2419.0
1310610 2419.0
1310620 2420.9
1310630 2416.0
1310640 2416.0
1310650 2409.0
1310660 2403.6
1310670 2401.3
1310680 2401.3
1310690 2399.1
1310700 2394.8
1310710 2394.8
1310720 2393.3
1310730 2390.4
1310740 2390.4
1310750 2386.6
1310760 2383.5
1310770 2383.5
1310780 2388.8
1310790 2385.4
1310800 2385.4
1310810 2380.0
1310820 2374.9
1310830 2374.9
1310840 2369.2
1310850 2365.2
1310860 2365.2
1310870 2361.2
1310880 2358.2
1310890 2358.1
1310900 2358.1
1310910 2356.3
1310920 2354.0
1310930 2354.0
1310940 2350.5
1310950 2348.3
1310960 2348.3
1310970 2348.2
1310980 2346.5
1310990 2346.5
1311000 2342.7
1311010 2340.1
1311020 2340.1
1311030 2337.2
1311040 2334.0
1311050 2334.0
1311060 2333.0
1311070 2329.3
1311080 2323.4
1311090 2323.4
1311100 2316.7
1311110 2311.3
1311120 2311.3
1311130 2311.9
1311140 2309.4
1311150 2309.4
1311160 2306.5
1311170 2303.3
1311180 2303.3
1311190 2301.6
1311200 2300.5
1311210 2300.5
1311220 2300.9
1311230 2300.3
1311240 2300.3
1311250 2300.1
1311260 2301.2
1311270 2301.2
1311280 2302.0
1311290 2302.4
1311300 2302.0
1311310 2302.0
1311320 2301.4
1311330 2300.7
1311340 2300.7
1311350 2300.3
1311360 2299.3
1311370 2299.3
1311380 2298.2
1311390 2297.2
1311400 2297.2
1311410 2295.9
1311420 2293.9
1311430 2293.9
1311440 2292.1
1311450 2294.2
1311460 2294.2
1311470 2298.8
1311480 2300.1
1311490 2300.1
1311500 2299.1
1311510 2303.2
1311520 2303.6
1311530 2303.6
1311540 2305.0
1311550 2306.9
1311560 2306.9
1311570 2309.1
1311580 2311.0
1311590 2311.0
1311600 2313.4
1311610 2316.9
1311620 2316.9
1311630 2319.0
1311640 2320.0
1311650 2320.0
1311660 2321.7
1311670 2325.0
1311680 2325.0
1311690 2327.1
1311700 2329.3
1311710 2330.6
1311720 2330.6
1311730 2331.6
1311740 2331.9
1311750 2331.9
1311760 2332.8
1311770 2332.9
1311780 2332.9
1311790 2333.1
1311800 2332.7
1311810 2332.7
1311820 2331.9
1311830 2331.8
1311840 2331.8
1311850 2333.5
1311860 2333.2
1311870 2333.2
1311880 2332.9
1311890 2333.5
1311900 2333.5
1311910 2335.2
1311920 2336.6
1311930 2338.5
1311940 2338.5
1311950 2341.0
1311960 2344.6
1311970 2344.6
1311980 2348.2
1311990 2352.1
1312000 2352.1
1312010 2356.1
1312020 2358.3
1312030 2358.3
1312040 2360.8
1312050 2363.5
1312060 2363.5
1312070 2365.9
1312080 2367.6
1312090 2367.6
1312100 2368.2
1312110 2366.9
1312120 2366.9
1312130 2367.1
1312140 2366.0
1312150 2365.4
1312160 2365.4
1312170 2364.0
1312180 2362.8
1312190 2362.8
1312200 2361.4
1312210 2360.8
1312220 2360.8
1312230 2360.3
1312240 2360.6
1312250 2360.6
1312260 2359.0
1312270 2359.1
1312280 2359.1
1312290 2359.0
1312300 2359.5
1312310 2359.5
1312320 2361.2
1312330 2361.1
1312340 2355.6
1312350 2355.6
1312360 2347.9
1312370 2343.1
1312380 2343.1
1312390 2339.3
1312400 2333.9
1312410 2333.9
1312420 2329.9
1312430 2327.6
1312440 2327.6
1312450 2321.6
1312460 2317.1
1312470 2317.1
1312480 2312.2
1312490 2309.2
1312500 2309.2
1312510 2306.1
1312520 2303.9
1312530 2303.9
1312540 2300.7
1312550 2298.2
1312560 2295.3
1312570 2295.3
1312580 2291.7
1312590 2285.8
1312600 2285.8
1312610 2283.2
1312620 2280.6
1312630 2280.6
1312640 2275.3
1312650 2269.6
1312660 2269.6
1312670 2261.7
1312680 2256.3
1312690 2256.3
1312700 2252.9
1312710 2248.4
1312720 2248.4
1312730 2241.4
1312740 2232.5
1312750 2224.4
1312760 2224.4
1312770 2220.0
1312780 2218.9
1312790 2218.9
1312800 2216.7
1312810 2211.5
1312820 2211.5
1312830 2204.2
1312840 2197.1
1312850 2197.1
1312860 2191.1
1312870 2186.6
1312880 2186.6
1312890 2186.0
1312900 2181.6
1312910 2181.6
1312920 2174.7
1312930 2165.0
1312940 2165.0
1312950 2155.6
1312960 2152.3
1312970 2156.6
1312980 2163.8
1312990 2160.2
1313000 2157.2
1313010 2157.2
1313020 2148.7
1313030 2139.7
1313040 2139.7
1313050 2133.5
1313060 2130.3
1313070 2130.3
1313080 2129.4
1313090 2127.4
1313100 2127.4
1313110 2125.8
1313120 2127.1
1313130 2127.1
1313140 2125.4
1313150 2121.3
1313160 2121.3
1313170 2118.5
1313180 2118.5
1313190 2119.2
1313200 2119.2
1313210 2119.5
1313220 2119.2
1313230 2119.2
1313240 2117.7
1313250 2121.5
1313260 2121.5
1313270 2122.4
1313280 2116.5
1313290 2116.5
1313300 2106.8
1313310 2101.5
1313320 2101.5
1313330 2106.9
1313340 2098.8
1313350 2098.8
1313360 2088.2
1313370 2077.2
1313380 2072.1
1313390 2072.1
1313400 2070.2
1313410 2067.2
1313420 2067.2
1313430 2063.3
1313440 2059.2
1313450 2059.2
1313460 2054.4
1313470 2049.2
1313480 2049.2
1313490 2044.5
1313500 2040.2
1313510 2040.2
1313520 2035.9
1313530 2031.3
1313540 2031.3
1313550 2026.8
1313560 2023.4
1313570 2023.4
1313580 2020.9
1313590 2018.2
1313600 2014.6
1313610 2014.6
1313620 2010.1
1313630 2005.5
1313640 2005.5
1313650 2000.3
1313660 1994.6
1313670 1994.6
1313680 1989.6
1313690 1985.2
1313700 1985.2
1313710 1980.6
1313720 1982.3
1313730 1982.3
1313740 1984.0
1313750 1987.3
1313760 1987.3
1313770 1990.3
1313780 1986.7
1313790 1986.7
1313800 1979.8
1313810 1973.8
1313820 1968.3
1313830 1968.3
1313840 1963.0
1313850 1958.4
1313860 1958.4
1313870 1954.5
1313880 1952.0
1313890 1952.0
1313900 1951.1
1313910 1948.6
1313920 1948.6
1313930 1945.5
1313940 1942.7
1313950 1942.7
1313960 1940.5
1313970 1939.0
1313980 1939.0
1313990 1938.7
1314000 1938.3
1314010 1937.2
1314020 1937.2
1314030 1936.4
1314040 1936.4
1314050 1936.4
1314060 1935.3
1314070 1934.5
1314080 1934.5
1314090 1933.5
1314100 1931.5
1314110 1931.5
1314120 1932.1
1314130 1932.9
1314140 1932.9
1314150 1933.0
1314160 1934.8
1314170 1934.8
1314180 1935.9
1314190 1937.0
1314200 1937.0
1314210 1939.2
1314220 1940.9
1314230 1942.8
1314240 1942.8
1314250 1944.1
1314260 1945.5
1314270 1945.5
1314280 1948.3
1314290 1951.5
1314300 1951.5
1314310 1955.0
1314320 1957.2
1314330 1957.2
1314340 1958.4
1314350 1958.3
1314360 1958.3
1314370 1957.4
1314380 1957.3
1314390 1957.3
1314400 1957.0
1314410 1957.6
1314420 1957.6
1314430 1957.6
1314440 1956.5
1314450 1955.9
1314460 1960.1
1314470 1959.6
1314480 1959.5
1314490 1959.5
1314500 1958.9
1314510 1961.0
1314520 1961.0
1314530 1962.7
1314540 1964.1
1314550 1964.1
1314560 1964.4
1314570 1964.6
1314580 1964.6
1314590 1965.9
1314600 1967.7
1314610 1967.7
1314620 1970.1
1314630 1972.8
1314640 1974.6
1314650 1974.6
1314660 1975.7
1314670 1977.2
1314680 1977.2
1314690 1978.7
1314700 1980.0
1314710 1980.0
1314720 1980.8
1314730 1982.0
1314740 1982.0
1314750 1983.8
1314760 1986.6
1314770 1986.6
1314780 1989.6
1314790 1991.9
1314800 1991.9
1314810 1993.6
1314820 1995.2
1314830 1995.2
1314840 1997.1
1314850 1998.7
1314860 2000.2
1314870 2000.2
1314880 2001.0
1314890 2001.5
1314900 2001.5
1314910 2000.9
1314920 2001.2
1314930 2001.2
1314940 2001.6
1314950 2001.5
1314960 2001.5
1314970 2001.4
1314980 2001.3
1314990 2001.3
1315000 2001.7
1315010 2000.2
1315020 2000.2
1315030 2000.1
1315040 2000.4
1315050 1999.8
1315060 1999.8
1315070 1999.8
1315080 1999.8
1315090 1999.8
1315100 1999.5
1315110 1999.0
1315120 1999.0
1315130 1998.5
1315140 1998.1
1315150 1998.1
1315160 1997.6
1315170 1997.0
1315180 1997.0
1315190 1996.6
1315200 1996.8
1315210 1997.3
1315220 1997.6
1315230 1997.6
1315240 1997.6
1315250 1997.8
1315260 1998.0
1315270 1998.3
1315280 1998.3
1315290 1998.2
1315300 1999.2
1315310 1999.2
1315320 1999.6
1315330 2000.1
1315340 2000.1
1315350 2000.3
1315360 2000.8
1315370 2000.8
1315380 2001.3
1315390 2002.1
1315400 2002.1
1315410 2003.2
1315420 2004.6
1315430 2004.6
1315440 2006.0
1315450 2007.4
1315460 2007.4
1315470 2009.1
1315480 2011.1
1315490 2013.6
1315500 2013.6
1315510 2016.2
1315520 2018.7
1315530 2018.7
1315540 2021.4
1315550 2024.3
1315560 2024.3
1315570 2027.8
1315580 2032.3
1315590 2032.3
1315600 2037.7
1315610 2042.7
1315620 2042.7
1315630 2047.7
1315640 2053.9
1315650 2053.9
1315660 2060.2
1315670 2066.3
1315680 2072.8
1315690 2072.8
1315700 2079.6
1315710 2085.8
1315720 2085.8
1315730 2092.4
1315740 2098.6
1315750 2098.6
1315760 2103.3
1315770 2108.0
1315780 2108.0
1315790 2113.9
1315800 2116.8
1315810 2116.8
1315820 2113.7
1315830 2109.7
1315840 2109.7
1315850 2105.9
1315860 2105.7
1315870 2105.7
1315880 2110.4
1315890 2116.5
1315900 2122.2
1315910 2122.2
1315920 2131.7
1315930 2144.1
1315940 2144.1
1315950 2154.3
1315960 2163.5
1315970 2163.5
1315980 2186.3
1315990 2196.8
1316000 2196.8
1316010 2206.6
1316020 2226.7
1316030 2226.7
1316040 2253.7
1316050 2270.1
1316060 2270.1
1316070 2284.7
1316080 2296.5
1316090 2304.8
1316100 2304.8
1316110 2313.4
1316120 2321.1
1316130 2321.1
1316140 2329.7
1316150 2340.0
1316160 2340.0
1316170 2347.8
1316180 2356.1
1316190 2356.1
1316200 2363.3
1316210 2369.5
1316220 2369.5
1316230 2375.0
1316240 2382.3
1316250 2382.3
1316260 2390.1
1316270 2396.4
1316280 2396.4
1316290 2402.4
1316300 2407.9
1316310 2413.4
1316320 2413.4
1316330 2421.0
1316340 2429.6
1316350 2429.6
1316360 2437.6
1316370 2444.3
1316380 2444.3
1316390 2451.5
1316400 2459.3
1316410 2459.3
1316420 2465.8
1316430 2471.5
1316440 2471.5
1316450 2477.3
1316460 2483.8
1316470 2483.8
1316480 2490.1
1316490 2496.2
1316500 2496.2
1316510 2503.4
1316520 2512.8
1316530 2520.4
1316540 2520.4
1316550 2526.8
1316560 2532.2
1316570 2532.2
1316580 2536.7
1316590 2540.7
1316600 2540.7
1316610 2544.6
1316620 2547.8
1316630 2547.8
1316640 2551.4
1316650 2556.3
1316660 2556.3
1316670 2561.8
1316680 2566.9
1316690 2566.9
1316700 2571.9
1316710 2586.5
1316720 2589.2
1316730 2589.2
1316740 2592.3
1316750 2591.7
1316760 2591.7
1316770 2569.7
1316780 2547.0
1316790 2547.0
1316800 2541.9
1316810 2538.3
1316820 2538.3
1316830 2534.9
1316840 2530.4
1316850 2530.4
1316860 2526.1
1316870 2523.6
1316880 2523.6
1316890 2521.4
1316900 2521.9
1316910 2521.9
1316920 2523.2
1316930 2524.7
1316940 2524.8
1316950 2524.8
1316960 2520.7
1316970 2519.2
1316980 2519.2
1316990 2516.6
1317000 2512.8
1317010 2512.8
1317020 2512.0
1317030 2509.4
1317040 2509.4
1317050 2506.4
1317060 2503.6
1317070 2503.6
1317080 2499.9
1317090 2498.0
1317100 2498.0
1317110 2496.5
1317120 2490.2
1317130 2490.2
1317140 2484.3
1317150 2480.1
1317160 2477.9
1317170 2477.9
1317180 2471.2
1317190 2462.1
1317200 2462.1
1317210 2448.8
1317220 2432.8
1317230 2432.8
1317240 2430.2
1317250 2428.0
1317260 2428.0
1317270 2425.7
1317280 2423.9
1317290 2423.9
1317300 2418.7
1317310 2411.3
1317320 2411.3
1317330 2404.7
1317340 2399.1
1317350 2387.6
1317360 2387.6
1317370 2375.9
1317380 2360.9
1317390 2360.9
1317400 2352.2
1317410 2352.9
1317420 2352.9
1317430 2357.0
1317440 2358.8
1317450 2358.8
1317460 2358.2
1317470 2367.0
1317480 2367.0
1317490 2363.9
1317500 2359.0
1317510 2359.0
1317520 2353.3
1317530 2346.8
1317540 2346.8
1317550 2343.3
1317560 2340.7
1317570 2337.4
1317580 2337.4
1317590 2332.8
1317600 2326.1
1317610 2326.1
1317620 2323.9
1317630 2323.7
1317640 2323.7
1317650 2319.4
1317660 2312.6
1317670 2312.6
1317680 2308.6
1317690 2306.3
1317700 2306.3
1317710 2304.3
1317720 2298.8
1317730 2298.8
1317740 2293.8
1317750 2289.0
1317760 2283.8
1317770 2283.8
1317780 2278.3
1317790 2272.6
1317800 2272.6
1317810 2266.6
1317820 2263.1
1317830 2263.1
1317840 2258.9
1317850 2254.6
1317860 2254.6
1317870 2249.6
1317880 2247.3
1317890 2247.3
1317900 2245.4
1317910 2241.3
1317920 2241.3
1317930 2236.8
1317940 2233.5
1317950 2233.5
1317960 2230.6
1317970 2227.5
1317980 2223.5
1317990 2223.5
1318000 2220.1
1318010 2217.8
1318020 2217.8
1318030 2215.8
1318040 2213.0
1318050 2213.0
1318060 2211.3
1318070 2214.1
1318080 2214.1
1318090 2213.7
1318100 2210.0
1318110 2210.0
1318120 2208.7
1318130 2208.9
1318140 2208.9
1318150 2207.5
1318160 2205.8
1318170 2205.8
1318180 2202.8
1318190 2202.3
1318200 2204.1
1318210 2204.1
1318220 2206.2
1318230 2211.8
1318240 2211.8
1318250 2213.7
1318260 2215.8
1318270 2215.8
1318280 2220.0
1318290 2220.6
1318300 2220.6
1318310 2219.7
1318320 2222.0
1318330 2222.0
1318340 2225.0
1318350 2228.6
1318360 2228.6
1318370 2232.1
1318380 2235.0
1318390 2240.5
1318400 2240.5
1318410 2250.2
1318420 2259.7
1318430 2259.7
1318440 2266.3
1318450 2271.0
1318460 2271.0
1318470 2276.6
1318480 2281.6
1318490 2281.6
1318500 2286.8
1318510 2292.3
1318520 2292.3
1318530 2301.1
1318540 2310.5
1318550 2310.5
1318560 2319.2
1318570 2328.8
1318580 2328.8
1318590 2336.3
1318600 2343.2
1318610 2349.9
1318620 2349.9
1318630 2355.1
1318640 2359.7
1318650 2359.7
1318660 2364.9
1318670 2371.2
1318680 2371.2
1318690 2377.6
1318700 2384.1
1318710 2384.1
1318720 2389.4
1318730 2395.0
1318740 2395.0
1318750 2401.2
1318760 2406.5
1318770 2406.5
1318780 2411.9
1318790 2418.0
1318800 2418.0
1318810 2423.3
1318820 2428.0
1318830 2432.7
1318840 2432.7
1318850 2438.0
1318860 2444.8
1318870 2444.8
1318880 2453.2
1318890 2460.4
1318900 2460.4
1318910 2466.4
1318920 2474.1
1318930 2474.1
1318940 2481.6
1318950 2487.9
1318960 2487.9
1318970 2493.6
1318980 2499.1
1318990 2499.1
1319000 2503.3
1319010 2508.9
1319020 2513.9
1319030 2513.9
1319040 2518.9
1319050 2524.8
1319060 2524.8
1319070 2531.1
1319080 2538.0
1319090 2538.0
1319100 2543.8
1319110 2548.9
1319120 2548.9
1319130 2551.9
1319140 2556.5
1319150 2556.5
1319160 2562.0
1319170 2567.4
1319180 2567.4
1319190 2572.1
1319200 2574.2
1319210 2574.2
1319220 2577.8
1319230 2582.4
1319240 2585.7
1319250 2585.7
1319260 2589.5
1319270 2593.4
1319280 2593.4
1319290 2597.2
1319300 2601.0
1319310 2601.0
1319320 2604.7
1319330 2607.0
1319340 2607.0
1319350 2608.5
1319360 2610.8
1319370 2610.8
1319380 2614.0
1319390 2617.5
1319400 2617.5
1319410 2621.0
1319420 2625.2
1319430 2630.9
1319440 2630.9
1319450 2637.3
1319460 2643.7
1319470 2643.7
1319480 2649.0
1319490 2654.4
1319500 2654.4
1319510 2658.9
1319520 2662.4
1319530 2662.4
1319540 2666.5
1319550 2670.9
1319560 2670.9
1319570 2675.1
1319580 2679.9
1319590 2679.9
1319600 2685.4
1319610 2690.1
1319620 2690.1
1319630 2693.6
1319640 2695.7
1319650 2699.2
1319660 2699.2
1319670 2703.6
1319680 2707.3
1319690 2707.3
1319700 2710.9
1319710 2714.1
1319720 2714.1
1319730 2717.1
1319740 2720.9
1319750 2720.9
1319760 2722.2
1319770 2726.3
1319780 2726.3
1319790 2731.0
1319800 2734.7
1319810 2734.7
1319820 2738.1
1319830 2741.6
1319840 2741.6
1319850 2745.4
1319860 2749.8
1319870 2754.2
1319880 2754.2
1319890 2758.8
1319900 2763.3
1319910 2763.3
1319920 2767.1
1319930 2770.0
1319940 2770.0
1319950 2772.5
1319960 2774.6
1319970 2774.6
1319980 2777.3
1319990 2781.4
