1300000 2068.7
1300010 2067.6
1300020 2066.6
1300030 2065.3
1300040 2065.3
1300050 2065.2
1300060 2062.7
1300070 2062.7
1300080 2060.1
1300090 2058.9
1300100 2058.9
1300110 2056.0
1300120 2054.5
1300130 2054.5
1300140 2054.7
1300150 2054.3
1300160 2054.3
1300170 2053.4
1300180 2051.6
1300190 2051.6
1300200 2049.0
1300210 2046.1
1300220 2046.1
1300230 2042.5
1300240 2038.3
1300250 2034.0
1300260 2034.0
1300270 2031.4
1300280 2029.7
1300290 2029.7
1300300 2025.3
1300310 2019.8
1300320 2019.8
1300330 2014.8
1300340 2004.6
1300350 2004.6
1300360 1999.5
1300370 1995.5
1300380 1995.5
1300390 1991.3
1300400 1984.0
1300410 1984.0
1300420 1976.8
1300430 1969.4
1300440 1969.4
1300450 1963.2
1300460 1957.7
1300470 1951.5
1300480 1951.5
1300490 1945.5
1300500 1940.7
1300510 1940.7
1300520 1935.6
1300530 1931.5
1300540 1931.5
1300550 1927.5
1300560 1921.7
1300570 1921.7
1300580 1917.5
1300590 1913.0
1300600 1913.0
1300610 1907.1
1300620 1902.3
1300630 1902.3
1300640 1898.4
1300650 1894.8
1300660 1892.4
1300670 1892.4
1300680 1890.8
1300690 1886.6
1300700 1886.6
1300710 1881.7
1300720 1876.7
1300730 1876.7
1300740 1871.2
1300750 1866.6
1300760 1866.6
1300770 1863.0
1300780 1858.0
1300790 1858.0
1300800 1852.3
1300810 1849.4
1300820 1849.4
1300830 1847.4
1300840 1843.8
1300850 1843.8
1300860 1840.0
1300870 1838.6
1300880 1836.6
1300890 1836.6
1300900 1833.7
1300910 1831.0
1300920 1831.0
1300930 1830.0
1300940 1828.4
1300950 1828.4
1300960 1826.2
1300970 1823.3
1300980 1823.3
1300990 1819.9
1301000 1816.8
1301010 1816.8
1301020 1814.8
1301030 1813.7
1301040 1813.7
1301050 1812.7
1301060 1811.7
1301070 1811.7
1301080 1810.6
1301090 1809.5
1301100 1808.6
1301110 1808.6
1301120 1807.2
1301130 1805.9
1301140 1805.9
1301150 1804.5
1301160 1804.1
1301170 1804.1
1301180 1804.0
1301190 1804.1
1301200 1804.1
1301210 1805.2
1301220 1807.7
1301230 1807.7
1301240 1809.9
1301250 1812.7
1301260 1812.7
1301270 1812.6
1301280 1813.5
1301290 1814.8
1301300 1814.8
1301310 1816.3
1301320 1815.7
1301330 1815.7
1301340 1816.4
1301350 1816.3
1301360 1816.3
1301370 1817.6
1301380 1819.2
1301390 1819.2
1301400 1818.5
1301410 1818.3
1301420 1818.3
1301430 1817.4
1301440 1816.9
1301450 1816.9
1301460 1817.0
1301470 1819.7
1301480 1819.7
1301490 1821.3
1301500 1822.1
1301510 1823.5
1301520 1823.5
1301530 1826.8
1301540 1831.9
1301550 1831.9
1301560 1837.9
1301570 1842.7
1301580 1842.7
1301590 1846.2
1301600 1851.2
1301610 1851.2
1301620 1857.0
1301630 1862.7
1301640 1862.7
1301650 1867.2
1301660 1872.4
1301670 1872.4
1301680 1878.7
1301690 1882.8
1301700 1882.8
1301710 1887.1
1301720 1899.3
1301730 1905.2
1301740 1905.2
1301750 1910.4
1301760 1915.8
1301770 1915.8
1301780 1920.8
1301790 1926.1
1301800 1926.1
1301810 1930.3
1301820 1934.5
1301830 1934.5
1301840 1938.4
1301850 1942.3
1301860 1942.3
1301870 1945.9
1301880 1949.8
1301890 1949.8
1301900 1953.2
1301910 1956.8
1301920 1964.0
1301930 1964.0
1301940 1970.5
1301950 1976.0
1301960 1976.0
1301970 1982.6
1301980 1988.6
1301990 1988.6
1302000 1996.8
1302010 2002.7
1302020 2002.7
1302030 2009.4
1302040 2014.2
1302050 2014.2
1302060 2021.6
1302070 2031.1
1302080 2031.1
1302090 2037.1
1302100 2041.1
1302110 2041.1
1302120 2045.5
1302130 2050.2
1302140 2055.7
1302150 2055.7
1302160 2059.9
1302170 2063.6
1302180 2063.6
1302190 2068.8
1302200 2074.0
1302210 2074.0
1302220 2075.8
1302230 2076.1
1302240 2076.1
1302250 2073.9
1302260 2070.4
1302270 2070.4
1302280 2067.7
1302290 2063.1
1302300 2063.1
1302310 2056.8
1302320 2049.7
1302330 2049.7
1302340 2042.2
1302350 2035.0
1302360 2027.8
1302370 2027.8
1302380 2021.1
1302390 2012.7
1302400 2012.7
1302410 2011.4
1302420 2005.1
1302430 2005.1
1302440 1999.1
1302450 1992.3
1302460 1992.3
1302470 1983.0
1302480 1974.0
1302490 1974.0
1302500 1965.2
1302510 1956.9
1302520 1956.9
1302530 1950.4
1302540 1942.9
1302550 1935.4
1302560 1935.4
1302570 1929.6
1302580 1923.5
1302590 1923.5
1302600 1914.5
1302610 1904.8
1302620 1904.8
1302630 1892.2
1302640 1879.3
1302650 1879.3
1302660 1867.0
1302670 1859.5
1302680 1859.5
1302690 1851.0
1302700 1844.4
1302710 1844.4
1302720 1836.6
1302730 1828.9
1302740 1828.9
1302750 1822.9
1302760 1815.9
1302770 1809.9
1302780 1809.9
1302790 1804.3
1302800 1798.9
1302810 1798.9
1302820 1793.1
1302830 1786.0
1302840 1786.0
1302850 1779.2
1302860 1772.3
1302870 1772.3
1302880 1770.8
1302890 1770.8
1302900 1770.8
1302910 1770.8
1302920 1770.8
1302930 1770.8
1302940 1770.8
1302950 1770.8
1302960 1770.8
1302970 1770.8
1302980 1770.8
1302990 1770.8
1303000 1770.8
1303010 1770.8
1303020 1770.8
1303030 1770.8
1303040 1770.8
1303050 1770.8
1303060 1770.8
1303070 1770.8
1303080 1770.8
1303090 1770.8
1303100 1770.8
1303110 1770.8
1303120 1770.8
1303130 1770.8
1303140 1770.8
1303150 1770.8
1303160 1770.8
1303170 1770.8
1303180 1770.8
1303190 1770.8
1303200 1770.8
1303210 1770.8
1303220 1770.8
1303230 1770.8
1303240 1770.8
1303250 1770.8
1303260 1770.8
1303270 1770.8
1303280 1770.8
1303290 1770.8
1303300 1770.8
1303310 1770.8
1303320 1770.8
1303330 1770.8
1303340 1770.8
1303350 1770.8
1303360 1770.8
1303370 1770.8
1303380 1770.8
1303390 1770.8
1303400 1770.8
1303410 1770.8
1303420 1770.8
1303430 1770.8
1303440 1770.8
1303450 1770.8
1303460 1770.8
1303470 1770.8
1303480 1770.8
1303490 1770.8
1303500 1770.8
1303510 1770.8
1303520 1770.8
1303530 1770.8
1303540 1770.8
1303550 1770.8
1303560 1770.8
1303570 1770.8
1303580 1770.8
1303590 1770.8
1303600 1770.8
1303610 1770.8
1303620 1770.8
1303630 1770.8
1303640 1770.8
1303650 1770.8
1303660 1770.8
1303670 1770.8
1303680 1770.8
1303690 1770.8
1303700 1770.8
1303710 1770.8
1303720 1770.8
1303730 1770.8
1303740 1770.8
1303750 1770.8
1303760 1770.8
1303770 1770.8
1303780 1770.8
1303790 1770.8
1303800 1770.8
1303810 1770.8
1303820 1770.8
1303830 1771.0
1303840 1774.8
1303850 1774.8
1303860 1780.5
1303870 1786.2
1303880 1786.2
1303890 1792.3
1303900 1800.8
1303910 1800.8
1303920 1811.3
1303930 1818.4
1303940 1818.4
1303950 1825.0
1303960 1832.0
1303970 1832.0
1303980 1838.7
1303990 1845.5
1304000 1845.5
1304010 1852.9
1304020 1860.9
1304030 1870.5
1304040 1870.5
1304050 1881.0
1304060 1890.7
1304070 1890.7
1304080 1900.8
1304090 1910.9
1304100 1910.9
1304110 1921.1
1304120 1932.9
1304130 1932.9
1304140 1944.6
1304150 1956.2
1304160 1956.2
1304170 1966.8
1304180 1978.2
1304190 1978.2
1304200 1993.8
1304210 2010.7
1304220 2010.7
1304230 2023.3
1304240 2031.2
1304250 2039.0
1304260 2039.0
1304270 2045.1
1304280 2051.9
1304290 2051.9
1304300 2058.2
1304310 2063.8
1304320 2063.8
1304330 2067.7
1304340 2071.5
1304350 2071.5
1304360 2076.3
1304370 2081.8
1304380 2081.8
1304390 2088.8
1304400 2095.6
1304410 2095.6
1304420 2103.7
1304430 2113.1
1304440 2121.7
1304450 2121.7
1304460 2130.6
1304470 2139.1
1304480 2139.1
1304490 2145.5
1304500 2150.4
1304510 2143.9
1304520 2141.2
1304530 2131.1
1304540 2131.1
1304550 2117.4
1304560 2101.1
1304570 2101.1
1304580 2096.8
1304590 2100.0
1304600 2100.0
1304610 2105.9
1304620 2111.9
1304630 2111.9
1304640 2119.4
1304650 2128.0
1304660 2137.7
1304670 2137.7
1304680 2147.4
1304690 2156.5
1304700 2156.5
1304710 2164.2
1304720 2170.8
1304730 2170.8
1304740 2176.6
1304750 2181.8
1304760 2181.8
1304770 2186.5
1304780 2190.9
1304790 2190.9
1304800 2196.1
1304810 2202.1
1304820 2202.1
1304830 2207.5
1304840 2214.1
1304850 2214.1
1304860 2220.0
1304870 2226.5
1304880 2233.6
1304890 2233.6
1304900 2240.9
1304910 2252.6
1304920 2252.6
1304930 2263.2
1304940 2270.0
1304950 2270.0
1304960 2277.3
1304970 2284.1
1304980 2284.1
1304990 2283.9
1305000 2278.5
1305010 2278.5
1305020 2271.7
1305030 2266.2
1305040 2266.2
1305050 2266.1
1305060 2266.0
1305070 2266.3
1305080 2266.3
1305090 2266.7
1305100 2267.3
1305110 2267.3
1305120 2271.2
1305130 2270.5
1305140 2270.5
1305150 2270.7
1305160 2272.4
1305170 2272.4
1305180 2275.1
1305190 2278.4
1305200 2278.4
1305210 2275.5
1305220 2279.4
1305230 2279.4
1305240 2283.4
1305250 2287.4
1305260 2287.4
1305270 2291.9
1305280 2296.6
1305290 2301.8
1305300 2301.8
1305310 2306.5
1305320 2311.5
1305330 2311.5
1305340 2316.5
1305350 2322.9
1305360 2322.9
1305370 2330.0
1305380 2336.6
1305390 2336.6
1305400 2343.3
1305410 2350.0
1305420 2350.0
1305430 2356.6
1305440 2363.5
1305450 2363.5
1305460 2369.7
1305470 2376.3
1305480 2376.3
1305490 2383.3
1305500 2390.3
1305510 2397.8
1305520 2397.8
1305530 2405.0
1305540 2412.3
1305550 2412.3
1305560 2419.8
1305570 2426.7
1305580 2426.7
1305590 2433.4
1305600 2438.8
1305610 2438.8
1305620 2442.5
1305630 2443.8
1305640 2443.8
1305650 2444.4
1305660 2446.0
1305670 2446.0
1305680 2449.1
1305690 2453.4
1305700 2458.2
1305710 2458.2
1305720 2462.5
1305730 2465.8
1305740 2465.8
1305750 2469.2
1305760 2473.3
1305770 2473.3
1305780 2476.9
1305790 2479.9
1305800 2479.9
1305810 2483.3
1305820 2485.3
1305830 2485.3
1305840 2486.9
1305850 2488.8
1305860 2488.8
1305870 2490.7
1305880 2493.8
1305890 2493.8
1305900 2497.4
1305910 2500.5
1305920 2501.7
1305930 2501.7
1305940 2504.2
1305950 2506.9
1305960 2506.9
1305970 2509.3
1305980 2510.7
1305990 2510.7
1306000 2512.2
1306010 2513.8
1306020 2513.8
1306030 2515.5
1306040 2517.0
1306050 2517.0
1306060 2518.6
1306070 2519.9
1306080 2519.9
1306090 2521.9
1306100 2524.2
1306110 2524.2
1306120 2527.0
1306130 2529.8
1306140 2532.5
1306150 2532.5
1306160 2535.3
1306170 2538.0
1306180 2538.0
1306190 2541.9
1306200 2545.2
1306210 2545.2
1306220 2547.9
1306230 2550.9
1306240 2550.9
1306250 2554.0
1306260 2557.2
1306270 2557.2
1306280 2560.6
1306290 2564.1
1306300 2564.1
1306310 2567.1
1306320 2569.9
1306330 2572.6
1306340 2572.6
1306350 2575.4
1306360 2578.3
1306370 2578.3
1306380 2580.4
1306390 2582.7
1306400 2582.7
1306410 2586.0
1306420 2589.0
1306430 2589.0
1306440 2592.0
1306450 2595.0
1306460 2595.0
1306470 2598.4
1306480 2602.3
1306490 2602.3
1306500 2606.0
1306510 2609.9
1306520 2609.9
1306530 2614.0
1306540 2618.6
1306550 2623.3
1306560 2623.3
1306570 2628.5
1306580 2633.5
1306590 2633.5
1306600 2638.8
1306610 2643.7
1306620 2643.7
1306630 2651.0
1306640 2657.4
1306650 2657.4
1306660 2664.1
1306670 2673.1
1306680 2673.1
1306690 2698.1
1306700 2722.9
1306710 2722.9
1306720 2736.5
1306730 2745.5
1306740 2745.5
1306750 2753.0
1306760 2760.5
1306770 2769.0
1306780 2769.0
1306790 2778.5
1306800 2787.7
1306810 2787.7
1306820 2798.0
1306830 2808.7
1306840 2808.7
1306850 2819.8
1306860 2831.6
1306870 2831.6
1306880 2842.0
1306890 2852.8
1306900 2852.8
1306910 2862.1
1306920 2871.5
1306930 2871.5
1306940 2880.5
1306950 2886.4
1306960 2891.6
1306970 2891.6
1306980 2898.8
1306990 2907.8
1307000 2907.8
1307010 2919.1
1307020 2926.7
1307030 2926.7
1307040 2914.2
1307050 2902.0
1307060 2902.0
1307070 2891.6
1307080 2882.4
1307090 2882.4
1307100 2873.2
1307110 2860.6
1307120 2860.6
1307130 2849.5
1307140 2841.1
1307150 2841.1
1307160 2831.2
1307170 2822.5
1307180 2812.7
1307190 2812.7
1307200 2803.7
1307210 2794.1
1307220 2794.1
1307230 2783.1
1307240 2773.6
1307250 2773.6
1307260 2764.0
1307270 2754.5
1307280 2754.5
1307290 2744.7
1307300 2731.2
1307310 2731.2
1307320 2712.9
1307330 2698.8
1307340 2698.8
1307350 2671.6
1307360 2646.9
1307370 2625.4
1307380 2625.4
1307390 2615.5
1307400 2609.2
1307410 2609.2
1307420 2604.7
1307430 2602.7
1307440 2602.7
1307450 2600.1
1307460 2594.2
1307470 2594.2
1307480 2587.0
1307490 2578.8
1307500 2578.8
1307510 2571.1
1307520 2564.5
1307530 2564.5
1307540 2558.5
1307550 2553.3
1307560 2553.3
1307570 2548.8
1307580 2545.0
1307590 2541.2
1307600 2541.2
1307610 2537.5
1307620 2533.8
1307630 2533.8
1307640 2530.0
1307650 2525.3
1307660 2525.3
1307670 2519.8
1307680 2515.2
1307690 2515.2
1307700 2510.1
1307710 2507.1
1307720 2507.1
1307730 2504.5
1307740 2502.6
1307750 2502.6
1307760 2504.5
1307770 2506.8
1307780 2506.8
1307790 2506.9
1307800 2506.2
1307810 2505.1
1307820 2505.1
1307830 2503.8
1307840 2503.0
1307850 2503.0
1307860 2501.9
1307870 2499.8
1307880 2499.8
1307890 2497.7
1307900 2495.4
1307910 2495.4
1307920 2492.5
1307930 2491.7
1307940 2491.7
1307950 2493.9
1307960 2496.7
1307970 2496.7
1307980 2502.1
1307990 2505.2
1308000 2504.4
1308010 2504.4
1308020 2502.9
1308030 2500.2
1308040 2500.2
1308050 2497.9
1308060 2497.6
1308070 2497.6
1308080 2494.4
1308090 2492.0
1308100 2492.0
1308110 2489.4
1308120 2486.9
1308130 2486.9
1308140 2485.3
1308150 2484.6
1308160 2484.6
1308170 2485.7
1308180 2484.6
1308190 2484.6
1308200 2482.2
1308210 2481.0
1308220 2480.6
1308230 2480.6
1308240 2478.3
1308250 2476.8
1308260 2476.8
1308270 2475.3
1308280 2474.7
1308290 2474.7
1308300 2475.8
1308310 2476.9
1308320 2476.9
1308330 2466.4
1308340 2448.3
1308350 2448.3
1308360 2439.0
1308370 2431.0
1308380 2431.0
1308390 2423.5
1308400 2417.1
1308410 2417.1
1308420 2411.6
1308430 2406.8
1308440 2403.4
1308450 2403.4
1308460 2401.2
1308470 2399.7
1308480 2399.7
1308490 2399.6
1308500 2399.4
1308510 2399.4
1308520 2399.2
1308530 2400.4
1308540 2400.4
1308550 2401.0
1308560 2400.3
1308570 2400.3
1308580 2401.4
1308590 2406.3
1308600 2406.3
1308610 2413.9
1308620 2427.8
1308630 2440.1
1308640 2440.1
1308650 2450.0
1308660 2455.7
1308670 2455.7
1308680 2460.8
1308690 2466.3
1308700 2466.3
1308710 2470.7
1308720 2471.2
1308730 2471.2
1308740 2472.1
1308750 2470.9
1308760 2470.9
1308770 2467.1
1308780 2475.4
1308790 2475.4
1308800 2471.8
1308810 2469.1
1308820 2469.1
1308830 2463.2
1308840 2461.3
1308850 2461.4
1308860 2461.4
1308870 2460.3
1308880 2462.0
1308890 2462.0
1308900 2459.5
1308910 2460.3
1308920 2460.3
1308930 2465.5
1308940 2470.7
1308950 2470.7
1308960 2471.0
1308970 2471.1
1308980 2471.1
1308990 2472.0
1309000 2472.3
1309010 2472.3
1309020 2474.9
1309030 2475.6
1309040 2475.6
1309050 2473.9
1309060 2478.7
1309070 2484.6
1309080 2484.6
1309090 2483.9
1309100 2475.4
1309110 2475.4
1309120 2465.2
1309130 2457.8
1309140 2457.8
1309150 2453.1
1309160 2447.1
1309170 2447.1
1309180 2447.4
1309190 2457.6
1309200 2457.6
1309210 2458.2
1309220 2456.3
1309230 2456.3
1309240 2448.1
1309250 2443.4
1309260 2438.8
1309270 2438.8
1309280 2428.2
1309290 2418.6
1309300 2418.6
1309310 2409.2
1309320 2405.1
1309330 2405.1
1309340 2407.0
1309350 2409.7
1309360 2409.7
1309370 2411.6
1309380 2407.4
1309390 2407.4
1309400 2401.9
1309410 2394.7
1309420 2394.7
1309430 2375.6
1309440 2351.5
1309450 2351.5
1309460 2336.5
1309470 2326.2
1309480 2316.1
1309490 2316.1
1309500 2309.5
1309510 2294.3
1309520 2294.3
1309530 2282.4
1309540 2274.1
1309550 2274.1
1309560 2268.0
1309570 2263.7
1309580 2263.7
1309590 2261.0
1309600 2259.6
1309610 2259.6
1309620 2258.5
1309630 2258.9
1309640 2258.9
1309650 2259.2
1309660 2258.7
1309670 2258.7
1309680 2259.3
1309690 2261.6
1309700 2264.9
1309710 2264.9
1309720 2271.3
1309730 2282.5
1309740 2282.5
1309750 2305.4
1309760 2329.7
1309770 2329.7
1309780 2340.6
1309790 2352.4
1309800 2352.4
1309810 2366.2
1309820 2372.9
1309830 2372.9
1309840 2376.5
1309850 2378.7
1309860 2378.7
1309870 2381.9
1309880 2385.2
1309890 2386.6
1309900 2386.6
1309910 2387.3
1309920 2393.9
1309930 2393.9
1309940 2399.9
1309950 2404.5
1309960 2404.5
1309970 2408.1
1309980 2409.4
1309990 2409.4
1310000 2391.8
1310010 2374.3
1310020 2374.3
1310030 2381.9
1310040 2384.4
1310050 2384.4
1310060 2382.5
1310070 2358.5
1310080 2358.5
1310090 2334.7
1310100 2313.2
1310110 2297.0
1310120 2297.0
1310130 2276.3
1310140 2262.0
1310150 2262.0
1310160 2250.4
1310170 2229.3
1310180 2229.3
1310190 2203.8
1310200 2192.2
1310210 2192.2
1310220 2179.0
1310230 2177.8
1310240 2177.8
1310250 2166.8
1310260 2155.5
1310270 2155.5
1310280 2144.5
1310290 2134.3
1310300 2134.3
1310310 2125.7
1310320 2117.6
1310330 2112.0
1310340 2112.0
1310350 2108.0
1310360 2105.3
1310370 2105.3
1310380 2102.0
1310390 2100.2
1310400 2100.2
1310410 2105.2
1310420 2120.5
1310430 2120.5
1310440 2148.9
1310450 2162.0
1310460 2162.0
1310470 2162.6
1310480 2160.2
1310490 2160.2
1310500 2158.7
1310510 2155.1
1310520 2148.8
1310530 2148.8
1310540 2143.6
1310550 2137.4
1310560 2137.4
1310570 2127.7
1310580 2117.7
1310590 2117.7
1310600 2109.2
1310610 2104.1
1310620 2104.1
1310630 2098.7
1310640 2093.9
1310650 2093.9
1310660 2087.2
1310670 2075.5
1310680 2075.5
1310690 2076.0
1310700 2083.8
1310710 2083.8
1310720 2088.7
1310730 2092.5
1310740 2093.7
1310750 2093.7
1310760 2096.0
1310770 2095.9
1310780 2095.9
1310790 2093.7
1310800 2091.3
1310810 2091.3
1310820 2089.0
1310830 2088.9
1310840 2088.9
1310850 2093.7
1310860 2094.8
1310870 2094.8
1310880 2093.9
1310890 2096.1
1310900 2096.1
1310910 2099.8
1310920 2102.4
1310930 2102.4
1310940 2103.1
1310950 2102.3
1310960 2108.2
1310970 2108.2
1310980 2104.9
1310990 2103.5
1311000 2103.5
1311010 2102.0
1311020 2100.9
1311030 2100.9
1311040 2104.1
1311050 2108.5
1311060 2108.5
1311070 2113.3
1311080 2119.3
1311090 2119.3
1311100 2127.7
1311110 2132.6
1311120 2132.6
1311130 2132.8
1311140 2132.2
1311150 2129.5
1311160 2129.5
1311170 2124.7
1311180 2120.8
1311190 2120.8
1311200 2120.7
1311210 2124.4
1311220 2124.4
1311230 2127.0
1311240 2129.1
1311250 2129.1
1311260 2131.5
1311270 2134.1
1311280 2134.1
1311290 2136.6
1311300 2138.3
1311310 2138.3
1311320 2139.3
1311330 2139.9
1311340 2139.9
1311350 2140.5
1311360 2141.0
1311370 2141.3
1311380 2141.3
1311390 2141.5
1311400 2141.9
1311410 2141.9
1311420 2143.4
1311430 2145.4
1311440 2145.4
1311450 2147.3
1311460 2151.2
1311470 2151.2
1311480 2157.2
1311490 2162.2
1311500 2162.2
1311510 2166.5
1311520 2170.6
1311530 2170.6
1311540 2174.5
1311550 2179.8
1311560 2179.8
1311570 2186.0
1311580 2191.0
1311590 2192.8
1311600 2192.8
1311610 2192.2
1311620 2191.5
1311630 2191.5
1311640 2191.9
1311650 2193.0
1311660 2193.0
1311670 2192.7
1311680 2192.6
1311690 2193.3
1311700 2192.4
1311710 2192.3
1311720 2192.3
1311730 2191.6
1311740 2189.7
1311750 2189.7
1311760 2187.5
1311770 2184.3
1311780 2182.6
1311790 2182.6
1311800 2181.0
1311810 2178.6
1311820 2178.6
1311830 2173.6
1311840 2171.2
1311850 2171.2
1311860 2169.5
1311870 2165.8
1311880 2165.8
1311890 2161.9
1311900 2158.1
1311910 2158.1
1311920 2155.6
1311930 2151.0
1311940 2151.0
1311950 2146.6
1311960 2142.7
1311970 2142.7
1311980 2138.6
1311990 2134.2
1312000 2130.8
1312010 2130.8
1312020 2127.6
1312030 2125.0
1312040 2125.0
1312050 2121.2
1312060 2118.2
1312070 2118.2
1312080 2116.1
1312090 2113.7
1312100 2113.7
1312110 2111.2
1312120 2108.0
1312130 2108.0
1312140 2105.5
1312150 2103.1
1312160 2103.1
1312170 2100.5
1312180 2099.2
1312190 2099.2
1312200 2097.0
1312210 2092.4
1312220 2090.8
1312230 2090.8
1312240 2087.2
1312250 2082.5
1312260 2082.5
1312270 2079.1
1312280 2075.8
1312290 2075.8
1312300 2071.2
1312310 2068.3
1312320 2068.3
1312330 2065.2
1312340 2063.5
1312350 2063.5
1312360 2061.8
1312370 2061.2
1312380 2061.2
1312390 2060.8
1312400 2059.3
1312410 2057.9
1312420 2061.2
1312430 2058.7
1312440 2056.1
1312450 2056.1
1312460 2052.5
1312470 2047.8
1312480 2047.8
1312490 2044.2
1312500 2040.6
1312510 2040.6
1312520 2034.0
1312530 2026.4
1312540 2026.4
1312550 2018.7
1312560 2010.8
1312570 2010.8
1312580 2003.1
1312590 1996.4
1312600 1996.4
1312610 1991.4
1312620 1987.2
1312630 1982.2
1312640 1982.2
1312650 1977.4
1312660 1971.5
1312670 1971.5
1312680 1966.4
1312690 1962.6
1312700 1962.6
1312710 1961.1
1312720 1955.6
1312730 1955.6
1312740 1950.2
1312750 1946.4
1312760 1946.4
1312770 1941.9
1312780 1938.7
1312790 1938.7
1312800 1934.3
1312810 1928.7
1312820 1928.7
1312830 1924.5
1312840 1924.6
1312850 1923.5
1312860 1923.5
1312870 1920.7
1312880 1918.5
1312890 1918.5
1312900 1916.0
1312910 1910.2
1312920 1910.2
1312930 1904.3
1312940 1901.4
1312950 1901.4
1312960 1897.8
1312970 1895.8
1312980 1895.8
1312990 1895.4
1313000 1896.1
1313010 1896.1
1313020 1894.6
1313030 1890.5
1313040 1886.8
1313050 1886.8
1313060 1881.0
1313070 1875.0
1313080 1875.0
1313090 1868.7
1313100 1866.9
1313110 1866.9
1313120 1866.3
1313130 1865.9
1313140 1865.9
1313150 1865.2
1313160 1864.8
1313170 1864.8
1313180 1863.7
1313190 1862.3
1313200 1862.3
1313210 1861.6
1313220 1861.5
1313230 1861.5
1313240 1861.5
1313250 1861.6
1313260 1861.8
1313270 1861.8
1313280 1862.1
1313290 1862.5
1313300 1862.5
1313310 1863.3
1313320 1863.6
1313330 1863.6
1313340 1863.8
1313350 1863.8
1313360 1863.8
1313370 1863.7
1313380 1863.5
1313390 1863.5
1313400 1863.7
1313410 1864.1
1313420 1864.1
1313430 1864.2
1313440 1864.2
1313450 1864.2
1313460 1864.8
1313470 1866.1
1313480 1867.0
1313490 1867.0
1313500 1868.0
1313510 1868.8
1313520 1868.8
1313530 1868.6
1313540 1867.4
1313550 1867.4
1313560 1866.8
1313570 1867.3
1313580 1867.3
1313590 1867.5
1313600 1867.6
1313610 1867.6
1313620 1868.6
1313630 1870.6
1313640 1870.6
1313650 1873.3
1313660 1875.0
1313670 1875.4
1313680 1875.4
1313690 1875.1
1313700 1875.1
1313710 1875.1
1313720 1875.1
1313730 1874.6
1313740 1874.6
1313750 1875.0
1313760 1875.8
1313770 1875.8
1313780 1877.1
1313790 1880.0
1313800 1880.0
1313810 1883.6
1313820 1885.7
1313830 1885.7
1313840 1888.3
1313850 1891.0
1313860 1891.0
1313870 1893.6
1313880 1896.2
1313890 1899.7
1313900 1898.0
1313910 1901.4
1313920 1904.1
1313930 1904.1
1313940 1908.0
1313950 1911.9
1313960 1911.9
1313970 1915.7
1313980 1919.6
1313990 1919.6
1314000 1923.4
1314010 1927.0
1314020 1927.0
1314030 1930.2
1314040 1933.8
1314050 1933.8
1314060 1938.6
1314070 1943.4
1314080 1947.3
1314090 1947.3
1314100 1951.0
1314110 1954.9
1314120 1954.9
1314130 1958.8
1314140 1961.9
1314150 1961.9
1314160 1964.0
1314170 1965.0
1314180 1965.0
1314190 1968.1
1314200 1972.2
1314210 1972.2
1314220 1977.3
1314230 1982.9
1314240 1982.9
1314250 1989.2
1314260 1995.3
1314270 1995.3
1314280 2000.4
1314290 2005.0
1314300 2008.4
1314310 2008.4
1314320 2011.5
1314330 2016.0
1314340 2016.0
1314350 2020.2
1314360 2025.3
1314370 2025.3
1314380 2029.9
1314390 2032.9
1314400 2032.9
1314410 2034.8
1314420 2036.8
1314430 2036.8
1314440 2036.4
1314450 2036.5
1314460 2036.5
1314470 2037.0
1314480 2035.8
1314490 2035.8
1314500 2034.9
1314510 2036.6
1314520 2037.3
1314530 2037.3
1314540 2038.8
1314550 2041.8
1314560 2041.8
1314570 2044.1
1314580 2046.0
1314590 2046.0
1314600 2049.8
1314610 2052.8
1314620 2052.8
1314630 2056.0
1314640 2058.6
1314650 2058.6
1314660 2059.9
1314670 2062.0
1314680 2062.0
1314690 2065.0
1314700 2067.5
1314710 2068.7
1314720 2068.7
1314730 2069.3
1314740 2070.3
1314750 2070.3
1314760 2071.6
1314770 2072.7
1314780 2072.7
1314790 2074.4
1314800 2075.8
1314810 2075.8
1314820 2075.7
1314830 2076.2
1314840 2076.2
1314850 2077.2
1314860 2077.8
1314870 2077.8
1314880 2078.3
1314890 2078.5
1314900 2078.5
1314910 2079.2
1314920 2080.0
1314930 2080.6
1314940 2080.6
1314950 2080.7
1314960 2080.2
1314970 2080.2
1314980 2079.7
1314990 2080.2
1315000 2080.2
1315010 2079.4
1315020 2078.7
1315030 2078.7
1315040 2077.5
1315050 2076.6
1315060 2076.6
1315070 2074.8
1315080 2072.0
1315090 2072.0
1315100 2071.1
1315110 2070.2
1315120 2070.2
1315130 2068.7
1315140 2067.9
1315150 2068.4
1315160 2068.4
1315170 2068.4
1315180 2068.3
1315190 2068.3
1315200 2067.6
1315210 2066.5
1315220 2066.5
1315230 2067.8
1315240 2067.0
1315250 2067.0
1315260 2062.9
1315270 2059.3
1315280 2059.3
1315290 2058.1
1315300 2057.3
1315310 2057.3
1315320 2056.6
1315330 2056.0
1315340 2056.0
1315350 2056.0
1315360 2057.9
1315370 2063.0
1315380 2063.0
1315390 2067.9
1315400 2070.8
1315410 2070.8
1315420 2072.5
1315430 2072.4
1315440 2072.4
1315450 2073.3
1315460 2075.7
1315470 2075.7
1315480 2078.2
1315490 2081.4
1315500 2081.4
1315510 2085.2
1315520 2089.0
1315530 2089.0
1315540 2092.9
1315550 2098.0
1315560 2104.2
1315570 2104.2
1315580 2109.0
1315590 2113.3
1315600 2113.3
1315610 2117.4
1315620 2121.5
1315630 2121.5
1315640 2125.8
1315650 2129.2
1315660 2129.2
1315670 2132.6
1315680 2135.8
1315690 2135.8
1315700 2138.9
1315710 2142.7
1315720 2142.7
1315730 2147.4
1315740 2152.4
1315750 2152.4
1315760 2158.8
1315770 2165.4
1315780 2172.0
1315790 2172.0
1315800 2177.8
1315810 2184.3
1315820 2184.3
1315830 2190.2
1315840 2194.5
1315850 2194.5
1315860 2198.7
1315870 2202.1
1315880 2202.1
1315890 2206.2
1315900 2211.4
1315910 2211.4
1315920 2217.9
1315930 2223.6
1315940 2223.6
1315950 2229.6
1315960 2235.3
1315970 2240.6
1315980 2240.6
1315990 2245.9
1316000 2250.4
1316010 2250.4
1316020 2252.5
1316030 2254.6
1316040 2254.6
1316050 2256.8
1316060 2259.1
1316070 2259.1
1316080 2261.6
1316090 2263.5
1316100 2263.5
1316110 2263.6
1316120 2262.3
1316130 2262.3
1316140 2263.6
1316150 2264.4
1316160 2264.4
1316170 2266.9
1316180 2269.7
1316190 2269.7
1316200 2269.7
1316210 2267.0
1316220 2262.8
1316230 2262.8
1316240 2259.8
1316250 2261.4
1316260 2261.4
1316270 2262.9
1316280 2262.5
1316290 2262.5
1316300 2261.8
1316310 2258.7
1316320 2258.7
1316330 2255.0
1316340 2250.9
1316350 2250.9
1316360 2247.1
1316370 2241.6
1316380 2241.6
1316390 2231.2
1316400 2227.5
1316410 2217.9
1316420 2217.9
1316430 2207.7
1316440 2190.1
1316450 2190.1
1316460 2182.1
1316470 2179.9
1316480 2179.9
1316490 2180.5
1316500 2169.5
1316510 2169.5
1316520 2159.6
1316530 2154.0
1316540 2154.0
1316550 2149.1
1316560 2146.0
1316570 2146.0
1316580 2142.7
1316590 2139.9
1316600 2137.9
1316610 2137.9
1316620 2136.4
1316630 2135.1
1316640 2135.1
1316650 2134.1
1316660 2133.3
1316670 2133.3
1316680 2132.8
1316690 2131.8
1316700 2131.8
1316710 2131.2
1316720 2131.1
1316730 2131.1
1316740 2131.3
1316750 2131.6
1316760 2131.6
1316770 2132.1
1316780 2133.0
1316790 2133.0
1316800 2133.9
1316810 2134.7
1316820 2135.8
1316830 2135.8
1316840 2136.6
1316850 2137.0
1316860 2137.0
1316870 2136.9
1316880 2136.9
1316890 2136.9
1316900 2136.8
1316910 2136.0
1316920 2136.0
1316930 2135.8
1316940 2135.3
1316950 2135.3
1316960 2134.9
1316970 2133.8
1316980 2133.8
1316990 2132.7
1317000 2132.8
1317010 2132.8
1317020 2133.5
1317030 2133.8
1317040 2133.3
1317050 2133.3
1317060 2133.1
1317070 2131.8
1317080 2131.8
1317090 2131.8
1317100 2131.7
1317110 2131.7
1317120 2132.4
1317130 2132.1
1317140 2132.1
1317150 2130.3
1317160 2130.2
1317170 2130.2
1317180 2130.4
1317190 2130.8
1317200 2130.8
1317210 2131.0
1317220 2131.2
1317230 2131.7
1317240 2131.7
1317250 2131.9
1317260 2132.2
1317270 2132.2
1317280 2132.5
1317290 2132.7
1317300 2132.7
1317310 2133.0
1317320 2133.3
1317330 2133.3
1317340 2133.8
1317350 2134.1
1317360 2134.1
1317370 2134.4
1317380 2135.0
1317390 2135.0
1317400 2135.6
1317410 2136.2
1317420 2136.2
1317430 2136.9
1317440 2137.6
1317450 2138.3
1317460 2138.3
1317470 2139.0
1317480 2139.9
1317490 2139.9
1317500 2140.8
1317510 2142.1
1317520 2142.1
1317530 2143.8
1317540 2145.9
1317550 2145.9
1317560 2148.2
1317570 2151.0
1317580 2151.0
1317590 2153.2
1317600 2155.1
1317610 2155.1
1317620 2157.2
1317630 2159.9
1317640 2159.9
1317650 2161.5
1317660 2163.7
1317670 2166.5
1317680 2166.5
1317690 2169.5
1317700 2172.6
1317710 2172.6
1317720 2175.9
1317730 2179.2
1317740 2179.2
1317750 2183.3
1317760 2187.3
1317770 2187.3
1317780 2191.5
1317790 2195.7
1317800 2195.7
1317810 2199.7
1317820 2203.9
1317830 2203.9
1317840 2208.2
1317850 2212.3
1317860 2216.9
1317870 2216.9
1317880 2222.0
1317890 2228.1
1317900 2228.1
1317910 2234.7
1317920 2241.6
1317930 2241.6
1317940 2246.3
1317950 2251.5
1317960 2251.5
1317970 2258.2
1317980 2265.9
1317990 2265.9
1318000 2273.7
1318010 2278.7
1318020 2278.7
1318030 2282.9
1318040 2287.6
1318050 2287.6
1318060 2292.3
1318070 2298.4
1318080 2309.5
1318090 2309.5
1318100 2319.2
1318110 2329.4
1318120 2329.4
1318130 2341.8
1318140 2358.7
1318150 2358.7
1318160 2375.4
1318170 2388.5
1318180 2388.5
1318190 2398.8
1318200 2407.0
1318210 2407.0
1318220 2415.5
1318230 2423.5
1318240 2423.5
1318250 2430.8
1318260 2438.8
1318270 2438.8
1318280 2446.3
1318290 2450.6
1318300 2453.7
1318310 2453.7
1318320 2456.8
1318330 2460.1
1318340 2460.1
1318350 2463.3
1318360 2466.4
1318370 2466.4
1318380 2469.3
1318390 2472.2
1318400 2472.2
1318410 2474.6
1318420 2467.1
1318430 2467.1
1318440 2465.8
1318450 2463.7
1318460 2463.7
1318470 2457.3
1318480 2450.1
1318490 2447.2
1318500 2447.2
1318510 2448.5
1318520 2451.4
1318530 2451.4
1318540 2456.8
1318550 2461.7
1318560 2461.7
1318570 2465.3
1318580 2467.7
1318590 2467.7
1318600 2468.7
1318610 2468.9
1318620 2468.9
1318630 2469.2
1318640 2469.7
1318650 2469.7
1318660 2471.0
1318670 2473.4
1318680 2473.4
1318690 2474.4
1318700 2476.6
1318710 2480.6
1318720 2480.6
1318730 2484.4
1318740 2489.1
1318750 2489.1
1318760 2493.7
1318770 2498.9
1318780 2498.9
1318790 2504.5
1318800 2511.0
1318810 2511.0
1318820 2517.7
1318830 2527.6
1318840 2527.6
1318850 2536.7
1318860 2544.5
1318870 2544.5
1318880 2551.1
1318890 2557.2
1318900 2557.2
1318910 2563.0
1318920 2568.6
1318930 2573.8
1318940 2573.8
1318950 2578.7
1318960 2583.4
1318970 2583.4
1318980 2587.3
1318990 2590.6
1319000 2590.6
1319010 2593.6
1319020 2596.9
1319030 2596.9
1319040 2599.8
1319050 2602.9
1319060 2602.9
1319070 2606.3
1319080 2609.9
1319090 2609.9
1319100 2613.5
1319110 2616.5
1319120 2619.3
1319130 2619.3
1319140 2622.3
1319150 2625.6
1319160 2625.6
1319170 2629.0
1319180 2632.2
1319190 2632.2
1319200 2634.8
1319210 2637.4
1319220 2637.4
1319230 2640.2
1319240 2642.5
1319250 2642.5
1319260 2645.0
1319270 2647.8
1319280 2647.8
1319290 2650.6
1319300 2653.1
1319310 2653.1
1319320 2655.7
1319330 2658.3
1319340 2662.1
1319350 2662.1
1319360 2666.5
1319370 2671.5
1319380 2671.5
1319390 2676.4
1319400 2682.0
1319410 2682.0
1319420 2687.3
1319430 2693.2
1319440 2693.2
1319450 2696.5
1319460 2699.1
1319470 2699.1
1319480 2701.6
1319490 2704.4
1319500 2704.4
1319510 2706.6
1319520 2708.2
1319530 2708.2
1319540 2710.2
1319550 2712.9
1319560 2715.6
1319570 2715.6
1319580 2718.1
1319590 2720.4
1319600 2720.4
1319610 2721.9
1319620 2724.0
1319630 2724.0
1319640 2726.9
1319650 2730.1
1319660 2730.1
1319670 2732.9
1319680 2735.4
1319690 2735.4
1319700 2737.1
1319710 2738.7
1319720 2738.7
1319730 2740.9
1319740 2743.7
1319750 2747.0
1319760 2747.0
1319770 2750.8
1319780 2754.0
1319790 2754.0
1319800 2757.0
1319810 2759.6
1319820 2759.6
1319830 2761.8
1319840 2763.8
1319850 2763.8
1319860 2766.3
1319870 2768.9
1319880 2768.9
1319890 2771.7
1319900 2775.7
1319910 2775.7
1319920 2780.5
1319930 2784.4
1319940 2784.4
1319950 2789.8
1319960 2794.5
1319970 2798.8
1319980 2798.8
1319990 2804.5
