1300000 2018.5
1300010 2014.8
1300020 2010.8
1300030 2010.8
1300040 2007.0
1300050 2004.7
1300060 2004.7
1300070 2001.5
1300080 1998.5
1300090 1998.5
1300100 1995.9
1300110 1994.0
1300120 1994.0
1300130 1992.3
1300140 1983.2
1300150 1983.2
1300160 1979.5
1300170 1976.0
1300180 1976.0
1300190 1972.3
1300200 1968.3
1300210 1968.3
1300220 1963.8
1300230 1960.0
1300240 1957.5
1300250 1957.5
1300260 1954.7
1300270 1951.8
1300280 1951.8
1300290 1948.6
1300300 1944.4
1300310 1944.4
1300320 1940.4
1300330 1936.7
1300340 1936.7
1300350 1933.2
1300360 1929.6
1300370 1929.6
1300380 1926.5
1300390 1922.7
1300400 1922.7
1300410 1919.0
1300420 1914.4
1300430 1914.4
1300440 1910.0
1300450 1906.2
1300460 1902.5
1300470 1902.5
1300480 1897.5
1300490 1891.4
1300500 1891.4
1300510 1886.1
1300520 1879.3
1300530 1879.3
1300540 1873.3
1300550 1868.4
1300560 1868.4
1300570 1864.2
1300580 1859.5
1300590 1859.5
1300600 1856.7
1300610 1852.7
1300620 1852.7
1300630 1847.1
1300640 1844.0
1300650 1841.8
1300660 1841.8
1300670 1837.6
1300680 1834.6
1300690 1834.6
1300700 1832.4
1300710 1831.2
1300720 1831.2
1300730 1830.3
1300740 1829.4
1300750 1829.4
1300760 1827.6
1300770 1825.5
1300780 1825.5
1300790 1823.7
1300800 1822.9
1300810 1822.9
1300820 1822.0
1300830 1821.3
1300840 1821.3
1300850 1820.4
1300860 1819.8
1300870 1818.6
1300880 1818.6
1300890 1816.9
1300900 1815.1
1300910 1815.1
1300920 1814.3
1300930 1815.4
1300940 1815.4
1300950 1816.0
1300960 1816.3
1300970 1816.3
1300980 1815.9
1300990 1816.7
1301000 1816.7
1301010 1817.3
1301020 1817.2
1301030 1817.2
1301040 1817.5
1301050 1818.8
1301060 1820.9
1301070 1820.9
1301080 1822.6
1301090 1823.2
1301100 1823.2
1301110 1825.2
1301120 1827.6
1301130 1827.6
1301140 1829.8
1301150 1832.1
1301160 1832.1
1301170 1834.4
1301180 1836.0
1301190 1836.0
1301200 1838.7
1301210 1841.5
1301220 1841.5
1301230 1844.1
1301240 1848.2
1301250 1848.2
1301260 1852.7
1301270 1856.9
1301280 1861.4
1301290 1861.4
1301300 1865.1
1301310 1868.6
1301320 1868.6
1301330 1872.7
1301340 1875.9
1301350 1875.9
1301360 1878.5
1301370 1880.0
1301380 1880.0
1301390 1879.8
1301400 1884.3
1301410 1884.3
1301420 1887.9
1301430 1891.5
1301440 1891.5
1301450 1895.7
1301460 1901.0
1301470 1901.0
1301480 1905.6
1301490 1909.6
1301500 1914.2
1301510 1914.2
1301520 1925.4
1301530 1928.0
1301540 1928.0
1301550 1930.6
1301560 1933.4
1301570 1933.4
1301580 1936.6
1301590 1939.7
1301600 1939.7
1301610 1942.9
1301620 1947.8
1301630 1947.8
1301640 1951.6
1301650 1955.0
1301660 1955.0
1301670 1960.2
1301680 1966.5
1301690 1971.7
1301700 1971.7
1301710 1976.2
1301720 1982.6
1301730 1982.6
1301740 1989.8
1301750 1994.8
1301760 1994.8
1301770 2001.3
1301780 2009.6
1301790 2009.6
1301800 2017.9
1301810 2027.4
1301820 2027.4
1301830 2036.0
1301840 2042.5
1301850 2042.5
1301860 2048.0
1301870 2053.6
1301880 2053.6
1301890 2059.8
1301900 2066.3
1301910 2071.0
1301920 2071.0
1301930 2075.4
1301940 2081.0
1301950 2081.0
1301960 2086.8
1301970 2091.7
1301980 2091.7
1301990 2095.9
1302000 2099.6
1302010 2099.6
1302020 2105.6
1302030 2111.6
1302040 2111.6
1302050 2115.5
1302060 2120.6
1302070 2120.6
1302080 2124.9
1302090 2129.4
1302100 2129.4
1302110 2133.1
1302120 2137.0
1302130 2138.8
1302140 2138.8
1302150 2143.5
1302160 2147.4
1302170 2147.4
1302180 2150.8
1302190 2153.0
1302200 2153.0
1302210 2159.8
1302220 2160.6
1302230 2160.6
1302240 2158.6
1302250 2155.9
1302260 2155.9
1302270 2153.3
1302280 2149.0
1302290 2149.0
1302300 2142.1
1302310 2130.7
1302320 2123.6
1302330 2123.6
1302340 2115.7
1302350 2106.7
1302360 2106.7
1302370 2101.2
1302380 2096.4
1302390 2096.4
1302400 2088.6
1302410 2080.9
1302420 2080.9
1302430 2072.2
1302440 2061.9
1302450 2061.9
1302460 2052.9
1302470 2041.6
1302480 2041.6
1302490 2028.4
1302500 2015.3
1302510 2015.3
1302520 2002.7
1302530 1994.1
1302540 1986.4
1302550 1986.4
1302560 1980.0
1302570 1972.2
1302580 1972.2
1302590 1965.7
1302600 1959.7
1302610 1959.7
1302620 1953.1
1302630 1945.9
1302640 1945.9
1302650 1936.4
1302660 1929.3
1302670 1929.3
1302680 1924.6
1302690 1918.7
1302700 1918.7
1302710 1912.3
1302720 1905.0
1302730 1905.0
1302740 1892.7
1302750 1885.1
1302760 1876.0
1302770 1876.0
1302780 1867.8
1302790 1860.4
1302800 1860.4
1302810 1852.9
1302820 1845.7
1302830 1845.7
1302840 1839.2
1302850 1831.8
1302860 1831.8
1302870 1821.9
1302880 1812.9
1302890 1812.9
1302900 1806.8
1302910 1805.8
1302920 1805.8
1302930 1799.4
1302940 1792.0
1302950 1784.6
1302960 1784.6
1302970 1777.6
1302980 1771.8
1302990 1771.8
1303000 1770.8
1303010 1770.8
1303020 1770.8
1303030 1770.8
1303040 1770.8
1303050 1770.8
1303060 1770.8
1303070 1770.8
1303080 1770.8
1303090 1770.8
1303100 1770.8
1303110 1770.8
1303120 1770.8
1303130 1770.8
1303140 1770.8
1303150 1770.8
1303160 1770.8
1303170 1770.8
1303180 1770.8
1303190 1770.8
1303200 1770.8
1303210 1770.8
1303220 1770.8
1303230 1770.8
1303240 1770.8
1303250 1770.8
1303260 1770.8
1303270 1770.8
1303280 1770.8
1303290 1770.8
1303300 1770.8
1303310 1770.8
1303320 1770.8
1303330 1770.8
1303340 1770.8
1303350 1770.8
1303360 1770.8
1303370 1770.8
1303380 1770.8
1303390 1770.8
1303400 1770.8
1303410 1770.8
1303420 1770.8
1303430 1770.8
1303440 1770.8
1303450 1770.8
1303460 1770.8
1303470 1770.8
1303480 1770.8
1303490 1770.8
1303500 1770.8
1303510 1770.8
1303520 1770.8
1303530 1770.8
1303540 1770.8
1303550 1770.8
1303560 1770.8
1303570 1770.8
1303580 1770.8
1303590 1770.8
1303600 1770.8
1303610 1770.8
1303620 1770.8
1303630 1770.8
1303640 1770.8
1303650 1770.8
1303660 1770.8
1303670 1770.8
1303680 1770.8
1303690 1770.8
1303700 1770.8
1303710 1770.8
1303720 1770.8
1303730 1770.8
1303740 1770.8
1303750 1770.8
1303760 1770.8
1303770 1770.8
1303780 1770.8
1303790 1770.8
1303800 1770.8
1303810 1770.8
1303820 1770.8
1303830 1770.8
1303840 1770.8
1303850 1770.8
1303860 1770.8
1303870 1770.8
1303880 1770.8
1303890 1770.8
1303900 1770.8
1303910 1770.8
1303920 1770.8
1303930 1770.8
1303940 1770.8
1303950 1770.8
1303960 1770.8
1303970 1770.8
1303980 1770.9
1303990 1770.9
1304000 1772.5
1304010 1777.7
1304020 1785.2
1304030 1785.2
1304040 1792.4
1304050 1800.7
1304060 1800.7
1304070 1811.4
1304080 1821.9
1304090 1821.9
1304100 1830.6
1304110 1838.5
1304120 1838.5
1304130 1846.7
1304140 1850.9
1304150 1850.9
1304160 1857.0
1304170 1864.3
1304180 1864.3
1304190 1872.3
1304200 1881.9
1304210 1893.3
1304220 1893.3
1304230 1903.6
1304240 1915.9
1304250 1915.9
1304260 1927.7
1304270 1937.3
1304280 1937.3
1304290 1946.3
1304300 1953.8
1304310 1946.4
1304320 1955.2
1304330 1965.3
1304340 1965.3
1304350 1975.0
1304360 1982.6
1304370 1982.6
1304380 1981.0
1304390 1969.3
1304400 1969.3
1304410 1963.5
1304420 1965.9
1304430 1970.6
1304440 1970.6
1304450 1976.9
1304460 1983.6
1304470 1983.6
1304480 1992.5
1304490 2001.9
1304500 2001.9
1304510 2009.0
1304520 2010.0
1304530 2010.0
1304540 2013.2
1304550 2019.7
1304560 2019.7
1304570 2029.0
1304580 2040.5
1304590 2040.5
1304600 2053.3
1304610 2065.3
1304620 2065.3
1304630 2079.2
1304640 2090.3
1304650 2098.1
1304660 2098.1
1304670 2105.5
1304680 2112.7
1304690 2112.7
1304700 2119.0
1304710 2124.4
1304720 2124.4
1304730 2129.7
1304740 2134.4
1304750 2134.4
1304760 2136.3
1304770 2137.7
1304780 2137.7
1304790 2141.9
1304800 2145.3
1304810 2145.3
1304820 2145.9
1304830 2144.0
1304840 2140.7
1304850 2140.7
1304860 2139.2
1304870 2141.2
1304880 2141.2
1304890 2143.5
1304900 2143.8
1304910 2143.8
1304920 2145.2
1304930 2147.9
1304940 2147.9
1304950 2150.1
1304960 2151.5
1304970 2151.5
1304980 2153.3
1304990 2157.5
1305000 2157.5
1305010 2161.6
1305020 2168.0
1305030 2168.0
1305040 2174.4
1305050 2181.1
1305060 2188.3
1305070 2188.3
1305080 2195.6
1305090 2204.1
1305100 2204.1
1305110 2213.0
1305120 2223.3
1305130 2223.3
1305140 2233.2
1305150 2242.0
1305160 2242.0
1305170 2251.0
1305180 2258.9
1305190 2258.9
1305200 2263.7
1305210 2269.9
1305220 2269.9
1305230 2276.7
1305240 2282.8
1305250 2288.2
1305260 2288.2
1305270 2293.7
1305280 2299.2
1305290 2299.2
1305300 2304.1
1305310 2310.0
1305320 2310.0
1305330 2316.4
1305340 2323.2
1305350 2323.2
1305360 2330.0
1305370 2336.8
1305380 2336.8
1305390 2344.1
1305400 2350.6
1305410 2350.6
1305420 2357.1
1305430 2363.2
1305440 2363.2
1305450 2368.5
1305460 2373.9
1305470 2380.5
1305480 2380.5
1305490 2386.4
1305500 2390.8
1305510 2390.8
1305520 2394.2
1305530 2396.0
1305540 2396.0
1305550 2395.6
1305560 2396.0
1305570 2396.0
1305580 2398.5
1305590 2398.7
1305600 2398.7
1305610 2399.3
1305620 2399.5
1305630 2399.5
1305640 2400.4
1305650 2402.0
1305660 2402.0
1305670 2403.7
1305680 2405.4
1305690 2406.6
1305700 2406.6
1305710 2407.4
1305720 2402.0
1305730 2402.0
1305740 2404.9
1305750 2408.0
1305760 2408.0
1305770 2412.9
1305780 2418.4
1305790 2418.4
1305800 2422.7
1305810 2425.3
1305820 2425.3
1305830 2426.3
1305840 2427.8
1305850 2427.8
1305860 2431.3
1305870 2434.6
1305880 2438.0
1305890 2438.0
1305900 2440.9
1305910 2444.0
1305920 2444.0
1305930 2447.0
1305940 2450.4
1305950 2450.4
1305960 2453.3
1305970 2455.9
1305980 2455.9
1305990 2458.6
1306000 2461.5
1306010 2461.5
1306020 2466.7
1306030 2472.6
1306040 2472.6
1306050 2477.5
1306060 2482.9
1306070 2482.9
1306080 2486.9
1306090 2490.5
1306100 2494.6
1306110 2494.6
1306120 2498.3
1306130 2501.4
1306140 2501.4
1306150 2504.7
1306160 2508.3
1306170 2508.3
1306180 2511.4
1306190 2514.9
1306200 2514.9
1306210 2518.1
1306220 2521.8
1306230 2521.8
1306240 2525.2
1306250 2527.8
1306260 2527.8
1306270 2531.0
1306280 2535.4
1306290 2535.4
1306300 2539.3
1306310 2543.4
1306320 2547.7
1306330 2547.7
1306340 2552.4
1306350 2556.5
1306360 2556.5
1306370 2560.3
1306380 2564.1
1306390 2564.1
1306400 2567.2
1306410 2571.1
1306420 2571.1
1306430 2575.5
1306440 2580.4
1306450 2580.4
1306460 2585.0
1306470 2589.4
1306480 2589.4
1306490 2594.4
1306500 2599.4
1306510 2604.7
1306520 2604.7
1306530 2610.2
1306540 2616.2
1306550 2616.2
1306560 2622.6
1306570 2629.2
1306580 2629.2
1306590 2635.9
1306600 2642.7
1306610 2642.7
1306620 2649.6
1306630 2656.4
1306640 2656.4
1306650 2664.0
1306660 2676.5
1306670 2676.5
1306680 2691.2
1306690 2706.5
1306700 2706.5
1306710 2726.6
1306720 2736.6
1306730 2749.0
1306740 2749.0
1306750 2759.5
1306760 2769.1
1306770 2769.1
1306780 2777.8
1306790 2785.7
1306800 2785.7
1306810 2794.4
1306820 2806.0
1306830 2806.0
1306840 2816.7
1306850 2827.7
1306860 2827.7
1306870 2839.4
1306880 2850.9
1306890 2850.9
1306900 2865.7
1306910 2878.9
1306920 2878.9
1306930 2893.1
1306940 2907.5
1306950 2923.0
1306960 2923.0
1306970 2929.5
1306980 2927.4
1306990 2927.4
1307000 2928.3
1307010 2931.3
1307020 2931.3
1307030 2935.6
1307040 2936.7
1307050 2936.7
1307060 2934.5
1307070 2924.2
1307080 2924.2
1307090 2914.4
1307100 2905.8
1307110 2905.8
1307120 2895.8
1307130 2886.2
1307140 2884.4
1307150 2884.4
1307160 2872.8
1307170 2861.8
1307180 2861.8
1307190 2849.4
1307200 2837.2
1307210 2837.2
1307220 2829.2
1307230 2821.5
1307240 2821.5
1307250 2813.4
1307260 2804.9
1307270 2804.9
1307280 2790.9
1307290 2773.2
1307300 2773.2
1307310 2751.1
1307320 2728.6
1307330 2728.6
1307340 2711.5
1307350 2698.5
1307360 2691.8
1307370 2691.8
1307380 2685.6
1307390 2679.5
1307400 2679.5
1307410 2674.5
1307420 2670.6
1307430 2670.6
1307440 2666.7
1307450 2665.2
1307460 2665.2
1307470 2665.6
1307480 2664.6
1307490 2664.6
1307500 2661.3
1307510 2657.6
1307520 2657.6
1307530 2653.9
1307540 2649.3
1307550 2649.3
1307560 2645.2
1307570 2641.3
1307580 2636.7
1307590 2636.7
1307600 2632.8
1307610 2628.5
1307620 2628.5
1307630 2623.5
1307640 2617.8
1307650 2617.8
1307660 2611.7
1307670 2605.1
1307680 2605.1
1307690 2599.7
1307700 2590.3
1307710 2590.3
1307720 2575.2
1307730 2564.5
1307740 2564.5
1307750 2557.8
1307760 2556.5
1307770 2557.8
1307780 2557.8
1307790 2559.2
1307800 2558.9
1307810 2558.9
1307820 2557.1
1307830 2555.5
1307840 2555.5
1307850 2560.2
1307860 2559.0
1307870 2559.0
1307880 2557.9
1307890 2556.3
1307900 2556.3
1307910 2554.2
1307920 2552.4
1307930 2552.4
1307940 2550.3
1307950 2547.8
1307960 2547.8
1307970 2544.9
1307980 2541.8
1307990 2538.9
1308000 2538.9
1308010 2537.6
1308020 2537.1
1308030 2537.1
1308040 2537.0
1308050 2537.0
1308060 2537.0
1308070 2537.5
1308080 2538.6
1308090 2538.6
1308100 2540.7
1308110 2543.0
1308120 2543.0
1308130 2542.5
1308140 2541.5
1308150 2541.5
1308160 2539.5
1308170 2538.6
1308180 2538.6
1308190 2538.2
1308200 2536.5
1308210 2533.2
1308220 2533.2
1308230 2530.1
1308240 2528.1
1308250 2528.1
1308260 2527.0
1308270 2527.0
1308280 2527.0
1308290 2528.1
1308300 2533.2
1308310 2533.2
1308320 2541.8
1308330 2550.5
1308340 2550.5
1308350 2554.9
1308360 2566.0
1308370 2566.0
1308380 2577.6
1308390 2585.2
1308400 2583.0
1308410 2583.0
1308420 2572.7
1308430 2556.7
1308440 2556.7
1308450 2532.7
1308460 2519.3
1308470 2519.3
1308480 2514.0
1308490 2514.4
1308500 2514.4
1308510 2516.4
1308520 2518.9
1308530 2518.9
1308540 2520.4
1308550 2521.7
1308560 2521.7
1308570 2529.8
1308580 2531.2
1308590 2531.2
1308600 2532.3
1308610 2534.2
1308620 2538.3
1308630 2538.3
1308640 2541.0
1308650 2554.4
1308660 2554.4
1308670 2574.7
1308680 2591.1
1308690 2591.1
1308700 2608.7
1308710 2617.9
1308720 2617.9
1308730 2621.5
1308740 2627.1
1308750 2627.1
1308760 2630.2
1308770 2629.5
1308780 2629.5
1308790 2626.4
1308800 2624.2
1308810 2624.2
1308820 2622.7
1308830 2622.6
1308840 2621.8
1308850 2621.8
1308860 2615.6
1308870 2611.4
1308880 2611.4
1308890 2607.9
1308900 2605.3
1308910 2605.3
1308920 2609.4
1308930 2605.3
1308940 2605.3
1308950 2599.2
1308960 2592.3
1308970 2592.3
1308980 2588.9
1308990 2585.1
1309000 2585.1
1309010 2583.1
1309020 2582.4
1309030 2581.2
1309040 2581.2
1309050 2581.4
1309060 2584.5
1309070 2584.5
1309080 2586.3
1309090 2588.7
1309100 2588.7
1309110 2599.9
1309120 2615.6
1309130 2615.6
1309140 2627.6
1309150 2636.1
1309160 2636.1
1309170 2645.3
1309180 2651.0
1309190 2651.0
1309200 2642.9
1309210 2628.8
1309220 2628.8
1309230 2615.9
1309240 2602.7
1309250 2588.2
1309260 2588.2
1309270 2572.3
1309280 2556.5
1309290 2559.0
1309300 2541.9
1309310 2523.7
1309320 2523.7
1309330 2502.3
1309340 2483.5
1309350 2483.5
1309360 2466.9
1309370 2458.0
1309380 2458.0
1309390 2451.3
1309400 2444.1
1309410 2444.1
1309420 2435.3
1309430 2424.6
1309440 2413.9
1309450 2413.9
1309460 2405.0
1309470 2396.7
1309480 2396.7
1309490 2388.4
1309500 2380.1
1309510 2380.1
1309520 2374.7
1309530 2372.9
1309540 2372.9
1309550 2374.0
1309560 2375.5
1309570 2375.5
1309580 2372.6
1309590 2366.1
1309600 2366.1
1309610 2363.0
1309620 2364.4
1309630 2364.4
1309640 2369.3
1309650 2380.2
1309660 2394.8
1309670 2394.8
1309680 2407.6
1309690 2421.9
1309700 2421.9
1309710 2434.0
1309720 2446.7
1309730 2446.7
1309740 2457.5
1309750 2465.9
1309760 2465.9
1309770 2474.4
1309780 2481.1
1309790 2481.1
1309800 2485.9
1309810 2488.6
1309820 2488.6
1309830 2490.6
1309840 2495.3
1309850 2495.3
1309860 2500.7
1309870 2510.0
1309880 2519.2
1309890 2519.2
1309900 2521.1
1309910 2525.4
1309920 2525.4
1309930 2527.7
1309940 2529.0
1309950 2529.0
1309960 2531.5
1309970 2535.0
1309980 2535.0
1309990 2538.0
1310000 2540.7
1310010 2540.7
1310020 2537.5
1310030 2524.8
1310040 2524.8
1310050 2512.8
1310060 2500.5
1310070 2489.0
1310080 2489.0
1310090 2479.4
1310100 2470.8
1310110 2470.8
1310120 2461.8
1310130 2452.7
1310140 2452.7
1310150 2443.7
1310160 2433.6
1310170 2433.6
1310180 2421.9
1310190 2407.4
1310200 2407.4
1310210 2394.4
1310220 2377.7
1310230 2377.7
1310240 2357.1
1310250 2340.8
1310260 2340.8
1310270 2327.3
1310280 2314.6
1310290 2302.5
1310300 2302.5
1310310 2294.1
1310320 2287.1
1310330 2287.1
1310340 2279.6
1310350 2273.9
1310360 2273.9
1310370 2265.9
1310380 2254.7
1310390 2254.7
1310400 2241.9
1310410 2231.4
1310420 2231.4
1310430 2223.0
1310440 2219.4
1310450 2219.4
1310460 2216.7
1310470 2213.0
1310480 2213.0
1310490 2209.4
1310500 2206.3
1310510 2204.1
1310520 2204.1
1310530 2202.6
1310540 2198.1
1310550 2198.1
1310560 2201.1
1310570 2202.9
1310580 2202.9
1310590 2200.3
1310600 2197.5
1310610 2197.5
1310620 2196.8
1310630 2197.6
1310640 2197.6
1310650 2197.4
1310660 2195.7
1310670 2195.7
1310680 2194.4
1310690 2191.7
1310700 2187.3
1310710 2187.3
1310720 2183.1
1310730 2182.6
1310740 2188.0
1310750 2183.7
1310760 2188.8
1310770 2188.8
1310780 2195.9
1310790 2196.5
1310800 2196.5
1310810 2194.7
1310820 2191.5
1310830 2191.5
1310840 2188.2
1310850 2185.3
1310860 2185.3
1310870 2182.0
1310880 2178.6
1310890 2178.6
1310900 2176.3
1310910 2176.4
1310920 2174.3
1310930 2174.3
1310940 2171.4
1310950 2171.8
1310960 2171.8
1310970 2171.4
1310980 2170.6
1310990 2170.6
1311000 2169.8
1311010 2168.6
1311020 2168.6
1311030 2167.4
1311040 2165.5
1311050 2165.5
1311060 2164.8
1311070 2164.3
1311080 2164.3
1311090 2163.9
1311100 2162.1
1311110 2162.1
1311120 2160.8
1311130 2160.0
1311140 2159.5
1311150 2159.5
1311160 2159.3
1311170 2157.8
1311180 2157.8
1311190 2155.4
1311200 2155.9
1311210 2155.9
1311220 2155.9
1311230 2155.5
1311240 2155.5
1311250 2154.6
1311260 2154.3
1311270 2154.3
1311280 2155.3
1311290 2154.8
1311300 2154.8
1311310 2154.2
1311320 2154.2
1311330 2154.4
1311340 2154.4
1311350 2155.0
1311360 2155.6
1311370 2155.6
1311380 2156.1
1311390 2156.2
1311400 2156.2
1311410 2156.8
1311420 2156.8
1311430 2156.8
1311440 2157.6
1311450 2162.3
1311460 2162.3
1311470 2162.2
1311480 2165.7
1311490 2165.7
1311500 2169.9
1311510 2173.2
1311520 2173.2
1311530 2175.7
1311540 2179.2
1311550 2184.6
1311560 2184.6
1311570 2190.7
1311580 2196.1
1311590 2196.1
1311600 2201.0
1311610 2206.5
1311620 2206.5
1311630 2213.9
1311640 2221.9
1311650 2221.9
1311660 2226.8
1311670 2230.7
1311680 2230.7
1311690 2232.2
1311700 2233.8
1311710 2233.8
1311720 2236.1
1311730 2235.3
1311740 2235.3
1311750 2233.0
1311760 2233.7
1311770 2237.3
1311780 2237.3
1311790 2242.3
1311800 2243.6
1311810 2243.6
1311820 2242.3
1311830 2240.7
1311840 2240.7
1311850 2238.8
1311860 2236.4
1311870 2236.4
1311880 2234.8
1311890 2232.7
1311900 2232.7
1311910 2230.6
1311920 2228.3
1311930 2228.3
1311940 2224.0
1311950 2220.3
1311960 2217.2
1311970 2217.2
1311980 2214.2
1311990 2211.5
1312000 2211.5
1312010 2208.6
1312020 2205.7
1312030 2205.7
1312040 2202.1
1312050 2196.5
1312060 2196.5
1312070 2192.0
1312080 2187.5
1312090 2187.5
1312100 2182.5
1312110 2176.5
1312120 2176.5
1312130 2170.9
1312140 2167.0
1312150 2167.0
1312160 2163.8
1312170 2160.3
1312180 2157.1
1312190 2157.1
1312200 2153.8
1312210 2152.0
1312220 2152.0
1312230 2148.8
1312240 2146.1
1312250 2146.1
1312260 2143.3
1312270 2140.9
1312280 2140.9
1312290 2138.4
1312300 2136.6
1312310 2136.6
1312320 2135.6
1312330 2134.4
1312340 2134.4
1312350 2131.5
1312360 2129.0
1312370 2129.0
1312380 2128.3
1312390 2126.0
1312400 2124.9
1312410 2124.9
1312420 2123.9
1312430 2121.3
1312440 2121.3
1312450 2117.4
1312460 2112.8
1312470 2112.8
1312480 2108.2
1312490 2103.4
1312500 2103.4
1312510 2098.2
1312520 2094.5
1312530 2094.5
1312540 2091.5
1312550 2089.6
1312560 2089.6
1312570 2087.4
1312580 2082.4
1312590 2076.7
1312600 2076.7
1312610 2070.0
1312620 2060.5
1312630 2060.5
1312640 2052.6
1312650 2047.4
1312660 2047.4
1312670 2039.2
1312680 2033.4
1312690 2033.4
1312700 2028.2
1312710 2023.6
1312720 2023.6
1312730 2018.6
1312740 2013.7
1312750 2013.7
1312760 2008.7
1312770 2004.6
1312780 2004.6
1312790 1999.9
1312800 1993.8
1312810 1984.6
1312820 1984.6
1312830 1974.9
1312840 1971.2
1312850 1971.2
1312860 1966.0
1312870 1961.2
1312880 1961.2
1312890 1955.7
1312900 1951.8
1312910 1951.8
1312920 1947.2
1312930 1941.7
1312940 1946.9
1312950 1940.6
1312960 1935.0
1312970 1935.0
1312980 1929.8
1312990 1927.1
1313000 1927.1
1313010 1923.5
1313020 1916.5
1313030 1908.1
1313040 1908.1
1313050 1900.6
1313060 1896.2
1313070 1896.2
1313080 1893.4
1313090 1891.0
1313100 1891.0
1313110 1888.5
1313120 1886.4
1313130 1886.4
1313140 1885.4
1313150 1884.5
1313160 1884.5
1313170 1883.5
1313180 1882.8
1313190 1882.8
1313200 1881.9
1313210 1880.6
1313220 1879.5
1313230 1879.5
1313240 1879.0
1313250 1878.4
1313260 1878.4
1313270 1877.6
1313280 1877.4
1313290 1877.4
1313300 1877.2
1313310 1876.9
1313320 1876.9
1313330 1876.7
1313340 1875.8
1313350 1875.8
1313360 1875.2
1313370 1874.8
1313380 1874.8
1313390 1874.2
1313400 1873.6
1313410 1873.6
1313420 1873.5
1313430 1873.4
1313440 1873.2
1313450 1873.2
1313460 1873.1
1313470 1872.9
1313480 1872.9
1313490 1873.2
1313500 1873.0
1313510 1873.0
1313520 1873.1
1313530 1873.8
1313540 1873.8
1313550 1873.6
1313560 1873.0
1313570 1873.0
1313580 1873.1
1313590 1873.0
1313600 1873.0
1313610 1873.1
1313620 1873.2
1313630 1873.4
1313640 1873.4
1313650 1873.2
1313660 1872.9
1313670 1872.9
1313680 1872.6
1313690 1872.9
1313700 1872.9
1313710 1873.2
1313720 1876.0
1313730 1876.0
1313740 1877.9
1313750 1879.0
1313760 1879.0
1313770 1878.1
1313780 1877.3
1313790 1877.3
1313800 1875.4
1313810 1874.7
1313820 1874.7
1313830 1874.7
1313840 1875.5
1313850 1876.6
1313860 1876.6
1313870 1878.0
1313880 1878.7
1313890 1878.7
1313900 1879.3
1313910 1880.3
1313920 1880.3
1313930 1880.9
1313940 1881.6
1313950 1881.6
1313960 1882.2
1313970 1882.7
1313980 1882.7
1313990 1883.3
1314000 1883.3
1314010 1883.3
1314020 1883.8
1314030 1885.6
1314040 1885.6
1314050 1887.6
1314060 1889.7
1314070 1892.8
1314080 1892.8
1314090 1897.0
1314100 1901.3
1314110 1901.3
1314120 1905.0
1314130 1908.1
1314140 1908.1
1314150 1913.7
1314160 1920.0
1314170 1920.0
1314180 1923.2
1314190 1925.1
1314200 1925.1
1314210 1927.5
1314220 1930.6
1314230 1930.6
1314240 1933.6
1314250 1937.1
1314260 1941.3
1314270 1941.3
1314280 1946.5
1314290 1952.6
1314300 1952.6
1314310 1957.9
1314320 1962.6
1314330 1962.6
1314340 1967.7
1314350 1972.8
1314360 1972.8
1314370 1976.4
1314380 1979.3
1314390 1979.3
1314400 1981.7
1314410 1982.6
1314420 1982.6
1314430 1979.9
1314440 1982.5
1314450 1982.5
1314460 1983.5
1314470 1983.8
1314480 1985.9
1314490 1985.9
1314500 1988.9
1314510 1991.4
1314520 1991.4
1314530 1993.9
1314540 1996.0
1314550 1996.0
1314560 1997.8
1314570 1999.8
1314580 1999.8
1314590 2001.9
1314600 2004.2
1314610 2004.2
1314620 2006.6
1314630 2007.9
1314640 2007.9
1314650 2010.5
1314660 2011.5
1314670 2011.5
1314680 2014.8
1314690 2017.8
1314700 2019.3
1314710 2019.3
1314720 2020.4
1314730 2021.3
1314740 2021.3
1314750 2022.0
1314760 2022.5
1314770 2022.5
1314780 2022.9
1314790 2024.3
1314800 2024.3
1314810 2027.0
1314820 2029.1
1314830 2029.1
1314840 2029.8
1314850 2030.3
1314860 2030.3
1314870 2030.5
1314880 2031.2
1314890 2032.2
1314900 2032.2
1314910 2033.6
1314920 2034.5
1314930 2034.5
1314940 2035.4
1314950 2036.5
1314960 2036.5
1314970 2037.8
1314980 2038.9
1314990 2038.9
1315000 2039.6
1315010 2039.2
1315020 2039.2
1315030 2038.0
1315040 2038.1
1315050 2038.1
1315060 2039.9
1315070 2041.6
1315080 2041.6
1315090 2040.8
1315100 2040.0
1315110 2042.9
1315120 2042.9
1315130 2045.8
1315140 2047.2
1315150 2047.2
1315160 2049.0
1315170 2049.6
1315180 2049.6
1315190 2050.8
1315200 2051.8
1315210 2051.8
1315220 2052.8
1315230 2053.6
1315240 2053.6
1315250 2054.1
1315260 2054.9
1315270 2054.9
1315280 2057.3
1315290 2061.0
1315300 2061.0
1315310 2064.9
1315320 2068.4
1315330 2071.6
1315340 2071.6
1315350 2073.7
1315360 2075.6
1315370 2075.6
1315380 2080.4
1315390 2083.2
1315400 2083.2
1315410 2084.0
1315420 2084.0
1315430 2084.0
1315440 2085.4
1315450 2088.9
1315460 2088.9
1315470 2092.5
1315480 2097.1
1315490 2097.1
1315500 2103.0
1315510 2108.3
1315520 2113.3
1315530 2113.3
1315540 2118.6
1315550 2123.0
1315560 2123.0
1315570 2126.7
1315580 2130.8
1315590 2130.8
1315600 2136.1
1315610 2140.7
1315620 2140.7
1315630 2144.5
1315640 2147.7
1315650 2147.7
1315660 2150.9
1315670 2153.8
1315680 2153.8
1315690 2156.0
1315700 2158.7
1315710 2158.7
1315720 2162.6
1315730 2167.8
1315740 2172.5
1315750 2172.5
1315760 2178.7
1315770 2185.6
1315780 2185.6
1315790 2191.6
1315800 2198.1
1315810 2198.1
1315820 2203.7
1315830 2209.5
1315840 2209.5
1315850 2214.7
1315860 2220.9
1315870 2220.9
1315880 2228.8
1315890 2236.0
1315900 2236.0
1315910 2241.3
1315920 2250.6
1315930 2250.6
1315940 2257.4
1315950 2263.9
1315960 2267.7
1315970 2267.7
1315980 2270.2
1315990 2273.7
1316000 2273.7
1316010 2277.9
1316020 2284.0
1316030 2284.0
1316040 2289.8
1316050 2294.7
1316060 2294.7
1316070 2300.5
1316080 2306.3
1316090 2306.3
1316100 2311.6
1316110 2316.9
1316120 2316.9
1316130 2322.0
1316140 2327.1
1316150 2332.0
1316160 2332.0
1316170 2336.3
1316180 2340.0
1316190 2340.0
1316200 2343.2
1316210 2346.1
1316220 2346.1
1316230 2350.0
1316240 2353.0
1316250 2353.0
1316260 2354.6
1316270 2355.4
1316280 2355.4
1316290 2354.4
1316300 2355.1
1316310 2355.1
1316320 2355.1
1316330 2353.6
1316340 2353.6
1316350 2351.7
1316360 2351.8
1316370 2349.6
1316380 2349.6
1316390 2348.5
1316400 2347.1
1316410 2347.1
1316420 2343.5
1316430 2337.7
1316440 2337.7
1316450 2332.8
1316460 2328.0
1316470 2328.0
1316480 2321.8
1316490 2310.4
1316500 2310.4
1316510 2303.4
1316520 2295.1
1316530 2295.1
1316540 2290.1
1316550 2288.3
1316560 2283.4
1316570 2283.4
1316580 2275.6
1316590 2271.8
1316600 2271.8
1316610 2267.5
1316620 2262.7
1316630 2262.7
1316640 2249.1
1316650 2242.9
1316660 2242.9
1316670 2242.4
1316680 2248.1
1316690 2248.1
1316700 2237.9
1316710 2228.3
1316720 2228.3
1316730 2229.8
1316740 2226.7
1316750 2226.7
1316760 2221.8
1316770 2219.2
1316780 2214.9
1316790 2214.9
1316800 2210.9
1316810 2206.9
1316820 2206.9
1316830 2202.5
1316840 2201.1
1316850 2201.1
1316860 2197.5
1316870 2193.2
1316880 2193.2
1316890 2188.7
1316900 2183.7
1316910 2183.7
1316920 2181.0
1316930 2180.3
1316940 2180.3
1316950 2180.1
1316960 2177.5
1316970 2177.5
1316980 2173.7
1316990 2173.0
1317000 2172.2
1317010 2172.2
1317020 2170.5
1317030 2168.5
1317040 2168.5
1317050 2164.7
1317060 2160.6
1317070 2160.6
1317080 2157.6
1317090 2155.6
1317100 2155.6
1317110 2153.4
1317120 2150.5
1317130 2150.5
1317140 2148.8
1317150 2148.6
1317160 2148.6
1317170 2148.5
1317180 2147.0
1317190 2144.8
1317200 2144.8
1317210 2143.4
1317220 2142.4
1317230 2142.4
1317240 2141.9
1317250 2141.0
1317260 2141.0
1317270 2140.7
1317280 2140.7
1317290 2140.7
1317300 2140.5
1317310 2140.4
1317320 2140.4
1317330 2140.3
1317340 2140.5
1317350 2140.5
1317360 2140.8
1317370 2140.9
1317380 2140.9
1317390 2140.8
1317400 2140.7
1317410 2141.0
1317420 2141.0
1317430 2142.9
1317440 2143.4
1317450 2143.4
1317460 2143.9
1317470 2144.1
1317480 2144.1
1317490 2144.1
1317500 2143.2
1317510 2143.2
1317520 2143.5
1317530 2144.8
1317540 2144.8
1317550 2146.2
1317560 2147.2
1317570 2147.2
1317580 2148.3
1317590 2148.9
1317600 2148.9
1317610 2149.2
1317620 2149.4
1317630 2149.6
1317640 2149.6
1317650 2150.7
1317660 2151.6
1317670 2151.6
1317680 2153.0
1317690 2154.8
1317700 2154.8
1317710 2156.8
1317720 2158.8
1317730 2158.8
1317740 2161.1
1317750 2163.2
1317760 2163.2
1317770 2164.7
1317780 2166.5
1317790 2166.5
1317800 2169.2
1317810 2172.3
1317820 2175.3
1317830 2175.3
1317840 2178.2
1317850 2181.5
1317860 2181.5
1317870 2186.1
1317880 2190.9
1317890 2190.9
1317900 2194.4
1317910 2198.4
1317920 2198.4
1317930 2202.5
1317940 2207.1
1317950 2207.1
1317960 2212.5
1317970 2218.4
1317980 2218.4
1317990 2224.4
1318000 2230.3
1318010 2230.3
1318020 2236.4
1318030 2242.7
1318040 2248.8
1318050 2248.8
1318060 2254.7
1318070 2260.7
1318080 2260.7
1318090 2266.5
1318100 2273.5
1318110 2273.5
1318120 2280.4
1318130 2286.6
1318140 2286.6
1318150 2288.3
1318160 2289.2
1318170 2289.2
1318180 2290.5
1318190 2291.7
1318200 2285.1
1318210 2289.0
1318220 2292.8
1318230 2292.8
1318240 2296.7
1318250 2301.6
1318260 2307.1
1318270 2307.1
1318280 2314.1
1318290 2322.1
1318300 2322.1
1318310 2328.7
1318320 2335.6
1318330 2335.6
1318340 2342.1
1318350 2349.0
1318360 2349.0
1318370 2356.2
1318380 2364.0
1318390 2364.0
1318400 2371.8
1318410 2380.2
1318420 2380.2
1318430 2386.9
1318440 2392.7
1318450 2398.3
1318460 2398.3
1318470 2404.4
1318480 2409.9
1318490 2409.9
1318500 2415.2
1318510 2420.6
1318520 2420.6
1318530 2426.3
1318540 2431.9
1318550 2431.9
1318560 2437.7
1318570 2443.2
1318580 2443.2
1318590 2447.4
1318600 2451.6
1318610 2451.6
1318620 2455.5
1318630 2458.9
1318640 2458.9
1318650 2462.0
1318660 2465.0
1318670 2470.4
1318680 2470.4
1318690 2478.3
1318700 2486.7
1318710 2486.7
1318720 2494.3
1318730 2500.9
1318740 2500.9
1318750 2506.3
1318760 2510.4
1318770 2510.4
1318780 2514.5
1318790 2518.4
1318800 2518.4
1318810 2522.9
1318820 2527.6
1318830 2527.6
1318840 2532.3
1318850 2537.0
1318860 2537.0
1318870 2542.9
1318880 2549.7
1318890 2556.5
1318900 2556.5
1318910 2561.9
1318920 2565.0
1318930 2565.0
1318940 2569.1
1318950 2573.6
1318960 2571.9
1318970 2577.5
1318980 2581.8
1318990 2581.8
1319000 2586.1
1319010 2589.8
1319020 2589.8
1319030 2593.4
1319040 2597.8
1319050 2597.8
1319060 2602.4
1319070 2606.9
1319080 2611.1
1319090 2611.1
1319100 2614.7
1319110 2618.8
1319120 2618.8
1319130 2621.7
1319140 2624.5
1319150 2624.5
1319160 2628.8
1319170 2632.2
1319180 2632.2
1319190 2633.7
1319200 2636.7
1319210 2636.7
1319220 2642.4
1319230 2647.2
1319240 2647.2
1319250 2651.2
1319260 2654.3
1319270 2654.3
1319280 2657.4
1319290 2660.5
1319300 2664.2
1319310 2664.2
1319320 2667.8
1319330 2670.9
1319340 2670.9
1319350 2674.5
1319360 2677.4
1319370 2677.4
1319380 2679.9
1319390 2681.7
1319400 2681.7
1319410 2682.8
1319420 2683.8
1319430 2683.8
1319440 2685.7
1319450 2689.3
1319460 2689.3
1319470 2693.8
1319480 2697.0
1319490 2697.0
1319500 2699.4
1319510 2702.1
1319520 2704.4
1319530 2704.4
1319540 2706.7
1319550 2709.0
1319560 2709.0
1319570 2711.6
1319580 2714.5
1319590 2714.5
1319600 2718.0
1319610 2722.5
1319620 2722.5
1319630 2727.1
1319640 2732.0
1319650 2732.0
1319660 2737.1
1319670 2741.8
1319680 2741.8
1319690 2746.1
1319700 2749.6
1319710 2751.4
1319720 2751.4
1319730 2754.9
1319740 2758.6
1319750 2758.6
1319760 2761.4
1319770 2764.3
1319780 2764.3
1319790 2767.4
1319800 2770.9
1319810 2770.9
1319820 2774.6
1319830 2778.2
1319840 2778.2
1319850 2781.1
1319860 2783.9
1319870 2783.9
1319880 2786.1
1319890 2788.1
1319900 2788.1
1319910 2789.7
1319920 2792.0
1319930 2795.0
1319940 2795.0
1319950 2797.6
1319960 2800.4
1319970 2800.4
1319980 2803.9
1319990 2809.3
