1300000 2306.7
1300010 2306.8
1300020 2303.9
1300030 2303.9
1300040 2300.6
1300050 2297.8
1300060 2297.8
1300070 2296.2
1300080 2294.4
1300090 2294.4
1300100 2293.0
1300110 2291.7
1300120 2291.7
1300130 2289.1
1300140 2285.0
1300150 2281.7
1300160 2281.7
1300170 2275.3
1300180 2268.4
1300190 2268.4
1300200 2263.2
1300210 2256.9
1300220 2256.9
1300230 2251.8
1300240 2246.1
1300250 2246.1
1300260 2240.3
1300270 2235.5
1300280 2235.5
1300290 2230.8
1300300 2225.6
1300310 2225.6
1300320 2221.9
1300330 2217.6
1300340 2217.6
1300350 2213.2
1300360 2206.9
1300370 2201.5
1300380 2201.5
1300390 2196.8
1300400 2192.3
1300410 2187.6
1300420 2184.6
1300430 2181.1
1300440 2181.1
1300450 2176.7
1300460 2173.4
1300470 2173.4
1300480 2169.9
1300490 2165.4
1300500 2165.4
1300510 2160.8
1300520 2157.4
1300530 2157.4
1300540 2153.8
1300550 2150.9
1300560 2150.9
1300570 2147.8
1300580 2143.5
1300590 2139.6
1300600 2139.6
1300610 2133.3
1300620 2125.5
1300630 2125.5
1300640 2120.4
1300650 2116.0
1300660 2116.0
1300670 2113.1
1300680 2108.9
1300690 2108.9
1300700 2106.4
1300710 2105.1
1300720 2105.1
1300730 2099.9
1300740 2093.6
1300750 2093.6
1300760 2088.1
1300770 2086.3
1300780 2082.3
1300790 2082.3
1300800 2077.8
1300810 2072.0
1300820 2072.0
1300830 2066.3
1300840 2061.8
1300850 2061.8
1300860 2056.0
1300870 2050.2
1300880 2050.2
1300890 2046.3
1300900 2040.9
1300910 2040.9
1300920 2037.6
1300930 2033.0
1300940 2033.0
1300950 2026.7
1300960 2022.3
1300970 2022.3
1300980 2017.9
1300990 2012.8
1301000 2007.8
1301010 2007.8
1301020 2006.8
1301030 2005.1
1301040 2005.1
1301050 2001.6
1301060 1996.9
1301070 1996.9
1301080 1991.6
1301090 1986.5
1301100 1981.1
1301110 1975.8
1301120 1970.4
1301130 1970.4
1301140 1965.7
1301150 1961.4
1301160 1961.4
1301170 1956.8
1301180 1951.3
1301190 1951.3
1301200 1946.6
1301210 1942.0
1301220 1936.6
1301230 1936.6
1301240 1934.2
1301250 1931.1
1301260 1931.1
1301270 1927.6
1301280 1923.0
1301290 1923.0
1301300 1918.9
1301310 1915.3
1301320 1915.3
1301330 1910.8
1301340 1906.7
1301350 1906.7
1301360 1902.4
1301370 1898.5
1301380 1898.5
1301390 1894.0
1301400 1888.3
1301410 1881.8
1301420 1881.8
1301430 1877.7
1301440 1874.3
1301450 1874.3
1301460 1870.8
1301470 1866.6
1301480 1866.6
1301490 1860.6
1301500 1857.0
1301510 1857.0
1301520 1853.7
1301530 1849.0
1301540 1849.0
1301550 1844.6
1301560 1841.2
1301570 1841.2
1301580 1838.8
1301590 1834.2
1301600 1834.2
1301610 1831.3
1301620 1828.8
1301630 1825.7
1301640 1825.7
1301650 1820.8
1301660 1816.4
1301670 1816.4
1301680 1811.5
1301690 1805.1
1301700 1805.1
1301710 1801.3
1301720 1798.3
1301730 1798.3
1301740 1794.1
1301750 1790.7
1301760 1790.7
1301770 1788.7
1301780 1787.6
1301790 1787.4
1301800 1787.2
1301810 1786.8
1301820 1786.8
1301830 1786.7
1301840 1786.7
1301850 1786.5
1301860 1786.5
1301870 1786.3
1301880 1786.1
1301890 1786.1
1301900 1785.0
1301910 1782.9
1301920 1782.9
1301930 1783.8
1301940 1785.0
1301950 1785.0
1301960 1786.0
1301970 1789.1
1301980 1789.1
1301990 1789.9
1302000 1790.3
1302010 1790.3
1302020 1793.2
1302030 1798.7
1302040 1803.1
1302050 1803.1
1302060 1806.4
1302070 1808.7
1302080 1808.7
1302090 1811.0
1302100 1813.5
1302110 1813.5
1302120 1816.2
1302130 1816.7
1302140 1816.7
1302150 1819.6
1302160 1823.9
1302170 1823.9
1302180 1827.7
1302190 1830.2
1302200 1830.2
1302210 1831.9
1302220 1833.8
1302230 1833.8
1302240 1835.0
1302250 1837.1
1302260 1839.8
1302270 1839.8
1302280 1842.3
1302290 1843.7
1302300 1843.7
1302310 1844.8
1302320 1846.6
1302330 1846.6
1302340 1848.8
1302350 1848.9
1302360 1848.9
1302370 1847.5
1302380 1848.6
1302390 1848.6
1302400 1850.1
1302410 1850.4
1302420 1850.4
1302430 1850.2
1302440 1848.2
1302450 1848.2
1302460 1844.6
1302470 1839.4
1302480 1835.1
1302490 1835.1
1302500 1828.7
1302510 1822.5
1302520 1822.5
1302530 1817.3
1302540 1811.9
1302550 1811.9
1302560 1806.9
1302570 1801.9
1302580 1801.9
1302590 1797.4
1302600 1792.7
1302610 1792.7
1302620 1790.6
1302630 1787.1
1302640 1787.1
1302650 1783.3
1302660 1778.7
1302670 1778.7
1302680 1774.1
1302690 1771.1
1302700 1770.8
1302710 1770.8
1302720 1770.8
1302730 1770.8
1302740 1770.8
1302750 1770.8
1302760 1770.8
1302770 1770.8
1302780 1770.8
1302790 1770.8
1302800 1770.8
1302810 1770.8
1302820 1770.8
1302830 1770.8
1302840 1770.8
1302850 1770.8
1302860 1770.8
1302870 1770.8
1302880 1770.8
1302890 1770.8
1302900 1770.8
1302910 1770.8
1302920 1770.8
1302930 1770.8
1302940 1770.8
1302950 1770.8
1302960 1770.8
1302970 1770.8
1302980 1770.8
1302990 1770.8
1303000 1770.8
1303010 1770.8
1303020 1770.8
1303030 1770.8
1303040 1770.8
1303050 1770.8
1303060 1770.8
1303070 1770.8
1303080 1770.8
1303090 1770.8
1303100 1770.8
1303110 1770.8
1303120 1770.8
1303130 1770.8
1303140 1770.8
1303150 1770.8
1303160 1770.8
1303170 1770.8
1303180 1770.8
1303190 1770.8
1303200 1770.8
1303210 1770.8
1303220 1770.8
1303230 1770.8
1303240 1770.8
1303250 1770.8
1303260 1770.8
1303270 1770.8
1303280 1770.8
1303290 1770.8
1303300 1770.8
1303310 1770.8
1303320 1770.8
1303330 1770.8
1303340 1770.8
1303350 1770.8
1303360 1770.8
1303370 1770.8
1303380 1770.8
1303390 1770.8
1303400 1770.8
1303410 1770.8
1303420 1770.8
1303430 1770.8
1303440 1770.8
1303450 1770.8
1303460 1770.8
1303470 1770.8
1303480 1770.8
1303490 1770.8
1303500 1770.8
1303510 1770.8
1303520 1770.8
1303530 1770.8
1303540 1770.8
1303550 1770.8
1303560 1770.8
1303570 1770.8
1303580 1770.8
1303590 1770.8
1303600 1771.8
1303610 1777.6
1303620 1777.6
1303630 1787.1
1303640 1796.4
1303650 1796.4
1303660 1804.3
1303670 1815.0
1303680 1815.0
1303690 1829.2
1303700 1839.3
1303710 1839.3
1303720 1847.2
1303730 1854.0
1303740 1859.8
1303750 1859.8
1303760 1865.8
1303770 1873.3
1303780 1873.3
1303790 1881.3
1303800 1890.0
1303810 1890.0
1303820 1899.0
1303830 1910.4
1303840 1910.4
1303850 1923.2
1303860 1933.9
1303870 1933.9
1303880 1941.4
1303890 1951.2
1303900 1951.2
1303910 1961.6
1303920 1973.2
1303930 1973.2
1303940 1985.8
1303950 1996.6
1303960 2006.3
1303970 2006.3
1303980 2015.5
1303990 2024.8
1304000 2024.8
1304010 2033.9
1304020 2042.9
1304030 2042.9
1304040 2052.3
1304050 2061.7
1304060 2061.7
1304070 2074.2
1304080 2085.7
1304090 2085.7
1304100 2097.0
1304110 2108.1
1304120 2108.1
1304130 2119.3
1304140 2128.5
1304150 2136.6
1304160 2136.6
1304170 2144.9
1304180 2154.1
1304190 2154.1
1304200 2162.7
1304210 2171.3
1304220 2171.3
1304230 2179.4
1304240 2186.4
1304250 2186.4
1304260 2192.6
1304270 2198.8
1304280 2198.8
1304290 2204.7
1304300 2211.2
1304310 2211.2
1304320 2217.9
1304330 2222.7
1304340 2222.7
1304350 2226.3
1304360 2230.3
1304370 2233.8
1304380 2233.8
1304390 2236.9
1304400 2237.5
1304410 2237.5
1304420 2241.7
1304430 2246.0
1304440 2246.0
1304450 2248.4
1304460 2251.0
1304470 2251.0
1304480 2252.9
1304490 2253.1
1304500 2253.1
1304510 2254.0
1304520 2255.9
1304530 2255.9
1304540 2258.5
1304550 2263.1
1304560 2263.1
1304570 2268.1
1304580 2267.4
1304590 2273.6
1304600 2273.6
1304610 2281.6
1304620 2288.3
1304630 2288.3
1304640 2292.0
1304650 2298.8
1304660 2298.8
1304670 2304.9
1304680 2310.0
1304690 2310.0
1304700 2316.6
1304710 2324.5
1304720 2324.5
1304730 2330.5
1304740 2336.1
1304750 2336.1
1304760 2341.6
1304770 2346.5
1304780 2352.0
1304790 2352.0
1304800 2359.0
1304810 2366.0
1304820 2366.0
1304830 2373.0
1304840 2380.2
1304850 2380.2
1304860 2387.4
1304870 2394.2
1304880 2394.2
1304890 2400.6
1304900 2407.1
1304910 2407.1
1304920 2413.4
1304930 2419.4
1304940 2419.4
1304950 2424.7
1304960 2430.9
1304970 2430.9
1304980 2438.0
1304990 2445.8
1305000 2453.2
1305010 2453.2
1305020 2461.2
1305030 2471.0
1305040 2471.0
1305050 2480.8
1305060 2484.0
1305070 2484.0
1305080 2483.9
1305090 2484.9
1305100 2484.9
1305110 2484.6
1305120 2483.6
1305130 2483.6
1305140 2483.9
1305150 2484.4
1305160 2484.4
1305170 2485.7
1305180 2487.0
1305190 2487.0
1305200 2488.1
1305210 2489.2
1305220 2490.4
1305230 2490.4
1305240 2492.5
1305250 2494.5
1305260 2494.5
1305270 2497.6
1305280 2501.3
1305290 2495.1
1305300 2499.1
1305310 2504.2
1305320 2504.2
1305330 2509.3
1305340 2513.5
1305350 2513.5
1305360 2517.7
1305370 2523.4
1305380 2523.4
1305390 2530.0
1305400 2537.4
1305410 2544.6
1305420 2544.6
1305430 2552.3
1305440 2560.0
1305450 2560.0
1305460 2567.5
1305470 2575.0
1305480 2575.0
1305490 2581.9
1305500 2588.8
1305510 2588.8
1305520 2595.3
1305530 2601.0
1305540 2601.0
1305550 2602.7
1305560 2598.4
1305570 2598.4
1305580 2597.3
1305590 2598.8
1305600 2598.8
1305610 2594.1
1305620 2588.0
1305630 2582.0
1305640 2582.0
1305650 2576.7
1305660 2574.9
1305670 2574.9
1305680 2573.6
1305690 2571.9
1305700 2571.9
1305710 2570.2
1305720 2569.5
1305730 2569.5
1305740 2569.5
1305750 2570.4
1305760 2570.4
1305770 2571.7
1305780 2573.5
1305790 2573.5
1305800 2575.4
1305810 2577.1
1305820 2577.1
1305830 2578.9
1305840 2582.1
1305850 2585.5
1305860 2585.5
1305870 2588.6
1305880 2590.8
1305890 2590.8
1305900 2593.2
1305910 2597.4
1305920 2597.4
1305930 2602.6
1305940 2607.9
1305950 2607.9
1305960 2613.7
1305970 2619.3
1305980 2619.3
1305990 2619.8
1306000 2625.1
1306010 2625.1
1306020 2630.0
1306030 2635.4
1306040 2641.6
1306050 2641.6
1306060 2647.1
1306070 2652.3
1306080 2652.3
1306090 2663.4
1306100 2681.1
1306110 2681.1
1306120 2697.6
1306130 2709.8
1306140 2709.8
1306150 2720.8
1306160 2730.0
1306170 2730.0
1306180 2738.7
1306190 2746.6
1306200 2746.6
1306210 2754.9
1306220 2762.7
1306230 2762.7
1306240 2771.1
1306250 2780.8
1306260 2788.9
1306270 2788.9
1306280 2796.3
1306290 2803.9
1306300 2803.9
1306310 2811.9
1306320 2820.5
1306330 2820.5
1306340 2830.7
1306350 2841.2
1306360 2841.2
1306370 2852.2
1306380 2860.7
1306390 2860.7
1306400 2867.0
1306410 2872.2
1306420 2872.2
1306430 2873.9
1306440 2870.0
1306450 2870.0
1306460 2862.5
1306470 2850.2
1306480 2838.0
1306490 2838.0
1306500 2825.4
1306510 2812.3
1306520 2812.3
1306530 2793.7
1306540 2771.9
1306550 2771.9
1306560 2768.5
1306570 2768.2
1306580 2768.2
1306590 2744.4
1306600 2722.9
1306610 2722.9
1306620 2710.2
1306630 2706.6
1306640 2706.6
1306650 2701.6
1306660 2691.5
1306670 2682.1
1306680 2682.1
1306690 2675.2
1306700 2676.7
1306710 2676.7
1306720 2672.1
1306730 2667.2
1306740 2667.2
1306750 2663.0
1306760 2660.7
1306770 2660.7
1306780 2659.0
1306790 2656.5
1306800 2656.5
1306810 2653.9
1306820 2651.3
1306830 2651.3
1306840 2648.8
1306850 2647.7
1306860 2647.7
1306870 2647.6
1306880 2647.8
1306890 2647.9
1306900 2647.9
1306910 2648.3
1306920 2649.1
1306930 2649.1
1306940 2649.6
1306950 2649.2
1306960 2649.2
1306970 2649.6
1306980 2650.3
1306990 2650.3
1307000 2651.8
1307010 2651.8
1307020 2651.8
1307030 2649.7
1307040 2647.9
1307050 2647.9
1307060 2645.6
1307070 2642.8
1307080 2642.8
1307090 2640.8
1307100 2639.0
1307110 2637.2
1307120 2637.2
1307130 2636.8
1307140 2638.0
1307150 2638.0
1307160 2639.9
1307170 2642.3
1307180 2642.3
1307190 2643.6
1307200 2643.4
1307210 2643.4
1307220 2641.8
1307230 2636.6
1307240 2636.6
1307250 2630.8
1307260 2626.5
1307270 2626.5
1307280 2623.9
1307290 2621.5
1307300 2618.0
1307310 2618.0
1307320 2615.3
1307330 2616.8
1307340 2616.8
1307350 2620.0
1307360 2624.2
1307370 2624.2
1307380 2625.8
1307390 2614.0
1307400 2614.0
1307410 2596.0
1307420 2591.0
1307430 2591.0
1307440 2574.4
1307450 2553.2
1307460 2553.2
1307470 2535.7
1307480 2519.6
1307490 2519.6
1307500 2503.5
1307510 2482.8
1307520 2462.3
1307530 2462.3
1307540 2453.4
1307550 2447.2
1307560 2447.2
1307570 2440.9
1307580 2435.0
1307590 2435.0
1307600 2430.1
1307610 2425.2
1307620 2425.2
1307630 2420.4
1307640 2415.7
1307650 2415.7
1307660 2411.0
1307670 2406.4
1307680 2406.4
1307690 2402.1
1307700 2398.8
1307710 2398.8
1307720 2396.8
1307730 2393.5
1307740 2389.6
1307750 2389.6
1307760 2385.6
1307770 2381.7
1307780 2381.7
1307790 2379.2
1307800 2380.2
1307810 2380.2
1307820 2384.8
1307830 2389.7
1307840 2389.7
1307850 2393.3
1307860 2390.9
1307870 2390.9
1307880 2383.8
1307890 2375.8
1307900 2375.8
1307910 2367.8
1307920 2360.6
1307930 2353.9
1307940 2353.9
1307950 2348.1
1307960 2343.1
1307970 2343.1
1307980 2338.9
1307990 2335.7
1308000 2335.7
1308010 2332.8
1308020 2330.1
1308030 2330.1
1308040 2327.8
1308050 2325.3
1308060 2325.3
1308070 2322.6
1308080 2319.9
1308090 2319.9
1308100 2316.9
1308110 2313.0
1308120 2313.0
1308130 2308.9
1308140 2308.0
1308150 2304.7
1308160 2304.7
1308170 2301.1
1308180 2297.4
1308190 2297.4
1308200 2293.7
1308210 2289.9
1308220 2289.9
1308230 2285.9
1308240 2281.5
1308250 2281.5
1308260 2276.7
1308270 2271.1
1308280 2271.1
1308290 2265.5
1308300 2260.4
1308310 2260.4
1308320 2254.3
1308330 2247.7
1308340 2247.7
1308350 2240.2
1308360 2232.8
1308370 2226.6
1308380 2226.6
1308390 2220.4
1308400 2213.4
1308410 2213.4
1308420 2200.5
1308430 2189.3
1308440 2189.3
1308450 2189.7
1308460 2195.3
1308470 2195.3
1308480 2197.4
1308490 2196.3
1308500 2196.3
1308510 2196.1
1308520 2196.1
1308530 2196.1
1308540 2195.8
1308550 2194.9
1308560 2193.0
1308570 2193.0
1308580 2193.3
1308590 2193.7
1308600 2193.7
1308610 2192.9
1308620 2193.5
1308630 2193.5
1308640 2191.2
1308650 2187.9
1308660 2187.9
1308670 2185.2
1308680 2182.4
1308690 2182.4
1308700 2179.6
1308710 2175.6
1308720 2175.6
1308730 2169.7
1308740 2174.1
1308750 2174.1
1308760 2171.1
1308770 2176.4
1308780 2178.4
1308790 2178.4
1308800 2176.5
1308810 2172.6
1308820 2172.6
1308830 2171.9
1308840 2171.3
1308850 2175.7
1308860 2172.4
1308870 2168.2
1308880 2168.2
1308890 2167.9
1308900 2167.4
1308910 2167.4
1308920 2165.5
1308930 2163.5
1308940 2163.5
1308950 2162.3
1308960 2162.0
1308970 2162.0
1308980 2161.8
1308990 2161.0
1309000 2160.7
1309010 2160.7
1309020 2160.6
1309030 2160.0
1309040 2160.0
1309050 2160.0
1309060 2161.2
1309070 2161.2
1309080 2164.0
1309090 2165.4
1309100 2165.4
1309110 2167.1
1309120 2169.6
1309130 2169.6
1309140 2171.1
1309150 2169.7
1309160 2169.7
1309170 2166.9
1309180 2164.7
1309190 2164.7
1309200 2158.5
1309210 2145.1
1309220 2129.4
1309230 2129.4
1309240 2110.7
1309250 2098.2
1309260 2098.2
1309270 2090.4
1309280 2082.1
1309290 2082.1
1309300 2074.9
1309310 2069.6
1309320 2069.6
1309330 2065.2
1309340 2061.2
1309350 2061.2
1309360 2056.9
1309370 2052.8
1309380 2052.8
1309390 2048.8
1309400 2044.8
1309410 2040.8
1309420 2040.8
1309430 2036.8
1309440 2032.8
1309450 2032.8
1309460 2029.0
1309470 2025.4
1309480 2025.4
1309490 2021.4
1309500 2017.2
1309510 2017.2
1309520 2013.5
1309530 2009.7
1309540 2009.7
1309550 2005.8
1309560 2001.8
1309570 2001.8
1309580 1999.6
1309590 1995.5
1309600 1995.5
1309610 1990.7
1309620 1985.9
1309630 1981.6
1309640 1981.6
1309650 1976.4
1309660 1972.1
1309670 1972.1
1309680 1967.2
1309690 1962.7
1309700 1962.7
1309710 1957.3
1309720 1948.1
1309730 1948.1
1309740 1938.8
1309750 1932.3
1309760 1932.3
1309770 1931.9
1309780 1930.3
1309790 1930.3
1309800 1931.7
1309810 1935.8
1309820 1935.8
1309830 1939.3
1309840 1939.2
1309850 1936.1
1309860 1936.1
1309870 1932.4
1309880 1929.6
1309890 1929.6
1309900 1923.6
1309910 1918.1
1309920 1918.1
1309930 1916.7
1309940 1916.9
1309950 1916.9
1309960 1913.6
1309970 1910.1
1309980 1910.1
1309990 1909.0
1310000 1906.0
1310010 1906.0
1310020 1903.9
1310030 1900.9
1310040 1895.0
1310050 1895.0
1310060 1889.3
1310070 1882.4
1310080 1882.4
1310090 1876.5
1310100 1870.6
1310110 1870.6
1310120 1862.4
1310130 1854.6
1310140 1854.6
1310150 1847.6
1310160 1843.2
1310170 1843.2
1310180 1837.3
1310190 1830.9
1310200 1830.9
1310210 1825.9
1310220 1823.0
1310230 1823.0
1310240 1824.5
1310250 1824.1
1310260 1816.1
1310270 1816.1
1310280 1811.0
1310290 1810.5
1310300 1819.0
1310310 1818.7
1310320 1811.6
1310330 1811.6
1310340 1802.0
1310350 1793.3
1310360 1793.3
1310370 1788.0
1310380 1782.0
1310390 1782.0
1310400 1771.0
1310410 1763.1
1310420 1763.1
1310430 1751.4
1310440 1740.9
1310450 1740.9
1310460 1725.7
1310470 1717.2
1310480 1712.2
1310490 1712.2
1310500 1710.4
1310510 1706.7
1310520 1706.7
1310530 1694.8
1310540 1690.5
1310550 1690.5
1310560 1691.4
1310570 1689.5
1310580 1689.5
1310590 1687.6
1310600 1687.5
1310610 1687.5
1310620 1685.6
1310630 1680.6
1310640 1680.6
1310650 1682.1
1310660 1686.3
1310670 1689.4
1310680 1689.4
1310690 1691.9
1310700 1693.5
1310710 1693.5
1310720 1693.7
1310730 1695.4
1310740 1695.4
1310750 1697.7
1310760 1699.6
1310770 1699.6
1310780 1701.0
1310790 1702.3
1310800 1702.3
1310810 1707.9
1310820 1725.7
1310830 1725.7
1310840 1735.3
1310850 1743.3
1310860 1743.3
1310870 1749.5
1310880 1755.2
1310890 1759.3
1310900 1759.3
1310910 1762.8
1310920 1766.7
1310930 1766.7
1310940 1771.6
1310950 1778.4
1310960 1778.4
1310970 1787.6
1310980 1793.4
1310990 1793.4
1311000 1794.1
1311010 1794.6
1311020 1794.6
1311030 1805.4
1311040 1807.7
1311050 1807.7
1311060 1809.2
1311070 1811.8
1311080 1811.8
1311090 1817.6
1311100 1827.7
1311110 1832.9
1311120 1832.9
1311130 1837.1
1311140 1840.1
1311150 1840.1
1311160 1836.3
1311170 1834.3
1311180 1834.3
1311190 1833.0
1311200 1834.8
1311210 1834.8
1311220 1834.4
1311230 1833.9
1311240 1833.9
1311250 1836.5
1311260 1836.8
1311270 1836.8
1311280 1839.2
1311290 1840.5
1311300 1840.2
1311310 1840.2
1311320 1844.0
1311330 1844.3
1311340 1844.3
1311350 1844.3
1311360 1850.1
1311370 1850.1
1311380 1855.6
1311390 1861.2
1311400 1861.2
1311410 1868.2
1311420 1872.0
1311430 1872.0
1311440 1874.3
1311450 1874.7
1311460 1874.7
1311470 1875.2
1311480 1872.9
1311490 1872.9
1311500 1867.9
1311510 1867.5
1311520 1868.3
1311530 1868.3
1311540 1865.6
1311550 1868.2
1311560 1868.2
1311570 1865.9
1311580 1863.9
1311590 1863.9
1311600 1865.0
1311610 1869.8
1311620 1869.8
1311630 1876.9
1311640 1882.4
1311650 1882.4
1311660 1886.2
1311670 1887.4
1311680 1887.4
1311690 1884.6
1311700 1882.0
1311710 1882.0
1311720 1880.6
1311730 1882.1
1311740 1886.2
1311750 1886.2
1311760 1900.9
1311770 1905.7
1311780 1905.7
1311790 1911.2
1311800 1913.6
1311810 1913.6
1311820 1917.8
1311830 1923.5
1311840 1923.5
1311850 1930.5
1311860 1934.1
1311870 1934.1
1311880 1935.4
1311890 1936.6
1311900 1936.6
1311910 1937.9
1311920 1937.4
1311930 1935.7
1311940 1935.7
1311950 1936.2
1311960 1935.9
1311970 1935.9
1311980 1937.5
1311990 1938.6
1312000 1938.6
1312010 1941.6
1312020 1944.1
1312030 1944.1
1312040 1946.6
1312050 1949.7
1312060 1949.7
1312070 1952.2
1312080 1952.4
1312090 1952.4
1312100 1951.2
1312110 1951.7
1312120 1951.7
1312130 1950.9
1312140 1947.6
1312150 1945.8
1312160 1945.8
1312170 1943.2
1312180 1942.7
1312190 1942.7
1312200 1940.4
1312210 1938.3
1312220 1938.3
1312230 1936.6
1312240 1935.9
1312250 1935.9
1312260 1933.7
1312270 1930.5
1312280 1930.5
1312290 1929.1
1312300 1928.9
1312310 1928.9
1312320 1928.1
1312330 1926.0
1312340 1926.0
1312350 1924.1
1312360 1922.2
1312370 1919.4
1312380 1919.4
1312390 1916.3
1312400 1912.3
1312410 1912.3
1312420 1908.2
1312430 1903.7
1312440 1903.7
1312450 1897.4
1312460 1889.4
1312470 1889.4
1312480 1881.9
1312490 1875.9
1312500 1879.6
1312510 1874.0
1312520 1866.8
1312530 1866.8
1312540 1860.5
1312550 1855.3
1312560 1848.3
1312570 1848.3
1312580 1841.8
1312590 1840.8
1312600 1840.8
1312610 1844.0
1312620 1846.5
1312630 1846.5
1312640 1848.0
1312650 1849.1
1312660 1849.1
1312670 1850.3
1312680 1851.2
1312690 1851.2
1312700 1854.4
1312710 1857.2
1312720 1857.2
1312730 1858.2
1312740 1859.9
1312750 1859.9
1312760 1861.7
1312770 1863.6
1312780 1863.8
1312790 1863.8
1312800 1864.3
1312810 1865.9
1312820 1865.9
1312830 1869.2
1312840 1874.3
1312850 1874.3
1312860 1879.4
1312870 1884.6
1312880 1884.6
1312890 1890.0
1312900 1894.6
1312910 1894.6
1312920 1900.5
1312930 1905.9
1312940 1905.9
1312950 1911.8
1312960 1918.0
1312970 1918.0
1312980 1923.8
1312990 1928.1
1313000 1933.6
1313010 1933.6
1313020 1940.0
1313030 1944.9
1313040 1944.9
1313050 1950.9
1313060 1957.7
1313070 1957.7
1313080 1965.1
1313090 1971.5
1313100 1971.5
1313110 1976.9
1313120 1982.3
1313130 1982.3
1313140 1986.6
1313150 1989.0
1313160 1989.0
1313170 1991.5
1313180 1996.5
1313190 2002.6
1313200 2002.6
1313210 2009.2
1313220 2015.7
1313230 2014.4
1313240 2021.3
1313250 2028.2
1313260 2028.2
1313270 2034.8
1313280 2042.1
1313290 2042.1
1313300 2049.7
1313310 2057.8
1313320 2057.8
1313330 2067.1
1313340 2076.0
1313350 2076.0
1313360 2083.9
1313370 2091.4
1313380 2091.4
1313390 2098.5
1313400 2104.2
1313410 2109.1
1313420 2109.1
1313430 2114.4
1313440 2120.6
1313450 2120.6
1313460 2127.1
1313470 2134.0
1313480 2134.0
1313490 2140.5
1313500 2145.2
1313510 2145.2
1313520 2149.2
1313530 2153.4
1313540 2153.4
1313550 2158.0
1313560 2161.2
1313570 2161.2
1313580 2164.1
1313590 2167.5
1313600 2167.5
1313610 2170.7
1313620 2173.5
1313630 2176.3
1313640 2176.3
1313650 2178.8
1313660 2180.0
1313670 2180.0
1313680 2182.6
1313690 2184.5
1313700 2184.5
1313710 2186.2
1313720 2187.4
1313730 2187.4
1313740 2189.8
1313750 2191.3
1313760 2191.3
1313770 2192.7
1313780 2195.0
1313790 2195.0
1313800 2197.4
1313810 2199.3
1313820 2200.8
1313830 2200.8
1313840 2201.8
1313850 2202.0
1313860 2202.0
1313870 2201.4
1313880 2202.8
1313890 2202.8
1313900 2204.5
1313910 2206.2
1313920 2206.2
1313930 2208.9
1313940 2211.7
1313950 2211.7
1313960 2213.8
1313970 2215.1
1313980 2207.9
1313990 2208.0
1314000 2208.6
1314010 2208.6
1314020 2208.3
1314030 2209.1
1314040 2211.5
1314050 2211.5
1314060 2213.4
1314070 2212.6
1314080 2212.6
1314090 2209.4
1314100 2208.0
1314110 2208.0
1314120 2208.3
1314130 2209.1
1314140 2209.1
1314150 2211.4
1314160 2215.0
1314170 2215.0
1314180 2217.3
1314190 2218.6
1314200 2218.6
1314210 2221.0
1314220 2223.6
1314230 2223.6
1314240 2225.4
1314250 2225.6
1314260 2226.5
1314270 2226.5
1314280 2228.7
1314290 2231.6
1314300 2231.6
1314310 2235.1
1314320 2238.0
1314330 2238.0
1314340 2239.6
1314350 2239.2
1314360 2239.2
1314370 2237.7
1314380 2236.6
1314390 2236.6
1314400 2236.5
1314410 2235.2
1314420 2235.2
1314430 2233.9
1314440 2234.8
1314450 2237.6
1314460 2237.6
1314470 2239.0
1314480 2239.4
1314490 2239.4
1314500 2239.4
1314510 2239.4
1314520 2239.4
1314530 2238.9
1314540 2238.7
1314550 2238.7
1314560 2238.9
1314570 2240.9
1314580 2240.9
1314590 2243.0
1314600 2243.4
1314610 2243.4
1314620 2244.2
1314630 2244.8
1314640 2244.8
1314650 2245.3
1314660 2246.3
1314670 2247.6
1314680 2247.6
1314690 2248.7
1314700 2249.0
1314710 2249.0
1314720 2244.3
1314730 2245.9
1314740 2245.9
1314750 2247.6
1314760 2250.0
1314770 2250.0
1314780 2253.2
1314790 2255.4
1314800 2255.4
1314810 2256.1
1314820 2256.9
1314830 2256.9
1314840 2258.7
1314850 2260.1
1314860 2260.1
1314870 2261.4
1314880 2262.3
1314890 2262.8
1314900 2262.8
1314910 2262.4
1314920 2261.1
1314930 2261.1
1314940 2258.7
1314950 2257.3
1314960 2257.3
1314970 2257.2
1314980 2258.1
1314990 2258.1
1315000 2257.8
1315010 2257.0
1315020 2257.0
1315030 2255.3
1315040 2252.7
1315050 2252.7
1315060 2252.3
1315070 2253.0
1315080 2253.8
1315090 2253.8
1315100 2253.3
1315110 2249.7
1315120 2249.7
1315130 2244.0
1315140 2239.0
1315150 2239.0
1315160 2235.2
1315170 2230.6
1315180 2230.6
1315190 2227.8
1315200 2224.9
1315210 2224.9
1315220 2219.5
1315230 2213.1
1315240 2213.1
1315250 2206.2
1315260 2199.6
1315270 2199.6
1315280 2195.6
1315290 2192.7
1315300 2189.5
1315310 2189.5
1315320 2187.4
1315330 2185.0
1315340 2185.0
1315350 2183.0
1315360 2181.0
1315370 2181.0
1315380 2178.3
1315390 2173.8
1315400 2173.8
1315410 2170.2
1315420 2167.0
1315430 2167.0
1315440 2163.4
1315450 2161.7
1315460 2161.7
1315470 2159.9
1315480 2159.5
1315490 2159.5
1315500 2159.3
1315510 2159.1
1315520 2159.1
1315530 2159.1
1315540 2159.4
1315550 2159.3
1315560 2159.3
1315570 2159.2
1315580 2158.9
1315590 2158.9
1315600 2158.7
1315610 2158.6
1315620 2158.6
1315630 2158.9
1315640 2159.0
1315650 2159.0
1315660 2157.6
1315670 2155.2
1315680 2155.2
1315690 2154.2
1315700 2154.5
1315710 2154.0
1315720 2154.0
1315730 2153.5
1315740 2152.4
1315750 2152.4
1315760 2151.1
1315770 2148.7
1315780 2148.7
1315790 2144.2
1315800 2139.4
1315810 2139.4
1315820 2134.2
1315830 2130.3
1315840 2130.3
1315850 2126.6
1315860 2121.7
1315870 2121.7
1315880 2118.2
1315890 2115.7
1315900 2115.7
1315910 2112.2
1315920 2110.4
1315930 2109.8
1315940 2109.8
1315950 2109.7
1315960 2109.5
1315970 2109.5
1315980 2108.9
1315990 2108.4
1316000 2108.4
1316010 2108.2
1316020 2108.0
1316030 2108.0
1316040 2107.7
1316050 2107.5
1316060 2107.5
1316070 2107.4
1316080 2107.5
1316090 2107.5
1316100 2109.1
1316110 2112.1
1316120 2112.1
1316130 2111.7
1316140 2109.9
1316150 2108.8
1316160 2108.8
1316170 2109.1
1316180 2109.4
1316190 2109.4
1316200 2109.7
1316210 2110.0
1316220 2109.7
1316230 2109.8
1316240 2110.0
1316250 2110.0
1316260 2110.2
1316270 2111.0
1316280 2111.0
1316290 2112.0
1316300 2112.5
1316310 2112.5
1316320 2112.9
1316330 2112.8
1316340 2112.2
1316350 2112.2
1316360 2111.6
1316370 2111.9
1316380 2111.9
1316390 2112.0
1316400 2112.1
1316410 2112.1
1316420 2112.2
1316430 2112.3
1316440 2112.3
1316450 2112.5
1316460 2112.7
1316470 2112.7
1316480 2112.5
1316490 2112.5
1316500 2112.5
1316510 2112.7
1316520 2112.7
1316530 2112.7
1316540 2112.9
1316550 2113.0
1316560 2113.1
1316570 2113.1
1316580 2113.3
1316590 2113.4
1316600 2113.4
1316610 2113.6
1316620 2113.8
1316630 2113.8
1316640 2114.0
1316650 2114.3
1316660 2114.3
1316670 2114.5
1316680 2114.6
1316690 2114.6
1316700 2114.7
1316710 2114.8
1316720 2114.8
1316730 2115.3
1316740 2116.3
1316750 2116.3
1316760 2117.1
1316770 2117.7
1316780 2118.0
1316790 2118.0
1316800 2118.5
1316810 2119.7
1316820 2119.7
1316830 2120.8
1316840 2122.0
1316850 2122.0
1316860 2123.1
1316870 2123.7
1316880 2123.7
1316890 2123.9
1316900 2124.1
1316910 2124.1
1316920 2124.5
1316930 2125.1
1316940 2125.1
1316950 2125.8
1316960 2126.6
1316970 2127.6
1316980 2126.8
1316990 2127.8
1317000 2128.6
1317010 2128.6
1317020 2129.0
1317030 2129.6
1317040 2129.6
1317050 2130.8
1317060 2132.0
1317070 2132.0
1317080 2133.3
1317090 2134.9
1317100 2134.9
1317110 2136.8
1317120 2139.0
1317130 2139.0
1317140 2141.9
1317150 2147.2
1317160 2147.2
1317170 2154.3
1317180 2161.1
1317190 2168.1
1317200 2168.1
1317210 2175.0
1317220 2182.2
1317230 2182.2
1317240 2193.9
1317250 2205.4
1317260 2205.4
1317270 2213.2
1317280 2218.5
1317290 2218.5
1317300 2222.1
1317310 2225.2
1317320 2225.2
1317330 2227.3
1317340 2229.8
1317350 2229.8
1317360 2232.5
1317370 2234.5
1317380 2234.5
1317390 2236.3
1317400 2237.8
1317410 2240.9
1317420 2240.9
1317430 2243.2
1317440 2244.5
1317450 2244.5
1317460 2245.5
1317470 2246.8
1317480 2246.8
1317490 2250.7
1317500 2254.7
1317510 2254.7
1317520 2257.6
1317530 2260.2
1317540 2260.2
1317550 2262.9
1317560 2265.5
1317570 2265.5
1317580 2269.4
1317590 2273.4
1317600 2278.2
1317610 2278.2
1317620 2283.4
1317630 2287.4
1317640 2287.4
1317650 2291.9
1317660 2296.1
1317670 2296.1
1317680 2300.7
1317690 2305.4
1317700 2305.4
1317710 2310.1
1317720 2314.9
1317730 2311.1
1317740 2315.9
1317750 2321.1
1317760 2321.1
1317770 2326.3
1317780 2331.6
1317790 2331.6
1317800 2335.9
1317810 2341.1
1317820 2346.6
1317830 2346.6
1317840 2353.3
1317850 2359.4
1317860 2359.4
1317870 2364.9
1317880 2370.4
1317890 2370.4
1317900 2375.5
1317910 2380.9
1317920 2380.9
1317930 2384.7
1317940 2388.5
1317950 2388.5
1317960 2394.2
1317970 2400.3
1317980 2400.3
1317990 2407.3
1318000 2414.8
1318010 2414.8
1318020 2422.4
1318030 2431.4
1318040 2440.0
1318050 2440.0
1318060 2447.3
1318070 2452.7
1318080 2452.7
1318090 2457.2
1318100 2462.2
1318110 2462.2
1318120 2467.5
1318130 2472.0
1318140 2472.0
1318150 2476.6
1318160 2482.1
1318170 2482.1
1318180 2486.0
1318190 2489.5
1318200 2489.5
1318210 2492.6
1318220 2494.7
1318230 2494.7
1318240 2499.5
1318250 2504.8
1318260 2508.8
1318270 2508.8
1318280 2511.1
1318290 2514.0
1318300 2514.0
1318310 2517.8
1318320 2520.9
1318330 2520.9
1318340 2523.7
1318350 2526.5
1318360 2526.5
1318370 2531.0
1318380 2536.2
1318390 2536.2
1318400 2540.5
1318410 2544.7
1318420 2544.7
1318430 2548.8
1318440 2552.6
1318450 2557.1
1318460 2557.1
1318470 2560.7
1318480 2563.4
1318490 2562.9
1318500 2566.0
1318510 2568.7
1318520 2568.7
1318530 2570.9
1318540 2572.7
1318550 2572.7
1318560 2575.0
1318570 2578.4
1318580 2578.4
1318590 2582.0
1318600 2586.0
1318610 2586.0
1318620 2590.7
1318630 2595.9
1318640 2595.9
1318650 2602.1
1318660 2608.8
1318670 2615.6
1318680 2615.6
1318690 2622.7
1318700 2629.9
1318710 2629.9
1318720 2637.2
1318730 2643.2
1318740 2643.2
1318750 2646.0
1318760 2647.7
1318770 2647.7
1318780 2649.2
1318790 2650.4
1318800 2650.4
1318810 2650.7
1318820 2650.6
1318830 2650.6
1318840 2650.5
1318850 2650.6
1318860 2650.6
1318870 2651.3
1318880 2652.5
1318890 2654.4
1318900 2654.4
1318910 2656.1
1318920 2657.9
1318930 2657.9
1318940 2660.0
1318950 2662.2
1318960 2662.2
1318970 2664.1
1318980 2665.8
1318990 2665.8
1319000 2667.5
1319010 2669.1
1319020 2669.1
1319030 2671.0
1319040 2672.6
1319050 2672.6
1319060 2673.8
1319070 2674.9
1319080 2676.0
1319090 2676.0
1319100 2676.8
1319110 2677.3
1319120 2677.3
1319130 2678.8
1319140 2680.6
1319150 2680.6
1319160 2681.3
1319170 2681.8
1319180 2681.8
1319190 2683.0
1319200 2684.0
1319210 2684.0
1319220 2685.7
1319230 2688.0
1319240 2688.0
1319250 2690.0
1319260 2690.4
1319270 2690.4
1319280 2690.7
1319290 2691.2
1319300 2692.5
1319310 2692.5
1319320 2694.8
1319330 2696.1
1319340 2696.1
1319350 2697.9
1319360 2700.3
1319370 2700.3
1319380 2701.8
1319390 2702.4
1319400 2702.4
1319410 2701.8
1319420 2700.7
1319430 2700.7
1319440 2700.9
1319450 2701.4
1319460 2701.4
1319470 2703.3
1319480 2706.2
1319490 2706.2
1319500 2708.3
1319510 2709.2
1319520 2710.6
1319530 2710.6
1319540 2712.5
1319550 2713.6
1319560 2713.6
1319570 2715.3
1319580 2717.4
1319590 2717.4
1319600 2721.2
1319610 2729.8
1319620 2729.8
1319630 2738.8
1319640 2744.8
1319650 2744.8
1319660 2748.1
1319670 2751.1
1319680 2751.1
1319690 2753.8
1319700 2756.4
1319710 2761.2
1319720 2761.2
1319730 2767.3
1319740 2772.3
1319750 2772.3
1319760 2775.6
1319770 2778.8
1319780 2778.8
1319790 2782.3
1319800 2785.4
1319810 2785.4
1319820 2788.7
1319830 2792.4
1319840 2792.4
1319850 2796.4
1319860 2801.1
1319870 2801.1
1319880 2805.9
1319890 2810.4
1319900 2810.4
1319910 2814.4
1319920 2818.5
1319930 2822.3
1319940 2822.3
1319950 2826.4
1319960 2830.9
1319970 2830.9
1319980 2835.2
1319990 2839.4
