1300000 2133.9
1300010 2127.8
1300020 2127.9
1300030 2128.3
1300040 2128.3
1300050 2129.2
1300060 2129.3
1300070 2129.3
1300080 2128.6
1300090 2128.3
1300100 2128.3
1300110 2125.7
1300120 2122.1
1300130 2118.4
1300140 2118.4
1300150 2114.4
1300160 2109.9
1300170 2109.9
1300180 2106.0
1300190 2102.6
1300200 2102.6
1300210 2099.0
1300220 2094.5
1300230 2094.5
1300240 2091.1
1300250 2087.8
1300260 2087.8
1300270 2083.6
1300280 2078.8
1300290 2078.8
1300300 2073.5
1300310 2070.3
1300320 2070.3
1300330 2066.2
1300340 2060.8
1300350 2055.4
1300360 2055.4
1300370 2050.5
1300380 2044.2
1300390 2044.2
1300400 2039.5
1300410 2036.3
1300420 2036.3
1300430 2032.5
1300440 2028.7
1300450 2028.7
1300460 2025.0
1300470 2021.4
1300480 2021.4
1300490 2017.3
1300500 2011.7
1300510 2011.7
1300520 2005.3
1300530 2001.5
1300540 1995.6
1300550 1995.6
1300560 1988.3
1300570 1981.8
1300580 1981.8
1300590 1977.1
1300600 1972.6
1300610 1972.6
1300620 1968.1
1300630 1963.1
1300640 1963.1
1300650 1957.2
1300660 1951.7
1300670 1951.7
1300680 1947.2
1300690 1941.8
1300700 1935.6
1300710 1929.9
1300720 1923.0
1300730 1923.0
1300740 1914.7
1300750 1906.6
1300760 1900.9
1300770 1900.9
1300780 1896.7
1300790 1895.7
1300800 1895.7
1300810 1892.0
1300820 1884.8
1300830 1884.8
1300840 1878.3
1300850 1874.8
1300860 1874.8
1300870 1872.7
1300880 1870.6
1300890 1870.6
1300900 1867.5
1300910 1864.2
1300920 1864.2
1300930 1861.1
1300940 1857.9
1300950 1857.9
1300960 1854.1
1300970 1848.9
1300980 1844.5
1300990 1844.5
1301000 1840.9
1301010 1837.6
1301020 1837.6
1301030 1834.9
1301040 1832.9
1301050 1832.9
1301060 1832.6
1301070 1832.6
1301080 1832.6
1301090 1831.9
1301100 1830.4
1301110 1830.4
1301120 1828.3
1301130 1825.8
1301140 1825.8
1301150 1823.9
1301160 1821.9
1301170 1819.9
1301180 1819.9
1301190 1817.5
1301200 1814.6
1301210 1814.6
1301220 1813.5
1301230 1813.5
1301240 1813.5
1301250 1813.7
1301260 1813.7
1301270 1813.7
1301280 1813.2
1301290 1812.6
1301300 1812.6
1301310 1812.2
1301320 1811.6
1301330 1811.6
1301340 1811.2
1301350 1810.6
1301360 1810.6
1301370 1809.1
1301380 1805.4
1301390 1798.0
1301400 1798.0
1301410 1796.0
1301420 1796.5
1301430 1796.5
1301440 1796.7
1301450 1796.4
1301460 1796.4
1301470 1797.5
1301480 1799.6
1301490 1799.6
1301500 1801.6
1301510 1803.9
1301520 1803.9
1301530 1804.5
1301540 1805.9
1301550 1805.9
1301560 1809.4
1301570 1811.0
1301580 1811.0
1301590 1812.8
1301600 1814.0
1301610 1813.3
1301620 1813.3
1301630 1814.6
1301640 1816.0
1301650 1816.0
1301660 1817.5
1301670 1819.9
1301680 1819.9
1301690 1822.7
1301700 1826.9
1301710 1826.9
1301720 1830.8
1301730 1834.9
1301740 1834.9
1301750 1838.8
1301760 1844.3
1301770 1844.3
1301780 1849.6
1301790 1853.9
1301800 1857.6
1301810 1857.6
1301820 1863.4
1301830 1870.0
1301840 1870.0
1301850 1879.7
1301860 1885.4
1301870 1885.4
1301880 1890.8
1301890 1893.8
1301900 1893.8
1301910 1894.2
1301920 1896.8
1301930 1896.8
1301940 1900.3
1301950 1904.7
1301960 1904.7
1301970 1910.0
1301980 1913.3
1301990 1913.3
1302000 1915.6
1302010 1918.3
1302020 1921.7
1302030 1921.7
1302040 1928.0
1302050 1935.6
1302060 1935.6
1302070 1942.7
1302080 1962.1
1302090 1962.1
1302100 1969.2
1302110 1977.5
1302120 1977.5
1302130 1983.7
1302140 1988.3
1302150 1988.3
1302160 1991.1
1302170 1995.4
1302180 1995.4
1302190 1999.9
1302200 2006.3
1302210 2012.0
1302220 2012.0
1302230 2016.1
1302240 2016.7
1302250 2016.7
1302260 2014.7
1302270 2012.7
1302280 2012.7
1302290 2011.1
1302300 2009.6
1302310 2009.6
1302320 2007.2
1302330 2004.8
1302340 2004.8
1302350 2001.3
1302360 1996.4
1302370 1996.4
1302380 1988.7
1302390 1979.0
1302400 1979.0
1302410 1969.1
1302420 1959.0
1302430 1953.9
1302440 1953.9
1302450 1949.0
1302460 1944.3
1302470 1944.3
1302480 1939.4
1302490 1933.7
1302500 1933.7
1302510 1924.9
1302520 1916.0
1302530 1916.0
1302540 1909.0
1302550 1899.2
1302560 1899.2
1302570 1890.9
1302580 1883.8
1302590 1883.8
1302600 1874.4
1302610 1864.7
1302620 1864.7
1302630 1857.3
1302640 1851.0
1302650 1841.6
1302660 1841.6
1302670 1830.3
1302680 1821.4
1302690 1821.4
1302700 1813.4
1302710 1805.3
1302720 1805.3
1302730 1797.2
1302740 1789.8
1302750 1789.8
1302760 1784.1
1302770 1776.1
1302780 1778.1
1302790 1771.9
1302800 1770.8
1302810 1770.8
1302820 1770.8
1302830 1770.8
1302840 1770.8
1302850 1770.8
1302860 1770.8
1302870 1770.8
1302880 1770.8
1302890 1770.8
1302900 1770.8
1302910 1770.8
1302920 1770.8
1302930 1770.8
1302940 1770.8
1302950 1770.8
1302960 1770.8
1302970 1770.8
1302980 1770.8
1302990 1770.8
1303000 1770.8
1303010 1770.8
1303020 1770.8
1303030 1770.8
1303040 1770.8
1303050 1770.8
1303060 1770.8
1303070 1770.8
1303080 1770.8
1303090 1770.8
1303100 1770.8
1303110 1770.8
1303120 1770.8
1303130 1770.8
1303140 1770.8
1303150 1770.8
1303160 1770.8
1303170 1770.8
1303180 1770.8
1303190 1770.8
1303200 1770.8
1303210 1770.8
1303220 1770.8
1303230 1770.8
1303240 1770.8
1303250 1770.8
1303260 1770.8
1303270 1770.8
1303280 1770.8
1303290 1770.8
1303300 1770.8
1303310 1770.8
1303320 1770.8
1303330 1770.8
1303340 1770.8
1303350 1770.8
1303360 1770.8
1303370 1770.8
1303380 1770.8
1303390 1770.8
1303400 1770.8
1303410 1770.8
1303420 1770.8
1303430 1770.8
1303440 1770.8
1303450 1770.8
1303460 1770.8
1303470 1770.8
1303480 1770.8
1303490 1770.8
1303500 1770.8
1303510 1770.8
1303520 1770.8
1303530 1770.8
1303540 1770.8
1303550 1770.8
1303560 1770.8
1303570 1770.8
1303580 1770.8
1303590 1770.8
1303600 1770.8
1303610 1770.8
1303620 1770.8
1303630 1770.8
1303640 1770.8
1303650 1770.8
1303660 1770.8
1303670 1770.8
1303680 1770.8
1303690 1770.8
1303700 1770.8
1303710 1770.9
1303720 1771.9
1303730 1771.9
1303740 1774.1
1303750 1778.2
1303760 1778.2
1303770 1781.5
1303780 1785.2
1303790 1785.2
1303800 1794.5
1303810 1804.7
1303820 1804.7
1303830 1815.1
1303840 1824.5
1303850 1824.5
1303860 1833.2
1303870 1842.4
1303880 1842.4
1303890 1852.9
1303900 1863.8
1303910 1873.5
1303920 1873.5
1303930 1884.4
1303940 1893.8
1303950 1893.8
1303960 1903.5
1303970 1914.1
1303980 1914.1
1303990 1922.6
1304000 1931.4
1304010 1931.4
1304020 1941.1
1304030 1951.5
1304040 1951.5
1304050 1960.0
1304060 1964.7
1304070 1964.7
1304080 1969.6
1304090 1971.5
1304100 1973.6
1304110 1973.6
1304120 1975.3
1304130 1978.6
1304140 1978.6
1304150 1982.0
1304160 1985.0
1304170 1985.0
1304180 1994.7
1304190 2003.6
1304200 2003.6
1304210 2012.4
1304220 2020.9
1304230 2020.9
1304240 2028.1
1304250 2035.6
1304260 2035.6
1304270 2043.8
1304280 2056.6
1304290 2056.6
1304300 2068.6
1304310 2076.4
1304320 2085.0
1304330 2085.0
1304340 2093.3
1304350 2101.3
1304360 2101.3
1304370 2110.5
1304380 2121.2
1304390 2121.2
1304400 2131.7
1304410 2139.6
1304420 2139.6
1304430 2147.8
1304440 2156.2
1304450 2156.2
1304460 2167.0
1304470 2179.1
1304480 2179.1
1304490 2187.6
1304500 2195.8
1304510 2195.8
1304520 2204.7
1304530 2211.1
1304540 2212.8
1304550 2212.8
1304560 2207.6
1304570 2199.7
1304580 2199.7
1304590 2188.8
1304600 2184.1
1304610 2184.1
1304620 2181.3
1304630 2178.7
1304640 2178.7
1304650 2178.5
1304660 2179.2
1304670 2179.2
1304680 2180.8
1304690 2182.5
1304700 2182.5
1304710 2185.0
1304720 2187.3
1304730 2189.9
1304740 2189.9
1304750 2193.9
1304760 2198.2
1304770 2198.2
1304780 2203.0
1304790 2209.5
1304800 2209.5
1304810 2217.6
1304820 2226.4
1304830 2226.4
1304840 2235.9
1304850 2245.8
1304860 2245.8
1304870 2255.2
1304880 2262.3
1304890 2262.3
1304900 2270.9
1304910 2281.3
1304920 2281.3
1304930 2288.7
1304940 2293.7
1304950 2298.9
1304960 2298.9
1304970 2304.6
1304980 2311.1
1304990 2311.1
1305000 2317.8
1305010 2324.7
1305020 2324.7
1305030 2331.0
1305040 2337.0
1305050 2337.0
1305060 2343.7
1305070 2352.1
1305080 2352.1
1305090 2359.5
1305100 2365.0
1305110 2365.0
1305120 2368.7
1305130 2368.7
1305140 2368.7
1305150 2366.5
1305160 2364.6
1305170 2364.7
1305180 2364.7
1305190 2361.5
1305200 2357.8
1305210 2357.8
1305220 2356.9
1305230 2356.7
1305240 2356.7
1305250 2357.5
1305260 2359.6
1305270 2359.6
1305280 2360.6
1305290 2361.9
1305300 2361.9
1305310 2364.0
1305320 2366.5
1305330 2366.5
1305340 2369.4
1305350 2372.3
1305360 2374.5
1305370 2374.5
1305380 2376.1
1305390 2378.7
1305400 2378.7
1305410 2382.3
1305420 2386.7
1305430 2386.7
1305440 2390.9
1305450 2393.7
1305460 2393.7
1305470 2397.1
1305480 2400.9
1305490 2400.9
1305500 2405.0
1305510 2408.9
1305520 2408.9
1305530 2413.9
1305540 2420.5
1305550 2420.5
1305560 2427.4
1305570 2433.1
1305580 2436.5
1305590 2434.5
1305600 2435.8
1305610 2436.0
1305620 2436.0
1305630 2438.4
1305640 2442.3
1305650 2442.3
1305660 2446.1
1305670 2450.4
1305680 2450.4
1305690 2455.0
1305700 2459.6
1305710 2459.6
1305720 2464.1
1305730 2468.5
1305740 2468.5
1305750 2473.0
1305760 2477.5
1305770 2477.5
1305780 2482.4
1305790 2487.6
1305800 2493.1
1305810 2493.1
1305820 2498.7
1305830 2505.2
1305840 2505.2
1305850 2512.1
1305860 2521.3
1305870 2521.3
1305880 2534.7
1305890 2545.4
1305900 2545.4
1305910 2552.5
1305920 2552.2
1305930 2552.2
1305940 2550.8
1305950 2549.2
1305960 2549.2
1305970 2548.2
1305980 2548.2
1305990 2547.4
1306000 2547.4
1306010 2547.3
1306020 2547.3
1306030 2547.3
1306040 2548.0
1306050 2549.2
1306060 2549.2
1306070 2550.6
1306080 2551.9
1306090 2551.9
1306100 2553.3
1306110 2554.3
1306120 2554.3
1306130 2555.2
1306140 2555.9
1306150 2555.9
1306160 2556.5
1306170 2556.8
1306180 2556.8
1306190 2557.7
1306200 2559.5
1306210 2561.7
1306220 2561.7
1306230 2564.3
1306240 2566.5
1306250 2566.5
1306260 2569.0
1306270 2571.8
1306280 2571.8
1306290 2571.8
1306300 2575.3
1306310 2575.3
1306320 2578.9
1306330 2582.3
1306340 2582.3
1306350 2585.5
1306360 2586.7
1306370 2586.7
1306380 2588.5
1306390 2591.1
1306400 2591.1
1306410 2594.6
1306420 2598.7
1306430 2603.0
1306440 2603.0
1306450 2607.1
1306460 2611.2
1306470 2611.2
1306480 2615.3
1306490 2619.5
1306500 2619.5
1306510 2623.9
1306520 2628.7
1306530 2628.7
1306540 2633.2
1306550 2638.0
1306560 2638.0
1306570 2642.7
1306580 2647.2
1306590 2647.2
1306600 2652.3
1306610 2657.9
1306620 2663.9
1306630 2663.9
1306640 2670.5
1306650 2677.2
1306660 2677.2
1306670 2684.0
1306680 2690.3
1306690 2690.3
1306700 2695.8
1306710 2702.0
1306720 2702.0
1306730 2716.6
1306740 2737.6
1306750 2737.6
1306760 2753.3
1306770 2764.4
1306780 2764.4
1306790 2776.2
1306800 2788.7
1306810 2788.7
1306820 2799.3
1306830 2807.8
1306840 2817.6
1306850 2817.6
1306860 2827.2
1306870 2836.6
1306880 2836.6
1306890 2846.3
1306900 2856.0
1306910 2856.0
1306920 2866.2
1306930 2878.2
1306940 2878.2
1306950 2889.3
1306960 2895.2
1306970 2895.2
1306980 2896.0
1306990 2892.2
1307000 2892.2
1307010 2909.5
1307020 2913.7
1307030 2913.7
1307040 2904.8
1307050 2892.3
1307060 2880.5
1307070 2880.5
1307080 2868.7
1307090 2857.5
1307100 2857.5
1307110 2848.4
1307120 2839.8
1307130 2839.8
1307140 2830.7
1307150 2821.1
1307160 2821.1
1307170 2810.9
1307180 2800.8
1307190 2800.8
1307200 2792.7
1307210 2782.2
1307220 2782.2
1307230 2775.0
1307240 2772.2
1307250 2766.5
1307260 2766.5
1307270 2761.2
1307280 2755.5
1307290 2755.5
1307300 2749.6
1307310 2741.1
1307320 2741.1
1307330 2731.6
1307340 2723.1
1307350 2723.1
1307360 2714.8
1307370 2702.5
1307380 2702.5
1307390 2685.5
1307400 2666.3
1307410 2666.3
1307420 2645.0
1307430 2631.6
1307440 2631.6
1307450 2621.9
1307460 2614.6
1307470 2608.5
1307480 2608.5
1307490 2602.8
1307500 2597.4
1307510 2597.4
1307520 2593.7
1307530 2587.6
1307540 2587.6
1307550 2579.3
1307560 2568.5
1307570 2568.5
1307580 2560.9
1307590 2553.9
1307600 2553.9
1307610 2540.7
1307620 2524.7
1307630 2524.7
1307640 2506.7
1307650 2495.4
1307660 2495.4
1307670 2489.0
1307680 2484.5
1307690 2479.5
1307700 2479.5
1307710 2474.8
1307720 2475.0
1307730 2475.0
1307740 2471.4
1307750 2469.9
1307760 2469.9
1307770 2470.1
1307780 2470.9
1307790 2470.9
1307800 2471.2
1307810 2471.1
1307820 2471.1
1307830 2470.4
1307840 2469.9
1307850 2469.9
1307860 2469.8
1307870 2471.0
1307880 2473.0
1307890 2473.0
1307900 2474.8
1307910 2475.1
1307920 2475.1
1307930 2475.7
1307940 2475.3
1307950 2475.3
1307960 2474.1
1307970 2474.3
1307980 2474.3
1307990 2474.7
1308000 2472.5
1308010 2472.5
1308020 2468.4
1308030 2464.3
1308040 2464.3
1308050 2460.1
1308060 2457.3
1308070 2457.3
1308080 2456.5
1308090 2453.4
1308100 2449.7
1308110 2449.7
1308120 2447.6
1308130 2444.9
1308140 2444.9
1308150 2440.3
1308160 2437.6
1308170 2437.6
1308180 2436.7
1308190 2437.9
1308200 2437.9
1308210 2440.2
1308220 2441.5
1308230 2441.5
1308240 2431.5
1308250 2422.5
1308260 2422.5
1308270 2414.3
1308280 2401.6
1308290 2401.6
1308300 2390.1
1308310 2384.4
1308320 2381.0
1308330 2381.0
1308340 2378.8
1308350 2378.7
1308360 2378.7
1308370 2381.9
1308380 2385.4
1308390 2385.4
1308400 2386.4
1308410 2381.1
1308420 2381.1
1308430 2375.9
1308440 2373.1
1308450 2373.1
1308460 2370.6
1308470 2368.6
1308480 2368.6
1308490 2365.4
1308500 2362.5
1308510 2361.1
1308520 2361.1
1308530 2360.4
1308540 2359.7
1308550 2359.7
1308560 2359.3
1308570 2359.9
1308580 2359.9
1308590 2360.1
1308600 2360.4
1308610 2360.4
1308620 2363.2
1308630 2363.9
1308640 2363.9
1308650 2365.4
1308660 2362.3
1308670 2362.3
1308680 2355.3
1308690 2348.5
1308700 2348.5
1308710 2342.2
1308720 2336.4
1308730 2331.2
1308740 2331.2
1308750 2325.7
1308760 2321.4
1308770 2321.4
1308780 2318.9
1308790 2316.5
1308800 2316.5
1308810 2315.8
1308820 2315.6
1308830 2315.6
1308840 2316.5
1308850 2318.3
1308860 2318.3
1308870 2319.9
1308880 2320.5
1308890 2320.5
1308900 2318.3
1308910 2314.9
1308920 2314.9
1308930 2311.6
1308940 2311.4
1308950 2313.3
1308960 2313.3
1308970 2313.1
1308980 2310.4
1308990 2310.4
1309000 2311.3
1309010 2313.5
1309020 2313.5
1309030 2308.6
1309040 2307.6
1309050 2307.6
1309060 2315.5
1309070 2323.6
1309080 2323.6
1309090 2331.3
1309100 2319.4
1309110 2319.4
1309120 2313.1
1309130 2323.0
1309140 2333.4
1309150 2333.4
1309160 2353.6
1309170 2351.5
1309180 2351.5
1309190 2338.7
1309200 2332.9
1309210 2332.9
1309220 2328.5
1309230 2307.1
1309240 2307.1
1309250 2284.8
1309260 2288.1
1309270 2288.1
1309280 2295.4
1309290 2308.4
1309300 2308.4
1309310 2303.7
1309320 2291.0
1309330 2291.0
1309340 2285.7
1309350 2277.9
1309360 2260.1
1309370 2260.1
1309380 2248.8
1309390 2250.6
1309400 2250.6
1309410 2256.0
1309420 2257.5
1309430 2257.5
1309440 2260.2
1309450 2253.9
1309460 2253.9
1309470 2240.0
1309480 2218.5
1309490 2218.5
1309500 2202.4
1309510 2187.6
1309520 2187.6
1309530 2181.6
1309540 2181.5
1309550 2181.5
1309560 2179.5
1309570 2174.7
1309580 2168.6
1309590 2168.6
1309600 2164.4
1309610 2161.4
1309620 2161.4
1309630 2160.7
1309640 2161.4
1309650 2161.4
1309660 2163.5
1309670 2165.9
1309680 2165.9
1309690 2169.7
1309700 2176.2
1309710 2176.2
1309720 2182.6
1309730 2191.0
1309740 2191.0
1309750 2200.5
1309760 2211.6
1309770 2221.4
1309780 2221.4
1309790 2227.7
1309800 2240.5
1309810 2240.5
1309820 2254.6
1309830 2268.5
1309840 2268.5
1309850 2279.2
1309860 2287.8
1309870 2287.8
1309880 2306.2
1309890 2310.9
1309900 2310.9
1309910 2314.3
1309920 2314.8
1309930 2314.8
1309940 2315.3
1309950 2306.8
1309960 2306.8
1309970 2286.5
1309980 2272.7
1309990 2255.5
1310000 2255.5
1310010 2248.1
1310020 2257.6
1310030 2257.6
1310040 2258.3
1310050 2253.3
1310060 2253.3
1310070 2239.3
1310080 2219.6
1310090 2219.6
1310100 2200.8
1310110 2183.3
1310120 2183.3
1310130 2172.1
1310140 2162.0
1310150 2162.0
1310160 2151.2
1310170 2141.0
1310180 2141.0
1310190 2131.4
1310200 2119.0
1310210 2105.3
1310220 2105.3
1310230 2092.8
1310240 2081.6
1310250 2081.6
1310260 2071.5
1310270 2056.2
1310280 2056.2
1310290 2039.3
1310300 2024.5
1310310 2024.5
1310320 2013.4
1310330 2022.2
1310340 2022.2
1310350 2037.2
1310360 2053.7
1310370 2053.7
1310380 2067.0
1310390 2075.5
1310400 2079.5
1310410 2079.5
1310420 2075.5
1310430 2069.0
1310440 2069.0
1310450 2063.4
1310460 2058.2
1310470 2058.2
1310480 2048.3
1310490 2034.7
1310500 2034.7
1310510 2019.1
1310520 2011.2
1310530 2011.2
1310540 2003.5
1310550 1993.3
1310560 1993.3
1310570 1987.5
1310580 1984.3
1310590 1984.3
1310600 1988.0
1310610 2001.4
1310620 2009.4
1310630 2009.4
1310640 2014.2
1310650 2014.5
1310660 2014.5
1310670 2009.9
1310680 2006.6
1310690 2006.6
1310700 2005.2
1310710 1998.9
1310720 1998.9
1310730 1993.2
1310740 1987.0
1310750 1987.0
1310760 1989.6
1310770 1997.2
1310780 1997.2
1310790 2008.6
1310800 2019.0
1310810 2019.0
1310820 2027.3
1310830 2032.6
1310840 2040.5
1310850 2040.5
1310860 2044.8
1310870 2045.7
1310880 2045.7
1310890 2048.3
1310900 2052.7
1310910 2052.7
1310920 2054.9
1310930 2055.5
1310940 2055.5
1310950 2046.0
1310960 2031.6
1310970 2031.6
1310980 2041.1
1310990 2045.4
1311000 2045.4
1311010 2044.7
1311020 2041.8
1311030 2043.6
1311040 2043.6
1311050 2045.9
1311060 2048.3
1311070 2048.3
1311080 2051.7
1311090 2052.6
1311100 2052.6
1311110 2045.4
1311120 2053.1
1311130 2053.1
1311140 2061.6
1311150 2067.0
1311160 2067.0
1311170 2072.7
1311180 2078.7
1311190 2078.7
1311200 2085.1
1311210 2091.9
1311220 2091.9
1311230 2100.0
1311240 2110.7
1311250 2121.1
1311260 2121.1
1311270 2127.2
1311280 2132.1
1311290 2132.1
1311300 2138.4
1311310 2143.6
1311320 2143.6
1311330 2147.6
1311340 2149.6
1311350 2149.6
1311360 2152.3
1311370 2157.0
1311380 2157.0
1311390 2161.3
1311400 2163.3
1311410 2163.3
1311420 2163.0
1311430 2161.5
1311440 2161.5
1311450 2159.4
1311460 2157.0
1311470 2154.6
1311480 2154.6
1311490 2153.0
1311500 2153.2
1311510 2153.2
1311520 2153.9
1311530 2154.8
1311540 2154.8
1311550 2156.0
1311560 2158.1
1311570 2158.1
1311580 2160.3
1311590 2161.5
1311600 2161.5
1311610 2164.9
1311620 2165.5
1311630 2165.5
1311640 2162.4
1311650 2159.2
1311660 2155.7
1311670 2155.7
1311680 2152.5
1311690 2150.1
1311700 2150.1
1311710 2147.4
1311720 2145.5
1311730 2145.5
1311740 2144.2
1311750 2141.9
1311760 2141.9
1311770 2138.8
1311780 2135.5
1311790 2135.5
1311800 2131.5
1311810 2127.4
1311820 2127.4
1311830 2122.9
1311840 2118.1
1311850 2118.1
1311860 2112.8
1311870 2108.8
1311880 2105.6
1311890 2105.6
1311900 2101.8
1311910 2098.7
1311920 2098.7
1311930 2095.7
1311940 2091.8
1311950 2091.8
1311960 2089.4
1311970 2087.3
1311980 2087.3
1311990 2085.4
1312000 2083.8
1312010 2083.8
1312020 2083.0
1312030 2081.6
1312040 2081.6
1312050 2079.6
1312060 2076.2
1312070 2080.1
1312080 2077.3
1312090 2074.3
1312100 2071.3
1312110 2071.3
1312120 2065.8
1312130 2062.0
1312140 2062.0
1312150 2058.4
1312160 2052.6
1312170 2052.6
1312180 2047.0
1312190 2043.3
1312200 2043.3
1312210 2039.7
1312220 2038.1
1312230 2038.1
1312240 2036.7
1312250 2035.7
1312260 2035.7
1312270 2034.4
1312280 2034.3
1312290 2033.8
1312300 2033.8
1312310 2034.3
1312320 2033.7
1312330 2033.7
1312340 2032.3
1312350 2031.5
1312360 2031.5
1312370 2031.2
1312380 2031.5
1312390 2031.5
1312400 2029.5
1312410 2026.4
1312420 2026.4
1312430 2023.8
1312440 2019.8
1312450 2019.8
1312460 2014.2
1312470 2007.9
1312480 2007.9
1312490 2001.7
1312500 1994.3
1312510 1986.0
1312520 1986.0
1312530 1976.5
1312540 1967.4
1312550 1967.4
1312560 1960.3
1312570 1953.9
1312580 1953.9
1312590 1947.0
1312600 1939.7
1312610 1939.7
1312620 1933.6
1312630 1928.4
1312640 1928.4
1312650 1923.9
1312660 1918.7
1312670 1918.7
1312680 1912.7
1312690 1908.2
1312700 1908.2
1312710 1903.9
1312720 1899.5
1312730 1896.0
1312740 1896.0
1312750 1892.6
1312760 1889.4
1312770 1889.4
1312780 1886.1
1312790 1881.8
1312800 1881.8
1312810 1884.7
1312820 1882.0
1312830 1882.0
1312840 1879.7
1312850 1878.2
1312860 1878.2
1312870 1875.5
1312880 1872.6
1312890 1872.6
1312900 1869.6
1312910 1868.3
1312920 1867.2
1312930 1867.2
1312940 1867.3
1312950 1866.8
1312960 1866.8
1312970 1865.9
1312980 1866.4
1312990 1866.4
1313000 1866.1
1313010 1863.5
1313020 1863.5
1313030 1860.2
1313040 1858.1
1313050 1858.1
1313060 1858.4
1313070 1859.8
1313080 1859.8
1313090 1859.8
1313100 1860.7
1313110 1860.7
1313120 1857.5
1313130 1859.2
1313140 1865.8
1313150 1865.8
1313160 1867.4
1313170 1868.7
1313180 1868.7
1313190 1869.7
1313200 1871.7
1313210 1871.7
1313220 1872.9
1313230 1874.4
1313240 1874.4
1313250 1876.3
1313260 1879.5
1313270 1879.5
1313280 1883.1
1313290 1886.1
1313300 1886.1
1313310 1888.1
1313320 1890.2
1313330 1890.2
1313340 1893.2
1313350 1897.3
1313360 1902.9
1313370 1902.9
1313380 1907.9
1313390 1911.6
1313400 1911.6
1313410 1913.8
1313420 1915.9
1313430 1915.9
1313440 1918.4
1313450 1920.9
1313460 1920.9
1313470 1923.5
1313480 1926.3
1313490 1926.3
1313500 1927.5
1313510 1929.0
1313520 1929.0
1313530 1930.9
1313540 1932.9
1313550 1929.3
1313560 1929.3
1313570 1930.5
1313580 1934.7
1313590 1934.7
1313600 1939.7
1313610 1941.8
1313620 1941.8
1313630 1940.9
1313640 1940.0
1313650 1940.0
1313660 1937.7
1313670 1935.9
1313680 1935.9
1313690 1933.8
1313700 1930.5
1313710 1930.5
1313720 1930.9
1313730 1933.1
1313740 1933.1
1313750 1935.5
1313760 1938.6
1313770 1941.6
1313780 1941.6
1313790 1944.4
1313800 1948.2
1313810 1948.2
1313820 1952.4
1313830 1956.4
1313840 1956.4
1313850 1960.2
1313860 1964.6
1313870 1964.6
1313880 1969.0
1313890 1972.0
1313900 1972.0
1313910 1973.5
1313920 1972.0
1313930 1972.0
1313940 1969.3
1313950 1970.6
1313960 1970.6
1313970 1971.5
1313980 1971.1
1313990 1971.8
1314000 1971.8
1314010 1972.7
1314020 1976.1
1314030 1976.1
1314040 1980.3
1314050 1983.1
1314060 1983.1
1314070 1987.7
1314080 1992.1
1314090 1992.1
1314100 1996.7
1314110 2000.9
1314120 2000.9
1314130 2006.0
1314140 2013.4
1314150 2013.4
1314160 2020.6
1314170 2025.3
1314180 2028.8
1314190 2028.8
1314200 2031.9
1314210 2034.4
1314220 2034.4
1314230 2036.8
1314240 2037.7
1314250 2037.7
1314260 2038.0
1314270 2037.6
1314280 2037.6
1314290 2030.4
1314300 2035.4
1314310 2035.4
1314320 2042.1
1314330 2048.9
1314340 2048.9
1314350 2055.9
1314360 2060.7
1314370 2060.7
1314380 2065.1
1314390 2070.8
1314400 2076.2
1314410 2076.2
1314420 2080.9
1314430 2085.9
1314440 2085.9
1314450 2091.1
1314460 2096.0
1314470 2096.0
1314480 2100.0
1314490 2102.5
1314500 2102.5
1314510 2103.3
1314520 2105.3
1314530 2105.3
1314540 2107.0
1314550 2106.9
1314560 2106.9
1314570 2105.8
1314580 2104.2
1314590 2104.2
1314600 2103.2
1314610 2104.4
1314620 2105.9
1314630 2105.9
1314640 2106.6
1314650 2108.5
1314660 2108.5
1314670 2109.3
1314680 2108.1
1314690 2108.1
1314700 2107.8
1314710 2108.5
1314720 2108.5
1314730 2107.0
1314740 2105.1
1314750 2105.1
1314760 2103.7
1314770 2103.5
1314780 2103.5
1314790 2102.7
1314800 2103.1
1314810 2106.5
1314820 2106.5
1314830 2111.6
1314840 2115.4
1314850 2115.4
1314860 2116.9
1314870 2118.5
1314880 2118.5
1314890 2119.6
1314900 2120.0
1314910 2120.0
1314920 2120.2
1314930 2122.1
1314940 2122.1
1314950 2123.4
1314960 2123.7
1314970 2123.7
1314980 2124.2
1314990 2124.4
1315000 2124.4
1315010 2124.3
1315020 2124.2
1315030 2124.2
1315040 2121.1
1315050 2120.4
1315060 2119.8
1315070 2119.8
1315080 2119.2
1315090 2119.1
1315100 2119.1
1315110 2119.8
1315120 2119.3
1315130 2119.3
1315140 2119.5
1315150 2119.3
1315160 2119.3
1315170 2118.6
1315180 2118.0
1315190 2118.0
1315200 2117.7
1315210 2117.5
1315220 2117.5
1315230 2117.7
1315240 2117.7
1315250 2116.7
1315260 2116.7
1315270 2115.3
1315280 2112.3
1315290 2112.3
1315300 2108.9
1315310 2106.5
1315320 2106.5
1315330 2103.7
1315340 2101.3
1315350 2101.3
1315360 2098.6
1315370 2094.7
1315380 2094.7
1315390 2090.7
1315400 2085.1
1315410 2085.1
1315420 2076.2
1315430 2069.3
1315440 2067.8
1315450 2067.8
1315460 2072.0
1315470 2081.9
1315480 2081.9
1315490 2085.7
1315500 2085.1
1315510 2085.1
1315520 2082.2
1315530 2080.1
1315540 2080.1
1315550 2079.5
1315560 2080.3
1315570 2080.3
1315580 2081.8
1315590 2084.4
1315600 2084.4
1315610 2087.4
1315620 2089.8
1315630 2089.8
1315640 2091.9
1315650 2094.7
1315660 2097.6
1315670 2097.6
1315680 2101.3
1315690 2104.7
1315700 2104.7
1315710 2108.7
1315720 2112.6
1315730 2112.6
1315740 2115.7
1315750 2119.2
1315760 2119.2
1315770 2123.3
1315780 2127.5
1315790 2132.8
1315800 2135.4
1315810 2137.9
1315820 2137.9
1315830 2140.7
1315840 2143.3
1315850 2146.2
1315860 2146.2
1315870 2149.0
1315880 2151.4
1315890 2151.4
1315900 2154.5
1315910 2157.8
1315920 2157.8
1315930 2161.3
1315940 2165.1
1315950 2165.1
1315960 2167.6
1315970 2169.1
1315980 2169.1
1315990 2169.9
1316000 2171.0
1316010 2171.0
1316020 2173.2
1316030 2176.2
1316040 2176.2
1316050 2178.7
1316060 2180.3
1316070 2182.1
1316080 2182.1
1316090 2183.3
1316100 2184.1
1316110 2184.1
1316120 2184.5
1316130 2181.5
1316140 2181.5
1316150 2179.5
1316160 2178.4
1316170 2178.4
1316180 2176.9
1316190 2177.7
1316200 2177.7
1316210 2180.1
1316220 2182.8
1316230 2182.8
1316240 2181.2
1316250 2178.2
1316260 2178.2
1316270 2172.4
1316280 2166.4
1316290 2160.3
1316300 2160.3
1316310 2156.2
1316320 2153.6
1316330 2153.6
1316340 2150.2
1316350 2147.8
1316360 2147.8
1316370 2143.7
1316380 2138.9
1316390 2138.9
1316400 2134.4
1316410 2129.9
1316420 2129.9
1316430 2125.6
1316440 2123.5
1316450 2123.5
1316460 2123.0
1316470 2122.7
1316480 2122.8
1316490 2122.8
1316500 2123.1
1316510 2124.1
1316520 2124.1
1316530 2123.6
1316540 2124.6
1316550 2124.6
1316560 2123.1
1316570 2122.0
1316580 2122.0
1316590 2121.2
1316600 2120.4
1316610 2120.4
1316620 2119.9
1316630 2119.4
1316640 2119.4
1316650 2119.4
1316660 2119.3
1316670 2119.3
1316680 2119.7
1316690 2120.3
1316700 2120.8
1316710 2120.8
1316720 2121.9
1316730 2123.1
1316740 2123.1
1316750 2124.5
1316760 2126.4
1316770 2126.4
1316780 2128.6
1316790 2128.8
1316800 2128.8
1316810 2129.0
1316820 2129.1
1316830 2129.1
1316840 2129.4
1316850 2129.6
1316860 2129.6
1316870 2130.4
1316880 2130.5
1316890 2130.5
1316900 2130.8
1316910 2129.6
1316920 2128.6
1316930 2128.6
1316940 2127.9
1316950 2127.9
1316960 2127.9
1316970 2128.0
1316980 2128.4
1316990 2128.4
1317000 2129.4
1317010 2130.1
1317020 2130.1
1317030 2129.0
1317040 2129.1
1317050 2129.1
1317060 2128.5
1317070 2127.9
1317080 2127.9
1317090 2128.8
1317100 2129.4
1317110 2129.5
1317120 2129.5
1317130 2129.8
1317140 2130.2
1317150 2130.2
1317160 2130.7
1317170 2131.2
1317180 2131.2
1317190 2131.8
1317200 2132.3
1317210 2132.3
1317220 2132.7
1317230 2133.1
1317240 2133.1
1317250 2133.6
1317260 2134.1
1317270 2134.1
1317280 2134.6
1317290 2135.0
1317300 2135.0
1317310 2135.5
1317320 2136.2
1317330 2136.8
1317340 2136.8
1317350 2137.7
1317360 2138.7
1317370 2138.7
1317380 2139.6
1317390 2140.9
1317400 2140.9
1317410 2142.2
1317420 2143.3
1317430 2143.3
1317440 2144.3
1317450 2145.3
1317460 2145.3
1317470 2146.2
1317480 2147.5
1317490 2147.5
1317500 2148.9
1317510 2150.1
1317520 2150.1
1317530 2151.3
1317540 2153.3
1317550 2155.9
1317560 2155.9
1317570 2158.5
1317580 2161.3
1317590 2161.3
1317600 2164.2
1317610 2166.6
1317620 2166.6
1317630 2169.3
1317640 2172.6
1317650 2172.6
1317660 2176.2
1317670 2180.4
1317680 2180.4
1317690 2184.5
1317700 2188.4
1317710 2188.4
1317720 2192.2
1317730 2195.8
1317740 2200.1
1317750 2200.1
1317760 2205.6
1317770 2211.0
1317780 2211.0
1317790 2216.2
1317800 2221.7
1317810 2221.7
1317820 2228.0
1317830 2235.3
1317840 2235.3
1317850 2241.3
1317860 2246.6
1317870 2246.6
1317880 2252.4
1317890 2258.6
1317900 2258.6
1317910 2262.2
1317920 2267.8
1317930 2267.8
1317940 2274.4
1317950 2281.3
1317960 2288.2
1317970 2288.2
1317980 2295.2
1317990 2301.8
1318000 2301.8
1318010 2308.3
1318020 2315.2
1318030 2315.2
1318040 2321.9
1318050 2327.9
1318060 2327.9
1318070 2335.4
1318080 2342.8
1318090 2342.8
1318100 2350.8
1318110 2359.6
1318120 2359.6
1318130 2367.5
1318140 2375.1
1318150 2375.1
1318160 2382.7
1318170 2390.0
1318180 2397.5
1318190 2397.5
1318200 2404.8
1318210 2412.3
1318220 2412.3
1318230 2420.3
1318240 2427.5
1318250 2427.5
1318260 2434.3
1318270 2440.4
1318280 2440.4
1318290 2446.4
1318300 2453.4
1318310 2453.4
1318320 2460.2
1318330 2466.6
1318340 2466.6
1318350 2472.8
1318360 2479.0
1318370 2485.2
1318380 2485.2
1318390 2490.9
1318400 2495.9
1318410 2495.9
1318420 2500.7
1318430 2505.5
1318440 2505.5
1318450 2510.1
1318460 2514.9
1318470 2514.9
1318480 2520.3
1318490 2526.1
1318500 2526.1
1318510 2532.4
1318520 2538.5
1318530 2538.5
1318540 2542.9
1318550 2544.2
1318560 2544.2
1318570 2545.2
1318580 2546.6
1318590 2548.2
1318600 2548.2
1318610 2550.0
1318620 2552.1
1318630 2552.1
1318640 2554.7
1318650 2556.5
1318660 2556.5
1318670 2558.3
1318680 2559.9
1318690 2559.9
1318700 2561.6
1318710 2563.9
1318720 2563.9
1318730 2566.1
1318740 2568.0
1318750 2568.0
1318760 2569.9
1318770 2571.4
1318780 2571.4
1318790 2573.2
1318800 2576.0
1318810 2577.0
1318820 2571.4
1318830 2573.3
1318840 2576.1
1318850 2576.1
1318860 2579.6
1318870 2582.8
1318880 2582.8
1318890 2584.9
1318900 2585.9
1318910 2585.9
1318920 2587.0
1318930 2588.2
1318940 2588.2
1318950 2588.9
1318960 2589.1
1318970 2589.1
1318980 2588.9
1318990 2588.4
1319000 2588.7
1319010 2588.7
1319020 2589.9
1319030 2593.2
1319040 2593.2
1319050 2598.4
1319060 2602.8
1319070 2602.8
1319080 2607.2
1319090 2611.1
1319100 2611.1
1319110 2614.7
1319120 2618.4
1319130 2618.4
1319140 2622.5
1319150 2626.4
1319160 2626.4
1319170 2630.0
1319180 2633.6
1319190 2633.6
1319200 2636.9
1319210 2640.7
1319220 2644.8
1319230 2644.8
1319240 2649.1
1319250 2653.7
1319260 2653.7
1319270 2657.6
1319280 2661.1
1319290 2661.1
1319300 2664.3
1319310 2667.0
1319320 2667.0
1319330 2669.4
1319340 2671.5
1319350 2671.5
1319360 2673.4
1319370 2675.3
1319380 2675.3
1319390 2677.9
1319400 2680.6
1319410 2680.6
1319420 2683.4
1319430 2686.3
1319440 2688.8
1319450 2688.8
1319460 2691.0
1319470 2692.9
1319480 2692.9
1319490 2695.2
1319500 2697.8
1319510 2697.8
1319520 2700.7
1319530 2703.6
1319540 2703.6
1319550 2706.9
1319560 2710.2
1319570 2710.2
1319580 2713.9
1319590 2716.7
1319600 2716.7
1319610 2718.7
1319620 2720.9
1319630 2722.8
1319640 2722.8
1319650 2723.9
1319660 2725.1
1319670 2725.1
1319680 2726.1
1319690 2727.7
1319700 2727.7
1319710 2730.5
1319720 2733.1
1319730 2733.1
1319740 2735.7
1319750 2738.3
1319760 2738.3
1319770 2740.9
1319780 2743.5
1319790 2743.5
1319800 2748.0
1319810 2752.1
1319820 2752.1
1319830 2755.8
1319840 2760.2
1319850 2766.0
1319860 2766.0
1319870 2772.4
1319880 2777.8
1319890 2777.8
1319900 2782.2
1319910 2785.7
1319920 2785.7
1319930 2789.0
1319940 2791.2
1319950 2791.2
1319960 2793.5
1319970 2795.2
1319980 2795.2
1319990 2796.2
