1300000 2577.5
1300010 2575.2
1300020 2575.2
1300030 2573.1
1300040 2572.0
1300050 2572.0
1300060 2570.0
1300070 2567.9
1300080 2567.9
1300090 2565.1
1300100 2561.1
1300110 2561.1
1300120 2553.5
1300130 2544.2
1300140 2536.1
1300150 2536.1
1300160 2527.9
1300170 2523.6
1300180 2523.6
1300190 2519.3
1300200 2513.5
1300210 2513.5
1300220 2510.1
1300230 2506.5
1300240 2506.5
1300250 2501.3
1300260 2497.7
1300270 2497.7
1300280 2494.9
1300290 2490.2
1300300 2490.2
1300310 2484.6
1300320 2480.1
1300330 2475.1
1300340 2475.1
1300350 2470.5
1300360 2465.3
1300370 2465.3
1300380 2459.7
1300390 2454.0
1300400 2454.0
1300410 2449.5
1300420 2444.4
1300430 2444.4
1300440 2439.5
1300450 2435.9
1300460 2435.9
1300470 2430.8
1300480 2425.4
1300490 2425.4
1300500 2419.9
1300510 2413.3
1300520 2413.3
1300530 2405.6
1300540 2398.1
1300550 2390.8
1300560 2390.8
1300570 2385.0
1300580 2379.1
1300590 2379.1
1300600 2374.3
1300610 2369.0
1300620 2369.0
1300630 2363.3
1300640 2357.6
1300650 2357.6
1300660 2351.9
1300670 2346.1
1300680 2346.1
1300690 2340.3
1300700 2335.1
1300710 2335.1
1300720 2330.2
1300730 2324.5
1300740 2324.5
1300750 2319.2
1300760 2313.8
1300770 2308.8
1300780 2308.8
1300790 2304.9
1300800 2300.4
1300810 2300.4
1300820 2295.3
1300830 2289.5
1300840 2289.5
1300850 2284.1
1300860 2278.8
1300870 2278.8
1300880 2273.3
1300890 2267.8
1300900 2267.8
1300910 2262.7
1300920 2258.0
1300930 2258.0
1300940 2253.6
1300950 2248.5
1300960 2248.5
1300970 2243.1
1300980 2237.3
1300990 2231.4
1301000 2231.4
1301010 2225.5
1301020 2219.9
1301030 2219.9
1301040 2214.6
1301050 2209.3
1301060 2209.3
1301070 2203.9
1301080 2198.7
1301090 2198.7
1301100 2192.1
1301110 2186.2
1301120 2186.2
1301130 2180.1
1301140 2173.4
1301150 2173.4
1301160 2167.4
1301170 2161.9
1301180 2155.1
1301190 2155.1
1301200 2147.7
1301210 2140.9
1301220 2140.9
1301230 2135.3
1301240 2130.7
1301250 2130.7
1301260 2125.6
1301270 2120.3
1301280 2120.3
1301290 2119.6
1301300 2115.8
1301310 2115.8
1301320 2111.2
1301330 2106.3
1301340 2106.3
1301350 2100.9
1301360 2094.4
1301370 2094.4
1301380 2087.5
1301390 2082.5
1301400 2077.9
1301410 2077.9
1301420 2074.3
1301430 2071.8
1301440 2071.8
1301450 2070.4
1301460 2068.8
1301470 2068.8
1301480 2067.4
1301490 2067.3
1301500 2067.3
1301510 2066.6
1301520 2065.0
1301530 2065.0
1301540 2063.5
1301550 2062.9
1301560 2062.9
1301570 2062.2
1301580 2061.8
1301590 2061.8
1301600 2060.6
1301610 2059.2
1301620 2057.4
1301630 2057.4
1301640 2055.3
1301650 2053.7
1301660 2053.7
1301670 2050.9
1301680 2049.1
1301690 2049.1
1301700 2047.2
1301710 2042.8
1301720 2042.8
1301730 2040.2
1301740 2038.9
1301750 2038.9
1301760 2036.3
1301770 2033.8
1301780 2033.8
1301790 2032.5
1301800 2030.1
1301810 2030.1
1301820 2026.6
1301830 2024.0
1301840 2021.9
1301850 2021.9
1301860 2019.2
1301870 2015.5
1301880 2015.5
1301890 2012.0
1301900 2008.2
1301910 2008.2
1301920 2004.5
1301930 1999.8
1301940 1999.8
1301950 1994.4
1301960 1988.8
1301970 1988.8
1301980 1981.4
1301990 1974.9
1302000 1974.9
1302010 1969.0
1302020 1963.3
1302030 1957.5
1302040 1957.5
1302050 1951.6
1302060 1945.6
1302070 1945.6
1302080 1938.4
1302090 1932.1
1302100 1932.1
1302110 1925.3
1302120 1918.8
1302130 1918.8
1302140 1912.2
1302150 1904.6
1302160 1904.6
1302170 1896.7
1302180 1888.4
1302190 1888.4
1302200 1880.3
1302210 1873.5
1302220 1873.5
1302230 1867.0
1302240 1860.7
1302250 1854.1
1302260 1854.1
1302270 1847.0
1302280 1839.7
1302290 1839.7
1302300 1832.4
1302310 1825.8
1302320 1825.8
1302330 1819.4
1302340 1812.8
1302350 1812.8
1302360 1806.7
1302370 1800.2
1302380 1800.2
1302390 1792.0
1302400 1786.0
1302410 1786.0
1302420 1784.4
1302430 1780.1
1302440 1780.1
1302450 1774.9
1302460 1771.2
1302470 1770.9
1302480 1770.9
1302490 1770.9
1302500 1770.9
1302510 1770.9
1302520 1770.9
1302530 1770.9
1302540 1770.9
1302550 1770.9
1302560 1770.9
1302570 1770.9
1302580 1770.9
1302590 1770.9
1302600 1770.9
1302610 1770.9
1302620 1770.9
1302630 1770.9
1302640 1770.9
1302650 1770.9
1302660 1770.9
1302670 1770.9
1302680 1770.9
1302690 1770.9
1302700 1770.9
1302710 1770.9
1302720 1770.9
1302730 1770.9
1302740 1770.9
1302750 1770.9
1302760 1770.9
1302770 1770.9
1302780 1770.9
1302790 1770.9
1302800 1770.9
1302810 1770.9
1302820 1770.9
1302830 1770.9
1302840 1770.9
1302850 1770.9
1302860 1770.9
1302870 1770.9
1302880 1770.9
1302890 1770.9
1302900 1770.9
1302910 1770.9
1302920 1770.9
1302930 1770.9
1302940 1770.9
1302950 1770.9
1302960 1770.9
1302970 1770.9
1302980 1770.9
1302990 1770.9
1303000 1770.9
1303010 1770.9
1303020 1770.9
1303030 1770.9
1303040 1770.9
1303050 1770.9
1303060 1770.9
1303070 1770.9
1303080 1770.9
1303090 1770.9
1303100 1770.9
1303110 1770.9
1303120 1770.9
1303130 1770.9
1303140 1770.9
1303150 1770.9
1303160 1770.9
1303170 1770.9
1303180 1770.9
1303190 1770.9
1303200 1770.9
1303210 1770.9
1303220 1770.9
1303230 1770.9
1303240 1770.9
1303250 1770.9
1303260 1770.9
1303270 1770.9
1303280 1770.9
1303290 1770.9
1303300 1770.9
1303310 1770.9
1303320 1770.9
1303330 1770.9
1303340 1770.9
1303350 1770.9
1303360 1770.9
1303370 1770.9
1303380 1770.9
1303390 1770.9
1303400 1770.9
1303410 1770.9
1303420 1770.9
1303430 1770.9
1303440 1770.9
1303450 1770.9
1303460 1770.9
1303470 1770.9
1303480 1770.9
1303490 1770.9
1303500 1770.9
1303510 1770.9
1303520 1770.9
1303530 1770.9
1303540 1770.9
1303550 1770.9
1303560 1770.9
1303570 1771.0
1303580 1771.0
1303590 1775.8
1303600 1784.4
1303610 1784.4
1303620 1791.9
1303630 1800.3
1303640 1800.3
1303650 1809.6
1303660 1819.3
1303670 1819.3
1303680 1827.3
1303690 1833.1
1303700 1833.1
1303710 1837.5
1303720 1841.1
1303730 1849.2
1303740 1849.2
1303750 1860.5
1303760 1877.8
1303770 1877.8
1303780 1886.5
1303790 1892.2
1303800 1892.2
1303810 1899.7
1303820 1909.8
1303830 1909.8
1303840 1919.0
1303850 1927.7
1303860 1927.7
1303870 1935.8
1303880 1942.9
1303890 1942.9
1303900 1950.0
1303910 1956.8
1303920 1956.8
1303930 1964.6
1303940 1974.2
1303950 1983.2
1303960 1983.2
1303970 1990.4
1303980 1998.5
1303990 1998.5
1304000 2005.3
1304010 2011.2
1304020 2011.2
1304030 2021.2
1304040 2035.5
1304050 2035.5
1304060 2044.5
1304070 2049.3
1304080 2049.3
1304090 2054.6
1304100 2059.2
1304110 2059.2
1304120 2064.4
1304130 2070.3
1304140 2076.8
1304150 2076.8
1304160 2083.6
1304170 2089.8
1304180 2089.8
1304190 2095.0
1304200 2100.7
1304210 2100.7
1304220 2106.3
1304230 2112.1
1304240 2112.1
1304250 2118.4
1304260 2125.0
1304270 2125.0
1304280 2131.2
1304290 2138.4
1304300 2138.4
1304310 2143.0
1304320 2147.1
1304330 2147.1
1304340 2150.9
1304350 2155.5
1304360 2158.8
1304370 2158.8
1304380 2163.2
1304390 2167.9
1304400 2167.9
1304410 2171.9
1304420 2174.2
1304430 2174.2
1304440 2175.8
1304450 2177.4
1304460 2177.4
1304470 2180.9
1304480 2184.7
1304490 2184.7
1304500 2187.4
1304510 2191.0
1304520 2191.0
1304530 2195.8
1304540 2199.1
1304550 2199.1
1304560 2203.3
1304570 2207.2
1304580 2211.0
1304590 2211.0
1304600 2215.5
1304610 2221.1
1304620 2221.1
1304630 2225.9
1304640 2229.8
1304650 2229.8
1304660 2233.8
1304670 2237.3
1304680 2237.3
1304690 2241.5
1304700 2244.9
1304710 2244.9
1304720 2247.4
1304730 2249.8
1304740 2249.8
1304750 2252.8
1304760 2255.7
1304770 2255.7
1304780 2259.1
1304790 2263.1
1304800 2266.5
1304810 2266.5
1304820 2269.7
1304830 2273.5
1304840 2273.5
1304850 2277.2
1304860 2282.1
1304870 2282.1
1304880 2287.3
1304890 2292.1
1304900 2292.1
1304910 2296.7
1304920 2301.3
1304930 2301.3
1304940 2305.7
1304950 2310.0
1304960 2310.0
1304970 2314.7
1304980 2318.4
1304990 2324.1
1305000 2324.1
1305010 2327.9
1305020 2330.1
1305030 2330.1
1305040 2333.8
1305050 2334.9
1305060 2334.9
1305070 2335.2
1305080 2337.4
1305090 2337.4
1305100 2341.4
1305110 2344.8
1305120 2344.8
1305130 2347.9
1305140 2349.9
1305150 2349.9
1305160 2352.6
1305170 2356.9
1305180 2356.9
1305190 2362.7
1305200 2369.3
1305210 2375.7
1305220 2375.7
1305230 2382.5
1305240 2386.9
1305250 2386.9
1305260 2391.5
1305270 2396.9
1305280 2396.9
1305290 2402.5
1305300 2408.4
1305310 2408.4
1305320 2414.7
1305330 2419.9
1305340 2419.9
1305350 2423.5
1305360 2427.6
1305370 2427.6
1305380 2432.3
1305390 2437.5
1305400 2437.5
1305410 2442.9
1305420 2446.1
1305430 2448.3
1305440 2448.3
1305450 2451.9
1305460 2457.1
1305470 2457.1
1305480 2462.1
1305490 2465.4
1305500 2465.4
1305510 2470.3
1305520 2475.5
1305530 2475.5
1305540 2480.4
1305550 2485.6
1305560 2485.6
1305570 2490.5
1305580 2495.1
1305590 2495.1
1305600 2499.8
1305610 2504.4
1305620 2507.8
1305630 2507.8
1305640 2510.9
1305650 2514.2
1305660 2514.2
1305670 2517.9
1305680 2522.1
1305690 2522.1
1305700 2526.7
1305710 2532.2
1305720 2532.2
1305730 2538.3
1305740 2544.3
1305750 2544.3
1305760 2550.1
1305770 2555.5
1305780 2555.5
1305790 2560.3
1305800 2558.4
1305810 2558.4
1305820 2548.1
1305830 2538.8
1305840 2530.0
1305850 2530.0
1305860 2527.1
1305870 2525.9
1305880 2525.9
1305890 2523.7
1305900 2520.9
1305910 2520.9
1305920 2519.7
1305930 2521.4
1305940 2521.4
1305950 2522.7
1305960 2526.3
1305970 2526.3
1305980 2529.8
1305990 2533.4
1306000 2533.4
1306010 2537.0
1306020 2540.1
1306030 2540.1
1306040 2542.0
1306050 2543.6
1306060 2546.4
1306070 2546.4
1306080 2549.5
1306090 2552.2
1306100 2552.2
1306110 2555.0
1306120 2557.6
1306130 2557.6
1306140 2559.3
1306150 2560.2
1306160 2560.2
1306170 2560.7
1306180 2560.6
1306190 2565.2
1306200 2562.7
1306210 2562.2
1306220 2562.2
1306230 2563.4
1306240 2564.7
1306250 2564.7
1306260 2567.3
1306270 2573.3
1306280 2584.1
1306290 2584.1
1306300 2602.3
1306310 2617.9
1306320 2617.9
1306330 2632.3
1306340 2646.3
1306350 2646.3
1306360 2650.1
1306370 2638.5
1306380 2638.5
1306390 2624.2
1306400 2613.1
1306410 2613.1
1306420 2600.1
1306430 2588.3
1306440 2588.3
1306450 2576.4
1306460 2562.7
1306470 2547.2
1306480 2547.2
1306490 2537.3
1306500 2538.9
1306510 2538.9
1306520 2534.3
1306530 2522.7
1306540 2522.7
1306550 2498.5
1306560 2482.5
1306570 2482.5
1306580 2475.4
1306590 2468.4
1306600 2468.4
1306610 2461.6
1306620 2455.1
1306630 2455.1
1306640 2448.6
1306650 2442.2
1306660 2442.2
1306670 2435.9
1306680 2430.0
1306690 2424.0
1306700 2424.0
1306710 2418.1
1306720 2412.2
1306730 2412.2
1306740 2406.3
1306750 2400.6
1306760 2400.6
1306770 2395.0
1306780 2389.8
1306790 2389.8
1306800 2384.9
1306810 2380.2
1306820 2380.2
1306830 2375.4
1306840 2369.0
1306850 2369.0
1306860 2362.9
1306870 2358.0
1306880 2358.0
1306890 2352.0
1306900 2345.4
1306910 2340.0
1306920 2340.0
1306930 2335.6
1306940 2330.4
1306950 2330.4
1306960 2325.3
1306970 2320.1
1306980 2320.1
1306990 2315.3
1307000 2310.7
1307010 2310.7
1307020 2306.1
1307030 2301.3
1307040 2301.3
1307050 2295.7
1307060 2290.3
1307070 2290.3
1307080 2284.7
1307090 2278.1
1307100 2271.7
1307110 2271.7
1307120 2266.1
1307130 2260.7
1307140 2260.7
1307150 2256.8
1307160 2253.9
1307170 2253.9
1307180 2250.4
1307190 2247.5
1307200 2247.5
1307210 2244.7
1307220 2242.0
1307230 2242.0
1307240 2239.6
1307250 2238.1
1307260 2238.1
1307270 2238.3
1307280 2238.1
1307290 2238.1
1307300 2236.2
1307310 2234.5
1307320 2232.4
1307330 2232.4
1307340 2230.6
1307350 2231.4
1307360 2231.4
1307370 2231.2
1307380 2228.7
1307390 2228.7
1307400 2225.8
1307410 2223.2
1307420 2223.2
1307430 2220.4
1307440 2217.0
1307450 2217.0
1307460 2214.3
1307470 2211.9
1307480 2211.9
1307490 2209.2
1307500 2206.7
1307510 2206.7
1307520 2203.7
1307530 2201.4
1307540 2199.5
1307550 2199.5
1307560 2198.0
1307570 2196.5
1307580 2196.5
1307590 2194.3
1307600 2191.8
1307610 2191.8
1307620 2195.7
1307630 2193.0
1307640 2193.0
1307650 2191.9
1307660 2191.3
1307670 2191.3
1307680 2187.8
1307690 2182.8
1307700 2182.8
1307710 2178.3
1307720 2174.9
1307730 2174.9
1307740 2172.1
1307750 2168.5
1307760 2165.3
1307770 2165.3
1307780 2164.3
1307790 2164.1
1307800 2164.1
1307810 2163.0
1307820 2161.1
1307830 2161.1
1307840 2159.9
1307850 2158.3
1307860 2158.3
1307870 2155.2
1307880 2152.1
1307890 2152.1
1307900 2149.1
1307910 2147.5
1307920 2147.5
1307930 2145.0
1307940 2142.7
1307950 2141.4
1307960 2141.4
1307970 2140.1
1307980 2138.5
1307990 2138.5
1308000 2137.4
1308010 2137.3
1308020 2137.3
1308030 2137.0
1308040 2137.0
1308050 2137.0
1308060 2137.3
1308070 2137.3
1308080 2137.3
1308090 2137.6
1308100 2137.7
1308110 2137.7
1308120 2137.8
1308130 2138.7
1308140 2138.7
1308150 2140.0
1308160 2140.0
1308170 2140.3
1308180 2140.3
1308190 2141.4
1308200 2143.3
1308210 2143.3
1308220 2145.9
1308230 2148.4
1308240 2148.4
1308250 2149.5
1308260 2151.3
1308270 2151.3
1308280 2152.2
1308290 2153.1
1308300 2153.1
1308310 2151.7
1308320 2145.7
1308330 2145.7
1308340 2147.8
1308350 2143.1
1308360 2143.1
1308370 2139.7
1308380 2134.9
1308390 2128.3
1308400 2128.3
1308410 2120.6
1308420 2108.1
1308430 2108.1
1308440 2098.4
1308450 2093.6
1308460 2093.6
1308470 2092.8
1308480 2089.7
1308490 2089.7
1308500 2085.1
1308510 2079.6
1308520 2079.6
1308530 2074.0
1308540 2068.8
1308550 2068.8
1308560 2063.1
1308570 2057.5
1308580 2057.5
1308590 2051.8
1308600 2045.6
1308610 2040.0
1308620 2040.0
1308630 2035.0
1308640 2030.9
1308650 2030.9
1308660 2025.4
1308670 2018.5
1308680 2018.5
1308690 2012.6
1308700 2010.0
1308710 2010.0
1308720 2006.9
1308730 2003.3
1308740 2003.3
1308750 1999.0
1308760 1994.9
1308770 1994.9
1308780 1989.7
1308790 1983.7
1308800 1980.8
1308810 1980.8
1308820 1978.1
1308830 1974.7
1308840 1974.7
1308850 1968.4
1308860 1963.8
1308870 1963.8
1308880 1960.7
1308890 1956.0
1308900 1956.0
1308910 1949.0
1308920 1941.1
1308930 1941.1
1308940 1931.7
1308950 1925.3
1308960 1925.3
1308970 1919.5
1308980 1917.6
1308990 1917.6
1309000 1917.0
1309010 1910.4
1309020 1900.9
1309030 1900.9
1309040 1890.4
1309050 1864.5
1309060 1880.8
1309070 1875.7
1309080 1861.3
1309090 1861.3
1309100 1852.1
1309110 1842.1
1309120 1842.1
1309130 1831.9
1309140 1824.6
1309150 1824.6
1309160 1817.3
1309170 1807.1
1309180 1807.1
1309190 1793.1
1309200 1787.1
1309210 1787.1
1309220 1779.0
1309230 1767.9
1309240 1760.7
1309250 1760.7
1309260 1750.7
1309270 1738.2
1309280 1738.2
1309290 1719.9
1309300 1698.7
1309310 1698.7
1309320 1697.8
1309330 1692.4
1309340 1692.4
1309350 1686.5
1309360 1675.0
1309370 1675.0
1309380 1652.7
1309390 1627.1
1309400 1627.1
1309410 1600.1
1309420 1574.8
1309430 1557.3
1309440 1557.3
1309450 1551.5
1309460 1549.2
1309470 1549.2
1309480 1543.7
1309490 1539.6
1309500 1539.6
1309510 1537.8
1309520 1534.7
1309530 1534.7
1309540 1530.9
1309550 1526.3
1309560 1526.3
1309570 1521.5
1309580 1516.7
1309590 1516.7
1309600 1512.3
1309610 1508.7
1309620 1508.7
1309630 1504.6
1309640 1500.1
1309650 1495.8
1309660 1495.8
1309670 1492.1
1309680 1487.7
1309690 1487.7
1309700 1483.3
1309710 1480.2
1309720 1480.2
1309730 1478.0
1309740 1476.4
1309750 1476.4
1309760 1476.3
1309770 1476.8
1309780 1480.5
1309790 1477.5
1309800 1475.2
1309810 1475.2
1309820 1473.3
1309830 1470.2
1309840 1470.2
1309850 1466.5
1309860 1463.5
1309870 1460.6
1309880 1460.6
1309890 1458.1
1309900 1455.8
1309910 1455.8
1309920 1452.9
1309930 1449.5
1309940 1449.5
1309950 1446.8
1309960 1443.5
1309970 1443.5
1309980 1439.7
1309990 1436.5
1310000 1436.5
1310010 1433.9
1310020 1431.2
1310030 1431.2
1310040 1428.7
1310050 1425.8
1310060 1425.8
1310070 1423.1
1310080 1420.5
1310090 1417.8
1310100 1417.8
1310110 1414.6
1310120 1411.5
1310130 1411.5
1310140 1408.3
1310150 1405.0
1310160 1405.0
1310170 1401.0
1310180 1396.2
1310190 1396.2
1310200 1392.8
1310210 1392.8
1310220 1392.8
1310230 1392.7
1310240 1392.6
1310250 1392.6
1310260 1392.3
1310270 1391.3
1310280 1390.5
1310290 1390.5
1310300 1390.6
1310310 1391.8
1310320 1391.8
1310330 1392.7
1310340 1394.3
1310350 1394.3
1310360 1397.4
1310370 1399.3
1310380 1399.3
1310390 1400.5
1310400 1401.8
1310410 1401.8
1310420 1403.6
1310430 1405.8
1310440 1405.8
1310450 1407.9
1310460 1409.8
1310470 1409.8
1310480 1410.1
1310490 1411.3
1310500 1415.2
1310510 1414.4
1310520 1419.1
1310530 1424.2
1310540 1424.2
1310550 1429.4
1310560 1434.6
1310570 1434.6
1310580 1440.1
1310590 1445.7
1310600 1445.7
1310610 1451.8
1310620 1457.9
1310630 1457.9
1310640 1464.7
1310650 1471.6
1310660 1471.6
1310670 1478.5
1310680 1485.1
1310690 1485.1
1310700 1492.2
1310710 1499.4
1310720 1506.6
1310730 1506.6
1310740 1513.7
1310750 1520.9
1310760 1520.9
1310770 1527.4
1310780 1534.6
1310790 1534.6
1310800 1541.8
1310810 1548.6
1310820 1548.6
1310830 1555.6
1310840 1562.5
1310850 1562.5
1310860 1569.9
1310870 1577.0
1310880 1577.0
1310890 1584.1
1310900 1591.0
1310910 1598.0
1310920 1598.0
1310930 1605.0
1310940 1612.1
1310950 1612.1
1310960 1619.3
1310970 1625.9
1310980 1625.9
1310990 1632.2
1311000 1638.2
1311010 1638.2
1311020 1644.7
1311030 1653.6
1311040 1653.6
1311050 1665.2
1311060 1676.8
1311070 1676.8
1311080 1689.8
1311090 1704.9
1311100 1704.9
1311110 1713.2
1311120 1721.6
1311130 1729.3
1311140 1729.3
1311150 1736.7
1311160 1744.8
1311170 1744.8
1311180 1756.2
1311190 1776.3
1311200 1776.3
1311210 1787.8
1311220 1796.5
1311230 1796.5
1311240 1811.9
1311250 1845.3
1311260 1845.3
1311270 1869.8
1311280 1882.7
1311290 1882.7
1311300 1896.9
1311310 1919.1
1311320 1919.1
1311330 1969.0
1311340 2009.3
1311350 2013.1
1311360 2013.1
1311370 2013.8
1311380 2013.6
1311390 2013.6
1311400 2013.5
1311410 2013.4
1311420 2013.4
1311430 2012.5
1311440 2010.4
1311450 2010.4
1311460 2006.8
1311470 2005.2
1311480 2005.2
1311490 2004.1
1311500 2002.7
1311510 2002.7
1311520 2000.6
1311530 1998.7
1311540 1998.7
1311550 1995.2
1311560 1994.8
1311570 1997.2
1311580 1997.2
1311590 1998.2
1311600 1998.5
1311610 1998.5
1311620 1997.3
1311630 1995.4
1311640 1995.4
1311650 1998.1
1311660 2001.0
1311670 2001.0
1311680 2005.6
1311690 2006.9
1311700 2006.9
1311710 2002.5
1311720 1996.8
1311730 1996.8
1311740 1988.9
1311750 1981.5
1311760 1977.2
1311770 1977.2
1311780 1972.9
1311790 1970.4
1311800 1970.4
1311810 1968.4
1311820 1968.3
1311830 1968.3
1311840 1967.6
1311850 1965.7
1311860 1965.7
1311870 1965.6
1311880 1967.3
1311890 1967.3
1311900 1965.6
1311910 1962.8
1311920 1962.8
1311930 1960.6
1311940 1959.6
1311950 1959.6
1311960 1955.3
1311970 1923.1
1311980 1919.1
1311990 1919.1
1312000 1920.8
1312010 1921.9
1312020 1921.9
1312030 1921.8
1312040 1920.5
1312050 1920.5
1312060 1919.2
1312070 1919.2
1312080 1919.2
1312090 1920.1
1312100 1923.5
1312110 1923.5
1312120 1928.9
1312130 1932.1
1312140 1932.1
1312150 1935.0
1312160 1939.0
1312170 1939.0
1312180 1943.0
1312190 1946.5
1312200 1949.6
1312210 1949.6
1312220 1952.8
1312230 1956.9
1312240 1956.9
1312250 1962.7
1312260 1969.1
1312270 1969.1
1312280 1974.6
1312290 1980.3
1312300 1980.3
1312310 1985.5
1312320 1989.7
1312330 1989.7
1312340 1992.9
1312350 1996.0
1312360 1996.0
1312370 1998.7
1312380 2001.4
1312390 2004.3
1312400 2004.3
1312410 2007.8
1312420 2008.7
1312430 2008.7
1312440 2012.8
1312450 2019.1
1312460 2019.1
1312470 2024.9
1312480 2028.7
1312490 2028.7
1312500 2030.5
1312510 2041.6
1312520 2041.6
1312530 2075.0
1312540 2094.7
1312550 2094.7
1312560 2108.8
1312570 2114.7
1312580 2114.7
1312590 2118.1
1312600 2121.9
1312610 2125.9
1312620 2125.9
1312630 2132.3
1312640 2140.9
1312650 2140.9
1312660 2155.1
1312670 2169.1
1312680 2169.1
1312690 2181.6
1312700 2200.5
1312710 2200.5
1312720 2216.3
1312730 2230.4
1312740 2230.4
1312750 2241.1
1312760 2248.4
1312770 2248.4
1312780 2255.8
1312790 2263.0
1312800 2263.0
1312810 2269.2
1312820 2274.5
1312830 2278.7
1312840 2278.7
1312850 2282.3
1312860 2286.2
1312870 2286.2
1312880 2286.8
1312890 2286.3
1312900 2286.3
1312910 2288.6
1312920 2292.5
1312930 2292.5
1312940 2297.6
1312950 2301.7
1312960 2301.7
1312970 2305.5
1312980 2306.7
1312990 2306.7
1313000 2304.2
1313010 2301.3
1313020 2301.3
1313030 2302.6
1313040 2301.8
1313050 2301.0
1313060 2301.0
1313070 2300.3
1313080 2300.2
1313090 2300.2
1313100 2305.0
1313110 2314.2
1313120 2314.2
1313130 2329.1
1313140 2332.8
1313150 2332.8
1313160 2333.0
1313170 2336.3
1313180 2336.3
1313190 2345.0
1313200 2359.1
1313210 2359.1
1313220 2367.5
1313230 2374.9
1313240 2381.1
1313250 2381.1
1313260 2385.4
1313270 2388.7
1313280 2388.7
1313290 2391.3
1313300 2394.6
1313310 2394.6
1313320 2397.8
1313330 2401.8
1313340 2401.8
1313350 2405.3
1313360 2408.6
1313370 2408.6
1313380 2413.0
1313390 2417.8
1313400 2417.8
1313410 2422.4
1313420 2427.5
1313430 2427.5
1313440 2434.5
1313450 2439.9
1313460 2442.3
1313470 2442.3
1313480 2442.5
1313490 2441.6
1313500 2441.6
1313510 2441.1
1313520 2442.2
1313530 2442.2
1313540 2446.7
1313550 2451.2
1313560 2451.2
1313570 2454.5
1313580 2458.4
1313590 2458.4
1313600 2464.6
1313610 2470.4
1313620 2470.4
1313630 2473.4
1313640 2475.4
1313650 2475.4
1313660 2477.9
1313670 2480.9
1313680 2486.3
1313690 2486.3
1313700 2491.5
1313710 2493.9
1313720 2493.9
1313730 2495.3
1313740 2496.6
1313750 2496.6
1313760 2496.2
1313770 2496.7
1313780 2496.7
1313790 2498.9
1313800 2500.5
1313810 2500.5
1313820 2502.5
1313830 2505.0
1313840 2505.0
1313850 2509.2
1313860 2514.8
1313870 2518.0
1313880 2518.0
1313890 2520.5
1313900 2524.8
1313910 2524.8
1313920 2527.9
1313930 2531.2
1313940 2531.2
1313950 2533.3
1313960 2534.0
1313970 2534.0
1313980 2532.9
1313990 2532.5
1314000 2532.5
1314010 2536.3
1314020 2540.7
1314030 2540.7
1314040 2545.0
1314050 2547.0
1314060 2547.0
1314070 2546.7
1314080 2547.1
1314090 2548.6
1314100 2548.6
1314110 2552.9
1314120 2558.0
1314130 2558.0
1314140 2563.5
1314150 2569.3
1314160 2569.3
1314170 2574.5
1314180 2578.0
1314190 2578.2
1314200 2581.0
1314210 2583.9
1314220 2583.9
1314230 2586.5
1314240 2589.0
1314250 2589.0
1314260 2590.7
1314270 2592.2
1314280 2592.2
1314290 2593.3
1314300 2595.4
1314310 2598.6
1314320 2598.6
1314330 2601.5
1314340 2603.3
1314350 2603.3
1314360 2603.2
1314370 2604.5
1314380 2604.5
1314390 2608.4
1314400 2614.6
1314410 2614.6
1314420 2620.1
1314430 2625.3
1314440 2625.3
1314450 2629.3
1314460 2632.2
1314470 2632.2
1314480 2635.4
1314490 2638.6
1314500 2638.6
1314510 2641.4
1314520 2643.8
1314530 2646.2
1314540 2646.2
1314550 2648.7
1314560 2651.3
1314570 2651.3
1314580 2653.3
1314590 2655.7
1314600 2655.7
1314610 2660.5
1314620 2664.4
1314630 2664.4
1314640 2666.7
1314650 2669.4
1314660 2669.4
1314670 2673.4
1314680 2678.3
1314690 2678.3
1314700 2684.0
1314710 2689.5
1314720 2694.7
1314730 2694.7
1314740 2698.8
1314750 2701.5
1314760 2701.5
1314770 2702.4
1314780 2697.0
1314790 2697.0
1314800 2684.6
1314810 2672.4
1314820 2672.4
1314830 2660.8
1314840 2646.3
1314850 2646.3
1314860 2636.7
1314870 2627.1
1314880 2627.1
1314890 2620.3
1314900 2615.6
1314910 2615.6
1314920 2610.7
1314930 2601.7
1314940 2597.7
1314950 2597.7
1314960 2594.1
1314970 2590.9
1314980 2590.9
1314990 2589.8
1315000 2591.8
1315010 2591.8
1315020 2591.5
1315030 2589.8
1315040 2589.8
1315050 2592.5
1315060 2596.1
1315070 2596.1
1315080 2599.2
1315090 2602.5
1315100 2602.5
1315110 2602.3
1315120 2599.1
1315130 2599.1
1315140 2595.4
1315150 2592.4
1315160 2590.9
1315170 2590.9
1315180 2589.7
1315190 2588.1
1315200 2588.1
1315210 2585.1
1315220 2583.6
1315230 2583.6
1315240 2581.0
1315250 2579.2
1315260 2579.2
1315270 2577.2
1315280 2575.7
1315290 2575.7
1315300 2574.5
1315310 2575.0
1315320 2575.0
1315330 2574.2
1315340 2575.1
1315350 2575.0
1315360 2575.0
1315370 2573.8
1315380 2571.0
1315390 2571.0
1315400 2566.8
1315410 2562.1
1315420 2562.1
1315430 2559.0
1315440 2556.6
1315450 2556.6
1315460 2552.7
1315470 2548.9
1315480 2548.9
1315490 2543.2
1315500 2539.0
1315510 2539.0
1315520 2535.4
1315530 2531.7
1315540 2531.7
1315550 2526.4
1315560 2518.9
1315570 2513.3
1315580 2513.3
1315590 2506.9
1315600 2499.8
1315610 2499.8
1315620 2493.8
1315630 2488.9
1315640 2488.9
1315650 2484.3
1315660 2479.4
1315670 2479.4
1315680 2471.7
1315690 2466.0
1315700 2466.0
1315710 2459.4
1315720 2451.2
1315730 2451.2
1315740 2445.2
1315750 2440.5
1315760 2440.5
1315770 2437.4
1315780 2434.9
1315790 2432.9
1315800 2432.9
1315810 2430.9
1315820 2429.5
1315830 2429.5
1315840 2427.3
1315850 2424.0
1315860 2424.0
1315870 2420.9
1315880 2422.7
1315890 2422.7
1315900 2422.0
1315910 2423.8
1315920 2423.8
1315930 2424.5
1315940 2425.1
1315950 2425.1
1315960 2425.5
1315970 2425.9
1315980 2425.9
1315990 2425.7
1316000 2425.5
1316010 2424.8
1316020 2424.8
1316030 2423.9
1316040 2422.4
1316050 2422.4
1316060 2421.0
1316070 2419.6
1316080 2419.6
1316090 2417.8
1316100 2416.8
1316110 2416.8
1316120 2415.5
1316130 2413.4
1316140 2413.4
1316150 2412.7
1316160 2414.7
1316170 2414.7
1316180 2417.1
1316190 2418.7
1316200 2420.5
1316210 2420.5
1316220 2421.6
1316230 2423.1
1316240 2423.1
1316250 2425.7
1316260 2426.6
1316270 2426.6
1316280 2426.0
1316290 2426.0
1316300 2426.0
1316310 2427.0
1316320 2426.8
1316330 2426.8
1316340 2425.5
1316350 2424.2
1316360 2424.2
1316370 2423.5
1316380 2422.7
1316390 2422.7
1316400 2422.0
1316410 2421.5
1316420 2421.3
1316430 2417.7
1316440 2418.2
1316450 2417.7
1316460 2417.7
1316470 2415.8
1316480 2414.1
1316490 2414.1
1316500 2412.7
1316510 2410.1
1316520 2410.1
1316530 2407.1
1316540 2405.9
1316550 2405.9
1316560 2405.4
1316570 2404.0
1316580 2404.0
1316590 2402.6
1316600 2400.8
1316610 2400.8
1316620 2396.9
1316630 2393.6
1316640 2390.3
1316650 2390.3
1316660 2386.9
1316670 2383.9
1316680 2383.9
1316690 2380.8
1316700 2378.5
1316710 2378.5
1316720 2374.5
1316730 2371.1
1316740 2371.1
1316750 2368.9
1316760 2366.6
1316770 2366.6
1316780 2363.5
1316790 2359.0
1316800 2359.0
1316810 2360.0
1316820 2362.5
1316830 2365.6
1316840 2365.6
1316850 2369.6
1316860 2373.8
1316870 2373.8
1316880 2376.6
1316890 2378.2
1316900 2378.2
1316910 2378.9
1316920 2378.0
1316930 2378.0
1316940 2374.7
1316950 2371.1
1316960 2371.1
1316970 2367.0
1316980 2362.6
1316990 2362.6
1317000 2359.9
1317010 2358.8
1317020 2358.8
1317030 2356.9
1317040 2355.6
1317050 2355.6
1317060 2355.6
1317070 2355.0
1317080 2353.9
1317090 2353.9
1317100 2351.9
1317110 2348.9
1317120 2348.9
1317130 2348.8
1317140 2348.4
1317150 2348.4
1317160 2347.5
1317170 2346.0
1317180 2346.0
1317190 2338.6
1317200 2332.9
1317210 2332.9
1317220 2326.2
1317230 2325.2
1317240 2325.2
1317250 2324.6
1317260 2327.4
1317270 2329.2
1317280 2329.2
1317290 2330.8
1317300 2332.6
1317310 2332.6
1317320 2333.3
1317330 2335.1
1317340 2335.1
1317350 2337.0
1317360 2339.2
1317370 2339.2
1317380 2341.0
1317390 2342.8
1317400 2342.8
1317410 2345.5
1317420 2349.5
1317430 2349.5
1317440 2353.8
1317450 2358.1
1317460 2358.1
1317470 2362.7
1317480 2368.0
1317490 2373.5
1317500 2373.5
1317510 2377.8
1317520 2382.6
1317530 2382.6
1317540 2387.9
1317550 2393.8
1317560 2393.8
1317570 2398.2
1317580 2402.3
1317590 2402.3
1317600 2406.5
1317610 2412.6
1317620 2412.6
1317630 2418.4
1317640 2422.9
1317650 2422.9
1317660 2427.6
1317670 2432.2
1317680 2438.3
1317690 2438.3
1317700 2445.0
1317710 2451.8
1317720 2451.8
1317730 2459.0
1317740 2466.5
1317750 2466.5
1317760 2474.1
1317770 2482.5
1317780 2482.5
1317790 2492.0
1317800 2506.6
1317810 2506.6
1317820 2522.9
1317830 2531.2
1317840 2531.2
1317850 2533.6
1317860 2535.8
1317870 2535.8
1317880 2538.6
1317890 2542.2
1317900 2546.5
1317910 2546.5
1317920 2551.3
1317930 2557.1
1317940 2557.1
1317950 2563.3
1317960 2570.5
1317970 2570.5
1317980 2577.7
1317990 2584.9
1318000 2584.9
1318010 2592.1
1318020 2599.3
1318030 2599.3
1318040 2606.3
1318050 2614.0
1318060 2614.0
1318070 2622.4
1318080 2631.9
1318090 2631.9
1318100 2640.1
1318110 2649.0
1318120 2658.4
1318130 2658.4
1318140 2666.4
1318150 2678.2
1318160 2678.2
1318170 2695.3
1318180 2714.3
1318190 2714.3
1318200 2723.9
1318210 2728.7
1318220 2728.7
1318230 2732.4
1318240 2736.4
1318250 2736.4
1318260 2741.1
1318270 2745.4
1318280 2745.4
1318290 2749.0
1318300 2752.0
1318310 2755.0
1318320 2755.0
1318330 2757.9
1318340 2760.8
1318350 2760.8
1318360 2763.1
1318370 2765.7
1318380 2765.7
1318390 2768.7
1318400 2771.1
1318410 2771.1
1318420 2772.6
1318430 2775.6
1318440 2775.6
1318450 2779.3
1318460 2782.5
1318470 2782.5
1318480 2783.3
1318490 2785.2
1318500 2785.2
1318510 2789.9
1318520 2795.7
1318530 2800.0
1318540 2800.0
1318550 2804.2
1318560 2808.2
1318570 2808.2
1318580 2812.4
1318590 2816.9
1318600 2816.9
1318610 2822.3
1318620 2827.7
1318630 2827.7
1318640 2830.3
1318650 2828.7
1318660 2828.7
1318670 2823.6
1318680 2822.0
1318690 2822.0
1318700 2824.6
1318710 2815.9
1318720 2815.9
1318730 2819.9
1318740 2823.0
1318750 2825.7
1318760 2825.7
1318770 2827.1
1318780 2828.9
1318790 2828.9
1318800 2830.8
1318810 2831.7
1318820 2831.7
1318830 2833.0
1318840 2834.2
1318850 2834.2
1318860 2834.3
1318870 2834.8
1318880 2834.8
1318890 2836.5
1318900 2839.9
1318910 2839.9
1318920 2842.6
1318930 2845.5
1318940 2845.5
1318950 2847.7
1318960 2850.1
1318970 2851.3
1318980 2851.3
1318990 2851.4
1319000 2850.3
1319010 2850.3
1319020 2850.3
1319030 2852.5
1319040 2852.5
1319050 2854.0
1319060 2854.9
1319070 2854.9
1319080 2855.5
1319090 2856.0
1319100 2856.0
1319110 2856.5
1319120 2857.0
1319130 2857.0
1319140 2858.0
1319150 2859.2
1319160 2861.3
1319170 2861.3
1319180 2863.4
1319190 2865.6
1319200 2865.6
1319210 2868.5
1319220 2871.4
1319230 2871.4
1319240 2874.2
1319250 2876.5
1319260 2876.5
1319270 2878.3
1319280 2880.3
1319290 2880.3
1319300 2882.6
1319310 2884.8
1319320 2884.8
1319330 2887.0
1319340 2889.8
1319350 2889.8
1319360 2892.4
1319370 2894.1
1319380 2895.8
1319390 2895.8
1319400 2897.1
1319410 2898.6
1319420 2898.6
1319430 2900.8
1319440 2903.4
1319450 2903.4
1319460 2905.0
1319470 2906.3
1319480 2899.8
1319490 2902.1
1319500 2904.0
1319510 2904.0
1319520 2905.7
1319530 2907.9
1319540 2907.9
1319550 2910.7
1319560 2913.1
1319570 2913.1
1319580 2915.2
1319590 2917.4
1319600 2919.3
1319610 2919.3
1319620 2921.7
1319630 2924.5
1319640 2924.5
1319650 2928.1
1319660 2932.4
1319670 2932.4
1319680 2937.8
1319690 2943.6
1319700 2943.6
1319710 2952.7
1319720 2963.8
1319730 2963.8
1319740 2976.4
1319750 2992.3
1319760 2992.3
1319770 3004.7
1319780 3015.2
1319790 3024.0
1319800 3024.0
1319810 3032.5
1319820 3039.0
1319830 3039.0
1319840 3045.9
1319850 3053.3
1319860 3053.3
1319870 3060.9
1319880 3067.0
1319890 3067.0
1319900 3073.7
1319910 3078.7
1319920 3078.7
1319930 3077.3
1319940 3079.2
1319950 3079.2
1319960 3087.4
1319970 3094.1
1319980 3094.1
1319990 3097.9
