1300000 2562.8
1300010 2559.4
1300020 2554.6
1300030 2554.6
1300040 2549.4
1300050 2544.7
1300060 2544.7
1300070 2540.9
1300080 2537.0
1300090 2537.0
1300100 2532.4
1300110 2527.6
1300120 2522.6
1300130 2522.6
1300140 2517.4
1300150 2512.5
1300160 2512.5
1300170 2506.3
1300180 2502.2
1300190 2502.2
1300200 2497.8
1300210 2496.1
1300220 2496.1
1300230 2496.4
1300240 2494.6
1300250 2494.6
1300260 2491.6
1300270 2488.0
1300280 2488.0
1300290 2483.3
1300300 2478.6
1300310 2478.6
1300320 2473.7
1300330 2464.9
1300340 2458.0
1300350 2458.0
1300360 2456.4
1300370 2454.0
1300380 2454.0
1300390 2450.3
1300400 2446.1
1300410 2446.1
1300420 2438.8
1300430 2433.2
1300440 2433.2
1300450 2427.0
1300460 2422.6
1300470 2422.6
1300480 2417.1
1300490 2411.8
1300500 2411.8
1300510 2407.4
1300520 2402.0
1300530 2397.8
1300540 2397.8
1300550 2393.9
1300560 2389.3
1300570 2389.3
1300580 2383.5
1300590 2377.4
1300600 2379.1
1300610 2372.7
1300620 2367.0
1300630 2367.0
1300640 2362.1
1300650 2357.6
1300660 2357.6
1300670 2351.8
1300680 2344.3
1300690 2344.3
1300700 2336.1
1300710 2327.8
1300720 2327.8
1300730 2320.6
1300740 2313.9
1300750 2307.6
1300760 2307.6
1300770 2301.8
1300780 2297.4
1300790 2297.4
1300800 2294.9
1300810 2292.9
1300820 2292.9
1300830 2289.6
1300840 2285.0
1300850 2285.0
1300860 2282.7
1300870 2280.2
1300880 2280.2
1300890 2275.3
1300900 2269.4
1300910 2269.4
1300920 2263.2
1300930 2258.3
1300940 2258.3
1300950 2255.9
1300960 2252.0
1300970 2245.2
1300980 2245.2
1300990 2237.7
1301000 2232.5
1301010 2232.5
1301020 2226.9
1301030 2221.1
1301040 2221.1
1301050 2215.0
1301060 2210.0
1301070 2210.0
1301080 2207.9
1301090 2205.9
1301100 2205.9
1301110 2202.2
1301120 2199.2
1301130 2199.2
1301140 2197.0
1301150 2192.6
1301160 2185.8
1301170 2185.8
1301180 2181.7
1301190 2179.3
1301200 2179.3
1301210 2178.8
1301220 2180.7
1301230 2180.7
1301240 2182.4
1301250 2181.6
1301260 2181.6
1301270 2180.1
1301280 2179.4
1301290 2174.9
1301300 2176.0
1301310 2177.6
1301320 2177.6
1301330 2177.9
1301340 2178.4
1301350 2178.4
1301360 2179.3
1301370 2180.0
1301380 2180.6
1301390 2180.6
1301400 2182.1
1301410 2183.8
1301420 2183.8
1301430 2185.7
1301440 2188.3
1301450 2188.3
1301460 2189.8
1301470 2191.1
1301480 2191.1
1301490 2190.8
1301500 2188.4
1301510 2188.4
1301520 2187.2
1301530 2186.7
1301540 2186.7
1301550 2186.8
1301560 2184.2
1301570 2184.2
1301580 2183.9
1301590 2182.8
1301600 2180.3
1301610 2180.3
1301620 2177.4
1301630 2175.0
1301640 2175.0
1301650 2172.8
1301660 2170.2
1301670 2170.2
1301680 2166.5
1301690 2161.9
1301700 2161.9
1301710 2156.9
1301720 2151.7
1301730 2151.7
1301740 2145.8
1301750 2140.6
1301760 2140.6
1301770 2134.3
1301780 2126.7
1301790 2126.7
1301800 2120.7
1301810 2114.3
1301820 2106.9
1301830 2106.9
1301840 2101.8
1301850 2097.7
1301860 2097.7
1301870 2091.0
1301880 2083.9
1301890 2083.9
1301900 2076.8
1301910 2070.3
1301920 2070.3
1301930 2064.3
1301940 2057.2
1301950 2057.2
1301960 2049.6
1301970 2042.7
1301980 2038.2
1301990 2031.9
1302000 2026.1
1302010 2019.1
1302020 2019.1
1302030 2011.4
1302040 2003.6
1302050 2003.6
1302060 1995.6
1302070 1987.4
1302080 1987.4
1302090 1979.2
1302100 1972.3
1302110 1972.3
1302120 1966.0
1302130 1960.1
1302140 1960.1
1302150 1954.2
1302160 1947.6
1302170 1947.6
1302180 1940.3
1302190 1933.2
1302200 1933.2
1302210 1926.7
1302220 1920.3
1302230 1913.8
1302240 1913.8
1302250 1906.7
1302260 1898.8
1302270 1898.8
1302280 1891.3
1302290 1883.5
1302300 1883.5
1302310 1876.4
1302320 1869.4
1302330 1869.4
1302340 1862.9
1302350 1857.6
1302360 1857.6
1302370 1853.9
1302380 1848.1
1302390 1848.1
1302400 1841.0
1302410 1833.9
1302420 1833.9
1302430 1826.9
1302440 1820.1
1302450 1813.7
1302460 1813.7
1302470 1806.7
1302480 1799.0
1302490 1799.0
1302500 1795.8
1302510 1794.2
1302520 1794.2
1302530 1789.9
1302540 1786.0
1302550 1786.0
1302560 1783.9
1302570 1778.5
1302580 1778.5
1302590 1773.5
1302600 1771.1
1302610 1771.1
1302620 1770.9
1302630 1770.9
1302640 1770.9
1302650 1770.9
1302660 1770.9
1302670 1770.9
1302680 1770.9
1302690 1770.9
1302700 1770.9
1302710 1770.9
1302720 1770.9
1302730 1770.9
1302740 1770.9
1302750 1770.9
1302760 1770.9
1302770 1770.9
1302780 1770.9
1302790 1770.9
1302800 1770.9
1302810 1770.9
1302820 1770.9
1302830 1770.9
1302840 1770.9
1302850 1770.9
1302860 1770.9
1302870 1770.9
1302880 1770.9
1302890 1770.9
1302900 1770.9
1302910 1770.9
1302920 1770.9
1302930 1770.9
1302940 1770.9
1302950 1770.9
1302960 1770.9
1302970 1770.9
1302980 1770.9
1302990 1770.9
1303000 1770.9
1303010 1770.9
1303020 1770.9
1303030 1770.9
1303040 1770.9
1303050 1770.9
1303060 1770.9
1303070 1770.9
1303080 1770.4
1303090 1770.4
1303100 1765.8
1303110 1754.9
1303120 1754.9
1303130 1740.7
1303140 1720.4
1303150 1720.4
1303160 1698.7
1303170 1680.4
1303180 1680.4
1303190 1670.5
1303200 1668.1
1303210 1668.1
1303220 1667.9
1303230 1668.1
1303240 1668.1
1303250 1668.6
1303260 1668.6
1303270 1668.6
1303280 1668.4
1303290 1670.0
1303300 1673.1
1303310 1673.1
1303320 1676.6
1303330 1680.2
1303340 1680.2
1303350 1684.8
1303360 1688.6
1303370 1688.6
1303380 1709.6
1303390 1721.0
1303400 1721.0
1303410 1733.1
1303420 1745.3
1303430 1745.3
1303440 1754.7
1303450 1761.9
1303460 1761.9
1303470 1768.2
1303480 1770.6
1303490 1770.9
1303500 1770.9
1303510 1770.9
1303520 1770.9
1303530 1770.9
1303540 1770.9
1303550 1770.9
1303560 1770.9
1303570 1770.9
1303580 1771.1
1303590 1771.1
1303600 1775.3
1303610 1783.8
1303620 1783.8
1303630 1792.1
1303640 1801.6
1303650 1801.6
1303660 1809.7
1303670 1817.9
1303680 1817.9
1303690 1826.4
1303700 1832.3
1303710 1834.3
1303720 1834.3
1303730 1841.0
1303740 1855.1
1303750 1855.1
1303760 1863.2
1303770 1871.5
1303780 1871.5
1303790 1880.0
1303800 1887.9
1303810 1887.9
1303820 1895.3
1303830 1904.2
1303840 1904.2
1303850 1912.9
1303860 1921.1
1303870 1921.1
1303880 1929.1
1303890 1936.5
1303900 1936.5
1303910 1943.2
1303920 1949.4
1303930 1957.3
1303940 1957.3
1303950 1965.0
1303960 1973.5
1303970 1973.5
1303980 1982.1
1303990 1989.2
1304000 1989.2
1304010 1997.0
1304020 2003.5
1304030 2003.5
1304040 2009.4
1304050 2017.9
1304060 2017.9
1304070 2026.1
1304080 2035.9
1304090 2035.9
1304100 2041.5
1304110 2045.1
1304120 2045.1
1304130 2049.1
1304140 2054.9
1304150 2059.5
1304160 2059.5
1304170 2063.2
1304180 2065.7
1304190 2065.7
1304200 2068.7
1304210 2070.5
1304220 2070.5
1304230 2073.8
1304240 2077.4
1304250 2077.4
1304260 2082.0
1304270 2086.0
1304280 2086.0
1304290 2089.9
1304300 2094.3
1304310 2094.3
1304320 2099.0
1304330 2103.5
1304340 2108.2
1304350 2108.2
1304360 2112.2
1304370 2115.6
1304380 2115.6
1304390 2119.0
1304400 2122.1
1304410 2122.1
1304420 2126.3
1304430 2130.9
1304440 2130.9
1304450 2135.5
1304460 2137.4
1304470 2137.4
1304480 2142.1
1304490 2146.7
1304500 2146.7
1304510 2148.7
1304520 2151.2
1304530 2151.2
1304540 2154.5
1304550 2160.1
1304560 2165.8
1304570 2165.8
1304580 2171.3
1304590 2177.8
1304600 2177.8
1304610 2183.4
1304620 2187.5
1304630 2187.5
1304640 2191.1
1304650 2193.8
1304660 2193.8
1304670 2198.1
1304680 2204.5
1304690 2204.5
1304700 2206.7
1304710 2210.2
1304720 2210.2
1304730 2216.7
1304740 2223.2
1304750 2223.2
1304760 2230.0
1304770 2234.8
1304780 2240.9
1304790 2240.9
1304800 2244.1
1304810 2246.6
1304820 2246.6
1304830 2247.6
1304840 2248.9
1304850 2248.9
1304860 2250.2
1304870 2252.5
1304880 2252.5
1304890 2255.6
1304900 2257.0
1304910 2257.0
1304920 2258.4
1304930 2260.9
1304940 2260.9
1304950 2263.2
1304960 2264.7
1304970 2264.7
1304980 2268.5
1304990 2270.0
1305000 2270.6
1305010 2270.6
1305020 2269.9
1305030 2271.2
1305040 2271.2
1305050 2273.3
1305060 2275.6
1305070 2275.6
1305080 2279.3
1305090 2282.2
1305100 2282.2
1305110 2282.8
1305120 2287.3
1305130 2287.3
1305140 2292.7
1305150 2295.7
1305160 2295.7
1305170 2300.4
1305180 2307.3
1305190 2310.6
1305200 2310.6
1305210 2313.8
1305220 2309.9
1305230 2309.9
1305240 2302.6
1305250 2295.1
1305260 2295.1
1305270 2295.3
1305280 2294.8
1305290 2294.8
1305300 2295.9
1305310 2297.0
1305320 2297.0
1305330 2296.0
1305340 2294.0
1305350 2294.0
1305360 2291.7
1305370 2289.5
1305380 2289.5
1305390 2288.0
1305400 2287.3
1305410 2288.2
1305420 2288.2
1305430 2290.8
1305440 2293.4
1305450 2293.4
1305460 2295.4
1305470 2297.5
1305480 2297.5
1305490 2306.2
1305500 2310.5
1305510 2310.5
1305520 2315.3
1305530 2320.8
1305540 2320.8
1305550 2326.4
1305560 2331.6
1305570 2331.6
1305580 2336.9
1305590 2342.5
1305600 2342.5
1305610 2347.5
1305620 2352.5
1305630 2357.0
1305640 2357.0
1305650 2361.1
1305660 2365.6
1305670 2365.6
1305680 2370.9
1305690 2376.2
1305700 2376.2
1305710 2381.6
1305720 2387.2
1305730 2387.2
1305740 2392.0
1305750 2395.7
1305760 2395.7
1305770 2399.2
1305780 2401.7
1305790 2401.7
1305800 2403.4
1305810 2406.1
1305820 2409.2
1305830 2409.2
1305840 2412.3
1305850 2416.3
1305860 2416.3
1305870 2421.0
1305880 2424.4
1305890 2424.4
1305900 2428.2
1305910 2432.5
1305920 2432.5
1305930 2435.8
1305940 2438.2
1305950 2438.2
1305960 2441.0
1305970 2444.0
1305980 2444.0
1305990 2446.8
1306000 2450.0
1306010 2450.0
1306020 2453.2
1306030 2455.9
1306040 2458.6
1306050 2458.6
1306060 2461.6
1306070 2464.5
1306080 2464.5
1306090 2467.3
1306100 2470.0
1306110 2470.0
1306120 2471.7
1306130 2474.0
1306140 2474.0
1306150 2477.3
1306160 2480.5
1306170 2480.5
1306180 2483.6
1306190 2486.1
1306200 2488.3
1306210 2491.0
1306220 2493.7
1306230 2493.7
1306240 2497.6
1306250 2501.0
1306260 2505.0
1306270 2505.0
1306280 2509.7
1306290 2514.3
1306300 2514.3
1306310 2518.6
1306320 2522.7
1306330 2522.7
1306340 2527.0
1306350 2533.2
1306360 2533.2
1306370 2549.6
1306380 2570.4
1306390 2570.4
1306400 2583.7
1306410 2596.4
1306420 2596.4
1306430 2605.5
1306440 2610.5
1306450 2610.5
1306460 2613.9
1306470 2612.5
1306480 2604.8
1306490 2604.8
1306500 2594.0
1306510 2582.0
1306520 2582.0
1306530 2572.6
1306540 2563.3
1306550 2563.3
1306560 2553.5
1306570 2542.8
1306580 2542.8
1306590 2530.3
1306600 2517.4
1306610 2517.4
1306620 2503.9
1306630 2490.0
1306640 2490.0
1306650 2477.6
1306660 2467.2
1306670 2458.3
1306680 2458.3
1306690 2451.4
1306700 2446.1
1306710 2446.1
1306720 2441.4
1306730 2436.5
1306740 2436.5
1306750 2431.5
1306760 2425.9
1306770 2425.9
1306780 2420.0
1306790 2413.9
1306800 2413.9
1306810 2407.1
1306820 2400.4
1306830 2400.4
1306840 2393.7
1306850 2386.9
1306860 2386.9
1306870 2380.1
1306880 2373.4
1306890 2366.7
1306900 2366.7
1306910 2357.0
1306920 2350.4
1306930 2350.4
1306940 2343.6
1306950 2336.9
1306960 2336.9
1306970 2330.0
1306980 2323.2
1306990 2323.2
1307000 2316.2
1307010 2309.4
1307020 2309.4
1307030 2302.3
1307040 2295.7
1307050 2295.7
1307060 2289.1
1307070 2282.2
1307080 2282.2
1307090 2275.4
1307100 2268.1
1307110 2261.2
1307120 2261.2
1307130 2254.1
1307140 2246.9
1307150 2246.9
1307160 2239.9
1307170 2233.2
1307180 2233.2
1307190 2226.4
1307200 2218.0
1307210 2218.0
1307220 2210.0
1307230 2202.5
1307240 2202.5
1307250 2195.4
1307260 2188.2
1307270 2188.2
1307280 2181.0
1307290 2174.8
1307300 2174.8
1307310 2167.9
1307320 2159.9
1307330 2152.0
1307340 2152.0
1307350 2142.5
1307360 2133.7
1307370 2133.7
1307380 2128.7
1307390 2125.4
1307400 2125.4
1307410 2128.8
1307420 2129.0
1307430 2129.0
1307440 2130.2
1307450 2130.8
1307460 2130.8
1307470 2130.4
1307480 2129.2
1307490 2129.2
1307500 2127.1
1307510 2125.3
1307520 2126.2
1307530 2126.2
1307540 2126.3
1307550 2125.5
1307560 2125.5
1307570 2122.4
1307580 2120.0
1307590 2120.0
1307600 2117.4
1307610 2114.2
1307620 2114.2
1307630 2113.9
1307640 2110.8
1307650 2110.8
1307660 2108.9
1307670 2107.3
1307680 2107.3
1307690 2105.5
1307700 2102.3
1307710 2102.3
1307720 2098.7
1307730 2096.3
1307740 2094.5
1307750 2094.5
1307760 2093.1
1307770 2092.4
1307780 2092.4
1307790 2091.3
1307800 2090.2
1307810 2090.2
1307820 2088.2
1307830 2086.7
1307840 2086.7
1307850 2087.4
1307860 2086.0
1307870 2086.0
1307880 2082.8
1307890 2079.4
1307900 2079.4
1307910 2077.2
1307920 2075.9
1307930 2075.9
1307940 2074.3
1307950 2072.3
1307960 2071.1
1307970 2071.1
1307980 2069.0
1307990 2067.2
1308000 2067.2
1308010 2064.9
1308020 2062.2
1308030 2062.2
1308040 2057.5
1308050 2054.6
1308060 2054.6
1308070 2053.0
1308080 2051.4
1308090 2051.4
1308100 2051.0
1308110 2050.2
1308120 2050.2
1308130 2051.2
1308140 2051.4
1308150 2052.9
1308160 2052.9
1308170 2053.8
1308180 2055.3
1308190 2055.3
1308200 2057.4
1308210 2058.4
1308220 2058.4
1308230 2059.5
1308240 2058.7
1308250 2058.7
1308260 2057.1
1308270 2054.7
1308280 2054.7
1308290 2051.8
1308300 2050.0
1308310 2050.0
1308320 2047.5
1308330 2044.3
1308340 2049.6
1308350 2046.3
1308360 2043.0
1308370 2039.6
1308380 2039.6
1308390 2036.2
1308400 2031.6
1308410 2031.6
1308420 2025.3
1308430 2003.2
1308440 2003.2
1308450 1967.9
1308460 1944.6
1308470 1944.6
1308480 1931.3
1308490 1918.8
1308500 1918.8
1308510 1909.6
1308520 1902.2
1308530 1902.2
1308540 1900.6
1308550 1908.7
1308560 1908.7
1308570 1907.5
1308580 1900.0
1308590 1898.2
1308600 1898.2
1308610 1904.8
1308620 1906.8
1308630 1906.8
1308640 1901.4
1308650 1897.7
1308660 1897.7
1308670 1895.4
1308680 1892.6
1308690 1892.6
1308700 1892.5
1308710 1889.9
1308720 1889.9
1308730 1883.7
1308740 1870.3
1308750 1870.3
1308760 1860.6
1308770 1854.0
1308780 1854.0
1308790 1847.3
1308800 1840.6
1308810 1829.6
1308820 1829.6
1308830 1811.1
1308840 1790.1
1308850 1790.1
1308860 1768.3
1308870 1753.0
1308880 1753.0
1308890 1755.0
1308900 1758.2
1308910 1758.2
1308920 1762.6
1308930 1761.6
1308940 1761.6
1308950 1761.5
1308960 1761.0
1308970 1761.0
1308980 1755.3
1308990 1743.8
1309000 1729.2
1309010 1729.2
1309020 1725.8
1309030 1723.9
1309040 1723.9
1309050 1716.6
1309060 1683.7
1309070 1683.7
1309080 1667.0
1309090 1659.0
1309100 1659.0
1309110 1656.9
1309120 1654.8
1309130 1654.8
1309140 1652.0
1309150 1644.7
1309160 1644.7
1309170 1636.1
1309180 1622.6
1309190 1622.6
1309200 1606.4
1309210 1593.8
1309220 1580.1
1309230 1580.1
1309240 1571.9
1309250 1563.1
1309260 1563.1
1309270 1550.5
1309280 1541.7
1309290 1541.7
1309300 1532.4
1309310 1521.7
1309320 1521.7
1309330 1514.3
1309340 1508.6
1309350 1508.6
1309360 1502.7
1309370 1497.1
1309380 1497.1
1309390 1491.8
1309400 1486.6
1309410 1486.6
1309420 1481.3
1309430 1476.4
1309440 1470.8
1309450 1470.8
1309460 1464.7
1309470 1461.2
1309480 1461.2
1309490 1457.5
1309500 1453.4
1309510 1453.4
1309520 1448.7
1309530 1444.0
1309540 1444.0
1309550 1439.0
1309560 1433.7
1309570 1433.7
1309580 1428.7
1309590 1424.1
1309600 1424.1
1309610 1420.5
1309620 1416.3
1309630 1416.3
1309640 1413.4
1309650 1411.7
1309660 1411.4
1309670 1411.4
1309680 1412.7
1309690 1414.0
1309700 1414.0
1309710 1412.3
1309720 1413.4
1309730 1413.4
1309740 1414.5
1309750 1415.4
1309760 1415.4
1309770 1413.2
1309780 1411.9
1309790 1415.4
1309800 1413.9
1309810 1411.8
1309820 1411.8
1309830 1410.3
1309840 1409.4
1309850 1409.2
1309860 1409.2
1309870 1408.8
1309880 1408.4
1309890 1408.4
1309900 1406.9
1309910 1404.5
1309920 1404.5
1309930 1403.7
1309940 1402.0
1309950 1402.0
1309960 1400.8
1309970 1398.1
1309980 1398.1
1309990 1396.0
1310000 1394.8
1310010 1394.8
1310020 1392.8
1310030 1390.1
1310040 1390.1
1310050 1387.4
1310060 1385.8
1310070 1384.1
1310080 1384.1
1310090 1382.7
1310100 1381.4
1310110 1381.4
1310120 1380.7
1310130 1380.5
1310140 1380.5
1310150 1381.1
1310160 1381.4
1310170 1381.4
1310180 1381.9
1310190 1382.2
1310200 1382.2
1310210 1381.7
1310220 1382.0
1310230 1382.0
1310240 1382.3
1310250 1382.3
1310260 1382.3
1310270 1381.5
1310280 1380.4
1310290 1380.3
1310300 1380.3
1310310 1383.4
1310320 1391.1
1310330 1391.1
1310340 1397.3
1310350 1402.0
1310360 1402.0
1310370 1406.8
1310380 1411.1
1310390 1411.1
1310400 1415.7
1310410 1421.0
1310420 1421.0
1310430 1426.4
1310440 1431.4
1310450 1431.4
1310460 1436.6
1310470 1441.5
1310480 1446.2
1310490 1446.2
1310500 1450.6
1310510 1453.3
1310520 1453.3
1310530 1458.4
1310540 1463.3
1310550 1463.3
1310560 1467.7
1310570 1472.2
1310580 1472.2
1310590 1476.7
1310600 1480.8
1310610 1480.8
1310620 1484.7
1310630 1487.8
1310640 1487.8
1310650 1491.7
1310660 1496.6
1310670 1496.6
1310680 1501.0
1310690 1507.9
1310700 1517.2
1310710 1517.2
1310720 1524.6
1310730 1531.0
1310740 1531.0
1310750 1537.1
1310760 1543.2
1310770 1543.2
1310780 1549.4
1310790 1555.7
1310800 1555.7
1310810 1562.4
1310820 1569.5
1310830 1569.5
1310840 1576.5
1310850 1585.5
1310860 1585.5
1310870 1594.6
1310880 1603.3
1310890 1603.3
1310900 1616.1
1310910 1627.8
1310920 1637.9
1310930 1637.9
1310940 1651.7
1310950 1680.7
1310960 1680.7
1310970 1704.6
1310980 1717.5
1310990 1717.5
1311000 1727.6
1311010 1737.1
1311020 1737.1
1311030 1746.8
1311040 1756.5
1311050 1756.5
1311060 1766.9
1311070 1780.1
1311080 1780.1
1311090 1794.9
1311100 1807.7
1311110 1807.7
1311120 1816.1
1311130 1824.0
1311140 1833.8
1311150 1833.8
1311160 1849.6
1311170 1876.8
1311180 1876.8
1311190 1905.6
1311200 1928.7
1311210 1928.7
1311220 1938.8
1311230 1947.5
1311240 1957.9
1311250 1965.3
1311260 1973.1
1311270 1973.1
1311280 1979.7
1311290 1986.5
1311300 1986.5
1311310 1994.4
1311320 1999.9
1311330 2004.7
1311340 2004.7
1311350 2010.4
1311360 2016.6
1311370 2016.6
1311380 2022.9
1311390 2028.1
1311400 2028.1
1311410 2033.9
1311420 2040.0
1311430 2040.0
1311440 2045.7
1311450 2050.8
1311460 2050.8
1311470 2058.5
1311480 2064.7
1311490 2064.7
1311500 2069.8
1311510 2073.9
1311520 2073.9
1311530 2079.2
1311540 2085.6
1311550 2093.1
1311560 2093.1
1311570 2101.3
1311580 2108.0
1311590 2108.0
1311600 2114.7
1311610 2119.6
1311620 2119.6
1311630 2123.7
1311640 2128.0
1311650 2128.0
1311660 2132.8
1311670 2138.5
1311680 2138.5
1311690 2144.3
1311700 2149.8
1311710 2149.8
1311720 2154.7
1311730 2159.7
1311740 2159.7
1311750 2165.1
1311760 2169.5
1311770 2171.5
1311780 2171.5
1311790 2165.6
1311800 2156.2
1311810 2156.2
1311820 2148.9
1311830 2145.2
1311840 2145.2
1311850 2142.9
1311860 2140.1
1311870 2140.1
1311880 2136.7
1311890 2135.8
1311900 2135.8
1311910 2134.8
1311920 2133.0
1311930 2133.0
1311940 2129.0
1311950 2123.7
1311960 2123.7
1311970 2109.1
1311980 2109.2
1311990 2107.8
1312000 2107.8
1312010 2108.0
1312020 2110.6
1312030 2110.6
1312040 2112.3
1312050 2112.6
1312060 2112.6
1312070 2113.2
1312080 2113.8
1312090 2113.8
1312100 2113.9
1312110 2113.8
1312120 2113.8
1312130 2109.0
1312140 2106.0
1312150 2106.0
1312160 2105.3
1312170 2104.4
1312180 2103.5
1312190 2103.5
1312200 2104.6
1312210 2110.6
1312220 2110.6
1312230 2108.2
1312240 2109.2
1312250 2109.2
1312260 2109.7
1312270 2114.8
1312280 2114.8
1312290 2119.1
1312300 2120.0
1312310 2120.0
1312320 2123.9
1312330 2129.4
1312340 2129.4
1312350 2129.8
1312360 2128.2
1312370 2128.2
1312380 2130.3
1312390 2135.6
1312400 2139.7
1312410 2139.7
1312420 2140.1
1312430 2139.2
1312440 2139.2
1312450 2137.5
1312460 2137.8
1312470 2137.8
1312480 2139.1
1312490 2140.9
1312500 2140.9
1312510 2146.3
1312520 2153.0
1312530 2153.0
1312540 2156.3
1312550 2158.4
1312560 2158.4
1312570 2161.6
1312580 2167.0
1312590 2167.0
1312600 2171.9
1312610 2178.6
1312620 2185.0
1312630 2185.0
1312640 2190.2
1312650 2190.6
1312660 2190.6
1312670 2191.4
1312680 2195.0
1312690 2195.0
1312700 2203.6
1312710 2208.1
1312720 2208.1
1312730 2214.7
1312740 2222.8
1312750 2222.8
1312760 2233.2
1312770 2244.8
1312780 2244.8
1312790 2255.6
1312800 2267.7
1312810 2278.7
1312820 2278.7
1312830 2288.3
1312840 2301.5
1312850 2301.5
1312860 2318.0
1312870 2332.3
1312880 2332.3
1312890 2345.1
1312900 2352.7
1312910 2352.7
1312920 2359.3
1312930 2366.0
1312940 2366.0
1312950 2372.3
1312960 2378.7
1312970 2378.7
1312980 2385.4
1312990 2392.6
1313000 2392.6
1313010 2400.4
1313020 2406.5
1313030 2410.8
1313040 2410.8
1313050 2414.5
1313060 2417.5
1313070 2417.5
1313080 2419.5
1313090 2421.0
1313100 2421.0
1313110 2423.1
1313120 2425.9
1313130 2425.9
1313140 2428.6
1313150 2431.0
1313160 2431.0
1313170 2434.3
1313180 2436.5
1313190 2436.5
1313200 2439.0
1313210 2443.3
1313220 2443.3
1313230 2447.6
1313240 2450.2
1313250 2451.1
1313260 2451.1
1313270 2452.2
1313280 2453.9
1313290 2453.9
1313300 2454.6
1313310 2456.8
1313320 2456.8
1313330 2459.9
1313340 2463.5
1313350 2463.5
1313360 2467.1
1313370 2470.2
1313380 2470.2
1313390 2472.5
1313400 2474.5
1313410 2474.5
1313420 2475.8
1313430 2476.9
1313440 2476.9
1313450 2472.1
1313460 2473.2
1313470 2475.4
1313480 2475.4
1313490 2477.2
1313500 2476.8
1313510 2476.8
1313520 2476.8
1313530 2477.7
1313540 2477.7
1313550 2480.1
1313560 2483.9
1313570 2483.9
1313580 2489.0
1313590 2494.6
1313600 2494.6
1313610 2499.1
1313620 2501.3
1313630 2501.3
1313640 2502.6
1313650 2502.1
1313660 2503.7
1313670 2503.7
1313680 2506.2
1313690 2507.4
1313700 2507.4
1313710 2508.6
1313720 2508.1
1313730 2508.1
1313740 2505.8
1313750 2505.5
1313760 2505.5
1313770 2508.1
1313780 2511.8
1313790 2511.8
1313800 2515.7
1313810 2519.4
1313820 2519.4
1313830 2522.8
1313840 2525.8
1313850 2525.8
1313860 2528.4
1313870 2530.9
1313880 2533.6
1313890 2533.6
1313900 2536.8
1313910 2541.0
1313920 2541.0
1313930 2546.4
1313940 2551.4
1313950 2551.4
1313960 2554.5
1313970 2556.2
1313980 2556.2
1313990 2557.9
1314000 2559.3
1314010 2559.3
1314020 2562.9
1314030 2566.6
1314040 2566.6
1314050 2569.3
1314060 2572.4
1314070 2572.4
1314080 2576.3
1314090 2579.7
1314100 2583.6
1314110 2583.6
1314120 2587.6
1314130 2592.1
1314140 2592.1
1314150 2596.3
1314160 2599.6
1314170 2599.6
1314180 2603.9
1314190 2608.9
1314200 2608.9
1314210 2613.0
1314220 2617.3
1314230 2617.3
1314240 2621.8
1314250 2626.4
1314260 2626.4
1314270 2630.7
1314280 2633.5
1314290 2633.5
1314300 2633.5
1314310 2634.1
1314320 2635.7
1314330 2635.7
1314340 2638.9
1314350 2641.1
1314360 2641.1
1314370 2642.5
1314380 2643.6
1314390 2643.6
1314400 2644.5
1314410 2647.0
1314420 2647.0
1314430 2653.5
1314440 2659.4
1314450 2659.4
1314460 2664.7
1314470 2671.0
1314480 2671.0
1314490 2674.8
1314500 2676.7
1314510 2678.3
1314520 2678.3
1314530 2680.2
1314540 2680.5
1314550 2680.5
1314560 2679.1
1314570 2679.6
1314580 2679.6
1314590 2680.8
1314600 2682.6
1314610 2682.6
1314620 2686.1
1314630 2689.6
1314640 2689.6
1314650 2690.3
1314660 2690.1
1314670 2690.1
1314680 2691.0
1314690 2692.4
1314700 2692.4
1314710 2693.8
1314720 2694.8
1314730 2695.7
1314740 2695.7
1314750 2697.0
1314760 2698.3
1314770 2698.3
1314780 2699.6
1314790 2701.1
1314800 2701.1
1314810 2701.9
1314820 2704.3
1314830 2704.3
1314840 2709.0
1314850 2714.7
1314860 2714.7
1314870 2721.0
1314880 2728.0
1314890 2728.0
1314900 2735.9
1314910 2734.6
1314920 2734.6
1314930 2720.2
1314940 2698.6
1314950 2686.4
1314960 2686.4
1314970 2678.4
1314980 2672.0
1314990 2672.0
1315000 2667.2
1315010 2663.8
1315020 2663.8
1315030 2661.8
1315040 2661.7
1315050 2661.7
1315060 2662.0
1315070 2661.0
1315080 2661.0
1315090 2659.5
1315100 2659.5
1315110 2659.5
1315120 2660.1
1315130 2659.0
1315140 2661.7
1315150 2661.7
1315160 2665.7
1315170 2665.4
1315180 2665.4
1315190 2663.3
1315200 2661.2
1315210 2661.2
1315220 2658.3
1315230 2656.5
1315240 2656.5
1315250 2655.8
1315260 2657.2
1315270 2657.2
1315280 2654.9
1315290 2650.6
1315300 2650.6
1315310 2646.9
1315320 2641.3
1315330 2641.3
1315340 2634.7
1315350 2629.5
1315360 2627.2
1315370 2627.2
1315380 2617.1
1315390 2606.3
1315400 2606.3
1315410 2598.6
1315420 2593.4
1315430 2593.4
1315440 2591.1
1315450 2591.9
1315460 2591.9
1315470 2593.6
1315480 2595.1
1315490 2595.1
1315500 2597.4
1315510 2598.0
1315520 2598.0
1315530 2596.9
1315540 2592.7
1315550 2592.7
1315560 2587.3
1315570 2584.8
1315580 2583.6
1315590 2583.6
1315600 2581.7
1315610 2577.8
1315620 2577.8
1315630 2572.7
1315640 2566.3
1315650 2566.3
1315660 2561.0
1315670 2557.6
1315680 2557.6
1315690 2548.8
1315700 2546.2
1315710 2546.2
1315720 2543.5
1315730 2541.1
1315740 2541.1
1315750 2537.9
1315760 2533.5
1315770 2533.5
1315780 2528.7
1315790 2525.5
1315800 2520.5
1315810 2520.5
1315820 2511.9
1315830 2506.7
1315840 2506.7
1315850 2503.9
1315860 2502.1
1315870 2502.1
1315880 2500.9
1315890 2501.0
1315900 2501.0
1315910 2501.1
1315920 2500.8
1315930 2500.8
1315940 2500.7
1315950 2501.2
1315960 2501.2
1315970 2502.0
1315980 2502.9
1315990 2503.5
1316000 2503.5
1316010 2503.3
1316020 2502.7
1316030 2502.7
1316040 2501.9
1316050 2501.1
1316060 2501.1
1316070 2499.9
1316080 2498.7
1316090 2498.7
1316100 2497.1
1316110 2495.4
1316120 2495.4
1316130 2493.7
1316140 2492.8
1316150 2492.8
1316160 2493.8
1316170 2493.3
1316180 2493.3
1316190 2493.1
1316200 2491.8
1316210 2489.1
1316220 2489.1
1316230 2485.4
1316240 2480.4
1316250 2480.4
1316260 2478.2
1316270 2478.2
1316280 2478.2
1316290 2478.7
1316300 2480.3
1316310 2480.3
1316320 2480.3
1316330 2479.6
1316340 2479.6
1316350 2476.9
1316360 2473.0
1316370 2473.0
1316380 2469.8
1316390 2468.0
1316400 2468.0
1316410 2465.6
1316420 2463.5
1316430 2461.9
1316440 2458.9
1316450 2458.3
1316460 2457.1
1316470 2457.1
1316480 2455.8
1316490 2452.8
1316500 2452.8
1316510 2449.3
1316520 2447.5
1316530 2447.5
1316540 2447.7
1316550 2448.1
1316560 2448.1
1316570 2448.3
1316580 2448.9
1316590 2448.9
1316600 2447.5
1316610 2446.9
1316620 2445.4
1316630 2445.4
1316640 2442.8
1316650 2441.2
1316660 2441.2
1316670 2439.4
1316680 2434.8
1316690 2434.8
1316700 2431.5
1316710 2429.0
1316720 2429.0
1316730 2426.4
1316740 2426.7
1316750 2426.7
1316760 2427.6
1316770 2428.4
1316780 2428.4
1316790 2430.6
1316800 2432.3
1316810 2432.3
1316820 2432.9
1316830 2433.0
1316840 2434.5
1316850 2434.5
1316860 2436.5
1316870 2436.7
1316880 2436.7
1316890 2435.1
1316900 2433.7
1316910 2433.7
1316920 2432.7
1316930 2431.4
1316940 2431.4
1316950 2431.0
1316960 2431.0
1316970 2431.0
1316980 2429.5
1316990 2425.9
1317000 2425.9
1317010 2422.4
1317020 2419.4
1317030 2419.4
1317040 2417.0
1317050 2412.8
1317060 2407.7
1317070 2407.7
1317080 2408.9
1317090 2409.4
1317100 2409.4
1317110 2409.0
1317120 2409.0
1317130 2409.0
1317140 2410.2
1317150 2413.0
1317160 2413.0
1317170 2415.8
1317180 2417.1
1317190 2417.1
1317200 2411.9
1317210 2413.1
1317220 2413.1
1317230 2415.3
1317240 2417.0
1317250 2417.0
1317260 2418.4
1317270 2420.0
1317280 2421.0
1317290 2421.0
1317300 2421.7
1317310 2424.1
1317320 2424.1
1317330 2424.3
1317340 2423.6
1317350 2423.6
1317360 2424.6
1317370 2426.4
1317380 2426.4
1317390 2427.7
1317400 2429.0
1317410 2429.0
1317420 2431.2
1317430 2433.2
1317440 2433.2
1317450 2435.0
1317460 2437.0
1317470 2440.0
1317480 2440.0
1317490 2444.9
1317500 2450.2
1317510 2450.2
1317520 2455.4
1317530 2460.8
1317540 2460.8
1317550 2466.7
1317560 2472.7
1317570 2472.7
1317580 2478.5
1317590 2483.5
1317600 2483.5
1317610 2489.8
1317620 2497.9
1317630 2497.9
1317640 2504.2
1317650 2511.0
1317660 2511.0
1317670 2517.9
1317680 2524.2
1317690 2531.0
1317700 2531.0
1317710 2537.3
1317720 2547.0
1317730 2547.0
1317740 2558.2
1317750 2568.2
1317760 2568.2
1317770 2572.0
1317780 2572.1
1317790 2572.1
1317800 2571.6
1317810 2572.5
1317820 2572.5
1317830 2573.8
1317840 2575.1
1317850 2575.1
1317860 2576.6
1317870 2577.5
1317880 2577.5
1317890 2577.0
1317900 2576.8
1317910 2578.1
1317920 2578.1
1317930 2579.4
1317940 2579.9
1317950 2579.1
1317960 2579.7
1317970 2580.3
1317980 2580.3
1317990 2581.3
1318000 2582.5
1318010 2582.5
1318020 2584.4
1318030 2586.8
1318040 2586.8
1318050 2588.5
1318060 2589.8
1318070 2589.8
1318080 2590.9
1318090 2592.2
1318100 2592.2
1318110 2593.8
1318120 2595.9
1318130 2598.5
1318140 2598.5
1318150 2602.1
1318160 2607.0
1318170 2607.0
1318180 2612.8
1318190 2617.2
1318200 2617.2
1318210 2620.7
1318220 2624.1
1318230 2624.1
1318240 2628.0
1318250 2632.7
1318260 2632.7
1318270 2637.3
1318280 2641.7
1318290 2641.7
1318300 2646.3
1318310 2649.5
1318320 2652.4
1318330 2652.4
1318340 2655.8
1318350 2659.6
1318360 2659.6
1318370 2663.5
1318380 2667.3
1318390 2667.3
1318400 2671.3
1318410 2675.2
1318420 2675.2
1318430 2678.9
1318440 2681.9
1318450 2681.9
1318460 2684.4
1318470 2686.5
1318480 2686.5
1318490 2687.8
1318500 2690.1
1318510 2690.1
1318520 2693.0
1318530 2698.0
1318540 2704.6
1318550 2704.6
1318560 2711.5
1318570 2718.7
1318580 2718.7
1318590 2726.3
1318600 2734.1
1318610 2734.1
1318620 2740.7
1318630 2746.3
1318640 2746.3
1318650 2749.7
1318660 2752.4
1318670 2752.4
1318680 2754.9
1318690 2756.2
1318700 2756.2
1318710 2757.6
1318720 2762.0
1318730 2762.0
1318740 2765.6
1318750 2769.7
1318760 2773.6
1318770 2773.6
1318780 2776.5
1318790 2778.7
1318800 2778.7
1318810 2781.2
1318820 2784.6
1318830 2784.6
1318840 2787.9
1318850 2790.7
1318860 2790.7
1318870 2793.7
1318880 2797.0
1318890 2797.0
1318900 2800.2
1318910 2803.7
1318920 2803.7
1318930 2807.5
1318940 2811.8
1318950 2817.5
1318960 2817.5
1318970 2824.2
1318980 2831.4
1318990 2831.4
1319000 2838.2
1319010 2844.8
1319020 2844.8
1319030 2850.1
1319040 2853.1
1319050 2853.1
1319060 2855.1
1319070 2856.5
1319080 2856.5
1319090 2857.6
1319100 2858.3
1319110 2858.3
1319120 2857.9
1319130 2857.8
1319140 2857.8
1319150 2857.7
1319160 2857.5
1319170 2857.8
1319180 2857.8
1319190 2858.8
1319200 2860.8
1319210 2860.8
1319220 2864.3
1319230 2868.7
1319240 2868.7
1319250 2873.5
1319260 2878.7
1319270 2878.7
1319280 2883.7
1319290 2888.4
1319300 2888.4
1319310 2893.3
1319320 2898.4
1319330 2898.4
1319340 2903.9
1319350 2910.1
1319360 2910.1
1319370 2916.5
1319380 2923.2
1319390 2930.1
1319400 2930.1
1319410 2936.8
1319420 2943.6
1319430 2943.6
1319440 2950.9
1319450 2958.8
1319460 2958.8
1319470 2966.7
1319480 2977.4
1319490 2977.4
1319500 2986.1
1319510 2995.5
1319520 2995.5
1319530 3006.3
1319540 3017.6
1319550 3017.6
1319560 3030.1
1319570 3046.3
1319580 3046.3
1319590 3056.5
1319600 3062.6
1319610 3068.1
1319620 3068.1
1319630 3073.2
1319640 3077.7
1319650 3077.7
1319660 3081.6
1319670 3085.0
1319680 3085.0
1319690 3088.3
1319700 3092.2
1319710 3092.2
1319720 3098.1
1319730 3104.5
1319740 3104.5
1319750 3111.2
1319760 3118.6
1319770 3118.6
1319780 3125.8
1319790 3133.1
1319800 3141.6
1319810 3141.6
1319820 3150.1
1319830 3156.3
1319840 3156.3
1319850 3160.2
1319860 3159.1
1319870 3159.1
1319880 3137.6
1319890 3074.0
1319900 3074.0
1319910 2991.9
1319920 2969.2
1319930 2969.2
1319940 2964.3
1319950 2962.3
1319960 2962.3
1319970 2960.3
1319980 2958.5
1319990 2958.5
