1300000 2584.1
1300010 2582.0
1300020 2578.7
1300030 2578.7
1300040 2574.1
1300050 2562.5
1300060 2558.1
1300070 2558.1
1300080 2556.3
1300090 2552.9
1300100 2552.9
1300110 2551.9
1300120 2551.4
1300130 2551.4
1300140 2551.4
1300150 2550.5
1300160 2550.5
1300170 2549.3
1300180 2547.9
1300190 2547.9
1300200 2546.6
1300210 2545.7
1300220 2545.7
1300230 2544.6
1300240 2543.2
1300250 2543.2
1300260 2541.3
1300270 2539.4
1300280 2538.2
1300290 2538.2
1300300 2537.7
1300310 2537.7
1300320 2537.7
1300330 2537.1
1300340 2536.8
1300350 2536.8
1300360 2535.7
1300370 2532.2
1300380 2532.2
1300390 2527.2
1300400 2523.5
1300410 2523.5
1300420 2522.9
1300430 2522.8
1300440 2522.8
1300450 2521.4
1300460 2515.0
1300470 2510.7
1300480 2510.7
1300490 2508.4
1300500 2506.3
1300510 2506.3
1300520 2502.9
1300530 2495.2
1300540 2495.2
1300550 2492.1
1300560 2489.5
1300570 2489.5
1300580 2483.5
1300590 2475.2
1300600 2475.2
1300610 2462.2
1300620 2450.4
1300630 2450.4
1300640 2444.6
1300650 2440.1
1300660 2440.1
1300670 2436.4
1300680 2432.1
1300690 2427.7
1300700 2427.7
1300710 2423.4
1300720 2418.9
1300730 2418.9
1300740 2414.1
1300750 2411.2
1300760 2411.2
1300770 2411.3
1300780 2411.0
1300790 2411.0
1300800 2410.8
1300810 2410.2
1300820 2410.2
1300830 2409.7
1300840 2409.5
1300850 2409.5
1300860 2408.9
1300870 2408.6
1300880 2408.6
1300890 2408.9
1300900 2409.5
1300910 2410.9
1300920 2410.9
1300930 2411.3
1300940 2411.2
1300950 2411.2
1300960 2410.8
1300970 2410.2
1300980 2410.2
1300990 2409.6
1301000 2410.0
1301010 2410.0
1301020 2410.5
1301030 2410.2
1301040 2410.2
1301050 2408.4
1301060 2407.4
1301070 2407.4
1301080 2407.5
1301090 2407.0
1301100 2407.0
1301110 2405.0
1301120 2401.5
1301130 2398.8
1301140 2398.8
1301150 2396.8
1301160 2395.9
1301170 2395.9
1301180 2395.4
1301190 2393.2
1301200 2393.2
1301210 2388.6
1301220 2384.3
1301230 2384.3
1301240 2379.8
1301250 2376.0
1301260 2376.0
1301270 2373.1
1301280 2370.6
1301290 2370.6
1301300 2366.9
1301310 2364.7
1301320 2362.6
1301330 2362.6
1301340 2359.7
1301350 2356.2
1301360 2356.2
1301370 2351.7
1301380 2346.5
1301390 2346.5
1301400 2342.0
1301410 2337.5
1301420 2337.5
1301430 2331.0
1301440 2324.8
1301450 2324.8
1301460 2320.4
1301470 2317.2
1301480 2317.2
1301490 2311.9
1301500 2303.3
1301510 2303.3
1301520 2296.6
1301530 2296.7
1301540 2297.8
1301550 2297.8
1301560 2295.1
1301570 2292.1
1301580 2292.1
1301590 2288.8
1301600 2284.4
1301610 2284.4
1301620 2279.0
1301630 2272.4
1301640 2272.4
1301650 2265.0
1301660 2259.7
1301670 2259.7
1301680 2256.3
1301690 2253.7
1301700 2253.7
1301710 2251.3
1301720 2249.2
1301730 2249.2
1301740 2242.2
1301750 2232.7
1301760 2224.5
1301770 2224.5
1301780 2212.2
1301790 2204.9
1301800 2204.9
1301810 2195.7
1301820 2172.3
1301830 2172.3
1301840 2162.1
1301850 2154.6
1301860 2154.6
1301870 2148.0
1301880 2142.1
1301890 2142.1
1301900 2136.8
1301910 2132.4
1301920 2132.4
1301930 2128.5
1301940 2124.4
1301950 2124.4
1301960 2120.4
1301970 2116.3
1301980 2111.9
1301990 2111.9
1302000 2104.3
1302010 2099.6
1302020 2099.6
1302030 2094.5
1302040 2089.0
1302050 2089.0
1302060 2083.8
1302070 2078.1
1302080 2078.1
1302090 2071.9
1302100 2065.9
1302110 2065.9
1302120 2059.6
1302130 2054.4
1302140 2054.4
1302150 2050.5
1302160 2045.5
1302170 2045.5
1302180 2040.7
1302190 2034.9
1302200 2028.8
1302210 2028.8
1302220 2022.9
1302230 2016.2
1302240 2016.2
1302250 2008.1
1302260 2000.2
1302270 2000.2
1302280 1997.4
1302290 1996.9
1302300 1996.9
1302310 1994.6
1302320 1994.6
1302330 1994.6
1302340 1996.6
1302350 1996.1
1302360 1996.1
1302370 1993.9
1302380 1992.0
1302390 1991.1
1302400 1991.1
1302410 1989.4
1302420 1987.1
1302430 1987.1
1302440 1984.7
1302450 1981.5
1302460 1981.5
1302470 1976.3
1302480 1971.1
1302490 1971.1
1302500 1966.0
1302510 1961.4
1302520 1961.4
1302530 1958.3
1302540 1954.3
1302550 1954.3
1302560 1948.1
1302570 1940.9
1302580 1940.9
1302590 1933.6
1302600 1927.7
1302610 1922.1
1302620 1922.1
1302630 1917.2
1302640 1913.2
1302650 1913.2
1302660 1908.1
1302670 1903.4
1302680 1903.4
1302690 1897.9
1302700 1893.7
1302710 1893.7
1302720 1888.8
1302730 1882.7
1302740 1882.7
1302750 1876.0
1302760 1869.5
1302770 1869.5
1302780 1863.7
1302790 1859.0
1302800 1859.0
1302810 1853.7
1302820 1847.6
1302830 1840.7
1302840 1840.7
1302850 1837.0
1302860 1832.8
1302870 1832.8
1302880 1829.5
1302890 1825.7
1302900 1825.7
1302910 1820.5
1302920 1814.9
1302930 1814.9
1302940 1810.9
1302950 1806.3
1302960 1806.3
1302970 1801.8
1302980 1796.4
1302990 1796.4
1303000 1791.4
1303010 1787.0
1303020 1787.0
1303030 1781.2
1303040 1775.8
1303050 1772.0
1303060 1772.0
1303070 1768.2
1303080 1762.9
1303090 1762.9
1303100 1757.9
1303110 1755.5
1303120 1755.5
1303130 1751.9
1303140 1746.6
1303150 1746.6
1303160 1741.8
1303170 1736.4
1303180 1736.4
1303190 1733.6
1303200 1730.1
1303210 1730.1
1303220 1725.2
1303230 1721.6
1303240 1717.2
1303250 1717.2
1303260 1712.3
1303270 1707.2
1303280 1707.2
1303290 1703.2
1303300 1698.3
1303310 1698.3
1303320 1695.0
1303330 1690.4
1303340 1690.4
1303350 1688.4
1303360 1684.6
1303370 1684.6
1303380 1679.8
1303390 1663.5
1303400 1663.5
1303410 1652.5
1303420 1644.4
1303430 1644.4
1303440 1639.5
1303450 1637.0
1303460 1632.0
1303470 1632.0
1303480 1627.2
1303490 1623.1
1303500 1623.1
1303510 1619.7
1303520 1617.3
1303530 1617.3
1303540 1614.5
1303550 1611.7
1303560 1611.7
1303570 1608.8
1303580 1607.8
1303590 1607.8
1303600 1607.4
1303610 1609.4
1303620 1609.4
1303630 1614.2
1303640 1619.7
1303650 1619.7
1303660 1625.5
1303670 1631.3
1303680 1637.2
1303690 1637.2
1303700 1643.7
1303710 1649.8
1303720 1649.8
1303730 1655.1
1303740 1662.5
1303750 1662.5
1303760 1672.2
1303770 1681.1
1303780 1681.1
1303790 1689.6
1303800 1698.1
1303810 1698.1
1303820 1705.9
1303830 1714.4
1303840 1714.4
1303850 1724.3
1303860 1733.3
1303870 1733.3
1303880 1739.8
1303890 1746.3
1303900 1752.6
1303910 1752.6
1303920 1760.9
1303930 1771.5
1303940 1771.5
1303950 1780.6
1303960 1789.4
1303970 1789.4
1303980 1799.0
1303990 1808.3
1304000 1808.3
1304010 1817.7
1304020 1824.5
1304030 1824.5
1304040 1826.4
1304050 1829.6
1304060 1829.6
1304070 1833.0
1304080 1836.6
1304090 1846.1
1304100 1846.1
1304110 1849.2
1304120 1850.8
1304130 1850.8
1304140 1851.5
1304150 1852.0
1304160 1852.0
1304170 1852.6
1304180 1854.3
1304190 1854.3
1304200 1856.2
1304210 1859.0
1304220 1859.0
1304230 1863.7
1304240 1869.4
1304250 1869.4
1304260 1874.3
1304270 1878.2
1304280 1878.2
1304290 1882.0
1304300 1885.9
1304310 1890.1
1304320 1890.1
1304330 1894.6
1304340 1898.6
1304350 1898.6
1304360 1902.3
1304370 1905.2
1304380 1905.2
1304390 1907.4
1304400 1909.6
1304410 1909.6
1304420 1912.5
1304430 1914.9
1304440 1914.9
1304450 1917.2
1304460 1920.4
1304470 1920.4
1304480 1924.0
1304490 1928.4
1304500 1928.4
1304510 1932.8
1304520 1935.9
1304530 1937.7
1304540 1937.7
1304550 1939.0
1304560 1940.0
1304570 1940.0
1304580 1940.9
1304590 1942.9
1304600 1942.9
1304610 1945.9
1304620 1948.7
1304630 1948.7
1304640 1951.7
1304650 1955.4
1304660 1955.4
1304670 1959.1
1304680 1964.1
1304690 1964.1
1304700 1969.1
1304710 1972.1
1304720 1972.1
1304730 1977.3
1304740 1983.4
1304750 1989.1
1304760 1989.1
1304770 1996.9
1304780 2006.0
1304790 2006.0
1304800 2030.8
1304810 2039.2
1304820 2039.2
1304830 2046.6
1304840 2052.4
1304850 2052.4
1304860 2058.2
1304870 2065.1
1304880 2065.1
1304890 2070.1
1304900 2072.9
1304910 2072.9
1304920 2075.9
1304930 2078.8
1304940 2082.9
1304950 2082.9
1304960 2087.1
1304970 2091.2
1304980 2091.2
1304990 2093.9
1305000 2094.8
1305010 2094.8
1305020 2095.3
1305030 2096.9
1305040 2096.9
1305050 2099.1
1305060 2100.9
1305070 2100.9
1305080 2103.1
1305090 2105.3
1305100 2105.3
1305110 2109.2
1305120 2113.8
1305130 2113.8
1305140 2119.9
1305150 2125.8
1305160 2134.1
1305170 2134.1
1305180 2143.6
1305190 2149.2
1305200 2149.2
1305210 2155.9
1305220 2162.8
1305230 2162.8
1305240 2168.9
1305250 2172.9
1305260 2172.9
1305270 2177.0
1305280 2179.8
1305290 2179.8
1305300 2182.3
1305310 2186.7
1305320 2186.7
1305330 2190.9
1305340 2196.5
1305350 2196.5
1305360 2201.3
1305370 2204.3
1305380 2207.2
1305390 2207.2
1305400 2211.5
1305410 2216.0
1305420 2216.0
1305430 2218.9
1305440 2222.2
1305450 2222.2
1305460 2225.6
1305470 2228.8
1305480 2228.8
1305490 2232.9
1305500 2237.7
1305510 2237.7
1305520 2241.9
1305530 2247.1
1305540 2247.1
1305550 2252.7
1305560 2257.5
1305570 2257.5
1305580 2261.8
1305590 2265.8
1305600 2270.5
1305610 2270.5
1305620 2274.8
1305630 2279.8
1305640 2279.8
1305650 2284.4
1305660 2289.2
1305670 2289.2
1305680 2294.3
1305690 2298.0
1305700 2298.0
1305710 2302.4
1305720 2307.9
1305730 2307.9
1305740 2314.4
1305750 2320.8
1305760 2320.8
1305770 2326.2
1305780 2328.4
1305790 2330.8
1305800 2330.8
1305810 2333.3
1305820 2335.5
1305830 2335.5
1305840 2338.7
1305850 2341.8
1305860 2341.8
1305870 2344.9
1305880 2348.2
1305890 2348.2
1305900 2351.7
1305910 2355.2
1305920 2355.2
1305930 2359.8
1305940 2364.3
1305950 2364.3
1305960 2368.9
1305970 2374.1
1305980 2374.1
1305990 2379.5
1306000 2384.8
1306010 2390.3
1306020 2390.3
1306030 2396.1
1306040 2402.0
1306050 2402.0
1306060 2407.7
1306070 2413.1
1306080 2413.1
1306090 2418.4
1306100 2426.1
1306110 2426.1
1306120 2440.6
1306130 2458.8
1306140 2458.8
1306150 2471.6
1306160 2481.9
1306170 2481.9
1306180 2491.2
1306190 2499.1
1306200 2499.1
1306210 2505.3
1306220 2513.1
1306230 2520.9
1306240 2520.9
1306250 2528.4
1306260 2535.6
1306270 2535.6
1306280 2542.8
1306290 2551.1
1306300 2551.1
1306310 2557.6
1306320 2557.3
1306330 2557.3
1306340 2554.0
1306350 2548.8
1306360 2548.8
1306370 2544.8
1306380 2541.1
1306390 2541.1
1306400 2534.9
1306410 2527.9
1306420 2527.9
1306430 2521.8
1306440 2517.3
1306450 2515.6
1306460 2515.6
1306470 2515.9
1306480 2512.0
1306490 2512.0
1306500 2501.4
1306510 2488.4
1306520 2488.4
1306530 2482.3
1306540 2478.4
1306550 2478.4
1306560 2475.5
1306570 2473.1
1306580 2473.1
1306590 2471.7
1306600 2468.1
1306610 2468.1
1306620 2463.3
1306630 2456.1
1306640 2453.3
1306650 2453.3
1306660 2450.9
1306670 2443.6
1306680 2443.6
1306690 2434.3
1306700 2425.6
1306710 2425.6
1306720 2414.2
1306730 2403.4
1306740 2403.4
1306750 2392.9
1306760 2382.4
1306770 2382.4
1306780 2373.1
1306790 2364.2
1306800 2364.2
1306810 2355.4
1306820 2344.5
1306830 2344.5
1306840 2331.0
1306850 2316.7
1306860 2303.9
1306870 2303.9
1306880 2293.2
1306890 2278.9
1306900 2278.9
1306910 2269.3
1306920 2259.0
1306930 2259.0
1306940 2251.9
1306950 2244.7
1306960 2244.7
1306970 2237.2
1306980 2229.8
1306990 2229.8
1307000 2222.1
1307010 2214.8
1307020 2214.8
1307030 2207.2
1307040 2198.0
1307050 2198.0
1307060 2188.7
1307070 2180.5
1307080 2171.9
1307090 2171.9
1307100 2162.7
1307110 2154.2
1307120 2154.2
1307130 2145.4
1307140 2136.2
1307150 2136.2
1307160 2127.2
1307170 2117.4
1307180 2117.4
1307190 2107.4
1307200 2096.4
1307210 2096.4
1307220 2086.7
1307230 2076.7
1307240 2076.7
1307250 2064.5
1307260 2053.4
1307270 2053.4
1307280 2042.4
1307290 2031.1
1307300 2020.2
1307310 2020.2
1307320 2010.1
1307330 1998.8
1307340 1998.8
1307350 1989.1
1307360 1985.1
1307370 1985.1
1307380 1984.1
1307390 1982.6
1307400 1982.6
1307410 1980.4
1307420 1978.7
1307430 1978.7
1307440 1978.2
1307450 1977.7
1307460 1977.7
1307470 1979.3
1307480 1984.1
1307490 1992.7
1307500 1992.7
1307510 1997.0
1307520 1997.1
1307530 1997.1
1307540 1993.2
1307550 1987.6
1307560 1987.6
1307570 1983.6
1307580 1982.9
1307590 1982.9
1307600 1978.9
1307610 1980.2
1307620 1980.2
1307630 1982.9
1307640 2000.7
1307650 2000.7
1307660 1998.7
1307670 1995.2
1307680 1995.2
1307690 1990.8
1307700 1985.9
1307710 1980.1
1307720 1980.1
1307730 1973.4
1307740 1966.9
1307750 1966.9
1307760 1960.3
1307770 1955.9
1307780 1955.9
1307790 1951.2
1307800 1947.5
1307810 1947.5
1307820 1944.4
1307830 1941.1
1307840 1941.1
1307850 1938.9
1307860 1935.9
1307870 1935.9
1307880 1933.5
1307890 1932.6
1307900 1932.6
1307910 1930.9
1307920 1925.9
1307930 1919.4
1307940 1919.4
1307950 1913.0
1307960 1906.7
1307970 1906.7
1307980 1900.3
1307990 1894.0
1308000 1894.0
1308010 1888.5
1308020 1882.9
1308030 1882.9
1308040 1881.7
1308050 1878.4
1308060 1878.4
1308070 1869.6
1308080 1861.9
1308090 1861.9
1308100 1856.0
1308110 1845.9
1308120 1845.9
1308130 1833.8
1308140 1819.3
1308150 1792.4
1308160 1792.4
1308170 1765.4
1308180 1751.0
1308190 1751.0
1308200 1742.9
1308210 1734.9
1308220 1734.9
1308230 1727.2
1308240 1719.5
1308250 1719.5
1308260 1712.1
1308270 1704.6
1308280 1704.6
1308290 1697.4
1308300 1691.8
1308310 1691.8
1308320 1687.0
1308330 1683.2
1308340 1683.0
1308350 1683.0
1308360 1676.1
1308370 1642.6
1308380 1642.6
1308390 1624.6
1308400 1631.4
1308410 1631.4
1308420 1639.1
1308430 1645.0
1308440 1645.0
1308450 1650.0
1308460 1647.4
1308470 1647.4
1308480 1640.2
1308490 1631.5
1308500 1631.5
1308510 1622.1
1308520 1616.4
1308530 1616.4
1308540 1611.7
1308550 1601.3
1308560 1594.1
1308570 1594.1
1308580 1589.9
1308590 1585.5
1308600 1585.5
1308610 1580.7
1308620 1577.0
1308630 1577.0
1308640 1572.7
1308650 1567.2
1308660 1567.2
1308670 1561.0
1308680 1553.4
1308690 1553.4
1308700 1544.9
1308710 1536.2
1308720 1536.2
1308730 1528.3
1308740 1519.8
1308750 1519.8
1308760 1510.4
1308770 1501.8
1308780 1495.1
1308790 1495.1
1308800 1492.2
1308810 1489.1
1308820 1489.1
1308830 1483.5
1308840 1477.3
1308850 1477.3
1308860 1470.6
1308870 1463.9
1308880 1463.9
1308890 1457.3
1308900 1450.8
1308910 1450.8
1308920 1444.5
1308930 1438.6
1308940 1438.6
1308950 1432.7
1308960 1426.6
1308970 1426.6
1308980 1420.4
1308990 1414.6
1309000 1408.9
1309010 1408.9
1309020 1402.7
1309030 1397.0
1309040 1397.0
1309050 1392.2
1309060 1387.7
1309070 1387.7
1309080 1390.7
1309090 1387.8
1309100 1387.8
1309110 1383.8
1309120 1379.4
1309130 1379.4
1309140 1375.1
1309150 1370.8
1309160 1370.8
1309170 1366.9
1309180 1363.6
1309190 1360.1
1309200 1360.1
1309210 1357.4
1309220 1354.3
1309230 1354.3
1309240 1352.8
1309250 1352.2
1309260 1352.2
1309270 1352.4
1309280 1352.9
1309290 1352.9
1309300 1352.7
1309310 1352.8
1309320 1352.8
1309330 1353.2
1309340 1353.2
1309350 1353.2
1309360 1353.3
1309370 1353.6
1309380 1353.6
1309390 1353.9
1309400 1353.7
1309410 1353.8
1309420 1353.8
1309430 1353.8
1309440 1353.7
1309450 1353.7
1309460 1353.7
1309470 1354.0
1309480 1354.0
1309490 1354.3
1309500 1355.0
1309510 1355.0
1309520 1356.1
1309530 1357.4
1309540 1357.4
1309550 1358.2
1309560 1359.3
1309570 1359.3
1309580 1361.1
1309590 1362.2
1309600 1362.2
1309610 1363.3
1309620 1364.9
1309630 1366.6
1309640 1366.6
1309650 1368.1
1309660 1369.7
1309670 1369.7
1309680 1371.7
1309690 1374.4
1309700 1374.4
1309710 1377.4
1309720 1380.8
1309730 1380.8
1309740 1382.3
1309750 1384.2
1309760 1384.2
1309770 1385.3
1309780 1386.8
1309790 1386.8
1309800 1386.7
1309810 1389.6
1309820 1389.6
1309830 1391.6
1309840 1393.4
1309850 1395.6
1309860 1395.6
1309870 1398.1
1309880 1400.8
1309890 1400.8
1309900 1402.0
1309910 1403.5
1309920 1403.5
1309930 1405.6
1309940 1407.7
1309950 1407.7
1309960 1409.1
1309970 1410.4
1309980 1410.4
1309990 1411.9
1310000 1412.5
1310010 1412.5
1310020 1413.9
1310030 1416.8
1310040 1421.9
1310050 1421.9
1310060 1428.3
1310070 1435.0
1310080 1435.0
1310090 1442.5
1310100 1449.6
1310110 1449.6
1310120 1455.2
1310130 1462.3
1310140 1462.3
1310150 1475.7
1310160 1485.7
1310170 1485.7
1310180 1494.9
1310190 1503.3
1310200 1503.3
1310210 1512.1
1310220 1520.4
1310230 1520.4
1310240 1529.2
1310250 1536.7
1310260 1543.1
1310270 1543.1
1310280 1549.5
1310290 1555.6
1310300 1555.6
1310310 1561.4
1310320 1567.5
1310330 1567.5
1310340 1575.3
1310350 1583.2
1310360 1583.2
1310370 1589.7
1310380 1592.9
1310390 1592.9
1310400 1594.7
1310410 1597.2
1310420 1597.2
1310430 1601.7
1310440 1608.8
1310450 1608.8
1310460 1617.0
1310470 1627.5
1310480 1636.3
1310490 1636.3
1310500 1644.9
1310510 1656.2
1310520 1656.2
1310530 1656.3
1310540 1672.6
1310550 1672.6
1310560 1685.8
1310570 1699.7
1310580 1699.7
1310590 1710.4
1310600 1729.9
1310610 1729.9
1310620 1760.0
1310630 1766.0
1310640 1766.0
1310650 1768.5
1310660 1780.6
1310670 1780.6
1310680 1787.4
1310690 1797.8
1310700 1810.2
1310710 1810.2
1310720 1821.7
1310730 1824.9
1310740 1824.9
1310750 1817.4
1310760 1806.5
1310770 1806.5
1310780 1801.2
1310790 1801.3
1310800 1801.3
1310810 1803.1
1310820 1804.9
1310830 1804.9
1310840 1805.8
1310850 1806.4
1310860 1806.4
1310870 1806.5
1310880 1804.2
1310890 1798.2
1310900 1798.2
1310910 1795.2
1310920 1797.2
1310930 1797.2
1310940 1799.8
1310950 1794.5
1310960 1794.5
1310970 1794.0
1310980 1798.8
1310990 1798.8
1311000 1804.5
1311010 1810.3
1311020 1810.3
1311030 1816.2
1311040 1823.8
1311050 1823.8
1311060 1831.4
1311070 1841.2
1311080 1841.2
1311090 1858.4
1311100 1871.1
1311110 1881.3
1311120 1881.3
1311130 1889.5
1311140 1898.3
1311150 1898.3
1311160 1906.0
1311170 1909.5
1311180 1909.5
1311190 1914.4
1311200 1920.7
1311210 1920.7
1311220 1930.1
1311230 1940.5
1311240 1940.5
1311250 1952.0
1311260 1978.3
1311270 1978.3
1311280 1983.1
1311290 1990.7
1311300 1990.7
1311310 2001.3
1311320 2011.1
1311330 2020.8
1311340 2020.8
1311350 2030.5
1311360 2040.2
1311370 2040.2
1311380 2050.5
1311390 2058.7
1311400 2058.7
1311410 2067.1
1311420 2077.4
1311430 2077.4
1311440 2088.4
1311450 2098.6
1311460 2098.6
1311470 2109.9
1311480 2120.8
1311490 2120.8
1311500 2131.0
1311510 2139.2
1311520 2139.2
1311530 2147.7
1311540 2157.3
1311550 2165.2
1311560 2165.2
1311570 2172.9
1311580 2180.3
1311590 2180.3
1311600 2187.7
1311610 2194.4
1311620 2194.4
1311630 2199.6
1311640 2203.6
1311650 2203.6
1311660 2210.0
1311670 2216.9
1311680 2216.9
1311690 2220.7
1311700 2222.4
1311710 2222.4
1311720 2223.9
1311730 2225.1
1311740 2226.1
1311750 2226.1
1311760 2227.6
1311770 2228.0
1311780 2228.0
1311790 2227.7
1311800 2228.4
1311810 2228.4
1311820 2229.1
1311830 2230.1
1311840 2230.1
1311850 2231.6
1311860 2232.2
1311870 2232.2
1311880 2231.9
1311890 2234.6
1311900 2234.6
1311910 2237.9
1311920 2240.8
1311930 2240.8
1311940 2244.8
1311950 2248.9
1311960 2252.6
1311970 2252.6
1311980 2255.6
1311990 2252.5
1312000 2252.5
1312010 2255.2
1312020 2257.7
1312030 2257.7
1312040 2259.8
1312050 2263.0
1312060 2263.0
1312070 2267.9
1312080 2272.5
1312090 2272.5
1312100 2277.7
1312110 2283.3
1312120 2283.3
1312130 2288.8
1312140 2293.4
1312150 2293.4
1312160 2296.9
1312170 2299.5
1312180 2302.1
1312190 2302.1
1312200 2304.6
1312210 2306.2
1312220 2306.2
1312230 2307.5
1312240 2308.3
1312250 2308.3
1312260 2308.9
1312270 2310.3
1312280 2310.3
1312290 2311.8
1312300 2314.6
1312310 2314.6
1312320 2317.8
1312330 2321.6
1312340 2321.6
1312350 2325.8
1312360 2329.9
1312370 2329.9
1312380 2333.8
1312390 2338.4
1312400 2343.2
1312410 2343.2
1312420 2347.9
1312430 2352.5
1312440 2352.5
1312450 2356.5
1312460 2360.3
1312470 2360.3
1312480 2364.1
1312490 2367.3
1312500 2367.3
1312510 2370.2
1312520 2373.6
1312530 2373.6
1312540 2377.3
1312550 2381.7
1312560 2381.7
1312570 2387.1
1312580 2393.2
1312590 2400.1
1312600 2400.1
1312610 2407.0
1312620 2413.8
1312630 2413.8
1312640 2420.9
1312650 2426.7
1312660 2426.7
1312670 2432.0
1312680 2437.9
1312690 2437.9
1312700 2442.8
1312710 2444.7
1312720 2443.0
1312730 2443.8
1312740 2446.1
1312750 2446.1
1312760 2448.7
1312770 2450.5
1312780 2450.5
1312790 2453.4
1312800 2456.7
1312810 2460.1
1312820 2460.1
1312830 2463.4
1312840 2466.7
1312850 2466.7
1312860 2469.9
1312870 2473.1
1312880 2473.1
1312890 2477.3
1312900 2481.0
1312910 2481.0
1312920 2485.1
1312930 2488.1
1312940 2488.1
1312950 2490.8
1312960 2494.9
1312970 2494.9
1312980 2499.2
1312990 2503.8
1313000 2503.8
1313010 2508.5
1313020 2512.3
1313030 2516.0
1313040 2516.0
1313050 2520.4
1313060 2525.0
1313070 2525.0
1313080 2530.3
1313090 2535.3
1313100 2535.3
1313110 2540.3
1313120 2544.8
1313130 2544.8
1313140 2549.6
1313150 2555.2
1313160 2555.2
1313170 2561.1
1313180 2567.3
1313190 2567.3
1313200 2573.9
1313210 2580.4
1313220 2580.4
1313230 2587.3
1313240 2596.0
1313250 2604.7
1313260 2604.7
1313270 2612.1
1313280 2619.8
1313290 2619.8
1313300 2629.8
1313310 2640.8
1313320 2640.8
1313330 2650.6
1313340 2661.7
1313350 2661.7
1313360 2673.4
1313370 2683.0
1313380 2683.0
1313390 2690.8
1313400 2697.8
1313410 2697.8
1313420 2703.4
1313430 2710.2
1313440 2717.1
1313450 2717.1
1313460 2726.0
1313470 2733.1
1313480 2733.1
1313490 2738.7
1313500 2733.5
1313510 2733.5
1313520 2722.6
1313530 2713.2
1313540 2713.2
1313550 2706.4
1313560 2703.5
1313570 2703.5
1313580 2700.9
1313590 2700.4
1313600 2700.4
1313610 2701.8
1313620 2704.0
1313630 2704.0
1313640 2705.4
1313650 2705.6
1313660 2705.5
1313670 2705.5
1313680 2706.0
1313690 2707.9
1313700 2707.9
1313710 2710.6
1313720 2713.0
1313730 2713.0
1313740 2715.2
1313750 2717.5
1313760 2717.5
1313770 2719.6
1313780 2721.7
1313790 2721.7
1313800 2724.2
1313810 2726.4
1313820 2726.4
1313830 2727.9
1313840 2728.9
1313850 2728.9
1313860 2730.0
1313870 2731.6
1313880 2732.6
1313890 2732.6
1313900 2733.4
1313910 2733.8
1313920 2733.8
1313930 2734.7
1313940 2735.6
1313950 2735.6
1313960 2737.5
1313970 2738.6
1313980 2738.6
1313990 2738.8
1314000 2738.7
1314010 2738.7
1314020 2738.8
1314030 2739.7
1314040 2739.7
1314050 2739.2
1314060 2740.5
1314070 2740.5
1314080 2742.4
1314090 2744.3
1314100 2746.8
1314110 2746.8
1314120 2749.4
1314130 2752.2
1314140 2752.2
1314150 2753.9
1314160 2755.4
1314170 2755.4
1314180 2755.8
1314190 2754.4
1314200 2746.8
1314210 2746.3
1314220 2745.6
1314230 2745.6
1314240 2744.9
1314250 2744.7
1314260 2744.7
1314270 2745.3
1314280 2746.1
1314290 2747.2
1314300 2747.2
1314310 2747.9
1314320 2747.4
1314330 2747.4
1314340 2746.6
1314350 2746.0
1314360 2746.0
1314370 2747.5
1314380 2752.1
1314390 2752.1
1314400 2758.9
1314410 2766.7
1314420 2766.7
1314430 2775.1
1314440 2782.0
1314450 2782.0
1314460 2786.1
1314470 2787.4
1314480 2787.4
1314490 2788.5
1314500 2789.5
1314510 2790.5
1314520 2790.5
1314530 2790.0
1314540 2788.8
1314550 2788.8
1314560 2787.3
1314570 2786.2
1314580 2786.2
1314590 2785.8
1314600 2786.9
1314610 2786.9
1314620 2789.3
1314630 2793.3
1314640 2793.3
1314650 2798.7
1314660 2802.5
1314670 2802.5
1314680 2806.2
1314690 2809.9
1314700 2809.9
1314710 2814.5
1314720 2818.8
1314730 2817.9
1314740 2817.9
1314750 2815.2
1314760 2815.8
1314770 2815.8
1314780 2817.1
1314790 2816.6
1314800 2816.6
1314810 2817.8
1314820 2820.1
1314830 2820.1
1314840 2821.9
1314850 2823.3
1314860 2823.3
1314870 2826.0
1314880 2830.1
1314890 2830.1
1314900 2832.7
1314910 2835.5
1314920 2835.5
1314930 2838.5
1314940 2839.9
1314950 2839.2
1314960 2839.2
1314970 2842.5
1314980 2845.3
1314990 2845.3
1315000 2847.9
1315010 2852.3
1315020 2852.3
1315030 2857.4
1315040 2863.1
1315050 2863.1
1315060 2868.6
1315070 2874.3
1315080 2874.3
1315090 2880.7
1315100 2888.8
1315110 2888.8
1315120 2900.7
1315130 2914.8
1315140 2931.3
1315150 2931.3
1315160 2940.3
1315170 2947.6
1315180 2947.6
1315190 2956.4
1315200 2958.9
1315210 2958.9
1315220 2959.1
1315230 2957.9
1315240 2957.9
1315250 2957.5
1315260 2946.4
1315270 2946.4
1315280 2925.1
1315290 2915.7
1315300 2915.7
1315310 2916.0
1315320 2912.0
1315330 2912.0
1315340 2910.3
1315350 2916.0
1315360 2922.9
1315370 2922.9
1315380 2927.2
1315390 2933.4
1315400 2933.4
1315410 2936.4
1315420 2938.2
1315430 2938.2
1315440 2938.7
1315450 2937.2
1315460 2937.2
1315470 2934.3
1315480 2917.2
1315490 2917.2
1315500 2902.8
1315510 2895.8
1315520 2895.8
1315530 2888.9
1315540 2877.6
1315550 2877.6
1315560 2859.6
1315570 2848.6
1315580 2839.5
1315590 2839.5
1315600 2834.1
1315610 2830.6
1315620 2830.6
1315630 2827.5
1315640 2825.8
1315650 2825.8
1315660 2824.8
1315670 2824.2
1315680 2824.2
1315690 2824.5
1315700 2823.0
1315710 2823.0
1315720 2824.1
1315730 2825.7
1315740 2825.7
1315750 2829.8
1315760 2835.5
1315770 2835.5
1315780 2841.5
1315790 2851.8
1315800 2862.8
1315810 2862.8
1315820 2870.7
1315830 2878.1
1315840 2878.1
1315850 2884.5
1315860 2891.6
1315870 2891.6
1315880 2896.4
1315890 2895.3
1315900 2895.3
1315910 2896.5
1315920 2897.7
1315930 2897.7
1315940 2885.3
1315950 2861.1
1315960 2861.1
1315970 2849.6
1315980 2846.1
1315990 2845.9
1316000 2845.9
1316010 2847.7
1316020 2849.7
1316030 2849.7
1316040 2854.7
1316050 2859.2
1316060 2859.2
1316070 2862.2
1316080 2867.1
1316090 2867.1
1316100 2872.8
1316110 2877.6
1316120 2877.6
1316130 2883.0
1316140 2889.3
1316150 2889.3
1316160 2895.0
1316170 2900.6
1316180 2900.6
1316190 2905.4
1316200 2907.8
1316210 2901.4
1316220 2901.4
1316230 2894.7
1316240 2879.7
1316250 2879.7
1316260 2864.7
1316270 2850.9
1316280 2850.9
1316290 2840.8
1316300 2826.1
1316310 2826.1
1316320 2810.1
1316330 2801.1
1316340 2801.1
1316350 2797.8
1316360 2791.8
1316370 2791.8
1316380 2775.9
1316390 2760.4
1316400 2760.4
1316410 2741.3
1316420 2710.1
1316430 2688.2
1316440 2688.2
1316450 2673.9
1316460 2667.3
1316470 2667.3
1316480 2659.9
1316490 2652.5
1316500 2652.5
1316510 2645.0
1316520 2637.3
1316530 2637.3
1316540 2629.9
1316550 2622.5
1316560 2622.5
1316570 2615.6
1316580 2609.0
1316590 2609.0
1316600 2603.4
1316610 2598.4
1316620 2598.4
1316630 2594.8
1316640 2591.7
1316650 2589.0
1316660 2589.0
1316670 2586.1
1316680 2583.0
1316690 2583.0
1316700 2579.0
1316710 2573.3
1316720 2573.3
1316730 2567.8
1316740 2564.7
1316750 2564.7
1316760 2563.6
1316770 2563.3
1316780 2563.3
1316790 2562.7
1316800 2563.8
1316810 2563.8
1316820 2568.1
1316830 2571.8
1316840 2574.4
1316850 2574.4
1316860 2576.3
1316870 2577.3
1316880 2577.3
1316890 2575.6
1316900 2576.5
1316910 2576.5
1316920 2577.4
1316930 2577.5
1316940 2577.5
1316950 2574.8
1316960 2572.0
1316970 2572.0
1316980 2569.8
1316990 2569.9
1317000 2569.9
1317010 2574.5
1317020 2579.5
1317030 2579.5
1317040 2583.3
1317050 2585.9
1317060 2589.4
1317070 2589.4
1317080 2594.1
1317090 2595.7
1317100 2595.7
1317110 2607.3
1317120 2613.0
1317130 2613.0
1317140 2612.4
1317150 2611.1
1317160 2611.1
1317170 2611.7
1317180 2615.2
1317190 2615.2
1317200 2619.4
1317210 2620.8
1317220 2620.8
1317230 2625.3
1317240 2628.9
1317250 2628.9
1317260 2632.2
1317270 2635.0
1317280 2639.5
1317290 2639.5
1317300 2643.3
1317310 2645.1
1317320 2645.1
1317330 2647.7
1317340 2647.7
1317350 2647.7
1317360 2646.1
1317370 2643.5
1317380 2643.5
1317390 2641.1
1317400 2637.3
1317410 2637.3
1317420 2638.5
1317430 2640.6
1317440 2640.6
1317450 2640.5
1317460 2641.3
1317470 2641.3
1317480 2642.2
1317490 2643.4
1317500 2645.7
1317510 2645.7
1317520 2647.7
1317530 2651.0
1317540 2651.0
1317550 2657.2
1317560 2662.8
1317570 2662.8
1317580 2667.7
1317590 2672.0
1317600 2672.0
1317610 2675.9
1317620 2679.9
1317630 2679.9
1317640 2684.7
1317650 2690.1
1317660 2690.1
1317670 2697.5
1317680 2701.7
1317690 2700.9
1317700 2700.9
1317710 2700.6
1317720 2702.0
1317730 2702.0
1317740 2704.4
1317750 2705.9
1317760 2705.9
1317770 2710.3
1317780 2715.4
1317790 2715.4
1317800 2718.5
1317810 2721.3
1317820 2721.3
1317830 2723.6
1317840 2726.6
1317850 2726.6
1317860 2730.2
1317870 2731.7
1317880 2731.7
1317890 2733.8
1317900 2737.5
1317910 2740.4
1317920 2740.4
1317930 2740.8
1317940 2741.1
1317950 2741.1
1317960 2741.7
1317970 2737.9
1317980 2737.9
1317990 2737.4
1318000 2735.7
1318010 2735.7
1318020 2733.6
1318030 2730.7
1318040 2730.7
1318050 2729.6
1318060 2729.1
1318070 2729.1
1318080 2730.4
1318090 2733.6
1318100 2733.6
1318110 2736.9
1318120 2738.1
1318130 2738.1
1318140 2738.1
1318150 2737.1
1318160 2735.3
1318170 2735.3
1318180 2733.3
1318190 2730.7
1318200 2730.7
1318210 2727.6
1318220 2725.1
1318230 2725.1
1318240 2723.4
1318250 2720.3
1318260 2720.3
1318270 2714.7
1318280 2712.6
1318290 2712.6
1318300 2713.4
1318310 2715.0
1318320 2715.0
1318330 2715.5
1318340 2715.0
1318350 2714.9
1318360 2714.9
1318370 2715.2
1318380 2716.8
1318390 2716.8
1318400 2719.0
1318410 2720.3
1318420 2720.3
1318430 2722.6
1318440 2725.6
1318450 2725.6
1318460 2728.6
1318470 2732.3
1318480 2732.3
1318490 2736.4
1318500 2739.8
1318510 2739.8
1318520 2741.0
1318530 2741.7
1318540 2743.3
1318550 2743.3
1318560 2745.0
1318570 2746.8
1318580 2746.8
1318590 2749.2
1318600 2752.3
1318610 2752.3
1318620 2756.1
1318630 2761.0
1318640 2761.0
1318650 2766.6
1318660 2771.7
1318670 2771.7
1318680 2775.2
1318690 2777.2
1318700 2777.2
1318710 2778.6
1318720 2779.0
1318730 2774.0
1318740 2773.9
1318750 2773.4
1318760 2772.1
1318770 2772.1
1318780 2771.8
1318790 2771.3
1318800 2771.3
1318810 2771.0
1318820 2773.3
1318830 2773.3
1318840 2777.4
1318850 2779.8
1318860 2779.8
1318870 2780.9
1318880 2780.6
1318890 2780.6
1318900 2780.2
1318910 2780.3
1318920 2780.3
1318930 2781.2
1318940 2782.2
1318950 2782.2
1318960 2783.3
1318970 2786.3
1318980 2790.4
1318990 2790.4
1319000 2794.7
1319010 2799.8
1319020 2799.8
1319030 2804.8
1319040 2810.3
1319050 2810.3
1319060 2816.2
1319070 2822.2
1319080 2822.2
1319090 2829.0
1319100 2838.0
1319110 2838.0
1319120 2855.2
1319130 2879.6
1319140 2879.6
1319150 2893.6
1319160 2905.2
1319170 2905.2
1319180 2914.2
1319190 2908.7
1319200 2899.9
1319210 2899.9
1319220 2891.9
1319230 2881.9
1319240 2881.9
1319250 2861.8
1319260 2849.1
1319270 2849.1
1319280 2845.2
1319290 2837.2
1319300 2837.2
1319310 2829.5
1319320 2825.6
1319330 2825.6
1319340 2820.3
1319350 2816.7
1319360 2816.7
1319370 2810.9
1319380 2795.3
1319390 2775.4
1319400 2775.4
1319410 2755.2
1319420 2734.5
1319430 2734.5
1319440 2724.6
1319450 2716.8
1319460 2716.8
1319470 2709.2
1319480 2701.8
1319490 2701.8
1319500 2693.1
1319510 2687.7
1319520 2687.7
1319530 2682.1
1319540 2675.9
1319550 2675.9
1319560 2671.0
1319570 2666.2
1319580 2666.2
1319590 2660.9
1319600 2656.2
1319610 2652.2
1319620 2652.2
1319630 2647.6
1319640 2642.6
1319650 2642.6
1319660 2638.1
1319670 2633.2
1319680 2633.2
1319690 2628.7
1319700 2624.8
1319710 2624.8
1319720 2619.6
1319730 2614.1
1319740 2614.1
1319750 2609.7
1319760 2605.7
1319770 2605.7
1319780 2602.1
1319790 2599.4
1319800 2599.4
1319810 2597.0
1319820 2594.7
1319830 2592.0
1319840 2592.0
1319850 2589.0
1319860 2586.4
1319870 2586.4
1319880 2583.9
1319890 2580.1
1319900 2580.1
1319910 2576.3
1319920 2572.8
1319930 2572.8
1319940 2569.6
1319950 2567.0
1319960 2567.0
1319970 2564.7
1319980 2562.3
1319990 2562.3
