1300000 2562.1
1300010 2562.1
1300020 2554.3
1300030 2550.7
1300040 2550.7
1300050 2548.5
1300060 2543.4
1300070 2534.9
1300080 2534.9
1300090 2525.9
1300100 2517.3
1300110 2517.3
1300120 2511.7
1300130 2507.8
1300140 2507.8
1300150 2504.5
1300160 2501.9
1300170 2501.9
1300180 2498.1
1300190 2493.6
1300200 2493.6
1300210 2490.9
1300220 2488.3
1300230 2488.3
1300240 2485.9
1300250 2483.1
1300260 2480.1
1300270 2480.1
1300280 2478.1
1300290 2476.2
1300300 2476.2
1300310 2473.8
1300320 2471.2
1300330 2471.2
1300340 2468.1
1300350 2465.3
1300360 2465.3
1300370 2460.8
1300380 2455.6
1300390 2455.6
1300400 2450.2
1300410 2444.2
1300420 2444.2
1300430 2440.6
1300440 2437.0
1300450 2437.0
1300460 2433.0
1300470 2428.7
1300480 2423.6
1300490 2423.6
1300500 2417.0
1300510 2411.6
1300520 2411.6
1300530 2407.9
1300540 2404.3
1300550 2404.3
1300560 2400.6
1300570 2395.8
1300580 2395.8
1300590 2390.1
1300600 2382.7
1300610 2382.7
1300620 2371.7
1300630 2365.2
1300640 2365.2
1300650 2362.4
1300660 2358.6
1300670 2358.6
1300680 2354.5
1300690 2351.6
1300700 2350.2
1300710 2350.2
1300720 2347.4
1300730 2342.8
1300740 2342.8
1300750 2337.7
1300760 2333.8
1300770 2333.8
1300780 2332.0
1300790 2330.8
1300800 2330.8
1300810 2328.3
1300820 2325.0
1300830 2325.0
1300840 2322.8
1300850 2320.2
1300860 2320.2
1300870 2317.3
1300880 2314.9
1300890 2314.9
1300900 2313.5
1300910 2312.8
1300920 2311.8
1300930 2311.8
1300940 2310.9
1300950 2309.7
1300960 2309.7
1300970 2308.2
1300980 2306.3
1300990 2306.3
1301000 2303.5
1301010 2301.0
1301020 2301.0
1301030 2298.7
1301040 2295.8
1301050 2295.8
1301060 2293.2
1301070 2292.9
1301080 2292.9
1301090 2293.4
1301100 2291.2
1301110 2292.4
1301120 2292.4
1301130 2293.1
1301140 2293.3
1301150 2293.3
1301160 2293.7
1301170 2293.8
1301180 2293.8
1301190 2295.3
1301200 2296.9
1301210 2296.9
1301220 2297.9
1301230 2299.2
1301240 2299.2
1301250 2298.9
1301260 2298.1
1301270 2298.1
1301280 2296.7
1301290 2294.4
1301300 2294.4
1301310 2292.5
1301320 2291.2
1301330 2291.6
1301340 2291.6
1301350 2292.6
1301360 2294.4
1301370 2294.4
1301380 2294.5
1301390 2291.8
1301400 2291.8
1301410 2288.9
1301420 2286.0
1301430 2286.0
1301440 2283.0
1301450 2280.0
1301460 2280.0
1301470 2279.0
1301480 2278.9
1301490 2278.9
1301500 2278.6
1301510 2276.4
1301520 2276.4
1301530 2273.2
1301540 2269.1
1301550 2264.5
1301560 2264.5
1301570 2259.8
1301580 2255.0
1301590 2255.0
1301600 2249.8
1301610 2244.5
1301620 2244.5
1301630 2238.9
1301640 2233.3
1301650 2233.3
1301660 2228.1
1301670 2222.7
1301680 2222.7
1301690 2216.5
1301700 2210.3
1301710 2210.3
1301720 2205.3
1301730 2200.8
1301740 2200.8
1301750 2196.5
1301760 2191.9
1301770 2187.4
1301780 2187.4
1301790 2183.3
1301800 2176.9
1301810 2176.9
1301820 2173.7
1301830 2169.8
1301840 2169.8
1301850 2166.0
1301860 2162.6
1301870 2162.6
1301880 2159.8
1301890 2157.5
1301900 2157.5
1301910 2154.7
1301920 2151.5
1301930 2151.5
1301940 2147.6
1301950 2143.6
1301960 2138.5
1301970 2138.5
1301980 2133.3
1301990 2127.0
1302000 2127.0
1302010 2121.1
1302020 2116.5
1302030 2116.5
1302040 2111.2
1302050 2105.4
1302060 2105.4
1302070 2098.9
1302080 2094.4
1302090 2094.4
1302100 2089.3
1302110 2083.9
1302120 2083.9
1302130 2078.0
1302140 2072.0
1302150 2072.0
1302160 2065.2
1302170 2059.2
1302180 2053.1
1302190 2053.1
1302200 2045.6
1302210 2039.4
1302220 2039.4
1302230 2032.4
1302240 2025.3
1302250 2025.3
1302260 2019.4
1302270 2013.6
1302280 2013.6
1302290 2005.0
1302300 1995.4
1302310 1995.4
1302320 1980.4
1302330 1967.3
1302340 1967.3
1302350 1954.8
1302360 1945.5
1302370 1945.5
1302380 1938.2
1302390 1929.2
1302400 1920.4
1302410 1920.4
1302420 1911.3
1302430 1903.7
1302440 1903.7
1302450 1896.5
1302460 1888.1
1302470 1888.1
1302480 1878.3
1302490 1868.4
1302500 1868.4
1302510 1860.0
1302520 1848.1
1302530 1848.1
1302540 1842.1
1302550 1843.8
1302560 1843.8
1302570 1839.7
1302580 1835.9
1302590 1835.9
1302600 1831.8
1302610 1825.2
1302620 1818.4
1302630 1818.4
1302640 1815.6
1302650 1812.0
1302660 1812.0
1302670 1806.5
1302680 1804.7
1302690 1804.7
1302700 1802.7
1302710 1799.4
1302720 1799.4
1302730 1793.2
1302740 1787.5
1302750 1787.5
1302760 1785.4
1302770 1785.3
1302780 1785.3
1302790 1785.3
1302800 1784.1
1302810 1779.8
1302820 1779.8
1302830 1776.2
1302840 1772.2
1302850 1772.2
1302860 1771.1
1302870 1770.6
1302880 1770.6
1302890 1766.4
1302900 1758.4
1302910 1758.4
1302920 1749.8
1302930 1744.1
1302940 1744.1
1302950 1738.4
1302960 1734.0
1302970 1734.0
1302980 1731.3
1302990 1729.6
1303000 1729.6
1303010 1728.4
1303020 1726.9
1303030 1724.9
1303040 1724.9
1303050 1722.6
1303060 1719.7
1303070 1719.7
1303080 1716.4
1303090 1712.9
1303100 1712.9
1303110 1708.7
1303120 1705.1
1303130 1705.1
1303140 1701.9
1303150 1698.3
1303160 1698.3
1303170 1694.1
1303180 1689.2
1303190 1689.3
1303200 1683.5
1303210 1677.3
1303220 1677.3
1303230 1670.6
1303240 1663.1
1303250 1656.6
1303260 1656.6
1303270 1653.1
1303280 1648.1
1303290 1648.1
1303300 1639.7
1303310 1635.6
1303320 1635.6
1303330 1636.4
1303340 1644.9
1303350 1644.9
1303360 1652.2
1303370 1655.3
1303380 1655.3
1303390 1656.2
1303400 1656.4
1303410 1656.4
1303420 1658.6
1303430 1662.7
1303440 1668.5
1303450 1668.5
1303460 1677.2
1303470 1686.5
1303480 1686.5
1303490 1699.0
1303500 1711.8
1303510 1711.8
1303520 1718.5
1303530 1724.1
1303540 1724.1
1303550 1729.3
1303560 1735.6
1303570 1735.6
1303580 1744.1
1303590 1752.6
1303600 1752.6
1303610 1757.3
1303620 1761.5
1303630 1761.5
1303640 1770.0
1303650 1775.5
1303660 1781.9
1303670 1781.9
1303680 1787.0
1303690 1793.9
1303700 1793.9
1303710 1800.2
1303720 1806.2
1303730 1806.2
1303740 1814.4
1303750 1826.3
1303760 1826.3
1303770 1837.7
1303780 1844.6
1303790 1844.6
1303800 1850.8
1303810 1857.0
1303820 1857.0
1303830 1863.2
1303840 1869.7
1303850 1869.7
1303860 1877.2
1303870 1885.1
1303880 1892.6
1303890 1895.3
1303900 1903.7
1303910 1910.4
1303920 1910.4
1303930 1916.2
1303940 1922.0
1303950 1922.0
1303960 1927.3
1303970 1932.8
1303980 1932.8
1303990 1937.9
1304000 1942.2
1304010 1942.2
1304020 1946.3
1304030 1949.8
1304040 1949.8
1304050 1952.7
1304060 1955.1
1304070 1955.1
1304080 1958.4
1304090 1962.5
1304100 1965.4
1304110 1965.4
1304120 1967.1
1304130 1968.5
1304140 1968.5
1304150 1969.6
1304160 1970.6
1304170 1970.6
1304180 1972.7
1304190 1975.0
1304200 1975.0
1304210 1978.0
1304220 1984.6
1304230 1984.6
1304240 1989.3
1304250 1996.7
1304260 1996.7
1304270 2007.7
1304280 2015.2
1304290 2022.5
1304300 2022.5
1304310 2026.2
1304320 2034.8
1304330 2034.8
1304340 2044.0
1304350 2047.0
1304360 2047.0
1304370 2050.5
1304380 2053.7
1304390 2053.7
1304400 2057.1
1304410 2060.2
1304420 2060.2
1304430 2063.4
1304440 2066.0
1304450 2066.0
1304460 2068.3
1304470 2070.0
1304480 2070.0
1304490 2071.5
1304500 2072.8
1304510 2074.2
1304520 2074.2
1304530 2075.0
1304540 2075.2
1304550 2075.2
1304560 2074.1
1304570 2074.0
1304580 2074.0
1304590 2085.4
1304600 2096.1
1304610 2096.1
1304620 2108.0
1304630 2117.1
1304640 2117.1
1304650 2122.1
1304660 2128.6
1304670 2128.6
1304680 2132.8
1304690 2135.3
1304700 2135.3
1304710 2138.2
1304720 2138.4
1304730 2138.1
1304740 2138.1
1304750 2137.4
1304760 2137.6
1304770 2137.6
1304780 2135.0
1304790 2132.8
1304800 2132.8
1304810 2127.8
1304820 2124.1
1304830 2124.1
1304840 2123.1
1304850 2124.2
1304860 2124.2
1304870 2127.5
1304880 2130.4
1304890 2130.4
1304900 2133.5
1304910 2136.8
1304920 2136.8
1304930 2139.8
1304940 2143.2
1304950 2147.9
1304960 2147.9
1304970 2152.6
1304980 2157.1
1304990 2157.1
1305000 2161.7
1305010 2166.1
1305020 2166.1
1305030 2170.2
1305040 2174.2
1305050 2174.2
1305060 2178.4
1305070 2183.2
1305080 2183.2
1305090 2188.2
1305100 2193.2
1305110 2193.2
1305120 2197.8
1305130 2201.8
1305140 2205.7
1305150 2205.7
1305160 2207.8
1305170 2206.9
1305180 2206.9
1305190 2207.5
1305200 2208.4
1305210 2208.4
1305220 2210.2
1305230 2212.6
1305240 2212.6
1305250 2215.1
1305260 2218.5
1305270 2218.5
1305280 2223.1
1305290 2228.3
1305300 2230.8
1305310 2236.1
1305320 2241.2
1305330 2241.2
1305340 2246.3
1305350 2251.5
1305360 2257.4
1305370 2257.4
1305380 2263.9
1305390 2270.3
1305400 2270.3
1305410 2276.4
1305420 2281.4
1305430 2281.4
1305440 2285.7
1305450 2289.9
1305460 2289.9
1305470 2293.8
1305480 2298.1
1305490 2298.1
1305500 2302.7
1305510 2307.2
1305520 2307.2
1305530 2311.6
1305540 2316.3
1305550 2316.3
1305560 2321.6
1305570 2326.7
1305580 2332.5
1305590 2332.5
1305600 2338.7
1305610 2344.1
1305620 2344.1
1305630 2349.4
1305640 2354.9
1305650 2354.9
1305660 2360.6
1305670 2366.3
1305680 2366.3
1305690 2371.6
1305700 2376.9
1305710 2376.9
1305720 2381.2
1305730 2384.1
1305740 2384.1
1305750 2385.5
1305760 2386.6
1305770 2386.6
1305780 2387.5
1305790 2389.0
1305800 2392.0
1305810 2392.0
1305820 2394.6
1305830 2396.6
1305840 2396.6
1305850 2398.9
1305860 2400.6
1305870 2400.6
1305880 2401.7
1305890 2402.9
1305900 2402.9
1305910 2403.8
1305920 2404.3
1305930 2404.3
1305940 2405.9
1305950 2408.2
1305960 2408.2
1305970 2410.4
1305980 2412.8
1305990 2415.8
1306000 2418.6
1306010 2421.1
1306020 2422.5
1306030 2422.5
1306040 2424.1
1306050 2425.8
1306060 2425.8
1306070 2427.7
1306080 2429.8
1306090 2429.8
1306100 2433.4
1306110 2437.9
1306120 2437.9
1306130 2441.6
1306140 2445.4
1306150 2445.4
1306160 2449.2
1306170 2453.1
1306180 2453.1
1306190 2455.6
1306200 2459.9
1306210 2461.8
1306220 2461.8
1306230 2463.9
1306240 2468.4
1306250 2468.4
1306260 2474.1
1306270 2477.2
1306280 2477.2
1306290 2478.7
1306300 2481.6
1306310 2481.6
1306320 2485.2
1306330 2489.9
1306340 2489.9
1306350 2496.4
1306360 2508.0
1306370 2508.0
1306380 2525.0
1306390 2538.4
1306400 2538.4
1306410 2542.0
1306420 2544.4
1306430 2546.9
1306440 2546.9
1306450 2551.5
1306460 2556.8
1306470 2556.8
1306480 2562.1
1306490 2564.0
1306500 2564.0
1306510 2552.3
1306520 2534.9
1306530 2534.9
1306540 2518.7
1306550 2504.9
1306560 2504.9
1306570 2491.5
1306580 2476.7
1306590 2476.7
1306600 2460.9
1306610 2439.3
1306620 2416.1
1306630 2416.1
1306640 2403.2
1306650 2403.7
1306660 2403.7
1306670 2411.1
1306680 2409.0
1306690 2409.0
1306700 2403.0
1306710 2390.1
1306720 2409.7
1306730 2404.9
1306740 2404.6
1306750 2404.6
1306760 2401.7
1306770 2400.3
1306780 2400.3
1306790 2398.3
1306800 2393.6
1306810 2393.6
1306820 2385.5
1306830 2376.6
1306840 2377.5
1306850 2377.5
1306860 2375.7
1306870 2370.0
1306880 2370.0
1306890 2363.5
1306900 2356.8
1306910 2356.8
1306920 2352.3
1306930 2350.0
1306940 2350.0
1306950 2346.0
1306960 2341.2
1306970 2341.2
1306980 2339.5
1306990 2342.7
1307000 2342.7
1307010 2343.7
1307020 2338.7
1307030 2338.7
1307040 2331.9
1307050 2328.5
1307060 2336.7
1307070 2336.7
1307080 2342.9
1307090 2341.8
1307100 2341.8
1307110 2335.2
1307120 2327.0
1307130 2327.0
1307140 2317.8
1307150 2307.4
1307160 2307.4
1307170 2296.4
1307180 2287.9
1307190 2287.9
1307200 2280.6
1307210 2269.5
1307220 2269.5
1307230 2258.1
1307240 2248.9
1307250 2248.9
1307260 2239.8
1307270 2230.2
1307280 2220.5
1307290 2220.5
1307300 2211.1
1307310 2203.9
1307320 2203.9
1307330 2196.9
1307340 2190.0
1307350 2190.0
1307360 2183.8
1307370 2176.9
1307380 2176.9
1307390 2170.5
1307400 2164.9
1307410 2164.9
1307420 2157.5
1307430 2146.4
1307440 2146.4
1307450 2139.8
1307460 2134.1
1307470 2128.6
1307480 2128.6
1307490 2123.1
1307500 2116.2
1307510 2116.2
1307520 2106.5
1307530 2094.8
1307540 2094.8
1307550 2081.6
1307560 2066.0
1307570 2066.0
1307580 2053.2
1307590 2042.2
1307600 2042.2
1307610 2030.6
1307620 2020.8
1307630 2020.8
1307640 2012.6
1307650 2004.9
1307660 2004.9
1307670 1997.0
1307680 1989.4
1307690 1980.6
1307700 1980.6
1307710 1971.0
1307720 1960.5
1307730 1960.5
1307740 1951.1
1307750 1947.0
1307760 1947.0
1307770 1946.3
1307780 1949.6
1307790 1949.6
1307800 1955.1
1307810 1956.8
1307820 1956.8
1307830 1957.3
1307840 1955.6
1307850 1955.6
1307860 1954.8
1307870 1955.1
1307880 1955.1
1307890 1953.0
1307900 1950.0
1307910 1947.4
1307920 1947.4
1307930 1944.5
1307940 1940.8
1307950 1940.8
1307960 1938.0
1307970 1936.5
1307980 1936.5
1307990 1933.9
1308000 1932.0
1308010 1932.0
1308020 1929.8
1308030 1926.5
1308040 1926.5
1308050 1922.3
1308060 1922.8
1308070 1922.8
1308080 1923.3
1308090 1920.5
1308100 1920.5
1308110 1918.2
1308120 1916.6
1308130 1913.5
1308140 1913.5
1308150 1916.1
1308160 1918.5
1308170 1918.5
1308180 1921.0
1308190 1921.3
1308200 1921.3
1308210 1920.9
1308220 1920.2
1308230 1920.2
1308240 1920.4
1308250 1920.5
1308260 1920.5
1308270 1920.7
1308280 1919.0
1308290 1919.0
1308300 1917.4
1308310 1918.4
1308320 1918.9
1308330 1918.9
1308340 1915.9
1308350 1911.0
1308360 1911.0
1308370 1908.8
1308380 1906.8
1308390 1906.8
1308400 1902.1
1308410 1895.6
1308420 1895.6
1308430 1891.0
1308440 1888.9
1308450 1888.9
1308460 1884.9
1308470 1880.7
1308480 1880.7
1308490 1875.4
1308500 1870.8
1308510 1870.8
1308520 1865.7
1308530 1861.5
1308540 1857.7
1308550 1857.7
1308560 1851.7
1308570 1844.9
1308580 1844.9
1308590 1838.5
1308600 1829.4
1308610 1829.4
1308620 1818.6
1308630 1806.2
1308640 1806.2
1308650 1796.1
1308660 1788.0
1308670 1788.0
1308680 1773.8
1308690 1752.1
1308700 1752.1
1308710 1729.5
1308720 1718.3
1308730 1718.3
1308740 1715.3
1308750 1711.8
1308760 1709.7
1308770 1709.7
1308780 1700.9
1308790 1697.2
1308800 1697.2
1308810 1696.0
1308820 1689.3
1308830 1689.3
1308840 1676.0
1308850 1662.9
1308860 1662.9
1308870 1639.7
1308880 1619.7
1308890 1619.7
1308900 1610.1
1308910 1604.3
1308920 1604.3
1308930 1599.8
1308940 1596.9
1308950 1596.9
1308960 1593.8
1308970 1588.7
1308980 1582.7
1308990 1582.7
1309000 1577.9
1309010 1572.6
1309020 1572.6
1309030 1567.3
1309040 1562.3
1309050 1562.3
1309060 1553.4
1309070 1541.2
1309080 1541.2
1309090 1527.0
1309100 1512.3
1309110 1512.3
1309120 1502.4
1309130 1495.8
1309140 1495.8
1309150 1489.7
1309160 1483.7
1309170 1479.5
1309180 1479.5
1309190 1475.2
1309200 1468.4
1309210 1468.4
1309220 1464.3
1309230 1460.6
1309240 1460.6
1309250 1455.2
1309260 1449.8
1309270 1449.8
1309280 1444.1
1309290 1437.9
1309300 1437.9
1309310 1431.8
1309320 1426.0
1309330 1426.0
1309340 1420.4
1309350 1415.4
1309360 1415.4
1309370 1411.3
1309380 1406.4
1309390 1403.3
1309400 1403.3
1309410 1400.1
1309420 1396.1
1309430 1396.1
1309440 1391.7
1309450 1387.1
1309460 1387.1
1309470 1382.2
1309480 1377.6
1309490 1377.6
1309500 1373.0
1309510 1368.8
1309520 1368.8
1309530 1365.8
1309540 1364.3
1309550 1364.3
1309560 1363.7
1309570 1364.1
1309580 1364.1
1309590 1366.2
1309600 1366.3
1309610 1366.3
1309620 1366.3
1309630 1366.5
1309640 1367.1
1309650 1367.1
1309660 1367.2
1309670 1367.1
1309680 1367.1
1309690 1366.8
1309700 1367.2
1309710 1367.2
1309720 1367.9
1309730 1368.1
1309740 1368.1
1309750 1368.3
1309760 1368.6
1309770 1368.6
1309780 1368.5
1309790 1368.8
1309800 1368.8
1309810 1369.0
1309820 1367.4
1309830 1365.9
1309840 1365.9
1309850 1366.0
1309860 1366.7
1309870 1366.7
1309880 1368.5
1309890 1370.5
1309900 1370.5
1309910 1370.4
1309920 1369.7
1309930 1369.7
1309940 1369.9
1309950 1370.6
1309960 1370.6
1309970 1370.9
1309980 1370.7
1309990 1370.7
1310000 1370.0
1310010 1370.5
1310020 1371.3
1310030 1371.3
1310040 1372.1
1310050 1374.6
1310060 1374.6
1310070 1377.9
1310080 1381.4
1310090 1381.4
1310100 1384.9
1310110 1388.4
1310120 1388.4
1310130 1391.4
1310140 1393.5
1310150 1393.5
1310160 1395.7
1310170 1398.8
1310180 1398.8
1310190 1401.8
1310200 1404.1
1310210 1404.1
1310220 1406.8
1310230 1408.5
1310240 1411.5
1310250 1411.5
1310260 1415.8
1310270 1419.4
1310280 1419.4
1310290 1421.1
1310300 1423.2
1310310 1423.2
1310320 1419.9
1310330 1419.5
1310340 1419.5
1310350 1422.2
1310360 1427.4
1310370 1427.4
1310380 1433.3
1310390 1438.7
1310400 1438.7
1310410 1444.5
1310420 1450.3
1310430 1450.3
1310440 1456.6
1310450 1463.2
1310460 1468.9
1310470 1468.9
1310480 1473.1
1310490 1479.1
1310500 1479.1
1310510 1485.3
1310520 1491.2
1310530 1491.2
1310540 1496.9
1310550 1502.7
1310560 1502.7
1310570 1508.9
1310580 1516.3
1310590 1516.3
1310600 1523.9
1310610 1531.0
1310620 1531.0
1310630 1539.3
1310640 1550.6
1310650 1550.6
1310660 1561.8
1310670 1574.4
1310680 1586.0
1310690 1586.0
1310700 1594.8
1310710 1603.7
1310720 1603.7
1310730 1606.0
1310740 1607.1
1310750 1607.1
1310760 1613.2
1310770 1622.0
1310780 1622.0
1310790 1632.3
1310800 1644.0
1310810 1644.0
1310820 1653.5
1310830 1655.8
1310840 1655.8
1310850 1655.0
1310860 1657.8
1310870 1663.1
1310880 1663.1
1310890 1668.5
1310900 1673.0
1310910 1673.0
1310920 1676.0
1310930 1680.9
1310940 1680.9
1310950 1687.2
1310960 1695.3
1310970 1695.3
1310980 1704.1
1310990 1713.6
1311000 1713.6
1311010 1722.9
1311020 1731.1
1311030 1731.1
1311040 1745.2
1311050 1758.3
1311060 1758.3
1311070 1774.9
1311080 1791.8
1311090 1805.0
1311100 1805.0
1311110 1809.2
1311120 1807.8
1311130 1807.8
1311140 1802.8
1311150 1798.8
1311160 1798.8
1311170 1794.8
1311180 1797.9
1311190 1797.9
1311200 1804.0
1311210 1812.0
1311220 1812.0
1311230 1818.9
1311240 1824.9
1311250 1824.9
1311260 1832.0
1311270 1839.2
1311280 1839.2
1311290 1849.3
1311300 1857.8
1311310 1866.1
1311320 1866.1
1311330 1871.7
1311340 1875.4
1311350 1875.4
1311360 1879.9
1311370 1886.9
1311380 1886.9
1311390 1894.7
1311400 1902.8
1311410 1902.8
1311420 1910.2
1311430 1918.6
1311440 1918.6
1311450 1927.1
1311460 1936.9
1311470 1936.9
1311480 1946.6
1311490 1956.3
1311500 1967.5
1311510 1967.5
1311520 1976.9
1311530 1985.0
1311540 1985.0
1311550 1996.1
1311560 2008.2
1311570 2008.2
1311580 2021.0
1311590 2032.9
1311600 2032.9
1311610 2042.7
1311620 2053.8
1311630 2053.8
1311640 2063.6
1311650 2071.9
1311660 2071.9
1311670 2080.8
1311680 2089.8
1311690 2089.8
1311700 2097.7
1311710 2105.5
1311720 2114.2
1311730 2114.2
1311740 2121.8
1311750 2128.7
1311760 2128.7
1311770 2133.8
1311780 2142.0
1311790 2142.0
1311800 2149.0
1311810 2155.3
1311820 2155.3
1311830 2163.0
1311840 2171.5
1311850 2171.5
1311860 2181.9
1311870 2188.5
1311880 2188.5
1311890 2193.4
1311900 2197.9
1311910 2197.9
1311920 2203.0
1311930 2207.9
1311940 2212.6
1311950 2212.6
1311960 2218.2
1311970 2223.2
1311980 2223.2
1311990 2228.8
1312000 2234.1
1312010 2234.1
1312020 2239.3
1312030 2244.7
1312040 2244.7
1312050 2249.9
1312060 2254.7
1312070 2254.7
1312080 2260.2
1312090 2266.4
1312100 2266.4
1312110 2272.2
1312120 2278.4
1312130 2278.4
1312140 2285.4
1312150 2292.2
1312160 2295.5
1312170 2295.5
1312180 2297.7
1312190 2301.4
1312200 2301.4
1312210 2303.7
1312220 2306.4
1312230 2306.4
1312240 2310.3
1312250 2313.8
1312260 2313.8
1312270 2317.5
1312280 2321.6
1312290 2321.6
1312300 2326.7
1312310 2332.9
1312320 2332.9
1312330 2338.9
1312340 2344.5
1312350 2349.7
1312360 2349.7
1312370 2355.1
1312380 2361.1
1312390 2361.1
1312400 2367.4
1312410 2373.4
1312420 2373.4
1312430 2378.6
1312440 2384.3
1312450 2384.3
1312460 2395.0
1312470 2410.0
1312480 2410.0
1312490 2424.2
1312500 2436.0
1312510 2451.1
1312520 2458.9
1312530 2464.4
1312540 2464.4
1312550 2468.4
1312560 2473.0
1312570 2479.6
1312580 2479.6
1312590 2485.7
1312600 2493.0
1312610 2493.0
1312620 2497.7
1312630 2502.3
1312640 2502.3
1312650 2509.0
1312660 2516.5
1312670 2516.5
1312680 2520.4
1312690 2524.2
1312700 2524.2
1312710 2529.2
1312720 2525.1
1312730 2525.1
1312740 2523.4
1312750 2528.3
1312760 2528.3
1312770 2535.5
1312780 2539.3
1312790 2544.5
1312800 2544.5
1312810 2550.3
1312820 2554.6
1312830 2554.6
1312840 2556.6
1312850 2561.0
1312860 2561.0
1312870 2563.1
1312880 2562.6
1312890 2562.6
1312900 2556.3
1312910 2554.3
1312920 2554.3
1312930 2549.6
1312940 2550.6
1312950 2550.6
1312960 2545.2
1312970 2532.7
1312980 2532.7
1312990 2520.4
1313000 2515.4
1313010 2512.3
1313020 2512.3
1313030 2513.4
1313040 2517.9
1313050 2517.9
1313060 2518.6
1313070 2516.2
1313080 2516.2
1313090 2512.8
1313100 2511.5
1313110 2511.5
1313120 2513.2
1313130 2517.2
1313140 2517.2
1313150 2517.4
1313160 2515.8
1313170 2515.8
1313180 2514.7
1313190 2514.9
1313200 2515.7
1313210 2515.7
1313220 2517.4
1313230 2518.4
1313240 2518.4
1313250 2514.0
1313260 2515.3
1313270 2515.3
1313280 2516.4
1313290 2517.8
1313300 2517.8
1313310 2518.8
1313320 2520.9
1313330 2520.9
1313340 2523.7
1313350 2528.8
1313360 2528.8
1313370 2534.9
1313380 2540.1
1313390 2540.1
1313400 2551.0
1313410 2568.2
1313420 2575.2
1313430 2575.2
1313440 2575.7
1313450 2571.7
1313460 2571.7
1313470 2569.9
1313480 2570.2
1313490 2570.2
1313500 2569.7
1313510 2568.9
1313520 2568.9
1313530 2568.4
1313540 2568.3
1313550 2568.3
1313560 2567.2
1313570 2567.1
1313580 2567.1
1313590 2568.3
1313600 2570.9
1313610 2570.9
1313620 2574.9
1313630 2578.2
1313640 2580.7
1313650 2580.7
1313660 2582.9
1313670 2585.8
1313680 2585.8
1313690 2588.8
1313700 2590.7
1313710 2590.7
1313720 2592.4
1313730 2594.8
1313740 2594.8
1313750 2595.4
1313760 2597.2
1313770 2597.2
1313780 2599.5
1313790 2601.0
1313800 2601.0
1313810 2602.5
1313820 2603.0
1313830 2603.0
1313840 2603.9
1313850 2604.3
1313860 2604.2
1313870 2604.2
1313880 2604.7
1313890 2606.0
1313900 2606.0
1313910 2607.8
1313920 2608.6
1313930 2608.6
1313940 2610.5
1313950 2612.6
1313960 2612.6
1313970 2612.5
1313980 2612.4
1313990 2606.8
1314000 2606.6
1314010 2607.5
1314020 2607.5
1314030 2608.1
1314040 2607.4
1314050 2608.2
1314060 2608.2
1314070 2610.0
1314080 2613.0
1314090 2613.0
1314100 2617.3
1314110 2622.8
1314120 2622.8
1314130 2630.1
1314140 2639.3
1314150 2639.3
1314160 2644.1
1314170 2648.3
1314180 2648.3
1314190 2653.3
1314200 2659.7
1314210 2659.7
1314220 2666.1
1314230 2672.3
1314240 2672.3
1314250 2679.0
1314260 2683.8
1314270 2686.1
1314280 2686.1
1314290 2689.0
1314300 2693.4
1314310 2693.4
1314320 2697.3
1314330 2703.0
1314340 2703.0
1314350 2711.2
1314360 2717.5
1314370 2717.5
1314380 2718.6
1314390 2719.1
1314400 2719.1
1314410 2719.6
1314420 2721.1
1314430 2721.1
1314440 2724.1
1314450 2726.9
1314460 2726.9
1314470 2729.5
1314480 2732.3
1314490 2733.6
1314500 2733.6
1314510 2734.6
1314520 2735.9
1314530 2735.9
1314540 2738.2
1314550 2740.9
1314560 2740.9
1314570 2743.9
1314580 2746.4
1314590 2746.4
1314600 2749.6
1314610 2753.9
1314620 2753.9
1314630 2758.4
1314640 2760.2
1314650 2760.2
1314660 2762.2
1314670 2762.8
1314680 2763.0
1314690 2763.0
1314700 2762.6
1314710 2761.2
1314720 2761.2
1314730 2757.1
1314740 2757.3
1314750 2757.3
1314760 2757.5
1314770 2758.6
1314780 2758.6
1314790 2760.3
1314800 2761.3
1314810 2761.3
1314820 2761.3
1314830 2760.6
1314840 2760.6
1314850 2760.2
1314860 2759.0
1314870 2759.0
1314880 2759.2
1314890 2760.5
1314900 2762.1
1314910 2762.1
1314920 2765.8
1314930 2771.1
1314940 2771.1
1314950 2777.2
1314960 2783.6
1314970 2783.6
1314980 2790.8
1314990 2804.6
1315000 2804.6
1315010 2824.2
1315020 2829.7
1315030 2829.7
1315040 2807.3
1315050 2771.9
1315060 2771.9
1315070 2762.2
1315080 2757.2
1315090 2757.2
1315100 2753.1
1315110 2749.4
1315120 2746.2
1315130 2746.2
1315140 2742.2
1315150 2738.1
1315160 2738.1
1315170 2735.2
1315180 2733.6
1315190 2733.6
1315200 2731.9
1315210 2724.0
1315220 2724.0
1315230 2713.1
1315240 2706.1
1315250 2706.1
1315260 2701.8
1315270 2698.8
1315280 2698.8
1315290 2696.9
1315300 2696.1
1315310 2696.1
1315320 2694.9
1315330 2693.4
1315340 2692.4
1315350 2692.4
1315360 2691.7
1315370 2690.7
1315380 2690.7
1315390 2690.0
1315400 2689.2
1315410 2689.2
1315420 2688.1
1315430 2687.1
1315440 2687.1
1315450 2685.5
1315460 2683.6
1315470 2683.6
1315480 2676.5
1315490 2675.2
1315500 2675.2
1315510 2673.9
1315520 2671.9
1315530 2670.0
1315540 2670.0
1315550 2668.8
1315560 2676.3
1315570 2676.3
1315580 2697.3
1315590 2721.0
1315600 2721.0
1315610 2734.1
1315620 2741.8
1315630 2741.8
1315640 2751.9
1315650 2762.6
1315660 2762.6
1315670 2765.2
1315680 2757.6
1315690 2757.6
1315700 2742.7
1315710 2725.2
1315720 2725.2
1315730 2713.9
1315740 2699.6
1315750 2688.3
1315760 2688.3
1315770 2669.1
1315780 2658.0
1315790 2658.0
1315800 2661.6
1315810 2661.9
1315820 2661.9
1315830 2661.1
1315840 2655.3
1315850 2655.3
1315860 2647.6
1315870 2652.9
1315880 2652.9
1315890 2652.5
1315900 2648.2
1315910 2648.2
1315920 2644.7
1315930 2639.9
1315940 2639.9
1315950 2626.4
1315960 2618.0
1315970 2615.5
1315980 2615.5
1315990 2614.8
1316000 2614.8
1316010 2614.8
1316020 2614.8
1316030 2614.8
1316040 2614.8
1316050 2615.7
1316060 2620.2
1316070 2620.2
1316080 2623.9
1316090 2630.0
1316100 2630.0
1316110 2629.6
1316120 2625.5
1316130 2625.5
1316140 2615.0
1316150 2609.5
1316160 2609.5
1316170 2618.1
1316180 2623.7
1316190 2623.4
1316200 2623.4
1316210 2617.5
1316220 2609.6
1316230 2599.7
1316240 2591.7
1316250 2588.9
1316260 2588.9
1316270 2588.9
1316280 2580.1
1316290 2580.1
1316300 2575.9
1316310 2573.5
1316320 2573.5
1316330 2569.6
1316340 2564.2
1316350 2564.2
1316360 2558.8
1316370 2552.8
1316380 2547.0
1316390 2547.0
1316400 2541.0
1316410 2537.1
1316420 2537.1
1316430 2535.3
1316440 2535.8
1316450 2535.8
1316460 2537.1
1316470 2538.9
1316480 2538.9
1316490 2540.7
1316500 2541.0
1316510 2541.0
1316520 2539.2
1316530 2534.4
1316540 2534.4
1316550 2528.9
1316560 2524.1
1316570 2524.1
1316580 2519.1
1316590 2513.9
1316600 2509.4
1316610 2509.4
1316620 2504.1
1316630 2499.3
1316640 2499.3
1316650 2495.4
1316660 2493.7
1316670 2493.7
1316680 2493.1
1316690 2490.9
1316700 2490.9
1316710 2487.5
1316720 2484.1
1316730 2484.1
1316740 2482.6
1316750 2481.3
1316760 2481.3
1316770 2478.1
1316780 2473.4
1316790 2473.4
1316800 2471.8
1316810 2471.8
1316820 2471.8
1316830 2471.8
1316840 2472.3
1316850 2472.1
1316860 2472.1
1316870 2471.8
1316880 2471.9
1316890 2471.9
1316900 2472.1
1316910 2472.3
1316920 2472.3
1316930 2474.5
1316940 2477.7
1316950 2477.7
1316960 2479.1
1316970 2481.1
1316980 2481.1
1316990 2482.3
1317000 2484.2
1317010 2484.2
1317020 2487.7
1317030 2492.6
1317040 2497.5
1317050 2497.5
1317060 2501.1
1317070 2504.9
1317080 2504.9
1317090 2507.9
1317100 2511.1
1317110 2511.1
1317120 2515.7
1317130 2523.6
1317140 2523.6
1317150 2530.9
1317160 2537.6
1317170 2537.6
1317180 2544.3
1317190 2547.4
1317200 2547.4
1317210 2552.4
1317220 2556.5
1317230 2561.7
1317240 2561.7
1317250 2568.9
1317260 2572.5
1317270 2572.5
1317280 2575.4
1317290 2578.1
1317300 2578.1
1317310 2581.6
1317320 2584.8
1317330 2584.8
1317340 2585.4
1317350 2587.7
1317360 2587.7
1317370 2589.3
1317380 2589.3
1317390 2589.3
1317400 2588.8
1317410 2588.9
1317420 2588.9
1317430 2589.4
1317440 2591.0
1317450 2592.7
1317460 2592.7
1317470 2593.6
1317480 2594.8
1317490 2594.8
1317500 2595.2
1317510 2595.7
1317520 2595.7
1317530 2597.2
1317540 2599.5
1317550 2599.5
1317560 2601.1
1317570 2603.4
1317580 2603.4
1317590 2606.4
1317600 2609.6
1317610 2609.6
1317620 2612.8
1317630 2616.0
1317640 2616.0
1317650 2617.9
1317660 2618.6
1317670 2619.2
1317680 2619.2
1317690 2619.8
1317700 2621.2
1317710 2621.2
1317720 2623.3
1317730 2626.5
1317740 2626.5
1317750 2627.1
1317760 2631.6
1317770 2631.6
1317780 2636.6
1317790 2638.1
1317800 2638.1
1317810 2639.8
1317820 2642.5
1317830 2642.5
1317840 2645.8
1317850 2648.9
1317860 2648.9
1317870 2652.1
1317880 2654.2
1317890 2655.2
1317900 2655.2
1317910 2655.0
1317920 2654.3
1317930 2654.3
1317940 2653.0
1317950 2652.4
1317960 2652.4
1317970 2651.0
1317980 2648.9
1317990 2648.9
1318000 2648.3
1318010 2647.9
1318020 2647.9
1318030 2647.2
1318040 2646.2
1318050 2646.2
1318060 2644.5
1318070 2643.2
1318080 2641.1
1318090 2641.1
1318100 2638.8
1318110 2637.1
1318120 2637.1
1318130 2634.2
1318140 2630.8
1318150 2630.8
1318160 2629.2
1318170 2626.6
1318180 2626.6
1318190 2623.7
1318200 2625.4
1318210 2625.4
1318220 2627.9
1318230 2630.4
1318240 2630.4
1318250 2631.5
1318260 2632.2
1318270 2632.2
1318280 2634.4
1318290 2635.7
1318300 2636.6
1318310 2636.6
1318320 2638.4
1318330 2639.9
1318340 2639.9
1318350 2641.7
1318360 2642.4
1318370 2642.4
1318380 2643.3
1318390 2644.0
1318400 2644.0
1318410 2645.1
1318420 2647.2
1318430 2647.2
1318440 2651.4
1318450 2656.8
1318460 2656.8
1318470 2662.2
1318480 2665.5
1318490 2665.5
1318500 2667.4
1318510 2670.2
1318520 2672.1
1318530 2672.1
1318540 2674.3
1318550 2677.5
1318560 2677.5
1318570 2682.0
1318580 2685.6
1318590 2685.6
1318600 2689.2
1318610 2693.2
1318620 2693.2
1318630 2696.8
1318640 2700.1
1318650 2700.1
1318660 2703.4
1318670 2705.7
1318680 2705.7
1318690 2706.4
1318700 2706.2
1318710 2705.8
1318720 2705.8
1318730 2706.1
1318740 2707.0
1318750 2707.0
1318760 2708.4
1318770 2709.9
1318780 2709.9
1318790 2711.6
1318800 2713.4
1318810 2713.4
1318820 2715.5
1318830 2717.9
1318840 2717.9
1318850 2721.1
1318860 2725.5
1318870 2725.5
1318880 2733.3
1318890 2742.6
1318900 2742.6
1318910 2748.1
1318920 2754.2
1318930 2759.5
1318940 2759.5
1318950 2762.2
1318960 2765.1
1318970 2765.1
1318980 2767.0
1318990 2768.4
1319000 2768.4
1319010 2769.7
1319020 2770.5
1319030 2770.5
1319040 2772.1
1319050 2774.7
1319060 2774.7
1319070 2779.5
1319080 2786.1
1319090 2786.1
1319100 2791.1
1319110 2796.0
1319120 2796.0
1319130 2802.1
1319140 2809.8
1319150 2817.5
1319160 2817.5
1319170 2826.0
1319180 2831.7
1319190 2831.7
1319200 2836.9
1319210 2842.0
1319220 2842.0
1319230 2847.6
1319240 2853.6
1319250 2853.6
1319260 2860.3
1319270 2867.0
1319280 2865.5
1319290 2872.0
1319300 2878.4
1319310 2878.4
1319320 2885.9
1319330 2894.1
1319340 2894.1
1319350 2902.6
1319360 2911.3
1319370 2922.0
1319380 2922.0
1319390 2933.4
1319400 2941.6
1319410 2941.6
1319420 2948.3
1319430 2953.5
1319440 2953.5
1319450 2955.8
1319460 2958.1
1319470 2958.1
1319480 2948.1
1319490 2937.9
1319500 2937.9
1319510 2924.4
1319520 2915.5
1319530 2915.5
1319540 2911.7
1319550 2900.8
1319560 2879.4
1319570 2879.4
1319580 2863.0
1319590 2854.2
1319600 2854.2
1319610 2850.3
1319620 2849.8
1319630 2849.8
1319640 2850.7
1319650 2852.2
1319660 2852.2
1319670 2853.2
1319680 2854.5
1319690 2854.5
1319700 2856.9
1319710 2860.2
1319720 2860.2
1319730 2864.4
1319740 2868.9
1319750 2868.9
1319760 2872.4
1319770 2873.1
1319780 2870.1
1319790 2870.1
1319800 2867.5
1319810 2851.9
1319820 2851.9
1319830 2830.0
1319840 2815.3
1319850 2815.3
1319860 2794.2
1319870 2784.9
1319880 2784.9
1319890 2779.3
1319900 2771.7
1319910 2771.7
1319920 2770.5
1319930 2769.6
1319940 2769.6
1319950 2756.6
1319960 2738.0
1319970 2738.0
1319980 2734.8
1319990 2734.0
