1300000 2569.5
1300010 2567.7
1300020 2564.5
1300030 2564.5
1300040 2561.6
1300050 2559.8
1300060 2559.8
1300070 2558.1
1300080 2557.0
1300090 2557.0
1300100 2557.0
1300110 2556.4
1300120 2556.4
1300130 2555.4
1300140 2554.7
1300150 2554.5
1300160 2554.5
1300170 2552.9
1300180 2551.7
1300190 2551.7
1300200 2550.7
1300210 2548.6
1300220 2548.6
1300230 2547.6
1300240 2546.6
1300250 2546.6
1300260 2545.5
1300270 2541.1
1300280 2539.8
1300290 2534.0
1300300 2531.5
1300310 2531.5
1300320 2527.5
1300330 2523.7
1300340 2523.7
1300350 2522.3
1300360 2522.3
1300370 2519.4
1300380 2519.4
1300390 2518.8
1300400 2515.6
1300410 2515.6
1300420 2509.9
1300430 2503.0
1300440 2503.0
1300450 2486.4
1300460 2478.8
1300470 2478.8
1300480 2473.6
1300490 2469.0
1300500 2469.0
1300510 2464.0
1300520 2459.6
1300530 2459.6
1300540 2455.5
1300550 2450.8
1300560 2450.8
1300570 2445.9
1300580 2442.1
1300590 2437.9
1300600 2437.9
1300610 2433.5
1300620 2428.3
1300630 2428.3
1300640 2422.8
1300650 2417.0
1300660 2417.0
1300670 2412.1
1300680 2408.2
1300690 2408.2
1300700 2405.5
1300710 2403.3
1300720 2403.3
1300730 2402.0
1300740 2401.6
1300750 2401.6
1300760 2402.6
1300770 2402.9
1300780 2402.9
1300790 2402.5
1300800 2401.4
1300810 2400.7
1300820 2400.7
1300830 2396.9
1300840 2394.1
1300850 2394.1
1300860 2392.0
1300870 2390.6
1300880 2390.6
1300890 2390.2
1300900 2390.8
1300910 2390.8
1300920 2392.1
1300930 2392.6
1300940 2392.6
1300950 2393.0
1300960 2394.0
1300970 2389.9
1300980 2388.0
1300990 2385.9
1301000 2383.9
1301010 2383.9
1301020 2382.6
1301030 2382.3
1301040 2382.3
1301050 2382.2
1301060 2382.2
1301070 2382.2
1301080 2380.7
1301090 2379.9
1301100 2379.9
1301110 2378.6
1301120 2376.8
1301130 2376.8
1301140 2376.2
1301150 2375.5
1301160 2375.5
1301170 2373.8
1301180 2372.1
1301190 2372.1
1301200 2370.9
1301210 2369.1
1301220 2366.5
1301230 2366.5
1301240 2362.5
1301250 2358.4
1301260 2358.4
1301270 2355.1
1301280 2352.6
1301290 2352.6
1301300 2352.4
1301310 2351.4
1301320 2351.4
1301330 2348.4
1301340 2344.0
1301350 2344.0
1301360 2338.4
1301370 2334.0
1301380 2334.0
1301390 2330.0
1301400 2323.5
1301410 2323.5
1301420 2317.5
1301430 2314.4
1301440 2310.6
1301450 2310.6
1301460 2306.3
1301470 2302.6
1301480 2302.6
1301490 2299.7
1301500 2296.5
1301510 2296.5
1301520 2293.9
1301530 2291.9
1301540 2291.9
1301550 2289.9
1301560 2287.5
1301570 2287.5
1301580 2285.1
1301590 2282.5
1301600 2282.5
1301610 2278.9
1301620 2273.3
1301630 2273.3
1301640 2267.3
1301650 2260.9
1301660 2252.9
1301670 2252.9
1301680 2247.8
1301690 2241.4
1301700 2241.4
1301710 2232.4
1301720 2224.9
1301730 2224.9
1301740 2217.1
1301750 2210.2
1301760 2210.2
1301770 2203.1
1301780 2195.2
1301790 2195.2
1301800 2187.5
1301810 2178.6
1301820 2178.6
1301830 2169.8
1301840 2160.6
1301850 2151.7
1301860 2151.7
1301870 2141.5
1301880 2128.3
1301890 2128.3
1301900 2123.7
1301910 2120.4
1301920 2120.4
1301930 2118.4
1301940 2118.8
1301950 2118.8
1301960 2117.9
1301970 2113.5
1301980 2113.5
1301990 2107.7
1302000 2101.8
1302010 2101.8
1302020 2094.5
1302030 2088.1
1302040 2088.1
1302050 2082.4
1302060 2075.1
1302070 2066.3
1302080 2066.3
1302090 2059.2
1302100 2054.7
1302110 2054.7
1302120 2051.6
1302130 2049.1
1302140 2049.1
1302150 2046.5
1302160 2044.1
1302170 2044.1
1302180 2041.3
1302190 2037.6
1302200 2037.6
1302210 2034.3
1302220 2032.5
1302230 2032.5
1302240 2031.0
1302250 2026.4
1302260 2026.4
1302270 2019.4
1302280 2012.1
1302290 2004.1
1302300 2004.1
1302310 1996.7
1302320 1988.3
1302330 1988.3
1302340 1980.4
1302350 1972.6
1302360 1971.0
1302370 1964.4
1302380 1957.6
1302390 1957.6
1302400 1948.6
1302410 1939.7
1302420 1939.7
1302430 1932.0
1302440 1926.7
1302450 1926.7
1302460 1927.0
1302470 1925.8
1302480 1925.8
1302490 1919.2
1302500 1912.7
1302510 1909.2
1302520 1909.2
1302530 1908.4
1302540 1907.3
1302550 1907.3
1302560 1905.8
1302570 1901.3
1302580 1901.3
1302590 1896.1
1302600 1890.8
1302610 1890.8
1302620 1884.8
1302630 1877.3
1302640 1877.3
1302650 1870.6
1302660 1866.3
1302670 1866.3
1302680 1863.6
1302690 1860.8
1302700 1857.2
1302710 1857.2
1302720 1852.6
1302730 1848.1
1302740 1848.1
1302750 1842.8
1302760 1837.5
1302770 1837.5
1302780 1832.9
1302790 1829.6
1302800 1829.6
1302810 1825.7
1302820 1820.6
1302830 1820.6
1302840 1815.6
1302850 1812.0
1302860 1812.0
1302870 1809.0
1302880 1805.1
1302890 1805.1
1302900 1799.7
1302910 1794.8
1302920 1789.9
1302930 1789.9
1302940 1785.1
1302950 1780.0
1302960 1780.0
1302970 1774.7
1302980 1769.4
1302990 1769.4
1303000 1767.2
1303010 1766.2
1303020 1766.2
1303030 1762.6
1303040 1756.6
1303050 1754.1
1303060 1748.8
1303070 1743.3
1303080 1743.3
1303090 1738.4
1303100 1734.0
1303110 1734.0
1303120 1730.4
1303130 1727.7
1303140 1724.7
1303150 1724.7
1303160 1723.9
1303170 1719.9
1303180 1719.9
1303190 1715.8
1303200 1711.7
1303210 1711.7
1303220 1708.7
1303230 1706.6
1303240 1706.6
1303250 1701.1
1303260 1688.9
1303270 1688.9
1303280 1679.4
1303290 1674.7
1303300 1674.7
1303310 1667.2
1303320 1659.9
1303330 1659.9
1303340 1653.5
1303350 1650.4
1303360 1648.8
1303370 1648.8
1303380 1643.1
1303390 1635.4
1303400 1635.4
1303410 1627.5
1303420 1621.4
1303430 1621.4
1303440 1619.1
1303450 1618.3
1303460 1618.3
1303470 1617.1
1303480 1616.8
1303490 1616.8
1303500 1615.6
1303510 1615.2
1303520 1615.2
1303530 1614.4
1303540 1614.8
1303550 1617.4
1303560 1617.4
1303570 1623.0
1303580 1628.6
1303590 1628.6
1303600 1633.3
1303610 1637.8
1303620 1637.8
1303630 1643.0
1303640 1649.5
1303650 1649.5
1303660 1660.4
1303670 1669.9
1303680 1669.9
1303690 1676.9
1303700 1683.1
1303710 1683.1
1303720 1691.0
1303730 1697.4
1303740 1697.4
1303750 1712.6
1303760 1720.1
1303770 1729.5
1303780 1729.5
1303790 1737.6
1303800 1745.5
1303810 1745.5
1303820 1753.5
1303830 1763.1
1303840 1763.1
1303850 1771.8
1303860 1780.8
1303870 1780.8
1303880 1790.1
1303890 1799.6
1303900 1799.6
1303910 1811.2
1303920 1823.4
1303930 1823.4
1303940 1836.7
1303950 1846.8
1303960 1846.8
1303970 1854.2
1303980 1858.6
1303990 1860.2
1304000 1860.2
1304010 1862.7
1304020 1864.1
1304030 1864.1
1304040 1865.5
1304050 1869.5
1304060 1869.5
1304070 1872.7
1304080 1876.6
1304090 1876.6
1304100 1879.1
1304110 1878.5
1304120 1878.5
1304130 1877.2
1304140 1876.0
1304150 1876.0
1304160 1875.7
1304170 1875.7
1304180 1875.7
1304190 1878.6
1304200 1882.3
1304210 1885.9
1304220 1885.9
1304230 1890.7
1304240 1896.8
1304250 1896.8
1304260 1901.2
1304270 1904.8
1304280 1904.8
1304290 1908.0
1304300 1910.9
1304310 1910.9
1304320 1913.2
1304330 1915.0
1304340 1915.0
1304350 1917.3
1304360 1921.0
1304370 1921.0
1304380 1924.1
1304390 1926.9
1304400 1930.3
1304410 1930.3
1304420 1933.8
1304430 1939.2
1304440 1939.2
1304450 1948.5
1304460 1975.6
1304470 1975.6
1304480 1982.2
1304490 1987.8
1304500 1987.8
1304510 1993.9
1304520 2000.7
1304530 2000.7
1304540 2008.0
1304550 2013.9
1304560 2013.9
1304570 2017.3
1304580 2019.6
1304590 2019.6
1304600 2021.9
1304610 2024.4
1304620 2027.0
1304630 2027.0
1304640 2030.7
1304650 2033.3
1304660 2033.3
1304670 2036.2
1304680 2039.7
1304690 2039.7
1304700 2043.6
1304710 2046.2
1304720 2046.2
1304730 2047.2
1304740 2049.1
1304750 2049.1
1304760 2051.5
1304770 2054.7
1304780 2054.7
1304790 2058.8
1304800 2062.8
1304810 2062.8
1304820 2066.6
1304830 2070.5
1304840 2074.5
1304850 2074.5
1304860 2078.0
1304870 2082.0
1304880 2082.0
1304890 2085.7
1304900 2088.1
1304910 2088.1
1304920 2090.2
1304930 2093.6
1304940 2093.6
1304950 2101.2
1304960 2107.2
1304970 2107.2
1304980 2109.2
1304990 2110.5
1305000 2110.5
1305010 2110.4
1305020 2110.8
1305030 2110.8
1305040 2112.1
1305050 2114.5
1305060 2117.7
1305070 2117.7
1305080 2121.7
1305090 2126.1
1305100 2126.1
1305110 2130.3
1305120 2133.9
1305130 2133.9
1305140 2136.3
1305150 2137.9
1305160 2136.7
1305170 2138.6
1305180 2141.2
1305190 2141.2
1305200 2144.2
1305210 2148.2
1305220 2148.2
1305230 2152.6
1305240 2156.7
1305250 2160.9
1305260 2160.9
1305270 2164.9
1305280 2169.0
1305290 2169.0
1305300 2173.0
1305310 2176.2
1305320 2176.2
1305330 2180.7
1305340 2186.5
1305350 2186.5
1305360 2191.9
1305370 2197.5
1305380 2197.5
1305390 2203.7
1305400 2209.4
1305410 2209.4
1305420 2215.5
1305430 2220.6
1305440 2220.6
1305450 2226.4
1305460 2232.5
1305470 2238.0
1305480 2238.0
1305490 2244.0
1305500 2250.4
1305510 2250.4
1305520 2256.7
1305530 2262.7
1305540 2262.7
1305550 2268.7
1305560 2274.4
1305570 2274.4
1305580 2279.7
1305590 2284.5
1305600 2284.5
1305610 2289.5
1305620 2294.1
1305630 2294.1
1305640 2298.5
1305650 2302.7
1305660 2302.7
1305670 2307.1
1305680 2311.5
1305690 2317.1
1305700 2317.1
1305710 2323.0
1305720 2328.7
1305730 2328.7
1305740 2330.9
1305750 2333.3
1305760 2333.3
1305770 2335.4
1305780 2338.2
1305790 2338.2
1305800 2341.2
1305810 2345.3
1305820 2345.3
1305830 2349.6
1305840 2353.8
1305850 2353.8
1305860 2358.2
1305870 2364.8
1305880 2364.8
1305890 2369.1
1305900 2373.0
1305910 2376.5
1305920 2376.5
1305930 2379.9
1305940 2382.0
1305950 2382.0
1305960 2382.5
1305970 2383.0
1305980 2383.0
1305990 2384.7
1306000 2387.0
1306010 2387.0
1306020 2388.7
1306030 2391.1
1306040 2391.1
1306050 2393.9
1306060 2396.6
1306070 2396.6
1306080 2400.3
1306090 2405.0
1306100 2409.9
1306110 2409.9
1306120 2415.7
1306130 2421.7
1306140 2421.7
1306150 2427.6
1306160 2433.8
1306170 2433.8
1306180 2440.8
1306190 2448.0
1306200 2448.0
1306210 2456.6
1306220 2465.4
1306230 2465.4
1306240 2472.2
1306250 2478.4
1306260 2478.4
1306270 2484.8
1306280 2491.8
1306290 2491.8
1306300 2497.8
1306310 2503.8
1306320 2509.3
1306330 2509.3
1306340 2514.8
1306350 2522.4
1306360 2522.4
1306370 2533.7
1306380 2547.6
1306390 2547.6
1306400 2559.4
1306410 2570.7
1306420 2570.7
1306430 2579.4
1306440 2579.5
1306450 2579.5
1306460 2573.2
1306470 2562.0
1306480 2562.0
1306490 2549.2
1306500 2535.6
1306510 2535.6
1306520 2523.2
1306530 2510.5
1306540 2498.1
1306550 2498.1
1306560 2486.6
1306570 2474.3
1306580 2467.7
1306590 2456.6
1306600 2445.4
1306610 2445.4
1306620 2433.6
1306630 2422.6
1306640 2422.6
1306650 2410.2
1306660 2395.8
1306670 2395.8
1306680 2380.0
1306690 2362.8
1306700 2362.8
1306710 2344.7
1306720 2329.5
1306730 2329.5
1306740 2321.2
1306750 2314.7
1306760 2308.3
1306770 2308.3
1306780 2302.1
1306790 2296.0
1306800 2296.0
1306810 2289.5
1306820 2282.9
1306830 2282.9
1306840 2276.5
1306850 2270.2
1306860 2270.2
1306870 2264.1
1306880 2258.1
1306890 2258.1
1306900 2252.3
1306910 2246.8
1306920 2246.8
1306930 2241.7
1306940 2236.2
1306950 2230.0
1306960 2230.0
1306970 2224.1
1306980 2218.0
1306990 2218.0
1307000 2210.7
1307010 2202.2
1307020 2202.2
1307030 2194.3
1307040 2187.0
1307050 2187.0
1307060 2178.4
1307070 2169.3
1307080 2169.3
1307090 2160.0
1307100 2149.6
1307110 2149.6
1307120 2139.2
1307130 2129.2
1307140 2129.2
1307150 2118.2
1307160 2107.6
1307170 2097.3
1307180 2097.3
1307190 2088.3
1307200 2083.8
1307210 2083.8
1307220 2085.3
1307230 2087.1
1307240 2087.1
1307250 2085.4
1307260 2083.7
1307270 2083.7
1307280 2081.5
1307290 2088.3
1307300 2088.3
1307310 2091.4
1307320 2093.7
1307330 2093.7
1307340 2091.0
1307350 2087.7
1307360 2087.7
1307370 2083.5
1307380 2081.2
1307390 2077.7
1307400 2077.7
1307410 2074.0
1307420 2072.4
1307430 2072.4
1307440 2073.2
1307450 2072.7
1307460 2072.7
1307470 2069.6
1307480 2066.9
1307490 2066.9
1307500 2065.2
1307510 2065.1
1307520 2065.1
1307530 2064.9
1307540 2063.7
1307550 2063.7
1307560 2061.2
1307570 2057.7
1307580 2057.7
1307590 2053.9
1307600 2050.4
1307610 2047.1
1307620 2047.1
1307630 2044.7
1307640 2041.5
1307650 2041.5
1307660 2037.1
1307670 2033.8
1307680 2033.8
1307690 2029.0
1307700 2023.6
1307710 2023.6
1307720 2018.3
1307730 2013.4
1307740 2013.4
1307750 2008.1
1307760 2004.3
1307770 2004.3
1307780 1998.3
1307790 1991.2
1307800 1985.2
1307810 1985.2
1307820 1979.3
1307830 1974.3
1307840 1974.3
1307850 1970.0
1307860 1964.5
1307870 1964.5
1307880 1958.8
1307890 1954.7
1307900 1954.7
1307910 1950.3
1307920 1945.6
1307930 1945.6
1307940 1940.3
1307950 1934.1
1307960 1934.1
1307970 1927.9
1307980 1922.6
1307990 1922.6
1308000 1912.9
1308010 1903.2
1308020 1893.1
1308030 1893.1
1308040 1884.3
1308050 1874.6
1308060 1874.6
1308070 1862.6
1308080 1848.3
1308090 1848.3
1308100 1833.9
1308110 1822.7
1308120 1822.7
1308130 1814.4
1308140 1806.6
1308150 1806.6
1308160 1798.2
1308170 1790.9
1308180 1790.9
1308190 1786.8
1308200 1784.7
1308210 1784.7
1308220 1775.5
1308230 1764.6
1308240 1746.1
1308250 1746.1
1308260 1732.9
1308270 1732.1
1308280 1732.1
1308290 1735.6
1308300 1734.3
1308310 1734.3
1308320 1728.0
1308330 1726.3
1308340 1726.3
1308350 1729.7
1308360 1732.3
1308370 1732.3
1308380 1730.4
1308390 1726.5
1308400 1726.5
1308410 1723.4
1308420 1721.7
1308430 1721.7
1308440 1715.8
1308450 1703.9
1308460 1695.1
1308470 1695.1
1308480 1690.3
1308490 1686.7
1308500 1686.7
1308510 1684.0
1308520 1679.1
1308530 1679.1
1308540 1671.6
1308550 1665.5
1308560 1665.5
1308570 1659.2
1308580 1650.6
1308590 1650.6
1308600 1643.3
1308610 1635.5
1308620 1635.5
1308630 1627.3
1308640 1619.6
1308650 1611.7
1308660 1611.7
1308670 1604.4
1308680 1597.4
1308690 1597.4
1308700 1589.9
1308710 1582.3
1308720 1582.3
1308730 1580.9
1308740 1569.4
1308750 1569.4
1308760 1559.1
1308770 1550.4
1308780 1550.4
1308790 1543.0
1308800 1536.8
1308810 1536.8
1308820 1531.1
1308830 1526.0
1308840 1526.0
1308850 1517.7
1308860 1507.9
1308870 1497.2
1308880 1497.2
1308890 1486.7
1308900 1479.2
1308910 1479.2
1308920 1473.5
1308930 1468.1
1308940 1468.1
1308950 1463.6
1308960 1458.8
1308970 1458.8
1308980 1453.9
1308990 1449.1
1309000 1449.1
1309010 1443.5
1309020 1437.4
1309030 1437.4
1309040 1432.0
1309050 1426.6
1309060 1426.6
1309070 1421.1
1309080 1415.6
1309090 1410.5
1309100 1410.5
1309110 1406.8
1309120 1402.8
1309130 1402.8
1309140 1398.5
1309150 1394.6
1309160 1394.6
1309170 1391.4
1309180 1389.2
1309190 1389.2
1309200 1387.5
1309210 1385.5
1309220 1385.5
1309230 1382.4
1309240 1378.9
1309250 1378.9
1309260 1375.1
1309270 1372.1
1309280 1372.1
1309290 1368.8
1309300 1364.8
1309310 1360.1
1309320 1360.1
1309330 1354.7
1309340 1354.4
1309350 1354.4
1309360 1354.9
1309370 1355.0
1309380 1355.0
1309390 1354.4
1309400 1354.8
1309410 1354.8
1309420 1356.0
1309430 1356.4
1309440 1356.4
1309450 1356.9
1309460 1356.7
1309470 1356.7
1309480 1356.9
1309490 1357.1
1309500 1357.0
1309510 1357.0
1309520 1357.1
1309530 1357.7
1309540 1357.7
1309550 1358.3
1309560 1358.4
1309570 1358.4
1309580 1358.6
1309590 1359.1
1309600 1359.1
1309610 1359.9
1309620 1360.6
1309630 1360.6
1309640 1360.9
1309650 1360.9
1309660 1360.9
1309670 1360.7
1309680 1360.4
1309690 1360.4
1309700 1361.1
1309710 1362.2
1309720 1363.2
1309730 1363.2
1309740 1364.2
1309750 1365.5
1309760 1365.5
1309770 1367.5
1309780 1369.2
1309790 1369.2
1309800 1370.5
1309810 1373.2
1309820 1373.2
1309830 1375.5
1309840 1375.1
1309850 1375.1
1309860 1374.2
1309870 1375.8
1309880 1375.8
1309890 1377.7
1309900 1380.5
1309910 1380.5
1309920 1382.6
1309930 1383.1
1309940 1382.3
1309950 1382.3
1309960 1382.2
1309970 1383.9
1309980 1383.9
1309990 1385.6
1310000 1388.1
1310010 1388.1
1310020 1391.8
1310030 1396.7
1310040 1396.7
1310050 1401.7
1310060 1407.8
1310070 1407.8
1310080 1412.6
1310090 1418.3
1310100 1418.3
1310110 1424.9
1310120 1429.3
1310130 1429.3
1310140 1435.5
1310150 1441.9
1310160 1448.3
1310170 1448.3
1310180 1455.4
1310190 1462.2
1310200 1462.2
1310210 1468.6
1310220 1476.1
1310230 1476.1
1310240 1483.8
1310250 1490.4
1310260 1490.4
1310270 1496.5
1310280 1502.6
1310290 1502.6
1310300 1508.8
1310310 1515.2
1310320 1515.2
1310330 1521.9
1310340 1527.4
1310350 1532.3
1310360 1532.3
1310370 1538.2
1310380 1544.0
1310390 1544.0
1310400 1549.6
1310410 1557.4
1310420 1557.4
1310430 1564.6
1310440 1572.5
1310450 1572.5
1310460 1582.9
1310470 1592.0
1310480 1592.0
1310490 1600.3
1310500 1608.9
1310510 1608.9
1310520 1617.6
1310530 1627.3
1310540 1627.3
1310550 1639.7
1310560 1652.5
1310570 1662.8
1310580 1662.8
1310590 1673.5
1310600 1683.0
1310610 1683.0
1310620 1686.9
1310630 1682.9
1310640 1682.9
1310650 1674.3
1310660 1669.9
1310670 1669.9
1310680 1678.8
1310690 1689.1
1310700 1689.1
1310710 1684.0
1310720 1682.2
1310730 1682.2
1310740 1681.8
1310750 1679.9
1310760 1679.9
1310770 1681.9
1310780 1688.5
1310790 1697.6
1310800 1697.6
1310810 1708.0
1310820 1719.6
1310830 1719.6
1310840 1732.1
1310850 1746.2
1310860 1746.2
1310870 1761.9
1310880 1778.6
1310890 1778.6
1310900 1813.8
1310910 1824.9
1310920 1824.9
1310930 1834.0
1310940 1842.3
1310950 1842.3
1310960 1850.6
1310970 1860.7
1310980 1860.7
1310990 1867.5
1311000 1870.8
1311010 1874.8
1311020 1874.8
1311030 1879.9
1311040 1884.8
1311050 1884.8
1311060 1889.3
1311070 1894.0
1311080 1894.0
1311090 1900.2
1311100 1907.6
1311110 1907.6
1311120 1917.7
1311130 1931.3
1311140 1931.3
1311150 1942.1
1311160 1952.2
1311170 1952.2
1311180 1962.1
1311190 1971.6
1311200 1981.5
1311210 1981.5
1311220 1992.3
1311230 2004.1
1311240 2004.1
1311250 2013.8
1311260 2023.2
1311270 2023.2
1311280 2034.7
1311290 2045.8
1311300 2045.8
1311310 2056.3
1311320 2066.2
1311330 2066.2
1311340 2075.5
1311350 2082.5
1311360 2082.5
1311370 2088.1
1311380 2092.9
1311390 2092.9
1311400 2097.6
1311410 2102.4
1311420 2107.3
1311430 2107.3
1311440 2111.7
1311450 2116.1
1311460 2116.1
1311470 2120.6
1311480 2125.1
1311490 2125.1
1311500 2129.2
1311510 2134.2
1311520 2134.2
1311530 2139.3
1311540 2144.3
1311550 2144.3
1311560 2149.2
1311570 2153.1
1311580 2153.1
1311590 2155.8
1311600 2158.1
1311610 2158.1
1311620 2160.7
1311630 2163.6
1311640 2159.3
1311650 2159.3
1311660 2161.1
1311670 2163.5
1311680 2163.5
1311690 2166.0
1311700 2166.4
1311710 2166.4
1311720 2165.7
1311730 2165.3
1311740 2165.3
1311750 2164.6
1311760 2163.5
1311770 2163.5
1311780 2164.3
1311790 2165.3
1311800 2165.3
1311810 2169.0
1311820 2174.3
1311830 2174.3
1311840 2178.2
1311850 2182.9
1311860 2187.7
1311870 2187.7
1311880 2191.7
1311890 2195.9
1311900 2195.9
1311910 2199.3
1311920 2201.1
1311930 2201.1
1311940 2201.6
1311950 2204.5
1311960 2204.5
1311970 2209.4
1311980 2214.5
1311990 2214.5
1312000 2219.4
1312010 2223.3
1312020 2223.3
1312030 2226.7
1312040 2229.0
1312050 2231.2
1312060 2231.2
1312070 2235.2
1312080 2240.0
1312090 2240.0
1312100 2244.9
1312110 2249.5
1312120 2249.5
1312130 2253.6
1312140 2256.4
1312150 2256.4
1312160 2261.1
1312170 2265.9
1312180 2265.9
1312190 2271.3
1312200 2276.0
1312210 2276.0
1312220 2280.9
1312230 2285.1
1312240 2285.1
1312250 2288.8
1312260 2293.7
1312270 2299.0
1312280 2299.0
1312290 2303.9
1312300 2308.7
1312310 2308.7
1312320 2314.6
1312330 2319.8
1312340 2319.8
1312350 2324.5
1312360 2329.3
1312370 2332.8
1312380 2338.0
1312390 2343.0
1312400 2343.0
1312410 2348.0
1312420 2352.8
1312430 2352.8
1312440 2357.7
1312450 2362.3
1312460 2362.3
1312470 2366.3
1312480 2369.6
1312490 2372.9
1312500 2372.9
1312510 2376.6
1312520 2380.6
1312530 2380.6
1312540 2385.1
1312550 2389.6
1312560 2389.6
1312570 2394.0
1312580 2399.1
1312590 2399.1
1312600 2404.5
1312610 2409.4
1312620 2409.4
1312630 2413.3
1312640 2416.1
1312650 2416.1
1312660 2419.0
1312670 2422.1
1312680 2422.1
1312690 2425.5
1312700 2428.7
1312710 2431.6
1312720 2431.6
1312730 2435.3
1312740 2439.8
1312750 2439.8
1312760 2443.8
1312770 2447.9
1312780 2447.9
1312790 2452.3
1312800 2456.3
1312810 2456.3
1312820 2459.7
1312830 2463.1
1312840 2463.1
1312850 2466.1
1312860 2469.1
1312870 2469.1
1312880 2473.0
1312890 2477.4
1312900 2481.7
1312910 2481.7
1312920 2486.4
1312930 2490.4
1312940 2490.4
1312950 2494.8
1312960 2499.1
1312970 2499.1
1312980 2503.3
1312990 2507.3
1313000 2507.3
1313010 2511.9
1313020 2516.2
1313030 2516.2
1313040 2521.4
1313050 2527.2
1313060 2527.2
1313070 2532.9
1313080 2538.2
1313090 2538.2
1313100 2543.4
1313110 2554.1
1313120 2560.0
1313130 2560.0
1313140 2567.0
1313150 2573.6
1313160 2573.6
1313170 2580.3
1313180 2586.6
1313190 2586.6
1313200 2593.5
1313210 2601.8
1313220 2601.8
1313230 2618.7
1313240 2634.9
1313250 2634.9
1313260 2642.2
1313270 2648.3
1313280 2648.3
1313290 2654.5
1313300 2661.4
1313310 2661.4
1313320 2668.9
1313330 2678.0
1313340 2688.0
1313350 2688.0
1313360 2699.8
1313370 2712.1
1313380 2712.1
1313390 2714.0
1313400 2701.6
1313410 2701.6
1313420 2685.0
1313430 2675.8
1313440 2675.8
1313450 2671.7
1313460 2668.5
1313470 2668.5
1313480 2666.9
1313490 2666.3
1313500 2666.3
1313510 2665.9
1313520 2666.0
1313530 2666.0
1313540 2666.2
1313550 2666.6
1313560 2666.7
1313570 2666.7
1313580 2667.5
1313590 2669.3
1313600 2669.3
1313610 2671.9
1313620 2674.3
1313630 2674.3
1313640 2675.8
1313650 2677.1
1313660 2677.1
1313670 2679.0
1313680 2681.3
1313690 2681.3
1313700 2684.0
1313710 2685.6
1313720 2685.6
1313730 2686.8
1313740 2688.5
1313750 2690.4
1313760 2690.4
1313770 2692.3
1313780 2693.3
1313790 2693.3
1313800 2694.5
1313810 2695.8
1313820 2695.8
1313830 2696.2
1313840 2696.5
1313850 2692.3
1313860 2694.1
1313870 2695.1
1313880 2695.1
1313890 2694.4
1313900 2694.4
1313910 2694.4
1313920 2693.5
1313930 2691.8
1313940 2691.8
1313950 2692.9
1313960 2694.2
1313970 2695.2
1313980 2695.2
1313990 2696.9
1314000 2697.3
1314010 2697.3
1314020 2696.5
1314030 2698.7
1314040 2698.7
1314050 2702.2
1314060 2703.0
1314070 2703.0
1314080 2705.0
1314090 2706.2
1314100 2706.2
1314110 2706.6
1314120 2707.9
1314130 2707.9
1314140 2709.7
1314150 2710.8
1314160 2710.8
1314170 2712.4
1314180 2713.6
1314190 2714.5
1314200 2714.5
1314210 2716.4
1314220 2721.4
1314230 2721.4
1314240 2728.7
1314250 2735.0
1314260 2735.0
1314270 2738.4
1314280 2741.1
1314290 2741.1
1314300 2744.6
1314310 2748.8
1314320 2748.8
1314330 2752.6
1314340 2755.6
1314350 2755.6
1314360 2758.1
1314370 2759.8
1314380 2759.8
1314390 2760.1
1314400 2760.3
1314410 2760.7
1314420 2760.7
1314430 2761.0
1314440 2761.3
1314450 2761.3
1314460 2761.2
1314470 2760.2
1314480 2760.2
1314490 2758.5
1314500 2756.1
1314510 2756.1
1314520 2752.7
1314530 2752.1
1314540 2752.1
1314550 2754.5
1314560 2758.8
1314570 2758.8
1314580 2761.1
1314590 2762.5
1314600 2765.4
1314610 2765.4
1314620 2769.8
1314630 2774.1
1314640 2774.1
1314650 2779.1
1314660 2785.5
1314670 2785.5
1314680 2787.6
1314690 2788.3
1314700 2788.3
1314710 2789.7
1314720 2791.8
1314730 2791.8
1314740 2794.7
1314750 2798.0
1314760 2798.0
1314770 2802.0
1314780 2804.1
1314790 2804.1
1314800 2804.0
1314810 2804.6
1314820 2804.8
1314830 2804.8
1314840 2804.4
1314850 2804.5
1314860 2804.5
1314870 2803.7
1314880 2803.2
1314890 2803.2
1314900 2803.8
1314910 2806.3
1314920 2806.3
1314930 2808.1
1314940 2809.8
1314950 2809.8
1314960 2813.6
1314970 2817.8
1314980 2817.8
1314990 2823.9
1315000 2830.3
1315010 2830.3
1315020 2837.8
1315030 2846.0
1315040 2854.5
1315050 2854.5
1315060 2862.2
1315070 2868.8
1315080 2868.8
1315090 2874.7
1315100 2882.8
1315110 2882.8
1315120 2896.3
1315130 2916.0
1315140 2916.0
1315150 2927.0
1315160 2921.7
1315170 2921.7
1315180 2916.6
1315190 2914.0
1315200 2914.0
1315210 2913.1
1315220 2910.7
1315230 2910.7
1315240 2906.8
1315250 2904.1
1315260 2901.0
1315270 2901.0
1315280 2892.1
1315290 2880.9
1315300 2880.9
1315310 2870.8
1315320 2862.9
1315330 2862.9
1315340 2851.5
1315350 2843.1
1315360 2843.1
1315370 2840.5
1315380 2838.3
1315390 2838.3
1315400 2836.9
1315410 2838.3
1315420 2838.3
1315430 2839.7
1315440 2842.8
1315450 2845.1
1315460 2845.1
1315470 2848.1
1315480 2850.1
1315490 2850.1
1315500 2849.9
1315510 2842.1
1315520 2842.1
1315530 2830.2
1315540 2821.1
1315550 2821.1
1315560 2817.7
1315570 2817.1
1315580 2817.1
1315590 2816.5
1315600 2813.3
1315610 2813.3
1315620 2810.8
1315630 2808.6
1315640 2808.6
1315650 2807.8
1315660 2807.0
1315670 2807.2
1315680 2807.2
1315690 2808.7
1315700 2809.2
1315710 2809.2
1315720 2811.6
1315730 2815.3
1315740 2815.3
1315750 2818.3
1315760 2822.5
1315770 2822.5
1315780 2826.6
1315790 2832.8
1315800 2832.8
1315810 2839.2
1315820 2844.0
1315830 2844.0
1315840 2842.8
1315850 2839.2
1315860 2839.2
1315870 2841.5
1315880 2835.3
1315890 2816.6
1315900 2816.6
1315910 2805.6
1315920 2797.6
1315930 2797.6
1315940 2790.2
1315950 2783.8
1315960 2783.8
1315970 2782.4
1315980 2780.7
1315990 2780.7
1316000 2779.0
1316010 2779.0
1316020 2779.0
1316030 2779.4
1316040 2779.7
1316050 2779.7
1316060 2781.8
1316070 2785.0
1316080 2785.0
1316090 2780.1
1316100 2784.2
1316110 2790.5
1316120 2790.5
1316130 2798.5
1316140 2807.2
1316150 2807.2
1316160 2815.8
1316170 2822.4
1316180 2822.4
1316190 2826.6
1316200 2823.7
1316210 2823.7
1316220 2818.8
1316230 2813.4
1316240 2813.4
1316250 2805.8
1316260 2801.2
1316270 2801.2
1316280 2797.4
1316290 2793.3
1316300 2788.1
1316310 2788.1
1316320 2781.8
1316330 2767.4
1316340 2767.4
1316350 2735.3
1316360 2715.3
1316370 2715.3
1316380 2699.3
1316390 2685.0
1316400 2685.0
1316410 2676.7
1316420 2665.6
1316430 2665.6
1316440 2653.1
1316450 2643.5
1316460 2643.5
1316470 2636.5
1316480 2629.6
1316490 2629.6
1316500 2624.3
1316510 2619.5
1316520 2614.7
1316530 2614.7
1316540 2609.9
1316550 2605.0
1316560 2605.0
1316570 2599.9
1316580 2594.2
1316590 2594.2
1316600 2588.9
1316610 2582.9
1316620 2582.9
1316630 2577.4
1316640 2572.0
1316650 2572.0
1316660 2566.1
1316670 2560.0
1316680 2560.0
1316690 2554.5
1316700 2549.0
1316710 2549.0
1316720 2543.6
1316730 2538.0
1316740 2533.5
1316750 2533.5
1316760 2531.0
1316770 2526.7
1316780 2526.7
1316790 2524.1
1316800 2523.3
1316810 2523.3
1316820 2522.9
1316830 2523.2
1316840 2523.2
1316850 2508.1
1316860 2508.9
1316870 2508.9
1316880 2510.7
1316890 2514.0
1316900 2514.0
1316910 2516.1
1316920 2517.6
1316930 2517.6
1316940 2519.8
1316950 2519.4
1316960 2519.7
1316970 2519.7
1316980 2519.5
1316990 2519.4
1317000 2519.4
1317010 2522.3
1317020 2525.9
1317030 2525.9
1317040 2531.1
1317050 2536.8
1317060 2536.8
1317070 2543.3
1317080 2553.1
1317090 2553.1
1317100 2568.9
1317110 2573.1
1317120 2573.1
1317130 2576.5
1317140 2580.9
1317150 2588.4
1317160 2588.4
1317170 2594.1
1317180 2598.5
1317190 2598.5
1317200 2599.4
1317210 2601.2
1317220 2601.2
1317230 2601.7
1317240 2604.2
1317250 2604.2
1317260 2607.0
1317270 2609.0
1317280 2609.0
1317290 2614.2
1317300 2621.3
1317310 2621.3
1317320 2626.9
1317330 2630.2
1317340 2630.2
1317350 2632.8
1317360 2635.4
1317370 2633.9
1317380 2633.9
1317390 2632.0
1317400 2630.1
1317410 2630.1
1317420 2628.7
1317430 2627.0
1317440 2627.0
1317450 2629.0
1317460 2632.9
1317470 2632.9
1317480 2636.8
1317490 2639.3
1317500 2639.3
1317510 2641.6
1317520 2645.0
1317530 2645.0
1317540 2649.0
1317550 2653.3
1317560 2653.3
1317570 2657.5
1317580 2661.7
1317590 2665.2
1317600 2666.5
1317610 2670.2
1317620 2673.2
1317630 2673.2
1317640 2676.6
1317650 2679.2
1317660 2679.2
1317670 2679.0
1317680 2678.0
1317690 2678.0
1317700 2678.0
1317710 2680.0
1317720 2680.0
1317730 2681.7
1317740 2682.9
1317750 2682.9
1317760 2684.5
1317770 2689.1
1317780 2689.1
1317790 2696.4
1317800 2701.6
1317810 2702.7
1317820 2702.7
1317830 2702.4
1317840 2700.8
1317850 2700.8
1317860 2699.2
1317870 2698.2
1317880 2698.2
1317890 2698.9
1317900 2699.7
1317910 2699.7
1317920 2701.0
1317930 2703.8
1317940 2703.8
1317950 2705.6
1317960 2705.9
1317970 2705.9
1317980 2709.7
1317990 2717.0
1318000 2723.9
1318010 2723.9
1318020 2729.1
1318030 2732.4
1318040 2732.4
1318050 2733.6
1318060 2734.0
1318070 2734.0
1318080 2733.5
1318090 2730.6
1318100 2730.6
1318110 2725.0
1318120 2719.8
1318130 2719.8
1318140 2715.4
1318150 2712.7
1318160 2712.7
1318170 2710.7
1318180 2707.0
1318190 2707.0
1318200 2705.2
1318210 2703.3
1318220 2702.6
1318230 2702.6
1318240 2700.0
1318250 2697.5
1318260 2697.5
1318270 2697.5
1318280 2697.8
1318290 2697.8
1318300 2698.9
1318310 2699.8
1318320 2699.8
1318330 2702.3
1318340 2705.2
1318350 2705.2
1318360 2701.2
1318370 2698.2
1318380 2698.2
1318390 2697.6
1318400 2698.6
1318410 2698.6
1318420 2700.0
1318430 2701.2
1318440 2703.3
1318450 2703.3
1318460 2705.4
1318470 2706.5
1318480 2706.5
1318490 2707.7
1318500 2710.1
1318510 2710.1
1318520 2715.6
1318530 2720.6
1318540 2720.6
1318550 2724.4
1318560 2728.8
1318570 2728.8
1318580 2732.8
1318590 2735.4
1318600 2735.4
1318610 2735.6
1318620 2734.2
1318630 2734.2
1318640 2733.6
1318650 2732.4
1318660 2730.9
1318670 2730.9
1318680 2728.8
1318690 2727.5
1318700 2727.5
1318710 2727.3
1318720 2728.7
1318730 2728.7
1318740 2731.0
1318750 2733.7
1318760 2733.7
1318770 2736.4
1318780 2739.1
1318790 2739.1
1318800 2741.9
1318810 2744.9
1318820 2744.9
1318830 2747.9
1318840 2751.0
1318850 2753.9
1318860 2753.9
1318870 2757.2
1318880 2761.0
1318890 2761.0
1318900 2764.8
1318910 2768.8
1318920 2768.8
1318930 2772.8
1318940 2777.1
1318950 2777.1
1318960 2781.9
1318970 2786.9
1318980 2786.9
1318990 2792.2
1319000 2797.9
1319010 2797.9
1319020 2810.1
1319030 2827.8
1319040 2827.8
1319050 2839.6
1319060 2856.0
1319070 2868.6
1319080 2868.6
1319090 2878.9
1319100 2889.5
1319110 2889.5
1319120 2902.5
1319130 2915.4
1319140 2915.4
1319150 2919.3
1319160 2924.4
1319170 2924.4
1319180 2929.8
1319190 2934.7
1319200 2934.7
1319210 2938.1
1319220 2940.1
1319230 2940.1
1319240 2939.0
1319250 2924.8
1319260 2924.8
1319270 2907.9
1319280 2892.7
1319290 2871.2
1319300 2871.2
1319310 2853.7
1319320 2834.4
1319330 2834.4
1319340 2816.1
1319350 2798.0
1319360 2798.0
1319370 2785.4
1319380 2775.5
1319390 2775.5
1319400 2768.0
1319410 2764.1
1319420 2764.1
1319430 2762.1
1319440 2760.0
1319450 2760.0
1319460 2756.1
1319470 2746.8
1319480 2735.5
1319490 2735.5
1319500 2724.6
1319510 2718.5
1319520 2718.5
1319530 2704.2
1319540 2691.0
1319550 2691.0
1319560 2685.9
1319570 2679.9
1319580 2679.9
1319590 2670.5
1319600 2662.0
1319610 2662.0
1319620 2659.7
1319630 2658.2
1319640 2658.2
1319650 2656.9
1319660 2655.8
1319670 2655.8
1319680 2654.5
1319690 2650.6
1319700 2645.3
1319710 2645.3
1319720 2639.7
1319730 2635.4
1319740 2635.4
1319750 2632.1
1319760 2629.4
1319770 2629.4
1319780 2627.3
1319790 2624.6
1319800 2624.6
1319810 2622.4
1319820 2620.4
1319830 2620.4
1319840 2617.1
1319850 2610.6
1319860 2610.6
1319870 2602.6
1319880 2594.8
1319890 2594.8
1319900 2588.8
1319910 2585.9
1319920 2584.3
1319930 2584.3
1319940 2582.3
1319950 2579.6
1319960 2579.6
1319970 2576.1
1319980 2573.9
1319990 2573.9
