1300000 2574.3
1300010 2572.5
1300020 2570.5
1300030 2570.5
1300040 2568.3
1300050 2565.2
1300060 2565.2
1300070 2560.3
1300080 2553.9
1300090 2553.3
1300100 2550.9
1300110 2550.1
1300120 2550.3
1300130 2550.3
1300140 2551.7
1300150 2552.3
1300160 2552.3
1300170 2552.7
1300180 2552.3
1300190 2552.3
1300200 2551.7
1300210 2550.9
1300220 2550.9
1300230 2550.9
1300240 2550.1
1300250 2550.1
1300260 2548.6
1300270 2544.0
1300280 2544.0
1300290 2537.7
1300300 2533.5
1300310 2533.5
1300320 2531.7
1300330 2529.8
1300340 2530.7
1300350 2530.7
1300360 2532.8
1300370 2534.2
1300380 2534.2
1300390 2534.4
1300400 2531.4
1300410 2531.4
1300420 2527.4
1300430 2512.4
1300440 2512.4
1300450 2497.9
1300460 2491.7
1300470 2491.7
1300480 2486.7
1300490 2482.2
1300500 2482.2
1300510 2475.7
1300520 2470.3
1300530 2470.3
1300540 2466.5
1300550 2463.2
1300560 2459.1
1300570 2459.1
1300580 2455.0
1300590 2450.1
1300600 2450.1
1300610 2443.0
1300620 2435.2
1300630 2435.2
1300640 2428.6
1300650 2422.2
1300660 2422.2
1300670 2418.1
1300680 2415.5
1300690 2415.5
1300700 2412.0
1300710 2409.8
1300720 2409.8
1300730 2408.5
1300740 2407.3
1300750 2407.0
1300760 2407.0
1300770 2407.7
1300780 2406.1
1300790 2406.1
1300800 2405.1
1300810 2404.5
1300820 2404.5
1300830 2403.6
1300840 2403.3
1300850 2403.3
1300860 2402.9
1300870 2402.4
1300880 2402.4
1300890 2403.1
1300900 2402.2
1300910 2402.2
1300920 2400.6
1300930 2399.4
1300940 2399.4
1300950 2397.5
1300960 2396.8
1300970 2396.9
1300980 2396.9
1300990 2397.6
1301000 2397.9
1301010 2397.9
1301020 2397.7
1301030 2395.8
1301040 2395.8
1301050 2394.6
1301060 2392.2
1301070 2392.2
1301080 2389.5
1301090 2388.4
1301100 2388.4
1301110 2387.0
1301120 2387.0
1301130 2387.0
1301140 2387.6
1301150 2386.6
1301160 2386.6
1301170 2382.9
1301180 2378.9
1301190 2375.4
1301200 2375.4
1301210 2373.1
1301220 2371.6
1301230 2371.6
1301240 2370.2
1301250 2368.4
1301260 2368.4
1301270 2366.2
1301280 2363.8
1301290 2363.8
1301300 2361.8
1301310 2359.7
1301320 2359.7
1301330 2356.7
1301340 2352.6
1301350 2352.6
1301360 2346.2
1301370 2341.7
1301380 2341.7
1301390 2337.7
1301400 2332.6
1301410 2328.6
1301420 2328.6
1301430 2324.6
1301440 2320.4
1301450 2320.4
1301460 2316.1
1301470 2308.1
1301480 2308.1
1301490 2304.2
1301500 2300.1
1301510 2300.1
1301520 2296.1
1301530 2293.3
1301540 2293.3
1301550 2290.7
1301560 2287.9
1301570 2287.9
1301580 2284.4
1301590 2281.5
1301600 2278.0
1301610 2278.0
1301620 2273.1
1301630 2267.2
1301640 2267.2
1301650 2261.2
1301660 2255.9
1301670 2255.9
1301680 2251.0
1301690 2246.2
1301700 2246.2
1301710 2241.0
1301720 2235.0
1301730 2235.0
1301740 2230.0
1301750 2224.3
1301760 2224.3
1301770 2215.6
1301780 2207.4
1301790 2207.4
1301800 2194.8
1301810 2185.8
1301820 2180.1
1301830 2180.1
1301840 2169.7
1301850 2156.4
1301860 2156.4
1301870 2139.8
1301880 2131.3
1301890 2131.3
1301900 2131.1
1301910 2129.3
1301920 2129.3
1301930 2123.8
1301940 2117.1
1301950 2117.1
1301960 2110.8
1301970 2104.2
1301980 2104.2
1301990 2101.1
1302000 2101.4
1302010 2101.4
1302020 2101.8
1302030 2098.4
1302040 2092.4
1302050 2092.4
1302060 2085.8
1302070 2080.0
1302080 2080.0
1302090 2072.5
1302100 2064.9
1302110 2064.9
1302120 2057.7
1302130 2051.9
1302140 2051.9
1302150 2046.0
1302160 2036.7
1302170 2036.7
1302180 2030.3
1302190 2026.1
1302200 2026.1
1302210 2024.4
1302220 2024.6
1302230 2024.6
1302240 2022.6
1302250 2017.9
1302260 2011.3
1302270 2011.3
1302280 2005.9
1302290 2000.8
1302300 2000.8
1302310 1994.1
1302320 1986.8
1302330 1986.8
1302340 1978.0
1302350 1969.1
1302360 1969.1
1302370 1960.0
1302380 1951.5
1302390 1951.5
1302400 1952.2
1302410 1960.4
1302420 1960.4
1302430 1964.0
1302440 1963.9
1302450 1962.6
1302460 1962.6
1302470 1959.2
1302480 1955.2
1302490 1955.2
1302500 1950.3
1302510 1945.3
1302520 1945.3
1302530 1939.7
1302540 1932.4
1302550 1932.4
1302560 1925.5
1302570 1919.8
1302580 1919.8
1302590 1915.3
1302600 1909.0
1302610 1909.0
1302620 1903.0
1302630 1898.1
1302640 1898.1
1302650 1893.8
1302660 1889.2
1302670 1884.3
1302680 1884.3
1302690 1878.3
1302700 1872.5
1302710 1872.5
1302720 1867.4
1302730 1862.3
1302740 1862.3
1302750 1855.9
1302760 1849.3
1302770 1849.3
1302780 1844.4
1302790 1839.6
1302800 1839.6
1302810 1835.1
1302820 1831.8
1302830 1831.8
1302840 1828.2
1302850 1823.1
1302860 1819.9
1302870 1814.9
1302880 1810.3
1302890 1806.3
1302900 1806.3
1302910 1801.6
1302920 1796.0
1302930 1796.0
1302940 1790.7
1302950 1785.8
1302960 1785.8
1302970 1781.6
1302980 1777.1
1302990 1777.1
1303000 1771.1
1303010 1766.6
1303020 1766.6
1303030 1764.0
1303040 1762.7
1303050 1762.7
1303060 1758.0
1303070 1751.9
1303080 1751.9
1303090 1746.6
1303100 1741.9
1303110 1736.9
1303120 1736.9
1303130 1732.1
1303140 1728.1
1303150 1728.1
1303160 1727.8
1303170 1724.1
1303180 1724.1
1303190 1718.6
1303200 1715.4
1303210 1715.4
1303220 1712.4
1303230 1709.6
1303240 1709.6
1303250 1705.6
1303260 1703.1
1303270 1703.1
1303280 1696.9
1303290 1684.7
1303300 1680.2
1303310 1680.2
1303320 1674.6
1303330 1667.6
1303340 1667.6
1303350 1659.7
1303360 1652.1
1303370 1652.1
1303380 1646.8
1303390 1643.9
1303400 1643.9
1303410 1638.6
1303420 1632.3
1303430 1632.3
1303440 1625.7
1303450 1619.8
1303460 1619.8
1303470 1616.9
1303480 1616.0
1303490 1616.0
1303500 1614.9
1303510 1614.1
1303520 1613.1
1303530 1613.1
1303540 1612.3
1303550 1611.3
1303560 1611.5
1303570 1613.2
1303580 1617.3
1303590 1617.3
1303600 1623.1
1303610 1628.7
1303620 1628.7
1303630 1633.5
1303640 1638.8
1303650 1638.8
1303660 1643.8
1303670 1649.9
1303680 1649.9
1303690 1656.4
1303700 1663.3
1303710 1663.3
1303720 1670.0
1303730 1677.4
1303740 1684.9
1303750 1684.9
1303760 1695.6
1303770 1708.6
1303780 1708.6
1303790 1719.5
1303800 1726.7
1303810 1726.7
1303820 1733.2
1303830 1743.0
1303840 1743.0
1303850 1752.9
1303860 1761.5
1303870 1761.5
1303880 1770.8
1303890 1780.9
1303900 1780.9
1303910 1790.2
1303920 1801.1
1303930 1801.1
1303940 1812.1
1303950 1822.0
1303960 1828.6
1303970 1828.6
1303980 1834.9
1303990 1840.4
1304000 1840.4
1304010 1845.9
1304020 1848.8
1304030 1848.8
1304040 1851.2
1304050 1855.1
1304060 1855.1
1304070 1858.8
1304080 1859.0
1304090 1859.0
1304100 1859.5
1304110 1860.1
1304120 1860.1
1304130 1861.7
1304140 1862.9
1304150 1863.8
1304160 1863.8
1304170 1866.4
1304180 1868.5
1304190 1868.5
1304200 1871.0
1304210 1874.5
1304220 1874.5
1304230 1879.6
1304240 1884.4
1304250 1884.4
1304260 1893.5
1304270 1897.9
1304280 1897.9
1304290 1901.2
1304300 1905.1
1304310 1905.1
1304320 1909.1
1304330 1912.2
1304340 1912.2
1304350 1914.8
1304360 1916.6
1304370 1918.9
1304380 1918.9
1304390 1921.4
1304400 1923.0
1304410 1923.0
1304420 1924.8
1304430 1926.7
1304440 1926.7
1304450 1929.5
1304460 1933.2
1304470 1933.2
1304480 1936.4
1304490 1940.8
1304500 1940.8
1304510 1946.8
1304520 1954.8
1304530 1954.8
1304540 1962.9
1304550 1969.7
1304560 1969.7
1304570 1978.2
1304580 1986.5
1304590 1992.3
1304600 1992.3
1304610 1998.6
1304620 2005.1
1304630 2005.1
1304640 2009.4
1304650 2013.0
1304660 2013.0
1304670 2018.5
1304680 2023.7
1304690 2023.7
1304700 2027.5
1304710 2032.6
1304720 2032.6
1304730 2035.8
1304740 2038.0
1304750 2038.0
1304760 2039.8
1304770 2043.2
1304780 2043.2
1304790 2048.8
1304800 2054.2
1304810 2058.5
1304820 2058.5
1304830 2063.0
1304840 2066.6
1304850 2066.6
1304860 2072.4
1304870 2079.6
1304880 2079.6
1304890 2082.8
1304900 2085.0
1304910 2085.0
1304920 2087.6
1304930 2091.6
1304940 2091.6
1304950 2099.2
1304960 2105.8
1304970 2105.8
1304980 2109.0
1304990 2111.8
1305000 2113.3
1305010 2113.3
1305020 2114.8
1305030 2118.2
1305040 2118.2
1305050 2121.0
1305060 2123.0
1305070 2123.0
1305080 2124.9
1305090 2127.5
1305100 2127.5
1305110 2130.2
1305120 2132.7
1305130 2132.7
1305140 2134.6
1305150 2137.1
1305160 2137.1
1305170 2139.8
1305180 2143.0
1305190 2143.0
1305200 2147.4
1305210 2152.7
1305220 2158.1
1305230 2158.1
1305240 2162.8
1305250 2167.1
1305260 2167.1
1305270 2170.5
1305280 2173.7
1305290 2173.7
1305300 2177.4
1305310 2181.0
1305320 2181.0
1305330 2184.7
1305340 2190.2
1305350 2190.2
1305360 2196.1
1305370 2200.0
1305380 2200.0
1305390 2202.6
1305400 2206.9
1305410 2206.9
1305420 2212.3
1305430 2218.0
1305440 2222.9
1305450 2222.9
1305460 2227.1
1305470 2232.9
1305480 2232.9
1305490 2236.7
1305500 2243.5
1305510 2243.5
1305520 2251.7
1305530 2256.4
1305540 2256.4
1305550 2260.8
1305560 2265.8
1305570 2265.8
1305580 2270.7
1305590 2275.4
1305600 2275.4
1305610 2280.3
1305620 2284.9
1305630 2284.9
1305640 2290.2
1305650 2296.0
1305660 2301.4
1305670 2304.0
1305680 2308.7
1305690 2313.3
1305700 2313.3
1305710 2318.9
1305720 2325.1
1305730 2325.1
1305740 2329.6
1305750 2331.7
1305760 2331.7
1305770 2334.4
1305780 2337.3
1305790 2337.3
1305800 2339.6
1305810 2341.9
1305820 2341.9
1305830 2345.1
1305840 2347.9
1305850 2351.4
1305860 2351.4
1305870 2355.6
1305880 2359.7
1305890 2359.7
1305900 2363.4
1305910 2366.2
1305920 2366.2
1305930 2369.1
1305940 2372.0
1305950 2372.0
1305960 2375.6
1305970 2378.4
1305980 2378.4
1305990 2379.0
1306000 2380.3
1306010 2380.3
1306020 2383.1
1306030 2386.8
1306040 2386.8
1306050 2391.3
1306060 2396.2
1306070 2401.0
1306080 2401.0
1306090 2406.1
1306100 2412.0
1306110 2412.0
1306120 2418.6
1306130 2426.9
1306140 2426.9
1306150 2441.4
1306160 2459.6
1306170 2459.6
1306180 2474.6
1306190 2484.9
1306200 2484.9
1306210 2494.4
1306220 2502.7
1306230 2502.7
1306240 2508.4
1306250 2513.0
1306260 2513.0
1306270 2517.3
1306280 2523.4
1306290 2529.4
1306300 2529.4
1306310 2535.5
1306320 2542.6
1306330 2542.6
1306340 2550.4
1306350 2556.0
1306360 2556.0
1306370 2561.9
1306380 2556.4
1306390 2556.4
1306400 2565.7
1306410 2572.0
1306420 2572.0
1306430 2565.4
1306440 2557.7
1306450 2557.7
1306460 2553.6
1306470 2549.1
1306480 2549.1
1306490 2545.5
1306500 2540.9
1306510 2532.3
1306520 2532.3
1306530 2521.3
1306540 2511.2
1306550 2511.2
1306560 2499.1
1306570 2485.5
1306580 2485.5
1306590 2473.5
1306600 2461.9
1306610 2461.9
1306620 2451.1
1306630 2440.7
1306640 2440.7
1306650 2431.7
1306660 2423.0
1306670 2423.0
1306680 2412.3
1306690 2398.3
1306700 2383.2
1306710 2383.2
1306720 2369.3
1306730 2357.8
1306740 2357.8
1306750 2346.5
1306760 2332.1
1306770 2332.1
1306780 2318.0
1306790 2306.8
1306800 2306.8
1306810 2296.7
1306820 2289.3
1306830 2289.3
1306840 2283.4
1306850 2277.2
1306860 2277.2
1306870 2271.4
1306880 2265.7
1306890 2265.7
1306900 2260.2
1306910 2255.0
1306920 2249.3
1306930 2249.3
1306940 2242.9
1306950 2236.0
1306960 2236.0
1306970 2227.9
1306980 2219.0
1306990 2219.0
1307000 2210.1
1307010 2201.4
1307020 2201.4
1307030 2193.5
1307040 2185.9
1307050 2185.9
1307060 2178.9
1307070 2171.7
1307080 2171.7
1307090 2161.7
1307100 2151.3
1307110 2151.3
1307120 2142.0
1307130 2132.3
1307140 2122.5
1307150 2122.5
1307160 2111.7
1307170 2100.2
1307180 2100.2
1307190 2090.8
1307200 2081.7
1307210 2081.7
1307220 2070.9
1307230 2061.5
1307240 2061.5
1307250 2056.8
1307260 2055.5
1307270 2055.5
1307280 2053.3
1307290 2050.5
1307300 2050.5
1307310 2048.6
1307320 2051.4
1307330 2051.4
1307340 2055.1
1307350 2054.1
1307360 2052.4
1307370 2052.4
1307380 2051.1
1307390 2049.5
1307400 2049.5
1307410 2048.1
1307420 2045.5
1307430 2045.5
1307440 2044.0
1307450 2041.1
1307460 2041.1
1307470 2039.6
1307480 2036.9
1307490 2036.9
1307500 2035.7
1307510 2034.9
1307520 2034.9
1307530 2034.3
1307540 2033.8
1307550 2033.4
1307560 2033.4
1307570 2033.0
1307580 2032.1
1307590 2032.1
1307600 2030.9
1307610 2029.1
1307620 2029.1
1307630 2027.5
1307640 2023.9
1307650 2023.9
1307660 2019.8
1307670 2016.1
1307680 2016.1
1307690 2011.8
1307700 2006.7
1307710 2006.7
1307720 2002.0
1307730 1998.7
1307740 1998.7
1307750 1994.0
1307760 1988.0
1307770 1981.7
1307780 1981.7
1307790 1975.4
1307800 1970.6
1307810 1975.6
1307820 1970.4
1307830 1966.1
1307840 1966.1
1307850 1960.5
1307860 1956.0
1307870 1956.0
1307880 1951.3
1307890 1947.3
1307900 1947.3
1307910 1943.0
1307920 1937.9
1307930 1937.9
1307940 1933.2
1307950 1929.4
1307960 1929.4
1307970 1923.5
1307980 1917.1
1307990 1910.9
1308000 1910.9
1308010 1902.2
1308020 1892.0
1308030 1892.0
1308040 1878.8
1308050 1865.0
1308060 1865.0
1308070 1851.6
1308080 1838.7
1308090 1838.7
1308100 1826.4
1308110 1812.8
1308120 1812.8
1308130 1799.9
1308140 1789.5
1308150 1789.5
1308160 1783.2
1308170 1776.2
1308180 1776.2
1308190 1768.7
1308200 1761.5
1308210 1753.4
1308220 1753.4
1308230 1745.1
1308240 1739.3
1308250 1739.3
1308260 1734.5
1308270 1731.2
1308280 1731.2
1308290 1729.0
1308300 1722.3
1308310 1722.3
1308320 1693.8
1308330 1676.8
1308340 1676.8
1308350 1677.2
1308360 1678.3
1308370 1678.3
1308380 1682.6
1308390 1684.7
1308400 1687.9
1308410 1687.9
1308420 1691.4
1308430 1688.3
1308440 1688.3
1308450 1683.7
1308460 1673.8
1308470 1673.8
1308480 1665.1
1308490 1655.0
1308500 1655.0
1308510 1645.2
1308520 1641.6
1308530 1655.4
1308540 1650.5
1308550 1647.1
1308560 1647.1
1308570 1640.6
1308580 1634.4
1308590 1634.4
1308600 1628.2
1308610 1623.5
1308620 1617.4
1308630 1617.4
1308640 1611.1
1308650 1603.5
1308660 1603.5
1308670 1594.1
1308680 1585.6
1308690 1585.6
1308700 1576.8
1308710 1568.9
1308720 1568.9
1308730 1560.9
1308740 1553.7
1308750 1553.7
1308760 1546.5
1308770 1539.1
1308780 1539.1
1308790 1529.3
1308800 1520.2
1308810 1520.2
1308820 1512.0
1308830 1502.3
1308840 1493.7
1308850 1493.7
1308860 1487.3
1308870 1482.5
1308880 1482.5
1308890 1476.8
1308900 1470.0
1308910 1470.0
1308920 1463.4
1308930 1456.7
1308940 1456.7
1308950 1450.2
1308960 1444.3
1308970 1444.3
1308980 1439.1
1308990 1434.3
1309000 1434.3
1309010 1430.5
1309020 1426.6
1309030 1426.6
1309040 1422.2
1309050 1417.4
1309060 1412.8
1309070 1412.8
1309080 1407.8
1309090 1402.3
1309100 1402.3
1309110 1397.5
1309120 1392.6
1309130 1392.6
1309140 1387.3
1309150 1382.5
1309160 1382.5
1309170 1378.4
1309180 1374.9
1309190 1374.9
1309200 1372.1
1309210 1370.0
1309220 1370.0
1309230 1369.1
1309240 1367.4
1309250 1367.9
1309260 1367.9
1309270 1364.3
1309280 1359.9
1309290 1359.9
1309300 1355.2
1309310 1353.7
1309320 1353.7
1309330 1354.2
1309340 1354.5
1309350 1354.5
1309360 1354.0
1309370 1354.0
1309380 1354.0
1309390 1355.3
1309400 1356.0
1309410 1356.0
1309420 1355.3
1309430 1355.0
1309440 1355.0
1309450 1355.2
1309460 1355.4
1309470 1355.6
1309480 1355.6
1309490 1355.5
1309500 1355.2
1309510 1355.2
1309520 1355.8
1309530 1356.6
1309540 1356.6
1309550 1357.1
1309560 1357.7
1309570 1357.7
1309580 1358.3
1309590 1359.4
1309600 1359.4
1309610 1360.6
1309620 1361.8
1309630 1361.8
1309640 1363.1
1309650 1364.8
1309660 1364.8
1309670 1367.3
1309680 1368.2
1309690 1367.6
1309700 1367.6
1309710 1366.9
1309720 1368.5
1309730 1368.5
1309740 1370.2
1309750 1371.1
1309760 1371.1
1309770 1373.0
1309780 1375.2
1309790 1375.2
1309800 1376.1
1309810 1378.6
1309820 1378.6
1309830 1380.2
1309840 1382.3
1309850 1382.3
1309860 1384.5
1309870 1384.5
1309880 1384.5
1309890 1385.4
1309900 1387.4
1309910 1390.0
1309920 1390.0
1309930 1391.9
1309940 1393.7
1309950 1393.7
1309960 1394.6
1309970 1391.1
1309980 1391.1
1309990 1390.9
1310000 1392.7
1310010 1392.7
1310020 1398.5
1310030 1405.1
1310040 1405.1
1310050 1411.1
1310060 1417.5
1310070 1417.5
1310080 1422.9
1310090 1426.9
1310100 1431.2
1310110 1431.2
1310120 1436.8
1310130 1443.0
1310140 1443.0
1310150 1449.1
1310160 1454.5
1310170 1454.5
1310180 1460.3
1310190 1468.9
1310200 1468.9
1310210 1477.3
1310220 1486.8
1310230 1486.8
1310240 1497.9
1310250 1505.9
1310260 1505.9
1310270 1515.5
1310280 1522.9
1310290 1522.9
1310300 1528.9
1310310 1533.5
1310320 1538.2
1310330 1538.2
1310340 1544.6
1310350 1551.5
1310360 1551.5
1310370 1554.7
1310380 1558.9
1310390 1558.9
1310400 1564.2
1310410 1570.4
1310420 1570.4
1310430 1576.5
1310440 1582.8
1310450 1582.8
1310460 1588.6
1310470 1596.4
1310480 1596.4
1310490 1603.8
1310500 1611.3
1310510 1611.3
1310520 1618.9
1310530 1627.0
1310540 1636.9
1310550 1636.9
1310560 1653.1
1310570 1678.1
1310580 1678.1
1310590 1692.6
1310600 1706.4
1310610 1706.4
1310620 1719.0
1310630 1729.4
1310640 1729.4
1310650 1738.7
1310660 1742.8
1310670 1742.8
1310680 1741.2
1310690 1739.6
1310700 1720.5
1310710 1736.9
1310720 1740.3
1310730 1740.3
1310740 1736.3
1310750 1732.4
1310760 1729.1
1310770 1729.1
1310780 1723.1
1310790 1717.8
1310800 1717.8
1310810 1712.5
1310820 1713.8
1310830 1713.8
1310840 1717.2
1310850 1725.2
1310860 1725.2
1310870 1738.2
1310880 1753.2
1310890 1753.2
1310900 1769.3
1310910 1788.9
1310920 1788.9
1310930 1807.2
1310940 1819.4
1310950 1820.3
1310960 1820.3
1310970 1819.5
1310980 1818.8
1310990 1818.8
1311000 1825.4
1311010 1838.9
1311020 1838.9
1311030 1845.5
1311040 1854.8
1311050 1854.8
1311060 1853.1
1311070 1855.4
1311080 1855.4
1311090 1863.1
1311100 1873.7
1311110 1873.7
1311120 1886.0
1311130 1898.5
1311140 1898.5
1311150 1915.3
1311160 1931.2
1311170 1942.7
1311180 1942.7
1311190 1952.1
1311200 1960.6
1311210 1960.6
1311220 1969.9
1311230 1979.6
1311240 1979.6
1311250 1990.1
1311260 2003.7
1311270 2003.7
1311280 2018.0
1311290 2029.0
1311300 2029.0
1311310 2040.1
1311320 2050.7
1311330 2050.7
1311340 2058.8
1311350 2065.9
1311360 2065.9
1311370 2071.6
1311380 2074.9
1311390 2080.5
1311400 2080.5
1311410 2090.8
1311420 2101.6
1311430 2105.5
1311440 2112.9
1311450 2119.6
1311460 2119.6
1311470 2126.7
1311480 2133.8
1311490 2133.8
1311500 2139.9
1311510 2145.6
1311520 2145.6
1311530 2150.8
1311540 2155.1
1311550 2155.1
1311560 2159.5
1311570 2162.5
1311580 2162.5
1311590 2165.3
1311600 2168.3
1311610 2170.8
1311620 2170.8
1311630 2174.0
1311640 2177.3
1311650 2177.3
1311660 2179.2
1311670 2181.9
1311680 2181.9
1311690 2184.1
1311700 2185.6
1311710 2185.6
1311720 2187.6
1311730 2190.0
1311740 2190.0
1311750 2191.5
1311760 2192.6
1311770 2192.6
1311780 2193.8
1311790 2194.9
1311800 2193.5
1311810 2193.5
1311820 2192.6
1311830 2193.2
1311840 2193.2
1311850 2196.8
1311860 2200.8
1311870 2200.8
1311880 2205.6
1311890 2211.1
1311900 2211.1
1311910 2216.2
1311920 2220.1
1311930 2220.1
1311940 2223.4
1311950 2224.3
1311960 2224.3
1311970 2223.9
1311980 2225.1
1311990 2225.1
1312000 2228.6
1312010 2234.2
1312020 2240.4
1312030 2240.4
1312040 2246.1
1312050 2250.7
1312060 2250.7
1312070 2254.6
1312080 2258.0
1312090 2258.0
1312100 2261.4
1312110 2265.0
1312120 2265.0
1312130 2268.6
1312140 2272.4
1312150 2272.4
1312160 2269.1
1312170 2272.1
1312180 2272.1
1312190 2274.4
1312200 2277.2
1312210 2277.2
1312220 2281.1
1312230 2284.9
1312240 2288.5
1312250 2288.5
1312260 2292.7
1312270 2297.6
1312280 2297.6
1312290 2302.4
1312300 2307.6
1312310 2307.6
1312320 2312.8
1312330 2318.0
1312340 2318.0
1312350 2322.7
1312360 2327.4
1312370 2327.4
1312380 2331.9
1312390 2336.4
1312400 2336.4
1312410 2341.4
1312420 2346.9
1312430 2346.9
1312440 2352.3
1312450 2357.6
1312460 2363.1
1312470 2363.1
1312480 2368.1
1312490 2372.5
1312500 2372.5
1312510 2377.5
1312520 2382.6
1312530 2382.6
1312540 2387.6
1312550 2392.7
1312560 2392.7
1312570 2397.9
1312580 2402.5
1312590 2402.5
1312600 2406.1
1312610 2408.2
1312620 2408.2
1312630 2411.0
1312640 2413.9
1312650 2417.3
1312660 2417.3
1312670 2420.9
1312680 2425.2
1312690 2425.2
1312700 2429.0
1312710 2432.9
1312720 2432.9
1312730 2436.9
1312740 2441.0
1312750 2441.0
1312760 2444.5
1312770 2446.8
1312780 2446.8
1312790 2449.4
1312800 2452.5
1312810 2452.5
1312820 2455.6
1312830 2459.7
1312840 2459.7
1312850 2464.1
1312860 2468.0
1312870 2471.7
1312880 2471.7
1312890 2475.4
1312900 2481.3
1312910 2481.3
1312920 2485.9
1312930 2490.7
1312940 2490.7
1312950 2494.9
1312960 2498.3
1312970 2498.3
1312980 2502.6
1312990 2507.7
1313000 2507.7
1313010 2511.8
1313020 2515.9
1313030 2515.9
1313040 2520.2
1313050 2524.6
1313060 2524.6
1313070 2529.5
1313080 2534.7
1313090 2539.0
1313100 2539.0
1313110 2543.5
1313120 2549.2
1313130 2549.2
1313140 2554.8
1313150 2560.9
1313160 2560.9
1313170 2567.4
1313180 2573.9
1313190 2573.9
1313200 2580.4
1313210 2587.0
1313220 2587.0
1313230 2597.3
1313240 2613.6
1313250 2613.6
1313260 2629.0
1313270 2640.2
1313280 2640.2
1313290 2649.6
1313300 2657.4
1313310 2664.9
1313320 2664.9
1313330 2671.1
1313340 2677.7
1313350 2677.7
1313360 2684.2
1313370 2690.8
1313380 2690.8
1313390 2697.1
1313400 2706.4
1313410 2706.4
1313420 2716.1
1313430 2718.3
1313440 2718.3
1313450 2709.4
1313460 2694.0
1313470 2694.0
1313480 2685.6
1313490 2682.8
1313500 2680.9
1313510 2680.9
1313520 2679.8
1313530 2679.7
1313540 2679.7
1313550 2680.1
1313560 2680.1
1313570 2680.1
1313580 2680.7
1313590 2681.5
1313600 2681.5
1313610 2682.9
1313620 2685.4
1313630 2685.4
1313640 2684.5
1313650 2686.3
1313660 2686.3
1313670 2689.1
1313680 2689.2
1313690 2689.2
1313700 2689.2
1313710 2690.8
1313720 2692.7
1313730 2692.7
1313740 2695.3
1313750 2697.6
1313760 2697.6
1313770 2700.0
1313780 2702.1
1313790 2702.1
1313800 2703.3
1313810 2704.4
1313820 2704.4
1313830 2705.0
1313840 2705.6
1313850 2705.6
1313860 2705.9
1313870 2706.8
1313880 2706.8
1313890 2708.7
1313900 2709.4
1313910 2709.4
1313920 2709.6
1313930 2711.1
1313940 2711.3
1313950 2711.3
1313960 2712.2
1313970 2713.9
1313980 2713.9
1313990 2715.5
1314000 2716.8
1314010 2716.8
1314020 2719.0
1314030 2720.6
1314040 2720.6
1314050 2721.6
1314060 2722.1
1314070 2722.1
1314080 2722.9
1314090 2723.8
1314100 2723.8
1314110 2723.6
1314120 2722.6
1314130 2722.6
1314140 2721.2
1314150 2719.6
1314160 2718.3
1314170 2718.3
1314180 2718.2
1314190 2719.7
1314200 2719.7
1314210 2721.5
1314220 2722.7
1314230 2722.7
1314240 2723.8
1314250 2724.4
1314260 2724.4
1314270 2726.9
1314280 2732.2
1314290 2732.2
1314300 2738.8
1314310 2745.6
1314320 2745.6
1314330 2753.9
1314340 2760.5
1314350 2766.1
1314360 2766.1
1314370 2769.5
1314380 2769.1
1314390 2769.1
1314400 2771.3
1314410 2772.4
1314420 2772.4
1314430 2772.3
1314440 2771.8
1314450 2771.8
1314460 2771.4
1314470 2770.9
1314480 2770.9
1314490 2770.3
1314500 2769.5
1314510 2769.5
1314520 2766.5
1314530 2761.5
1314540 2761.5
1314550 2756.9
1314560 2756.1
1314570 2761.7
1314580 2761.7
1314590 2766.3
1314600 2771.3
1314610 2771.3
1314620 2777.5
1314630 2781.0
1314640 2781.0
1314650 2784.8
1314660 2788.0
1314670 2788.0
1314680 2790.4
1314690 2792.3
1314700 2792.3
1314710 2793.6
1314720 2795.4
1314730 2795.4
1314740 2798.3
1314750 2800.2
1314760 2800.2
1314770 2801.6
1314780 2803.0
1314790 2804.1
1314800 2804.1
1314810 2805.0
1314820 2805.8
1314830 2805.8
1314840 2805.9
1314850 2805.2
1314860 2805.2
1314870 2804.8
1314880 2806.4
1314890 2806.4
1314900 2809.1
1314910 2811.5
1314920 2811.5
1314930 2814.1
1314940 2817.6
1314950 2817.6
1314960 2823.7
1314970 2829.3
1314980 2829.3
1314990 2835.8
1315000 2839.7
1315010 2844.6
1315020 2844.6
1315030 2849.5
1315040 2856.4
1315050 2856.4
1315060 2864.1
1315070 2871.4
1315080 2871.4
1315090 2877.8
1315100 2885.4
1315110 2885.4
1315120 2897.1
1315130 2909.4
1315140 2909.4
1315150 2918.9
1315160 2926.9
1315170 2926.9
1315180 2927.0
1315190 2924.5
1315200 2924.2
1315210 2924.2
1315220 2923.3
1315230 2921.6
1315240 2921.6
1315250 2920.5
1315260 2918.0
1315270 2918.0
1315280 2909.8
1315290 2897.2
1315300 2897.2
1315310 2886.9
1315320 2875.1
1315330 2875.1
1315340 2868.0
1315350 2871.6
1315360 2871.6
1315370 2875.0
1315380 2873.8
1315390 2873.8
1315400 2867.0
1315410 2864.1
1315420 2865.7
1315430 2865.7
1315440 2867.7
1315450 2876.1
1315460 2876.1
1315470 2894.1
1315480 2897.1
1315490 2897.1
1315500 2890.0
1315510 2883.9
1315520 2883.9
1315530 2864.4
1315540 2842.8
1315550 2842.8
1315560 2836.9
1315570 2830.0
1315580 2830.0
1315590 2822.2
1315600 2815.4
1315610 2815.4
1315620 2812.1
1315630 2809.8
1315640 2809.4
1315650 2809.4
1315660 2809.5
1315670 2810.7
1315680 2810.7
1315690 2812.2
1315700 2812.8
1315710 2812.8
1315720 2813.7
1315730 2816.3
1315740 2816.3
1315750 2820.8
1315760 2826.9
1315770 2826.9
1315780 2833.7
1315790 2841.0
1315800 2841.0
1315810 2848.9
1315820 2857.2
1315830 2857.2
1315840 2863.8
1315850 2866.3
1315860 2865.5
1315870 2865.5
1315880 2852.1
1315890 2841.6
1315900 2841.6
1315910 2827.2
1315920 2813.9
1315930 2813.9
1315940 2808.3
1315950 2804.9
1315960 2804.9
1315970 2802.1
1315980 2799.5
1315990 2799.5
1316000 2798.5
1316010 2798.7
1316020 2798.7
1316030 2798.1
1316040 2796.1
1316050 2795.7
1316060 2795.7
1316070 2798.0
1316080 2801.7
1316090 2801.7
1316100 2806.5
1316110 2810.8
1316120 2810.8
1316130 2815.0
1316140 2822.1
1316150 2822.1
1316160 2844.4
1316170 2852.6
1316180 2852.6
1316190 2849.2
1316200 2839.4
1316210 2839.4
1316220 2831.4
1316230 2826.9
1316240 2826.9
1316250 2821.5
1316260 2815.6
1316270 2811.2
1316280 2811.2
1316290 2806.2
1316300 2795.3
1316310 2795.3
1316320 2775.7
1316330 2757.2
1316340 2757.2
1316350 2738.0
1316360 2724.3
1316370 2724.3
1316380 2722.7
1316390 2717.3
1316400 2717.3
1316410 2701.0
1316420 2685.4
1316430 2685.4
1316440 2674.7
1316450 2664.5
1316460 2664.5
1316470 2651.6
1316480 2645.7
1316490 2640.0
1316500 2640.0
1316510 2634.2
1316520 2628.5
1316530 2628.5
1316540 2623.0
1316550 2617.0
1316560 2617.0
1316570 2610.6
1316580 2604.5
1316590 2604.5
1316600 2597.4
1316610 2591.0
1316620 2591.0
1316630 2583.3
1316640 2577.6
1316650 2577.6
1316660 2572.6
1316670 2567.3
1316680 2567.3
1316690 2563.3
1316700 2560.1
1316710 2552.2
1316720 2552.2
1316730 2542.9
1316740 2538.5
1316750 2538.5
1316760 2537.1
1316770 2535.3
1316780 2535.3
1316790 2533.7
1316800 2533.9
1316810 2533.9
1316820 2535.6
1316830 2539.4
1316840 2539.4
1316850 2541.5
1316860 2541.9
1316870 2541.9
1316880 2542.7
1316890 2541.5
1316900 2538.3
1316910 2538.3
1316920 2538.7
1316930 2539.4
1316940 2539.4
1316950 2542.4
1316960 2544.1
1316970 2544.1
1316980 2541.6
1316990 2539.4
1317000 2539.4
1317010 2539.8
1317020 2542.9
1317030 2542.9
1317040 2546.0
1317050 2550.6
1317060 2550.6
1317070 2556.5
1317080 2567.1
1317090 2567.1
1317100 2581.6
1317110 2591.8
1317120 2590.4
1317130 2590.4
1317140 2588.9
1317150 2590.9
1317160 2590.9
1317170 2594.9
1317180 2604.6
1317190 2604.6
1317200 2610.2
1317210 2612.8
1317220 2612.8
1317230 2616.9
1317240 2622.1
1317250 2622.1
1317260 2624.3
1317270 2624.4
1317280 2624.4
1317290 2624.7
1317300 2628.7
1317310 2628.7
1317320 2636.6
1317330 2640.0
1317340 2639.2
1317350 2639.2
1317360 2637.7
1317370 2635.1
1317380 2635.1
1317390 2630.8
1317400 2627.8
1317410 2627.8
1317420 2627.5
1317430 2627.8
1317440 2627.8
1317450 2627.8
1317460 2629.5
1317470 2629.5
1317480 2635.2
1317490 2640.5
1317500 2640.5
1317510 2644.6
1317520 2649.3
1317530 2649.3
1317540 2653.0
1317550 2655.9
1317560 2659.4
1317570 2659.4
1317580 2664.2
1317590 2668.3
1317600 2668.3
1317610 2670.5
1317620 2673.5
1317630 2673.5
1317640 2676.0
1317650 2676.0
1317660 2676.0
1317670 2676.0
1317680 2678.6
1317690 2678.6
1317700 2682.3
1317710 2684.9
1317720 2684.9
1317730 2687.4
1317740 2689.0
1317750 2690.0
1317760 2690.0
1317770 2690.8
1317780 2692.8
1317790 2692.8
1317800 2695.9
1317810 2699.2
1317820 2699.2
1317830 2702.6
1317840 2705.5
1317850 2705.5
1317860 2708.1
1317870 2708.6
1317880 2708.6
1317890 2708.3
1317900 2709.3
1317910 2709.3
1317920 2710.2
1317930 2711.0
1317940 2711.0
1317950 2711.6
1317960 2712.5
1317970 2713.6
1317980 2713.6
1317990 2712.9
1318000 2713.7
1318010 2713.7
1318020 2720.9
1318030 2728.2
1318040 2728.2
1318050 2733.3
1318060 2737.6
1318070 2737.6
1318080 2740.9
1318090 2740.9
1318100 2740.9
1318110 2738.8
1318120 2735.1
1318130 2735.1
1318140 2732.7
1318150 2723.6
1318160 2723.6
1318170 2719.2
1318180 2715.9
1318190 2712.5
1318200 2712.5
1318210 2709.2
1318220 2707.1
1318230 2707.1
1318240 2705.5
1318250 2703.6
1318260 2703.6
1318270 2702.3
1318280 2701.8
1318290 2701.8
1318300 2701.1
1318310 2700.1
1318320 2700.1
1318330 2699.8
1318340 2702.3
1318350 2702.3
1318360 2706.5
1318370 2707.2
1318380 2707.2
1318390 2707.0
1318400 2705.9
1318410 2706.4
1318420 2706.4
1318430 2709.7
1318440 2712.4
1318450 2712.4
1318460 2712.6
1318470 2713.3
1318480 2713.3
1318490 2714.6
1318500 2716.9
1318510 2716.9
1318520 2720.9
1318530 2725.6
1318540 2725.6
1318550 2729.9
1318560 2734.6
1318570 2734.6
1318580 2740.0
1318590 2744.2
1318600 2747.3
1318610 2747.3
1318620 2749.0
1318630 2749.5
1318640 2749.5
1318650 2749.3
1318660 2748.6
1318670 2748.6
1318680 2747.8
1318690 2747.2
1318700 2747.2
1318710 2746.7
1318720 2746.4
1318730 2746.4
1318740 2746.1
1318750 2745.8
1318760 2745.8
1318770 2745.5
1318780 2746.1
1318790 2746.1
1318800 2747.1
1318810 2748.5
1318820 2750.2
1318830 2750.2
1318840 2752.0
1318850 2754.0
1318860 2754.0
1318870 2756.2
1318880 2758.7
1318890 2758.7
1318900 2761.7
1318910 2765.1
1318920 2766.1
1318930 2769.9
1318940 2774.1
1318950 2774.1
1318960 2779.0
1318970 2784.1
1318980 2784.1
1318990 2789.3
1319000 2795.0
1319010 2795.0
1319020 2802.6
1319030 2817.6
1319040 2830.6
1319050 2830.6
1319060 2839.3
1319070 2849.1
1319080 2849.1
1319090 2863.8
1319100 2878.2
1319110 2878.2
1319120 2893.2
1319130 2907.4
1319140 2907.4
1319150 2922.8
1319160 2941.1
1319170 2941.1
1319180 2952.8
1319190 2957.0
1319200 2957.0
1319210 2953.0
1319220 2942.9
1319230 2942.9
1319240 2933.9
1319250 2921.8
1319260 2910.4
1319270 2910.4
1319280 2898.2
1319290 2886.2
1319300 2886.2
1319310 2871.2
1319320 2860.0
1319330 2860.0
1319340 2848.5
1319350 2834.1
1319360 2834.1
1319370 2815.1
1319380 2803.7
1319390 2803.7
1319400 2786.5
1319410 2774.3
1319420 2774.3
1319430 2772.9
1319440 2763.5
1319450 2745.3
1319460 2745.3
1319470 2732.0
1319480 2724.9
1319490 2724.9
1319500 2720.3
1319510 2706.0
1319520 2706.0
1319530 2689.0
1319540 2678.9
1319550 2678.9
1319560 2672.0
1319570 2665.8
1319580 2665.8
1319590 2660.4
1319600 2655.1
1319610 2655.1
1319620 2650.7
1319630 2646.9
1319640 2646.9
1319650 2644.0
1319660 2641.1
1319670 2638.1
1319680 2644.0
1319690 2640.0
1319700 2635.4
1319710 2635.4
1319720 2631.0
1319730 2627.2
1319740 2627.2
1319750 2623.6
1319760 2620.6
1319770 2620.6
1319780 2618.0
1319790 2615.1
1319800 2615.1
1319810 2612.7
1319820 2611.4
1319830 2611.4
1319840 2610.8
1319850 2609.5
1319860 2609.5
1319870 2605.4
1319880 2597.6
1319890 2589.8
1319900 2589.8
1319910 2583.6
1319920 2578.1
1319930 2578.1
1319940 2574.5
1319950 2570.9
1319960 2570.9
1319970 2568.3
1319980 2566.0
1319990 2566.0
