1300000 2590.6
1300010 2583.7
1300020 2578.7
1300030 2578.7
1300040 2571.6
1300050 2558.2
1300060 2558.2
1300070 2547.3
1300080 2541.4
1300090 2541.4
1300100 2535.8
1300110 2530.3
1300120 2530.3
1300130 2528.1
1300140 2523.3
1300150 2523.3
1300160 2517.1
1300170 2511.9
1300180 2511.9
1300190 2502.0
1300200 2497.6
1300210 2497.6
1300220 2493.8
1300230 2487.6
1300240 2480.3
1300250 2480.3
1300260 2476.9
1300270 2473.3
1300280 2473.3
1300290 2467.0
1300300 2463.1
1300310 2463.1
1300320 2460.9
1300330 2458.2
1300340 2458.2
1300350 2456.8
1300360 2456.0
1300370 2456.0
1300380 2454.3
1300390 2451.7
1300400 2451.7
1300410 2449.2
1300420 2445.0
1300430 2445.0
1300440 2439.1
1300450 2433.8
1300460 2429.5
1300470 2429.5
1300480 2424.0
1300490 2418.0
1300500 2418.0
1300510 2412.8
1300520 2406.7
1300530 2406.7
1300540 2400.6
1300550 2394.4
1300560 2394.4
1300570 2389.3
1300580 2384.3
1300590 2384.3
1300600 2378.1
1300610 2371.7
1300620 2371.7
1300630 2365.2
1300640 2358.6
1300650 2358.6
1300660 2352.6
1300670 2347.4
1300680 2343.0
1300690 2343.0
1300700 2337.7
1300710 2331.5
1300720 2331.5
1300730 2325.0
1300740 2318.0
1300750 2318.0
1300760 2310.6
1300770 2303.1
1300780 2303.1
1300790 2296.1
1300800 2289.5
1300810 2289.5
1300820 2282.9
1300830 2276.7
1300840 2276.7
1300850 2271.0
1300860 2265.4
1300870 2260.2
1300880 2260.2
1300890 2255.5
1300900 2250.6
1300910 2250.6
1300920 2245.7
1300930 2240.4
1300940 2240.4
1300950 2235.7
1300960 2231.6
1300970 2231.6
1300980 2227.4
1300990 2222.2
1301000 2222.2
1301010 2217.0
1301020 2207.4
1301030 2207.4
1301040 2200.5
1301050 2195.5
1301060 2195.5
1301070 2190.1
1301080 2184.7
1301090 2180.5
1301100 2180.5
1301110 2176.9
1301120 2173.6
1301130 2173.6
1301140 2170.5
1301150 2164.2
1301160 2164.2
1301170 2154.3
1301180 2147.2
1301190 2147.2
1301200 2141.5
1301210 2137.0
1301220 2137.0
1301230 2133.7
1301240 2131.1
1301250 2131.1
1301260 2130.7
1301270 2130.7
1301280 2130.7
1301290 2128.6
1301300 2126.3
1301310 2124.7
1301320 2124.7
1301330 2122.8
1301340 2121.9
1301350 2121.9
1301360 2122.2
1301370 2122.1
1301380 2122.1
1301390 2122.1
1301400 2121.5
1301410 2121.5
1301420 2122.0
1301430 2124.0
1301440 2124.0
1301450 2125.1
1301460 2125.3
1301470 2125.3
1301480 2124.3
1301490 2123.2
1301500 2122.2
1301510 2122.2
1301520 2121.2
1301530 2121.0
1301540 2121.0
1301550 2121.5
1301560 2122.2
1301570 2122.2
1301580 2122.3
1301590 2121.8
1301600 2121.8
1301610 2120.9
1301620 2112.9
1301630 2112.9
1301640 2110.9
1301650 2110.6
1301660 2110.6
1301670 2109.4
1301680 2105.5
1301690 2105.5
1301700 2102.5
1301710 2101.0
1301720 2099.3
1301730 2099.3
1301740 2095.8
1301750 2092.2
1301760 2092.2
1301770 2089.1
1301780 2084.7
1301790 2084.7
1301800 2079.9
1301810 2074.1
1301820 2074.1
1301830 2067.8
1301840 2061.2
1301850 2061.2
1301860 2055.7
1301870 2049.8
1301880 2049.8
1301890 2042.9
1301900 2036.0
1301910 2036.0
1301920 2030.0
1301930 2024.3
1301940 2018.5
1301950 2018.5
1301960 2012.9
1301970 2005.8
1301980 2005.8
1301990 1998.1
1302000 1991.1
1302010 1991.1
1302020 1984.5
1302030 1978.0
1302040 1978.0
1302050 1971.8
1302060 1965.7
1302070 1965.7
1302080 1960.1
1302090 1953.0
1302100 1953.0
1302110 1945.2
1302120 1937.9
1302130 1937.9
1302140 1931.5
1302150 1924.6
1302160 1918.3
1302170 1918.3
1302180 1914.4
1302190 1908.3
1302200 1908.3
1302210 1900.5
1302220 1893.4
1302230 1893.4
1302240 1886.5
1302250 1878.8
1302260 1878.8
1302270 1871.1
1302280 1864.4
1302290 1864.4
1302300 1858.3
1302310 1848.7
1302320 1848.7
1302330 1842.9
1302340 1838.1
1302350 1832.7
1302360 1832.7
1302370 1826.3
1302380 1819.9
1302390 1819.9
1302400 1813.7
1302410 1809.1
1302420 1809.1
1302430 1804.6
1302440 1793.3
1302450 1793.3
1302460 1786.9
1302470 1785.7
1302480 1785.7
1302490 1781.0
1302500 1775.8
1302510 1775.8
1302520 1771.8
1302530 1770.9
1302540 1770.9
1302550 1770.9
1302560 1770.9
1302570 1770.9
1302580 1770.9
1302590 1770.9
1302600 1770.9
1302610 1770.9
1302620 1770.9
1302630 1770.9
1302640 1770.9
1302650 1770.9
1302660 1770.9
1302670 1770.9
1302680 1770.9
1302690 1770.9
1302700 1770.9
1302710 1770.9
1302720 1770.9
1302730 1770.9
1302740 1770.9
1302750 1770.9
1302760 1770.9
1302770 1770.9
1302780 1770.9
1302790 1770.9
1302800 1770.9
1302810 1770.9
1302820 1770.9
1302830 1770.9
1302840 1770.9
1302850 1770.9
1302860 1770.9
1302870 1770.9
1302880 1770.9
1302890 1770.9
1302900 1770.9
1302910 1770.9
1302920 1770.9
1302930 1770.9
1302940 1770.9
1302950 1770.9
1302960 1770.9
1302970 1770.9
1302980 1770.9
1302990 1770.9
1303000 1770.9
1303010 1770.9
1303020 1770.9
1303030 1770.9
1303040 1770.9
1303050 1770.9
1303060 1770.9
1303070 1770.9
1303080 1770.9
1303090 1770.9
1303100 1770.9
1303110 1770.9
1303120 1770.9
1303130 1770.9
1303140 1770.9
1303150 1770.9
1303160 1770.9
1303170 1770.9
1303180 1770.9
1303190 1770.9
1303200 1770.9
1303210 1770.9
1303220 1770.9
1303230 1770.9
1303240 1770.9
1303250 1770.9
1303260 1770.9
1303270 1770.9
1303280 1770.9
1303290 1770.9
1303300 1770.9
1303310 1770.9
1303320 1770.9
1303330 1770.9
1303340 1770.9
1303350 1770.9
1303360 1770.9
1303370 1770.9
1303380 1770.9
1303390 1770.9
1303400 1770.9
1303410 1770.9
1303420 1770.9
1303430 1770.9
1303440 1770.9
1303450 1770.9
1303460 1770.9
1303470 1770.9
1303480 1770.9
1303490 1770.9
1303500 1770.9
1303510 1770.9
1303520 1770.9
1303530 1770.9
1303540 1770.9
1303550 1770.9
1303560 1770.9
1303570 1770.9
1303580 1770.9
1303590 1771.5
1303600 1777.3
1303610 1777.3
1303620 1785.7
1303630 1794.5
1303640 1802.9
1303650 1802.9
1303660 1811.8
1303670 1820.6
1303680 1820.6
1303690 1828.1
1303700 1835.4
1303710 1839.4
1303720 1847.8
1303730 1855.5
1303740 1855.5
1303750 1863.3
1303760 1871.0
1303770 1871.0
1303780 1878.8
1303790 1886.8
1303800 1886.8
1303810 1898.6
1303820 1909.3
1303830 1918.6
1303840 1918.6
1303850 1927.9
1303860 1936.4
1303870 1936.4
1303880 1943.3
1303890 1950.6
1303900 1950.6
1303910 1958.1
1303920 1965.0
1303930 1965.0
1303940 1971.7
1303950 1978.2
1303960 1978.2
1303970 1986.5
1303980 1997.1
1303990 1997.1
1304000 2008.9
1304010 2018.1
1304020 2018.1
1304030 2024.4
1304040 2029.4
1304050 2034.4
1304060 2034.4
1304070 2039.4
1304080 2044.6
1304090 2044.6
1304100 2050.1
1304110 2057.0
1304120 2057.0
1304130 2062.4
1304140 2066.5
1304150 2066.5
1304160 2071.1
1304170 2076.2
1304180 2076.2
1304190 2081.0
1304200 2087.1
1304210 2087.1
1304220 2092.8
1304230 2097.0
1304240 2097.0
1304250 2100.4
1304260 2103.8
1304270 2108.3
1304280 2108.3
1304290 2112.8
1304300 2117.5
1304310 2117.5
1304320 2122.3
1304330 2125.9
1304340 2125.9
1304350 2129.7
1304360 2134.3
1304370 2134.3
1304380 2138.5
1304390 2142.3
1304400 2142.3
1304410 2147.3
1304420 2150.3
1304430 2150.3
1304440 2153.5
1304450 2157.0
1304460 2157.0
1304470 2160.4
1304480 2163.7
1304490 2167.6
1304500 2167.6
1304510 2172.3
1304520 2176.9
1304530 2176.9
1304540 2179.5
1304550 2182.7
1304560 2182.7
1304570 2188.0
1304580 2193.9
1304590 2193.9
1304600 2199.1
1304610 2203.0
1304620 2203.0
1304630 2207.1
1304640 2211.5
1304650 2211.5
1304660 2214.7
1304670 2218.1
1304680 2222.4
1304690 2222.4
1304700 2226.3
1304710 2232.0
1304720 2232.0
1304730 2238.1
1304740 2243.2
1304750 2243.2
1304760 2247.4
1304770 2252.9
1304780 2252.9
1304790 2257.8
1304800 2260.3
1304810 2260.3
1304820 2262.4
1304830 2266.6
1304840 2266.6
1304850 2269.6
1304860 2272.7
1304870 2272.7
1304880 2276.1
1304890 2281.0
1304900 2285.9
1304910 2285.9
1304920 2291.0
1304930 2293.5
1304940 2293.5
1304950 2295.0
1304960 2297.1
1304970 2297.1
1304980 2300.0
1304990 2302.9
1305000 2302.9
1305010 2304.8
1305020 2309.2
1305030 2309.2
1305040 2313.3
1305050 2314.7
1305060 2314.7
1305070 2317.5
1305080 2323.6
1305090 2323.6
1305100 2330.2
1305110 2336.1
1305120 2340.3
1305130 2340.3
1305140 2346.4
1305150 2351.7
1305160 2351.7
1305170 2354.9
1305180 2358.7
1305190 2358.7
1305200 2363.2
1305210 2368.7
1305220 2368.7
1305230 2373.9
1305240 2378.7
1305250 2378.7
1305260 2383.8
1305270 2390.8
1305280 2390.8
1305290 2397.7
1305300 2404.7
1305310 2410.3
1305320 2410.3
1305330 2416.1
1305340 2422.1
1305350 2422.1
1305360 2426.0
1305370 2429.4
1305380 2429.4
1305390 2433.5
1305400 2438.2
1305410 2438.2
1305420 2443.4
1305430 2447.6
1305440 2447.6
1305450 2451.5
1305460 2456.3
1305470 2456.3
1305480 2460.0
1305490 2465.1
1305500 2465.1
1305510 2471.2
1305520 2476.7
1305530 2482.4
1305540 2482.4
1305550 2488.2
1305560 2493.0
1305570 2493.0
1305580 2497.5
1305590 2501.4
1305600 2501.4
1305610 2506.2
1305620 2510.5
1305630 2510.5
1305640 2513.7
1305650 2514.8
1305660 2514.8
1305670 2513.3
1305680 2515.0
1305690 2515.0
1305700 2510.8
1305710 2498.7
1305720 2498.7
1305730 2488.3
1305740 2478.1
1305750 2469.7
1305760 2469.7
1305770 2463.8
1305780 2459.2
1305790 2459.2
1305800 2459.0
1305810 2462.7
1305820 2462.7
1305830 2472.4
1305840 2474.9
1305850 2474.9
1305860 2475.9
1305870 2476.7
1305880 2476.7
1305890 2477.2
1305900 2479.2
1305910 2479.2
1305920 2482.0
1305930 2484.2
1305940 2484.2
1305950 2486.5
1305960 2488.6
1305970 2490.6
1305980 2490.6
1305990 2492.9
1306000 2494.7
1306010 2494.7
1306020 2497.4
1306030 2500.8
1306040 2500.8
1306050 2504.1
1306060 2507.3
1306070 2507.3
1306080 2510.0
1306090 2512.5
1306100 2512.5
1306110 2514.7
1306120 2516.0
1306130 2516.0
1306140 2516.5
1306150 2517.2
1306160 2518.1
1306170 2518.1
1306180 2519.3
1306190 2521.2
1306200 2521.2
1306210 2523.4
1306220 2526.6
1306230 2526.6
1306240 2530.5
1306250 2533.9
1306260 2533.9
1306270 2536.6
1306280 2540.0
1306290 2540.0
1306300 2544.1
1306310 2548.8
1306320 2548.8
1306330 2557.4
1306340 2577.3
1306350 2577.3
1306360 2598.4
1306370 2612.8
1306380 2625.8
1306390 2625.8
1306400 2624.8
1306410 2611.9
1306420 2611.9
1306430 2598.5
1306440 2585.6
1306450 2585.6
1306460 2572.9
1306470 2559.3
1306480 2559.3
1306490 2549.2
1306500 2541.3
1306510 2541.3
1306520 2533.5
1306530 2525.6
1306540 2522.6
1306550 2514.2
1306560 2504.6
1306570 2504.6
1306580 2492.4
1306590 2474.2
1306600 2460.4
1306610 2460.4
1306620 2451.8
1306630 2444.7
1306640 2444.7
1306650 2437.5
1306660 2430.9
1306670 2430.9
1306680 2424.9
1306690 2418.9
1306700 2418.9
1306710 2413.2
1306720 2407.5
1306730 2407.5
1306740 2401.9
1306750 2396.4
1306760 2396.4
1306770 2391.3
1306780 2385.8
1306790 2380.5
1306800 2380.5
1306810 2375.7
1306820 2370.4
1306830 2370.4
1306840 2365.3
1306850 2360.8
1306860 2360.8
1306870 2356.4
1306880 2351.5
1306890 2351.5
1306900 2347.0
1306910 2342.6
1306920 2342.6
1306930 2338.5
1306940 2334.0
1306950 2334.0
1306960 2328.4
1306970 2322.4
1306980 2322.4
1306990 2316.8
1307000 2311.2
1307010 2305.6
1307020 2305.6
1307030 2299.9
1307040 2294.4
1307050 2294.4
1307060 2288.7
1307070 2282.6
1307080 2282.6
1307090 2276.7
1307100 2270.6
1307110 2270.6
1307120 2263.8
1307130 2255.2
1307140 2255.2
1307150 2247.0
1307160 2238.5
1307170 2238.5
1307180 2231.2
1307190 2225.3
1307200 2225.3
1307210 2218.7
1307220 2214.6
1307230 2214.7
1307240 2214.7
1307250 2218.0
1307260 2215.2
1307270 2215.2
1307280 2210.5
1307290 2207.4
1307300 2207.4
1307310 2203.7
1307320 2202.0
1307330 2202.0
1307340 2200.9
1307350 2197.8
1307360 2197.8
1307370 2194.6
1307380 2192.0
1307390 2192.0
1307400 2190.6
1307410 2188.1
1307420 2188.1
1307430 2186.3
1307440 2187.0
1307450 2188.4
1307460 2188.4
1307470 2187.1
1307480 2183.9
1307490 2183.9
1307500 2180.9
1307510 2178.1
1307520 2178.1
1307530 2174.8
1307540 2171.6
1307550 2171.6
1307560 2168.9
1307570 2166.5
1307580 2166.5
1307590 2163.7
1307600 2160.2
1307610 2160.2
1307620 2158.2
1307630 2156.9
1307640 2154.1
1307650 2154.1
1307660 2151.3
1307670 2149.4
1307680 2149.4
1307690 2147.5
1307700 2146.0
1307710 2146.0
1307720 2144.8
1307730 2143.0
1307740 2143.0
1307750 2139.0
1307760 2136.7
1307770 2136.7
1307780 2135.2
1307790 2134.1
1307800 2134.1
1307810 2134.0
1307820 2133.7
1307830 2133.7
1307840 2132.4
1307850 2130.8
1307860 2129.6
1307870 2129.6
1307880 2127.9
1307890 2125.5
1307900 2125.5
1307910 2123.0
1307920 2120.4
1307930 2120.4
1307940 2117.9
1307950 2116.5
1307960 2116.5
1307970 2117.3
1307980 2114.3
1307990 2114.3
1308000 2112.0
1308010 2110.4
1308020 2110.4
1308030 2109.1
1308040 2109.3
1308050 2109.3
1308060 2111.7
1308070 2111.8
1308080 2110.8
1308090 2110.8
1308100 2109.2
1308110 2107.8
1308120 2107.8
1308130 2107.4
1308140 2108.4
1308150 2108.4
1308160 2110.1
1308170 2112.1
1308180 2112.1
1308190 2113.0
1308200 2113.0
1308210 2113.0
1308220 2113.8
1308230 2116.0
1308240 2116.0
1308250 2119.1
1308260 2121.0
1308270 2121.0
1308280 2119.0
1308290 2115.6
1308300 2114.1
1308310 2114.1
1308320 2112.8
1308330 2110.9
1308340 2110.9
1308350 2102.3
1308360 2081.3
1308370 2081.3
1308380 2062.2
1308390 2044.3
1308400 2044.3
1308410 2035.2
1308420 2033.9
1308430 2033.9
1308440 2033.0
1308450 2030.6
1308460 2030.6
1308470 2026.4
1308480 2027.3
1308490 2028.8
1308500 2028.8
1308510 2025.3
1308520 2020.7
1308530 2020.7
1308540 2017.1
1308550 2013.0
1308560 2013.0
1308570 2008.0
1308580 2000.3
1308590 2000.3
1308600 1979.4
1308610 1956.9
1308620 1956.9
1308630 1952.3
1308640 1958.8
1308650 1958.8
1308660 1957.4
1308670 1951.6
1308680 1951.6
1308690 1953.3
1308700 1949.5
1308710 1945.3
1308720 1945.3
1308730 1940.0
1308740 1932.6
1308750 1932.6
1308760 1927.4
1308770 1921.7
1308780 1921.7
1308790 1918.1
1308800 1916.1
1308810 1916.1
1308820 1915.1
1308830 1911.3
1308840 1911.3
1308850 1907.9
1308860 1906.9
1308870 1906.9
1308880 1905.3
1308890 1901.9
1308900 1901.9
1308910 1895.5
1308920 1886.2
1308930 1877.4
1308940 1877.4
1308950 1870.4
1308960 1863.0
1308970 1863.0
1308980 1856.9
1308990 1851.4
1309000 1851.4
1309010 1848.1
1309020 1841.7
1309030 1841.7
1309040 1834.7
1309050 1830.2
1309060 1830.2
1309070 1822.8
1309080 1810.5
1309090 1810.5
1309100 1796.9
1309110 1779.9
1309120 1761.4
1309130 1761.4
1309140 1745.6
1309150 1728.3
1309160 1728.3
1309170 1711.2
1309180 1699.6
1309190 1699.6
1309200 1691.5
1309210 1676.8
1309220 1676.8
1309230 1666.3
1309240 1657.2
1309250 1657.2
1309260 1650.0
1309270 1638.7
1309280 1638.7
1309290 1629.3
1309300 1622.2
1309310 1622.2
1309320 1612.8
1309330 1583.9
1309340 1558.0
1309350 1558.0
1309360 1545.1
1309370 1540.4
1309380 1540.4
1309390 1536.2
1309400 1535.7
1309410 1550.5
1309420 1532.8
1309430 1515.6
1309440 1515.6
1309450 1509.1
1309460 1506.3
1309470 1506.3
1309480 1502.3
1309490 1498.0
1309500 1498.0
1309510 1494.0
1309520 1490.0
1309530 1490.0
1309540 1485.9
1309550 1482.9
1309560 1480.6
1309570 1480.6
1309580 1476.8
1309590 1472.5
1309600 1472.5
1309610 1469.2
1309620 1466.2
1309630 1466.2
1309640 1462.3
1309650 1458.4
1309660 1458.4
1309670 1454.0
1309680 1449.5
1309690 1449.5
1309700 1448.3
1309710 1449.9
1309720 1449.9
1309730 1450.0
1309740 1446.9
1309750 1446.9
1309760 1446.7
1309770 1449.0
1309780 1449.1
1309790 1449.1
1309800 1447.9
1309810 1446.1
1309820 1446.1
1309830 1442.4
1309840 1440.2
1309850 1440.2
1309860 1438.8
1309870 1436.9
1309880 1436.9
1309890 1435.9
1309900 1433.0
1309910 1433.0
1309920 1430.5
1309930 1428.3
1309940 1428.3
1309950 1426.5
1309960 1424.5
1309970 1421.7
1309980 1421.7
1309990 1419.9
1310000 1418.2
1310010 1418.2
1310020 1416.5
1310030 1415.0
1310040 1415.0
1310050 1413.2
1310060 1410.9
1310070 1410.9
1310080 1408.2
1310090 1405.9
1310100 1405.9
1310110 1403.2
1310120 1399.9
1310130 1401.6
1310140 1397.1
1310150 1394.1
1310160 1394.1
1310170 1392.8
1310180 1391.8
1310190 1390.2
1310200 1390.2
1310210 1386.9
1310220 1386.2
1310230 1386.2
1310240 1386.9
1310250 1387.0
1310260 1387.0
1310270 1387.4
1310280 1387.7
1310290 1387.7
1310300 1388.9
1310310 1390.4
1310320 1390.4
1310330 1393.2
1310340 1396.0
1310350 1396.0
1310360 1399.2
1310370 1402.3
1310380 1402.3
1310390 1406.1
1310400 1409.8
1310410 1413.2
1310420 1413.2
1310430 1416.5
1310440 1419.8
1310450 1419.8
1310460 1423.9
1310470 1427.4
1310480 1427.4
1310490 1429.8
1310500 1432.3
1310510 1432.3
1310520 1434.2
1310530 1435.4
1310540 1435.4
1310550 1438.7
1310560 1443.5
1310570 1443.5
1310580 1448.2
1310590 1453.1
1310600 1453.1
1310610 1457.9
1310620 1462.2
1310630 1467.2
1310640 1467.2
1310650 1472.8
1310660 1479.0
1310670 1479.0
1310680 1484.8
1310690 1491.0
1310700 1491.0
1310710 1497.2
1310720 1503.2
1310730 1503.2
1310740 1509.3
1310750 1514.8
1310760 1514.8
1310770 1521.0
1310780 1529.0
1310790 1529.0
1310800 1538.1
1310810 1547.3
1310820 1556.5
1310830 1556.5
1310840 1565.2
1310850 1575.0
1310860 1570.9
1310870 1579.4
1310880 1587.9
1310890 1587.9
1310900 1597.1
1310910 1607.4
1310920 1607.4
1310930 1619.0
1310940 1628.6
1310950 1628.6
1310960 1635.6
1310970 1646.7
1310980 1646.7
1310990 1663.7
1311000 1680.7
1311010 1680.7
1311020 1694.0
1311030 1707.4
1311040 1721.1
1311050 1721.1
1311060 1752.1
1311070 1776.0
1311080 1776.0
1311090 1808.5
1311100 1841.8
1311110 1841.8
1311120 1853.0
1311130 1852.9
1311140 1852.9
1311150 1867.8
1311160 1893.1
1311170 1893.1
1311180 1907.1
1311190 1933.5
1311200 1933.5
1311210 1962.9
1311220 1971.9
1311230 1971.9
1311240 1979.7
1311250 1985.5
1311260 1992.6
1311270 1992.6
1311280 2000.7
1311290 2005.7
1311300 2005.7
1311310 2012.0
1311320 2017.8
1311330 2017.8
1311340 2024.1
1311350 2033.2
1311360 2033.2
1311370 2042.6
1311380 2050.2
1311390 2050.2
1311400 2054.8
1311410 2059.2
1311420 2059.2
1311430 2064.2
1311440 2067.6
1311450 2070.4
1311460 2070.4
1311470 2072.6
1311480 2074.0
1311490 2074.0
1311500 2074.9
1311510 2075.4
1311520 2075.4
1311530 2076.3
1311540 2077.6
1311550 2077.6
1311560 2079.6
1311570 2081.2
1311580 2081.2
1311590 2078.3
1311600 2080.7
1311610 2080.7
1311620 2081.7
1311630 2074.8
1311640 2074.8
1311650 2070.9
1311660 2067.6
1311670 2063.1
1311680 2063.1
1311690 2059.5
1311700 2054.9
1311710 2054.9
1311720 2050.7
1311730 2045.3
1311740 2045.3
1311750 2041.9
1311760 2039.4
1311770 2039.4
1311780 2038.7
1311790 2037.3
1311800 2037.3
1311810 2034.4
1311820 2035.2
1311830 2035.2
1311840 2036.2
1311850 2034.9
1311860 2034.9
1311870 2032.7
1311880 2034.4
1311890 2036.9
1311900 2036.9
1311910 2036.4
1311920 2030.5
1311930 2030.5
1311940 2023.2
1311950 2019.2
1311960 2019.2
1311970 2016.7
1311980 2016.3
1311990 2016.3
1312000 2012.8
1312010 2011.3
1312020 2011.3
1312030 2011.3
1312040 2011.5
1312050 2011.5
1312060 2008.4
1312070 2003.2
1312080 2003.2
1312090 1999.9
1312100 1998.0
1312110 1996.3
1312120 1996.3
1312130 1995.2
1312140 1995.4
1312150 1995.4
1312160 1995.6
1312170 1997.2
1312180 1997.2
1312190 2000.5
1312200 2003.2
1312210 2003.2
1312220 2003.9
1312230 2005.4
1312240 2005.4
1312250 2009.5
1312260 2012.3
1312270 2012.3
1312280 2014.7
1312290 2016.6
1312300 2017.6
1312310 2017.6
1312320 2013.3
1312330 2017.3
1312340 2017.3
1312350 2021.7
1312360 2027.2
1312370 2027.2
1312380 2032.6
1312390 2037.2
1312400 2037.2
1312410 2041.3
1312420 2044.7
1312430 2044.7
1312440 2049.3
1312450 2054.1
1312460 2054.1
1312470 2058.1
1312480 2060.6
1312490 2060.6
1312500 2067.2
1312510 2077.3
1312520 2085.3
1312530 2085.3
1312540 2090.5
1312550 2096.1
1312560 2096.1
1312570 2100.4
1312580 2107.1
1312590 2107.1
1312600 2116.1
1312610 2126.6
1312620 2126.6
1312630 2137.0
1312640 2150.7
1312650 2150.7
1312660 2171.5
1312670 2189.4
1312680 2189.4
1312690 2203.4
1312700 2217.1
1312710 2217.1
1312720 2231.1
1312730 2248.2
1312740 2260.5
1312750 2260.5
1312760 2272.5
1312770 2283.3
1312780 2283.3
1312790 2291.1
1312800 2296.4
1312810 2296.4
1312820 2300.9
1312830 2303.6
1312840 2303.6
1312850 2306.8
1312860 2311.8
1312870 2311.8
1312880 2318.8
1312890 2326.2
1312900 2326.2
1312910 2333.2
1312920 2338.4
1312930 2341.7
1312940 2341.7
1312950 2345.1
1312960 2348.8
1312970 2348.8
1312980 2353.1
1312990 2356.8
1313000 2356.8
1313010 2358.8
1313020 2362.2
1313030 2362.2
1313040 2364.5
1313050 2367.8
1313060 2359.4
1313070 2359.9
1313080 2359.9
1313090 2359.9
1313100 2359.1
1313110 2359.9
1313120 2359.9
1313130 2362.9
1313140 2367.1
1313150 2371.8
1313160 2371.8
1313170 2377.0
1313180 2384.3
1313190 2384.3
1313200 2391.8
1313210 2395.0
1313220 2395.0
1313230 2396.4
1313240 2399.3
1313250 2399.3
1313260 2401.8
1313270 2403.5
1313280 2403.5
1313290 2405.6
1313300 2408.2
1313310 2408.2
1313320 2411.2
1313330 2414.4
1313340 2414.4
1313350 2419.4
1313360 2425.5
1313370 2432.0
1313380 2432.0
1313390 2437.9
1313400 2443.4
1313410 2443.4
1313420 2449.4
1313430 2454.1
1313440 2454.1
1313450 2457.5
1313460 2461.2
1313470 2461.2
1313480 2465.1
1313490 2469.1
1313500 2469.1
1313510 2471.9
1313520 2472.5
1313530 2472.5
1313540 2471.8
1313550 2469.1
1313560 2469.1
1313570 2468.0
1313580 2470.0
1313590 2472.3
1313600 2472.3
1313610 2474.3
1313620 2478.2
1313630 2478.2
1313640 2482.4
1313650 2485.9
1313660 2485.9
1313670 2488.9
1313680 2491.4
1313690 2491.4
1313700 2494.3
1313710 2496.2
1313720 2496.2
1313730 2496.4
1313740 2496.8
1313750 2496.8
1313760 2499.0
1313770 2501.6
1313780 2505.2
1313790 2505.2
1313800 2509.1
1313810 2512.6
1313820 2512.6
1313830 2516.1
1313840 2519.4
1313850 2519.4
1313860 2523.1
1313870 2526.8
1313880 2526.8
1313890 2531.5
1313900 2537.2
1313910 2537.2
1313920 2541.8
1313930 2546.5
1313940 2546.5
1313950 2550.6
1313960 2553.9
1313970 2553.9
1313980 2558.0
1313990 2561.2
1314000 2564.7
1314010 2564.7
1314020 2569.6
1314030 2575.2
1314040 2575.2
1314050 2578.9
1314060 2578.7
1314070 2578.7
1314080 2578.2
1314090 2579.6
1314100 2579.6
1314110 2580.8
1314120 2583.1
1314130 2583.1
1314140 2586.3
1314150 2588.3
1314160 2588.3
1314170 2589.0
1314180 2589.3
1314190 2589.3
1314200 2591.2
1314210 2596.4
1314220 2601.1
1314230 2601.1
1314240 2606.1
1314250 2609.5
1314260 2609.5
1314270 2611.9
1314280 2614.1
1314290 2614.1
1314300 2617.2
1314310 2620.0
1314320 2620.0
1314330 2623.8
1314340 2628.0
1314350 2628.0
1314360 2630.2
1314370 2630.6
1314380 2630.6
1314390 2632.7
1314400 2634.8
1314410 2636.4
1314420 2636.4
1314430 2637.0
1314440 2636.9
1314450 2636.9
1314460 2637.9
1314470 2640.9
1314480 2640.9
1314490 2645.4
1314500 2650.0
1314510 2650.0
1314520 2651.8
1314530 2653.5
1314540 2653.5
1314550 2660.4
1314560 2660.9
1314570 2660.9
1314580 2660.6
1314590 2662.9
1314600 2662.9
1314610 2665.2
1314620 2667.3
1314630 2669.5
1314640 2669.5
1314650 2671.7
1314660 2673.7
1314670 2673.7
1314680 2675.5
1314690 2677.9
1314700 2677.9
1314710 2682.1
1314720 2687.5
1314730 2687.5
1314740 2693.1
1314750 2697.4
1314760 2697.4
1314770 2702.4
1314780 2707.9
1314790 2707.9
1314800 2713.7
1314810 2719.1
1314820 2719.1
1314830 2722.3
1314840 2709.1
1314850 2688.0
1314860 2688.0
1314870 2671.5
1314880 2661.9
1314890 2661.9
1314900 2655.6
1314910 2647.8
1314920 2647.8
1314930 2641.0
1314940 2635.6
1314950 2635.6
1314960 2631.5
1314970 2628.1
1314980 2628.1
1314990 2625.9
1315000 2624.0
1315010 2624.0
1315020 2623.9
1315030 2624.6
1315040 2624.6
1315050 2624.4
1315060 2624.8
1315070 2625.1
1315080 2625.1
1315090 2624.2
1315100 2624.7
1315110 2624.7
1315120 2627.0
1315130 2628.8
1315140 2628.8
1315150 2627.9
1315160 2624.2
1315170 2624.2
1315180 2621.5
1315190 2619.9
1315200 2619.9
1315210 2616.9
1315220 2616.4
1315230 2616.4
1315240 2616.1
1315250 2615.7
1315260 2613.7
1315270 2613.7
1315280 2613.3
1315290 2608.4
1315300 2608.4
1315310 2607.5
1315320 2605.0
1315330 2605.0
1315340 2603.5
1315350 2603.9
1315360 2603.9
1315370 2601.7
1315380 2597.2
1315390 2597.2
1315400 2592.4
1315410 2590.4
1315420 2590.4
1315430 2586.6
1315440 2581.2
1315450 2581.2
1315460 2575.6
1315470 2566.8
1315480 2559.5
1315490 2559.5
1315500 2555.8
1315510 2555.2
1315520 2555.2
1315530 2554.4
1315540 2552.6
1315550 2552.6
1315560 2552.7
1315570 2551.2
1315580 2551.2
1315590 2545.2
1315600 2530.4
1315610 2530.4
1315620 2519.4
1315630 2513.6
1315640 2513.6
1315650 2508.4
1315660 2504.5
1315670 2504.5
1315680 2501.2
1315690 2497.4
1315700 2494.9
1315710 2494.9
1315720 2491.1
1315730 2486.0
1315740 2486.0
1315750 2479.7
1315760 2476.7
1315770 2476.7
1315780 2477.0
1315790 2471.2
1315800 2471.2
1315810 2468.3
1315820 2466.3
1315830 2466.3
1315840 2463.5
1315850 2460.4
1315860 2460.4
1315870 2457.3
1315880 2454.6
1315890 2454.6
1315900 2452.8
1315910 2453.7
1315920 2456.1
1315930 2456.1
1315940 2458.0
1315950 2458.9
1315960 2458.9
1315970 2459.6
1315980 2460.3
1315990 2460.3
1316000 2460.5
1316010 2460.0
1316020 2460.0
1316030 2459.3
1316040 2453.8
1316050 2453.8
1316060 2452.5
1316070 2451.0
1316080 2451.0
1316090 2449.0
1316100 2448.7
1316110 2451.1
1316120 2451.1
1316130 2452.8
1316140 2454.8
1316150 2454.8
1316160 2455.2
1316170 2455.1
1316180 2455.1
1316190 2455.0
1316200 2455.1
1316210 2455.1
1316220 2455.5
1316230 2456.2
1316240 2456.2
1316250 2457.0
1316260 2457.3
1316270 2457.3
1316280 2458.3
1316290 2458.8
1316300 2458.8
1316310 2458.1
1316320 2455.9
1316330 2452.2
1316340 2452.2
1316350 2448.7
1316360 2447.5
1316370 2447.5
1316380 2446.1
1316390 2443.6
1316400 2443.6
1316410 2442.1
1316420 2441.4
1316430 2441.4
1316440 2441.0
1316450 2439.6
1316460 2439.6
1316470 2436.3
1316480 2433.4
1316490 2433.4
1316500 2430.9
1316510 2428.2
1316520 2428.2
1316530 2425.6
1316540 2423.5
1316550 2421.4
1316560 2421.4
1316570 2420.1
1316580 2418.0
1316590 2418.0
1316600 2416.3
1316610 2415.2
1316620 2415.2
1316630 2413.2
1316640 2411.1
1316650 2411.1
1316660 2411.6
1316670 2411.0
1316680 2411.0
1316690 2409.7
1316700 2409.0
1316710 2409.0
1316720 2408.7
1316730 2406.7
1316740 2404.0
1316750 2404.0
1316760 2402.7
1316770 2400.9
1316780 2400.9
1316790 2399.6
1316800 2395.5
1316810 2395.5
1316820 2397.9
1316830 2399.0
1316840 2399.0
1316850 2399.8
1316860 2399.9
1316870 2399.9
1316880 2399.7
1316890 2398.6
1316900 2398.6
1316910 2397.7
1316920 2395.8
1316930 2395.8
1316940 2393.7
1316950 2392.4
1316960 2390.9
1316970 2390.9
1316980 2386.9
1316990 2382.3
1317000 2382.3
1317010 2378.5
1317020 2374.6
1317030 2374.6
1317040 2371.9
1317050 2370.6
1317060 2370.6
1317070 2369.5
1317080 2365.9
1317090 2365.9
1317100 2365.1
1317110 2365.4
1317120 2365.4
1317130 2364.6
1317140 2364.3
1317150 2364.3
1317160 2362.5
1317170 2362.5
1317180 2362.7
1317190 2362.7
1317200 2362.7
1317210 2362.9
1317220 2362.9
1317230 2363.6
1317240 2364.6
1317250 2364.6
1317260 2364.7
1317270 2363.6
1317280 2363.6
1317290 2363.0
1317300 2363.3
1317310 2363.3
1317320 2364.2
1317330 2366.0
1317340 2366.0
1317350 2368.6
1317360 2371.9
1317370 2371.9
1317380 2374.6
1317390 2377.8
1317400 2380.0
1317410 2380.0
1317420 2381.5
1317430 2384.5
1317440 2384.5
1317450 2387.9
1317460 2391.5
1317470 2391.5
1317480 2395.8
1317490 2400.4
1317500 2400.4
1317510 2405.2
1317520 2410.5
1317530 2410.5
1317540 2416.0
1317550 2421.9
1317560 2418.7
1317570 2424.6
1317580 2430.4
1317590 2436.1
1317600 2436.1
1317610 2441.6
1317620 2446.3
1317630 2446.3
1317640 2449.4
1317650 2453.0
1317660 2453.0
1317670 2457.6
1317680 2462.8
1317690 2462.8
1317700 2467.9
1317710 2473.8
1317720 2473.8
1317730 2480.5
1317740 2487.3
1317750 2487.3
1317760 2494.0
1317770 2500.7
1317780 2500.7
1317790 2506.3
1317800 2513.0
1317810 2521.4
1317820 2521.4
1317830 2530.0
1317840 2541.4
1317850 2541.4
1317860 2561.7
1317870 2573.3
1317880 2573.3
1317890 2576.7
1317900 2580.0
1317910 2580.0
1317920 2582.8
1317930 2585.7
1317940 2585.7
1317950 2587.8
1317960 2588.9
1317970 2588.9
1317980 2589.8
1317990 2590.0
1318000 2590.0
1318010 2590.0
1318020 2591.9
1318030 2595.2
1318040 2595.2
1318050 2599.6
1318060 2604.5
1318070 2604.5
1318080 2609.5
1318090 2614.3
1318100 2614.3
1318110 2619.2
1318120 2624.1
1318130 2624.1
1318140 2629.1
1318150 2636.2
1318160 2636.2
1318170 2642.3
1318180 2646.6
1318190 2646.6
1318200 2652.2
1318210 2659.0
1318220 2668.8
1318230 2668.8
1318240 2680.6
1318250 2689.1
1318260 2689.1
1318270 2692.5
1318280 2693.5
1318290 2693.5
1318300 2695.3
1318310 2698.4
1318320 2703.2
1318330 2707.3
1318340 2711.3
1318350 2711.3
1318360 2714.5
1318370 2718.3
1318380 2718.3
1318390 2724.2
1318400 2731.8
1318410 2731.8
1318420 2737.6
1318430 2739.9
1318440 2743.1
1318450 2743.1
1318460 2744.4
1318470 2748.0
1318480 2748.0
1318490 2755.4
1318500 2761.1
1318510 2761.1
1318520 2765.2
1318530 2768.5
1318540 2768.5
1318550 2770.5
1318560 2772.6
1318570 2772.6
1318580 2774.8
1318590 2777.4
1318600 2777.4
1318610 2779.1
1318620 2780.3
1318630 2780.3
1318640 2785.6
1318650 2792.9
1318660 2802.0
1318670 2802.0
1318680 2813.8
1318690 2824.5
1318700 2824.5
1318710 2829.2
1318720 2832.8
1318730 2832.8
1318740 2836.3
1318750 2839.3
1318760 2839.3
1318770 2842.2
1318780 2845.3
1318790 2845.3
1318800 2846.8
1318810 2848.4
1318820 2848.4
1318830 2850.4
1318840 2853.5
1318850 2853.5
1318860 2856.3
1318870 2858.2
1318880 2860.1
1318890 2860.1
1318900 2859.3
1318910 2858.3
1318920 2858.3
1318930 2859.9
1318940 2863.2
1318950 2863.2
1318960 2865.9
1318970 2868.2
1318980 2868.2
1318990 2870.7
1319000 2874.0
1319010 2874.0
1319020 2877.7
1319030 2881.3
1319040 2881.3
1319050 2885.6
1319060 2889.7
1319070 2893.7
1319080 2896.1
1319090 2900.3
1319100 2903.4
1319110 2903.4
1319120 2905.2
1319130 2906.5
1319140 2906.5
1319150 2908.0
1319160 2908.7
1319170 2908.7
1319180 2909.5
1319190 2910.2
1319200 2910.2
1319210 2911.3
1319220 2913.1
1319230 2913.1
1319240 2915.5
1319250 2918.5
1319260 2918.5
1319270 2921.8
1319280 2925.4
1319290 2929.1
1319300 2929.1
1319310 2933.1
1319320 2937.5
1319330 2937.5
1319340 2942.5
1319350 2947.1
1319360 2947.1
1319370 2952.2
1319380 2957.8
1319390 2957.8
1319400 2963.8
1319410 2970.0
1319420 2970.0
1319430 2977.2
1319440 2984.9
1319450 2984.9
1319460 2992.0
1319470 2998.9
1319480 2998.9
1319490 3004.2
1319500 3013.0
1319510 3024.4
1319520 3024.4
1319530 3031.3
1319540 3033.0
1319550 3033.0
1319560 3035.5
1319570 3038.9
1319580 3038.9
1319590 3041.8
1319600 3044.8
1319610 3044.8
1319620 3048.5
1319630 3052.7
1319640 3052.7
1319650 3057.3
1319660 3061.1
1319670 3061.1
1319680 3066.3
1319690 3072.6
1319700 3079.2
1319710 3079.2
1319720 3089.9
1319730 3100.2
1319740 3100.2
1319750 3109.4
1319760 3116.3
1319770 3116.3
1319780 3122.2
1319790 3127.8
1319800 3127.8
1319810 3132.5
1319820 3137.5
1319830 3137.5
1319840 3142.6
1319850 3137.8
1319860 3137.8
1319870 3142.6
1319880 3149.3
1319890 3149.3
1319900 3154.6
1319910 3163.4
1319920 3163.7
1319930 3163.7
1319940 3155.7
1319950 3151.7
1319960 3151.7
1319970 3140.6
1319980 3123.3
1319990 3123.3
