1300000 2698.9
1300010 2698.9
1300020 2698.9
1300030 2697.9
1300040 2697.9
1300050 2696.9
1300060 2696.4
1300070 2696.4
1300080 2696.6
1300090 2697.5
1300100 2697.5
1300110 2697.9
1300120 2695.2
1300130 2695.2
1300140 2692.5
1300150 2689.9
1300160 2689.9
1300170 2687.1
1300180 2683.8
1300190 2680.5
1300200 2680.5
1300210 2677.6
1300220 2674.0
1300230 2674.0
1300240 2670.1
1300250 2667.7
1300260 2667.7
1300270 2667.1
1300280 2666.6
1300290 2666.6
1300300 2665.8
1300310 2664.6
1300320 2664.6
1300330 2663.9
1300340 2661.8
1300350 2661.8
1300360 2660.5
1300370 2659.4
1300380 2659.4
1300390 2657.5
1300400 2653.4
1300410 2649.8
1300420 2649.8
1300430 2647.3
1300440 2644.6
1300450 2644.6
1300460 2642.2
1300470 2641.1
1300480 2641.1
1300490 2643.2
1300500 2644.1
1300510 2644.1
1300520 2644.9
1300530 2645.8
1300540 2645.8
1300550 2645.2
1300560 2641.4
1300570 2641.4
1300580 2637.4
1300590 2636.7
1300600 2634.2
1300610 2634.2
1300620 2631.5
1300630 2630.0
1300640 2630.0
1300650 2624.8
1300660 2622.7
1300670 2622.7
1300680 2617.6
1300690 2614.0
1300700 2614.0
1300710 2615.5
1300720 2617.2
1300730 2617.2
1300740 2617.3
1300750 2616.6
1300760 2616.6
1300770 2615.2
1300780 2612.9
1300790 2612.9
1300800 2609.2
1300810 2607.2
1300820 2606.9
1300830 2606.9
1300840 2608.2
1300850 2605.2
1300860 2605.2
1300870 2599.6
1300880 2594.9
1300890 2594.9
1300900 2590.6
1300910 2586.1
1300920 2586.1
1300930 2582.1
1300940 2578.9
1300950 2578.9
1300960 2576.0
1300970 2573.0
1300980 2573.0
1300990 2567.9
1301000 2562.2
1301010 2562.2
1301020 2556.9
1301030 2552.0
1301040 2547.4
1301050 2547.4
1301060 2542.4
1301070 2535.9
1301080 2535.9
1301090 2529.2
1301100 2522.8
1301110 2522.8
1301120 2517.7
1301130 2513.5
1301140 2513.5
1301150 2507.6
1301160 2501.4
1301170 2501.4
1301180 2497.0
1301190 2492.8
1301200 2492.8
1301210 2488.5
1301220 2485.0
1301230 2485.0
1301240 2480.2
1301250 2476.1
1301260 2472.4
1301270 2472.4
1301280 2469.0
1301290 2465.5
1301300 2465.5
1301310 2463.5
1301320 2461.1
1301330 2461.1
1301340 2456.0
1301350 2453.4
1301360 2453.4
1301370 2449.8
1301380 2447.6
1301390 2447.6
1301400 2446.4
1301410 2444.8
1301420 2444.8
1301430 2442.9
1301440 2440.7
1301450 2440.7
1301460 2435.8
1301470 2430.7
1301480 2428.1
1301490 2428.1
1301500 2424.2
1301510 2420.7
1301520 2420.7
1301530 2416.7
1301540 2413.4
1301550 2413.4
1301560 2410.8
1301570 2409.1
1301580 2409.1
1301590 2407.9
1301600 2406.8
1301610 2406.8
1301620 2405.7
1301630 2403.2
1301640 2403.2
1301650 2400.1
1301660 2396.7
1301670 2392.5
1301680 2392.5
1301690 2390.0
1301700 2388.3
1301710 2388.3
1301720 2386.5
1301730 2383.5
1301740 2383.5
1301750 2378.8
1301760 2372.5
1301770 2372.5
1301780 2365.8
1301790 2359.6
1301800 2359.6
1301810 2353.7
1301820 2348.1
1301830 2348.1
1301840 2342.5
1301850 2334.6
1301860 2334.6
1301870 2325.6
1301880 2318.6
1301890 2312.7
1301900 2312.7
1301910 2307.4
1301920 2302.3
1301930 2302.3
1301940 2297.3
1301950 2293.0
1301960 2293.0
1301970 2288.6
1301980 2283.3
1301990 2283.3
1302000 2278.6
1302010 2276.4
1302020 2276.4
1302030 2269.5
1302040 2267.1
1302050 2267.1
1302060 2265.0
1302070 2263.7
1302080 2263.7
1302090 2263.8
1302100 2264.4
1302110 2265.8
1302120 2265.8
1302130 2266.9
1302140 2267.8
1302150 2267.8
1302160 2268.5
1302170 2269.1
1302180 2269.1
1302190 2269.8
1302200 2267.9
1302210 2267.9
1302220 2264.6
1302230 2261.0
1302240 2261.0
1302250 2257.3
1302260 2252.3
1302270 2252.3
1302280 2245.8
1302290 2239.6
1302300 2239.6
1302310 2233.1
1302320 2226.8
1302330 2220.4
1302340 2220.4
1302350 2213.1
1302360 2204.9
1302370 2204.9
1302380 2197.7
1302390 2190.2
1302400 2190.2
1302410 2182.5
1302420 2175.5
1302430 2175.5
1302440 2168.5
1302450 2163.9
1302460 2163.9
1302470 2156.3
1302480 2148.6
1302490 2148.6
1302500 2143.9
1302510 2139.4
1302520 2139.4
1302530 2134.0
1302540 2129.0
1302550 2123.8
1302560 2123.8
1302570 2119.2
1302580 2114.8
1302590 2114.8
1302600 2109.8
1302610 2103.0
1302620 2103.0
1302630 2093.3
1302640 2085.0
1302650 2085.0
1302660 2078.8
1302670 2074.4
1302680 2074.4
1302690 2070.4
1302700 2064.1
1302710 2064.1
1302720 2055.2
1302730 2050.0
1302740 2043.2
1302750 2043.2
1302760 2037.4
1302770 2033.0
1302780 2033.0
1302790 2029.5
1302800 2026.2
1302810 2026.2
1302820 2020.6
1302830 2013.2
1302840 2013.2
1302850 2007.3
1302860 2002.4
1302870 2002.4
1302880 1998.6
1302890 1994.9
1302900 1994.9
1302910 1990.3
1302920 1982.9
1302930 1982.9
1302940 1971.4
1302950 1961.3
1302960 1953.1
1302970 1953.1
1302980 1945.5
1302990 1938.6
1303000 1938.6
1303010 1933.1
1303020 1928.5
1303030 1928.5
1303040 1924.2
1303050 1920.5
1303060 1920.5
1303070 1916.5
1303080 1911.2
1303090 1911.2
1303100 1907.5
1303110 1907.5
1303120 1907.5
1303130 1907.2
1303140 1908.0
1303150 1908.0
1303160 1907.7
1303170 1906.4
1303180 1905.1
1303190 1905.1
1303200 1904.9
1303210 1903.1
1303220 1903.1
1303230 1899.4
1303240 1894.8
1303250 1894.8
1303260 1890.0
1303270 1886.0
1303280 1886.0
1303290 1881.6
1303300 1877.4
1303310 1877.4
1303320 1871.0
1303330 1866.2
1303340 1866.2
1303350 1861.1
1303360 1856.1
1303370 1856.1
1303380 1851.1
1303390 1846.1
1303400 1840.8
1303410 1840.8
1303420 1835.0
1303430 1828.1
1303440 1828.1
1303450 1824.3
1303460 1821.8
1303470 1821.8
1303480 1819.1
1303490 1815.4
1303500 1815.4
1303510 1810.6
1303520 1806.3
1303530 1806.3
1303540 1801.3
1303550 1793.5
1303560 1793.5
1303570 1787.4
1303580 1780.9
1303590 1772.8
1303600 1772.8
1303610 1761.3
1303620 1747.5
1303630 1747.5
1303640 1734.7
1303650 1722.4
1303660 1722.4
1303670 1711.4
1303680 1698.2
1303690 1698.2
1303700 1687.8
1303710 1679.8
1303720 1679.8
1303730 1674.0
1303740 1669.0
1303750 1669.0
1303760 1663.7
1303770 1658.7
1303780 1658.7
1303790 1653.4
1303800 1648.3
1303810 1643.3
1303820 1643.3
1303830 1637.0
1303840 1631.0
1303850 1631.0
1303860 1625.5
1303870 1620.4
1303880 1620.4
1303890 1614.7
1303900 1609.5
1303910 1609.5
1303920 1605.0
1303930 1600.1
1303940 1600.1
1303950 1594.4
1303960 1588.3
1303970 1588.3
1303980 1584.6
1303990 1582.3
1304000 1582.3
1304010 1578.5
1304020 1575.2
1304030 1572.0
1304040 1572.0
1304050 1569.1
1304060 1566.5
1304070 1566.5
1304080 1565.1
1304090 1564.4
1304100 1564.4
1304110 1563.8
1304120 1563.3
1304130 1566.4
1304140 1571.4
1304150 1575.9
1304160 1575.9
1304170 1578.9
1304180 1582.0
1304190 1582.0
1304200 1585.0
1304210 1586.9
1304220 1586.9
1304230 1590.4
1304240 1593.8
1304250 1597.2
1304260 1597.2
1304270 1600.0
1304280 1602.2
1304290 1602.2
1304300 1605.1
1304310 1607.8
1304320 1607.8
1304330 1609.6
1304340 1607.3
1304350 1607.3
1304360 1605.0
1304370 1607.9
1304380 1607.9
1304390 1612.0
1304400 1613.7
1304410 1613.7
1304420 1615.1
1304430 1616.2
1304440 1616.2
1304450 1618.0
1304460 1619.4
1304470 1622.0
1304480 1622.0
1304490 1626.7
1304500 1629.9
1304510 1629.9
1304520 1633.9
1304530 1643.6
1304540 1643.6
1304550 1650.4
1304560 1655.5
1304570 1655.5
1304580 1659.6
1304590 1661.6
1304600 1661.6
1304610 1663.3
1304620 1664.0
1304630 1664.0
1304640 1664.9
1304650 1667.6
1304660 1675.6
1304670 1675.6
1304680 1682.1
1304690 1686.7
1304700 1686.7
1304710 1690.4
1304720 1693.0
1304730 1693.0
1304740 1697.1
1304750 1699.9
1304760 1699.9
1304770 1702.3
1304780 1703.5
1304790 1703.5
1304800 1705.4
1304810 1706.0
1304820 1706.0
1304830 1711.6
1304840 1713.7
1304850 1713.7
1304860 1716.3
1304870 1719.5
1304880 1721.5
1304890 1721.5
1304900 1723.3
1304910 1725.8
1304920 1725.8
1304930 1729.9
1304940 1734.8
1304950 1734.8
1304960 1739.5
1304970 1743.9
1304980 1743.9
1304990 1748.8
1305000 1753.1
1305010 1753.1
1305020 1758.0
1305030 1762.4
1305040 1762.4
1305050 1766.7
1305060 1770.9
1305070 1770.9
1305080 1775.2
1305090 1779.5
1305100 1784.2
1305110 1784.2
1305120 1789.0
1305130 1794.4
1305140 1794.4
1305150 1799.5
1305160 1803.3
1305170 1803.3
1305180 1806.5
1305190 1810.4
1305200 1810.4
1305210 1816.1
1305220 1823.3
1305230 1823.3
1305240 1829.9
1305250 1835.1
1305260 1835.1
1305270 1839.8
1305280 1844.0
1305290 1844.0
1305300 1848.6
1305310 1854.4
1305320 1863.8
1305330 1863.8
1305340 1871.4
1305350 1876.9
1305360 1876.9
1305370 1882.8
1305380 1888.9
1305390 1888.9
1305400 1896.9
1305410 1906.6
1305420 1906.6
1305430 1916.9
1305440 1927.0
1305450 1927.0
1305460 1934.4
1305470 1941.3
1305480 1941.3
1305490 1949.4
1305500 1957.1
1305510 1966.0
1305520 1966.0
1305530 1976.0
1305540 1996.3
1305550 1996.3
1305560 2006.5
1305570 2018.6
1305580 2018.6
1305590 2030.2
1305600 2038.1
1305610 2038.1
1305620 2044.0
1305630 2050.9
1305640 2050.9
1305650 2056.7
1305660 2059.7
1305670 2059.7
1305680 2063.4
1305690 2067.3
1305700 2067.3
1305710 2071.8
1305720 2076.4
1305730 2081.5
1305740 2081.5
1305750 2087.7
1305760 2094.0
1305770 2094.0
1305780 2100.0
1305790 2105.6
1305800 2105.6
1305810 2110.3
1305820 2114.6
1305830 2114.6
1305840 2119.1
1305850 2123.8
1305860 2123.8
1305870 2128.4
1305880 2133.4
1305890 2133.4
1305900 2138.3
1305910 2142.8
1305920 2142.8
1305930 2148.6
1305940 2158.0
1305950 2165.7
1305960 2165.7
1305970 2174.6
1305980 2180.7
1305990 2180.7
1306000 2186.4
1306010 2192.4
1306020 2192.4
1306030 2198.7
1306040 2202.8
1306050 2202.8
1306060 2205.4
1306070 2208.7
1306080 2208.7
1306090 2212.7
1306100 2217.6
1306110 2217.6
1306120 2223.0
1306130 2228.8
1306140 2228.8
1306150 2235.0
1306160 2241.1
1306170 2247.1
1306180 2247.1
1306190 2253.1
1306200 2258.8
1306210 2258.8
1306220 2265.0
1306230 2271.3
1306240 2271.3
1306250 2285.3
1306260 2296.7
1306270 2296.7
1306280 2307.6
1306290 2320.1
1306300 2320.1
1306310 2329.5
1306320 2337.5
1306330 2337.5
1306340 2350.3
1306350 2355.1
1306360 2355.1
1306370 2347.9
1306380 2335.9
1306390 2321.7
1306400 2321.7
1306410 2308.9
1306420 2299.3
1306430 2299.3
1306440 2288.5
1306450 2277.6
1306460 2277.6
1306470 2269.5
1306480 2262.4
1306490 2262.4
1306500 2255.3
1306510 2248.6
1306520 2248.6
1306530 2242.1
1306540 2235.5
1306550 2235.5
1306560 2228.6
1306570 2222.3
1306580 2216.0
1306590 2216.0
1306600 2209.3
1306610 2202.1
1306620 2202.1
1306630 2194.2
1306640 2186.9
1306650 2186.9
1306660 2179.6
1306670 2172.2
1306680 2172.2
1306690 2165.4
1306700 2159.2
1306710 2159.2
1306720 2154.5
1306730 2149.5
1306740 2149.5
1306750 2143.3
1306760 2139.0
1306770 2139.0
1306780 2134.2
1306790 2127.8
1306800 2120.5
1306810 2120.5
1306820 2112.3
1306830 2104.4
1306840 2104.4
1306850 2095.8
1306860 2084.6
1306870 2084.6
1306880 2073.4
1306890 2061.9
1306900 2061.9
1306910 2050.0
1306920 2037.8
1306930 2037.8
1306940 2025.8
1306950 2022.3
1306960 2033.3
1306970 2035.1
1306980 2034.6
1306990 2034.6
1307000 2032.0
1307010 2029.0
1307020 2025.3
1307030 2025.3
1307040 2021.9
1307050 2019.3
1307060 2019.3
1307070 2016.1
1307080 2010.1
1307090 2010.1
1307100 2004.3
1307110 1999.6
1307120 1999.6
1307130 1995.7
1307140 1992.8
1307150 1992.8
1307160 1989.6
1307170 1987.2
1307180 1987.2
1307190 1986.1
1307200 1980.7
1307210 1980.7
1307220 1971.6
1307230 1962.2
1307240 1951.7
1307250 1951.7
1307260 1940.1
1307270 1926.7
1307280 1926.7
1307290 1916.0
1307300 1897.1
1307310 1897.1
1307320 1882.1
1307330 1864.1
1307340 1864.1
1307350 1848.1
1307360 1834.3
1307370 1834.3
1307380 1826.8
1307390 1823.5
1307400 1823.5
1307410 1822.2
1307420 1825.3
1307430 1829.8
1307440 1829.8
1307450 1832.1
1307460 1830.8
1307470 1830.8
1307480 1830.0
1307490 1834.7
1307500 1834.7
1307510 1832.7
1307520 1828.5
1307530 1828.5
1307540 1826.4
1307550 1822.7
1307560 1822.7
1307570 1819.4
1307580 1814.9
1307590 1814.9
1307600 1811.0
1307610 1812.0
1307620 1812.0
1307630 1813.1
1307640 1809.5
1307650 1804.9
1307660 1804.9
1307670 1800.9
1307680 1799.5
1307690 1799.5
1307700 1794.1
1307710 1787.8
1307720 1787.8
1307730 1781.3
1307740 1776.0
1307750 1776.0
1307760 1770.8
1307770 1764.9
1307780 1764.9
1307790 1758.9
1307800 1754.6
1307810 1754.6
1307820 1748.4
1307830 1742.8
1307840 1742.8
1307850 1739.0
1307860 1734.4
1307870 1730.3
1307880 1730.3
1307890 1724.1
1307900 1715.4
1307910 1715.4
1307920 1707.7
1307930 1698.6
1307940 1698.6
1307950 1690.1
1307960 1686.5
1307970 1686.5
1307980 1683.5
1307990 1676.6
1308000 1676.6
1308010 1667.7
1308020 1658.9
1308030 1658.9
1308040 1650.7
1308050 1640.2
1308060 1640.2
1308070 1629.4
1308080 1622.2
1308090 1616.2
1308100 1616.2
1308110 1609.5
1308120 1602.5
1308130 1602.5
1308140 1595.8
1308150 1587.0
1308160 1587.0
1308170 1578.7
1308180 1571.0
1308190 1571.0
1308200 1562.4
1308210 1553.1
1308220 1553.1
1308230 1543.4
1308240 1533.9
1308250 1533.9
1308260 1523.6
1308270 1510.9
1308280 1510.9
1308290 1499.7
1308300 1490.5
1308310 1481.7
1308320 1481.7
1308330 1473.6
1308340 1465.5
1308350 1465.5
1308360 1458.0
1308370 1450.8
1308380 1450.8
1308390 1445.2
1308400 1446.0
1308410 1446.0
1308420 1439.4
1308430 1432.5
1308440 1432.5
1308450 1425.4
1308460 1418.4
1308470 1418.4
1308480 1411.4
1308490 1404.6
1308500 1399.0
1308510 1399.0
1308520 1396.8
1308530 1394.7
1308540 1394.7
1308550 1391.4
1308560 1388.0
1308570 1388.0
1308580 1385.4
1308590 1383.6
1308600 1383.6
1308610 1381.6
1308620 1379.1
1308630 1379.1
1308640 1376.1
1308650 1373.1
1308660 1373.1
1308670 1369.6
1308680 1366.3
1308690 1366.3
1308700 1363.4
1308710 1360.5
1308720 1358.2
1308730 1358.2
1308740 1356.2
1308750 1353.4
1308760 1353.4
1308770 1350.2
1308780 1347.2
1308790 1347.2
1308800 1345.0
1308810 1343.1
1308820 1343.1
1308830 1340.1
1308840 1335.8
1308850 1335.8
1308860 1332.9
1308870 1331.2
1308880 1331.2
1308890 1332.0
1308900 1333.9
1308910 1333.9
1308920 1336.8
1308930 1341.9
1308940 1346.1
1308950 1346.1
1308960 1348.7
1308970 1350.4
1308980 1350.4
1308990 1351.7
1309000 1354.2
1309010 1354.2
1309020 1357.5
1309030 1360.6
1309040 1360.6
1309050 1363.8
1309060 1367.3
1309070 1367.3
1309080 1370.6
1309090 1373.8
1309100 1373.8
1309110 1376.8
1309120 1380.0
1309130 1380.0
1309140 1383.2
1309150 1387.2
1309160 1390.0
1309170 1390.0
1309180 1392.9
1309190 1396.0
1309200 1396.0
1309210 1398.7
1309220 1399.2
1309230 1399.2
1309240 1400.8
1309250 1404.3
1309260 1404.3
1309270 1407.7
1309280 1410.6
1309290 1410.6
1309300 1412.6
1309310 1414.3
1309320 1414.3
1309330 1415.8
1309340 1418.3
1309350 1418.3
1309360 1423.8
1309370 1433.8
1309380 1442.1
1309390 1442.1
1309400 1448.2
1309410 1455.7
1309420 1455.7
1309430 1464.4
1309440 1470.8
1309450 1470.8
1309460 1477.4
1309470 1484.2
1309480 1484.2
1309490 1489.5
1309500 1493.0
1309510 1493.0
1309520 1499.4
1309530 1506.5
1309540 1506.5
1309550 1516.3
1309560 1525.9
1309570 1533.2
1309580 1533.2
1309590 1540.7
1309600 1548.7
1309610 1548.7
1309620 1557.1
1309630 1565.3
1309640 1565.3
1309650 1573.0
1309660 1580.7
1309670 1580.7
1309680 1588.0
1309690 1595.0
1309700 1595.0
1309710 1602.0
1309720 1609.5
1309730 1609.5
1309740 1618.2
1309750 1628.3
1309760 1628.3
1309770 1637.4
1309780 1645.7
1309790 1654.0
1309800 1654.0
1309810 1663.6
1309820 1676.5
1309830 1676.5
1309840 1683.6
1309850 1693.7
1309860 1693.7
1309870 1703.6
1309880 1717.6
1309890 1717.6
1309900 1730.7
1309910 1740.2
1309920 1740.2
1309930 1750.5
1309940 1762.5
1309950 1762.5
1309960 1780.5
1309970 1801.8
1309980 1801.8
1309990 1807.2
1310000 1810.9
1310010 1815.5
1310020 1815.5
1310030 1820.1
1310040 1825.0
1310050 1825.0
1310060 1829.9
1310070 1834.9
1310080 1834.9
1310090 1839.8
1310100 1844.8
1310110 1844.8
1310120 1850.8
1310130 1857.6
1310140 1857.6
1310150 1865.1
1310160 1872.1
1310170 1872.1
1310180 1878.7
1310190 1885.5
1310200 1885.5
1310210 1893.7
1310220 1902.1
1310230 1910.9
1310240 1910.9
1310250 1924.7
1310260 1930.5
1310270 1930.5
1310280 1939.4
1310290 1949.9
1310300 1949.9
1310310 1955.2
1310320 1961.4
1310330 1961.4
1310340 1967.7
1310350 1974.2
1310360 1974.2
1310370 1980.5
1310380 1987.8
1310390 1987.8
1310400 1995.3
1310410 2001.3
1310420 2006.8
1310430 2006.8
1310440 2013.3
1310450 2020.5
1310460 2020.5
1310470 2027.3
1310480 2032.7
1310490 2032.7
1310500 2034.6
1310510 2034.3
1310520 2034.3
1310530 2034.3
1310540 2033.4
1310550 2033.4
1310560 2034.2
1310570 2024.5
1310580 2024.5
1310590 2025.9
1310600 2028.0
1310610 2028.0
1310620 2029.9
1310630 2029.7
1310640 2031.1
1310650 2031.1
1310660 2031.7
1310670 2030.2
1310680 2030.2
1310690 2030.6
1310700 2036.6
1310710 2036.6
1310720 2042.6
1310730 2046.7
1310740 2046.7
1310750 2051.6
1310760 2058.3
1310770 2058.3
1310780 2063.2
1310790 2069.6
1310800 2069.6
1310810 2080.0
1310820 2087.9
1310830 2087.9
1310840 2090.0
1310850 2093.3
1310860 2103.5
1310870 2103.5
1310880 2111.3
1310890 2118.5
1310900 2118.5
1310910 2122.7
1310920 2119.2
1310930 2119.2
1310940 2113.2
1310950 2107.9
1310960 2107.9
1310970 2104.8
1310980 2101.3
1310990 2101.3
1311000 2097.5
1311010 2090.7
1311020 2090.7
1311030 2081.0
1311040 2069.8
1311050 2069.8
1311060 2060.1
1311070 2050.7
1311080 2044.1
1311090 2044.1
1311100 2046.8
1311110 2060.4
1311120 2060.4
1311130 2085.0
1311140 2096.5
1311150 2096.5
1311160 2105.1
1311170 2112.6
1311180 2112.6
1311190 2121.1
1311200 2130.4
1311210 2130.4
1311220 2144.1
1311230 2153.0
1311240 2153.0
1311250 2157.1
1311260 2158.5
1311270 2158.5
1311280 2159.0
1311290 2158.2
1311300 2145.2
1311310 2145.2
1311320 2139.1
1311330 2138.1
1311340 2138.1
1311350 2137.2
1311360 2134.1
1311370 2134.1
1311380 2130.6
1311390 2130.9
1311400 2130.9
1311410 2135.7
1311420 2144.4
1311430 2144.4
1311440 2153.3
1311450 2156.6
1311460 2156.6
1311470 2156.3
1311480 2153.9
1311490 2147.6
1311500 2147.6
1311510 2144.1
1311520 2143.7
1311530 2143.7
1311540 2141.9
1311550 2142.1
1311560 2142.1
1311570 2147.0
1311580 2151.2
1311590 2151.2
1311600 2152.4
1311610 2153.3
1311620 2153.3
1311630 2155.5
1311640 2158.0
1311650 2158.0
1311660 2162.1
1311670 2168.3
1311680 2168.3
1311690 2176.0
1311700 2184.2
1311710 2192.2
1311720 2192.2
1311730 2200.2
1311740 2208.3
1311750 2208.3
1311760 2216.4
1311770 2224.9
1311780 2224.9
1311790 2233.2
1311800 2241.5
1311810 2241.5
1311820 2249.4
1311830 2257.2
1311840 2257.2
1311850 2264.6
1311860 2271.9
1311870 2271.9
1311880 2278.7
1311890 2285.5
1311900 2285.5
1311910 2292.5
1311920 2299.4
1311930 2306.2
1311940 2306.2
1311950 2312.4
1311960 2315.5
1311970 2315.5
1311980 2317.8
1311990 2319.4
1312000 2319.4
1312010 2322.2
1312020 2324.8
1312030 2324.9
1312040 2328.4
1312050 2333.0
1312060 2333.0
1312070 2338.6
1312080 2345.0
1312090 2345.0
1312100 2351.6
1312110 2358.3
1312120 2358.3
1312130 2365.4
1312140 2372.4
1312150 2379.8
1312160 2379.8
1312170 2389.6
1312180 2399.0
1312190 2399.0
1312200 2414.8
1312210 2431.3
1312220 2431.3
1312230 2443.3
1312240 2453.9
1312250 2453.9
1312260 2463.8
1312270 2473.6
1312280 2473.6
1312290 2485.7
1312300 2495.5
1312310 2495.5
1312320 2505.1
1312330 2513.3
1312340 2522.1
1312350 2522.1
1312360 2530.9
1312370 2539.3
1312380 2539.3
1312390 2547.4
1312400 2555.6
1312410 2555.6
1312420 2562.9
1312430 2569.7
1312440 2569.7
1312450 2577.3
1312460 2585.4
1312470 2585.4
1312480 2591.4
1312490 2598.7
1312500 2598.7
1312510 2606.4
1312520 2614.5
1312530 2614.5
1312540 2621.5
1312550 2628.0
1312560 2633.2
1312570 2633.2
1312580 2635.7
1312590 2634.5
1312600 2634.5
1312610 2632.7
1312620 2631.8
1312630 2631.8
1312640 2630.2
1312650 2629.9
1312660 2629.9
1312670 2627.6
1312680 2625.1
1312690 2625.1
1312700 2625.2
1312710 2625.1
1312720 2625.1
1312730 2623.7
1312740 2622.6
1312750 2622.6
1312760 2613.5
1312770 2614.0
1312780 2614.7
1312790 2614.7
1312800 2616.8
1312810 2619.8
1312820 2619.8
1312830 2622.5
1312840 2625.1
1312850 2625.1
1312860 2628.4
1312870 2631.9
1312880 2631.9
1312890 2635.6
1312900 2639.2
1312910 2639.2
1312920 2642.2
1312930 2641.8
1312940 2641.8
1312950 2637.2
1312960 2631.6
1312970 2631.6
1312980 2628.1
1312990 2626.7
1313000 2626.8
1313010 2626.8
1313020 2627.7
1313030 2628.3
1313040 2628.3
1313050 2629.3
1313060 2630.6
1313070 2630.6
1313080 2633.0
1313090 2636.3
1313100 2636.3
1313110 2639.4
1313120 2642.5
1313130 2642.5
1313140 2645.8
1313150 2648.9
1313160 2648.9
1313170 2651.5
1313180 2653.1
1313190 2653.1
1313200 2654.5
1313210 2655.9
1313220 2657.8
1313230 2657.8
1313240 2661.2
1313250 2664.7
1313260 2664.7
1313270 2667.6
1313280 2669.7
1313290 2669.7
1313300 2671.9
1313310 2676.8
1313320 2676.8
1313330 2682.2
1313340 2687.3
1313350 2687.3
1313360 2693.8
1313370 2698.6
1313380 2698.6
1313390 2702.7
1313400 2708.5
1313410 2714.8
1313420 2714.8
1313430 2720.8
1313440 2726.7
1313450 2726.7
1313460 2732.3
1313470 2737.6
1313480 2737.6
1313490 2744.9
1313500 2746.2
1313510 2746.2
1313520 2758.0
1313530 2776.1
1313540 2776.1
1313550 2786.7
1313560 2795.5
1313570 2795.5
1313580 2803.2
1313590 2809.9
1313600 2809.9
1313610 2817.2
1313620 2825.2
1313630 2834.2
1313640 2834.2
1313650 2844.7
1313660 2853.8
1313670 2853.8
1313680 2859.1
1313690 2865.0
1313700 2865.0
1313710 2872.4
1313720 2881.8
1313730 2881.8
1313740 2892.6
1313750 2901.8
1313760 2901.8
1313770 2911.0
1313780 2922.0
1313790 2922.0
1313800 2931.6
1313810 2937.5
1313820 2937.5
1313830 2930.3
1313840 2920.0
1313850 2909.1
1313860 2909.1
1313870 2894.2
1313880 2880.1
1313890 2880.1
1313900 2868.0
1313910 2854.6
1313920 2854.6
1313930 2842.8
1313940 2832.2
1313950 2832.2
1313960 2815.5
1313970 2789.3
1313980 2789.3
1313990 2770.0
1314000 2764.0
1314010 2764.0
1314020 2759.9
1314030 2756.3
1314040 2756.3
1314050 2753.3
1314060 2751.3
1314070 2749.7
1314080 2749.7
1314090 2748.3
1314100 2746.9
1314110 2746.9
1314120 2745.9
1314130 2744.8
1314140 2744.8
1314150 2743.5
1314160 2742.3
1314170 2742.3
1314180 2741.1
1314190 2740.2
1314200 2740.2
1314210 2738.8
1314220 2737.3
1314230 2737.3
1314240 2735.8
1314250 2743.0
1314260 2742.4
1314270 2742.4
1314280 2740.5
1314290 2739.2
1314300 2739.2
1314310 2738.7
1314320 2737.9
1314330 2737.9
1314340 2737.6
1314350 2739.9
1314360 2739.9
1314370 2745.0
1314380 2747.8
1314390 2747.8
1314400 2748.9
1314410 2748.8
1314420 2748.8
1314430 2750.3
1314440 2751.9
1314450 2751.9
1314460 2752.6
1314470 2752.6
1314480 2751.9
1314490 2751.9
1314500 2750.8
1314510 2751.3
1314520 2751.3
1314530 2754.0
1314540 2755.7
1314550 2755.7
1314560 2757.8
1314570 2754.3
1314580 2754.3
1314590 2749.6
1314600 2742.8
1314610 2742.8
1314620 2734.8
1314630 2723.5
1314640 2723.5
1314650 2713.0
1314660 2706.4
1314670 2706.4
1314680 2701.9
1314690 2697.7
1314700 2694.5
1314710 2694.5
1314720 2692.9
1314730 2691.9
1314740 2691.9
1314750 2690.1
1314760 2688.4
1314770 2688.4
1314780 2688.1
1314790 2689.0
1314800 2689.0
1314810 2688.4
1314820 2688.3
1314830 2688.3
1314840 2689.1
1314850 2690.2
1314860 2690.2
1314870 2691.7
1314880 2693.1
1314890 2693.1
1314900 2694.4
1314910 2696.0
1314920 2697.9
1314930 2697.9
1314940 2699.8
1314950 2701.8
1314960 2701.8
1314970 2704.3
1314980 2710.1
1314990 2713.3
1315000 2724.8
1315010 2748.8
1315020 2748.8
1315030 2766.0
1315040 2774.1
1315050 2774.1
1315060 2770.6
1315070 2764.6
1315080 2764.6
1315090 2761.5
1315100 2759.1
1315110 2759.1
1315120 2758.9
1315130 2757.4
1315140 2751.0
1315150 2751.0
1315160 2745.1
1315170 2743.8
1315180 2743.8
1315190 2741.2
1315200 2734.5
1315210 2734.5
1315220 2728.9
1315230 2720.6
1315240 2720.6
1315250 2709.5
1315260 2703.7
1315270 2703.7
1315280 2697.9
1315290 2693.5
1315300 2693.5
1315310 2691.3
1315320 2689.2
1315330 2687.8
1315340 2687.8
1315350 2686.5
1315360 2685.0
1315370 2685.0
1315380 2683.6
1315390 2681.9
1315400 2681.9
1315410 2679.9
1315420 2678.0
1315430 2678.0
1315440 2678.1
1315450 2679.4
1315460 2679.4
1315470 2679.9
1315480 2679.8
1315490 2679.8
1315500 2682.3
1315510 2683.8
1315520 2683.8
1315530 2678.6
1315540 2672.0
1315550 2665.4
1315560 2665.4
1315570 2657.7
1315580 2652.4
1315590 2652.4
1315600 2650.3
1315610 2644.4
1315620 2644.4
1315630 2636.7
1315640 2624.1
1315650 2624.1
1315660 2610.4
1315670 2589.0
1315680 2589.0
1315690 2565.8
1315700 2543.4
1315710 2543.4
1315720 2537.8
1315730 2531.6
1315740 2537.5
1315750 2530.3
1315760 2525.4
1315770 2522.6
1315780 2522.6
1315790 2522.2
1315800 2520.2
1315810 2520.2
1315820 2519.4
1315830 2518.0
1315840 2518.0
1315850 2515.3
1315860 2513.0
1315870 2513.0
1315880 2512.5
1315890 2512.3
1315900 2512.3
1315910 2509.5
1315920 2506.9
1315930 2506.9
1315940 2505.5
1315950 2504.8
1315960 2504.8
1315970 2503.8
1315980 2503.1
1315990 2504.0
1316000 2504.0
1316010 2504.7
1316020 2505.4
1316030 2505.4
1316040 2505.2
1316050 2504.2
1316060 2504.2
1316070 2504.0
1316080 2504.4
1316090 2504.4
1316100 2504.6
1316110 2504.3
1316120 2504.3
1316130 2506.3
1316140 2510.2
1316150 2510.2
1316160 2512.4
1316170 2514.8
1316180 2518.6
1316190 2518.6
1316200 2522.8
1316210 2527.4
1316220 2527.4
1316230 2532.4
1316240 2538.8
1316250 2538.8
1316260 2545.9
1316270 2551.5
1316280 2551.5
1316290 2556.1
1316300 2561.4
1316310 2561.4
1316320 2568.3
1316330 2575.7
1316340 2575.7
1316350 2584.0
1316360 2593.2
1316370 2593.2
1316380 2601.9
1316390 2611.4
1316400 2622.7
1316410 2622.7
1316420 2631.1
1316430 2649.6
1316440 2649.6
1316450 2699.5
1316460 2713.9
1316470 2713.9
1316480 2719.4
1316490 2724.5
1316500 2729.5
1316510 2734.7
1316520 2740.1
1316530 2740.1
1316540 2745.7
1316550 2751.3
1316560 2751.3
1316570 2759.8
1316580 2776.5
1316590 2776.5
1316600 2792.3
1316610 2800.6
1316620 2806.7
1316630 2806.7
1316640 2811.6
1316650 2819.9
1316660 2819.9
1316670 2830.7
1316680 2855.7
1316690 2855.7
1316700 2875.8
1316710 2887.9
1316720 2887.9
1316730 2894.5
1316740 2896.2
1316750 2896.2
1316760 2888.9
1316770 2879.1
1316780 2879.1
1316790 2868.3
1316800 2856.1
1316810 2856.1
1316820 2846.1
1316830 2838.9
1316840 2833.0
1316850 2833.0
1316860 2826.1
1316870 2819.5
1316880 2819.5
1316890 2813.3
1316900 2809.0
1316910 2809.0
1316920 2798.3
1316930 2786.2
1316940 2786.2
1316950 2780.4
1316960 2776.3
1316970 2776.3
1316980 2770.6
1316990 2768.0
1317000 2768.0
1317010 2769.4
1317020 2766.9
1317030 2766.9
1317040 2764.8
1317050 2765.0
1317060 2762.7
1317070 2762.7
1317080 2758.4
1317090 2753.8
1317100 2753.8
1317110 2750.0
1317120 2744.1
1317130 2744.1
1317140 2741.6
1317150 2737.9
1317160 2737.9
1317170 2737.1
1317180 2737.1
1317190 2737.1
1317200 2737.1
1317210 2737.6
1317220 2737.6
1317230 2741.1
1317240 2744.9
1317250 2750.5
1317260 2750.5
1317270 2753.7
1317280 2756.7
1317290 2756.7
1317300 2759.6
1317310 2763.3
1317320 2763.3
1317330 2765.4
1317340 2767.4
1317350 2767.4
1317360 2770.9
1317370 2774.1
1317380 2774.1
1317390 2777.6
1317400 2781.6
1317410 2781.6
1317420 2784.7
1317430 2786.3
1317440 2786.3
1317450 2787.9
1317460 2790.7
1317470 2793.6
1317480 2793.6
1317490 2796.5
1317500 2799.3
1317510 2799.3
1317520 2802.7
1317530 2807.0
1317540 2807.0
1317550 2810.9
1317560 2814.5
1317570 2814.5
1317580 2819.1
1317590 2823.6
1317600 2823.6
1317610 2827.2
1317620 2831.0
1317630 2831.0
1317640 2834.7
1317650 2839.0
1317660 2839.0
1317670 2844.0
1317680 2849.6
1317690 2853.9
1317700 2853.9
1317710 2855.6
1317720 2857.0
1317730 2857.0
1317740 2859.7
1317750 2863.3
1317760 2863.3
1317770 2867.1
1317780 2871.4
1317790 2871.4
1317800 2876.7
1317810 2882.3
1317820 2882.3
1317830 2887.6
1317840 2892.4
1317850 2892.4
1317860 2896.3
1317870 2900.7
1317880 2900.7
1317890 2909.9
1317900 2920.9
1317910 2932.1
1317920 2932.1
1317930 2941.6
1317940 2950.3
1317950 2950.3
1317960 2955.9
1317970 2955.0
1317980 2955.0
1317990 2954.5
1318000 2954.6
1318010 2947.9
1318020 2948.8
1318030 2949.2
1318040 2949.2
1318050 2948.9
1318060 2940.7
1318070 2940.7
1318080 2928.5
1318090 2916.2
1318100 2911.1
1318110 2911.1
1318120 2909.7
1318130 2909.2
1318140 2909.2
1318150 2908.6
1318160 2908.1
1318170 2908.1
1318180 2909.0
1318190 2910.7
1318200 2910.7
1318210 2913.4
1318220 2916.6
1318230 2916.6
1318240 2920.1
1318250 2925.0
1318260 2925.0
1318270 2933.1
1318280 2942.2
1318290 2942.2
1318300 2955.2
1318310 2969.2
1318320 2980.9
1318330 2980.9
1318340 2987.4
1318350 2995.1
1318360 2995.1
1318370 3000.4
1318380 3002.4
1318390 3002.4
1318400 3003.7
1318410 2998.6
1318420 2998.6
1318430 2968.5
1318440 2932.9
1318450 2932.9
1318460 2900.1
1318470 2870.2
1318480 2870.2
1318490 2848.8
1318500 2843.8
1318510 2843.8
1318520 2822.8
1318530 2798.4
1318540 2784.3
1318550 2784.3
1318560 2775.5
1318570 2766.2
1318580 2766.2
1318590 2754.8
1318600 2744.2
1318610 2744.2
1318620 2735.7
1318630 2726.5
1318640 2726.5
1318650 2716.8
1318660 2701.7
1318670 2701.7
1318680 2686.6
1318690 2668.5
1318700 2668.5
1318710 2649.3
1318720 2633.6
1318730 2633.6
1318740 2624.5
1318750 2624.5
1318760 2624.6
1318770 2624.6
1318780 2632.9
1318790 2610.4
1318800 2610.4
1318810 2590.1
1318820 2587.3
1318830 2587.3
1318840 2585.1
1318850 2583.8
1318860 2583.8
1318870 2583.7
1318880 2582.2
1318890 2582.2
1318900 2584.1
1318910 2585.8
1318920 2585.8
1318930 2584.3
1318940 2582.9
1318950 2582.9
1318960 2581.6
1318970 2581.1
1318980 2580.7
1318990 2580.7
1319000 2580.6
1319010 2579.4
1319020 2579.4
1319030 2577.6
1319040 2575.4
1319050 2575.4
1319060 2573.1
1319070 2571.3
1319080 2571.3
1319090 2570.5
1319100 2567.1
1319110 2567.1
1319120 2567.7
1319130 2568.1
1319140 2568.1
1319150 2567.7
1319160 2564.3
1319170 2561.0
1319180 2561.0
1319190 2559.4
1319200 2557.9
1319210 2557.9
1319220 2556.4
1319230 2556.3
1319240 2556.3
1319250 2558.4
1319260 2562.8
1319270 2562.8
1319280 2568.1
1319290 2573.8
1319300 2573.8
1319310 2579.1
1319320 2583.7
1319330 2583.7
1319340 2588.4
1319350 2593.5
1319360 2593.5
1319370 2598.3
1319380 2602.6
1319390 2606.7
1319400 2606.7
1319410 2610.9
1319420 2615.3
1319430 2615.3
1319440 2620.5
1319450 2625.7
1319460 2625.7
1319470 2630.7
1319480 2635.2
1319490 2635.2
1319500 2637.9
1319510 2638.5
1319520 2638.5
1319530 2640.2
1319540 2651.4
1319550 2651.4
1319560 2656.4
1319570 2658.1
1319580 2658.1
1319590 2661.9
1319600 2665.7
1319610 2668.1
1319620 2668.1
1319630 2671.4
1319640 2676.1
1319650 2676.1
1319660 2678.0
1319670 2662.8
1319680 2662.8
1319690 2649.8
1319700 2644.5
1319710 2644.5
1319720 2636.8
1319730 2617.3
1319740 2617.3
1319750 2601.5
1319760 2587.7
1319770 2587.7
1319780 2575.1
1319790 2565.2
1319800 2565.2
1319810 2555.8
1319820 2546.4
1319830 2536.5
1319840 2536.5
1319850 2524.5
1319860 2512.9
1319870 2512.9
1319880 2501.5
1319890 2492.2
1319900 2492.2
1319910 2483.7
1319920 2473.9
1319930 2473.9
1319940 2457.0
1319950 2434.5
1319960 2434.5
1319970 2410.8
1319980 2388.8
1319990 2388.8
