1300000 2772.7
1300010 2772.6
1300020 2772.6
1300030 2772.9
1300040 2773.4
1300050 2773.5
1300060 2773.5
1300070 2773.1
1300080 2773.0
1300090 2773.0
1300100 2773.4
1300110 2773.8
1300120 2773.8
1300130 2772.7
1300140 2772.0
1300150 2772.0
1300160 2771.0
1300170 2769.4
1300180 2769.4
1300190 2767.7
1300200 2765.5
1300210 2765.5
1300220 2763.4
1300230 2761.7
1300240 2761.7
1300250 2760.0
1300260 2758.2
1300270 2758.4
1300280 2758.4
1300290 2759.0
1300300 2755.1
1300310 2755.1
1300320 2750.8
1300330 2748.0
1300340 2748.0
1300350 2744.4
1300360 2740.6
1300370 2740.6
1300380 2735.6
1300390 2730.8
1300400 2730.8
1300410 2726.8
1300420 2722.1
1300430 2722.1
1300440 2715.4
1300450 2707.9
1300460 2707.9
1300470 2700.6
1300480 2693.8
1300490 2688.2
1300500 2688.2
1300510 2685.7
1300520 2684.5
1300530 2684.5
1300540 2682.0
1300550 2681.5
1300560 2681.5
1300570 2682.6
1300580 2684.1
1300590 2684.1
1300600 2685.2
1300610 2685.5
1300620 2685.5
1300630 2686.0
1300640 2686.6
1300650 2686.6
1300660 2687.3
1300670 2687.5
1300680 2688.0
1300690 2688.0
1300700 2689.5
1300710 2693.2
1300720 2693.2
1300730 2697.8
1300740 2702.5
1300750 2702.5
1300760 2706.7
1300770 2703.8
1300780 2703.8
1300790 2698.4
1300800 2693.5
1300810 2693.5
1300820 2688.9
1300830 2683.7
1300840 2683.7
1300850 2678.5
1300860 2673.7
1300870 2673.7
1300880 2668.8
1300890 2663.2
1300900 2658.4
1300910 2658.4
1300920 2654.0
1300930 2650.9
1300940 2650.9
1300950 2648.5
1300960 2647.5
1300970 2647.5
1300980 2649.4
1300990 2654.0
1301000 2654.0
1301010 2657.5
1301020 2657.6
1301030 2657.6
1301040 2654.8
1301050 2648.9
1301060 2648.9
1301070 2642.0
1301080 2632.7
1301090 2632.7
1301100 2615.9
1301110 2598.0
1301120 2587.6
1301130 2587.6
1301140 2581.8
1301150 2576.4
1301160 2576.4
1301170 2568.2
1301180 2561.7
1301190 2561.7
1301200 2555.5
1301210 2547.5
1301220 2547.5
1301230 2540.0
1301240 2533.4
1301250 2533.4
1301260 2526.3
1301270 2519.6
1301280 2519.6
1301290 2513.8
1301300 2511.5
1301310 2511.5
1301320 2513.4
1301330 2514.0
1301340 2511.4
1301350 2511.4
1301360 2507.6
1301370 2503.3
1301380 2503.3
1301390 2498.4
1301400 2494.5
1301410 2494.5
1301420 2491.9
1301430 2488.2
1301440 2488.2
1301450 2483.9
1301460 2478.0
1301470 2478.0
1301480 2471.5
1301490 2465.7
1301500 2465.7
1301510 2461.6
1301520 2458.6
1301530 2458.6
1301540 2453.9
1301550 2445.4
1301560 2431.0
1301570 2431.0
1301580 2423.5
1301590 2420.5
1301600 2420.5
1301610 2418.7
1301620 2417.1
1301630 2417.1
1301640 2415.4
1301650 2412.9
1301660 2412.9
1301670 2409.6
1301680 2405.3
1301690 2405.3
1301700 2400.5
1301710 2395.6
1301720 2395.6
1301730 2388.7
1301740 2380.1
1301750 2372.8
1301760 2372.8
1301770 2365.1
1301780 2356.3
1301790 2356.3
1301800 2348.9
1301810 2343.7
1301820 2343.7
1301830 2339.2
1301840 2333.4
1301850 2333.4
1301860 2326.8
1301870 2321.4
1301880 2321.4
1301890 2316.0
1301900 2310.8
1301910 2310.8
1301920 2305.6
1301930 2298.7
1301940 2298.7
1301950 2286.4
1301960 2277.6
1301970 2270.4
1301980 2270.4
1301990 2257.4
1302000 2249.9
1302010 2249.9
1302020 2245.1
1302030 2239.3
1302040 2239.3
1302050 2233.2
1302060 2226.7
1302070 2226.7
1302080 2219.3
1302090 2211.4
1302100 2211.4
1302110 2203.0
1302120 2196.0
1302130 2196.0
1302140 2191.3
1302150 2187.1
1302160 2187.1
1302170 2182.5
1302180 2177.4
1302190 2172.9
1302200 2172.9
1302210 2169.1
1302220 2165.8
1302230 2165.8
1302240 2162.9
1302250 2159.9
1302260 2159.9
1302270 2156.5
1302280 2153.0
1302290 2153.0
1302300 2149.8
1302310 2146.2
1302320 2146.2
1302330 2142.7
1302340 2139.5
1302350 2139.5
1302360 2136.6
1302370 2134.1
1302380 2134.1
1302390 2132.0
1302400 2129.7
1302410 2127.7
1302420 2127.7
1302430 2126.5
1302440 2126.7
1302450 2126.7
1302460 2126.9
1302470 2126.5
1302480 2126.5
1302490 2126.1
1302500 2125.0
1302510 2125.0
1302520 2123.8
1302530 2122.8
1302540 2122.8
1302550 2122.2
1302560 2118.5
1302570 2118.5
1302580 2111.4
1302590 2107.9
1302600 2104.8
1302610 2104.8
1302620 2097.5
1302630 2096.4
1302640 2096.4
1302650 2095.3
1302660 2093.8
1302670 2093.8
1302680 2092.2
1302690 2091.6
1302700 2091.6
1302710 2088.8
1302720 2085.5
1302730 2085.5
1302740 2084.0
1302750 2083.2
1302760 2083.2
1302770 2080.6
1302780 2077.2
1302790 2077.2
1302800 2073.0
1302810 2067.7
1302820 2061.9
1302830 2061.9
1302840 2056.2
1302850 2052.6
1302860 2052.6
1302870 2047.2
1302880 2040.4
1302890 2040.4
1302900 2034.4
1302910 2028.7
1302920 2028.7
1302930 2023.2
1302940 2018.1
1302950 2018.1
1302960 2013.8
1302970 2010.6
1302980 2010.6
1302990 2009.3
1303000 2008.5
1303010 2008.5
1303020 2007.4
1303030 2006.9
1303040 2007.0
1303050 2007.0
1303060 2007.5
1303070 2007.8
1303080 2007.8
1303090 2007.8
1303100 2008.3
1303110 2008.3
1303120 2009.5
1303130 2011.3
1303140 2011.3
1303150 2011.9
1303160 2012.1
1303170 2012.1
1303180 2012.5
1303190 2013.4
1303200 2013.4
1303210 2013.5
1303220 2011.8
1303230 2011.8
1303240 2010.4
1303250 2009.1
1303260 2007.5
1303270 2007.5
1303280 2005.7
1303290 2004.0
1303300 2004.0
1303310 2002.6
1303320 1999.3
1303330 1999.3
1303340 1996.8
1303350 1992.8
1303360 1992.8
1303370 1989.6
1303380 1986.4
1303390 1986.4
1303400 1982.9
1303410 1978.9
1303420 1978.9
1303430 1974.8
1303440 1969.1
1303450 1969.1
1303460 1964.1
1303470 1958.1
1303480 1953.9
1303490 1953.9
1303500 1950.2
1303510 1944.8
1303520 1944.8
1303530 1939.3
1303540 1932.4
1303550 1932.4
1303560 1925.1
1303570 1913.5
1303580 1913.5
1303590 1902.2
1303600 1890.5
1303610 1890.5
1303620 1881.4
1303630 1867.1
1303640 1867.1
1303650 1853.0
1303660 1842.2
1303670 1836.7
1303680 1836.7
1303690 1830.8
1303700 1822.5
1303710 1822.5
1303720 1812.5
1303730 1802.6
1303740 1802.6
1303750 1791.1
1303760 1777.8
1303770 1777.8
1303780 1770.2
1303790 1762.8
1303800 1762.8
1303810 1756.4
1303820 1748.2
1303830 1748.2
1303840 1739.3
1303850 1732.4
1303860 1732.4
1303870 1725.3
1303880 1718.3
1303890 1712.0
1303900 1712.0
1303910 1705.7
1303920 1698.1
1303930 1698.1
1303940 1693.6
1303950 1692.7
1303960 1692.7
1303970 1678.3
1303980 1665.4
1303990 1665.4
1304000 1660.1
1304010 1655.3
1304020 1652.3
1304030 1647.3
1304040 1642.3
1304050 1642.3
1304060 1637.6
1304070 1631.4
1304080 1631.4
1304090 1627.3
1304100 1626.2
1304110 1625.8
1304120 1625.8
1304130 1624.8
1304140 1624.7
1304150 1624.7
1304160 1623.9
1304170 1623.2
1304180 1623.2
1304190 1622.1
1304200 1619.1
1304210 1619.1
1304220 1617.0
1304230 1614.0
1304240 1614.0
1304250 1610.5
1304260 1607.4
1304270 1607.4
1304280 1603.6
1304290 1599.2
1304300 1599.2
1304310 1595.1
1304320 1591.6
1304330 1589.1
1304340 1589.1
1304350 1587.1
1304360 1585.3
1304370 1585.3
1304380 1582.8
1304390 1581.1
1304400 1581.1
1304410 1579.5
1304420 1576.8
1304430 1576.8
1304440 1572.5
1304450 1570.3
1304460 1570.3
1304470 1567.6
1304480 1563.4
1304490 1563.4
1304500 1559.6
1304510 1557.4
1304520 1557.4
1304530 1552.9
1304540 1548.1
1304550 1544.8
1304560 1544.8
1304570 1544.8
1304580 1549.2
1304590 1549.2
1304600 1557.0
1304610 1563.4
1304620 1563.4
1304630 1568.5
1304640 1574.4
1304650 1574.4
1304660 1579.4
1304670 1583.1
1304680 1583.1
1304690 1586.1
1304700 1588.9
1304710 1588.9
1304720 1595.2
1304730 1600.3
1304740 1604.4
1304750 1604.4
1304760 1608.0
1304770 1610.9
1304780 1610.9
1304790 1614.1
1304800 1616.9
1304810 1616.9
1304820 1620.6
1304830 1625.0
1304840 1625.0
1304850 1628.6
1304860 1631.6
1304870 1631.6
1304880 1634.2
1304890 1636.2
1304900 1636.2
1304910 1639.1
1304920 1642.6
1304930 1642.6
1304940 1646.4
1304950 1650.3
1304960 1652.5
1304970 1652.5
1304980 1655.1
1304990 1658.9
1305000 1658.9
1305010 1663.2
1305020 1666.7
1305030 1666.7
1305040 1669.1
1305050 1670.5
1305060 1670.5
1305070 1673.2
1305080 1677.6
1305090 1677.6
1305100 1680.9
1305110 1682.7
1305120 1682.7
1305130 1684.2
1305140 1687.3
1305150 1687.3
1305160 1689.2
1305170 1690.9
1305180 1695.1
1305190 1695.1
1305200 1699.5
1305210 1702.7
1305220 1702.7
1305230 1706.1
1305240 1711.0
1305250 1711.0
1305260 1716.1
1305270 1720.2
1305280 1720.2
1305290 1722.5
1305300 1725.9
1305310 1725.9
1305320 1729.7
1305330 1734.8
1305340 1734.8
1305350 1738.4
1305360 1742.3
1305370 1742.3
1305380 1751.0
1305390 1759.7
1305400 1767.5
1305410 1767.5
1305420 1772.0
1305430 1783.1
1305440 1783.1
1305450 1789.3
1305460 1795.0
1305470 1795.0
1305480 1802.2
1305490 1808.9
1305500 1808.9
1305510 1815.6
1305520 1823.3
1305530 1823.3
1305540 1832.4
1305550 1846.0
1305560 1846.0
1305570 1853.4
1305580 1861.7
1305590 1861.7
1305600 1869.5
1305610 1877.8
1305620 1888.5
1305630 1888.5
1305640 1896.3
1305650 1901.6
1305660 1901.6
1305670 1904.3
1305680 1906.7
1305690 1906.7
1305700 1912.6
1305710 1917.4
1305720 1917.4
1305730 1921.3
1305740 1929.8
1305750 1929.8
1305760 1940.0
1305770 1952.6
1305780 1952.6
1305790 1968.8
1305800 1982.2
1305810 1990.7
1305820 1990.7
1305830 1999.0
1305840 2006.4
1305850 2006.4
1305860 2014.1
1305870 2022.1
1305880 2022.1
1305890 2029.3
1305900 2037.8
1305910 2037.8
1305920 2044.8
1305930 2049.0
1305940 2049.0
1305950 2053.4
1305960 2059.2
1305970 2059.2
1305980 2068.8
1305990 2077.8
1306000 2077.8
1306010 2083.8
1306020 2087.7
1306030 2091.0
1306040 2091.0
1306050 2095.2
1306060 2100.4
1306070 2100.4
1306080 2107.1
1306090 2113.1
1306100 2113.1
1306110 2118.8
1306120 2125.1
1306130 2125.1
1306140 2134.9
1306150 2140.1
1306160 2140.1
1306170 2146.6
1306180 2152.7
1306190 2152.7
1306200 2155.2
1306210 2157.2
1306220 2157.2
1306230 2158.6
1306240 2160.2
1306250 2162.4
1306260 2162.4
1306270 2164.4
1306280 2165.8
1306290 2165.8
1306300 2167.7
1306310 2170.6
1306320 2170.6
1306330 2172.7
1306340 2174.8
1306350 2174.8
1306360 2176.4
1306370 2177.8
1306380 2177.8
1306390 2180.1
1306400 2182.1
1306410 2182.1
1306420 2183.7
1306430 2185.5
1306440 2185.5
1306450 2187.5
1306460 2189.8
1306470 2191.3
1306480 2191.3
1306490 2191.1
1306500 2190.4
1306510 2190.4
1306520 2185.1
1306530 2177.3
1306540 2177.3
1306550 2169.9
1306560 2162.5
1306570 2162.5
1306580 2154.9
1306590 2149.1
1306600 2149.1
1306610 2142.6
1306620 2135.5
1306630 2135.5
1306640 2131.5
1306650 2127.6
1306660 2127.6
1306670 2122.7
1306680 2118.5
1306690 2113.3
1306700 2113.3
1306710 2108.3
1306720 2103.8
1306730 2103.8
1306740 2099.2
1306750 2095.8
1306760 2095.8
1306770 2093.3
1306780 2085.3
1306790 2085.3
1306800 2071.4
1306810 2058.8
1306820 2058.8
1306830 2045.9
1306840 2033.3
1306850 2027.0
1306860 2009.3
1306870 1996.7
1306880 1986.5
1306890 1986.5
1306900 1977.1
1306910 1969.7
1306920 1969.7
1306930 1962.6
1306940 1953.3
1306950 1953.3
1306960 1942.2
1306970 1931.6
1306980 1931.6
1306990 1923.8
1307000 1915.9
1307010 1915.9
1307020 1905.1
1307030 1895.7
1307040 1895.7
1307050 1887.0
1307060 1876.7
1307070 1876.7
1307080 1865.1
1307090 1853.4
1307100 1845.0
1307110 1845.0
1307120 1837.0
1307130 1821.4
1307140 1821.4
1307150 1809.1
1307160 1800.8
1307170 1800.8
1307180 1793.2
1307190 1786.7
1307200 1786.7
1307210 1780.2
1307220 1774.3
1307230 1774.3
1307240 1769.3
1307250 1771.8
1307260 1771.8
1307270 1777.1
1307280 1776.5
1307290 1776.5
1307300 1777.0
1307310 1782.5
1307320 1785.6
1307330 1785.6
1307340 1782.8
1307350 1782.0
1307360 1782.0
1307370 1779.8
1307380 1776.5
1307390 1776.5
1307400 1775.6
1307410 1773.4
1307420 1773.4
1307430 1767.5
1307440 1765.2
1307450 1765.2
1307460 1766.0
1307470 1764.9
1307480 1764.9
1307490 1756.1
1307500 1743.0
1307510 1743.0
1307520 1736.0
1307530 1730.2
1307540 1724.9
1307550 1724.9
1307560 1720.4
1307570 1721.5
1307580 1721.5
1307590 1715.9
1307600 1711.1
1307610 1711.1
1307620 1707.0
1307630 1701.2
1307640 1701.2
1307650 1697.2
1307660 1694.4
1307670 1694.4
1307680 1691.8
1307690 1692.4
1307700 1692.4
1307710 1690.2
1307720 1686.0
1307730 1686.0
1307740 1681.2
1307750 1675.6
1307760 1669.3
1307770 1669.3
1307780 1662.8
1307790 1655.9
1307800 1655.9
1307810 1649.2
1307820 1643.9
1307830 1643.9
1307840 1639.8
1307850 1633.7
1307860 1633.7
1307870 1626.4
1307880 1618.0
1307890 1618.0
1307900 1609.3
1307910 1599.1
1307920 1599.1
1307930 1572.4
1307940 1544.3
1307950 1535.0
1307960 1535.0
1307970 1520.4
1307980 1503.8
1307990 1503.8
1308000 1489.0
1308010 1480.0
1308020 1480.0
1308030 1473.5
1308040 1466.2
1308050 1466.2
1308060 1459.1
1308070 1452.0
1308080 1452.0
1308090 1446.9
1308100 1444.9
1308110 1444.9
1308120 1442.9
1308130 1440.0
1308140 1440.0
1308150 1436.2
1308160 1430.8
1308170 1425.2
1308180 1425.2
1308190 1421.6
1308200 1417.7
1308210 1417.7
1308220 1413.1
1308230 1408.0
1308240 1408.0
1308250 1402.5
1308260 1397.2
1308270 1397.2
1308280 1391.5
1308290 1386.7
1308300 1386.7
1308310 1381.0
1308320 1375.1
1308330 1375.1
1308340 1369.3
1308350 1363.6
1308360 1363.6
1308370 1358.2
1308380 1352.7
1308390 1347.4
1308400 1347.4
1308410 1342.5
1308420 1337.9
1308430 1337.9
1308440 1333.7
1308450 1330.0
1308460 1330.0
1308470 1326.9
1308480 1324.0
1308490 1324.0
1308500 1322.4
1308510 1321.3
1308520 1321.3
1308530 1320.3
1308540 1319.5
1308550 1319.5
1308560 1319.0
1308570 1319.2
1308580 1319.2
1308590 1319.2
1308600 1319.3
1308610 1319.3
1308620 1319.3
1308630 1319.3
1308640 1319.4
1308650 1319.4
1308660 1319.0
1308670 1319.4
1308680 1319.4
1308690 1319.3
1308700 1318.6
1308710 1318.6
1308720 1320.3
1308730 1322.9
1308740 1322.9
1308750 1324.9
1308760 1328.0
1308770 1328.0
1308780 1331.6
1308790 1335.9
1308800 1335.9
1308810 1341.0
1308820 1346.8
1308830 1352.6
1308840 1352.6
1308850 1358.4
1308860 1364.6
1308870 1364.6
1308880 1370.9
1308890 1376.4
1308900 1376.4
1308910 1381.5
1308920 1386.7
1308930 1386.7
1308940 1392.4
1308950 1399.0
1308960 1399.0
1308970 1404.9
1308980 1410.5
1308990 1410.5
1309000 1416.9
1309010 1424.5
1309020 1431.0
1309030 1431.0
1309040 1438.0
1309050 1443.9
1309060 1443.9
1309070 1449.2
1309080 1454.6
1309090 1454.6
1309100 1460.6
1309110 1466.3
1309120 1466.3
1309130 1472.7
1309140 1479.9
1309150 1479.9
1309160 1486.3
1309170 1500.0
1309180 1500.0
1309190 1515.9
1309200 1527.6
1309210 1527.6
1309220 1536.8
1309230 1543.9
1309240 1551.6
1309250 1551.6
1309260 1559.3
1309270 1568.7
1309280 1568.7
1309290 1578.3
1309300 1587.7
1309310 1587.7
1309320 1594.1
1309330 1600.7
1309340 1600.7
1309350 1608.9
1309360 1617.8
1309370 1617.8
1309380 1625.9
1309390 1632.5
1309400 1632.5
1309410 1645.0
1309420 1657.4
1309430 1657.4
1309440 1670.9
1309450 1684.1
1309460 1694.6
1309470 1694.6
1309480 1700.5
1309490 1701.3
1309500 1701.3
1309510 1698.3
1309520 1704.2
1309530 1704.2
1309540 1713.8
1309550 1722.0
1309560 1722.0
1309570 1726.8
1309580 1728.9
1309590 1728.9
1309600 1727.4
1309610 1720.9
1309620 1720.9
1309630 1718.6
1309640 1720.1
1309650 1720.1
1309660 1722.5
1309670 1725.8
1309680 1727.5
1309690 1727.5
1309700 1728.3
1309710 1735.4
1309720 1735.4
1309730 1739.2
1309740 1744.3
1309750 1744.3
1309760 1748.4
1309770 1753.1
1309780 1753.1
1309790 1758.3
1309800 1765.3
1309810 1765.3
1309820 1770.1
1309830 1773.8
1309840 1773.8
1309850 1775.5
1309860 1774.7
1309870 1774.7
1309880 1774.2
1309890 1771.2
1309900 1768.2
1309910 1768.2
1309920 1770.5
1309930 1769.9
1309940 1769.9
1309950 1770.4
1309960 1772.0
1309970 1772.0
1309980 1775.4
1309990 1779.3
1310000 1779.3
1310010 1785.0
1310020 1790.6
1310030 1790.6
1310040 1794.4
1310050 1796.3
1310060 1796.3
1310070 1798.2
1310080 1799.0
1310090 1798.2
1310100 1798.2
1310110 1792.4
1310120 1791.5
1310130 1791.5
1310140 1794.6
1310150 1797.3
1310160 1797.3
1310170 1800.3
1310180 1801.5
1310190 1801.5
1310200 1801.7
1310210 1807.1
1310220 1807.1
1310230 1813.0
1310240 1818.2
1310250 1818.2
1310260 1824.4
1310270 1833.7
1310280 1833.7
1310290 1836.3
1310300 1837.6
1310310 1841.1
1310320 1841.1
1310330 1846.1
1310340 1854.4
1310350 1854.4
1310360 1864.1
1310370 1872.6
1310380 1872.6
1310390 1878.3
1310400 1883.5
1310410 1883.5
1310420 1892.6
1310430 1907.3
1310440 1907.3
1310450 1917.5
1310460 1928.8
1310470 1928.8
1310480 1940.0
1310490 1950.8
1310500 1950.8
1310510 1960.9
1310520 1969.9
1310530 1976.6
1310540 1976.6
1310550 1982.7
1310560 1988.8
1310570 1988.8
1310580 1995.4
1310590 2002.8
1310600 2002.8
1310610 2011.3
1310620 2021.7
1310630 2021.7
1310640 2029.4
1310650 2034.1
1310660 2034.1
1310670 2038.3
1310680 2043.5
1310690 2043.5
1310700 2050.2
1310710 2058.4
1310720 2058.4
1310730 2067.4
1310740 2075.4
1310750 2077.4
1310760 2077.4
1310770 2082.4
1310780 2093.1
1310790 2093.1
1310800 2104.0
1310810 2114.1
1310820 2114.1
1310830 2122.2
1310840 2128.7
1310850 2128.7
1310860 2133.8
1310870 2139.7
1310880 2139.7
1310890 2146.2
1310900 2153.2
1310910 2153.2
1310920 2161.4
1310930 2168.7
1310940 2176.3
1310950 2176.3
1310960 2184.3
1310970 2191.2
1310980 2191.2
1310990 2197.4
1311000 2203.6
1311010 2203.6
1311020 2210.1
1311030 2215.7
1311040 2215.7
1311050 2220.6
1311060 2225.1
1311070 2225.1
1311080 2230.0
1311090 2235.6
1311100 2235.6
1311110 2241.9
1311120 2248.1
1311130 2248.1
1311140 2254.3
1311150 2260.5
1311160 2267.2
1311170 2267.2
1311180 2276.6
1311190 2284.2
1311200 2284.2
1311210 2292.6
1311220 2301.5
1311230 2301.5
1311240 2311.6
1311250 2321.6
1311260 2321.6
1311270 2333.1
1311280 2344.5
1311290 2344.5
1311300 2353.5
1311310 2358.0
1311320 2358.0
1311330 2357.9
1311340 2352.7
1311350 2352.7
1311360 2351.0
1311370 2352.9
1311380 2353.8
1311390 2353.8
1311400 2351.9
1311410 2351.0
1311420 2351.0
1311430 2350.6
1311440 2350.3
1311450 2350.3
1311460 2349.4
1311470 2351.0
1311480 2351.0
1311490 2352.8
1311500 2353.2
1311510 2353.2
1311520 2352.0
1311530 2350.0
1311540 2350.0
1311550 2348.4
1311560 2346.3
1311570 2346.3
1311580 2344.1
1311590 2342.4
1311600 2340.8
1311610 2340.8
1311620 2339.8
1311630 2340.1
1311640 2340.1
1311650 2340.6
1311660 2341.3
1311670 2341.3
1311680 2342.7
1311690 2344.2
1311700 2344.2
1311710 2345.2
1311720 2346.4
1311730 2346.4
1311740 2347.4
1311750 2348.7
1311760 2348.7
1311770 2350.4
1311780 2352.4
1311790 2352.4
1311800 2354.8
1311810 2357.4
1311820 2359.9
1311830 2359.9
1311840 2362.4
1311850 2365.0
1311860 2365.0
1311870 2367.3
1311880 2369.6
1311890 2369.6
1311900 2371.8
1311910 2374.1
1311920 2369.2
1311930 2371.2
1311940 2372.9
1311950 2372.9
1311960 2374.6
1311970 2376.4
1311980 2376.4
1311990 2377.6
1312000 2378.9
1312010 2380.2
1312020 2380.2
1312030 2381.5
1312040 2382.6
1312050 2382.6
1312060 2384.3
1312070 2384.8
1312080 2384.8
1312090 2384.6
1312100 2385.5
1312110 2385.5
1312120 2387.7
1312130 2390.3
1312140 2390.3
1312150 2393.5
1312160 2397.1
1312170 2397.1
1312180 2400.8
1312190 2404.5
1312200 2404.5
1312210 2408.3
1312220 2412.2
1312230 2416.2
1312240 2416.2
1312250 2420.1
1312260 2424.1
1312270 2424.1
1312280 2428.2
1312290 2432.1
1312300 2432.1
1312310 2436.2
1312320 2440.2
1312330 2440.2
1312340 2444.3
1312350 2448.3
1312360 2448.3
1312370 2452.5
1312380 2456.9
1312390 2456.9
1312400 2461.4
1312410 2465.9
1312420 2465.9
1312430 2470.3
1312440 2474.9
1312450 2479.7
1312460 2479.7
1312470 2484.5
1312480 2489.4
1312490 2489.4
1312500 2494.2
1312510 2499.0
1312520 2499.0
1312530 2503.7
1312540 2508.5
1312550 2508.5
1312560 2513.6
1312570 2518.7
1312580 2518.7
1312590 2523.9
1312600 2529.0
1312610 2529.0
1312620 2534.2
1312630 2539.2
1312640 2539.2
1312650 2545.9
1312660 2551.1
1312670 2556.4
1312680 2556.4
1312690 2561.8
1312700 2567.0
1312710 2567.0
1312720 2572.4
1312730 2577.7
1312740 2577.7
1312750 2583.2
1312760 2588.8
1312770 2588.8
1312780 2594.4
1312790 2600.0
1312800 2600.0
1312810 2605.6
1312820 2611.1
1312830 2611.1
1312840 2616.6
1312850 2622.2
1312860 2622.2
1312870 2627.8
1312880 2633.8
1312890 2640.1
1312900 2640.1
1312910 2645.9
1312920 2651.6
1312930 2651.6
1312940 2657.3
1312950 2663.2
1312960 2663.2
1312970 2669.0
1312980 2677.2
1312990 2677.2
1313000 2690.3
1313010 2706.6
1313020 2706.6
1313030 2723.0
1313040 2739.3
1313050 2739.3
1313060 2753.0
1313070 2763.6
1313080 2772.5
1313090 2772.5
1313100 2785.7
1313110 2800.0
1313120 2800.0
1313130 2812.2
1313140 2824.6
1313150 2824.6
1313160 2835.1
1313170 2844.3
1313180 2844.3
1313190 2851.9
1313200 2860.6
1313210 2860.6
1313220 2868.6
1313230 2876.3
1313240 2876.3
1313250 2879.0
1313260 2869.4
1313270 2869.4
1313280 2857.1
1313290 2848.1
1313300 2841.0
1313310 2841.0
1313320 2833.8
1313330 2826.5
1313340 2826.5
1313350 2819.7
1313360 2812.9
1313370 2812.9
1313380 2805.4
1313390 2805.4
1313400 2805.4
1313410 2800.5
1313420 2793.3
1313430 2793.3
1313440 2783.0
1313450 2773.5
1313460 2773.5
1313470 2766.1
1313480 2762.3
1313490 2762.3
1313500 2759.1
1313510 2755.4
1313520 2752.2
1313530 2752.2
1313540 2749.1
1313550 2746.6
1313560 2746.6
1313570 2745.0
1313580 2743.8
1313590 2743.8
1313600 2742.6
1313610 2741.9
1313620 2741.9
1313630 2742.8
1313640 2743.9
1313650 2743.9
1313660 2744.3
1313670 2745.0
1313680 2745.0
1313690 2746.5
1313700 2749.7
1313710 2749.7
1313720 2757.4
1313730 2766.5
1313740 2773.3
1313750 2773.3
1313760 2772.4
1313770 2759.5
1313780 2759.5
1313790 2743.4
1313800 2727.7
1313810 2727.7
1313820 2709.2
1313830 2687.6
1313840 2687.6
1313850 2674.7
1313860 2662.9
1313870 2662.9
1313880 2653.8
1313890 2646.0
1313900 2646.0
1313910 2639.7
1313920 2636.8
1313930 2636.8
1313940 2635.1
1313950 2632.0
1313960 2629.2
1313970 2629.2
1313980 2627.0
1313990 2624.2
1314000 2624.2
1314010 2622.1
1314020 2621.2
1314030 2621.2
1314040 2621.0
1314050 2621.2
1314060 2621.2
1314070 2622.0
1314080 2621.7
1314090 2621.7
1314100 2620.4
1314110 2619.0
1314120 2619.0
1314130 2624.1
1314140 2622.5
1314150 2621.1
1314160 2621.1
1314170 2619.7
1314180 2618.3
1314190 2618.3
1314200 2617.2
1314210 2615.6
1314220 2615.6
1314230 2611.8
1314240 2608.9
1314250 2608.9
1314260 2606.2
1314270 2605.6
1314280 2605.6
1314290 2605.2
1314300 2605.3
1314310 2605.3
1314320 2604.8
1314330 2604.1
1314340 2604.1
1314350 2602.5
1314360 2600.9
1314370 2599.2
1314380 2599.2
1314390 2596.5
1314400 2592.5
1314410 2592.5
1314420 2589.4
1314430 2586.3
1314440 2586.3
1314450 2583.0
1314460 2579.4
1314470 2579.4
1314480 2575.7
1314490 2572.4
1314500 2572.4
1314510 2569.3
1314520 2566.8
1314530 2566.8
1314540 2564.9
1314550 2563.6
1314560 2563.6
1314570 2561.2
1314580 2558.1
1314590 2555.0
1314600 2555.0
1314610 2552.4
1314620 2551.6
1314630 2551.6
1314640 2552.2
1314650 2551.7
1314660 2551.7
1314670 2551.0
1314680 2551.5
1314690 2551.5
1314700 2551.6
1314710 2552.1
1314720 2552.1
1314730 2553.1
1314740 2553.9
1314750 2553.9
1314760 2553.7
1314770 2552.7
1314780 2552.7
1314790 2553.0
1314800 2553.4
1314810 2551.9
1314820 2551.9
1314830 2549.4
1314840 2546.5
1314850 2546.5
1314860 2544.7
1314870 2543.6
1314880 2548.7
1314890 2548.9
1314900 2548.2
1314910 2548.2
1314920 2547.5
1314930 2547.1
1314940 2547.1
1314950 2548.9
1314960 2552.8
1314970 2552.8
1314980 2558.4
1314990 2560.9
1315000 2560.9
1315010 2556.3
1315020 2552.9
1315030 2550.4
1315040 2550.4
1315050 2547.9
1315060 2544.3
1315070 2544.3
1315080 2540.1
1315090 2537.4
1315100 2537.4
1315110 2535.6
1315120 2533.8
1315130 2533.8
1315140 2532.1
1315150 2530.8
1315160 2530.8
1315170 2530.0
1315180 2528.6
1315190 2528.6
1315200 2527.2
1315210 2525.6
1315220 2523.7
1315230 2523.7
1315240 2522.0
1315250 2520.5
1315260 2520.5
1315270 2519.0
1315280 2517.5
1315290 2517.5
1315300 2515.6
1315310 2514.1
1315320 2514.1
1315330 2512.8
1315340 2511.6
1315350 2511.6
1315360 2510.8
1315370 2510.0
1315380 2510.0
1315390 2509.5
1315400 2510.0
1315410 2510.0
1315420 2511.4
1315430 2511.9
1315440 2510.0
1315450 2510.0
1315460 2506.9
1315470 2502.4
1315480 2502.4
1315490 2497.1
1315500 2491.9
1315510 2491.9
1315520 2481.8
1315530 2467.8
1315540 2467.8
1315550 2456.4
1315560 2450.3
1315570 2450.3
1315580 2447.4
1315590 2445.4
1315600 2445.4
1315610 2443.9
1315620 2442.9
1315630 2447.4
1315640 2448.1
1315650 2449.4
1315660 2450.0
1315670 2450.0
1315680 2448.4
1315690 2441.7
1315700 2441.7
1315710 2433.1
1315720 2426.3
1315730 2426.3
1315740 2420.8
1315750 2417.5
1315760 2417.5
1315770 2415.9
1315780 2416.6
1315790 2416.6
1315800 2415.8
1315810 2414.4
1315820 2414.4
1315830 2413.5
1315840 2412.8
1315850 2412.8
1315860 2411.3
1315870 2410.1
1315880 2409.6
1315890 2409.6
1315900 2406.9
1315910 2407.3
1315920 2407.3
1315930 2409.1
1315940 2412.1
1315950 2412.1
1315960 2417.7
1315970 2424.1
1315980 2424.1
1315990 2430.4
1316000 2433.3
1316010 2433.3
1316020 2435.2
1316030 2440.0
1316040 2440.0
1316050 2444.1
1316060 2447.9
1316070 2447.9
1316080 2450.8
1316090 2454.1
1316100 2457.0
1316110 2457.0
1316120 2458.4
1316130 2459.8
1316140 2459.8
1316150 2459.9
1316160 2459.6
1316170 2459.6
1316180 2460.4
1316190 2461.1
1316200 2461.1
1316210 2462.2
1316220 2465.4
1316230 2465.4
1316240 2472.0
1316250 2478.9
1316260 2478.9
1316270 2485.3
1316280 2490.7
1316290 2495.6
1316300 2495.6
1316310 2500.9
1316320 2506.4
1316330 2506.4
1316340 2511.3
1316350 2516.2
1316360 2516.2
1316370 2521.0
1316380 2528.9
1316390 2528.9
1316400 2534.3
1316410 2540.5
1316420 2540.5
1316430 2545.4
1316440 2550.6
1316450 2550.6
1316460 2556.0
1316470 2561.4
1316480 2561.4
1316490 2566.3
1316500 2571.3
1316510 2576.2
1316520 2576.2
1316530 2580.8
1316540 2584.8
1316550 2584.8
1316560 2588.6
1316570 2592.2
1316580 2592.2
1316590 2596.1
1316600 2599.9
1316610 2599.9
1316620 2603.2
1316630 2606.1
1316640 2606.1
1316650 2609.2
1316660 2613.2
1316670 2613.2
1316680 2617.4
1316690 2622.5
1316700 2622.5
1316710 2627.7
1316720 2631.0
1316730 2633.1
1316740 2633.1
1316750 2634.7
1316760 2636.3
1316770 2636.3
1316780 2637.5
1316790 2639.3
1316800 2639.3
1316810 2641.8
1316820 2644.9
1316830 2644.9
1316840 2648.2
1316850 2652.1
1316860 2652.1
1316870 2655.8
1316880 2659.5
1316890 2659.5
1316900 2663.7
1316910 2667.6
1316920 2667.6
1316930 2671.6
1316940 2676.5
1316950 2681.6
1316960 2681.6
1316970 2686.5
1316980 2691.7
1316990 2691.7
1317000 2697.4
1317010 2702.4
1317020 2702.4
1317030 2706.7
1317040 2711.6
1317050 2711.6
1317060 2715.6
1317070 2717.4
1317080 2717.4
1317090 2719.9
1317100 2722.1
1317110 2722.1
1317120 2724.0
1317130 2727.1
1317140 2736.8
1317150 2736.8
1317160 2742.5
1317170 2752.5
1317180 2752.5
1317190 2764.6
1317200 2774.8
1317210 2774.8
1317220 2782.7
1317230 2788.7
1317240 2788.7
1317250 2793.2
1317260 2797.4
1317270 2797.4
1317280 2802.0
1317290 2805.9
1317300 2805.9
1317310 2811.0
1317320 2817.5
1317330 2817.5
1317340 2823.6
1317350 2828.7
1317360 2833.1
1317370 2833.1
1317380 2838.6
1317390 2844.7
1317400 2844.7
1317410 2851.3
1317420 2858.3
1317430 2858.3
1317440 2863.1
1317450 2864.8
1317460 2864.8
1317470 2864.7
1317480 2864.0
1317490 2864.0
1317500 2865.0
1317510 2866.0
1317520 2866.0
1317530 2868.0
1317540 2870.6
1317550 2870.6
1317560 2874.1
1317570 2878.4
1317580 2882.3
1317590 2882.3
1317600 2885.1
1317610 2888.9
1317620 2888.9
1317630 2894.5
1317640 2901.0
1317650 2901.0
1317660 2906.0
1317670 2909.5
1317680 2909.5
1317690 2914.1
1317700 2919.6
1317710 2919.6
1317720 2925.4
1317730 2936.6
1317740 2936.6
1317750 2956.0
1317760 2968.9
1317770 2968.9
1317780 2980.2
1317790 2986.8
1317800 2977.4
1317810 2977.4
1317820 2954.4
1317830 2927.5
1317840 2927.5
1317850 2904.6
1317860 2888.8
1317870 2888.8
1317880 2876.1
1317890 2856.7
1317900 2848.6
1317910 2827.9
1317920 2805.1
1317930 2805.1
1317940 2792.2
1317950 2782.3
1317960 2782.3
1317970 2776.1
1317980 2771.7
1317990 2771.7
1318000 2767.3
1318010 2762.3
1318020 2757.9
1318030 2757.9
1318040 2752.5
1318050 2747.7
1318060 2747.7
1318070 2743.9
1318080 2738.4
1318090 2738.4
1318100 2730.7
1318110 2728.6
1318120 2728.6
1318130 2724.5
1318140 2717.2
1318150 2717.2
1318160 2710.9
1318170 2707.6
1318180 2707.6
1318190 2707.2
1318200 2707.4
1318210 2705.4
1318220 2705.4
1318230 2702.7
1318240 2699.2
1318250 2699.2
1318260 2695.0
1318270 2692.9
1318280 2692.9
1318290 2691.2
1318300 2691.5
1318310 2691.5
1318320 2693.7
1318330 2696.1
1318340 2696.1
1318350 2700.0
1318360 2703.2
1318370 2703.2
1318380 2706.8
1318390 2698.1
1318400 2698.1
1318410 2683.8
1318420 2677.1
1318430 2677.1
1318440 2677.1
1318450 2678.7
1318460 2682.7
1318470 2682.7
1318480 2687.7
1318490 2693.8
1318500 2693.8
1318510 2702.1
1318520 2708.6
1318530 2708.6
1318540 2709.7
1318550 2705.4
1318560 2705.4
1318570 2683.4
1318580 2662.1
1318590 2662.1
1318600 2646.8
1318610 2634.2
1318620 2634.2
1318630 2622.6
1318640 2607.0
1318650 2584.4
1318660 2579.5
1318670 2558.4
1318680 2540.0
1318690 2540.0
1318700 2519.5
1318710 2500.1
1318720 2500.1
1318730 2485.4
1318740 2475.0
1318750 2475.0
1318760 2463.0
1318770 2448.3
1318780 2448.3
1318790 2438.7
1318800 2433.8
1318810 2433.8
1318820 2429.4
1318830 2425.8
1318840 2425.8
1318850 2425.3
1318860 2424.1
1318870 2422.5
1318880 2422.5
1318890 2421.0
1318900 2419.3
1318910 2419.3
1318920 2418.2
1318930 2419.5
1318940 2419.5
1318950 2422.4
1318960 2424.2
1318970 2424.2
1318980 2423.6
1318990 2422.0
1319000 2422.0
1319010 2419.2
1319020 2416.4
1319030 2416.4
1319040 2415.6
1319050 2413.0
1319060 2413.0
1319070 2409.3
1319080 2406.0
1319090 2402.4
1319100 2402.4
1319110 2397.7
1319120 2395.5
1319130 2395.5
1319140 2393.7
1319150 2392.0
1319160 2392.0
1319170 2390.6
1319180 2389.0
1319190 2389.0
1319200 2388.0
1319210 2386.8
1319220 2386.8
1319230 2385.3
1319240 2384.1
1319250 2384.1
1319260 2382.6
1319270 2380.5
1319280 2378.3
1319290 2378.3
1319300 2375.6
1319310 2372.9
1319320 2372.9
1319330 2369.4
1319340 2366.2
1319350 2366.2
1319360 2363.2
1319370 2360.0
1319380 2360.0
1319390 2356.8
1319400 2353.8
1319410 2353.8
1319420 2356.9
1319430 2353.4
1319440 2353.4
1319450 2350.3
1319460 2348.7
1319470 2348.7
1319480 2346.6
1319490 2343.2
1319500 2339.4
1319510 2339.4
1319520 2335.1
1319530 2330.1
1319540 2330.1
1319550 2325.5
1319560 2325.5
1319570 2325.5
1319580 2330.7
1319590 2338.2
1319600 2338.2
1319610 2343.3
1319620 2348.4
1319630 2348.4
1319640 2353.0
1319650 2351.4
1319660 2351.4
1319670 2347.3
1319680 2347.1
1319690 2347.1
1319700 2348.6
1319710 2349.4
1319720 2341.8
1319730 2341.8
1319740 2333.8
1319750 2328.9
1319760 2328.9
1319770 2326.1
1319780 2331.7
1319790 2331.7
1319800 2339.9
1319810 2348.5
1319820 2348.5
1319830 2352.6
1319840 2345.6
1319850 2345.6
1319860 2338.2
1319870 2332.2
1319880 2332.2
1319890 2325.9
1319900 2319.7
1319910 2319.7
1319920 2313.6
1319930 2303.6
1319940 2294.7
1319950 2294.7
1319960 2290.3
1319970 2282.1
1319980 2282.1
1319990 2270.3
