1300000 2777.5
1300010 2777.5
1300020 2777.9
1300030 2778.0
1300040 2778.0
1300050 2777.6
1300060 2777.1
1300070 2777.1
1300080 2776.1
1300090 2775.0
1300100 2775.0
1300110 2773.7
1300120 2772.0
1300130 2772.0
1300140 2770.3
1300150 2768.8
1300160 2768.8
1300170 2767.5
1300180 2766.6
1300190 2765.8
1300200 2765.8
1300210 2763.9
1300220 2762.0
1300230 2762.0
1300240 2761.1
1300250 2761.1
1300260 2761.1
1300270 2761.6
1300280 2762.2
1300290 2762.2
1300300 2761.7
1300310 2759.6
1300320 2759.6
1300330 2758.5
1300340 2759.1
1300350 2759.1
1300360 2760.5
1300370 2760.0
1300380 2758.6
1300390 2758.6
1300400 2756.6
1300410 2754.3
1300420 2754.3
1300430 2752.6
1300440 2751.8
1300450 2751.8
1300460 2752.8
1300470 2754.6
1300480 2754.6
1300490 2756.8
1300500 2757.8
1300510 2757.8
1300520 2758.2
1300530 2759.6
1300540 2759.6
1300550 2761.0
1300560 2765.2
1300570 2765.2
1300580 2779.5
1300590 2800.7
1300600 2811.1
1300610 2811.1
1300620 2810.7
1300630 2804.3
1300640 2804.3
1300650 2797.9
1300660 2790.6
1300670 2790.6
1300680 2781.5
1300690 2773.5
1300700 2773.5
1300710 2768.8
1300720 2766.9
1300730 2766.9
1300740 2763.5
1300750 2759.2
1300760 2759.2
1300770 2755.6
1300780 2753.3
1300790 2753.3
1300800 2750.8
1300810 2747.0
1300820 2742.5
1300830 2742.5
1300840 2737.6
1300850 2733.1
1300860 2733.1
1300870 2727.3
1300880 2718.1
1300890 2718.1
1300900 2699.8
1300910 2681.6
1300920 2681.6
1300930 2672.7
1300940 2667.9
1300950 2667.9
1300960 2663.8
1300970 2658.7
1300980 2658.7
1300990 2652.0
1301000 2645.7
1301010 2645.7
1301020 2634.5
1301030 2626.5
1301040 2617.5
1301050 2617.5
1301060 2611.3
1301070 2605.5
1301080 2605.5
1301090 2601.6
1301100 2595.6
1301110 2595.6
1301120 2591.6
1301130 2589.0
1301140 2589.0
1301150 2588.3
1301160 2587.0
1301170 2587.0
1301180 2584.8
1301190 2581.1
1301200 2581.1
1301210 2576.5
1301220 2575.9
1301230 2575.9
1301240 2572.4
1301250 2566.0
1301260 2558.5
1301270 2558.5
1301280 2552.4
1301290 2547.6
1301300 2547.6
1301310 2543.0
1301320 2540.4
1301330 2540.4
1301340 2537.6
1301350 2533.7
1301360 2533.7
1301370 2528.1
1301380 2523.2
1301390 2523.2
1301400 2517.7
1301410 2506.9
1301420 2506.9
1301430 2496.3
1301440 2488.1
1301450 2481.7
1301460 2481.7
1301470 2475.9
1301480 2471.2
1301490 2471.2
1301500 2466.8
1301510 2462.2
1301520 2462.2
1301530 2459.5
1301540 2456.2
1301550 2456.2
1301560 2453.9
1301570 2451.8
1301580 2451.8
1301590 2448.8
1301600 2444.3
1301610 2444.3
1301620 2439.3
1301630 2433.3
1301640 2433.3
1301650 2426.6
1301660 2421.3
1301670 2416.4
1301680 2416.4
1301690 2411.0
1301700 2405.8
1301710 2405.8
1301720 2400.4
1301730 2392.4
1301740 2392.4
1301750 2385.9
1301760 2377.7
1301770 2377.7
1301780 2372.5
1301790 2367.0
1301800 2367.0
1301810 2361.5
1301820 2356.1
1301830 2356.1
1301840 2349.9
1301850 2344.2
1301860 2344.2
1301870 2338.3
1301880 2331.6
1301890 2325.1
1301900 2325.1
1301910 2318.4
1301920 2311.4
1301930 2311.4
1301940 2305.0
1301950 2299.9
1301960 2299.9
1301970 2295.4
1301980 2290.3
1301990 2290.3
1302000 2283.7
1302010 2277.7
1302020 2277.7
1302030 2269.4
1302040 2263.2
1302050 2263.2
1302060 2255.8
1302070 2249.1
1302080 2249.1
1302090 2242.9
1302100 2233.8
1302110 2224.4
1302120 2224.4
1302130 2217.2
1302140 2210.3
1302150 2210.3
1302160 2203.9
1302170 2198.7
1302180 2198.7
1302190 2194.7
1302200 2190.6
1302210 2190.6
1302220 2186.6
1302230 2184.1
1302240 2184.1
1302250 2182.4
1302260 2181.0
1302270 2181.0
1302280 2178.9
1302290 2178.2
1302300 2178.2
1302310 2177.1
1302320 2175.1
1302330 2173.3
1302340 2173.3
1302350 2172.6
1302360 2171.3
1302370 2171.3
1302380 2169.9
1302390 2169.0
1302400 2169.0
1302410 2167.8
1302420 2167.5
1302430 2167.5
1302440 2167.2
1302450 2165.6
1302460 2163.3
1302470 2162.2
1302480 2161.9
1302490 2161.9
1302500 2163.2
1302510 2163.7
1302520 2163.7
1302530 2163.7
1302540 2162.2
1302550 2156.4
1302560 2156.4
1302570 2147.8
1302580 2142.4
1302590 2142.4
1302600 2139.9
1302610 2138.1
1302620 2138.1
1302630 2135.9
1302640 2133.2
1302650 2133.2
1302660 2130.4
1302670 2128.4
1302680 2128.4
1302690 2125.1
1302700 2119.4
1302710 2119.4
1302720 2113.8
1302730 2108.4
1302740 2103.9
1302750 2103.9
1302760 2101.4
1302770 2098.0
1302780 2098.0
1302790 2093.9
1302800 2091.6
1302810 2091.6
1302820 2089.1
1302830 2087.1
1302840 2087.1
1302850 2086.3
1302860 2085.2
1302870 2085.2
1302880 2084.2
1302890 2082.4
1302900 2082.4
1302910 2080.0
1302920 2077.6
1302930 2077.6
1302940 2074.3
1302950 2071.6
1302960 2069.0
1302970 2069.0
1302980 2066.4
1302990 2064.0
1303000 2064.0
1303010 2062.4
1303020 2061.5
1303030 2061.5
1303040 2060.2
1303050 2059.2
1303060 2059.2
1303070 2058.7
1303080 2059.5
1303090 2059.5
1303100 2062.0
1303110 2064.9
1303120 2064.9
1303130 2066.9
1303140 2069.2
1303150 2061.0
1303160 2060.2
1303170 2060.5
1303180 2060.0
1303190 2060.0
1303200 2059.8
1303210 2059.9
1303220 2059.9
1303230 2058.9
1303240 2055.8
1303250 2055.8
1303260 2051.9
1303270 2046.3
1303280 2046.3
1303290 2041.6
1303300 2038.8
1303310 2038.8
1303320 2037.2
1303330 2035.0
1303340 2035.0
1303350 2032.1
1303360 2030.0
1303370 2030.0
1303380 2028.3
1303390 2024.8
1303400 2019.4
1303410 2019.4
1303420 2018.7
1303430 2019.0
1303440 2019.0
1303450 2017.8
1303460 2014.7
1303470 2014.7
1303480 2013.0
1303490 2011.0
1303500 2011.0
1303510 2008.4
1303520 2006.4
1303530 2006.4
1303540 2003.8
1303550 2000.8
1303560 2000.8
1303570 1996.8
1303580 1990.9
1303590 1990.9
1303600 1983.1
1303610 1975.4
1303620 1967.9
1303630 1967.9
1303640 1960.5
1303650 1954.1
1303660 1954.1
1303670 1947.7
1303680 1941.5
1303690 1941.5
1303700 1935.3
1303710 1928.7
1303720 1928.7
1303730 1921.8
1303740 1914.6
1303750 1914.6
1303760 1907.3
1303770 1899.7
1303780 1899.7
1303790 1892.4
1303800 1885.9
1303810 1880.9
1303820 1880.9
1303830 1876.8
1303840 1873.6
1303850 1870.1
1303860 1865.6
1303870 1860.1
1303880 1860.1
1303890 1854.3
1303900 1849.0
1303910 1849.0
1303920 1841.4
1303930 1835.4
1303940 1835.4
1303950 1836.1
1303960 1840.1
1303970 1840.1
1303980 1843.8
1303990 1846.6
1304000 1846.6
1304010 1849.7
1304020 1852.9
1304030 1854.3
1304040 1854.3
1304050 1851.6
1304060 1847.3
1304070 1847.3
1304080 1834.9
1304090 1820.9
1304100 1820.9
1304110 1811.1
1304120 1804.7
1304130 1804.7
1304140 1801.8
1304150 1799.7
1304160 1799.7
1304170 1795.7
1304180 1789.0
1304190 1789.0
1304200 1781.2
1304210 1769.0
1304220 1769.0
1304230 1759.9
1304240 1752.1
1304250 1742.9
1304260 1742.9
1304270 1736.9
1304280 1733.2
1304290 1733.2
1304300 1726.4
1304310 1716.1
1304320 1716.1
1304330 1707.9
1304340 1702.1
1304350 1702.1
1304360 1697.5
1304370 1693.3
1304380 1693.3
1304390 1688.2
1304400 1683.0
1304410 1683.0
1304420 1680.0
1304430 1676.6
1304440 1676.6
1304450 1673.1
1304460 1671.5
1304470 1672.1
1304480 1672.1
1304490 1669.2
1304500 1664.6
1304510 1664.6
1304520 1662.5
1304530 1662.3
1304540 1662.3
1304550 1660.2
1304560 1650.6
1304570 1650.6
1304580 1640.5
1304590 1627.8
1304600 1627.8
1304610 1614.5
1304620 1605.6
1304630 1605.6
1304640 1595.6
1304650 1584.1
1304660 1584.1
1304670 1578.1
1304680 1573.8
1304690 1569.0
1304700 1569.0
1304710 1563.4
1304720 1558.2
1304730 1558.2
1304740 1553.5
1304750 1548.9
1304760 1548.9
1304770 1544.8
1304780 1540.7
1304790 1540.7
1304800 1536.8
1304810 1533.7
1304820 1533.7
1304830 1531.6
1304840 1530.3
1304850 1530.3
1304860 1529.3
1304870 1528.1
1304880 1526.9
1304890 1526.9
1304900 1526.0
1304910 1525.4
1304920 1525.4
1304930 1528.3
1304940 1534.8
1304950 1534.8
1304960 1542.1
1304970 1546.9
1304980 1546.9
1304990 1551.8
1305000 1557.0
1305010 1557.0
1305020 1560.2
1305030 1562.8
1305040 1562.8
1305050 1566.0
1305060 1570.1
1305070 1570.1
1305080 1574.0
1305090 1575.1
1305100 1576.7
1305110 1576.7
1305120 1576.6
1305130 1575.7
1305140 1575.7
1305150 1575.1
1305160 1578.2
1305170 1578.2
1305180 1581.8
1305190 1584.6
1305200 1584.6
1305210 1591.1
1305220 1598.7
1305230 1598.7
1305240 1607.5
1305250 1617.8
1305260 1626.8
1305270 1633.1
1305280 1637.4
1305290 1637.4
1305300 1639.3
1305310 1642.1
1305320 1645.2
1305330 1645.2
1305340 1646.9
1305350 1649.0
1305360 1649.0
1305370 1651.6
1305380 1654.1
1305390 1654.1
1305400 1657.0
1305410 1659.5
1305420 1659.5
1305430 1664.4
1305440 1671.8
1305450 1671.8
1305460 1681.6
1305470 1691.3
1305480 1691.3
1305490 1700.0
1305500 1707.0
1305510 1707.0
1305520 1711.9
1305530 1715.4
1305540 1721.3
1305550 1721.3
1305560 1728.0
1305570 1736.6
1305580 1736.6
1305590 1744.7
1305600 1753.1
1305610 1753.1
1305620 1762.1
1305630 1769.4
1305640 1769.4
1305650 1777.4
1305660 1786.0
1305670 1786.0
1305680 1795.1
1305690 1804.1
1305700 1804.1
1305710 1814.9
1305720 1824.2
1305730 1824.2
1305740 1830.3
1305750 1835.6
1305760 1842.0
1305770 1842.0
1305780 1848.2
1305790 1853.9
1305800 1853.9
1305810 1858.5
1305820 1864.6
1305830 1864.6
1305840 1872.0
1305850 1879.8
1305860 1879.8
1305870 1887.2
1305880 1894.7
1305890 1894.7
1305900 1902.6
1305910 1910.6
1305920 1910.6
1305930 1919.9
1305940 1930.2
1305950 1939.9
1305960 1939.9
1305970 1954.6
1305980 1963.4
1305990 1963.4
1306000 1970.5
1306010 1977.2
1306020 1977.2
1306030 1983.6
1306040 1989.8
1306050 1989.8
1306060 1996.9
1306070 2004.2
1306080 2004.2
1306090 2011.8
1306100 2019.1
1306110 2019.1
1306120 2026.9
1306130 2033.9
1306140 2033.9
1306150 2039.6
1306160 2044.1
1306170 2049.4
1306180 2049.4
1306190 2055.2
1306200 2060.9
1306210 2060.9
1306220 2063.7
1306230 2067.8
1306240 2067.8
1306250 2074.0
1306260 2080.1
1306270 2080.1
1306280 2086.0
1306290 2091.4
1306300 2091.4
1306310 2096.6
1306320 2098.9
1306330 2098.9
1306340 2101.3
1306350 2106.1
1306360 2106.1
1306370 2109.1
1306380 2110.0
1306390 2111.7
1306400 2111.7
1306410 2114.2
1306420 2115.7
1306430 2115.7
1306440 2113.2
1306450 2107.8
1306460 2107.8
1306470 2099.5
1306480 2092.3
1306490 2092.3
1306500 2086.9
1306510 2080.6
1306520 2080.6
1306530 2073.7
1306540 2066.6
1306550 2066.6
1306560 2059.5
1306570 2052.4
1306580 2052.4
1306590 2045.7
1306600 2039.4
1306610 2033.2
1306620 2033.2
1306630 2027.4
1306640 2021.4
1306650 2021.4
1306660 2014.5
1306670 2006.7
1306680 2011.8
1306690 2004.5
1306700 1997.9
1306710 1997.9
1306720 1990.5
1306730 1985.6
1306740 1985.6
1306750 1980.6
1306760 1971.6
1306770 1971.6
1306780 1961.0
1306790 1947.0
1306800 1947.0
1306810 1936.3
1306820 1926.0
1306830 1916.1
1306840 1916.1
1306850 1907.6
1306860 1898.3
1306870 1898.3
1306880 1890.2
1306890 1885.0
1306900 1885.0
1306910 1886.2
1306920 1890.7
1306930 1890.7
1306940 1882.5
1306950 1870.3
1306960 1870.3
1306970 1862.9
1306980 1861.6
1306990 1861.6
1307000 1868.7
1307010 1870.6
1307020 1866.7
1307030 1866.7
1307040 1861.2
1307050 1856.6
1307060 1856.6
1307070 1852.7
1307080 1846.3
1307090 1846.3
1307100 1839.6
1307110 1834.7
1307120 1834.7
1307130 1828.2
1307140 1823.2
1307150 1823.2
1307160 1816.7
1307170 1810.3
1307180 1810.3
1307190 1803.7
1307200 1796.9
1307210 1796.9
1307220 1790.1
1307230 1783.3
1307240 1777.2
1307250 1777.2
1307260 1769.9
1307270 1761.9
1307280 1761.9
1307290 1755.5
1307300 1748.5
1307310 1748.5
1307320 1741.9
1307330 1736.2
1307340 1736.2
1307350 1725.5
1307360 1713.0
1307370 1713.0
1307380 1706.1
1307390 1698.5
1307400 1696.1
1307410 1674.7
1307420 1656.1
1307430 1656.1
1307440 1650.9
1307450 1647.6
1307460 1649.9
1307470 1649.9
1307480 1647.9
1307490 1650.5
1307500 1650.5
1307510 1652.6
1307520 1654.6
1307530 1654.6
1307540 1652.7
1307550 1645.8
1307560 1645.8
1307570 1634.5
1307580 1622.1
1307590 1622.1
1307600 1609.6
1307610 1596.3
1307620 1596.3
1307630 1584.1
1307640 1565.8
1307650 1565.8
1307660 1555.1
1307670 1550.3
1307680 1540.0
1307690 1540.0
1307700 1526.1
1307710 1509.6
1307720 1509.6
1307730 1498.3
1307740 1495.2
1307750 1495.2
1307760 1492.5
1307770 1488.1
1307780 1488.1
1307790 1483.2
1307800 1477.9
1307810 1477.9
1307820 1472.7
1307830 1467.6
1307840 1467.6
1307850 1461.4
1307860 1455.0
1307870 1455.0
1307880 1447.7
1307890 1440.4
1307900 1434.8
1307910 1434.8
1307920 1430.2
1307930 1425.1
1307940 1425.1
1307950 1420.2
1307960 1416.2
1307970 1416.2
1307980 1412.0
1307990 1407.9
1308000 1407.9
1308010 1403.8
1308020 1399.7
1308030 1399.7
1308040 1395.4
1308050 1391.2
1308060 1391.2
1308070 1386.8
1308080 1382.1
1308090 1377.8
1308100 1377.8
1308110 1373.4
1308120 1368.2
1308130 1368.2
1308140 1363.8
1308150 1359.4
1308160 1359.4
1308170 1355.4
1308180 1351.9
1308190 1351.9
1308200 1347.7
1308210 1343.6
1308220 1343.6
1308230 1339.6
1308240 1335.9
1308250 1335.9
1308260 1332.6
1308270 1330.3
1308280 1330.3
1308290 1328.1
1308300 1325.6
1308310 1323.3
1308320 1323.3
1308330 1321.7
1308340 1320.2
1308350 1320.2
1308360 1320.6
1308370 1320.2
1308380 1320.2
1308390 1318.4
1308400 1317.6
1308410 1317.6
1308420 1316.9
1308430 1315.6
1308440 1315.6
1308450 1314.6
1308460 1313.8
1308470 1313.8
1308480 1312.6
1308490 1312.2
1308500 1312.2
1308510 1312.8
1308520 1314.1
1308530 1315.1
1308540 1315.1
1308550 1316.1
1308560 1316.9
1308570 1316.9
1308580 1318.5
1308590 1321.3
1308600 1321.3
1308610 1324.3
1308620 1327.3
1308630 1327.3
1308640 1331.0
1308650 1335.0
1308660 1335.0
1308670 1339.7
1308680 1344.5
1308690 1344.5
1308700 1349.8
1308710 1355.7
1308720 1355.7
1308730 1361.1
1308740 1366.2
1308750 1372.8
1308760 1372.8
1308770 1379.5
1308780 1385.5
1308790 1385.5
1308800 1390.8
1308810 1396.2
1308820 1396.2
1308830 1402.0
1308840 1404.7
1308850 1404.7
1308860 1410.6
1308870 1416.6
1308880 1416.6
1308890 1422.4
1308900 1427.6
1308910 1427.6
1308920 1433.2
1308930 1440.0
1308940 1440.0
1308950 1447.5
1308960 1467.2
1308970 1497.4
1308980 1497.4
1308990 1512.2
1309000 1524.6
1309010 1524.6
1309020 1538.6
1309030 1551.0
1309040 1551.0
1309050 1562.4
1309060 1575.6
1309070 1575.6
1309080 1584.1
1309090 1589.4
1309100 1589.4
1309110 1599.9
1309120 1610.1
1309130 1610.1
1309140 1619.1
1309150 1627.8
1309160 1637.8
1309170 1637.8
1309180 1650.8
1309190 1662.9
1309200 1662.9
1309210 1673.1
1309220 1682.6
1309230 1682.6
1309240 1687.3
1309250 1689.8
1309260 1689.8
1309270 1693.3
1309280 1693.3
1309290 1693.3
1309300 1697.6
1309310 1704.5
1309320 1704.5
1309330 1711.8
1309340 1719.1
1309350 1719.1
1309360 1726.9
1309370 1734.3
1309380 1742.4
1309390 1742.4
1309400 1750.9
1309410 1758.8
1309420 1758.8
1309430 1770.2
1309440 1783.5
1309450 1783.5
1309460 1795.3
1309470 1802.3
1309480 1802.3
1309490 1804.9
1309500 1802.6
1309510 1802.6
1309520 1800.3
1309530 1798.3
1309540 1798.3
1309550 1796.0
1309560 1783.9
1309570 1783.9
1309580 1783.8
1309590 1783.5
1309600 1782.1
1309610 1782.1
1309620 1778.9
1309630 1781.3
1309640 1781.3
1309650 1787.0
1309660 1794.4
1309670 1794.4
1309680 1811.4
1309690 1831.5
1309700 1831.5
1309710 1862.1
1309720 1884.9
1309730 1884.9
1309740 1898.9
1309750 1909.1
1309760 1909.1
1309770 1913.7
1309780 1916.8
1309790 1916.8
1309800 1921.3
1309810 1926.7
1309820 1931.9
1309830 1931.9
1309840 1937.4
1309850 1942.4
1309860 1942.4
1309870 1947.5
1309880 1952.7
1309890 1952.7
1309900 1958.2
1309910 1963.8
1309920 1963.8
1309930 1969.5
1309940 1974.4
1309950 1974.4
1309960 1978.8
1309970 1983.5
1309980 1983.5
1309990 1987.4
1310000 1988.1
1310010 1988.1
1310020 1981.1
1310030 1973.5
1310040 1967.4
1310050 1967.4
1310060 1964.7
1310070 1964.5
1310080 1964.5
1310090 1969.4
1310100 1972.6
1310110 1972.6
1310120 1973.5
1310130 1970.2
1310140 1970.2
1310150 1963.0
1310160 1961.7
1310170 1961.7
1310180 1964.3
1310190 1967.7
1310200 1967.7
1310210 1971.9
1310220 1978.3
1310230 1978.3
1310240 1987.1
1310250 1997.5
1310260 2006.8
1310270 2006.8
1310280 2005.5
1310290 2015.7
1310300 2015.7
1310310 2028.3
1310320 2047.2
1310330 2047.2
1310340 2061.9
1310350 2071.3
1310360 2071.3
1310370 2078.4
1310380 2083.3
1310390 2083.3
1310400 2086.3
1310410 2088.7
1310420 2088.7
1310430 2091.6
1310440 2097.2
1310450 2102.1
1310460 2102.1
1310470 2105.1
1310480 2107.4
1310490 2107.4
1310500 2110.7
1310510 2113.4
1310520 2113.4
1310530 2115.9
1310540 2118.0
1310550 2118.0
1310560 2120.1
1310570 2122.5
1310580 2122.5
1310590 2126.7
1310600 2129.9
1310610 2129.9
1310620 2133.2
1310630 2133.8
1310640 2133.8
1310650 2136.5
1310660 2142.7
1310670 2150.9
1310680 2150.9
1310690 2157.8
1310700 2163.0
1310710 2163.0
1310720 2165.8
1310730 2168.5
1310740 2168.5
1310750 2171.0
1310760 2171.8
1310770 2171.8
1310780 2172.0
1310790 2175.9
1310800 2175.9
1310810 2179.5
1310820 2181.7
1310830 2181.7
1310840 2181.4
1310850 2181.7
1310860 2181.7
1310870 2181.9
1310880 2179.5
1310890 2177.1
1310900 2177.1
1310910 2179.3
1310920 2178.8
1310930 2178.8
1310940 2176.1
1310950 2177.2
1310960 2177.2
1310970 2183.6
1310980 2192.6
1310990 2192.6
1311000 2194.7
1311010 2189.5
1311020 2189.5
1311030 2189.9
1311040 2183.6
1311050 2183.6
1311060 2177.7
1311070 2177.4
1311080 2177.4
1311090 2182.6
1311100 2190.0
1311110 2198.3
1311120 2198.3
1311130 2206.9
1311140 2215.0
1311150 2215.0
1311160 2221.7
1311170 2227.0
1311180 2227.0
1311190 2230.7
1311200 2234.1
1311210 2234.1
1311220 2238.1
1311230 2244.4
1311240 2244.4
1311250 2252.5
1311260 2260.6
1311270 2260.6
1311280 2269.4
1311290 2277.2
1311300 2277.2
1311310 2284.5
1311320 2291.5
1311330 2298.9
1311340 2298.9
1311350 2306.4
1311360 2313.4
1311370 2313.4
1311380 2321.0
1311390 2328.0
1311400 2328.0
1311410 2334.7
1311420 2341.5
1311430 2341.5
1311440 2348.4
1311450 2354.9
1311460 2354.9
1311470 2361.1
1311480 2369.3
1311490 2369.3
1311500 2381.2
1311510 2392.4
1311520 2402.6
1311530 2402.6
1311540 2412.1
1311550 2421.6
1311560 2421.6
1311570 2429.3
1311580 2438.4
1311590 2438.4
1311600 2449.7
1311610 2460.4
1311620 2460.4
1311630 2470.7
1311640 2479.1
1311650 2479.1
1311660 2487.2
1311670 2495.9
1311680 2495.9
1311690 2505.6
1311700 2514.0
1311710 2514.0
1311720 2522.1
1311730 2529.8
1311740 2537.0
1311750 2537.0
1311760 2544.7
1311770 2549.7
1311780 2549.7
1311790 2543.2
1311800 2535.5
1311810 2535.5
1311820 2528.4
1311830 2522.7
1311840 2522.7
1311850 2518.6
1311860 2515.8
1311870 2515.8
1311880 2513.9
1311890 2512.4
1311900 2512.4
1311910 2512.7
1311920 2512.3
1311930 2512.3
1311940 2513.8
1311950 2518.0
1311960 2520.3
1311970 2520.3
1311980 2518.8
1311990 2519.1
1312000 2519.1
1312010 2520.9
1312020 2523.0
1312030 2523.0
1312040 2523.6
1312050 2525.7
1312060 2525.7
1312070 2529.2
1312080 2534.6
1312090 2534.6
1312100 2539.9
1312110 2543.4
1312120 2543.4
1312130 2545.6
1312140 2548.9
1312150 2548.9
1312160 2554.4
1312170 2560.7
1312180 2566.3
1312190 2566.3
1312200 2570.8
1312210 2574.4
1312220 2574.4
1312230 2573.9
1312240 2575.0
1312250 2575.0
1312260 2578.8
1312270 2578.9
1312280 2578.9
1312290 2581.3
1312300 2584.1
1312310 2584.1
1312320 2586.4
1312330 2589.3
1312340 2589.3
1312350 2593.3
1312360 2595.0
1312370 2595.0
1312380 2597.1
1312390 2599.2
1312400 2600.6
1312410 2600.6
1312420 2603.5
1312430 2605.6
1312440 2605.6
1312450 2606.1
1312460 2608.4
1312470 2608.4
1312480 2606.0
1312490 2611.7
1312500 2611.7
1312510 2617.5
1312520 2614.6
1312530 2614.6
1312540 2610.2
1312550 2612.1
1312560 2612.1
1312570 2613.5
1312580 2613.9
1312590 2612.3
1312600 2612.3
1312610 2614.4
1312620 2620.4
1312630 2620.4
1312640 2629.2
1312650 2637.2
1312660 2637.2
1312670 2640.3
1312680 2642.4
1312690 2642.4
1312700 2648.7
1312710 2662.6
1312720 2662.6
1312730 2677.6
1312740 2689.3
1312750 2689.3
1312760 2696.9
1312770 2703.6
1312780 2703.6
1312790 2711.1
1312800 2717.9
1312810 2721.9
1312820 2721.9
1312830 2725.6
1312840 2731.8
1312850 2731.8
1312860 2740.3
1312870 2747.8
1312880 2747.8
1312890 2755.1
1312900 2764.0
1312910 2764.0
1312920 2772.6
1312930 2782.7
1312940 2782.7
1312950 2793.6
1312960 2805.3
1312970 2805.3
1312980 2814.1
1312990 2822.3
1313000 2822.3
1313010 2824.7
1313020 2828.8
1313030 2834.1
1313040 2834.1
1313050 2838.3
1313060 2842.1
1313070 2842.1
1313080 2850.9
1313090 2863.8
1313100 2863.8
1313110 2875.7
1313120 2869.9
1313130 2869.9
1313140 2858.1
1313150 2846.5
1313160 2846.5
1313170 2831.4
1313180 2819.0
1313190 2819.0
1313200 2808.8
1313210 2790.0
1313220 2790.0
1313230 2778.2
1313240 2772.4
1313250 2767.7
1313260 2767.7
1313270 2765.1
1313280 2754.1
1313290 2754.1
1313300 2741.5
1313310 2737.1
1313320 2737.1
1313330 2734.2
1313340 2730.6
1313350 2730.6
1313360 2726.4
1313370 2721.6
1313380 2721.6
1313390 2716.0
1313400 2709.7
1313410 2709.7
1313420 2703.2
1313430 2695.9
1313440 2695.9
1313450 2687.5
1313460 2677.3
1313470 2663.6
1313480 2663.6
1313490 2651.4
1313500 2643.9
1313510 2643.9
1313520 2639.0
1313530 2635.4
1313540 2635.4
1313550 2632.1
1313560 2629.5
1313570 2629.5
1313580 2627.0
1313590 2625.0
1313600 2625.0
1313610 2622.8
1313620 2620.5
1313630 2620.5
1313640 2617.6
1313650 2614.6
1313660 2614.7
1313670 2614.7
1313680 2616.2
1313690 2617.7
1313700 2617.7
1313710 2618.6
1313720 2618.3
1313730 2618.3
1313740 2619.8
1313750 2623.4
1313760 2623.4
1313770 2627.8
1313780 2630.7
1313790 2630.7
1313800 2636.0
1313810 2640.9
1313820 2640.9
1313830 2645.3
1313840 2649.3
1313850 2649.3
1313860 2652.0
1313870 2657.6
1313880 2665.0
1313890 2665.0
1313900 2659.5
1313910 2644.7
1313920 2644.7
1313930 2628.6
1313940 2607.8
1313950 2607.8
1313960 2588.9
1313970 2570.2
1313980 2570.2
1313990 2560.8
1314000 2558.9
1314010 2558.9
1314020 2554.4
1314030 2549.2
1314040 2549.2
1314050 2545.1
1314060 2539.5
1314070 2539.5
1314080 2533.1
1314090 2527.8
1314100 2523.7
1314110 2523.7
1314120 2520.2
1314130 2517.3
1314140 2517.3
1314150 2514.8
1314160 2513.9
1314170 2513.9
1314180 2513.5
1314190 2512.7
1314200 2512.7
1314210 2511.2
1314220 2509.4
1314230 2509.4
1314240 2507.2
1314250 2504.7
1314260 2504.7
1314270 2503.0
1314280 2502.9
1314290 2502.9
1314300 2503.0
1314310 2502.6
1314320 2501.4
1314330 2501.4
1314340 2500.8
1314350 2501.2
1314360 2501.2
1314370 2499.5
1314380 2496.8
1314390 2496.8
1314400 2494.5
1314410 2492.7
1314420 2492.7
1314430 2491.8
1314440 2492.5
1314450 2492.5
1314460 2492.5
1314470 2487.8
1314480 2487.8
1314490 2481.4
1314500 2476.6
1314510 2476.6
1314520 2473.2
1314530 2470.5
1314540 2467.3
1314550 2467.3
1314560 2462.8
1314570 2459.6
1314580 2459.6
1314590 2458.3
1314600 2456.9
1314610 2456.9
1314620 2456.0
1314630 2455.6
1314640 2455.6
1314650 2455.0
1314660 2455.1
1314670 2455.1
1314680 2455.2
1314690 2454.1
1314700 2457.0
1314710 2456.4
1314720 2455.9
1314730 2455.9
1314740 2455.9
1314750 2457.0
1314760 2457.9
1314770 2457.9
1314780 2459.7
1314790 2461.8
1314800 2461.8
1314810 2463.3
1314820 2464.7
1314830 2464.7
1314840 2465.0
1314850 2466.4
1314860 2466.4
1314870 2469.1
1314880 2472.3
1314890 2472.3
1314900 2476.5
1314910 2481.9
1314920 2481.9
1314930 2485.3
1314940 2485.7
1314950 2484.7
1314960 2484.7
1314970 2481.8
1314980 2477.4
1314990 2477.4
1315000 2477.3
1315010 2480.9
1315020 2480.9
1315030 2482.3
1315040 2482.0
1315050 2482.0
1315060 2482.6
1315070 2479.8
1315080 2479.8
1315090 2476.0
1315100 2470.9
1315110 2470.9
1315120 2467.9
1315130 2466.0
1315140 2466.0
1315150 2462.9
1315160 2459.6
1315170 2455.7
1315180 2455.7
1315190 2451.3
1315200 2446.6
1315210 2446.6
1315220 2441.9
1315230 2436.5
1315240 2436.5
1315250 2431.0
1315260 2425.6
1315270 2425.6
1315280 2420.3
1315290 2414.5
1315300 2414.5
1315310 2409.0
1315320 2403.4
1315330 2403.4
1315340 2397.8
1315350 2393.0
1315360 2393.0
1315370 2388.9
1315380 2385.3
1315390 2383.2
1315400 2383.2
1315410 2381.9
1315420 2380.5
1315430 2380.5
1315440 2378.5
1315450 2379.2
1315460 2379.2
1315470 2377.9
1315480 2371.9
1315490 2371.9
1315500 2367.5
1315510 2366.7
1315520 2366.7
1315530 2369.4
1315540 2376.3
1315550 2376.3
1315560 2383.0
1315570 2387.5
1315580 2387.5
1315590 2385.7
1315600 2381.0
1315610 2375.5
1315620 2375.5
1315630 2371.1
1315640 2367.2
1315650 2367.2
1315660 2364.5
1315670 2362.7
1315680 2362.7
1315690 2360.2
1315700 2356.5
1315710 2356.5
1315720 2351.2
1315730 2347.1
1315740 2347.1
1315750 2345.7
1315760 2346.3
1315770 2346.3
1315780 2349.1
1315790 2353.2
1315800 2358.3
1315810 2358.3
1315820 2364.1
1315830 2370.5
1315840 2370.5
1315850 2376.9
1315860 2383.1
1315870 2383.1
1315880 2388.3
1315890 2393.1
1315900 2393.1
1315910 2396.1
1315920 2398.8
1315930 2398.8
1315940 2403.6
1315950 2410.1
1315960 2410.1
1315970 2415.7
1315980 2414.9
1315990 2414.9
1316000 2411.4
1316010 2408.2
1316020 2408.3
1316030 2408.3
1316040 2410.9
1316050 2412.5
1316060 2412.5
1316070 2412.3
1316080 2413.6
1316090 2413.6
1316100 2417.5
1316110 2421.9
1316120 2421.9
1316130 2426.0
1316140 2429.9
1316150 2429.9
1316160 2433.0
1316170 2436.1
1316180 2436.1
1316190 2439.4
1316200 2442.7
1316210 2442.7
1316220 2447.1
1316230 2450.2
1316240 2452.5
1316250 2452.5
1316260 2455.3
1316270 2457.2
1316280 2457.2
1316290 2459.2
1316300 2462.4
1316310 2462.4
1316320 2467.9
1316330 2473.2
1316340 2473.2
1316350 2477.9
1316360 2483.7
1316370 2483.7
1316380 2487.6
1316390 2492.0
1316400 2492.0
1316410 2497.0
1316420 2501.4
1316430 2501.4
1316440 2505.5
1316450 2509.1
1316460 2512.7
1316470 2512.7
1316480 2516.0
1316490 2519.5
1316500 2519.5
1316510 2522.8
1316520 2525.7
1316530 2525.7
1316540 2528.2
1316550 2530.1
1316560 2530.1
1316570 2531.2
1316580 2532.3
1316590 2532.3
1316600 2533.8
1316610 2535.5
1316620 2535.5
1316630 2537.2
1316640 2538.9
1316650 2538.9
1316660 2541.1
1316670 2543.5
1316680 2545.7
1316690 2545.7
1316700 2547.8
1316710 2549.9
1316720 2549.9
1316730 2551.8
1316740 2553.7
1316750 2553.7
1316760 2555.8
1316770 2558.4
1316780 2558.4
1316790 2561.2
1316800 2564.2
1316810 2564.2
1316820 2567.6
1316830 2571.4
1316840 2571.4
1316850 2575.9
1316860 2581.1
1316870 2586.6
1316880 2586.6
1316890 2592.0
1316900 2597.5
1316910 2597.5
1316920 2603.0
1316930 2608.8
1316940 2608.8
1316950 2615.6
1316960 2620.9
1316970 2620.9
1316980 2629.3
1316990 2637.7
1317000 2637.7
1317010 2643.7
1317020 2648.9
1317030 2648.9
1317040 2654.6
1317050 2660.2
1317060 2660.2
1317070 2664.0
1317080 2666.0
1317090 2669.1
1317100 2669.1
1317110 2673.0
1317120 2679.2
1317130 2679.2
1317140 2687.4
1317150 2694.3
1317160 2694.3
1317170 2699.6
1317180 2704.9
1317190 2704.9
1317200 2710.0
1317210 2714.8
1317220 2714.8
1317230 2720.9
1317240 2728.2
1317250 2728.2
1317260 2734.9
1317270 2740.2
1317280 2740.2
1317290 2745.1
1317300 2750.0
1317310 2753.4
1317320 2753.4
1317330 2755.1
1317340 2756.2
1317350 2756.2
1317360 2759.1
1317370 2762.5
1317380 2762.5
1317390 2766.3
1317400 2770.2
1317410 2770.2
1317420 2774.2
1317430 2778.8
1317440 2778.8
1317450 2784.0
1317460 2790.6
1317470 2790.6
1317480 2797.6
1317490 2805.0
1317500 2805.0
1317510 2812.2
1317520 2819.3
1317530 2827.6
1317540 2827.6
1317550 2837.0
1317560 2845.9
1317570 2845.9
1317580 2853.4
1317590 2867.7
1317600 2867.7
1317610 2902.4
1317620 2920.6
1317630 2920.6
1317640 2937.2
1317650 2951.0
1317660 2951.0
1317670 2962.2
1317680 2972.1
1317690 2972.1
1317700 2981.6
1317710 2993.2
1317720 2997.5
1317730 3008.5
1317740 3022.3
1317750 3039.3
1317760 3039.3
1317770 3025.6
1317780 3004.9
1317790 3004.9
1317800 2990.3
1317810 2974.4
1317820 2974.4
1317830 2958.0
1317840 2948.8
1317850 2948.8
1317860 2943.0
1317870 2931.8
1317880 2931.8
1317890 2931.1
1317900 2931.2
1317910 2931.2
1317920 2928.7
1317930 2924.1
1317940 2921.9
1317950 2921.9
1317960 2918.2
1317970 2908.3
1317980 2908.3
1317990 2896.5
1318000 2871.4
1318010 2871.4
1318020 2837.8
1318030 2797.1
1318040 2797.1
1318050 2771.5
1318060 2751.4
1318070 2751.4
1318080 2733.4
1318090 2716.9
1318100 2716.9
1318110 2697.3
1318120 2675.1
1318130 2675.1
1318140 2647.9
1318150 2618.6
1318160 2601.4
1318170 2601.4
1318180 2584.7
1318190 2572.0
1318200 2572.0
1318210 2563.0
1318220 2554.4
1318230 2554.4
1318240 2545.1
1318250 2536.2
1318260 2536.2
1318270 2528.4
1318280 2522.1
1318290 2522.1
1318300 2516.7
1318310 2510.1
1318320 2510.1
1318330 2504.0
1318340 2497.2
1318350 2497.2
1318360 2488.6
1318370 2482.2
1318380 2477.8
1318390 2477.8
1318400 2472.1
1318410 2464.0
1318420 2464.0
1318430 2457.8
1318440 2453.8
1318450 2453.8
1318460 2450.8
1318470 2449.0
1318480 2454.8
1318490 2450.7
1318500 2447.0
1318510 2447.0
1318520 2443.5
1318530 2440.6
1318540 2440.6
1318550 2437.7
1318560 2434.5
1318570 2434.5
1318580 2431.9
1318590 2428.0
1318600 2425.1
1318610 2425.1
1318620 2421.2
1318630 2419.8
1318640 2419.8
1318650 2422.7
1318660 2427.6
1318670 2427.6
1318680 2423.0
1318690 2421.3
1318700 2421.3
1318710 2425.1
1318720 2424.6
1318730 2424.6
1318740 2420.4
1318750 2416.7
1318760 2416.7
1318770 2413.0
1318780 2410.1
1318790 2410.1
1318800 2414.4
1318810 2420.7
1318820 2425.8
1318830 2425.8
1318840 2412.7
1318850 2386.0
1318860 2386.0
1318870 2362.4
1318880 2340.1
1318890 2340.1
1318900 2325.8
1318910 2318.4
1318920 2318.4
1318930 2311.8
1318940 2305.4
1318950 2305.4
1318960 2299.6
1318970 2294.8
1318980 2294.8
1318990 2292.0
1319000 2289.6
1319010 2289.6
1319020 2287.3
1319030 2285.4
1319040 2284.0
1319050 2284.0
1319060 2283.1
1319070 2282.0
1319080 2282.0
1319090 2281.2
1319100 2280.1
1319110 2280.1
1319120 2278.6
1319130 2277.4
1319140 2277.4
1319150 2276.4
1319160 2275.2
1319170 2275.2
1319180 2274.0
1319190 2272.8
1319200 2272.8
1319210 2271.7
1319220 2270.6
1319230 2269.4
1319240 2274.2
1319250 2272.8
1319260 2271.4
1319270 2271.4
1319280 2270.4
1319290 2269.1
1319300 2269.1
1319310 2267.3
1319320 2265.7
1319330 2265.7
1319340 2263.6
1319350 2260.9
1319360 2260.9
1319370 2258.5
1319380 2256.4
1319390 2256.4
1319400 2254.1
1319410 2251.7
1319420 2251.7
1319430 2248.8
1319440 2246.3
1319450 2243.4
1319460 2243.4
1319470 2239.8
1319480 2235.8
1319490 2235.8
1319500 2230.9
1319510 2226.3
1319520 2226.3
1319530 2221.7
1319540 2220.0
1319550 2220.0
1319560 2217.5
1319570 2213.7
1319580 2213.7
1319590 2208.7
1319600 2204.9
1319610 2204.9
1319620 2201.4
1319630 2201.5
1319640 2201.5
1319650 2204.9
1319660 2206.1
1319670 2202.4
1319680 2202.4
1319690 2187.3
1319700 2176.5
1319710 2176.5
1319720 2169.8
1319730 2164.0
1319740 2164.0
1319750 2158.4
1319760 2153.4
1319770 2153.4
1319780 2147.3
1319790 2141.0
1319800 2141.0
1319810 2135.8
1319820 2134.5
1319830 2134.5
1319840 2132.2
1319850 2127.6
1319860 2127.6
1319870 2123.1
1319880 2121.2
1319890 2117.7
1319900 2117.7
1319910 2113.7
1319920 2108.7
1319930 2108.7
1319940 2101.9
1319950 2095.1
1319960 2095.1
1319970 2087.9
1319980 2076.8
1319990 2076.8
