1300000 2665.1
1300010 2665.1
1300020 2662.7
1300030 2660.2
1300040 2660.2
1300050 2658.9
1300060 2657.3
1300070 2657.3
1300080 2654.8
1300090 2651.0
1300100 2647.8
1300110 2647.8
1300120 2646.3
1300130 2645.2
1300140 2645.2
1300150 2643.9
1300160 2642.7
1300170 2642.7
1300180 2641.9
1300190 2641.4
1300200 2641.4
1300210 2641.3
1300220 2641.2
1300230 2641.2
1300240 2640.9
1300250 2640.7
1300260 2640.7
1300270 2641.4
1300280 2642.5
1300290 2642.5
1300300 2642.7
1300310 2643.5
1300320 2644.2
1300330 2644.2
1300340 2646.0
1300350 2648.1
1300360 2648.1
1300370 2650.9
1300380 2653.0
1300390 2653.0
1300400 2655.0
1300410 2658.1
1300420 2658.1
1300430 2660.3
1300440 2661.7
1300450 2661.7
1300460 2662.8
1300470 2663.8
1300480 2663.8
1300490 2665.3
1300500 2666.9
1300510 2666.9
1300520 2668.7
1300530 2671.0
1300540 2672.7
1300550 2672.7
1300560 2674.7
1300570 2677.2
1300580 2677.2
1300590 2679.5
1300600 2682.0
1300610 2682.0
1300620 2687.6
1300630 2689.9
1300640 2689.9
1300650 2692.2
1300660 2694.4
1300670 2694.4
1300680 2696.7
1300690 2698.9
1300700 2698.9
1300710 2701.1
1300720 2703.3
1300730 2703.3
1300740 2705.3
1300750 2707.3
1300760 2709.3
1300770 2709.3
1300780 2711.5
1300790 2713.7
1300800 2713.7
1300810 2715.9
1300820 2718.3
1300830 2718.3
1300840 2721.0
1300850 2723.6
1300860 2723.6
1300870 2726.1
1300880 2728.9
1300890 2728.9
1300900 2733.3
1300910 2737.8
1300920 2737.8
1300930 2742.0
1300940 2746.0
1300950 2746.0
1300960 2750.9
1300970 2755.6
1300980 2760.1
1300990 2760.1
1301000 2764.9
1301010 2769.8
1301020 2769.8
1301030 2775.1
1301040 2780.7
1301050 2780.7
1301060 2785.5
1301070 2788.9
1301080 2788.9
1301090 2792.6
1301100 2796.3
1301110 2796.3
1301120 2799.6
1301130 2802.4
1301140 2802.4
1301150 2805.4
1301160 2808.8
1301170 2808.8
1301180 2811.9
1301190 2814.8
1301200 2820.5
1301210 2820.5
1301220 2825.8
1301230 2829.9
1301240 2829.9
1301250 2833.7
1301260 2837.4
1301270 2837.4
1301280 2840.3
1301290 2842.9
1301300 2842.9
1301310 2847.3
1301320 2850.6
1301330 2850.6
1301340 2854.1
1301350 2858.4
1301360 2858.4
1301370 2863.1
1301380 2868.0
1301390 2868.0
1301400 2873.0
1301410 2878.2
1301420 2883.2
1301430 2883.2
1301440 2888.9
1301450 2898.3
1301460 2898.3
1301470 2912.4
1301480 2923.7
1301490 2923.7
1301500 2931.9
1301510 2931.0
1301520 2931.0
1301530 2923.2
1301540 2915.2
1301550 2915.2
1301560 2908.7
1301570 2895.9
1301580 2895.9
1301590 2882.2
1301600 2869.4
1301610 2869.4
1301620 2858.4
1301630 2847.4
1301640 2832.8
1301650 2832.8
1301660 2819.8
1301670 2810.6
1301680 2810.6
1301690 2793.7
1301700 2780.7
1301710 2780.7
1301720 2774.6
1301730 2768.2
1301740 2768.2
1301750 2762.3
1301760 2756.7
1301770 2756.7
1301780 2750.9
1301790 2745.4
1301800 2745.4
1301810 2740.5
1301820 2735.7
1301830 2735.7
1301840 2731.1
1301850 2726.6
1301860 2722.1
1301870 2722.1
1301880 2717.6
1301890 2713.0
1301900 2713.0
1301910 2708.4
1301920 2704.0
1301930 2704.0
1301940 2698.9
1301950 2693.3
1301960 2693.3
1301970 2687.8
1301980 2682.6
1301990 2682.6
1302000 2675.1
1302010 2666.3
1302020 2666.3
1302030 2660.0
1302040 2654.6
1302050 2654.6
1302060 2652.7
1302070 2653.8
1302080 2654.6
1302090 2654.6
1302100 2655.8
1302110 2655.6
1302120 2655.6
1302130 2655.0
1302140 2656.1
1302150 2656.1
1302160 2657.7
1302170 2657.5
1302180 2657.5
1302190 2655.8
1302200 2655.6
1302210 2655.6
1302220 2656.4
1302230 2656.9
1302240 2656.9
1302250 2656.9
1302260 2656.0
1302270 2656.0
1302280 2655.4
1302290 2655.5
1302300 2654.7
1302310 2654.7
1302320 2652.6
1302330 2649.6
1302340 2649.6
1302350 2649.0
1302360 2647.4
1302370 2647.4
1302380 2646.1
1302390 2644.1
1302400 2644.1
1302410 2641.8
1302420 2640.1
1302430 2640.1
1302440 2639.2
1302450 2637.6
1302460 2637.6
1302470 2639.1
1302480 2639.9
1302490 2639.9
1302500 2640.1
1302510 2640.0
1302520 2641.8
1302530 2641.8
1302540 2644.1
1302550 2646.1
1302560 2646.1
1302570 2648.0
1302580 2649.4
1302590 2649.4
1302600 2650.0
1302610 2650.3
1302620 2650.3
1302630 2650.8
1302640 2652.8
1302650 2652.8
1302660 2654.7
1302670 2656.1
1302680 2656.1
1302690 2657.6
1302700 2654.7
1302710 2654.7
1302720 2655.4
1302730 2657.4
1302740 2659.9
1302750 2659.9
1302760 2661.8
1302770 2664.0
1302780 2664.0
1302790 2665.9
1302800 2667.6
1302810 2667.6
1302820 2669.9
1302830 2673.1
1302840 2673.1
1302850 2676.4
1302860 2680.3
1302870 2680.3
1302880 2683.8
1302890 2686.8
1302900 2686.8
1302910 2689.5
1302920 2691.3
1302930 2691.3
1302940 2692.6
1302950 2695.0
1302960 2696.7
1302970 2696.7
1302980 2698.0
1302990 2698.7
1303000 2698.7
1303010 2699.1
1303020 2699.5
1303030 2699.5
1303040 2698.7
1303050 2697.1
1303060 2697.1
1303070 2695.8
1303080 2696.7
1303090 2696.7
1303100 2697.9
1303110 2698.5
1303120 2698.5
1303130 2699.4
1303140 2700.7
1303150 2702.0
1303160 2702.0
1303170 2703.1
1303180 2704.4
1303190 2704.4
1303200 2705.2
1303210 2704.9
1303220 2704.9
1303230 2704.5
1303240 2704.0
1303250 2704.0
1303260 2703.8
1303270 2703.6
1303280 2703.6
1303290 2702.6
1303300 2702.6
1303310 2702.6
1303320 2702.2
1303330 2700.7
1303340 2700.7
1303350 2698.0
1303360 2696.2
1303370 2694.6
1303380 2694.6
1303390 2692.4
1303400 2681.7
1303410 2681.7
1303420 2673.9
1303430 2667.2
1303440 2667.2
1303450 2660.8
1303460 2655.3
1303470 2655.3
1303480 2652.3
1303490 2650.4
1303500 2650.4
1303510 2649.2
1303520 2647.9
1303530 2647.9
1303540 2645.4
1303550 2644.0
1303560 2644.0
1303570 2643.8
1303580 2642.1
1303590 2639.7
1303600 2639.7
1303610 2637.8
1303620 2636.8
1303630 2636.8
1303640 2636.4
1303650 2636.3
1303660 2636.3
1303670 2636.2
1303680 2636.2
1303690 2636.2
1303700 2636.2
1303710 2636.2
1303720 2636.2
1303730 2637.1
1303740 2640.3
1303750 2640.3
1303760 2644.1
1303770 2645.8
1303780 2645.8
1303790 2646.0
1303800 2644.4
1303810 2640.2
1303820 2640.2
1303830 2637.0
1303840 2633.6
1303850 2633.6
1303860 2631.8
1303870 2631.0
1303880 2631.0
1303890 2630.1
1303900 2627.9
1303910 2627.9
1303920 2623.5
1303930 2618.4
1303940 2618.4
1303950 2615.2
1303960 2613.1
1303970 2613.1
1303980 2609.9
1303990 2607.1
1304000 2607.1
1304010 2607.4
1304020 2606.1
1304030 2604.0
1304040 2604.0
1304050 2602.1
1304060 2598.5
1304070 2598.5
1304080 2595.3
1304090 2593.3
1304100 2588.5
1304110 2584.5
1304120 2580.6
1304130 2580.6
1304140 2575.4
1304150 2567.0
1304160 2567.0
1304170 2561.5
1304180 2559.6
1304190 2559.6
1304200 2557.4
1304210 2553.9
1304220 2553.9
1304230 2550.8
1304240 2547.6
1304250 2544.5
1304260 2544.5
1304270 2540.8
1304280 2535.2
1304290 2535.2
1304300 2531.0
1304310 2526.9
1304320 2526.9
1304330 2523.0
1304340 2518.5
1304350 2518.5
1304360 2509.1
1304370 2482.2
1304380 2482.2
1304390 2471.0
1304400 2465.5
1304410 2465.5
1304420 2461.1
1304430 2460.3
1304440 2460.3
1304450 2460.1
1304460 2453.5
1304470 2439.4
1304480 2439.4
1304490 2426.2
1304500 2420.0
1304510 2420.0
1304520 2413.5
1304530 2406.8
1304540 2406.8
1304550 2400.0
1304560 2393.6
1304570 2393.6
1304580 2389.2
1304590 2385.4
1304600 2385.4
1304610 2382.1
1304620 2380.1
1304630 2380.1
1304640 2379.9
1304650 2382.1
1304660 2382.1
1304670 2385.6
1304680 2390.0
1304690 2394.1
1304700 2394.1
1304710 2397.2
1304720 2399.9
1304730 2399.9
1304740 2401.6
1304750 2402.5
1304760 2402.5
1304770 2403.9
1304780 2406.5
1304790 2406.5
1304800 2409.5
1304810 2413.1
1304820 2413.1
1304830 2415.4
1304840 2415.7
1304850 2415.7
1304860 2415.6
1304870 2416.0
1304880 2416.0
1304890 2418.9
1304900 2422.2
1304910 2425.5
1304920 2425.5
1304930 2428.9
1304940 2432.7
1304950 2432.7
1304960 2436.0
1304970 2438.8
1304980 2438.8
1304990 2442.2
1305000 2447.2
1305010 2447.2
1305020 2452.1
1305030 2457.0
1305040 2457.0
1305050 2462.2
1305060 2466.7
1305070 2466.7
1305080 2469.7
1305090 2472.2
1305100 2472.2
1305110 2475.1
1305120 2478.1
1305130 2480.8
1305140 2480.8
1305150 2482.8
1305160 2486.1
1305170 2486.1
1305180 2490.0
1305190 2495.0
1305200 2495.0
1305210 2500.1
1305220 2504.7
1305230 2504.7
1305240 2508.7
1305250 2511.5
1305260 2511.5
1305270 2514.1
1305280 2515.9
1305290 2515.9
1305300 2520.1
1305310 2526.9
1305320 2526.9
1305330 2535.3
1305340 2544.6
1305350 2554.6
1305360 2554.6
1305370 2560.0
1305380 2561.3
1305390 2561.3
1305400 2563.5
1305410 2556.5
1305420 2556.5
1305430 2542.3
1305440 2531.2
1305450 2531.2
1305460 2525.0
1305470 2519.2
1305480 2519.2
1305490 2513.7
1305500 2508.9
1305510 2503.7
1305520 2499.3
1305530 2495.8
1305540 2495.8
1305550 2493.9
1305560 2492.1
1305570 2490.1
1305580 2490.1
1305590 2488.9
1305600 2487.8
1305610 2487.8
1305620 2485.9
1305630 2483.8
1305640 2483.8
1305650 2482.2
1305660 2481.8
1305670 2481.8
1305680 2481.9
1305690 2481.6
1305700 2481.6
1305710 2480.9
1305720 2480.5
1305730 2480.5
1305740 2480.6
1305750 2479.0
1305760 2479.0
1305770 2478.9
1305780 2480.1
1305790 2479.6
1305800 2479.6
1305810 2477.1
1305820 2474.5
1305830 2474.5
1305840 2473.0
1305850 2471.7
1305860 2471.7
1305870 2469.6
1305880 2466.0
1305890 2466.0
1305900 2461.8
1305910 2459.0
1305920 2459.0
1305930 2455.4
1305940 2453.0
1305950 2453.0
1305960 2449.9
1305970 2447.0
1305980 2447.0
1305990 2444.0
1306000 2438.2
1306010 2428.0
1306020 2428.0
1306030 2416.9
1306040 2406.5
1306050 2406.5
1306060 2395.6
1306070 2387.7
1306080 2387.7
1306090 2378.9
1306100 2369.9
1306110 2369.9
1306120 2362.2
1306130 2354.4
1306140 2354.4
1306150 2345.6
1306160 2336.8
1306170 2336.8
1306180 2328.0
1306190 2319.0
1306200 2319.0
1306210 2309.3
1306220 2303.9
1306230 2292.9
1306240 2292.9
1306250 2284.1
1306260 2275.6
1306270 2275.6
1306280 2265.1
1306290 2254.2
1306300 2254.2
1306310 2244.8
1306320 2236.5
1306330 2236.5
1306340 2227.6
1306350 2218.0
1306360 2218.0
1306370 2209.0
1306380 2203.2
1306390 2203.2
1306400 2195.3
1306410 2186.4
1306420 2186.4
1306430 2178.6
1306440 2172.2
1306450 2166.8
1306460 2166.8
1306470 2161.5
1306480 2156.5
1306490 2156.5
1306500 2153.0
1306510 2149.1
1306520 2149.1
1306530 2144.0
1306540 2139.1
1306550 2139.1
1306560 2132.2
1306570 2122.1
1306580 2122.1
1306590 2115.8
1306600 2114.4
1306610 2114.4
1306620 2112.0
1306630 2103.0
1306640 2097.6
1306650 2097.6
1306660 2094.9
1306670 2095.1
1306680 2095.1
1306690 2090.1
1306700 2084.5
1306710 2084.5
1306720 2080.3
1306730 2082.3
1306740 2082.3
1306750 2084.9
1306760 2085.3
1306770 2085.3
1306780 2083.3
1306790 2079.6
1306800 2079.6
1306810 2075.6
1306820 2071.0
1306830 2071.0
1306840 2066.3
1306850 2060.9
1306860 2052.4
1306870 2052.4
1306880 2042.2
1306890 2035.2
1306900 2035.2
1306910 2031.1
1306920 2027.3
1306930 2020.0
1306940 2018.3
1306950 2017.1
1306960 2017.1
1306970 2016.5
1306980 2015.9
1306990 2015.9
1307000 2013.8
1307010 2011.8
1307020 2011.8
1307030 2011.6
1307040 2010.1
1307050 2010.1
1307060 2005.5
1307070 1999.2
1307080 1993.4
1307090 1993.4
1307100 1990.7
1307110 1985.0
1307120 1985.0
1307130 1978.0
1307140 1971.0
1307150 1971.0
1307160 1964.1
1307170 1957.6
1307180 1957.6
1307190 1950.2
1307200 1942.1
1307210 1942.1
1307220 1934.0
1307230 1927.6
1307240 1927.6
1307250 1921.9
1307260 1916.4
1307270 1916.4
1307280 1910.2
1307290 1903.5
1307300 1896.5
1307310 1896.5
1307320 1890.1
1307330 1883.5
1307340 1883.5
1307350 1878.5
1307360 1872.3
1307370 1872.3
1307380 1865.3
1307390 1855.9
1307400 1855.9
1307410 1847.3
1307420 1839.0
1307430 1839.0
1307440 1830.9
1307450 1823.5
1307460 1823.5
1307470 1817.5
1307480 1809.9
1307490 1809.9
1307500 1802.7
1307510 1795.7
1307520 1787.7
1307530 1787.7
1307540 1779.6
1307550 1771.9
1307560 1771.9
1307570 1764.8
1307580 1760.9
1307590 1760.9
1307600 1759.4
1307610 1760.4
1307620 1760.4
1307630 1762.2
1307640 1764.1
1307650 1745.9
1307660 1748.0
1307670 1743.5
1307680 1743.5
1307690 1716.4
1307700 1686.8
1307710 1686.8
1307720 1660.4
1307730 1648.3
1307740 1632.4
1307750 1632.4
1307760 1606.5
1307770 1588.2
1307780 1588.2
1307790 1539.7
1307800 1474.5
1307810 1474.5
1307820 1455.2
1307830 1447.2
1307840 1447.2
1307850 1440.1
1307860 1433.3
1307870 1433.3
1307880 1427.0
1307890 1420.2
1307900 1420.2
1307910 1414.2
1307920 1407.9
1307930 1407.9
1307940 1401.9
1307950 1396.0
1307960 1389.1
1307970 1389.1
1307980 1380.0
1307990 1373.7
1308000 1373.7
1308010 1367.9
1308020 1360.9
1308030 1360.9
1308040 1353.8
1308050 1346.1
1308060 1346.1
1308070 1339.3
1308080 1332.6
1308090 1332.6
1308100 1325.8
1308110 1317.8
1308120 1317.8
1308130 1310.5
1308140 1303.2
1308150 1303.2
1308160 1296.4
1308170 1289.4
1308180 1282.6
1308190 1282.6
1308200 1275.7
1308210 1269.1
1308220 1269.1
1308230 1262.6
1308240 1256.6
1308250 1256.6
1308260 1250.7
1308270 1244.1
1308280 1244.1
1308290 1237.1
1308300 1231.2
1308310 1231.2
1308320 1225.3
1308330 1219.2
1308340 1219.2
1308350 1213.0
1308360 1207.4
1308370 1209.4
1308380 1205.0
1308390 1200.7
1308400 1196.8
1308410 1196.8
1308420 1193.2
1308430 1189.8
1308440 1189.8
1308450 1186.3
1308460 1180.7
1308470 1180.7
1308480 1176.8
1308490 1177.6
1308500 1177.6
1308510 1180.8
1308520 1180.6
1308530 1180.6
1308540 1175.0
1308550 1173.8
1308560 1173.8
1308570 1174.1
1308580 1174.2
1308590 1174.2
1308600 1173.4
1308610 1172.2
1308620 1171.8
1308630 1171.8
1308640 1171.8
1308650 1171.4
1308660 1171.4
1308670 1170.3
1308680 1169.7
1308690 1169.7
1308700 1170.1
1308710 1170.5
1308720 1170.5
1308730 1168.6
1308740 1166.9
1308750 1166.9
1308760 1165.6
1308770 1165.9
1308780 1165.9
1308790 1169.3
1308800 1177.3
1308810 1177.3
1308820 1186.1
1308830 1195.2
1308840 1201.6
1308850 1201.6
1308860 1205.5
1308870 1209.7
1308880 1209.7
1308890 1214.1
1308900 1218.7
1308910 1218.7
1308920 1223.5
1308930 1228.5
1308940 1228.5
1308950 1233.5
1308960 1238.6
1308970 1238.6
1308980 1243.6
1308990 1248.3
1309000 1248.3
1309010 1252.7
1309020 1257.6
1309030 1257.6
1309040 1264.7
1309050 1273.9
1309060 1283.4
1309070 1283.4
1309080 1291.3
1309090 1306.3
1309100 1306.3
1309110 1314.5
1309120 1328.5
1309130 1328.5
1309140 1336.7
1309150 1341.4
1309160 1341.4
1309170 1344.8
1309180 1347.7
1309190 1347.7
1309200 1353.0
1309210 1360.9
1309220 1360.9
1309230 1368.6
1309240 1374.3
1309250 1374.3
1309260 1381.0
1309270 1388.1
1309280 1395.6
1309290 1395.6
1309300 1402.5
1309310 1407.8
1309320 1407.8
1309330 1414.8
1309340 1422.0
1309350 1422.0
1309360 1428.7
1309370 1437.0
1309380 1437.0
1309390 1443.4
1309400 1449.1
1309410 1449.1
1309420 1454.6
1309430 1459.5
1309440 1459.5
1309450 1463.7
1309460 1469.4
1309470 1469.4
1309480 1476.2
1309490 1483.4
1309500 1492.2
1309510 1492.2
1309520 1503.2
1309530 1507.5
1309540 1507.5
1309550 1512.0
1309560 1518.5
1309570 1518.5
1309580 1526.5
1309590 1534.8
1309600 1534.8
1309610 1539.9
1309620 1541.8
1309630 1541.8
1309640 1542.1
1309650 1544.3
1309660 1544.3
1309670 1544.9
1309680 1548.5
1309690 1548.5
1309700 1553.5
1309710 1554.7
1309720 1559.8
1309730 1559.8
1309740 1567.4
1309750 1566.1
1309760 1566.1
1309770 1553.7
1309780 1547.5
1309790 1547.5
1309800 1550.0
1309810 1574.3
1309820 1574.3
1309830 1581.1
1309840 1590.3
1309850 1590.3
1309860 1596.4
1309870 1599.3
1309880 1599.3
1309890 1598.5
1309900 1596.9
1309910 1596.9
1309920 1601.2
1309930 1612.2
1309940 1627.9
1309950 1627.9
1309960 1640.0
1309970 1649.5
1309980 1649.5
1309990 1657.8
1310000 1665.7
1310010 1665.7
1310020 1673.9
1310030 1681.9
1310040 1681.9
1310050 1688.6
1310060 1694.1
1310070 1694.1
1310080 1700.1
1310090 1707.1
1310100 1707.1
1310110 1714.5
1310120 1723.3
1310130 1731.6
1310140 1731.6
1310150 1735.3
1310160 1734.9
1310170 1734.9
1310180 1732.2
1310190 1730.8
1310200 1730.8
1310210 1732.1
1310220 1736.1
1310230 1736.1
1310240 1739.3
1310250 1740.9
1310260 1740.9
1310270 1740.4
1310280 1738.0
1310290 1738.0
1310300 1737.0
1310310 1739.6
1310320 1739.6
1310330 1742.9
1310340 1742.8
1310350 1742.7
1310360 1742.7
1310370 1746.4
1310380 1749.9
1310390 1749.9
1310400 1750.9
1310410 1751.8
1310420 1751.8
1310430 1750.5
1310440 1747.7
1310450 1747.7
1310460 1744.5
1310470 1742.6
1310480 1742.6
1310490 1743.0
1310500 1744.8
1310510 1744.8
1310520 1748.3
1310530 1755.1
1310540 1764.6
1310550 1773.3
1310560 1777.6
1310570 1782.6
1310580 1782.6
1310590 1788.2
1310600 1793.5
1310610 1793.5
1310620 1797.6
1310630 1804.0
1310640 1804.0
1310650 1811.0
1310660 1817.7
1310670 1817.7
1310680 1824.5
1310690 1831.6
1310700 1831.6
1310710 1838.7
1310720 1845.6
1310730 1845.6
1310740 1854.3
1310750 1867.9
1310760 1867.9
1310770 1873.1
1310780 1881.4
1310790 1893.9
1310800 1893.9
1310810 1902.1
1310820 1908.3
1310830 1908.3
1310840 1914.9
1310850 1923.8
1310860 1923.8
1310870 1932.8
1310880 1941.8
1310890 1941.8
1310900 1952.0
1310910 1964.5
1310920 1964.5
1310930 1978.0
1310940 1988.1
1310950 1988.1
1310960 2003.3
1310970 2017.8
1310980 2017.8
1310990 2026.5
1311000 2034.5
1311010 2040.7
1311020 2040.7
1311030 2044.4
1311040 2050.6
1311050 2050.6
1311060 2056.5
1311070 2063.2
1311080 2063.2
1311090 2069.2
1311100 2074.4
1311110 2074.4
1311120 2081.6
1311130 2087.4
1311140 2087.4
1311150 2093.0
1311160 2099.4
1311170 2099.4
1311180 2102.4
1311190 2099.5
1311200 2099.5
1311210 2091.0
1311220 2081.6
1311230 2066.4
1311240 2066.4
1311250 2052.6
1311260 2045.6
1311270 2050.9
1311280 2046.7
1311290 2043.4
1311300 2043.4
1311310 2043.4
1311320 2046.7
1311330 2046.7
1311340 2048.7
1311350 2049.4
1311360 2049.4
1311370 2047.8
1311380 2046.0
1311390 2046.0
1311400 2045.0
1311410 2047.6
1311420 2047.6
1311430 2048.5
1311440 2046.4
1311450 2044.6
1311460 2044.6
1311470 2042.4
1311480 2040.3
1311490 2040.3
1311500 2038.8
1311510 2037.8
1311520 2037.8
1311530 2036.8
1311540 2033.9
1311550 2033.9
1311560 2030.2
1311570 2027.5
1311580 2027.5
1311590 2023.5
1311600 2019.6
1311610 2019.6
1311620 2017.1
1311630 2016.2
1311640 2016.2
1311650 2015.8
1311660 2014.3
1311670 2012.7
1311680 2012.7
1311690 2011.7
1311700 2010.6
1311710 2010.6
1311720 2009.3
1311730 2008.4
1311740 2008.4
1311750 2007.0
1311760 2005.4
1311770 2005.4
1311780 2003.0
1311790 2000.5
1311800 2000.5
1311810 1998.5
1311820 1995.6
1311830 1995.6
1311840 1993.6
1311850 1992.9
1311860 1992.9
1311870 1991.3
1311880 1988.7
1311890 1986.4
1311900 1986.4
1311910 1985.4
1311920 1985.1
1311930 1985.1
1311940 1985.8
1311950 1988.3
1311960 1988.3
1311970 1991.7
1311980 1995.3
1311990 1995.3
1312000 2002.7
1312010 2005.7
1312020 2005.7
1312030 2010.2
1312040 2015.3
1312050 2015.3
1312060 2019.1
1312070 2023.3
1312080 2023.3
1312090 2027.6
1312100 2031.3
1312110 2034.3
1312120 2034.3
1312130 2037.0
1312140 2039.2
1312150 2039.2
1312160 2043.9
1312170 2045.7
1312180 2045.7
1312190 2049.9
1312200 2055.0
1312210 2055.0
1312220 2061.8
1312230 2068.7
1312240 2068.7
1312250 2075.4
1312260 2080.3
1312270 2080.3
1312280 2084.8
1312290 2087.2
1312300 2087.2
1312310 2089.3
1312320 2091.7
1312330 2094.2
1312340 2094.2
1312350 2096.7
1312360 2098.9
1312370 2098.9
1312380 2100.4
1312390 2102.6
1312400 2102.6
1312410 2105.9
1312420 2110.3
1312430 2110.3
1312440 2115.5
1312450 2121.6
1312460 2121.6
1312470 2128.5
1312480 2135.1
1312490 2135.1
1312500 2142.6
1312510 2150.8
1312520 2150.8
1312530 2159.0
1312540 2167.8
1312550 2180.6
1312560 2180.6
1312570 2197.4
1312580 2215.2
1312590 2215.2
1312600 2231.6
1312610 2244.5
1312620 2244.5
1312630 2257.4
1312640 2274.4
1312650 2274.4
1312660 2288.8
1312670 2296.1
1312680 2296.1
1312690 2304.7
1312700 2307.3
1312710 2307.3
1312720 2300.9
1312730 2293.5
1312740 2303.7
1312750 2300.0
1312760 2297.9
1312770 2288.8
1312780 2288.8
1312790 2270.3
1312800 2258.0
1312810 2258.0
1312820 2249.4
1312830 2242.0
1312840 2242.0
1312850 2236.2
1312860 2227.9
1312870 2227.9
1312880 2218.6
1312890 2210.1
1312900 2210.1
1312910 2204.5
1312920 2202.1
1312930 2202.1
1312940 2195.6
1312950 2187.5
1312960 2187.5
1312970 2178.2
1312980 2168.8
1312990 2160.1
1313000 2160.1
1313010 2155.0
1313020 2146.9
1313030 2146.9
1313040 2130.0
1313050 2117.3
1313060 2117.3
1313070 2113.1
1313080 2106.6
1313090 2106.6
1313100 2099.8
1313110 2095.0
1313120 2095.0
1313130 2090.5
1313140 2084.8
1313150 2084.8
1313160 2079.2
1313170 2074.7
1313180 2074.7
1313190 2070.6
1313200 2068.1
1313210 2068.5
1313220 2068.5
1313230 2065.4
1313240 2062.6
1313250 2062.6
1313260 2061.9
1313270 2057.4
1313280 2057.4
1313290 2049.2
1313300 2039.4
1313310 2039.4
1313320 2030.3
1313330 2021.5
1313340 2021.5
1313350 2013.8
1313360 2006.0
1313370 2006.0
1313380 1996.4
1313390 1986.9
1313400 1978.3
1313410 1978.3
1313420 1972.7
1313430 1966.6
1313440 1966.6
1313450 1957.9
1313460 1949.6
1313470 1949.6
1313480 1938.2
1313490 1928.7
1313500 1928.7
1313510 1917.1
1313520 1898.6
1313530 1898.6
1313540 1887.6
1313550 1884.0
1313560 1884.0
1313570 1884.4
1313580 1881.8
1313590 1881.8
1313600 1879.9
1313610 1877.2
1313620 1869.3
1313630 1869.3
1313640 1860.4
1313650 1849.3
1313660 1849.3
1313670 1835.7
1313680 1829.1
1313690 1829.1
1313700 1828.0
1313710 1824.9
1313720 1824.9
1313730 1822.1
1313740 1818.1
1313750 1818.1
1313760 1808.6
1313770 1796.7
1313780 1796.7
1313790 1780.7
1313800 1769.9
1313810 1769.9
1313820 1766.9
1313830 1773.3
1313840 1781.8
1313850 1781.8
1313860 1785.2
1313870 1777.2
1313880 1777.2
1313890 1769.8
1313900 1765.0
1313910 1765.0
1313920 1760.6
1313930 1754.6
1313940 1754.6
1313950 1742.8
1313960 1714.2
1313970 1714.2
1313980 1697.5
1313990 1683.6
1314000 1683.6
1314010 1669.4
1314020 1663.9
1314030 1663.9
1314040 1658.3
1314050 1651.6
1314060 1643.9
1314070 1643.9
1314080 1637.9
1314090 1632.2
1314100 1632.2
1314110 1627.3
1314120 1620.8
1314130 1620.8
1314140 1614.4
1314150 1608.8
1314160 1608.8
1314170 1602.7
1314180 1597.0
1314190 1597.0
1314200 1591.8
1314210 1587.1
1314220 1589.6
1314230 1584.3
1314240 1579.6
1314250 1579.6
1314260 1576.1
1314270 1573.8
1314280 1573.7
1314290 1573.7
1314300 1574.3
1314310 1575.7
1314320 1575.7
1314330 1577.1
1314340 1577.9
1314350 1577.9
1314360 1578.0
1314370 1578.7
1314380 1578.7
1314390 1580.1
1314400 1581.6
1314410 1581.6
1314420 1582.8
1314430 1583.8
1314440 1583.8
1314450 1585.1
1314460 1587.0
1314470 1587.0
1314480 1589.1
1314490 1591.5
1314500 1593.8
1314510 1593.8
1314520 1596.4
1314530 1599.7
1314540 1599.7
1314550 1603.2
1314560 1607.6
1314570 1607.6
1314580 1612.4
1314590 1617.2
1314600 1617.2
1314610 1621.7
1314620 1625.2
1314630 1625.2
1314640 1629.0
1314650 1638.8
1314660 1638.8
1314670 1657.3
1314680 1675.8
1314690 1675.8
1314700 1687.0
1314710 1698.7
1314720 1712.4
1314730 1712.4
1314740 1725.8
1314750 1742.1
1314760 1742.1
1314770 1758.6
1314780 1771.4
1314790 1771.4
1314800 1786.8
1314810 1800.5
1314820 1800.5
1314830 1810.0
1314840 1816.6
1314850 1816.6
1314860 1822.0
1314870 1827.8
1314880 1827.8
1314890 1834.4
1314900 1842.7
1314910 1842.7
1314920 1850.1
1314930 1856.8
1314940 1863.3
1314950 1863.3
1314960 1870.4
1314970 1877.9
1314980 1877.9
1314990 1883.3
1315000 1886.9
1315010 1886.9
1315020 1890.2
1315030 1890.8
1315040 1890.8
1315050 1885.2
1315060 1880.0
1315070 1880.0
1315080 1878.2
1315090 1881.1
1315100 1881.1
1315110 1886.2
1315120 1894.7
1315130 1894.7
1315140 1902.9
1315150 1909.8
1315160 1918.2
1315170 1918.2
1315180 1928.4
1315190 1939.3
1315200 1939.3
1315210 1946.8
1315220 1952.9
1315230 1952.9
1315240 1964.2
1315250 1976.4
1315260 1976.4
1315270 1987.1
1315280 1999.0
1315290 1999.0
1315300 2010.2
1315310 2019.3
1315320 2019.3
1315330 2028.3
1315340 2036.8
1315350 2036.8
1315360 2045.6
1315370 2053.9
1315380 2060.5
1315390 2060.5
1315400 2066.9
1315410 2073.0
1315420 2073.0
1315430 2078.2
1315440 2083.5
1315450 2083.5
1315460 2089.2
1315470 2095.1
1315480 2095.1
1315490 2101.0
1315500 2107.2
1315510 2107.2
1315520 2113.1
1315530 2118.5
1315540 2118.5
1315550 2123.0
1315560 2127.1
1315570 2127.1
1315580 2131.5
1315590 2136.1
1315600 2141.2
1315610 2141.2
1315620 2145.7
1315630 2150.3
1315640 2150.3
1315650 2154.8
1315660 2157.7
1315670 2157.7
1315680 2158.9
1315690 2159.9
1315700 2159.9
1315710 2163.6
1315720 2162.0
1315730 2162.0
1315740 2168.1
1315750 2174.7
1315760 2174.7
1315770 2181.4
1315780 2187.1
1315790 2187.1
1315800 2192.5
1315810 2197.8
1315820 2203.6
1315830 2203.6
1315840 2209.9
1315850 2216.6
1315860 2216.6
1315870 2223.1
1315880 2229.3
1315890 2229.3
1315900 2235.5
1315910 2242.5
1315920 2242.5
1315930 2249.8
1315940 2257.6
1315950 2257.6
1315960 2267.3
1315970 2274.7
1315980 2274.7
1315990 2280.8
1316000 2289.5
1316010 2289.5
1316020 2301.4
1316030 2311.0
1316040 2319.8
1316050 2319.8
1316060 2327.5
1316070 2334.5
1316080 2334.5
1316090 2341.5
1316100 2349.0
1316110 2349.0
1316120 2356.5
1316130 2364.1
1316140 2364.1
1316150 2371.6
1316160 2379.0
1316170 2379.0
1316180 2387.0
1316190 2396.0
1316200 2396.0
1316210 2404.1
1316220 2411.9
1316230 2411.9
1316240 2419.7
1316250 2427.5
1316260 2436.0
1316270 2436.0
1316280 2444.4
1316290 2453.0
1316300 2453.0
1316310 2462.3
1316320 2470.7
1316330 2470.7
1316340 2478.4
1316350 2486.8
1316360 2486.8
1316370 2494.5
1316380 2502.3
1316390 2502.3
1316400 2509.8
1316410 2518.6
1316420 2518.6
1316430 2527.3
1316440 2535.9
1316450 2535.9
1316460 2545.1
1316470 2555.8
1316480 2565.2
1316490 2565.2
1316500 2574.3
1316510 2583.5
1316520 2583.5
1316530 2592.8
1316540 2604.2
1316550 2604.2
1316560 2617.1
1316570 2620.8
1316580 2620.8
1316590 2602.2
1316600 2589.1
1316610 2589.1
1316620 2578.7
1316630 2569.6
1316640 2569.6
1316650 2560.2
1316660 2550.1
1316670 2543.0
1316680 2543.0
1316690 2536.8
1316700 2529.5
1316710 2529.5
1316720 2521.3
1316730 2514.3
1316740 2514.3
1316750 2504.8
1316760 2496.0
1316770 2496.0
1316780 2488.5
1316790 2481.7
1316800 2481.7
1316810 2478.3
1316820 2472.4
1316830 2472.4
1316840 2464.9
1316850 2455.4
1316860 2455.4
1316870 2445.8
1316880 2435.6
1316890 2427.4
1316900 2427.4
1316910 2423.1
1316920 2414.2
1316930 2414.2
1316940 2406.6
1316950 2395.5
1316960 2395.5
1316970 2379.9
1316980 2367.1
1316990 2367.1
1317000 2357.0
1317010 2349.0
1317020 2349.0
1317030 2342.6
1317040 2331.0
1317050 2331.0
1317060 2317.6
1317070 2302.7
1317080 2302.7
1317090 2303.4
1317100 2312.9
1317110 2320.1
1317120 2320.1
1317130 2317.2
1317140 2310.1
1317150 2310.1
1317160 2300.9
1317170 2294.0
1317180 2294.0
1317190 2286.8
1317200 2278.9
1317210 2278.9
1317220 2268.2
1317230 2268.5
1317240 2268.5
1317250 2252.8
1317260 2238.1
1317270 2238.1
1317280 2226.2
1317290 2215.8
1317300 2215.8
1317310 2206.5
1317320 2200.4
1317330 2196.1
1317340 2196.1
1317350 2189.5
1317360 2184.5
1317370 2184.5
1317380 2179.9
1317390 2175.6
1317400 2175.6
1317410 2174.2
1317420 2170.9
1317430 2170.9
1317440 2167.8
1317450 2165.6
1317460 2165.6
1317470 2163.7
1317480 2155.8
1317490 2155.8
1317500 2146.5
1317510 2144.0
1317520 2144.0
1317530 2146.2
1317540 2144.7
1317550 2138.7
1317560 2138.7
1317570 2134.5
1317580 2128.5
1317590 2128.5
1317600 2116.5
1317610 2108.3
1317620 2108.3
1317630 2104.3
1317640 2100.4
1317650 2100.4
1317660 2096.1
1317670 2092.2
1317680 2092.2
1317690 2088.3
1317700 2083.7
1317710 2083.7
1317720 2077.8
1317730 2070.6
1317740 2070.6
1317750 2064.0
1317760 2058.2
1317770 2052.9
1317780 2052.9
1317790 2047.5
1317800 2042.5
1317810 2042.5
1317820 2037.4
1317830 2032.2
1317840 2032.2
1317850 2027.1
1317860 2022.7
1317870 2022.7
1317880 2017.1
1317890 2010.8
1317900 2010.8
1317910 2003.8
1317920 1996.9
1317930 1996.9
1317940 1992.1
1317950 1988.3
1317960 1988.3
1317970 1981.2
1317980 1970.1
1317990 1960.3
1318000 1960.3
1318010 1949.4
1318020 1937.0
1318030 1937.0
1318040 1923.5
1318050 1911.2
1318060 1911.2
1318070 1899.0
1318080 1883.2
1318090 1883.2
1318100 1869.0
1318110 1866.1
1318120 1866.1
1318130 1863.1
1318140 1852.7
1318150 1852.7
1318160 1842.4
1318170 1830.7
1318180 1830.7
1318190 1801.2
1318200 1781.1
1318210 1772.3
1318220 1772.3
1318230 1769.3
1318240 1777.8
1318250 1777.8
1318260 1789.2
1318270 1794.2
1318280 1794.2
1318290 1789.6
1318300 1788.0
1318310 1788.0
1318320 1789.6
1318330 1796.8
1318340 1796.8
1318350 1804.4
1318360 1810.5
1318370 1810.5
1318380 1816.7
1318390 1817.6
1318400 1817.6
1318410 1815.1
1318420 1818.3
1318430 1820.5
1318440 1820.5
1318450 1819.3
1318460 1818.4
1318470 1818.4
1318480 1815.2
1318490 1812.1
1318500 1812.1
1318510 1809.2
1318520 1805.4
1318530 1805.4
1318540 1795.9
1318550 1780.3
1318560 1780.3
1318570 1764.7
1318580 1751.8
1318590 1751.8
1318600 1750.4
1318610 1757.2
1318620 1757.2
1318630 1751.0
1318640 1742.3
1318650 1734.4
1318660 1734.4
1318670 1728.9
1318680 1721.8
1318690 1721.8
1318700 1716.4
1318710 1704.8
1318720 1704.8
1318730 1662.6
1318740 1613.6
1318750 1662.8
1318760 1630.5
1318770 1611.1
1318780 1611.1
1318790 1595.8
1318800 1582.0
1318810 1582.0
1318820 1562.5
1318830 1542.2
1318840 1542.2
1318850 1523.7
1318860 1512.3
1318870 1509.9
1318880 1509.9
1318890 1508.4
1318900 1499.6
1318910 1499.6
1318920 1485.3
1318930 1469.5
1318940 1469.5
1318950 1461.2
1318960 1454.5
1318970 1454.5
1318980 1448.1
1318990 1441.2
1319000 1441.2
1319010 1434.7
1319020 1428.3
1319030 1428.3
1319040 1423.0
1319050 1419.6
1319060 1419.6
1319070 1417.6
1319080 1414.7
1319090 1411.2
1319100 1411.2
1319110 1407.9
1319120 1405.0
1319130 1405.0
1319140 1401.8
1319150 1398.4
1319160 1398.4
1319170 1395.3
1319180 1391.9
1319190 1391.9
1319200 1391.0
1319210 1391.0
1319220 1391.0
1319230 1390.7
1319240 1391.5
1319250 1391.5
1319260 1391.9
1319270 1392.6
1319280 1392.6
1319290 1393.3
1319300 1393.8
1319310 1394.0
1319320 1394.0
1319330 1393.7
1319340 1394.5
1319350 1394.5
1319360 1395.1
1319370 1395.5
1319380 1395.5
1319390 1395.9
1319400 1396.0
1319410 1396.0
1319420 1396.3
1319430 1396.2
1319440 1396.2
1319450 1395.9
1319460 1396.2
1319470 1396.2
1319480 1396.3
1319490 1396.0
1319500 1396.0
1319510 1395.4
1319520 1396.1
1319530 1396.7
1319540 1396.7
1319550 1397.2
1319560 1397.2
1319570 1397.2
1319580 1397.0
1319590 1396.8
1319600 1396.8
1319610 1397.0
1319620 1397.2
1319630 1397.2
1319640 1397.3
1319650 1397.5
1319660 1397.5
1319670 1397.3
1319680 1397.9
1319690 1397.9
1319700 1401.5
1319710 1407.5
1319720 1407.5
1319730 1415.0
1319740 1422.1
1319750 1430.1
1319760 1430.1
1319770 1438.6
1319780 1449.7
1319790 1449.7
1319800 1460.3
1319810 1470.7
1319820 1470.7
1319830 1479.6
1319840 1488.6
1319850 1488.6
1319860 1498.1
1319870 1510.8
1319880 1510.8
1319890 1535.8
1319900 1558.9
1319910 1558.9
1319920 1574.9
1319930 1592.3
1319940 1618.1
1319950 1618.1
1319960 1638.2
1319970 1651.6
1319980 1651.6
1319990 1664.5
