1300000 2594.9
1300010 2598.9
1300020 2598.9
1300030 2601.3
1300040 2603.1
1300050 2603.1
1300060 2603.1
1300070 2604.5
1300080 2606.1
1300090 2606.1
1300100 2606.4
1300110 2607.3
1300120 2607.3
1300130 2607.7
1300140 2606.3
1300150 2606.3
1300160 2603.7
1300170 2600.5
1300180 2600.5
1300190 2595.8
1300200 2593.2
1300210 2593.2
1300220 2592.6
1300230 2593.9
1300240 2593.9
1300250 2592.5
1300260 2589.6
1300270 2587.9
1300280 2587.9
1300290 2588.8
1300300 2588.7
1300310 2588.7
1300320 2589.1
1300330 2591.7
1300340 2591.7
1300350 2590.8
1300360 2589.9
1300370 2589.9
1300380 2591.4
1300390 2596.2
1300400 2596.2
1300410 2602.7
1300420 2608.4
1300430 2608.4
1300440 2611.5
1300450 2609.9
1300460 2609.9
1300470 2609.2
1300480 2612.4
1300490 2615.6
1300500 2615.6
1300510 2616.2
1300520 2619.0
1300530 2619.0
1300540 2623.0
1300550 2627.4
1300560 2627.4
1300570 2632.7
1300580 2636.9
1300590 2636.9
1300600 2640.9
1300610 2645.0
1300620 2645.0
1300630 2649.6
1300640 2653.1
1300650 2653.1
1300660 2656.9
1300670 2660.2
1300680 2660.2
1300690 2663.8
1300700 2667.9
1300710 2672.8
1300720 2672.8
1300730 2679.7
1300740 2685.3
1300750 2685.3
1300760 2689.5
1300770 2693.8
1300780 2693.8
1300790 2697.4
1300800 2700.6
1300810 2700.6
1300820 2704.0
1300830 2706.8
1300840 2706.8
1300850 2709.0
1300860 2711.5
1300870 2711.5
1300880 2714.1
1300890 2716.6
1300900 2716.6
1300910 2719.7
1300920 2723.1
1300930 2726.6
1300940 2726.6
1300950 2730.2
1300960 2733.9
1300970 2733.9
1300980 2738.3
1300990 2741.7
1301000 2741.7
1301010 2743.2
1301020 2744.7
1301030 2744.7
1301040 2747.9
1301050 2753.5
1301060 2753.5
1301070 2759.8
1301080 2765.1
1301090 2765.1
1301100 2771.2
1301110 2777.6
1301120 2777.6
1301130 2783.3
1301140 2788.0
1301150 2791.8
1301160 2791.8
1301170 2795.2
1301180 2798.9
1301190 2798.9
1301200 2802.2
1301210 2805.3
1301220 2805.3
1301230 2808.1
1301240 2810.4
1301250 2810.4
1301260 2812.7
1301270 2814.9
1301280 2814.9
1301290 2817.3
1301300 2819.8
1301310 2819.8
1301320 2822.0
1301330 2824.8
1301340 2824.8
1301350 2826.0
1301360 2827.7
1301370 2829.3
1301380 2829.3
1301390 2830.4
1301400 2830.6
1301410 2830.6
1301420 2831.0
1301430 2832.6
1301440 2832.6
1301450 2837.0
1301460 2841.1
1301470 2841.1
1301480 2844.5
1301490 2848.6
1301500 2848.6
1301510 2853.6
1301520 2858.9
1301530 2858.9
1301540 2863.2
1301550 2867.1
1301560 2867.1
1301570 2871.3
1301580 2876.8
1301590 2883.0
1301600 2883.0
1301610 2889.4
1301620 2895.7
1301630 2895.7
1301640 2902.4
1301650 2909.3
1301660 2909.3
1301670 2916.5
1301680 2920.3
1301690 2920.3
1301700 2914.6
1301710 2908.3
1301720 2908.3
1301730 2904.5
1301740 2898.3
1301750 2898.3
1301760 2893.0
1301770 2889.9
1301780 2889.9
1301790 2883.0
1301800 2878.0
1301810 2874.3
1301820 2874.3
1301830 2869.7
1301840 2863.3
1301850 2863.3
1301860 2852.4
1301870 2843.9
1301880 2843.9
1301890 2834.8
1301900 2807.5
1301910 2807.5
1301920 2786.2
1301930 2769.8
1301940 2769.8
1301950 2751.8
1301960 2743.4
1301970 2743.4
1301980 2737.2
1301990 2730.8
1302000 2730.8
1302010 2725.1
1302020 2723.1
1302030 2717.6
1302040 2717.6
1302050 2716.8
1302060 2716.9
1302070 2716.9
1302080 2717.1
1302090 2716.9
1302100 2716.9
1302110 2715.9
1302120 2714.3
1302130 2714.3
1302140 2712.6
1302150 2710.0
1302160 2710.0
1302170 2711.2
1302180 2713.3
1302190 2713.3
1302200 2714.8
1302210 2714.1
1302220 2714.1
1302230 2713.0
1302240 2712.6
1302250 2712.0
1302260 2712.0
1302270 2710.1
1302280 2707.7
1302290 2707.7
1302300 2704.7
1302310 2703.8
1302320 2703.8
1302330 2704.7
1302340 2705.4
1302350 2705.4
1302360 2705.8
1302370 2707.6
1302380 2707.6
1302390 2709.8
1302400 2710.2
1302410 2710.2
1302420 2709.6
1302430 2711.5
1302440 2711.5
1302450 2715.0
1302460 2718.1
1302470 2717.9
1302480 2717.9
1302490 2716.7
1302500 2721.4
1302510 2721.4
1302520 2726.8
1302530 2727.0
1302540 2727.0
1302550 2728.0
1302560 2729.9
1302570 2729.9
1302580 2730.9
1302590 2732.4
1302600 2732.4
1302610 2736.5
1302620 2741.5
1302630 2741.5
1302640 2745.0
1302650 2747.1
1302660 2747.1
1302670 2749.2
1302680 2751.5
1302690 2754.3
1302700 2754.3
1302710 2756.9
1302720 2753.8
1302730 2753.8
1302740 2755.4
1302750 2756.8
1302760 2756.8
1302770 2758.6
1302780 2760.3
1302790 2760.3
1302800 2762.2
1302810 2763.9
1302820 2763.9
1302830 2765.3
1302840 2767.3
1302850 2767.3
1302860 2769.8
1302870 2772.6
1302880 2772.6
1302890 2774.6
1302900 2775.0
1302910 2775.6
1302920 2775.6
1302930 2778.6
1302940 2782.3
1302950 2782.3
1302960 2785.7
1302970 2788.4
1302980 2788.4
1302990 2791.0
1303000 2794.3
1303010 2794.3
1303020 2801.7
1303030 2813.9
1303040 2813.9
1303050 2816.4
1303060 2823.8
1303070 2823.8
1303080 2832.9
1303090 2833.2
1303100 2833.2
1303110 2834.4
1303120 2835.2
1303130 2836.8
1303140 2836.8
1303150 2836.3
1303160 2836.7
1303170 2836.7
1303180 2835.9
1303190 2831.7
1303200 2831.7
1303210 2826.6
1303220 2822.1
1303230 2822.1
1303240 2818.9
1303250 2814.6
1303260 2814.6
1303270 2806.7
1303280 2790.8
1303290 2790.8
1303300 2776.9
1303310 2770.0
1303320 2770.0
1303330 2764.5
1303340 2759.2
1303350 2753.3
1303360 2753.3
1303370 2747.5
1303380 2742.5
1303390 2742.5
1303400 2738.3
1303410 2732.0
1303420 2730.6
1303430 2726.0
1303440 2722.8
1303450 2722.8
1303460 2720.2
1303470 2715.4
1303480 2715.4
1303490 2712.4
1303500 2711.4
1303510 2711.4
1303520 2710.3
1303530 2706.9
1303540 2706.9
1303550 2702.5
1303560 2699.8
1303570 2697.6
1303580 2697.6
1303590 2696.3
1303600 2695.1
1303610 2695.1
1303620 2693.7
1303630 2692.3
1303640 2692.3
1303650 2690.2
1303660 2687.5
1303670 2687.5
1303680 2684.5
1303690 2681.2
1303700 2681.2
1303710 2678.6
1303720 2676.3
1303730 2676.3
1303740 2674.5
1303750 2672.7
1303760 2672.7
1303770 2670.2
1303780 2668.4
1303790 2667.8
1303800 2667.8
1303810 2668.8
1303820 2670.2
1303830 2670.2
1303840 2671.2
1303850 2671.7
1303860 2671.7
1303870 2672.3
1303880 2671.3
1303890 2671.3
1303900 2670.8
1303910 2669.7
1303920 2669.7
1303930 2667.3
1303940 2663.8
1303950 2663.8
1303960 2662.3
1303970 2661.7
1303980 2661.7
1303990 2662.0
1304000 2662.3
1304010 2661.3
1304020 2661.3
1304030 2659.5
1304040 2657.3
1304050 2657.3
1304060 2654.0
1304070 2650.7
1304080 2650.7
1304090 2647.9
1304100 2646.4
1304110 2646.4
1304120 2641.6
1304130 2636.6
1304140 2636.6
1304150 2631.4
1304160 2625.9
1304170 2625.9
1304180 2621.0
1304190 2617.5
1304200 2615.2
1304210 2615.2
1304220 2613.6
1304230 2611.8
1304240 2611.8
1304250 2610.2
1304260 2607.9
1304270 2607.9
1304280 2603.5
1304290 2597.9
1304300 2597.9
1304310 2594.2
1304320 2593.4
1304330 2593.4
1304340 2592.5
1304350 2588.2
1304360 2588.2
1304370 2584.2
1304380 2579.1
1304390 2579.1
1304400 2574.1
1304410 2571.3
1304420 2570.2
1304430 2570.2
1304440 2569.1
1304450 2565.4
1304460 2565.4
1304470 2560.5
1304480 2556.7
1304490 2556.7
1304500 2553.8
1304510 2550.3
1304520 2550.3
1304530 2546.3
1304540 2543.2
1304550 2543.2
1304560 2539.6
1304570 2535.7
1304580 2535.7
1304590 2532.7
1304600 2530.1
1304610 2530.1
1304620 2526.9
1304630 2524.4
1304640 2523.2
1304650 2523.2
1304660 2522.3
1304670 2517.8
1304680 2517.8
1304690 2515.4
1304700 2511.2
1304710 2511.2
1304720 2506.5
1304730 2503.4
1304740 2503.4
1304750 2500.0
1304760 2498.5
1304770 2498.5
1304780 2497.7
1304790 2500.1
1304800 2500.1
1304810 2503.5
1304820 2506.9
1304830 2500.1
1304840 2500.9
1304850 2502.9
1304860 2505.2
1304870 2505.2
1304880 2507.2
1304890 2509.9
1304900 2509.9
1304910 2514.0
1304920 2516.3
1304930 2516.3
1304940 2517.7
1304950 2520.6
1304960 2520.6
1304970 2523.2
1304980 2525.1
1304990 2525.1
1305000 2526.0
1305010 2526.9
1305020 2526.9
1305030 2527.6
1305040 2528.6
1305050 2528.6
1305060 2530.8
1305070 2533.3
1305080 2536.7
1305090 2536.7
1305100 2541.7
1305110 2550.1
1305120 2550.1
1305130 2558.9
1305140 2573.8
1305150 2573.8
1305160 2578.2
1305170 2581.9
1305180 2581.9
1305190 2586.7
1305200 2589.1
1305210 2589.1
1305220 2590.7
1305230 2593.2
1305240 2593.2
1305250 2597.4
1305260 2604.4
1305270 2604.4
1305280 2610.3
1305290 2614.6
1305300 2619.7
1305310 2619.7
1305320 2624.9
1305330 2631.7
1305340 2631.7
1305350 2639.7
1305360 2647.7
1305370 2647.7
1305380 2655.2
1305390 2663.1
1305400 2663.1
1305410 2668.5
1305420 2668.2
1305430 2668.2
1305440 2663.7
1305450 2657.9
1305460 2657.9
1305470 2652.6
1305480 2648.0
1305490 2648.0
1305500 2642.9
1305510 2639.0
1305520 2638.5
1305530 2630.7
1305540 2631.0
1305550 2633.6
1305560 2633.6
1305570 2636.6
1305580 2641.0
1305590 2641.0
1305600 2645.5
1305610 2646.0
1305620 2646.0
1305630 2646.0
1305640 2643.4
1305650 2643.4
1305660 2640.2
1305670 2635.8
1305680 2635.8
1305690 2631.0
1305700 2625.9
1305710 2625.9
1305720 2620.5
1305730 2614.7
1305740 2607.9
1305750 2607.9
1305760 2599.7
1305770 2589.7
1305780 2589.7
1305790 2578.8
1305800 2566.5
1305810 2566.5
1305820 2554.6
1305830 2544.3
1305840 2544.3
1305850 2533.3
1305860 2521.8
1305870 2521.8
1305880 2513.2
1305890 2506.9
1305900 2506.9
1305910 2499.5
1305920 2493.0
1305930 2493.0
1305940 2488.3
1305950 2486.5
1305960 2487.9
1305970 2487.9
1305980 2488.9
1305990 2483.1
1306000 2483.1
1306010 2469.9
1306020 2460.6
1306030 2460.6
1306040 2457.3
1306050 2455.9
1306060 2455.9
1306070 2452.7
1306080 2442.9
1306090 2442.9
1306100 2431.7
1306110 2423.5
1306120 2423.5
1306130 2419.0
1306140 2417.8
1306150 2417.8
1306160 2417.6
1306170 2406.5
1306180 2395.4
1306190 2395.4
1306200 2386.9
1306210 2379.4
1306220 2379.4
1306230 2372.3
1306240 2361.3
1306250 2361.3
1306260 2354.3
1306270 2347.1
1306280 2347.1
1306290 2340.8
1306300 2335.5
1306310 2335.5
1306320 2328.4
1306330 2321.3
1306340 2321.3
1306350 2319.5
1306360 2319.5
1306370 2319.5
1306380 2319.6
1306390 2319.6
1306400 2314.7
1306410 2314.7
1306420 2309.4
1306430 2304.2
1306440 2304.2
1306450 2296.2
1306460 2288.9
1306470 2288.9
1306480 2283.4
1306490 2278.3
1306500 2278.3
1306510 2273.9
1306520 2267.7
1306530 2267.7
1306540 2259.9
1306550 2254.0
1306560 2254.0
1306570 2250.6
1306580 2249.6
1306590 2249.6
1306600 2249.8
1306610 2250.7
1306620 2248.9
1306630 2248.9
1306640 2242.6
1306650 2236.8
1306660 2236.8
1306670 2231.2
1306680 2225.6
1306690 2225.6
1306700 2221.2
1306710 2216.7
1306720 2216.7
1306730 2210.2
1306740 2202.5
1306750 2202.5
1306760 2196.3
1306770 2191.1
1306780 2191.1
1306790 2186.5
1306800 2181.5
1306810 2181.5
1306820 2174.6
1306830 2167.6
1306840 2159.8
1306850 2159.8
1306860 2151.1
1306870 2143.4
1306880 2143.4
1306890 2136.2
1306900 2125.4
1306910 2125.4
1306920 2116.6
1306930 2112.9
1306940 2112.9
1306950 2109.0
1306960 2101.7
1306970 2101.7
1306980 2093.3
1306990 2084.6
1307000 2084.6
1307010 2076.9
1307020 2069.5
1307030 2069.5
1307040 2062.6
1307050 2054.6
1307060 2046.6
1307070 2046.6
1307080 2038.6
1307090 2031.7
1307100 2031.7
1307110 2025.2
1307120 2017.9
1307130 2017.9
1307140 2010.2
1307150 2004.4
1307160 2004.4
1307170 2000.4
1307180 1995.3
1307190 1995.3
1307200 1989.3
1307210 1982.3
1307220 1982.3
1307230 1974.5
1307240 1970.2
1307250 1970.2
1307260 1967.0
1307270 1962.5
1307280 1959.8
1307290 1959.8
1307300 1959.5
1307310 1956.3
1307320 1956.3
1307330 1953.4
1307340 1951.8
1307350 1951.8
1307360 1950.9
1307370 1951.1
1307380 1951.1
1307390 1949.8
1307400 1943.6
1307410 1943.6
1307420 1939.7
1307430 1939.0
1307440 1939.0
1307450 1935.7
1307460 1930.4
1307470 1930.4
1307480 1925.6
1307490 1920.4
1307500 1911.4
1307510 1911.4
1307520 1904.8
1307530 1897.1
1307540 1897.1
1307550 1883.9
1307560 1868.1
1307570 1868.1
1307580 1847.1
1307590 1826.3
1307600 1826.3
1307610 1812.8
1307620 1801.8
1307630 1801.8
1307640 1790.9
1307650 1782.2
1307660 1782.2
1307670 1773.7
1307680 1761.2
1307690 1761.2
1307700 1749.1
1307710 1738.9
1307720 1729.8
1307730 1729.8
1307740 1710.8
1307750 1693.9
1307760 1693.9
1307770 1673.3
1307780 1653.4
1307790 1653.4
1307800 1641.9
1307810 1634.6
1307820 1634.6
1307830 1633.9
1307840 1635.8
1307850 1635.8
1307860 1626.5
1307870 1610.9
1307880 1610.9
1307890 1599.0
1307900 1585.1
1307910 1585.1
1307920 1565.7
1307930 1549.3
1307940 1536.8
1307950 1536.8
1307960 1526.4
1307970 1516.7
1307980 1516.7
1307990 1506.6
1308000 1492.3
1308010 1492.3
1308020 1455.2
1308030 1403.5
1308040 1403.5
1308050 1383.9
1308060 1377.4
1308070 1377.4
1308080 1370.6
1308090 1363.9
1308100 1363.9
1308110 1357.3
1308120 1350.3
1308130 1344.6
1308140 1344.6
1308150 1338.7
1308160 1332.0
1308170 1332.0
1308180 1323.2
1308190 1315.3
1308200 1315.3
1308210 1307.9
1308220 1300.5
1308230 1300.5
1308240 1292.8
1308250 1286.0
1308260 1286.0
1308270 1278.8
1308280 1271.7
1308290 1271.7
1308300 1265.0
1308310 1257.6
1308320 1257.6
1308330 1250.4
1308340 1244.5
1308350 1239.4
1308360 1239.4
1308370 1234.1
1308380 1228.0
1308390 1227.7
1308400 1222.2
1308410 1216.3
1308420 1216.3
1308430 1211.0
1308440 1206.1
1308450 1206.1
1308460 1201.8
1308470 1198.3
1308480 1198.3
1308490 1195.8
1308500 1194.1
1308510 1194.1
1308520 1191.4
1308530 1188.5
1308540 1188.5
1308550 1188.2
1308560 1187.6
1308570 1186.5
1308580 1186.5
1308590 1184.3
1308600 1182.2
1308610 1182.2
1308620 1179.8
1308630 1178.5
1308640 1178.5
1308650 1177.0
1308660 1175.9
1308670 1175.9
1308680 1174.1
1308690 1170.9
1308700 1170.9
1308710 1168.8
1308720 1168.6
1308730 1168.6
1308740 1167.8
1308750 1167.0
1308760 1167.0
1308770 1166.3
1308780 1166.1
1308790 1165.8
1308800 1165.8
1308810 1163.3
1308820 1161.8
1308830 1161.8
1308840 1161.1
1308850 1160.2
1308860 1160.2
1308870 1159.6
1308880 1158.7
1308890 1158.7
1308900 1158.6
1308910 1159.8
1308920 1159.8
1308930 1162.2
1308940 1163.7
1308950 1163.7
1308960 1165.7
1308970 1168.9
1308980 1168.9
1308990 1171.3
1309000 1173.7
1309010 1175.6
1309020 1175.6
1309030 1178.2
1309040 1184.3
1309050 1184.3
1309060 1186.9
1309070 1188.9
1309080 1188.9
1309090 1189.9
1309100 1193.3
1309110 1199.7
1309120 1203.7
1309130 1206.0
1309140 1206.0
1309150 1208.2
1309160 1211.5
1309170 1211.5
1309180 1216.1
1309190 1221.4
1309200 1221.4
1309210 1228.9
1309220 1242.3
1309230 1256.3
1309240 1256.3
1309250 1266.7
1309260 1270.3
1309270 1270.3
1309280 1271.3
1309290 1276.8
1309300 1276.8
1309310 1282.0
1309320 1285.2
1309330 1285.2
1309340 1285.4
1309350 1282.3
1309360 1282.3
1309370 1281.7
1309380 1283.2
1309390 1283.2
1309400 1286.6
1309410 1292.9
1309420 1292.9
1309430 1299.6
1309440 1305.2
1309450 1311.6
1309460 1311.6
1309470 1317.9
1309480 1324.1
1309490 1324.1
1309500 1328.7
1309510 1328.2
1309520 1328.2
1309530 1327.5
1309540 1332.1
1309550 1332.1
1309560 1338.9
1309570 1343.7
1309580 1343.7
1309590 1349.1
1309600 1356.7
1309610 1356.7
1309620 1366.3
1309630 1376.2
1309640 1376.2
1309650 1385.3
1309660 1395.4
1309670 1405.4
1309680 1405.4
1309690 1414.5
1309700 1420.1
1309710 1420.1
1309720 1423.1
1309730 1424.5
1309740 1424.5
1309750 1426.3
1309760 1429.5
1309770 1429.5
1309780 1433.6
1309790 1436.7
1309800 1436.7
1309810 1439.1
1309820 1443.0
1309830 1443.0
1309840 1454.1
1309850 1459.6
1309860 1459.6
1309870 1466.4
1309880 1473.5
1309890 1479.7
1309900 1479.7
1309910 1485.6
1309920 1492.0
1309930 1492.0
1309940 1499.0
1309950 1505.8
1309960 1505.8
1309970 1511.6
1309980 1516.8
1309990 1516.8
1310000 1520.8
1310010 1526.7
1310020 1526.7
1310030 1533.7
1310040 1540.3
1310050 1540.3
1310060 1546.5
1310070 1552.1
1310080 1552.1
1310090 1557.5
1310100 1561.6
1310110 1564.8
1310120 1564.8
1310130 1565.1
1310140 1561.4
1310150 1561.4
1310160 1556.9
1310170 1561.0
1310180 1561.0
1310190 1565.3
1310200 1567.0
1310210 1567.0
1310220 1570.0
1310230 1570.9
1310240 1570.9
1310250 1571.8
1310260 1574.6
1310270 1574.6
1310280 1575.5
1310290 1578.0
1310300 1578.0
1310310 1583.7
1310320 1589.5
1310330 1590.7
1310340 1590.7
1310350 1586.7
1310360 1583.4
1310370 1583.4
1310380 1583.7
1310390 1582.7
1310400 1582.7
1310410 1581.4
1310420 1587.0
1310430 1587.0
1310440 1594.2
1310450 1602.7
1310460 1602.7
1310470 1616.5
1310480 1627.4
1310490 1627.4
1310500 1636.3
1310510 1644.9
1310520 1644.9
1310530 1655.4
1310540 1666.5
1310550 1676.5
1310560 1676.5
1310570 1691.2
1310580 1701.3
1310590 1701.3
1310600 1709.5
1310610 1715.9
1310620 1715.9
1310630 1721.9
1310640 1729.4
1310650 1729.4
1310660 1736.8
1310670 1745.2
1310680 1745.2
1310690 1754.7
1310700 1767.4
1310710 1767.4
1310720 1777.3
1310730 1784.9
1310740 1784.9
1310750 1792.9
1310760 1799.5
1310770 1804.7
1310780 1804.7
1310790 1812.2
1310800 1822.9
1310810 1822.9
1310820 1831.9
1310830 1838.9
1310840 1838.9
1310850 1845.1
1310860 1851.2
1310870 1851.2
1310880 1857.2
1310890 1864.8
1310900 1864.8
1310910 1873.4
1310920 1881.5
1310930 1881.5
1310940 1889.3
1310950 1898.8
1310960 1898.8
1310970 1906.1
1310980 1911.6
1310990 1917.3
1311000 1917.3
1311010 1921.7
1311020 1925.7
1311030 1925.7
1311040 1930.6
1311050 1935.3
1311060 1935.3
1311070 1940.0
1311080 1944.5
1311090 1944.5
1311100 1948.4
1311110 1951.3
1311120 1951.3
1311130 1952.7
1311140 1954.4
1311150 1954.4
1311160 1956.6
1311170 1958.9
1311180 1958.9
1311190 1961.5
1311200 1964.7
1311210 1969.4
1311220 1969.4
1311230 1972.0
1311240 1973.2
1311250 1973.2
1311260 1974.4
1311270 1975.6
1311280 1975.6
1311290 1975.2
1311300 1976.5
1311310 1976.5
1311320 1969.3
1311330 1954.4
1311340 1954.4
1311350 1949.9
1311360 1949.5
1311370 1949.5
1311380 1950.5
1311390 1950.6
1311400 1950.6
1311410 1948.8
1311420 1948.5
1311430 1949.5
1311440 1949.5
1311450 1950.5
1311460 1952.4
1311470 1952.4
1311480 1954.6
1311490 1956.5
1311500 1956.5
1311510 1954.6
1311520 1950.5
1311530 1950.5
1311540 1945.7
1311550 1940.9
1311560 1940.9
1311570 1936.3
1311580 1931.4
1311590 1931.4
1311600 1927.8
1311610 1926.1
1311620 1926.1
1311630 1924.5
1311640 1922.3
1311650 1919.7
1311660 1919.7
1311670 1919.6
1311680 1918.2
1311690 1918.2
1311700 1916.0
1311710 1913.9
1311720 1913.9
1311730 1912.4
1311740 1911.0
1311750 1911.0
1311760 1910.4
1311770 1911.4
1311780 1911.4
1311790 1915.2
1311800 1919.5
1311810 1919.5
1311820 1924.1
1311830 1928.9
1311840 1928.9
1311850 1933.4
1311860 1938.1
1311870 1943.1
1311880 1943.1
1311890 1948.1
1311900 1953.3
1311910 1953.3
1311920 1958.5
1311930 1962.7
1311940 1962.7
1311950 1965.6
1311960 1968.6
1311970 1968.6
1311980 1971.4
1311990 1974.5
1312000 1974.5
1312010 1978.2
1312020 1983.0
1312030 1983.4
1312040 1989.8
1312050 1996.9
1312060 1996.9
1312070 2004.0
1312080 2010.3
1312090 2015.3
1312100 2015.3
1312110 2018.4
1312120 2020.4
1312130 2020.4
1312140 2020.4
1312150 2017.8
1312160 2017.8
1312170 2017.3
1312180 2018.2
1312190 2018.2
1312200 2018.2
1312210 2020.0
1312220 2020.0
1312230 2023.8
1312240 2028.3
1312250 2028.3
1312260 2033.6
1312270 2039.4
1312280 2045.6
1312290 2045.6
1312300 2051.8
1312310 2058.2
1312320 2058.2
1312330 2065.1
1312340 2072.1
1312350 2072.1
1312360 2078.7
1312370 2086.6
1312380 2086.6
1312390 2094.6
1312400 2102.2
1312410 2102.2
1312420 2109.8
1312430 2117.6
1312440 2117.6
1312450 2126.0
1312460 2134.4
1312470 2134.4
1312480 2147.8
1312490 2170.8
1312500 2194.4
1312510 2194.4
1312520 2211.2
1312530 2225.0
1312540 2225.0
1312550 2240.6
1312560 2252.8
1312570 2252.8
1312580 2261.4
1312590 2272.0
1312600 2272.0
1312610 2288.1
1312620 2303.4
1312630 2303.4
1312640 2306.5
1312650 2296.1
1312660 2296.1
1312670 2284.7
1312680 2273.1
1312690 2273.1
1312700 2262.0
1312710 2251.0
1312720 2238.3
1312730 2238.3
1312740 2222.5
1312750 2206.1
1312760 2206.1
1312770 2184.1
1312780 2165.0
1312790 2165.0
1312800 2148.0
1312810 2136.8
1312820 2136.8
1312830 2129.4
1312840 2121.4
1312850 2121.4
1312860 2113.2
1312870 2105.1
1312880 2105.1
1312890 2097.1
1312900 2089.8
1312910 2089.8
1312920 2082.0
1312930 2074.5
1312940 2067.6
1312950 2067.6
1312960 2061.1
1312970 2054.6
1312980 2054.6
1312990 2048.2
1313000 2041.9
1313010 2041.9
1313020 2035.4
1313030 2028.8
1313040 2028.8
1313050 2021.9
1313060 2014.8
1313070 2014.8
1313080 2006.2
1313090 1996.6
1313100 1996.6
1313110 1986.9
1313120 1979.2
1313130 1979.2
1313140 1972.1
1313150 1964.8
1313160 1959.7
1313170 1959.7
1313180 1955.0
1313190 1949.3
1313200 1949.3
1313210 1945.6
1313220 1940.6
1313230 1940.6
1313240 1934.6
1313250 1928.9
1313260 1928.9
1313270 1922.0
1313280 1918.1
1313290 1918.1
1313300 1917.5
1313310 1911.6
1313320 1911.6
1313330 1904.7
1313340 1903.6
1313350 1903.6
1313360 1907.4
1313370 1907.1
1313380 1905.0
1313390 1905.0
1313400 1901.2
1313410 1896.0
1313420 1896.0
1313430 1892.5
1313440 1889.9
1313450 1889.9
1313460 1888.2
1313470 1886.6
1313480 1886.6
1313490 1883.9
1313500 1881.8
1313510 1890.6
1313520 1886.0
1313530 1880.8
1313540 1880.8
1313550 1875.3
1313560 1869.6
1313570 1869.6
1313580 1863.8
1313590 1857.6
1313600 1850.7
1313610 1850.7
1313620 1841.1
1313630 1834.2
1313640 1834.2
1313650 1826.6
1313660 1819.3
1313670 1819.3
1313680 1813.5
1313690 1805.7
1313700 1805.7
1313710 1797.2
1313720 1785.1
1313730 1785.1
1313740 1771.3
1313750 1758.6
1313760 1758.6
1313770 1745.7
1313780 1733.7
1313790 1733.7
1313800 1722.3
1313810 1710.9
1313820 1699.6
1313830 1699.6
1313840 1690.5
1313850 1681.9
1313860 1681.9
1313870 1670.7
1313880 1659.4
1313890 1659.4
1313900 1650.0
1313910 1640.1
1313920 1640.1
1313930 1626.4
1313940 1613.1
1313950 1613.1
1313960 1603.3
1313970 1596.7
1313980 1596.7
1313990 1590.6
1314000 1585.0
1314010 1585.0
1314020 1580.2
1314030 1576.7
1314040 1576.4
1314050 1576.4
1314060 1577.6
1314070 1573.2
1314080 1573.2
1314090 1570.6
1314100 1569.9
1314110 1569.9
1314120 1567.8
1314130 1565.8
1314140 1565.8
1314150 1563.9
1314160 1561.6
1314170 1561.6
1314180 1559.6
1314190 1559.1
1314200 1559.1
1314210 1558.7
1314220 1559.5
1314230 1559.5
1314240 1560.5
1314250 1563.0
1314260 1565.2
1314270 1565.2
1314280 1567.9
1314290 1570.6
1314300 1570.6
1314310 1573.1
1314320 1576.1
1314330 1576.1
1314340 1578.7
1314350 1581.3
1314360 1581.3
1314370 1584.1
1314380 1587.2
1314390 1587.2
1314400 1591.0
1314410 1594.1
1314420 1594.1
1314430 1596.1
1314440 1598.3
1314450 1598.3
1314460 1601.1
1314470 1604.4
1314480 1608.5
1314490 1608.5
1314500 1612.9
1314510 1617.4
1314520 1617.4
1314530 1621.6
1314540 1628.8
1314550 1628.8
1314560 1648.2
1314570 1662.4
1314580 1662.4
1314590 1676.6
1314600 1688.0
1314610 1688.0
1314620 1698.6
1314630 1710.0
1314640 1710.0
1314650 1719.7
1314660 1728.1
1314670 1728.1
1314680 1737.3
1314690 1745.8
1314700 1755.4
1314710 1755.4
1314720 1769.1
1314730 1782.0
1314740 1782.0
1314750 1793.7
1314760 1802.2
1314770 1802.2
1314780 1809.7
1314790 1818.4
1314800 1818.4
1314810 1828.2
1314820 1837.4
1314830 1837.4
1314840 1846.4
1314850 1855.6
1314860 1855.6
1314870 1865.5
1314880 1876.7
1314890 1876.7
1314900 1886.9
1314910 1895.4
1314920 1903.8
1314930 1903.8
1314940 1911.7
1314950 1920.5
1314960 1920.5
1314970 1929.0
1314980 1938.0
1314990 1938.0
1315000 1946.9
1315010 1956.2
1315020 1956.2
1315030 1965.0
1315040 1972.8
1315050 1972.8
1315060 1981.1
1315070 1989.0
1315080 1989.0
1315090 1996.8
1315100 2005.2
1315110 2005.2
1315120 2014.8
1315130 2024.6
1315140 2034.0
1315150 2034.0
1315160 2043.1
1315170 2052.5
1315180 2052.5
1315190 2062.0
1315200 2071.3
1315210 2071.3
1315220 2079.2
1315230 2085.8
1315240 2085.8
1315250 2091.5
1315260 2095.8
1315270 2095.8
1315280 2101.7
1315290 2106.8
1315300 2106.8
1315310 2111.0
1315320 2115.1
1315330 2115.1
1315340 2119.0
1315350 2123.0
1315360 2127.2
1315370 2127.2
1315380 2130.5
1315390 2134.7
1315400 2134.7
1315410 2139.5
1315420 2145.3
1315430 2145.3
1315440 2154.1
1315450 2165.4
1315460 2165.4
1315470 2173.7
1315480 2180.5
1315490 2180.5
1315500 2186.4
1315510 2190.9
1315520 2190.9
1315530 2195.5
1315540 2199.4
1315550 2199.4
1315560 2202.9
1315570 2206.6
1315580 2211.6
1315590 2211.6
1315600 2215.8
1315610 2219.9
1315620 2219.9
1315630 2224.1
1315640 2229.3
1315650 2229.3
1315660 2233.6
1315670 2237.2
1315680 2237.2
1315690 2240.4
1315700 2243.6
1315710 2243.6
1315720 2247.9
1315730 2253.3
1315740 2253.3
1315750 2251.2
1315760 2255.1
1315770 2255.1
1315780 2259.6
1315790 2265.0
1315800 2271.1
1315810 2271.1
1315820 2276.1
1315830 2279.6
1315840 2279.6
1315850 2283.5
1315860 2288.7
1315870 2288.7
1315880 2294.8
1315890 2301.1
1315900 2301.1
1315910 2307.8
1315920 2314.8
1315930 2314.8
1315940 2323.4
1315950 2332.5
1315960 2332.5
1315970 2340.8
1315980 2349.2
1315990 2349.2
1316000 2357.1
1316010 2364.2
1316020 2371.2
1316030 2371.2
1316040 2378.7
1316050 2388.0
1316060 2388.0
1316070 2396.3
1316080 2404.4
1316090 2404.4
1316100 2412.6
1316110 2420.2
1316120 2420.2
1316130 2428.2
1316140 2436.2
1316150 2436.2
1316160 2443.3
1316170 2448.9
1316180 2448.9
1316190 2453.6
1316200 2457.7
1316210 2461.3
1316220 2461.3
1316230 2464.9
1316240 2469.3
1316250 2469.3
1316260 2473.3
1316270 2475.8
1316280 2475.8
1316290 2478.5
1316300 2481.4
1316310 2481.4
1316320 2485.1
1316330 2491.0
1316340 2491.0
1316350 2498.2
1316360 2506.2
1316370 2506.2
1316380 2515.1
1316390 2523.1
1316400 2523.1
1316410 2529.9
1316420 2537.0
1316430 2544.8
1316440 2544.8
1316450 2552.7
1316460 2560.3
1316470 2560.3
1316480 2568.7
1316490 2574.7
1316500 2571.0
1316510 2564.4
1316520 2552.6
1316530 2552.6
1316540 2542.1
1316550 2532.6
1316560 2532.6
1316570 2523.7
1316580 2514.9
1316590 2514.9
1316600 2506.2
1316610 2498.6
1316620 2498.6
1316630 2490.8
1316640 2479.9
1316650 2468.7
1316660 2468.7
1316670 2460.4
1316680 2452.5
1316690 2452.5
1316700 2443.6
1316710 2434.6
1316720 2434.6
1316730 2425.7
1316740 2416.7
1316750 2416.7
1316760 2406.1
1316770 2395.3
1316780 2395.3
1316790 2383.7
1316800 2371.4
1316810 2371.4
1316820 2363.1
1316830 2354.7
1316840 2354.7
1316850 2343.8
1316860 2333.9
1316870 2325.6
1316880 2325.6
1316890 2317.0
1316900 2308.7
1316910 2308.7
1316920 2302.1
1316930 2296.2
1316940 2296.2
1316950 2290.7
1316960 2285.6
1316970 2285.6
1316980 2280.4
1316990 2274.2
1317000 2274.2
1317010 2268.0
1317020 2261.9
1317030 2261.9
1317040 2255.5
1317050 2249.4
1317060 2249.4
1317070 2243.7
1317080 2238.3
1317090 2233.1
1317100 2233.1
1317110 2227.6
1317120 2221.5
1317130 2221.5
1317140 2214.7
1317150 2208.0
1317160 2208.0
1317170 2201.1
1317180 2194.4
1317190 2194.4
1317200 2188.1
1317210 2181.6
1317220 2181.6
1317230 2174.4
1317240 2166.5
1317250 2166.5
1317260 2144.6
1317270 2137.5
1317280 2137.5
1317290 2131.6
1317300 2124.9
1317310 2117.4
1317320 2117.4
1317330 2106.5
1317340 2097.4
1317350 2097.4
1317360 2082.3
1317370 2064.6
1317380 2064.6
1317390 2047.2
1317400 2037.5
1317410 2037.5
1317420 2030.5
1317430 2023.9
1317440 2023.9
1317450 2020.2
1317460 2017.2
1317470 2017.2
1317480 2009.8
1317490 1996.9
1317500 1996.9
1317510 1986.8
1317520 1980.8
1317530 1978.8
1317540 1978.8
1317550 1973.6
1317560 1971.1
1317570 1971.1
1317580 1974.9
1317590 1980.2
1317600 1980.2
1317610 1989.7
1317620 1998.1
1317630 1998.1
1317640 1998.6
1317650 1994.2
1317660 1994.2
1317670 1990.8
1317680 1989.8
1317690 1989.8
1317700 1988.1
1317710 1986.3
1317720 1986.3
1317730 1983.4
1317740 1980.5
1317750 1976.2
1317760 1976.2
1317770 1972.9
1317780 1970.6
1317790 1970.6
1317800 1966.2
1317810 1958.4
1317820 1958.4
1317830 1937.2
1317840 1908.8
1317850 1908.8
1317860 1901.4
1317870 1898.1
1317880 1898.1
1317890 1896.5
1317900 1895.6
1317910 1895.6
1317920 1894.2
1317930 1899.5
1317940 1899.5
1317950 1911.3
1317960 1920.9
1317970 1930.5
1317980 1930.5
1317990 1931.4
1318000 1925.9
1318010 1925.9
1318020 1924.0
1318030 1919.6
1318040 1919.6
1318050 1915.9
1318060 1911.0
1318070 1911.0
1318080 1906.5
1318090 1901.6
1318100 1901.6
1318110 1896.0
1318120 1891.0
1318130 1891.0
1318140 1886.4
1318150 1880.3
1318160 1880.3
1318170 1875.1
1318180 1870.7
1318190 1867.9
1318200 1867.9
1318210 1862.4
1318220 1858.5
1318230 1858.5
1318240 1855.1
1318250 1852.1
1318260 1852.1
1318270 1850.1
1318280 1847.6
1318290 1847.6
1318300 1834.2
1318310 1809.8
1318320 1809.8
1318330 1805.3
1318340 1792.2
1318350 1792.2
1318360 1761.7
1318370 1733.3
1318380 1733.3
1318390 1713.9
1318400 1700.2
1318410 1686.3
1318420 1686.3
1318430 1650.4
1318440 1626.0
1318450 1626.0
1318460 1617.5
1318470 1608.3
1318480 1608.3
1318490 1596.9
1318500 1590.3
1318510 1590.3
1318520 1585.3
1318530 1577.4
1318540 1577.4
1318550 1569.0
1318560 1568.8
1318570 1568.8
1318580 1570.9
1318590 1565.2
1318600 1565.2
1318610 1557.1
1318620 1546.6
1318630 1534.4
1318640 1534.4
1318650 1525.9
1318660 1519.3
1318670 1519.3
1318680 1513.3
1318690 1507.4
1318700 1507.4
1318710 1501.4
1318720 1495.2
1318730 1495.2
1318740 1489.0
1318750 1482.7
1318760 1482.7
1318770 1477.2
1318780 1474.4
1318790 1474.4
1318800 1468.7
1318810 1462.9
1318820 1462.9
1318830 1457.0
1318840 1451.2
1318850 1445.5
1318860 1445.5
1318870 1439.9
1318880 1434.5
1318890 1434.5
1318900 1429.6
1318910 1425.0
1318920 1425.0
1318930 1420.5
1318940 1416.2
1318950 1416.2
1318960 1412.6
1318970 1403.9
1318980 1403.9
1318990 1398.1
1319000 1393.2
1319010 1393.2
1319020 1388.7
1319030 1387.7
1319040 1387.7
1319050 1387.6
1319060 1387.0
1319070 1386.6
1319080 1386.6
1319090 1386.0
1319100 1385.3
1319110 1385.3
1319120 1384.8
1319130 1383.7
1319140 1383.7
1319150 1383.6
1319160 1383.8
1319170 1383.8
1319180 1383.8
1319190 1384.3
1319200 1384.3
1319210 1385.0
1319220 1385.4
1319230 1385.4
1319240 1385.4
1319250 1385.7
1319260 1385.7
1319270 1386.0
1319280 1386.5
1319290 1386.8
1319300 1386.8
1319310 1387.2
1319320 1387.3
1319330 1387.3
1319340 1387.3
1319350 1386.8
1319360 1386.8
1319370 1386.9
1319380 1388.0
1319390 1388.0
1319400 1390.3
1319410 1394.2
1319420 1394.2
1319430 1397.4
1319440 1401.7
1319450 1401.7
1319460 1406.6
1319470 1409.8
1319480 1409.8
1319490 1413.4
1319500 1416.9
1319510 1418.9
1319520 1418.9
1319530 1419.6
1319540 1420.9
1319550 1418.2
1319560 1421.1
1319570 1423.1
1319580 1423.1
1319590 1423.9
1319600 1426.1
1319610 1426.1
1319620 1428.4
1319630 1431.1
1319640 1431.1
1319650 1435.7
1319660 1445.7
1319670 1445.7
1319680 1453.7
1319690 1466.2
1319700 1466.2
1319710 1476.8
1319720 1488.4
1319730 1499.1
1319740 1499.1
1319750 1509.4
1319760 1527.8
1319770 1527.8
1319780 1556.9
1319790 1577.9
1319800 1577.9
1319810 1587.9
1319820 1593.6
1319830 1593.6
1319840 1618.7
1319850 1656.8
1319860 1656.8
1319870 1672.1
1319880 1679.5
1319890 1679.5
1319900 1684.2
1319910 1686.3
1319920 1685.1
1319930 1685.1
1319940 1685.3
1319950 1685.2
1319960 1685.2
1319970 1687.3
1319980 1690.9
1319990 1690.9
