1300000 2204.1
1300010 2211.7
1300020 2218.6
1300030 2218.6
1300040 2226.1
1300050 2233.9
1300060 2233.9
1300070 2240.8
1300080 2248.8
1300090 2266.0
1300100 2266.0
1300110 2280.4
1300120 2285.4
1300130 2285.4
1300140 2288.9
1300150 2291.4
1300160 2291.4
1300170 2292.7
1300180 2293.5
1300190 2293.5
1300200 2295.0
1300210 2295.4
1300220 2295.4
1300230 2295.9
1300240 2297.0
1300250 2297.0
1300260 2299.2
1300270 2303.2
1300280 2303.2
1300290 2307.4
1300300 2311.8
1300310 2315.8
1300320 2315.8
1300330 2324.4
1300340 2331.4
1300350 2331.4
1300360 2335.7
1300370 2339.8
1300380 2339.8
1300390 2344.3
1300400 2347.6
1300410 2347.6
1300420 2350.3
1300430 2353.0
1300440 2353.0
1300450 2355.6
1300460 2358.3
1300470 2358.3
1300480 2360.4
1300490 2361.9
1300500 2361.9
1300510 2363.8
1300520 2366.3
1300530 2369.2
1300540 2369.2
1300550 2372.3
1300560 2375.1
1300570 2375.1
1300580 2377.3
1300590 2379.4
1300600 2379.4
1300610 2381.3
1300620 2382.9
1300630 2382.9
1300640 2385.7
1300650 2388.6
1300660 2388.6
1300670 2391.6
1300680 2394.9
1300690 2393.5
1300700 2396.9
1300710 2399.8
1300720 2399.8
1300730 2402.9
1300740 2405.7
1300750 2408.6
1300760 2408.6
1300770 2412.0
1300780 2415.7
1300790 2415.7
1300800 2420.8
1300810 2426.2
1300820 2426.2
1300830 2430.7
1300840 2434.2
1300850 2434.2
1300860 2437.4
1300870 2439.7
1300880 2439.7
1300890 2442.1
1300900 2443.8
1300910 2443.8
1300920 2445.6
1300930 2448.1
1300940 2448.1
1300950 2450.3
1300960 2452.8
1300970 2454.9
1300980 2454.9
1300990 2457.0
1301000 2459.5
1301010 2459.5
1301020 2461.8
1301030 2463.8
1301040 2463.8
1301050 2465.7
1301060 2467.4
1301070 2467.4
1301080 2469.2
1301090 2472.0
1301100 2472.0
1301110 2474.2
1301120 2478.1
1301130 2478.1
1301140 2484.1
1301150 2489.7
1301160 2489.7
1301170 2490.3
1301180 2490.1
1301190 2491.3
1301200 2491.3
1301210 2493.7
1301220 2497.3
1301230 2497.3
1301240 2501.2
1301250 2502.2
1301260 2502.2
1301270 2501.2
1301280 2501.8
1301290 2501.8
1301300 2506.4
1301310 2508.5
1301320 2508.5
1301330 2513.6
1301340 2518.6
1301350 2518.6
1301360 2524.0
1301370 2529.5
1301380 2529.5
1301390 2534.7
1301400 2538.9
1301410 2541.7
1301420 2541.7
1301430 2543.4
1301440 2545.8
1301450 2545.8
1301460 2549.0
1301470 2551.7
1301480 2551.7
1301490 2554.7
1301500 2558.5
1301510 2558.5
1301520 2563.5
1301530 2569.2
1301540 2569.2
1301550 2573.8
1301560 2578.9
1301570 2578.9
1301580 2584.4
1301590 2590.1
1301600 2590.1
1301610 2596.0
1301620 2601.4
1301630 2605.1
1301640 2605.1
1301650 2608.5
1301660 2612.7
1301670 2612.7
1301680 2617.1
1301690 2621.5
1301700 2621.5
1301710 2625.8
1301720 2629.6
1301730 2629.6
1301740 2633.1
1301750 2637.6
1301760 2637.6
1301770 2644.7
1301780 2662.8
1301790 2662.8
1301800 2675.6
1301810 2686.4
1301820 2686.4
1301830 2700.0
1301840 2719.4
1301850 2732.7
1301860 2732.7
1301870 2745.6
1301880 2756.5
1301890 2756.5
1301900 2768.1
1301910 2779.7
1301920 2779.7
1301930 2792.6
1301940 2802.4
1301950 2802.4
1301960 2811.6
1301970 2818.8
1301980 2818.8
1301990 2823.9
1302000 2828.6
1302010 2828.6
1302020 2833.4
1302030 2838.0
1302040 2838.0
1302050 2843.1
1302060 2848.2
1302070 2853.6
1302080 2850.6
1302090 2860.3
1302100 2869.1
1302110 2869.1
1302120 2876.0
1302130 2884.3
1302140 2884.3
1302150 2894.0
1302160 2903.2
1302170 2903.2
1302180 2913.0
1302190 2919.4
1302200 2919.4
1302210 2927.0
1302220 2934.2
1302230 2934.2
1302240 2941.4
1302250 2949.9
1302260 2949.9
1302270 2959.0
1302280 2967.0
1302290 2975.1
1302300 2975.1
1302310 2984.1
1302320 2994.2
1302330 2994.2
1302340 3003.6
1302350 3013.5
1302360 3013.5
1302370 3022.2
1302380 3027.3
1302390 3027.3
1302400 3031.9
1302410 3036.0
1302420 3036.0
1302430 3041.3
1302440 3047.4
1302450 3047.4
1302460 3053.9
1302470 3060.1
1302480 3060.1
1302490 3064.9
1302500 3069.4
1302510 3072.7
1302520 3072.7
1302530 3075.9
1302540 3078.6
1302550 3078.6
1302560 3081.6
1302570 3085.5
1302580 3085.5
1302590 3088.9
1302600 3091.7
1302610 3091.7
1302620 3094.9
1302630 3097.6
1302640 3097.6
1302650 3100.2
1302660 3103.0
1302670 3103.0
1302680 3105.3
1302690 3108.2
1302700 3108.2
1302710 3111.0
1302720 3112.5
1302730 3114.1
1302740 3114.1
1302750 3116.1
1302760 3118.9
1302770 3118.9
1302780 3121.0
1302790 3124.3
1302800 3124.3
1302810 3127.6
1302820 3130.5
1302830 3130.5
1302840 3133.5
1302850 3136.0
1302860 3136.0
1302870 3138.4
1302880 3140.8
1302890 3140.8
1302900 3142.9
1302910 3143.5
1302920 3143.5
1302930 3144.0
1302940 3145.1
1302950 3145.1
1302960 3145.1
1302970 3144.3
1302980 3144.1
1302990 3144.1
1303000 3144.1
1303010 3143.9
1303020 3143.9
1303030 3143.6
1303040 3143.3
1303050 3143.3
1303060 3142.9
1303070 3142.5
1303080 3142.5
1303090 3141.9
1303100 3141.1
1303110 3141.1
1303120 3140.2
1303130 3139.1
1303140 3139.1
1303150 3138.0
1303160 3136.8
1303170 3135.5
1303180 3135.5
1303190 3134.0
1303200 3132.5
1303210 3132.5
1303220 3130.9
1303230 3129.0
1303240 3129.0
1303250 3127.1
1303260 3125.0
1303270 3125.0
1303280 3122.8
1303290 3120.6
1303300 3120.6
1303310 3118.2
1303320 3115.7
1303330 3115.7
1303340 3113.2
1303350 3110.4
1303360 3110.4
1303370 3107.7
1303380 3104.8
1303390 3101.7
1303400 3101.7
1303410 3098.6
1303420 3095.3
1303430 3095.3
1303440 3091.9
1303450 3088.4
1303460 3088.4
1303470 3084.8
1303480 3082.3
1303490 3082.3
1303500 3078.4
1303510 3074.4
1303520 3074.4
1303530 3070.2
1303540 3065.9
1303550 3065.9
1303560 3061.5
1303570 3057.0
1303580 3057.0
1303590 3052.3
1303600 3047.4
1303610 3042.5
1303620 3042.5
1303630 3037.3
1303640 3032.1
1303650 3032.1
1303660 3026.8
1303670 3021.4
1303680 3021.4
1303690 3015.9
1303700 3010.3
1303710 3010.3
1303720 3004.7
1303730 2999.1
1303740 2999.1
1303750 2993.5
1303760 2988.0
1303770 2988.0
1303780 2982.5
1303790 2977.1
1303800 2977.1
1303810 2972.0
1303820 2967.1
1303830 2962.3
1303840 2962.3
1303850 2957.5
1303860 2953.3
1303870 2953.3
1303880 2949.6
1303890 2946.1
1303900 2946.1
1303910 2942.7
1303920 2938.6
1303930 2938.6
1303940 2934.9
1303950 2931.5
1303960 2931.5
1303970 2927.6
1303980 2923.8
1303990 2923.8
1304000 2918.2
1304010 2915.4
1304020 2915.4
1304030 2911.2
1304040 2906.0
1304050 2901.7
1304060 2901.7
1304070 2897.8
1304080 2893.4
1304090 2893.4
1304100 2888.3
1304110 2884.1
1304120 2884.1
1304130 2879.8
1304140 2875.2
1304150 2875.2
1304160 2871.8
1304170 2869.0
1304180 2868.3
1304190 2865.7
1304200 2862.6
1304210 2862.6
1304220 2857.4
1304230 2852.2
1304240 2852.2
1304250 2848.9
1304260 2845.3
1304270 2841.8
1304280 2841.8
1304290 2836.0
1304300 2827.3
1304310 2827.3
1304320 2815.3
1304330 2806.7
1304340 2806.7
1304350 2801.3
1304360 2792.6
1304370 2792.6
1304380 2788.4
1304390 2783.8
1304400 2783.8
1304410 2776.4
1304420 2768.5
1304430 2768.5
1304440 2761.3
1304450 2757.1
1304460 2757.1
1304470 2751.4
1304480 2744.0
1304490 2739.1
1304500 2739.1
1304510 2736.4
1304520 2733.8
1304530 2733.8
1304540 2729.5
1304550 2726.2
1304560 2726.2
1304570 2724.6
1304580 2722.2
1304590 2722.2
1304600 2717.0
1304610 2713.1
1304620 2713.1
1304630 2711.9
1304640 2711.1
1304650 2711.1
1304660 2711.0
1304670 2710.2
1304680 2710.2
1304690 2708.3
1304700 2706.6
1304710 2705.9
1304720 2705.9
1304730 2705.8
1304740 2704.8
1304750 2704.8
1304760 2695.9
1304770 2682.7
1304780 2682.7
1304790 2661.9
1304800 2650.9
1304810 2650.9
1304820 2645.6
1304830 2640.0
1304840 2640.0
1304850 2635.4
1304860 2631.0
1304870 2631.0
1304880 2623.5
1304890 2619.3
1304900 2619.3
1304910 2613.6
1304920 2610.6
1304930 2609.6
1304940 2609.6
1304950 2608.0
1304960 2604.6
1304970 2604.6
1304980 2600.6
1304990 2595.9
1305000 2595.9
1305010 2589.7
1305020 2583.9
1305030 2583.9
1305040 2577.2
1305050 2558.5
1305060 2558.5
1305070 2542.9
1305080 2535.5
1305090 2535.5
1305100 2529.1
1305110 2521.8
1305120 2521.8
1305130 2514.2
1305140 2508.2
1305150 2502.6
1305160 2502.6
1305170 2498.2
1305180 2493.6
1305190 2493.6
1305200 2487.9
1305210 2486.0
1305220 2486.0
1305230 2484.9
1305240 2481.5
1305250 2481.5
1305260 2477.2
1305270 2472.1
1305280 2472.1
1305290 2468.5
1305300 2465.7
1305310 2465.7
1305320 2463.7
1305330 2463.1
1305340 2463.1
1305350 2462.8
1305360 2461.7
1305370 2461.4
1305380 2461.4
1305390 2460.2
1305400 2456.1
1305410 2456.1
1305420 2452.5
1305430 2449.1
1305440 2449.1
1305450 2447.0
1305460 2446.1
1305470 2446.1
1305480 2445.9
1305490 2444.3
1305500 2444.3
1305510 2442.5
1305520 2441.8
1305530 2441.8
1305540 2441.0
1305550 2440.1
1305560 2440.1
1305570 2438.4
1305580 2435.2
1305590 2429.6
1305600 2429.6
1305610 2419.7
1305620 2412.6
1305630 2412.6
1305640 2406.9
1305650 2398.7
1305660 2398.7
1305670 2391.8
1305680 2387.6
1305690 2387.6
1305700 2385.4
1305710 2381.9
1305720 2381.9
1305730 2377.4
1305740 2374.7
1305750 2374.7
1305760 2373.8
1305770 2372.6
1305780 2372.6
1305790 2368.5
1305800 2363.0
1305810 2356.4
1305820 2356.4
1305830 2348.1
1305840 2340.5
1305850 2340.5
1305860 2334.4
1305870 2328.5
1305880 2328.5
1305890 2323.5
1305900 2318.8
1305910 2318.8
1305920 2315.2
1305930 2310.3
1305940 2310.3
1305950 2305.9
1305960 2299.4
1305970 2299.4
1305980 2288.6
1305990 2279.5
1306000 2279.5
1306010 2272.0
1306020 2264.6
1306030 2257.2
1306040 2257.2
1306050 2249.8
1306060 2242.9
1306070 2242.9
1306080 2237.1
1306090 2231.2
1306100 2231.2
1306110 2225.9
1306120 2220.1
1306130 2220.1
1306140 2214.4
1306150 2206.2
1306160 2206.2
1306170 2199.8
1306180 2195.4
1306190 2195.4
1306200 2191.3
1306210 2188.2
1306220 2188.2
1306230 2186.5
1306240 2184.7
1306250 2178.4
1306260 2178.4
1306270 2165.7
1306280 2153.1
1306290 2153.1
1306300 2137.0
1306310 2124.2
1306320 2124.2
1306330 2112.8
1306340 2103.1
1306350 2103.1
1306360 2094.0
1306370 2084.0
1306380 2084.0
1306390 2076.2
1306400 2070.7
1306410 2070.7
1306420 2065.5
1306430 2060.7
1306440 2060.7
1306450 2056.3
1306460 2051.9
1306470 2048.4
1306480 2048.4
1306490 2046.0
1306500 2043.3
1306510 2043.3
1306520 2041.1
1306530 2039.5
1306540 2039.5
1306550 2037.5
1306560 2034.5
1306570 2034.5
1306580 2031.3
1306590 2027.4
1306600 2027.4
1306610 2025.5
1306620 2023.8
1306630 2023.8
1306640 2021.6
1306650 2019.4
1306660 2019.4
1306670 2017.2
1306680 2014.0
1306690 2009.7
1306700 2009.7
1306710 2007.6
1306720 2006.3
1306730 2006.3
1306740 2005.4
1306750 2005.8
1306760 2005.8
1306770 2005.8
1306780 2005.1
1306790 2005.1
1306800 2004.4
1306810 2004.1
1306820 2004.1
1306830 2004.4
1306840 2004.5
1306850 2004.5
1306860 2004.4
1306870 2004.5
1306880 2004.5
1306890 2005.2
1306900 2007.2
1306910 2009.9
1306920 2009.9
1306930 2015.4
1306940 2021.9
1306950 2021.9
1306960 2029.0
1306970 2035.0
1306980 2035.0
1306990 2041.3
1307000 2047.2
1307010 2047.2
1307020 2050.0
1307030 2053.4
1307040 2053.4
1307050 2055.4
1307060 2056.6
1307070 2056.6
1307080 2056.9
1307090 2055.1
1307100 2055.1
1307110 2052.8
1307120 2049.9
1307130 2046.2
1307140 2046.2
1307150 2043.5
1307160 2040.0
1307170 2040.0
1307180 2035.1
1307190 2031.2
1307200 2031.2
1307210 2028.7
1307220 2026.5
1307230 2026.5
1307240 2022.8
1307250 2018.4
1307260 2018.4
1307270 2016.9
1307280 2016.6
1307290 2016.6
1307300 2016.9
1307310 2017.0
1307320 2017.0
1307330 2015.8
1307340 2013.9
1307350 2011.9
1307360 2011.9
1307370 2011.0
1307380 2012.0
1307390 2012.0
1307400 2014.4
1307410 2016.9
1307420 2016.9
1307430 2018.5
1307440 2019.8
1307450 2019.8
1307460 2021.5
1307470 2023.8
1307480 2023.8
1307490 2022.9
1307500 2021.8
1307510 2021.8
1307520 2020.9
1307530 2020.2
1307540 2020.2
1307550 2020.1
1307560 2019.9
1307570 2017.7
1307580 2017.7
1307590 2018.2
1307600 2020.8
1307610 2020.8
1307620 2021.5
1307630 2021.6
1307640 2021.6
1307650 2021.6
1307660 2020.5
1307670 2020.5
1307680 2020.2
1307690 2019.2
1307700 2019.2
1307710 2018.3
1307720 2018.1
1307730 2010.3
1307740 2009.1
1307750 2007.7
1307760 2007.7
1307770 2006.9
1307780 2006.2
1307790 2005.8
1307800 2005.8
1307810 2005.7
1307820 2006.3
1307830 2006.3
1307840 2007.7
1307850 2008.9
1307860 2008.9
1307870 2009.2
1307880 2008.3
1307890 2008.3
1307900 2007.3
1307910 2007.0
1307920 2007.0
1307930 2006.2
1307940 2002.9
1307950 2002.9
1307960 1995.5
1307970 1988.5
1307980 1988.5
1307990 1979.9
1308000 1971.5
1308010 1966.9
1308020 1966.9
1308030 1964.5
1308040 1962.0
1308050 1962.0
1308060 1956.3
1308070 1952.7
1308080 1952.7
1308090 1947.0
1308100 1939.9
1308110 1939.9
1308120 1931.9
1308130 1923.3
1308140 1923.3
1308150 1914.6
1308160 1904.9
1308170 1904.9
1308180 1896.1
1308190 1888.7
1308200 1888.7
1308210 1881.4
1308220 1873.7
1308230 1869.3
1308240 1869.3
1308250 1866.7
1308260 1863.8
1308270 1863.8
1308280 1863.7
1308290 1863.5
1308300 1863.5
1308310 1861.2
1308320 1853.2
1308330 1853.2
1308340 1849.9
1308350 1846.6
1308360 1846.6
1308370 1843.3
1308380 1839.0
1308390 1839.0
1308400 1835.7
1308410 1832.8
1308420 1832.8
1308430 1831.8
1308440 1831.0
1308450 1822.0
1308460 1822.0
1308470 1819.4
1308480 1816.2
1308490 1816.2
1308500 1812.2
1308510 1807.1
1308520 1807.1
1308530 1803.1
1308540 1795.0
1308550 1795.0
1308560 1786.0
1308570 1777.5
1308580 1777.5
1308590 1767.8
1308600 1762.9
1308610 1762.9
1308620 1761.1
1308630 1760.4
1308640 1760.4
1308650 1758.9
1308660 1756.3
1308670 1753.6
1308680 1753.6
1308690 1750.5
1308700 1736.8
1308710 1736.8
1308720 1720.7
1308730 1710.2
1308740 1710.2
1308750 1702.4
1308760 1690.0
1308770 1690.0
1308780 1681.0
1308790 1673.8
1308800 1673.8
1308810 1666.7
1308820 1660.3
1308830 1660.3
1308840 1654.5
1308850 1646.7
1308860 1646.7
1308870 1637.4
1308880 1625.0
1308890 1615.5
1308900 1615.5
1308910 1607.2
1308920 1599.3
1308930 1599.3
1308940 1591.7
1308950 1586.4
1308960 1586.4
1308970 1582.8
1308980 1580.4
1308990 1580.4
1309000 1574.7
1309010 1566.6
1309020 1566.6
1309030 1558.0
1309040 1549.5
1309050 1549.5
1309060 1542.5
1309070 1536.3
1309080 1536.3
1309090 1530.0
1309100 1524.1
1309110 1519.6
1309120 1519.6
1309130 1514.9
1309140 1509.5
1309150 1509.5
1309160 1503.8
1309170 1491.8
1309180 1491.8
1309190 1486.6
1309200 1481.3
1309210 1481.3
1309220 1474.5
1309230 1464.8
1309240 1464.8
1309250 1458.3
1309260 1451.9
1309270 1451.9
1309280 1444.5
1309290 1438.9
1309300 1438.9
1309310 1433.4
1309320 1427.2
1309330 1420.1
1309340 1420.1
1309350 1412.7
1309360 1405.5
1309370 1405.5
1309380 1399.2
1309390 1393.3
1309400 1393.3
1309410 1383.8
1309420 1369.6
1309430 1369.6
1309440 1346.4
1309450 1326.4
1309460 1326.4
1309470 1316.9
1309480 1304.3
1309490 1304.3
1309500 1292.6
1309510 1284.5
1309520 1284.5
1309530 1278.8
1309540 1273.1
1309550 1266.7
1309560 1266.7
1309570 1259.7
1309580 1255.1
1309590 1255.1
1309600 1253.0
1309610 1249.7
1309620 1249.7
1309630 1246.3
1309640 1240.3
1309650 1240.3
1309660 1229.7
1309670 1218.8
1309680 1218.8
1309690 1209.5
1309700 1205.9
1309710 1205.9
1309720 1202.9
1309730 1198.5
1309740 1198.5
1309750 1192.0
1309760 1182.0
1309770 1172.0
1309780 1172.0
1309790 1165.7
1309800 1161.8
1309810 1161.8
1309820 1160.3
1309830 1160.9
1309840 1160.9
1309850 1160.7
1309860 1158.8
1309870 1158.8
1309880 1155.4
1309890 1152.5
1309900 1144.9
1309910 1141.7
1309920 1137.2
1309930 1137.2
1309940 1132.2
1309950 1128.9
1309960 1128.9
1309970 1127.0
1309980 1125.3
1309990 1124.7
1310000 1124.7
1310010 1124.5
1310020 1123.7
1310030 1123.7
1310040 1122.7
1310050 1121.8
1310060 1121.8
1310070 1120.9
1310080 1120.7
1310090 1120.7
1310100 1119.4
1310110 1117.1
1310120 1117.1
1310130 1115.1
1310140 1112.9
1310150 1112.9
1310160 1110.1
1310170 1107.7
1310180 1107.7
1310190 1104.9
1310200 1101.6
1310210 1099.3
1310220 1099.3
1310230 1093.6
1310240 1083.6
1310250 1083.6
1310260 1079.2
1310270 1075.5
1310280 1075.5
1310290 1071.2
1310300 1070.0
1310310 1070.0
1310320 1069.4
1310330 1068.1
1310340 1068.1
1310350 1067.1
1310360 1066.7
1310370 1066.7
1310380 1066.5
1310390 1066.2
1310400 1066.2
1310410 1066.2
1310420 1066.2
1310430 1066.6
1310440 1066.6
1310450 1068.7
1310460 1071.0
1310470 1071.0
1310480 1072.0
1310490 1073.1
1310500 1073.1
1310510 1074.1
1310520 1074.4
1310530 1074.4
1310540 1074.1
1310550 1072.7
1310560 1072.7
1310570 1071.2
1310580 1069.6
1310590 1069.6
1310600 1068.9
1310610 1069.3
1310620 1073.5
1310630 1075.0
1310640 1078.3
1310650 1082.5
1310660 1082.5
1310670 1085.9
1310680 1088.1
1310690 1088.1
1310700 1091.0
1310710 1094.2
1310720 1094.2
1310730 1099.0
1310740 1105.0
1310750 1105.0
1310760 1108.4
1310770 1113.4
1310780 1113.4
1310790 1120.0
1310800 1126.2
1310810 1126.2
1310820 1131.5
1310830 1136.6
1310840 1136.6
1310850 1141.8
1310860 1148.7
1310870 1156.7
1310880 1156.7
1310890 1165.2
1310900 1173.3
1310910 1173.3
1310920 1180.6
1310930 1185.3
1310940 1185.3
1310950 1185.7
1310960 1184.9
1310970 1184.9
1310980 1184.8
1310990 1185.9
1311000 1185.9
1311010 1187.4
1311020 1189.6
1311030 1189.6
1311040 1192.5
1311050 1196.3
1311060 1196.3
1311070 1200.1
1311080 1204.1
1311090 1208.9
1311100 1208.9
1311110 1207.4
1311120 1201.2
1311130 1201.2
1311140 1199.2
1311150 1196.7
1311160 1196.7
1311170 1195.5
1311180 1186.2
1311190 1186.2
1311200 1182.0
1311210 1184.8
1311220 1184.8
1311230 1185.5
1311240 1183.4
1311250 1183.4
1311260 1181.1
1311270 1179.5
1311280 1179.5
1311290 1178.7
1311300 1178.6
1311310 1178.7
1311320 1178.7
1311330 1179.4
1311340 1182.8
1311350 1182.8
1311360 1193.4
1311370 1196.9
1311380 1196.9
1311390 1197.1
1311400 1199.8
1311410 1199.8
1311420 1203.9
1311430 1209.4
1311440 1209.4
1311450 1219.1
1311460 1228.9
1311470 1228.9
1311480 1235.5
1311490 1238.8
1311500 1238.8
1311510 1240.1
1311520 1240.8
1311530 1242.0
1311540 1242.0
1311550 1244.5
1311560 1245.8
1311570 1245.8
1311580 1248.1
1311590 1251.5
1311600 1251.5
1311610 1255.2
1311620 1260.1
1311630 1260.1
1311640 1265.0
1311650 1267.1
1311660 1267.1
1311670 1269.5
1311680 1271.8
1311690 1271.8
1311700 1268.7
1311710 1266.5
1311720 1266.5
1311730 1275.2
1311740 1280.4
1311750 1282.0
1311760 1282.0
1311770 1284.2
1311780 1288.1
1311790 1288.1
1311800 1286.7
1311810 1280.2
1311820 1280.2
1311830 1280.2
1311840 1287.4
1311850 1287.4
1311860 1294.1
1311870 1299.9
1311880 1299.9
1311890 1304.9
1311900 1305.9
1311910 1305.9
1311920 1304.3
1311930 1307.0
1311940 1307.0
1311950 1313.5
1311960 1320.9
1311970 1329.5
1311980 1329.5
1311990 1338.6
1312000 1347.9
1312010 1347.9
1312020 1356.3
1312030 1364.7
1312040 1364.7
1312050 1369.6
1312060 1374.5
1312070 1374.5
1312080 1382.5
1312090 1409.3
1312100 1409.3
1312110 1411.0
1312120 1411.3
1312130 1411.3
1312140 1419.0
1312150 1426.7
1312160 1426.7
1312170 1427.6
1312180 1430.5
1312190 1435.0
1312200 1435.0
1312210 1440.3
1312220 1446.9
1312230 1446.9
1312240 1451.1
1312250 1454.2
1312260 1454.2
1312270 1457.9
1312280 1459.0
1312290 1459.0
1312300 1456.0
1312310 1457.7
1312320 1457.7
1312330 1462.4
1312340 1467.7
1312350 1467.7
1312360 1467.5
1312370 1463.1
1312380 1463.1
1312390 1459.8
1312400 1462.2
1312410 1467.0
1312420 1467.0
1312430 1474.3
1312440 1489.5
1312450 1489.5
1312460 1500.0
1312470 1504.6
1312480 1504.6
1312490 1510.5
1312500 1514.2
1312510 1514.2
1312520 1520.1
1312530 1531.1
1312540 1531.1
1312550 1541.2
1312560 1550.0
1312570 1550.0
1312580 1557.7
1312590 1565.9
1312600 1565.9
1312610 1575.1
1312620 1583.1
1312630 1590.7
1312640 1590.7
1312650 1598.3
1312660 1606.9
1312670 1606.9
1312680 1615.3
1312690 1622.5
1312700 1622.5
1312710 1629.2
1312720 1635.8
1312730 1635.8
1312740 1641.4
1312750 1642.5
1312760 1642.5
1312770 1644.3
1312780 1640.4
1312790 1640.4
1312800 1626.2
1312810 1603.5
1312820 1603.5
1312830 1616.1
1312840 1613.5
1312850 1604.6
1312860 1604.6
1312870 1593.0
1312880 1579.8
1312890 1579.8
1312900 1569.4
1312910 1554.0
1312920 1554.0
1312930 1542.3
1312940 1533.7
1312950 1533.7
1312960 1528.3
1312970 1524.4
1312980 1524.4
1312990 1520.3
1313000 1516.3
1313010 1516.3
1313020 1512.4
1313030 1507.9
1313040 1507.9
1313050 1503.4
1313060 1499.3
1313070 1494.9
1313080 1494.9
1313090 1490.8
1313100 1487.2
1313110 1487.2
1313120 1483.5
1313130 1479.4
1313140 1479.4
1313150 1475.6
1313160 1471.4
1313170 1471.4
1313180 1466.5
1313190 1462.1
1313200 1462.1
1313210 1457.3
1313220 1452.8
1313230 1452.8
1313240 1448.9
1313250 1446.0
1313260 1446.0
1313270 1442.2
1313280 1437.3
1313290 1432.0
1313300 1432.0
1313310 1426.0
1313320 1420.4
1313330 1420.4
1313340 1415.4
1313350 1411.0
1313360 1411.0
1313370 1407.1
1313380 1404.6
1313390 1404.6
1313400 1402.8
1313410 1403.3
1313420 1403.3
1313430 1404.7
1313440 1405.0
1313450 1405.0
1313460 1404.7
1313470 1405.8
1313480 1405.8
1313490 1408.1
1313500 1412.1
1313510 1417.2
1313520 1417.2
1313530 1421.6
1313540 1425.7
1313550 1425.7
1313560 1430.4
1313570 1436.9
1313580 1436.9
1313590 1442.1
1313600 1446.3
1313610 1446.3
1313620 1450.4
1313630 1454.8
1313640 1454.8
1313650 1459.2
1313660 1463.4
1313670 1463.4
1313680 1467.6
1313690 1472.0
1313700 1472.0
1313710 1476.8
1313720 1482.0
1313730 1487.3
1313740 1487.3
1313750 1493.6
1313760 1500.6
1313770 1500.6
1313780 1507.8
1313790 1515.2
1313800 1515.2
1313810 1522.9
1313820 1531.0
1313830 1531.0
1313840 1538.7
1313850 1545.8
1313860 1545.8
1313870 1553.2
1313880 1560.5
1313890 1560.5
1313900 1567.4
1313910 1574.3
1313920 1574.3
1313930 1580.5
1313940 1588.3
1313950 1602.3
1313960 1602.3
1313970 1619.5
1313980 1632.6
1313990 1632.6
1314000 1645.6
1314010 1655.4
1314020 1655.4
1314030 1660.5
1314040 1660.3
1314050 1660.3
1314060 1655.0
1314070 1653.5
1314080 1653.5
1314090 1655.4
1314100 1656.8
1314110 1656.8
1314120 1659.6
1314130 1664.9
1314140 1664.9
1314150 1670.3
1314160 1677.4
1314170 1684.9
1314180 1684.9
1314190 1691.6
1314200 1702.1
1314210 1702.1
1314220 1712.3
1314230 1721.0
1314240 1721.0
1314250 1727.9
1314260 1733.6
1314270 1733.6
1314280 1738.4
1314290 1741.4
1314300 1741.4
1314310 1734.3
1314320 1739.0
1314330 1739.0
1314340 1745.0
1314350 1752.3
1314360 1752.3
1314370 1761.4
1314380 1770.2
1314390 1779.1
1314400 1779.1
1314410 1789.1
1314420 1802.1
1314430 1802.1
1314440 1813.7
1314450 1822.5
1314460 1822.5
1314470 1830.1
1314480 1834.9
1314490 1834.9
1314500 1838.4
1314510 1844.3
1314520 1844.3
1314530 1852.1
1314540 1860.0
1314550 1860.0
1314560 1867.5
1314570 1875.8
1314580 1875.8
1314590 1887.2
1314600 1900.0
1314610 1913.4
1314620 1913.4
1314630 1928.5
1314640 1942.0
1314650 1942.0
1314660 1953.1
1314670 1963.5
1314680 1963.5
1314690 1971.4
1314700 1979.5
1314710 1979.5
1314720 1990.6
1314730 2000.4
1314740 2000.4
1314750 2009.8
1314760 2019.4
1314770 2019.4
1314780 2028.1
1314790 2036.2
1314800 2036.2
1314810 2043.8
1314820 2050.9
1314830 2058.1
1314840 2058.1
1314850 2065.5
1314860 2071.8
1314870 2071.8
1314880 2077.8
1314890 2083.9
1314900 2083.9
1314910 2089.3
1314920 2095.1
1314930 2095.1
1314940 2102.5
1314950 2110.6
1314960 2110.6
1314970 2118.2
1314980 2125.0
1314990 2125.0
1315000 2132.0
1315010 2139.0
1315020 2139.0
1315030 2146.8
1315040 2153.5
1315050 2159.8
1315060 2160.8
1315070 2167.7
1315080 2174.9
1315090 2174.9
1315100 2181.4
1315110 2188.6
1315120 2188.6
1315130 2197.1
1315140 2204.9
1315150 2204.9
1315160 2211.2
1315170 2217.2
1315180 2217.2
1315190 2223.6
1315200 2230.8
1315210 2230.8
1315220 2238.4
1315230 2246.0
1315240 2246.0
1315250 2253.3
1315260 2260.9
1315270 2268.7
1315280 2268.7
1315290 2276.9
1315300 2284.9
1315310 2284.9
1315320 2292.9
1315330 2301.0
1315340 2301.0
1315350 2309.4
1315360 2317.1
1315370 2317.1
1315380 2324.5
1315390 2331.9
1315400 2331.9
1315410 2339.7
1315420 2347.2
1315430 2347.2
1315440 2355.0
1315450 2362.9
1315460 2362.9
1315470 2370.9
1315480 2378.9
1315490 2385.6
1315500 2385.6
1315510 2391.5
1315520 2396.2
1315530 2396.2
1315540 2399.5
1315550 2401.0
1315560 2401.0
1315570 2400.2
1315580 2392.5
1315590 2392.5
1315600 2385.2
1315610 2375.9
1315620 2375.9
1315630 2368.6
1315640 2363.4
1315650 2363.4
1315660 2359.8
1315670 2356.0
1315680 2356.0
1315690 2351.3
1315700 2347.8
1315710 2345.7
1315720 2345.7
1315730 2342.6
1315740 2340.4
1315750 2340.4
1315760 2338.6
1315770 2336.0
1315780 2336.0
1315790 2334.0
1315800 2327.3
1315810 2332.8
1315820 2320.5
1315830 2313.2
1315840 2313.2
1315850 2307.6
1315860 2300.9
1315870 2300.9
1315880 2287.6
1315890 2272.9
1315900 2272.9
1315910 2260.3
1315920 2247.9
1315930 2227.3
1315940 2227.3
1315950 2222.6
1315960 2219.2
1315970 2219.2
1315980 2203.1
1315990 2181.4
1316000 2181.4
1316010 2153.5
1316020 2138.3
1316030 2138.3
1316040 2129.6
1316050 2120.7
1316060 2120.7
1316070 2112.9
1316080 2107.9
1316090 2107.9
1316100 2104.7
1316110 2104.3
1316120 2104.3
1316130 2104.4
1316140 2103.3
1316150 2099.7
1316160 2099.7
1316170 2095.3
1316180 2091.0
1316190 2091.0
1316200 2087.0
1316210 2083.0
1316220 2083.0
1316230 2079.7
1316240 2077.3
1316250 2077.3
1316260 2075.9
1316270 2076.1
1316280 2076.1
1316290 2074.9
1316300 2074.4
1316310 2074.4
1316320 2075.8
1316330 2081.8
1316340 2081.8
1316350 2089.0
1316360 2093.8
1316370 2094.2
1316380 2094.2
1316390 2093.3
1316400 2094.0
1316410 2094.0
1316420 2095.4
1316430 2093.1
1316440 2093.1
1316450 2090.3
1316460 2086.2
1316470 2086.2
1316480 2080.4
1316490 2076.0
1316500 2076.0
1316510 2068.8
1316520 2056.6
1316530 2056.6
1316540 2045.1
1316550 2033.5
1316560 2032.8
1316570 2024.2
1316580 2017.0
1316590 2010.6
1316600 2010.6
1316610 2004.6
1316620 1999.5
1316630 1999.5
1316640 1994.6
1316650 1989.0
1316660 1989.0
1316670 1982.6
1316680 1976.8
1316690 1976.8
1316700 1970.8
1316710 1964.0
1316720 1964.0
1316730 1957.1
1316740 1948.8
1316750 1948.8
1316760 1940.8
1316770 1934.3
1316780 1934.3
1316790 1928.1
1316800 1921.2
1316810 1914.0
1316820 1914.0
1316830 1907.9
1316840 1902.9
1316850 1902.9
1316860 1897.6
1316870 1892.1
1316880 1892.1
1316890 1886.6
1316900 1881.0
1316910 1881.0
1316920 1876.1
1316930 1874.0
1316940 1874.0
1316950 1873.8
1316960 1871.5
1316970 1871.5
1316980 1866.4
1316990 1862.0
1317000 1862.0
1317010 1861.5
1317020 1860.2
1317030 1859.8
1317040 1859.8
1317050 1856.2
1317060 1851.2
1317070 1851.2
1317080 1847.3
1317090 1841.3
1317100 1841.3
1317110 1836.2
1317120 1831.0
1317130 1831.0
1317140 1824.9
1317150 1820.8
1317160 1820.8
1317170 1817.3
1317180 1814.6
1317190 1814.6
1317200 1811.2
1317210 1807.4
1317220 1807.4
1317230 1805.2
1317240 1803.2
1317250 1797.8
1317260 1797.8
1317270 1790.4
1317280 1782.2
1317290 1782.2
1317300 1773.8
1317310 1767.0
1317320 1775.3
1317330 1772.2
1317340 1768.8
1317350 1768.8
1317360 1763.3
1317370 1757.1
1317380 1757.1
1317390 1751.4
1317400 1747.4
1317410 1747.4
1317420 1742.9
1317430 1738.1
1317440 1738.1
1317450 1734.0
1317460 1730.2
1317470 1726.9
1317480 1726.9
1317490 1724.1
1317500 1719.3
1317510 1719.3
1317520 1708.7
1317530 1695.8
1317540 1695.8
1317550 1680.3
1317560 1628.0
1317570 1628.0
1317580 1571.6
1317590 1539.8
1317600 1539.8
1317610 1511.6
1317620 1496.7
1317630 1496.7
1317640 1494.9
1317650 1500.2
1317660 1500.2
1317670 1510.8
1317680 1519.5
1317690 1510.6
1317700 1510.6
1317710 1476.8
1317720 1460.3
1317730 1460.3
1317740 1452.8
1317750 1444.6
1317760 1444.6
1317770 1437.2
1317780 1430.4
1317790 1430.4
1317800 1425.2
1317810 1422.4
1317820 1422.4
1317830 1419.6
1317840 1404.4
1317850 1404.4
1317860 1388.3
1317870 1382.2
1317880 1382.2
1317890 1378.1
1317900 1373.3
1317910 1367.1
1317920 1367.1
1317930 1361.4
1317940 1355.4
1317950 1355.4
1317960 1349.5
1317970 1343.8
1317980 1343.8
1317990 1337.0
1318000 1330.8
1318010 1330.8
1318020 1325.6
1318030 1322.4
1318040 1322.4
1318050 1319.5
1318060 1316.5
1318070 1316.5
1318080 1312.1
1318090 1309.3
1318100 1309.3
1318110 1306.7
1318120 1304.2
1318130 1300.0
1318140 1300.0
1318150 1299.6
1318160 1299.9
1318170 1299.9
1318180 1300.0
1318190 1300.6
1318200 1300.6
1318210 1301.8
1318220 1300.1
1318230 1300.1
1318240 1299.7
1318250 1301.0
1318260 1301.0
1318270 1304.2
1318280 1307.6
1318290 1307.6
1318300 1309.5
1318310 1310.7
1318320 1310.7
1318330 1311.6
1318340 1312.5
1318350 1313.4
1318360 1313.4
1318370 1314.1
1318380 1314.1
1318390 1314.1
1318400 1315.5
1318410 1316.4
1318420 1316.4
1318430 1317.4
1318440 1318.5
1318450 1318.5
1318460 1319.7
1318470 1320.8
1318480 1320.8
1318490 1320.1
1318500 1318.8
1318510 1318.8
1318520 1319.4
1318530 1320.4
1318540 1320.4
1318550 1321.8
1318560 1325.3
1318570 1329.4
1318580 1329.4
1318590 1334.1
1318600 1340.5
1318610 1340.5
1318620 1345.7
1318630 1351.1
1318640 1351.1
1318650 1357.0
1318660 1362.9
1318670 1362.9
1318680 1368.8
1318690 1374.8
1318700 1374.8
1318710 1380.5
1318720 1388.1
1318730 1388.1
1318740 1394.6
1318750 1401.4
1318760 1401.4
1318770 1408.6
1318780 1416.4
1318790 1422.5
1318800 1422.5
1318810 1428.1
1318820 1435.6
1318830 1435.6
1318840 1437.9
1318850 1443.2
1318860 1443.2
1318870 1448.0
1318880 1452.4
1318890 1452.4
1318900 1457.5
1318910 1467.3
1318920 1467.3
1318930 1478.1
1318940 1494.7
1318950 1494.7
1318960 1505.6
1318970 1514.2
1318980 1514.2
1318990 1525.2
1319000 1541.0
1319010 1553.5
1319020 1553.5
1319030 1567.7
1319040 1579.6
1319050 1579.6
1319060 1594.3
1319070 1613.7
1319080 1613.7
1319090 1628.8
1319100 1640.9
1319110 1640.9
1319120 1653.3
1319130 1664.0
1319140 1664.0
1319150 1672.7
1319160 1679.0
1319170 1679.0
1319180 1683.1
1319190 1681.5
1319200 1681.5
1319210 1670.5
1319220 1663.9
1319230 1661.9
1319240 1661.9
1319250 1664.5
1319260 1670.7
1319270 1670.7
1319280 1679.6
1319290 1691.3
1319300 1691.3
1319310 1697.4
1319320 1701.3
1319330 1701.3
1319340 1707.2
1319350 1714.4
1319360 1714.4
1319370 1722.7
1319380 1731.5
1319390 1731.5
1319400 1742.4
1319410 1750.6
1319420 1750.6
1319430 1753.9
1319440 1760.3
1319450 1772.3
1319460 1772.3
1319470 1784.9
1319480 1796.6
1319490 1796.6
1319500 1806.7
1319510 1811.8
1319520 1811.8
1319530 1814.7
1319540 1816.8
1319550 1816.8
1319560 1817.1
1319570 1822.9
1319580 1822.9
1319590 1828.5
1319600 1835.3
1319610 1842.0
1319620 1848.9
1319630 1856.4
1319640 1856.4
1319650 1864.4
1319660 1871.6
1319670 1878.6
1319680 1878.6
1319690 1885.9
1319700 1894.2
1319710 1894.2
1319720 1909.4
1319730 1928.2
1319740 1928.2
1319750 1943.7
1319760 1953.1
1319770 1953.1
1319780 1962.2
1319790 1969.8
1319800 1969.8
1319810 1983.9
1319820 1996.1
1319830 1996.1
1319840 2003.1
1319850 2009.5
1319860 2009.5
1319870 2014.6
1319880 2018.5
1319890 2021.5
1319900 2021.5
1319910 2023.5
1319920 2024.8
1319930 2024.8
1319940 2027.2
1319950 2027.9
1319960 2027.9
1319970 2025.9
1319980 2023.5
1319990 2023.5
