1300000 2304.9
1300010 2304.9
1300020 2305.6
1300030 2301.8
1300040 2304.8
1300050 2303.7
1300060 2308.2
1300070 2308.2
1300080 2310.2
1300090 2311.0
1300100 2310.8
1300110 2310.8
1300120 2311.8
1300130 2311.8
1300140 2311.8
1300150 2312.3
1300160 2313.8
1300170 2313.8
1300180 2317.6
1300190 2322.0
1300200 2322.0
1300210 2327.9
1300220 2334.9
1300230 2334.9
1300240 2343.6
1300250 2350.0
1300260 2350.0
1300270 2355.2
1300280 2361.8
1300290 2361.8
1300300 2368.5
1300310 2377.0
1300320 2391.8
1300330 2391.8
1300340 2405.4
1300350 2411.8
1300360 2411.8
1300370 2416.1
1300380 2419.9
1300390 2419.9
1300400 2423.9
1300410 2427.1
1300420 2427.1
1300430 2429.6
1300440 2432.1
1300450 2432.1
1300460 2436.0
1300470 2440.3
1300480 2440.3
1300490 2445.1
1300500 2447.9
1300510 2447.9
1300520 2449.9
1300530 2452.7
1300540 2457.2
1300550 2457.2
1300560 2461.7
1300570 2464.8
1300580 2464.8
1300590 2470.1
1300600 2473.6
1300610 2473.6
1300620 2475.9
1300630 2478.9
1300640 2478.9
1300650 2481.2
1300660 2485.1
1300670 2485.1
1300680 2491.3
1300690 2495.4
1300700 2495.4
1300710 2499.6
1300720 2502.2
1300730 2507.0
1300740 2510.2
1300750 2513.3
1300760 2515.2
1300770 2515.2
1300780 2517.2
1300790 2519.2
1300800 2519.2
1300810 2521.6
1300820 2524.2
1300830 2524.2
1300840 2527.6
1300850 2530.8
1300860 2530.8
1300870 2532.8
1300880 2534.4
1300890 2534.4
1300900 2535.8
1300910 2535.4
1300920 2535.4
1300930 2535.3
1300940 2537.4
1300950 2537.4
1300960 2538.5
1300970 2537.6
1300980 2538.2
1300990 2538.2
1301000 2541.6
1301010 2543.8
1301020 2543.8
1301030 2545.6
1301040 2546.6
1301050 2546.6
1301060 2547.1
1301070 2548.9
1301080 2548.9
1301090 2550.5
1301100 2551.0
1301110 2551.0
1301120 2550.6
1301130 2555.8
1301140 2555.8
1301150 2558.9
1301160 2560.1
1301170 2560.1
1301180 2561.4
1301190 2568.7
1301200 2578.3
1301210 2578.3
1301220 2586.1
1301230 2592.1
1301240 2592.1
1301250 2596.9
1301260 2599.9
1301270 2599.9
1301280 2602.7
1301290 2605.7
1301300 2605.7
1301310 2611.3
1301320 2616.9
1301330 2616.9
1301340 2620.3
1301350 2621.5
1301360 2621.5
1301370 2622.5
1301380 2624.9
1301390 2624.9
1301400 2628.1
1301410 2631.7
1301420 2639.9
1301430 2639.9
1301440 2644.5
1301450 2649.4
1301460 2649.4
1301470 2654.3
1301480 2656.3
1301490 2656.3
1301500 2655.9
1301510 2655.4
1301520 2655.4
1301530 2654.7
1301540 2654.9
1301550 2654.9
1301560 2656.8
1301570 2658.5
1301580 2658.5
1301590 2660.3
1301600 2661.2
1301610 2661.2
1301620 2663.4
1301630 2666.5
1301640 2669.4
1301650 2669.4
1301660 2671.9
1301670 2674.9
1301680 2674.9
1301690 2677.5
1301700 2680.7
1301710 2680.7
1301720 2684.7
1301730 2689.1
1301740 2689.1
1301750 2692.9
1301760 2696.5
1301770 2696.5
1301780 2700.5
1301790 2704.8
1301800 2704.8
1301810 2709.0
1301820 2712.8
1301830 2712.8
1301840 2715.2
1301850 2717.1
1301860 2721.2
1301870 2721.2
1301880 2726.3
1301890 2731.0
1301900 2731.0
1301910 2735.4
1301920 2740.1
1301930 2740.1
1301940 2745.3
1301950 2751.8
1301960 2751.8
1301970 2758.1
1301980 2763.7
1301990 2763.7
1302000 2769.0
1302010 2774.5
1302020 2774.5
1302030 2779.8
1302040 2785.6
1302050 2785.6
1302060 2791.7
1302070 2799.1
1302080 2807.1
1302090 2807.1
1302100 2815.5
1302110 2823.2
1302120 2822.1
1302130 2833.1
1302140 2842.1
1302150 2842.1
1302160 2848.4
1302170 2854.3
1302180 2854.3
1302190 2860.1
1302200 2868.6
1302210 2868.6
1302220 2874.6
1302230 2880.3
1302240 2880.3
1302250 2886.1
1302260 2891.0
1302270 2891.0
1302280 2895.2
1302290 2899.8
1302300 2903.7
1302310 2903.7
1302320 2908.5
1302330 2913.7
1302340 2913.7
1302350 2918.3
1302360 2921.8
1302370 2921.8
1302380 2925.3
1302390 2929.4
1302400 2929.4
1302410 2933.5
1302420 2937.6
1302430 2937.6
1302440 2941.6
1302450 2945.8
1302460 2945.8
1302470 2950.4
1302480 2955.2
1302490 2955.2
1302500 2960.3
1302510 2965.4
1302520 2970.3
1302530 2970.3
1302540 2975.3
1302550 2980.6
1302560 2980.6
1302570 2986.0
1302580 2991.6
1302590 2991.6
1302600 2997.2
1302610 3003.1
1302620 3003.1
1302630 3009.4
1302640 3015.9
1302650 3015.9
1302660 3022.6
1302670 3029.7
1302680 3029.7
1302690 3038.4
1302700 3054.5
1302710 3054.5
1302720 3076.1
1302730 3093.0
1302740 3104.7
1302750 3104.7
1302760 3115.4
1302770 3128.6
1302780 3128.6
1302790 3137.3
1302800 3137.6
1302810 3137.6
1302820 3138.4
1302830 3148.8
1302840 3148.8
1302850 3167.3
1302860 3192.2
1302870 3192.2
1302880 3208.8
1302890 3219.0
1302900 3219.0
1302910 3223.3
1302920 3223.2
1302930 3223.2
1302940 3221.4
1302950 3220.0
1302960 3219.2
1302970 3219.2
1302980 3218.5
1302990 3217.4
1303000 3217.4
1303010 3216.2
1303020 3215.2
1303030 3215.2
1303040 3214.1
1303050 3211.7
1303060 3211.7
1303070 3207.7
1303080 3202.9
1303090 3202.9
1303100 3194.9
1303110 3186.2
1303120 3186.2
1303130 3181.4
1303140 3180.0
1303150 3180.0
1303160 3176.7
1303170 3171.6
1303180 3161.9
1303190 3161.9
1303200 3143.9
1303210 3119.4
1303220 3119.4
1303230 3089.1
1303240 3060.8
1303250 3060.8
1303260 3046.3
1303270 3038.1
1303280 3038.1
1303290 3031.8
1303300 3028.2
1303310 3028.2
1303320 3028.1
1303330 3030.5
1303340 3030.5
1303350 3028.5
1303360 3017.9
1303370 3017.9
1303380 3007.3
1303390 2995.9
1303400 2985.4
1303410 2985.4
1303420 2973.8
1303430 2952.5
1303440 2952.5
1303450 2944.9
1303460 2941.2
1303470 2941.2
1303480 2937.4
1303490 2934.0
1303500 2934.0
1303510 2931.6
1303520 2923.1
1303530 2923.1
1303540 2921.0
1303550 2920.1
1303560 2920.1
1303570 2921.2
1303580 2922.8
1303590 2922.8
1303600 2924.5
1303610 2926.3
1303620 2927.7
1303630 2927.7
1303640 2928.8
1303650 2930.7
1303660 2930.7
1303670 2933.2
1303680 2936.6
1303690 2936.6
1303700 2940.7
1303710 2945.3
1303720 2945.3
1303730 2953.6
1303740 2964.3
1303750 2964.3
1303760 2970.0
1303770 2969.8
1303780 2969.8
1303790 2967.2
1303800 2962.0
1303810 2962.0
1303820 2959.8
1303830 2958.9
1303840 2958.3
1303850 2958.3
1303860 2956.2
1303870 2952.7
1303880 2952.7
1303890 2948.9
1303900 2944.3
1303910 2944.3
1303920 2939.1
1303930 2933.3
1303940 2933.3
1303950 2928.9
1303960 2925.2
1303970 2925.2
1303980 2920.2
1303990 2914.9
1304000 2914.9
1304010 2909.1
1304020 2903.8
1304030 2903.8
1304040 2898.6
1304050 2893.4
1304060 2885.0
1304070 2885.0
1304080 2877.6
1304090 2870.1
1304100 2870.1
1304110 2864.9
1304120 2861.4
1304130 2861.4
1304140 2857.5
1304150 2853.4
1304160 2853.4
1304170 2851.4
1304180 2850.5
1304190 2850.5
1304200 2847.9
1304210 2843.2
1304220 2847.6
1304230 2844.3
1304240 2838.6
1304250 2838.6
1304260 2832.9
1304270 2828.9
1304280 2825.9
1304290 2825.9
1304300 2823.1
1304310 2820.1
1304320 2820.1
1304330 2817.2
1304340 2814.2
1304350 2814.2
1304360 2811.3
1304370 2808.6
1304380 2808.6
1304390 2805.8
1304400 2802.4
1304410 2802.4
1304420 2798.1
1304430 2794.0
1304440 2794.0
1304450 2790.2
1304460 2787.7
1304470 2787.7
1304480 2784.9
1304490 2781.6
1304500 2777.7
1304510 2777.7
1304520 2773.9
1304530 2771.0
1304540 2771.0
1304550 2768.4
1304560 2763.5
1304570 2763.5
1304580 2756.9
1304590 2750.1
1304600 2750.1
1304610 2743.6
1304620 2736.9
1304630 2736.9
1304640 2729.7
1304650 2720.4
1304660 2720.4
1304670 2712.7
1304680 2707.1
1304690 2707.1
1304700 2701.9
1304710 2695.4
1304720 2688.2
1304730 2688.2
1304740 2680.5
1304750 2674.1
1304760 2674.1
1304770 2661.8
1304780 2652.5
1304790 2652.5
1304800 2646.1
1304810 2639.7
1304820 2639.7
1304830 2634.0
1304840 2629.9
1304850 2629.9
1304860 2624.5
1304870 2618.8
1304880 2618.8
1304890 2613.4
1304900 2608.7
1304910 2608.7
1304920 2609.0
1304930 2605.7
1304940 2603.7
1304950 2603.7
1304960 2603.1
1304970 2601.5
1304980 2601.5
1304990 2598.8
1305000 2598.3
1305010 2598.3
1305020 2599.6
1305030 2600.2
1305040 2600.2
1305050 2600.2
1305060 2599.8
1305070 2599.8
1305080 2598.8
1305090 2597.9
1305100 2597.9
1305110 2595.8
1305120 2592.9
1305130 2588.9
1305140 2588.9
1305150 2582.4
1305160 2574.0
1305170 2574.0
1305180 2563.6
1305190 2555.9
1305200 2555.9
1305210 2548.6
1305220 2542.3
1305230 2542.3
1305240 2536.4
1305250 2530.7
1305260 2530.7
1305270 2525.8
1305280 2522.1
1305290 2522.1
1305300 2518.1
1305310 2513.8
1305320 2513.8
1305330 2508.6
1305340 2504.5
1305350 2499.6
1305360 2499.6
1305370 2495.6
1305380 2492.3
1305390 2492.3
1305400 2479.7
1305410 2459.1
1305420 2459.1
1305430 2443.2
1305440 2434.0
1305450 2434.0
1305460 2427.8
1305470 2421.9
1305480 2421.9
1305490 2416.7
1305500 2410.1
1305510 2410.1
1305520 2403.2
1305530 2396.2
1305540 2396.2
1305550 2389.4
1305560 2382.8
1305570 2375.3
1305580 2375.3
1305590 2367.9
1305600 2360.8
1305610 2360.8
1305620 2354.2
1305630 2348.7
1305640 2348.7
1305650 2342.9
1305660 2337.7
1305670 2337.7
1305680 2332.7
1305690 2327.9
1305700 2327.9
1305710 2323.2
1305720 2318.3
1305730 2318.3
1305740 2313.8
1305750 2309.5
1305760 2309.5
1305770 2305.4
1305780 2302.7
1305790 2302.0
1305800 2302.0
1305810 2301.9
1305820 2301.9
1305830 2301.9
1305840 2301.9
1305850 2302.0
1305860 2302.0
1305870 2302.7
1305880 2304.2
1305890 2304.2
1305900 2305.1
1305910 2305.0
1305920 2305.0
1305930 2305.4
1305940 2306.1
1305950 2306.1
1305960 2304.4
1305970 2299.7
1305980 2299.7
1305990 2292.9
1306000 2287.3
1306010 2283.1
1306020 2283.1
1306030 2279.1
1306040 2275.1
1306050 2275.1
1306060 2270.3
1306070 2265.4
1306080 2265.4
1306090 2259.8
1306100 2256.2
1306110 2256.2
1306120 2256.0
1306130 2253.8
1306140 2253.8
1306150 2244.6
1306160 2237.0
1306170 2237.0
1306180 2230.0
1306190 2218.6
1306200 2218.6
1306210 2211.1
1306220 2205.1
1306230 2199.6
1306240 2199.6
1306250 2194.5
1306260 2189.7
1306270 2189.7
1306280 2184.8
1306290 2180.0
1306300 2180.0
1306310 2175.2
1306320 2170.4
1306330 2170.4
1306340 2165.0
1306350 2157.7
1306360 2157.7
1306370 2151.8
1306380 2147.5
1306390 2147.5
1306400 2144.0
1306410 2141.6
1306420 2141.6
1306430 2139.2
1306440 2135.5
1306450 2130.6
1306460 2130.6
1306470 2124.9
1306480 2118.4
1306490 2118.4
1306500 2110.6
1306510 2100.9
1306520 2100.9
1306530 2094.0
1306540 2089.5
1306550 2089.5
1306560 2084.9
1306570 2078.8
1306580 2078.8
1306590 2072.5
1306600 2066.9
1306610 2066.9
1306620 2061.5
1306630 2055.6
1306640 2055.6
1306650 2049.2
1306660 2042.9
1306670 2036.7
1306680 2036.7
1306690 2031.5
1306700 2026.4
1306710 2026.4
1306720 2021.7
1306730 2017.5
1306740 2017.5
1306750 2013.4
1306760 2009.7
1306770 2009.7
1306780 2006.0
1306790 2002.0
1306800 2002.0
1306810 1998.4
1306820 1994.9
1306830 1994.9
1306840 1990.8
1306850 1986.6
1306860 1986.6
1306870 1982.1
1306880 1977.5
1306890 1973.6
1306900 1973.6
1306910 1969.0
1306920 1962.9
1306930 1962.9
1306940 1955.9
1306950 1949.9
1306960 1949.9
1306970 1945.9
1306980 1942.5
1306990 1942.5
1307000 1938.7
1307010 1934.6
1307020 1934.6
1307030 1929.2
1307040 1925.6
1307050 1921.1
1307060 1918.3
1307070 1918.1
1307080 1918.1
1307090 1916.5
1307100 1913.0
1307110 1909.1
1307120 1909.1
1307130 1905.7
1307140 1902.3
1307150 1902.3
1307160 1892.4
1307170 1882.2
1307180 1882.2
1307190 1879.8
1307200 1877.8
1307210 1877.8
1307220 1876.1
1307230 1874.5
1307240 1874.5
1307250 1873.3
1307260 1872.3
1307270 1872.3
1307280 1869.9
1307290 1861.2
1307300 1861.2
1307310 1852.5
1307320 1849.1
1307330 1847.2
1307340 1847.2
1307350 1845.5
1307360 1841.5
1307370 1841.5
1307380 1827.7
1307390 1817.7
1307400 1817.7
1307410 1811.4
1307420 1806.1
1307430 1806.1
1307440 1800.3
1307450 1796.7
1307460 1796.7
1307470 1793.2
1307480 1790.8
1307490 1790.8
1307500 1788.6
1307510 1787.4
1307520 1787.4
1307530 1786.8
1307540 1786.7
1307550 1786.3
1307560 1786.3
1307570 1786.0
1307580 1785.4
1307590 1785.4
1307600 1784.0
1307610 1782.9
1307620 1782.9
1307630 1782.5
1307640 1782.4
1307650 1782.4
1307660 1782.5
1307670 1782.9
1307680 1782.9
1307690 1782.9
1307700 1783.1
1307710 1783.1
1307720 1781.4
1307730 1781.3
1307740 1781.3
1307750 1783.1
1307760 1782.9
1307770 1775.3
1307780 1775.3
1307790 1776.6
1307800 1777.6
1307810 1777.6
1307820 1775.1
1307830 1775.7
1307840 1775.7
1307850 1778.8
1307860 1783.5
1307870 1783.5
1307880 1788.5
1307890 1792.9
1307900 1792.9
1307910 1795.1
1307920 1795.9
1307930 1795.9
1307940 1796.3
1307950 1796.7
1307960 1796.7
1307970 1796.0
1307980 1793.8
1307990 1793.0
1308000 1793.0
1308010 1792.6
1308020 1791.0
1308030 1791.0
1308040 1789.2
1308050 1784.4
1308060 1784.4
1308070 1773.9
1308080 1765.2
1308090 1765.2
1308100 1761.7
1308110 1759.5
1308120 1759.5
1308130 1759.7
1308140 1757.3
1308150 1757.3
1308160 1751.9
1308170 1743.2
1308180 1743.2
1308190 1736.4
1308200 1728.8
1308210 1719.7
1308220 1719.7
1308230 1712.8
1308240 1706.2
1308250 1706.2
1308260 1699.0
1308270 1691.1
1308280 1691.1
1308290 1683.8
1308300 1677.7
1308310 1677.7
1308320 1671.8
1308330 1666.1
1308340 1666.1
1308350 1661.5
1308360 1657.9
1308370 1657.9
1308380 1654.8
1308390 1650.4
1308400 1650.4
1308410 1643.3
1308420 1635.3
1308430 1627.2
1308440 1627.2
1308450 1618.8
1308460 1610.7
1308470 1610.7
1308480 1602.8
1308490 1593.3
1308500 1593.3
1308510 1585.1
1308520 1580.3
1308530 1580.3
1308540 1578.3
1308550 1575.9
1308560 1575.9
1308570 1573.1
1308580 1568.1
1308590 1568.1
1308600 1563.7
1308610 1559.7
1308620 1559.7
1308630 1556.7
1308640 1554.1
1308650 1553.4
1308660 1553.4
1308670 1555.6
1308680 1551.8
1308690 1551.8
1308700 1542.9
1308710 1533.8
1308720 1533.8
1308730 1526.2
1308740 1516.4
1308750 1516.4
1308760 1502.5
1308770 1490.1
1308780 1490.1
1308790 1482.8
1308800 1475.4
1308810 1475.4
1308820 1468.4
1308830 1461.4
1308840 1461.4
1308850 1454.7
1308860 1449.5
1308870 1441.9
1308880 1441.9
1308890 1430.0
1308900 1423.8
1308910 1423.8
1308920 1419.5
1308930 1414.9
1308940 1414.9
1308950 1411.2
1308960 1407.5
1308970 1407.5
1308980 1399.1
1308990 1386.8
1309000 1386.8
1309010 1378.1
1309020 1372.1
1309030 1372.1
1309040 1366.1
1309050 1359.0
1309060 1359.0
1309070 1352.4
1309080 1347.9
1309090 1342.7
1309100 1342.7
1309110 1336.4
1309120 1330.9
1309130 1330.9
1309140 1324.8
1309150 1314.8
1309160 1314.8
1309170 1295.0
1309180 1280.3
1309190 1280.3
1309200 1272.4
1309210 1266.0
1309220 1266.0
1309230 1259.6
1309240 1253.7
1309250 1253.7
1309260 1247.6
1309270 1241.7
1309280 1241.7
1309290 1235.2
1309300 1228.8
1309310 1222.8
1309320 1222.8
1309330 1216.8
1309340 1211.0
1309350 1211.0
1309360 1206.1
1309370 1201.1
1309380 1201.1
1309390 1195.1
1309400 1189.5
1309410 1189.5
1309420 1183.9
1309430 1179.1
1309440 1179.1
1309450 1174.4
1309460 1169.7
1309470 1169.7
1309480 1165.2
1309490 1160.7
1309500 1160.7
1309510 1153.5
1309520 1147.3
1309530 1142.2
1309540 1142.2
1309550 1137.2
1309560 1132.4
1309570 1132.4
1309580 1128.1
1309590 1124.7
1309600 1124.7
1309610 1122.8
1309620 1118.4
1309630 1118.4
1309640 1113.0
1309650 1109.2
1309660 1109.2
1309670 1107.0
1309680 1106.1
1309690 1106.1
1309700 1105.7
1309710 1105.2
1309720 1105.2
1309730 1104.2
1309740 1101.7
1309750 1099.3
1309760 1099.3
1309770 1099.4
1309780 1099.3
1309790 1099.3
1309800 1098.5
1309810 1097.4
1309820 1097.4
1309830 1097.0
1309840 1098.4
1309850 1098.4
1309860 1102.5
1309870 1106.7
1309880 1106.7
1309890 1111.4
1309900 1116.8
1309910 1116.8
1309920 1120.1
1309930 1123.2
1309940 1124.9
1309950 1128.0
1309960 1130.4
1309970 1132.3
1309980 1132.3
1309990 1133.7
1310000 1134.4
1310010 1134.4
1310020 1134.1
1310030 1134.2
1310040 1134.2
1310050 1136.0
1310060 1139.7
1310070 1139.7
1310080 1141.0
1310090 1141.7
1310100 1141.7
1310110 1142.6
1310120 1144.8
1310130 1144.8
1310140 1147.5
1310150 1150.5
1310160 1150.5
1310170 1154.3
1310180 1155.7
1310190 1155.3
1310200 1155.3
1310210 1156.2
1310220 1156.7
1310230 1156.7
1310240 1157.8
1310250 1157.4
1310260 1157.4
1310270 1157.6
1310280 1159.5
1310290 1159.5
1310300 1163.2
1310310 1166.8
1310320 1166.8
1310330 1169.2
1310340 1171.6
1310350 1171.6
1310360 1174.3
1310370 1176.2
1310380 1176.2
1310390 1178.2
1310400 1181.5
1310410 1183.9
1310420 1183.9
1310430 1184.9
1310440 1187.3
1310450 1187.3
1310460 1189.8
1310470 1191.0
1310480 1191.0
1310490 1194.3
1310500 1199.2
1310510 1199.2
1310520 1203.5
1310530 1207.3
1310540 1207.3
1310550 1210.9
1310560 1215.0
1310570 1215.0
1310580 1220.7
1310590 1224.2
1310600 1224.2
1310610 1224.4
1310620 1222.0
1310630 1223.3
1310640 1223.3
1310650 1226.5
1310660 1233.4
1310670 1233.4
1310680 1232.0
1310690 1235.1
1310700 1235.1
1310710 1247.5
1310720 1261.5
1310730 1261.5
1310740 1271.3
1310750 1280.0
1310760 1280.0
1310770 1289.2
1310780 1297.2
1310790 1297.2
1310800 1304.2
1310810 1311.5
1310820 1311.5
1310830 1317.5
1310840 1321.9
1310850 1328.9
1310860 1328.9
1310870 1341.1
1310880 1352.7
1310890 1352.7
1310900 1364.1
1310910 1375.2
1310920 1375.2
1310930 1387.7
1310940 1399.2
1310950 1399.2
1310960 1407.8
1310970 1415.5
1310980 1415.5
1310990 1424.5
1311000 1433.3
1311010 1433.3
1311020 1443.0
1311030 1455.0
1311040 1455.0
1311050 1467.4
1311060 1479.6
1311070 1490.7
1311080 1490.7
1311090 1501.6
1311100 1508.6
1311110 1508.6
1311120 1512.6
1311130 1514.2
1311140 1514.2
1311150 1515.3
1311160 1514.8
1311170 1514.8
1311180 1514.4
1311190 1512.7
1311200 1512.7
1311210 1515.6
1311220 1523.2
1311230 1523.2
1311240 1530.4
1311250 1534.1
1311260 1534.1
1311270 1535.5
1311280 1536.1
1311290 1537.4
1311300 1537.4
1311310 1540.1
1311320 1542.0
1311330 1542.0
1311340 1541.6
1311350 1538.1
1311360 1538.1
1311370 1532.4
1311380 1528.2
1311390 1528.2
1311400 1536.9
1311410 1538.1
1311420 1538.1
1311430 1536.5
1311440 1538.7
1311450 1538.7
1311460 1545.4
1311470 1552.8
1311480 1552.8
1311490 1557.8
1311500 1560.5
1311510 1563.9
1311520 1563.9
1311530 1567.4
1311540 1572.0
1311550 1572.0
1311560 1573.7
1311570 1573.2
1311580 1573.2
1311590 1575.6
1311600 1581.3
1311610 1581.3
1311620 1589.3
1311630 1595.1
1311640 1595.1
1311650 1598.8
1311660 1557.4
1311670 1557.4
1311680 1551.3
1311690 1559.6
1311700 1559.6
1311710 1566.5
1311720 1575.2
1311730 1581.0
1311740 1581.0
1311750 1576.9
1311760 1540.9
1311770 1540.9
1311780 1499.4
1311790 1498.9
1311800 1498.9
1311810 1505.0
1311820 1513.9
1311830 1513.9
1311840 1526.5
1311850 1539.6
1311860 1539.6
1311870 1550.3
1311880 1559.0
1311890 1559.0
1311900 1566.0
1311910 1562.0
1311920 1562.0
1311930 1546.0
1311940 1550.6
1311950 1559.8
1311960 1559.8
1311970 1571.8
1311980 1580.4
1311990 1580.4
1312000 1587.9
1312010 1595.0
1312020 1595.0
1312030 1601.8
1312040 1608.9
1312050 1608.9
1312060 1614.4
1312070 1624.1
1312080 1624.1
1312090 1631.2
1312100 1632.5
1312110 1632.5
1312120 1634.6
1312130 1651.0
1312140 1651.0
1312150 1656.4
1312160 1661.7
1312170 1669.6
1312180 1669.6
1312190 1679.3
1312200 1688.0
1312210 1688.0
1312220 1692.7
1312230 1696.8
1312240 1696.8
1312250 1703.1
1312260 1711.2
1312270 1711.2
1312280 1717.5
1312290 1722.5
1312300 1722.5
1312310 1727.4
1312320 1733.4
1312330 1733.4
1312340 1737.9
1312350 1741.8
1312360 1741.8
1312370 1745.4
1312380 1749.6
1312390 1756.5
1312400 1756.5
1312410 1763.6
1312420 1770.8
1312430 1770.8
1312440 1779.8
1312450 1792.3
1312460 1792.3
1312470 1802.3
1312480 1810.6
1312490 1810.6
1312500 1819.0
1312510 1824.6
1312520 1824.6
1312530 1826.9
1312540 1829.7
1312550 1829.7
1312560 1834.5
1312570 1841.1
1312580 1841.1
1312590 1847.7
1312600 1856.7
1312610 1862.0
1312620 1862.0
1312630 1865.2
1312640 1868.4
1312650 1868.4
1312660 1873.2
1312670 1878.4
1312680 1878.4
1312690 1883.5
1312700 1888.8
1312710 1888.8
1312720 1893.9
1312730 1898.1
1312740 1898.1
1312750 1901.5
1312760 1905.4
1312770 1905.4
1312780 1907.1
1312790 1907.6
1312800 1907.6
1312810 1907.2
1312820 1907.4
1312830 1907.7
1312840 1907.7
1312850 1905.8
1312860 1904.0
1312870 1909.0
1312880 1910.4
1312890 1909.6
1312900 1909.6
1312910 1905.9
1312920 1898.1
1312930 1898.1
1312940 1892.2
1312950 1885.2
1312960 1885.2
1312970 1876.4
1312980 1868.3
1312990 1868.3
1313000 1858.8
1313010 1848.9
1313020 1848.9
1313030 1838.7
1313040 1828.9
1313050 1819.4
1313060 1819.4
1313070 1810.1
1313080 1801.0
1313090 1801.0
1313100 1786.0
1313110 1756.1
1313120 1756.1
1313130 1715.7
1313140 1674.5
1313150 1674.5
1313160 1650.3
1313170 1629.1
1313180 1629.1
1313190 1623.2
1313200 1617.3
1313210 1617.3
1313220 1611.0
1313230 1604.7
1313240 1604.7
1313250 1607.1
1313260 1608.2
1313270 1599.8
1313280 1599.8
1313290 1585.7
1313300 1562.2
1313310 1562.2
1313320 1551.6
1313330 1544.2
1313340 1544.2
1313350 1537.1
1313360 1530.7
1313370 1530.7
1313380 1525.2
1313390 1519.7
1313400 1519.7
1313410 1513.9
1313420 1508.1
1313430 1508.1
1313440 1502.6
1313450 1496.9
1313460 1496.9
1313470 1490.7
1313480 1485.0
1313490 1479.8
1313500 1479.8
1313510 1475.4
1313520 1471.4
1313530 1471.4
1313540 1466.8
1313550 1462.8
1313560 1462.8
1313570 1457.8
1313580 1455.6
1313590 1455.6
1313600 1455.7
1313610 1457.9
1313620 1457.9
1313630 1457.5
1313640 1457.1
1313650 1457.1
1313660 1456.6
1313670 1455.7
1313680 1455.7
1313690 1455.3
1313700 1455.2
1313710 1456.1
1313720 1456.1
1313730 1459.3
1313740 1461.2
1313750 1461.2
1313760 1463.3
1313770 1465.9
1313780 1465.9
1313790 1469.5
1313800 1473.7
1313810 1473.7
1313820 1477.8
1313830 1482.2
1313840 1482.2
1313850 1486.4
1313860 1490.2
1313870 1490.2
1313880 1494.3
1313890 1498.3
1313900 1498.3
1313910 1501.9
1313920 1506.8
1313930 1511.6
1313940 1511.6
1313950 1516.8
1313960 1522.1
1313970 1522.1
1313980 1527.7
1313990 1533.9
1314000 1533.9
1314010 1540.3
1314020 1546.8
1314030 1546.8
1314040 1554.1
1314050 1562.1
1314060 1562.1
1314070 1569.8
1314080 1577.1
1314090 1577.1
1314100 1586.0
1314110 1595.8
1314120 1595.8
1314130 1601.8
1314140 1608.7
1314150 1617.4
1314160 1617.4
1314170 1627.1
1314180 1638.0
1314190 1638.0
1314200 1650.4
1314210 1661.7
1314220 1661.7
1314230 1671.3
1314240 1684.1
1314250 1684.1
1314260 1696.6
1314270 1708.2
1314280 1708.2
1314290 1718.1
1314300 1727.8
1314310 1727.8
1314320 1737.2
1314330 1746.6
1314340 1746.6
1314350 1761.5
1314360 1769.6
1314370 1777.5
1314380 1777.5
1314390 1785.8
1314400 1793.1
1314410 1793.1
1314420 1801.3
1314430 1809.8
1314440 1809.8
1314450 1818.1
1314460 1827.5
1314470 1827.5
1314480 1836.3
1314490 1844.1
1314500 1844.1
1314510 1851.8
1314520 1859.7
1314530 1859.7
1314540 1867.4
1314550 1870.1
1314560 1870.1
1314570 1867.3
1314580 1863.4
1314590 1856.8
1314600 1856.8
1314610 1849.7
1314620 1849.8
1314630 1849.8
1314640 1858.2
1314650 1869.8
1314660 1869.8
1314670 1880.8
1314680 1893.1
1314690 1893.1
1314700 1904.6
1314710 1914.9
1314720 1914.9
1314730 1925.0
1314740 1931.9
1314750 1931.9
1314760 1935.2
1314770 1936.7
1314780 1936.7
1314790 1939.5
1314800 1942.0
1314810 1946.4
1314820 1946.4
1314830 1952.2
1314840 1960.1
1314850 1960.1
1314860 1968.2
1314870 1977.5
1314880 1977.5
1314890 1989.4
1314900 2001.7
1314910 2001.7
1314920 2012.9
1314930 2021.6
1314940 2021.6
1314950 2026.2
1314960 2029.6
1314970 2029.6
1314980 2031.9
1314990 2032.5
1315000 2032.5
1315010 2032.2
1315020 2030.2
1315030 2028.2
1315040 2028.2
1315050 2029.0
1315060 2030.5
1315070 2030.5
1315080 2031.9
1315090 2032.8
1315100 2023.1
1315110 2029.8
1315120 2037.6
1315130 2037.6
1315140 2045.0
1315150 2052.7
1315160 2052.7
1315170 2060.3
1315180 2068.0
1315190 2068.0
1315200 2075.6
1315210 2084.8
1315220 2084.8
1315230 2093.9
1315240 2101.5
1315250 2108.9
1315260 2108.9
1315270 2116.2
1315280 2122.3
1315290 2122.3
1315300 2128.0
1315310 2135.1
1315320 2135.1
1315330 2142.6
1315340 2150.7
1315350 2150.7
1315360 2158.9
1315370 2167.5
1315380 2167.5
1315390 2175.5
1315400 2183.7
1315410 2183.7
1315420 2191.8
1315430 2200.2
1315440 2200.2
1315450 2208.3
1315460 2214.6
1315470 2221.1
1315480 2221.1
1315490 2227.4
1315500 2233.7
1315510 2233.7
1315520 2241.1
1315530 2249.0
1315540 2249.0
1315550 2256.4
1315560 2263.5
1315570 2263.5
1315580 2270.6
1315590 2278.2
1315600 2278.2
1315610 2285.5
1315620 2293.1
1315630 2293.1
1315640 2301.5
1315650 2310.9
1315660 2310.9
1315670 2319.6
1315680 2327.1
1315690 2335.0
1315700 2335.0
1315710 2343.1
1315720 2350.4
1315730 2350.4
1315740 2356.5
1315750 2363.0
1315760 2363.0
1315770 2370.1
1315780 2377.5
1315790 2377.5
1315800 2384.3
1315810 2391.2
1315820 2391.2
1315830 2398.4
1315840 2406.8
1315850 2411.1
1315860 2420.4
1315870 2428.8
1315880 2428.8
1315890 2436.5
1315900 2444.8
1315910 2454.5
1315920 2454.5
1315930 2467.7
1315940 2479.7
1315950 2479.7
1315960 2491.6
1315970 2504.0
1315980 2504.0
1315990 2503.0
1316000 2493.7
1316010 2493.7
1316020 2482.9
1316030 2471.2
1316040 2471.2
1316050 2461.3
1316060 2451.5
1316070 2451.5
1316080 2440.8
1316090 2431.0
1316100 2431.0
1316110 2423.1
1316120 2416.1
1316130 2410.1
1316140 2410.1
1316150 2406.3
1316160 2401.1
1316170 2401.1
1316180 2399.5
1316190 2397.4
1316200 2397.4
1316210 2396.9
1316220 2393.8
1316230 2393.8
1316240 2391.5
1316250 2390.7
1316260 2390.7
1316270 2389.5
1316280 2388.5
1316290 2388.5
1316300 2382.6
1316310 2366.8
1316320 2366.8
1316330 2352.0
1316340 2337.5
1316350 2324.6
1316360 2324.6
1316370 2311.2
1316380 2295.3
1316390 2295.3
1316400 2283.0
1316410 2275.4
1316420 2275.4
1316430 2265.7
1316440 2257.4
1316450 2257.4
1316460 2253.0
1316470 2250.7
1316480 2250.7
1316490 2247.0
1316500 2240.1
1316510 2240.1
1316520 2231.6
1316530 2218.7
1316540 2218.7
1316550 2213.0
1316560 2212.2
1316570 2203.1
1316580 2203.1
1316590 2194.2
1316600 2189.4
1316610 2189.4
1316620 2182.1
1316630 2173.7
1316640 2173.7
1316650 2164.8
1316660 2152.7
1316670 2152.7
1316680 2136.9
1316690 2124.0
1316700 2124.0
1316710 2112.5
1316720 2102.9
1316730 2102.9
1316740 2094.9
1316750 2087.7
1316760 2087.7
1316770 2081.3
1316780 2074.7
1316790 2068.2
1316800 2068.2
1316810 2062.2
1316820 2056.4
1316830 2056.4
1316840 2051.9
1316850 2046.2
1316860 2046.2
1316870 2036.6
1316880 2027.1
1316890 2027.1
1316900 2017.9
1316910 2010.0
1316920 2010.0
1316930 2002.9
1316940 1996.8
1316950 1996.8
1316960 1991.1
1316970 1985.1
1316980 1985.1
1316990 1979.5
1317000 1973.2
1317010 1966.8
1317020 1966.8
1317030 1959.6
1317040 1951.9
1317050 1951.9
1317060 1945.2
1317070 1938.8
1317080 1938.8
1317090 1932.4
1317100 1926.2
1317110 1926.2
1317120 1918.9
1317130 1910.8
1317140 1910.8
1317150 1903.3
1317160 1895.5
1317170 1895.5
1317180 1887.2
1317190 1878.1
1317200 1878.1
1317210 1867.8
1317220 1859.1
1317230 1851.1
1317240 1851.1
1317250 1844.3
1317260 1840.2
1317270 1840.2
1317280 1841.6
1317290 1846.3
1317300 1846.3
1317310 1848.5
1317320 1845.1
1317330 1845.1
1317340 1840.5
1317350 1836.7
1317360 1843.0
1317370 1837.0
1317380 1831.7
1317390 1831.7
1317400 1826.4
1317410 1825.9
1317420 1825.9
1317430 1822.8
1317440 1818.2
1317450 1812.0
1317460 1812.0
1317470 1803.2
1317480 1797.5
1317490 1797.5
1317500 1802.1
1317510 1802.1
1317520 1802.1
1317530 1802.1
1317540 1807.1
1317550 1807.1
1317560 1810.5
1317570 1813.8
1317580 1813.8
1317590 1815.4
1317600 1813.9
1317610 1813.9
1317620 1813.9
1317630 1814.6
1317640 1814.6
1317650 1810.2
1317660 1804.4
1317670 1802.0
1317680 1802.0
1317690 1801.9
1317700 1802.8
1317710 1802.8
1317720 1803.8
1317730 1805.2
1317740 1805.2
1317750 1805.7
1317760 1804.6
1317770 1804.6
1317780 1801.8
1317790 1794.1
1317800 1794.1
1317810 1792.4
1317820 1788.4
1317830 1788.4
1317840 1783.5
1317850 1781.7
1317860 1781.7
1317870 1780.0
1317880 1774.4
1317890 1755.9
1317900 1755.9
1317910 1715.8
1317920 1667.3
1317930 1667.3
1317940 1630.6
1317950 1620.3
1317960 1620.3
1317970 1608.9
1317980 1603.1
1317990 1603.1
1318000 1586.5
1318010 1559.4
1318020 1559.4
1318030 1516.2
1318040 1468.4
1318050 1468.4
1318060 1463.8
1318070 1458.5
1318080 1458.5
1318090 1453.1
1318100 1448.2
1318110 1443.4
1318120 1449.1
1318130 1444.0
1318140 1438.8
1318150 1438.8
1318160 1434.9
1318170 1432.0
1318180 1432.0
1318190 1428.9
1318200 1424.2
1318210 1424.2
1318220 1420.5
1318230 1416.4
1318240 1416.4
1318250 1412.5
1318260 1408.0
1318270 1408.0
1318280 1403.5
1318290 1399.0
1318300 1399.0
1318310 1394.6
1318320 1389.4
1318330 1384.7
1318340 1384.7
1318350 1379.6
1318360 1373.2
1318370 1373.2
1318380 1366.5
1318390 1361.3
1318400 1361.3
1318410 1355.8
1318420 1349.9
1318430 1349.9
1318440 1344.0
1318450 1338.0
1318460 1338.0
1318470 1332.3
1318480 1327.1
1318490 1327.1
1318500 1323.7
1318510 1321.2
1318520 1321.2
1318530 1318.4
1318540 1317.0
1318550 1317.7
1318560 1317.7
1318570 1317.6
1318580 1316.8
1318590 1316.8
1318600 1318.4
1318610 1319.0
1318620 1319.0
1318630 1319.0
1318640 1319.8
1318650 1319.8
1318660 1320.8
1318670 1321.5
1318680 1321.5
1318690 1322.0
1318700 1322.5
1318710 1322.5
1318720 1323.7
1318730 1326.2
1318740 1326.2
1318750 1328.8
1318760 1331.4
1318770 1334.7
1318780 1334.7
1318790 1338.7
1318800 1342.5
1318810 1342.5
1318820 1346.4
1318830 1351.0
1318840 1351.0
1318850 1355.7
1318860 1360.2
1318870 1360.2
1318880 1363.7
1318890 1368.2
1318900 1368.2
1318910 1372.8
1318920 1377.5
1318930 1377.5
1318940 1382.0
1318950 1386.5
1318960 1386.5
1318970 1391.0
1318980 1395.5
1318990 1399.8
1319000 1399.8
1319010 1403.9
1319020 1407.9
1319030 1407.9
1319040 1412.2
1319050 1415.1
1319060 1415.1
1319070 1419.4
1319080 1424.6
1319090 1424.6
1319100 1430.8
1319110 1437.5
1319120 1437.5
1319130 1443.7
1319140 1450.1
1319150 1450.1
1319160 1456.4
1319170 1463.5
1319180 1463.5
1319190 1470.8
1319200 1478.4
1319210 1486.4
1319220 1486.4
1319230 1494.2
1319240 1505.1
1319250 1505.1
1319260 1519.6
1319270 1534.3
1319280 1534.3
1319290 1557.0
1319300 1594.6
1319310 1594.6
1319320 1609.9
1319330 1621.5
1319340 1621.5
1319350 1636.8
1319360 1649.6
1319370 1649.6
1319380 1663.6
1319390 1676.7
1319400 1676.7
1319410 1686.0
1319420 1694.3
1319430 1706.6
1319440 1706.6
1319450 1719.1
1319460 1730.4
1319470 1730.4
1319480 1742.1
1319490 1753.9
1319500 1753.9
1319510 1764.8
1319520 1769.7
1319530 1769.7
1319540 1773.0
1319550 1778.6
1319560 1778.6
1319570 1781.8
1319580 1790.6
1319590 1790.6
1319600 1799.5
1319610 1803.4
1319620 1803.4
1319630 1803.6
1319640 1803.9
1319650 1790.6
1319660 1790.6
1319670 1785.2
1319680 1774.2
1319690 1774.2
1319700 1764.6
1319710 1765.9
1319720 1765.9
1319730 1768.5
1319740 1768.7
1319750 1768.7
1319760 1770.1
1319770 1773.7
1319780 1773.7
1319790 1775.8
1319800 1776.2
1319810 1776.2
1319820 1778.4
1319830 1780.2
1319840 1780.2
1319850 1783.1
1319860 1787.4
1319870 1790.9
1319880 1790.9
1319890 1793.4
1319900 1792.9
1319910 1792.9
1319920 1794.4
1319930 1797.3
1319940 1797.3
1319950 1799.3
1319960 1802.3
1319970 1802.3
1319980 1805.1
1319990 1808.6
