1300000 2201.1
1300010 2201.1
1300020 2201.9
1300030 2203.1
1300040 2203.1
1300050 2204.4
1300060 2207.9
1300070 2207.9
1300080 2208.2
1300090 2206.7
1300100 2206.6
1300110 2206.6
1300120 2208.9
1300130 2210.9
1300140 2210.9
1300150 2212.2
1300160 2213.2
1300170 2213.2
1300180 2213.5
1300190 2215.0
1300200 2215.0
1300210 2217.0
1300220 2219.2
1300230 2219.2
1300240 2221.2
1300250 2224.4
1300260 2224.4
1300270 2226.9
1300280 2229.7
1300290 2229.7
1300300 2233.6
1300310 2238.4
1300320 2242.7
1300330 2242.7
1300340 2246.5
1300350 2249.9
1300360 2249.9
1300370 2253.9
1300380 2259.5
1300390 2259.5
1300400 2264.8
1300410 2268.6
1300420 2268.6
1300430 2272.1
1300440 2276.0
1300450 2276.0
1300460 2279.6
1300470 2283.3
1300480 2283.3
1300490 2287.8
1300500 2292.1
1300510 2292.1
1300520 2295.9
1300530 2299.8
1300540 2303.5
1300550 2303.5
1300560 2307.0
1300570 2310.5
1300580 2310.5
1300590 2313.1
1300600 2315.4
1300610 2315.4
1300620 2318.1
1300630 2320.4
1300640 2320.4
1300650 2322.4
1300660 2323.0
1300670 2323.0
1300680 2325.1
1300690 2327.3
1300700 2327.3
1300710 2329.8
1300720 2332.7
1300730 2332.7
1300740 2336.9
1300750 2342.3
1300760 2347.2
1300770 2347.2
1300780 2350.6
1300790 2355.0
1300800 2355.0
1300810 2359.7
1300820 2365.6
1300830 2365.6
1300840 2370.1
1300850 2373.2
1300860 2373.2
1300870 2376.1
1300880 2380.0
1300890 2380.0
1300900 2383.7
1300910 2386.7
1300920 2386.7
1300930 2390.2
1300940 2394.4
1300950 2394.4
1300960 2398.4
1300970 2401.6
1300980 2404.6
1300990 2404.6
1301000 2406.7
1301010 2409.7
1301020 2409.7
1301030 2411.9
1301040 2413.7
1301050 2413.7
1301060 2415.3
1301070 2418.4
1301080 2418.4
1301090 2421.0
1301100 2421.3
1301110 2421.3
1301120 2422.3
1301130 2426.3
1301140 2426.3
1301150 2431.4
1301160 2434.6
1301170 2434.6
1301180 2438.3
1301190 2440.9
1301200 2443.5
1301210 2443.5
1301220 2445.8
1301230 2448.3
1301240 2448.3
1301250 2450.5
1301260 2453.5
1301270 2453.5
1301280 2457.1
1301290 2459.6
1301300 2459.6
1301310 2463.3
1301320 2468.3
1301330 2468.3
1301340 2473.6
1301350 2479.5
1301360 2479.5
1301370 2484.5
1301380 2489.8
1301390 2489.8
1301400 2495.8
1301410 2502.2
1301420 2509.2
1301430 2509.2
1301440 2516.8
1301450 2524.4
1301460 2524.4
1301470 2531.8
1301480 2538.8
1301490 2538.8
1301500 2545.5
1301510 2552.3
1301520 2552.3
1301530 2558.9
1301540 2564.9
1301550 2564.9
1301560 2570.1
1301570 2573.6
1301580 2573.6
1301590 2581.3
1301600 2587.6
1301610 2587.6
1301620 2595.8
1301630 2605.2
1301640 2614.2
1301650 2614.2
1301660 2624.2
1301670 2637.9
1301680 2637.9
1301690 2648.1
1301700 2656.8
1301710 2656.8
1301720 2665.4
1301730 2673.5
1301740 2673.5
1301750 2677.6
1301760 2682.8
1301770 2682.8
1301780 2689.7
1301790 2698.5
1301800 2698.5
1301810 2707.7
1301820 2715.3
1301830 2715.3
1301840 2722.6
1301850 2731.1
1301860 2741.0
1301870 2741.0
1301880 2749.9
1301890 2756.7
1301900 2756.7
1301910 2763.7
1301920 2770.7
1301930 2770.7
1301940 2773.4
1301950 2772.8
1301960 2772.8
1301970 2776.7
1301980 2780.1
1301990 2780.1
1302000 2785.4
1302010 2792.1
1302020 2792.1
1302030 2800.3
1302040 2815.0
1302050 2827.2
1302060 2845.0
1302070 2858.3
1302080 2870.5
1302090 2870.5
1302100 2877.0
1302110 2884.3
1302120 2884.3
1302130 2891.6
1302140 2898.2
1302150 2898.2
1302160 2906.9
1302170 2915.5
1302180 2915.5
1302190 2922.6
1302200 2932.7
1302210 2932.7
1302220 2941.4
1302230 2948.8
1302240 2948.8
1302250 2954.6
1302260 2963.2
1302270 2963.2
1302280 2972.4
1302290 2981.0
1302300 2989.6
1302310 2989.6
1302320 2996.5
1302330 3002.5
1302340 3002.5
1302350 3009.4
1302360 3016.7
1302370 3016.7
1302380 3024.2
1302390 3032.2
1302400 3032.2
1302410 3040.2
1302420 3049.1
1302430 3049.1
1302440 3059.1
1302450 3067.8
1302460 3067.8
1302470 3075.1
1302480 3079.4
1302490 3079.4
1302500 3081.2
1302510 3083.9
1302520 3086.4
1302530 3086.4
1302540 3088.6
1302550 3090.7
1302560 3090.7
1302570 3093.3
1302580 3096.6
1302590 3096.6
1302600 3100.1
1302610 3103.2
1302620 3103.2
1302630 3105.9
1302640 3108.4
1302650 3108.4
1302660 3110.9
1302670 3113.1
1302680 3113.1
1302690 3115.8
1302700 3119.1
1302710 3119.1
1302720 3121.9
1302730 3123.6
1302740 3124.6
1302750 3127.7
1302760 3129.3
1302770 3130.2
1302780 3130.2
1302790 3130.7
1302800 3130.7
1302810 3130.7
1302820 3130.5
1302830 3130.3
1302840 3130.3
1302850 3130.5
1302860 3130.4
1302870 3130.4
1302880 3129.7
1302890 3128.1
1302900 3128.1
1302910 3127.0
1302920 3126.6
1302930 3126.6
1302940 3126.4
1302950 3126.1
1302960 3126.3
1302970 3126.3
1302980 3126.4
1302990 3126.2
1303000 3126.2
1303010 3124.9
1303020 3124.1
1303030 3124.1
1303040 3123.4
1303050 3123.0
1303060 3123.0
1303070 3122.2
1303080 3121.5
1303090 3121.5
1303100 3120.7
1303110 3120.1
1303120 3120.1
1303130 3119.1
1303140 3116.8
1303150 3116.8
1303160 3113.8
1303170 3111.1
1303180 3108.8
1303190 3108.8
1303200 3106.8
1303210 3104.7
1303220 3104.7
1303230 3102.4
1303240 3099.8
1303250 3099.8
1303260 3097.2
1303270 3094.6
1303280 3094.6
1303290 3091.8
1303300 3089.0
1303310 3089.0
1303320 3086.2
1303330 3083.2
1303340 3083.2
1303350 3080.1
1303360 3076.8
1303370 3076.8
1303380 3073.5
1303390 3070.0
1303400 3066.4
1303410 3066.4
1303420 3062.8
1303430 3059.1
1303440 3061.6
1303450 3057.8
1303460 3054.1
1303470 3054.1
1303480 3050.2
1303490 3046.4
1303500 3046.4
1303510 3042.5
1303520 3038.5
1303530 3038.5
1303540 3034.5
1303550 3030.3
1303560 3030.3
1303570 3026.2
1303580 3022.0
1303590 3022.0
1303600 3017.7
1303610 3013.2
1303620 3008.7
1303630 3008.7
1303640 3004.1
1303650 2999.5
1303660 2999.5
1303670 2994.7
1303680 2990.0
1303690 2990.0
1303700 2985.2
1303710 2980.4
1303720 2980.4
1303730 2975.7
1303740 2971.1
1303750 2971.1
1303760 2966.4
1303770 2961.5
1303780 2961.5
1303790 2957.2
1303800 2953.0
1303810 2953.0
1303820 2948.9
1303830 2945.2
1303840 2941.4
1303850 2941.4
1303860 2936.6
1303870 2932.4
1303880 2932.4
1303890 2928.7
1303900 2925.3
1303910 2925.3
1303920 2921.5
1303930 2917.1
1303940 2917.1
1303950 2913.5
1303960 2910.2
1303970 2910.2
1303980 2907.7
1303990 2906.3
1304000 2906.3
1304010 2904.6
1304020 2901.5
1304030 2901.5
1304040 2896.9
1304050 2891.0
1304060 2887.5
1304070 2887.5
1304080 2885.2
1304090 2882.7
1304100 2882.7
1304110 2878.8
1304120 2873.7
1304130 2873.7
1304140 2868.9
1304150 2865.7
1304160 2865.7
1304170 2860.1
1304180 2854.6
1304190 2854.6
1304200 2848.3
1304210 2842.7
1304220 2842.7
1304230 2838.1
1304240 2831.4
1304250 2831.4
1304260 2826.3
1304270 2823.2
1304280 2817.0
1304290 2817.0
1304300 2808.2
1304310 2803.9
1304320 2803.9
1304330 2800.9
1304340 2797.5
1304350 2797.5
1304360 2793.9
1304370 2789.7
1304380 2789.7
1304390 2784.5
1304400 2780.2
1304410 2780.2
1304420 2774.5
1304430 2767.9
1304440 2767.9
1304450 2762.4
1304460 2756.1
1304470 2756.1
1304480 2750.2
1304490 2746.1
1304500 2742.4
1304510 2742.4
1304520 2736.1
1304530 2731.1
1304540 2731.1
1304550 2726.0
1304560 2720.8
1304570 2720.8
1304580 2716.5
1304590 2710.9
1304600 2710.9
1304610 2706.0
1304620 2702.2
1304630 2702.2
1304640 2698.6
1304650 2694.7
1304660 2694.7
1304670 2690.6
1304680 2686.6
1304690 2686.6
1304700 2682.7
1304710 2678.9
1304720 2675.0
1304730 2675.0
1304740 2671.2
1304750 2668.0
1304760 2668.0
1304770 2665.5
1304780 2663.5
1304790 2663.5
1304800 2661.8
1304810 2660.4
1304820 2660.4
1304830 2659.2
1304840 2658.2
1304850 2660.3
1304860 2659.4
1304870 2657.2
1304880 2657.2
1304890 2653.3
1304900 2649.5
1304910 2649.5
1304920 2646.1
1304930 2643.3
1304940 2640.5
1304950 2640.5
1304960 2634.9
1304970 2631.0
1304980 2631.0
1304990 2626.0
1305000 2619.8
1305010 2619.8
1305020 2612.2
1305030 2605.9
1305040 2605.9
1305050 2600.4
1305060 2595.7
1305070 2595.7
1305080 2590.8
1305090 2584.3
1305100 2584.3
1305110 2579.2
1305120 2575.4
1305130 2575.4
1305140 2571.2
1305150 2568.1
1305160 2566.3
1305170 2566.3
1305180 2565.2
1305190 2562.1
1305200 2562.1
1305210 2559.0
1305220 2555.2
1305230 2555.2
1305240 2548.1
1305250 2537.5
1305260 2537.5
1305270 2530.4
1305280 2529.6
1305290 2529.6
1305300 2528.1
1305310 2519.3
1305320 2519.3
1305330 2515.6
1305340 2515.3
1305350 2515.3
1305360 2515.5
1305370 2515.5
1305380 2511.5
1305390 2511.5
1305400 2505.4
1305410 2494.3
1305420 2494.3
1305430 2474.8
1305440 2469.2
1305450 2469.2
1305460 2464.5
1305470 2457.3
1305480 2457.3
1305490 2450.7
1305500 2446.4
1305510 2446.4
1305520 2439.2
1305530 2435.0
1305540 2435.0
1305550 2429.8
1305560 2423.3
1305570 2423.3
1305580 2417.1
1305590 2411.7
1305600 2408.4
1305610 2408.4
1305620 2407.0
1305630 2406.7
1305640 2406.7
1305650 2406.5
1305660 2406.8
1305670 2406.8
1305680 2409.0
1305690 2411.5
1305700 2411.5
1305710 2412.2
1305720 2411.0
1305730 2411.0
1305740 2407.9
1305750 2403.3
1305760 2403.3
1305770 2397.7
1305780 2393.7
1305790 2393.7
1305800 2390.5
1305810 2386.9
1305820 2382.4
1305830 2382.4
1305840 2375.8
1305850 2368.9
1305860 2368.9
1305870 2364.5
1305880 2358.0
1305890 2358.0
1305900 2350.4
1305910 2343.5
1305920 2343.5
1305930 2337.0
1305940 2330.6
1305950 2330.6
1305960 2324.5
1305970 2318.1
1305980 2318.1
1305990 2313.4
1306000 2310.0
1306010 2310.0
1306020 2303.2
1306030 2294.4
1306040 2286.4
1306050 2286.4
1306060 2278.1
1306070 2267.3
1306080 2267.3
1306090 2257.0
1306100 2249.8
1306110 2249.8
1306120 2244.4
1306130 2238.5
1306140 2238.5
1306150 2232.1
1306160 2225.9
1306170 2225.9
1306180 2218.6
1306190 2211.0
1306200 2211.0
1306210 2203.4
1306220 2197.1
1306230 2197.1
1306240 2193.1
1306250 2187.8
1306260 2183.9
1306270 2184.1
1306280 2175.5
1306290 2167.4
1306300 2167.4
1306310 2163.3
1306320 2157.6
1306330 2157.6
1306340 2150.4
1306350 2143.4
1306360 2143.4
1306370 2138.1
1306380 2122.2
1306390 2122.2
1306400 2108.3
1306410 2102.7
1306420 2102.7
1306430 2100.3
1306440 2096.1
1306450 2096.1
1306460 2092.3
1306470 2089.7
1306480 2087.3
1306490 2087.3
1306500 2085.3
1306510 2084.5
1306520 2084.5
1306530 2082.2
1306540 2079.9
1306550 2079.9
1306560 2077.3
1306570 2072.4
1306580 2072.4
1306590 2068.0
1306600 2064.3
1306610 2064.3
1306620 2064.1
1306630 2063.1
1306640 2063.1
1306650 2062.5
1306660 2061.2
1306670 2061.2
1306680 2058.9
1306690 2058.3
1306700 2057.5
1306710 2057.5
1306720 2057.0
1306730 2056.6
1306740 2056.6
1306750 2056.7
1306760 2058.3
1306770 2058.3
1306780 2059.5
1306790 2060.8
1306800 2060.8
1306810 2063.2
1306820 2065.7
1306830 2065.7
1306840 2067.3
1306850 2068.7
1306860 2068.7
1306870 2071.6
1306880 2074.2
1306890 2074.2
1306900 2076.5
1306910 2078.5
1306920 2082.4
1306930 2082.4
1306940 2086.9
1306950 2091.1
1306960 2091.1
1306970 2097.0
1306980 2097.5
1306990 2097.5
1307000 2102.1
1307010 2106.0
1307020 2106.0
1307030 2108.8
1307040 2111.7
1307050 2111.7
1307060 2114.2
1307070 2116.4
1307080 2116.4
1307090 2118.4
1307100 2119.8
1307110 2119.8
1307120 2122.1
1307130 2124.4
1307140 2126.8
1307150 2126.8
1307160 2128.9
1307170 2130.9
1307180 2130.9
1307190 2132.5
1307200 2134.5
1307210 2134.5
1307220 2136.0
1307230 2136.4
1307240 2136.4
1307250 2134.5
1307260 2133.0
1307270 2133.0
1307280 2131.7
1307290 2130.7
1307300 2130.7
1307310 2131.3
1307320 2133.1
1307330 2133.1
1307340 2135.4
1307350 2139.2
1307360 2144.6
1307370 2144.6
1307380 2150.8
1307390 2155.6
1307400 2155.6
1307410 2157.5
1307420 2159.5
1307430 2159.5
1307440 2156.0
1307450 2148.0
1307460 2148.0
1307470 2148.8
1307480 2150.8
1307490 2150.8
1307500 2151.9
1307510 2153.9
1307520 2153.9
1307530 2152.3
1307540 2149.4
1307550 2149.4
1307560 2148.5
1307570 2149.9
1307580 2151.4
1307590 2151.4
1307600 2152.7
1307610 2150.5
1307620 2150.5
1307630 2146.3
1307640 2145.2
1307650 2145.2
1307660 2145.4
1307670 2142.3
1307680 2142.3
1307690 2141.0
1307700 2131.7
1307710 2131.7
1307720 2130.6
1307730 2130.3
1307740 2130.3
1307750 2132.3
1307760 2132.6
1307770 2132.6
1307780 2130.4
1307790 2127.5
1307800 2124.4
1307810 2124.4
1307820 2120.8
1307830 2116.1
1307840 2116.1
1307850 2110.7
1307860 2105.4
1307870 2105.4
1307880 2099.5
1307890 2092.7
1307900 2092.7
1307910 2088.0
1307920 2085.0
1307930 2085.0
1307940 2081.4
1307950 2076.4
1307960 2076.4
1307970 2072.9
1307980 2069.5
1307990 2069.5
1308000 2066.1
1308010 2061.3
1308020 2056.4
1308030 2056.4
1308040 2050.0
1308050 2044.2
1308060 2044.2
1308070 2042.1
1308080 2038.8
1308090 2038.8
1308100 2032.2
1308110 2025.0
1308120 2025.0
1308130 2017.9
1308140 2010.7
1308150 2010.7
1308160 2002.6
1308170 1997.6
1308180 1997.6
1308190 1993.5
1308200 1988.5
1308210 1988.5
1308220 1982.7
1308230 1978.4
1308240 1974.3
1308250 1974.3
1308260 1968.6
1308270 1963.2
1308280 1963.2
1308290 1960.5
1308300 1959.1
1308310 1959.1
1308320 1950.8
1308330 1939.8
1308340 1939.8
1308350 1929.7
1308360 1919.5
1308370 1919.5
1308380 1907.4
1308390 1897.5
1308400 1897.5
1308410 1890.9
1308420 1883.6
1308430 1883.6
1308440 1876.8
1308450 1870.4
1308460 1864.1
1308470 1864.1
1308480 1856.7
1308490 1847.2
1308500 1847.2
1308510 1837.5
1308520 1827.5
1308530 1827.5
1308540 1818.1
1308550 1814.2
1308560 1814.2
1308570 1814.2
1308580 1814.4
1308590 1814.4
1308600 1812.3
1308610 1806.5
1308620 1806.5
1308630 1803.2
1308640 1799.4
1308650 1799.4
1308660 1794.2
1308670 1782.1
1308680 1765.8
1308690 1765.8
1308700 1751.3
1308710 1741.9
1308720 1741.9
1308730 1739.0
1308740 1740.0
1308750 1740.0
1308760 1733.7
1308770 1724.6
1308780 1724.6
1308790 1716.4
1308800 1708.6
1308810 1708.6
1308820 1702.9
1308830 1694.5
1308840 1694.5
1308850 1685.0
1308860 1676.9
1308870 1676.9
1308880 1667.7
1308890 1661.2
1308900 1655.8
1308910 1655.8
1308920 1654.6
1308930 1650.8
1308940 1650.8
1308950 1646.0
1308960 1639.2
1308970 1639.2
1308980 1632.0
1308990 1624.5
1309000 1624.5
1309010 1616.7
1309020 1608.6
1309030 1608.6
1309040 1603.4
1309050 1602.4
1309060 1602.4
1309070 1598.4
1309080 1588.8
1309090 1588.8
1309100 1581.5
1309110 1573.4
1309120 1564.1
1309130 1564.1
1309140 1555.8
1309150 1546.2
1309160 1546.2
1309170 1537.7
1309180 1531.5
1309190 1531.5
1309200 1527.3
1309210 1524.4
1309220 1524.4
1309230 1523.8
1309240 1522.7
1309250 1522.7
1309260 1520.1
1309270 1516.1
1309280 1516.1
1309290 1511.3
1309300 1506.3
1309310 1506.3
1309320 1501.3
1309330 1496.3
1309340 1490.5
1309350 1490.5
1309360 1484.4
1309370 1479.0
1309380 1479.0
1309390 1473.5
1309400 1468.1
1309410 1468.1
1309420 1463.3
1309430 1458.7
1309440 1458.7
1309450 1451.0
1309460 1439.2
1309470 1439.2
1309480 1433.9
1309490 1429.1
1309500 1429.1
1309510 1421.7
1309520 1415.4
1309530 1415.4
1309540 1409.7
1309550 1404.3
1309560 1398.8
1309570 1398.8
1309580 1392.0
1309590 1383.8
1309600 1383.8
1309610 1376.1
1309620 1368.3
1309630 1368.3
1309640 1363.9
1309650 1358.7
1309660 1358.7
1309670 1350.3
1309680 1340.4
1309690 1340.4
1309700 1327.6
1309710 1312.2
1309720 1312.2
1309730 1301.5
1309740 1294.8
1309750 1294.8
1309760 1293.4
1309770 1292.6
1309780 1291.3
1309790 1291.3
1309800 1287.9
1309810 1277.5
1309820 1277.5
1309830 1273.3
1309840 1266.4
1309850 1266.4
1309860 1244.2
1309870 1238.6
1309880 1238.6
1309890 1234.1
1309900 1229.4
1309910 1229.4
1309920 1224.8
1309930 1220.3
1309940 1220.3
1309950 1214.2
1309960 1207.5
1309970 1207.5
1309980 1200.7
1309990 1193.7
1310000 1188.5
1310010 1188.5
1310020 1183.8
1310030 1178.7
1310040 1178.7
1310050 1173.6
1310060 1167.6
1310070 1167.6
1310080 1161.0
1310090 1157.2
1310100 1157.2
1310110 1154.4
1310120 1151.5
1310130 1151.5
1310140 1148.6
1310150 1145.7
1310160 1145.7
1310170 1143.3
1310180 1139.5
1310190 1139.5
1310200 1136.1
1310210 1133.9
1310220 1131.8
1310230 1131.8
1310240 1131.2
1310250 1129.3
1310260 1129.3
1310270 1125.3
1310280 1121.4
1310290 1121.4
1310300 1120.1
1310310 1121.7
1310320 1121.7
1310330 1125.2
1310340 1128.0
1310350 1128.0
1310360 1128.9
1310370 1129.5
1310380 1129.5
1310390 1127.4
1310400 1127.1
1310410 1127.1
1310420 1127.2
1310430 1126.6
1310440 1126.3
1310450 1126.3
1310460 1125.6
1310470 1124.3
1310480 1124.3
1310490 1123.5
1310500 1123.7
1310510 1123.7
1310520 1125.6
1310530 1127.8
1310540 1127.8
1310550 1126.8
1310560 1123.4
1310570 1123.4
1310580 1119.3
1310590 1108.5
1310600 1108.5
1310610 1102.1
1310620 1093.2
1310630 1093.2
1310640 1077.7
1310650 1063.9
1310660 1061.7
1310670 1061.7
1310680 1061.1
1310690 1060.3
1310700 1060.3
1310710 1058.3
1310720 1056.8
1310730 1056.8
1310740 1060.3
1310750 1066.9
1310760 1066.9
1310770 1071.8
1310780 1076.7
1310790 1076.7
1310800 1081.4
1310810 1084.1
1310820 1084.1
1310830 1085.9
1310840 1088.8
1310850 1088.8
1310860 1094.1
1310870 1098.7
1310880 1101.5
1310890 1101.5
1310900 1107.1
1310910 1113.8
1310920 1113.8
1310930 1120.0
1310940 1125.8
1310950 1125.8
1310960 1130.8
1310970 1136.0
1310980 1136.0
1310990 1141.3
1311000 1146.5
1311010 1146.5
1311020 1152.8
1311030 1158.6
1311040 1158.6
1311050 1158.4
1311060 1155.5
1311070 1155.5
1311080 1152.1
1311090 1147.5
1311100 1147.5
1311110 1142.4
1311120 1136.5
1311130 1131.0
1311140 1131.0
1311150 1128.2
1311160 1126.8
1311170 1126.8
1311180 1124.1
1311190 1121.2
1311200 1121.2
1311210 1118.2
1311220 1115.4
1311230 1115.4
1311240 1112.5
1311250 1110.5
1311260 1110.5
1311270 1110.4
1311280 1110.8
1311290 1110.8
1311300 1110.8
1311310 1110.9
1311320 1114.8
1311330 1114.8
1311340 1116.3
1311350 1120.7
1311360 1120.7
1311370 1124.5
1311380 1128.1
1311390 1128.1
1311400 1131.8
1311410 1134.6
1311420 1134.6
1311430 1137.0
1311440 1139.7
1311450 1139.7
1311460 1143.6
1311470 1148.0
1311480 1148.0
1311490 1151.7
1311500 1155.4
1311510 1155.4
1311520 1159.3
1311530 1163.5
1311540 1163.5
1311550 1167.7
1311560 1171.0
1311570 1174.1
1311580 1174.1
1311590 1177.8
1311600 1181.5
1311610 1181.5
1311620 1182.0
1311630 1183.0
1311640 1183.0
1311650 1185.5
1311660 1181.4
1311670 1181.4
1311680 1178.3
1311690 1184.3
1311700 1184.3
1311710 1186.9
1311720 1189.0
1311730 1189.0
1311740 1191.6
1311750 1194.1
1311760 1194.1
1311770 1194.5
1311780 1193.9
1311790 1194.4
1311800 1194.4
1311810 1192.8
1311820 1187.9
1311830 1187.9
1311840 1184.6
1311850 1181.1
1311860 1181.1
1311870 1182.8
1311880 1188.5
1311890 1188.5
1311900 1194.7
1311910 1199.0
1311920 1199.0
1311930 1201.0
1311940 1204.4
1311950 1204.4
1311960 1209.9
1311970 1214.9
1311980 1214.9
1311990 1218.4
1312000 1221.4
1312010 1224.3
1312020 1224.3
1312030 1226.5
1312040 1227.8
1312050 1227.8
1312060 1238.0
1312070 1247.1
1312080 1247.1
1312090 1257.1
1312100 1267.1
1312110 1267.1
1312120 1275.7
1312130 1283.1
1312140 1283.1
1312150 1291.4
1312160 1301.5
1312170 1301.5
1312180 1311.0
1312190 1319.5
1312200 1319.5
1312210 1328.4
1312220 1331.9
1312230 1315.6
1312240 1315.6
1312250 1316.2
1312260 1326.8
1312270 1326.8
1312280 1335.6
1312290 1342.3
1312300 1342.3
1312310 1347.4
1312320 1351.4
1312330 1351.4
1312340 1361.8
1312350 1375.5
1312360 1375.5
1312370 1383.3
1312380 1388.7
1312390 1388.7
1312400 1393.3
1312410 1397.1
1312420 1397.1
1312430 1400.8
1312440 1404.4
1312450 1408.4
1312460 1408.4
1312470 1409.6
1312480 1412.0
1312490 1412.0
1312500 1416.3
1312510 1421.8
1312520 1421.8
1312530 1428.1
1312540 1434.8
1312550 1434.8
1312560 1439.7
1312570 1444.5
1312580 1444.5
1312590 1451.1
1312600 1457.9
1312610 1457.9
1312620 1465.9
1312630 1475.0
1312640 1475.0
1312650 1486.1
1312660 1494.6
1312670 1499.7
1312680 1499.7
1312690 1506.9
1312700 1515.3
1312710 1515.3
1312720 1520.0
1312730 1520.3
1312740 1520.3
1312750 1520.7
1312760 1515.8
1312770 1515.8
1312780 1501.9
1312790 1500.3
1312800 1500.3
1312810 1492.9
1312820 1490.2
1312830 1490.2
1312840 1484.1
1312850 1474.8
1312860 1474.8
1312870 1465.6
1312880 1454.8
1312890 1445.9
1312900 1445.9
1312910 1441.5
1312920 1439.2
1312930 1439.2
1312940 1434.8
1312950 1429.2
1312960 1429.2
1312970 1425.3
1312980 1421.2
1312990 1421.2
1313000 1417.1
1313010 1414.2
1313020 1414.2
1313030 1411.3
1313040 1409.9
1313050 1409.9
1313060 1409.7
1313070 1408.8
1313080 1408.8
1313090 1405.8
1313100 1401.5
1313110 1397.3
1313120 1397.3
1313130 1393.8
1313140 1391.8
1313150 1391.8
1313160 1390.9
1313170 1388.3
1313180 1388.3
1313190 1385.8
1313200 1384.2
1313210 1384.2
1313220 1381.6
1313230 1379.0
1313240 1379.0
1313250 1377.7
1313260 1376.2
1313270 1376.2
1313280 1374.1
1313290 1371.4
1313300 1371.4
1313310 1370.2
1313320 1370.4
1313330 1371.6
1313340 1371.6
1313350 1373.7
1313360 1376.9
1313370 1376.9
1313380 1382.0
1313390 1385.9
1313400 1385.9
1313410 1388.9
1313420 1390.9
1313430 1390.9
1313440 1391.5
1313450 1393.1
1313460 1393.1
1313470 1396.2
1313480 1400.4
1313490 1400.4
1313500 1405.0
1313510 1409.8
1313520 1409.8
1313530 1414.9
1313540 1421.2
1313550 1426.6
1313560 1426.6
1313570 1432.8
1313580 1439.2
1313590 1439.2
1313600 1445.3
1313610 1451.7
1313620 1451.7
1313630 1458.0
1313640 1464.5
1313650 1464.5
1313660 1471.2
1313670 1477.5
1313680 1477.5
1313690 1484.4
1313700 1491.4
1313710 1491.4
1313720 1498.6
1313730 1505.9
1313740 1505.9
1313750 1513.0
1313760 1520.3
1313770 1530.3
1313780 1530.3
1313790 1541.2
1313800 1549.2
1313810 1549.2
1313820 1560.9
1313830 1570.0
1313840 1570.0
1313850 1579.8
1313860 1590.6
1313870 1590.6
1313880 1601.7
1313890 1612.5
1313900 1612.5
1313910 1625.8
1313920 1639.0
1313930 1639.0
1313940 1652.9
1313950 1665.7
1313960 1665.7
1313970 1676.2
1313980 1685.5
1313990 1694.0
1314000 1694.0
1314010 1702.6
1314020 1711.2
1314030 1711.2
1314040 1720.3
1314050 1727.9
1314060 1727.9
1314070 1735.4
1314080 1743.0
1314090 1743.0
1314100 1749.8
1314110 1756.2
1314120 1756.2
1314130 1762.5
1314140 1769.5
1314150 1769.5
1314160 1777.6
1314170 1787.2
1314180 1787.2
1314190 1795.6
1314200 1804.1
1314210 1812.9
1314220 1812.9
1314230 1821.9
1314240 1831.4
1314250 1831.4
1314260 1839.8
1314270 1849.2
1314280 1850.7
1314290 1860.6
1314300 1868.4
1314310 1868.4
1314320 1875.8
1314330 1884.1
1314340 1884.1
1314350 1891.5
1314360 1898.2
1314370 1898.2
1314380 1905.5
1314390 1912.6
1314400 1912.6
1314410 1919.4
1314420 1926.6
1314430 1934.8
1314440 1934.8
1314450 1942.7
1314460 1950.8
1314470 1950.8
1314480 1957.2
1314490 1963.4
1314500 1963.4
1314510 1970.7
1314520 1978.9
1314530 1978.9
1314540 1987.5
1314550 1995.2
1314560 1995.2
1314570 2002.7
1314580 2010.7
1314590 2010.7
1314600 2019.4
1314610 2028.1
1314620 2028.1
1314630 2037.5
1314640 2043.9
1314650 2047.6
1314660 2047.6
1314670 2049.8
1314680 2053.2
1314690 2053.2
1314700 2057.7
1314710 2061.9
1314720 2061.9
1314730 2065.8
1314740 2069.3
1314750 2069.3
1314760 2072.9
1314770 2075.5
1314780 2075.5
1314790 2077.5
1314800 2079.7
1314810 2079.7
1314820 2085.4
1314830 2086.8
1314840 2086.8
1314850 2086.0
1314860 2093.5
1314870 2105.0
1314880 2105.0
1314890 2113.5
1314900 2121.7
1314910 2121.7
1314920 2128.1
1314930 2133.7
1314940 2133.7
1314950 2140.3
1314960 2148.1
1314970 2148.1
1314980 2153.8
1314990 2159.1
1315000 2159.1
1315010 2163.2
1315020 2167.1
1315030 2162.3
1315040 2165.5
1315050 2167.5
1315060 2167.5
1315070 2170.4
1315080 2173.8
1315090 2167.6
1315100 2167.6
1315110 2167.8
1315120 2172.3
1315130 2172.3
1315140 2179.1
1315150 2187.8
1315160 2187.8
1315170 2200.2
1315180 2208.1
1315190 2208.1
1315200 2212.9
1315210 2217.4
1315220 2217.4
1315230 2219.5
1315240 2223.1
1315250 2223.1
1315260 2230.4
1315270 2239.0
1315280 2239.0
1315290 2245.3
1315300 2253.1
1315310 2262.0
1315320 2262.0
1315330 2272.5
1315340 2282.8
1315350 2282.8
1315360 2289.0
1315370 2289.9
1315380 2289.9
1315390 2289.3
1315400 2287.7
1315410 2287.7
1315420 2286.6
1315430 2284.2
1315440 2284.2
1315450 2284.5
1315460 2282.2
1315470 2282.2
1315480 2287.7
1315490 2292.4
1315500 2292.4
1315510 2293.4
1315520 2291.0
1315530 2293.1
1315540 2293.1
1315550 2299.3
1315560 2305.1
1315570 2305.1
1315580 2292.6
1315590 2266.7
1315600 2266.7
1315610 2255.5
1315620 2245.5
1315630 2245.5
1315640 2236.7
1315650 2228.4
1315660 2228.4
1315670 2222.5
1315680 2218.3
1315690 2218.3
1315700 2212.8
1315710 2209.5
1315720 2209.5
1315730 2207.4
1315740 2205.5
1315750 2209.9
1315760 2209.9
1315770 2211.1
1315780 2213.3
1315790 2213.3
1315800 2203.9
1315810 2192.2
1315820 2192.2
1315830 2181.0
1315840 2171.5
1315850 2171.5
1315860 2163.3
1315870 2159.5
1315880 2159.5
1315890 2155.9
1315900 2150.9
1315910 2150.9
1315920 2143.8
1315930 2136.7
1315940 2136.7
1315950 2133.6
1315960 2115.3
1315970 2097.0
1315980 2097.0
1315990 2087.7
1316000 2079.6
1316010 2079.6
1316020 2072.8
1316030 2066.4
1316040 2066.4
1316050 2060.1
1316060 2053.9
1316070 2053.9
1316080 2047.3
1316090 2041.0
1316100 2041.0
1316110 2035.4
1316120 2029.8
1316130 2029.8
1316140 2024.1
1316150 2018.6
1316160 2018.6
1316170 2012.2
1316180 2004.5
1316190 1997.3
1316200 1997.3
1316210 1992.6
1316220 1992.3
1316230 1992.3
1316240 1990.0
1316250 1986.9
1316260 1986.9
1316270 1983.0
1316280 1979.8
1316290 1979.8
1316300 1977.1
1316310 1974.7
1316320 1974.7
1316330 1973.6
1316340 1971.6
1316350 1971.6
1316360 1968.5
1316370 1965.7
1316380 1965.7
1316390 1962.8
1316400 1959.8
1316410 1956.7
1316420 1956.7
1316430 1955.1
1316440 1954.2
1316450 1954.2
1316460 1953.3
1316470 1952.9
1316480 1952.9
1316490 1952.2
1316500 1952.0
1316510 1952.0
1316520 1952.2
1316530 1958.9
1316540 1958.9
1316550 1960.8
1316560 1961.8
1316570 1961.8
1316580 1963.3
1316590 1964.0
1316600 1964.0
1316610 1961.7
1316620 1958.3
1316630 1953.9
1316640 1953.9
1316650 1950.1
1316660 1949.8
1316670 1949.8
1316680 1945.3
1316690 1939.7
1316700 1939.7
1316710 1933.9
1316720 1929.3
1316730 1929.3
1316740 1926.0
1316750 1922.7
1316760 1922.7
1316770 1918.2
1316780 1914.2
1316790 1914.2
1316800 1910.3
1316810 1907.6
1316820 1907.6
1316830 1903.2
1316840 1896.8
1316850 1891.4
1316860 1891.4
1316870 1885.7
1316880 1878.9
1316890 1878.9
1316900 1873.2
1316910 1867.2
1316920 1867.2
1316930 1862.9
1316940 1856.3
1316950 1856.3
1316960 1848.4
1316970 1844.0
1316980 1844.0
1316990 1838.4
1317000 1831.2
1317010 1831.2
1317020 1822.2
1317030 1810.1
1317040 1810.1
1317050 1797.5
1317060 1785.1
1317070 1772.8
1317080 1772.8
1317090 1761.3
1317100 1748.3
1317110 1748.3
1317120 1734.5
1317130 1721.8
1317140 1721.8
1317150 1711.0
1317160 1701.8
1317170 1701.8
1317180 1693.9
1317190 1691.3
1317200 1691.3
1317210 1689.9
1317220 1686.1
1317230 1686.1
1317240 1682.4
1317250 1677.9
1317260 1677.9
1317270 1672.4
1317280 1650.6
1317290 1608.7
1317300 1608.7
1317310 1597.1
1317320 1598.6
1317330 1598.6
1317340 1598.6
1317350 1589.0
1317360 1589.0
1317370 1579.0
1317380 1572.7
1317390 1572.7
1317400 1535.6
1317410 1513.6
1317420 1513.6
1317430 1509.3
1317440 1506.3
1317450 1506.3
1317460 1504.7
1317470 1511.1
1317480 1511.1
1317490 1514.8
1317500 1514.8
1317510 1501.5
1317520 1501.5
1317530 1507.7
1317540 1511.4
1317550 1511.4
1317560 1484.0
1317570 1465.6
1317580 1465.6
1317590 1450.1
1317600 1431.6
1317610 1431.6
1317620 1425.6
1317630 1421.2
1317640 1421.2
1317650 1415.4
1317660 1408.7
1317670 1408.7
1317680 1399.2
1317690 1395.7
1317700 1395.7
1317710 1398.5
1317720 1402.4
1317730 1403.0
1317740 1403.0
1317750 1401.8
1317760 1398.0
1317770 1398.0
1317780 1394.9
1317790 1390.0
1317800 1390.0
1317810 1385.9
1317820 1381.3
1317830 1381.3
1317840 1376.1
1317850 1371.1
1317860 1371.1
1317870 1366.0
1317880 1360.8
1317890 1360.8
1317900 1355.0
1317910 1349.5
1317920 1349.5
1317930 1344.7
1317940 1340.9
1317950 1337.0
1317960 1337.0
1317970 1331.8
1317980 1325.6
1317990 1325.6
1318000 1320.2
1318010 1318.7
1318020 1318.7
1318030 1316.6
1318040 1314.4
1318050 1314.4
1318060 1310.8
1318070 1307.1
1318080 1307.1
1318090 1304.4
1318100 1301.0
1318110 1301.0
1318120 1297.6
1318130 1295.0
1318140 1295.0
1318150 1290.6
1318160 1290.7
1318170 1293.3
1318180 1293.3
1318190 1297.3
1318200 1301.2
1318210 1301.2
1318220 1304.4
1318230 1307.6
1318240 1307.6
1318250 1310.7
1318260 1313.9
1318270 1313.9
1318280 1316.7
1318290 1320.2
1318300 1320.2
1318310 1324.1
1318320 1326.9
1318330 1326.9
1318340 1329.7
1318350 1332.7
1318360 1332.7
1318370 1335.4
1318380 1338.6
1318390 1341.5
1318400 1341.5
1318410 1343.8
1318420 1345.6
1318430 1345.6
1318440 1347.1
1318450 1349.2
1318460 1349.2
1318470 1351.5
1318480 1351.8
1318490 1351.8
1318500 1353.7
1318510 1357.3
1318520 1357.3
1318530 1358.5
1318540 1360.5
1318550 1360.5
1318560 1365.6
1318570 1371.1
1318580 1371.1
1318590 1376.7
1318600 1382.8
1318610 1389.6
1318620 1389.6
1318630 1396.0
1318640 1403.0
1318650 1403.0
1318660 1410.9
1318670 1418.0
1318680 1418.0
1318690 1424.9
1318700 1431.6
1318710 1431.6
1318720 1437.8
1318730 1445.2
1318740 1445.2
1318750 1453.2
1318760 1461.5
1318770 1461.5
1318780 1470.9
1318790 1493.3
1318800 1493.3
1318810 1511.1
1318820 1525.4
1318830 1534.3
1318840 1534.3
1318850 1547.9
1318860 1565.3
1318870 1565.3
1318880 1580.0
1318890 1591.6
1318900 1591.6
1318910 1600.8
1318920 1612.0
1318930 1612.0
1318940 1622.8
1318950 1632.9
1318960 1632.9
1318970 1643.6
1318980 1654.4
1318990 1654.4
1319000 1664.5
1319010 1675.1
1319020 1675.1
1319030 1685.6
1319040 1705.3
1319050 1722.4
1319060 1722.4
1319070 1722.2
1319080 1722.0
1319090 1722.0
1319100 1724.4
1319110 1727.1
1319120 1727.1
1319130 1731.4
1319140 1737.4
1319150 1737.4
1319160 1744.0
1319170 1750.7
1319180 1750.7
1319190 1758.7
1319200 1767.9
1319210 1767.9
1319220 1776.3
1319230 1784.5
1319240 1784.5
1319250 1792.8
1319260 1801.5
1319270 1810.3
1319280 1810.3
1319290 1819.1
1319300 1831.2
1319310 1831.2
1319320 1844.3
1319330 1854.9
1319340 1854.9
1319350 1864.2
1319360 1872.6
1319370 1872.6
1319380 1879.9
1319390 1885.9
1319400 1885.9
1319410 1888.4
1319420 1884.1
1319430 1884.1
1319440 1874.2
1319450 1865.7
1319460 1865.7
1319470 1854.3
1319480 1842.5
1319490 1839.1
1319500 1839.1
1319510 1839.7
1319520 1841.3
1319530 1841.3
1319540 1843.1
1319550 1847.1
1319560 1847.1
1319570 1844.0
1319580 1848.3
1319590 1848.3
1319600 1852.5
1319610 1855.9
1319620 1855.9
1319630 1859.5
1319640 1864.0
1319650 1864.0
1319660 1869.6
1319670 1875.0
1319680 1875.0
1319690 1879.6
1319700 1885.5
1319710 1891.9
1319720 1891.9
1319730 1898.0
1319740 1904.9
1319750 1904.9
1319760 1911.9
1319770 1920.3
1319780 1920.3
1319790 1931.5
1319800 1940.8
1319810 1940.8
1319820 1947.4
1319830 1952.7
1319840 1952.7
1319850 1957.7
1319860 1965.0
1319870 1965.0
1319880 1977.3
1319890 1991.6
1319900 1991.6
1319910 2002.6
1319920 2009.8
1319930 2011.8
1319940 2011.8
1319950 2014.4
1319960 2020.6
1319970 2020.6
1319980 2032.3
1319990 2040.5
