1300000 2169.9
1300010 2168.6
1300020 2168.1
1300030 2168.1
1300040 2168.7
1300050 2168.3
1300060 2168.3
1300070 2170.1
1300080 2172.0
1300090 2172.0
1300100 2173.3
1300110 2174.7
1300120 2176.0
1300130 2176.0
1300140 2178.1
1300150 2181.1
1300160 2181.1
1300170 2185.6
1300180 2190.8
1300190 2190.8
1300200 2196.9
1300210 2202.3
1300220 2202.3
1300230 2207.6
1300240 2213.7
1300250 2213.7
1300260 2219.7
1300270 2225.6
1300280 2225.6
1300290 2230.5
1300300 2235.4
1300310 2235.4
1300320 2239.3
1300330 2243.3
1300340 2248.1
1300350 2248.1
1300360 2252.3
1300370 2255.6
1300380 2255.6
1300390 2258.5
1300400 2261.0
1300410 2261.0
1300420 2263.8
1300430 2266.8
1300440 2266.8
1300450 2269.9
1300460 2274.3
1300470 2274.3
1300480 2278.6
1300490 2281.7
1300500 2281.7
1300510 2283.6
1300520 2285.4
1300530 2285.4
1300540 2286.8
1300550 2288.8
1300560 2290.7
1300570 2290.7
1300580 2292.3
1300590 2292.7
1300600 2293.0
1300610 2293.5
1300620 2294.4
1300630 2294.4
1300640 2295.9
1300650 2297.8
1300660 2297.8
1300670 2299.7
1300680 2301.3
1300690 2301.3
1300700 2303.3
1300710 2306.0
1300720 2306.0
1300730 2308.8
1300740 2311.3
1300750 2311.3
1300760 2313.6
1300770 2315.8
1300780 2318.8
1300790 2318.8
1300800 2323.5
1300810 2327.9
1300820 2327.9
1300830 2332.5
1300840 2337.0
1300850 2337.0
1300860 2342.6
1300870 2348.4
1300880 2348.4
1300890 2353.2
1300900 2357.2
1300910 2357.2
1300920 2360.0
1300930 2363.3
1300940 2363.3
1300950 2365.7
1300960 2367.0
1300970 2367.0
1300980 2368.0
1300990 2368.7
1301000 2369.1
1301010 2369.1
1301020 2370.8
1301030 2373.6
1301040 2373.6
1301050 2375.8
1301060 2377.9
1301070 2377.9
1301080 2379.2
1301090 2379.2
1301100 2379.2
1301110 2379.3
1301120 2380.5
1301130 2380.5
1301140 2382.1
1301150 2384.2
1301160 2384.2
1301170 2386.2
1301180 2389.1
1301190 2389.1
1301200 2393.6
1301210 2398.1
1301220 2400.4
1301230 2400.4
1301240 2401.7
1301250 2403.9
1301260 2403.9
1301270 2407.4
1301280 2409.5
1301290 2410.2
1301300 2412.0
1301310 2413.9
1301320 2413.9
1301330 2416.3
1301340 2419.3
1301350 2419.3
1301360 2423.0
1301370 2426.2
1301380 2426.2
1301390 2429.3
1301400 2432.8
1301410 2432.8
1301420 2437.9
1301430 2441.7
1301440 2445.6
1301450 2445.6
1301460 2449.8
1301470 2453.3
1301480 2453.3
1301490 2456.4
1301500 2462.0
1301510 2462.0
1301520 2467.3
1301530 2470.4
1301540 2470.4
1301550 2473.4
1301560 2477.4
1301570 2477.4
1301580 2480.9
1301590 2485.2
1301600 2485.2
1301610 2489.6
1301620 2494.4
1301630 2494.4
1301640 2499.1
1301650 2505.5
1301660 2509.9
1301670 2509.9
1301680 2514.6
1301690 2519.3
1301700 2519.3
1301710 2524.7
1301720 2529.9
1301730 2529.9
1301740 2534.6
1301750 2539.6
1301760 2539.6
1301770 2544.8
1301780 2550.1
1301790 2550.1
1301800 2555.6
1301810 2561.1
1301820 2561.1
1301830 2566.7
1301840 2572.2
1301850 2572.2
1301860 2577.4
1301870 2583.0
1301880 2588.9
1301890 2588.9
1301900 2594.5
1301910 2600.0
1301920 2600.0
1301930 2605.7
1301940 2611.3
1301950 2611.3
1301960 2616.8
1301970 2622.2
1301980 2625.8
1301990 2631.4
1302000 2636.9
1302010 2636.9
1302020 2643.2
1302030 2649.9
1302040 2649.9
1302050 2656.2
1302060 2661.9
1302070 2661.9
1302080 2667.9
1302090 2678.4
1302100 2690.7
1302110 2690.7
1302120 2695.7
1302130 2701.3
1302140 2701.3
1302150 2707.5
1302160 2713.7
1302170 2713.7
1302180 2720.1
1302190 2726.2
1302200 2726.2
1302210 2733.5
1302220 2743.7
1302230 2743.7
1302240 2751.1
1302250 2758.9
1302260 2758.9
1302270 2766.0
1302280 2772.0
1302290 2772.0
1302300 2778.0
1302310 2784.5
1302320 2792.1
1302330 2792.1
1302340 2800.2
1302350 2808.6
1302360 2808.6
1302370 2817.4
1302380 2826.9
1302390 2826.9
1302400 2838.6
1302410 2853.1
1302420 2853.1
1302430 2869.5
1302440 2883.8
1302450 2883.8
1302460 2903.7
1302470 2918.9
1302480 2918.9
1302490 2946.8
1302500 2985.5
1302510 2985.5
1302520 3000.3
1302530 3012.9
1302540 3025.3
1302550 3025.3
1302560 3041.3
1302570 3060.6
1302580 3060.6
1302590 3064.3
1302600 3062.6
1302610 3062.6
1302620 3059.3
1302630 3056.0
1302640 3056.0
1302650 3053.2
1302660 3051.2
1302670 3051.2
1302680 3050.6
1302690 3044.6
1302700 3044.6
1302710 3039.5
1302720 3036.5
1302730 3036.5
1302740 3034.7
1302750 3033.6
1302760 3032.7
1302770 3032.7
1302780 3032.0
1302790 3031.4
1302800 3031.4
1302810 3030.9
1302820 3030.9
1302830 3030.9
1302840 3031.0
1302850 3031.6
1302860 3031.6
1302870 3033.3
1302880 3035.7
1302890 3035.7
1302900 3037.3
1302910 3037.1
1302920 3037.1
1302930 3036.4
1302940 3036.0
1302950 3036.0
1302960 3035.9
1302970 3034.6
1302980 3035.8
1302990 3035.8
1303000 3036.8
1303010 3037.3
1303020 3037.3
1303030 3037.9
1303040 3037.5
1303050 3037.5
1303060 3035.0
1303070 3035.5
1303080 3035.5
1303090 3033.6
1303100 3031.2
1303110 3031.2
1303120 3029.5
1303130 3029.0
1303140 3029.0
1303150 3026.3
1303160 3025.3
1303170 3025.3
1303180 3022.6
1303190 3021.1
1303200 3019.0
1303210 3019.0
1303220 3014.1
1303230 3005.0
1303240 3005.0
1303250 2995.6
1303260 2988.1
1303270 2988.1
1303280 2970.8
1303290 2955.0
1303300 2955.0
1303310 2949.3
1303320 2945.3
1303330 2945.3
1303340 2942.7
1303350 2939.9
1303360 2939.9
1303370 2936.5
1303380 2939.8
1303390 2939.8
1303400 2936.2
1303410 2933.7
1303420 2932.1
1303430 2932.1
1303440 2931.1
1303450 2927.3
1303460 2927.3
1303470 2922.3
1303480 2919.8
1303490 2919.8
1303500 2918.0
1303510 2913.1
1303520 2913.1
1303530 2907.5
1303540 2904.9
1303550 2904.9
1303560 2902.6
1303570 2897.9
1303580 2897.9
1303590 2894.9
1303600 2891.6
1303610 2891.6
1303620 2888.4
1303630 2885.5
1303640 2883.1
1303650 2883.1
1303660 2880.4
1303670 2877.5
1303680 2877.5
1303690 2874.7
1303700 2872.1
1303710 2872.1
1303720 2869.7
1303730 2868.3
1303740 2868.3
1303750 2867.7
1303760 2866.3
1303770 2866.3
1303780 2865.3
1303790 2864.8
1303800 2864.8
1303810 2864.2
1303820 2861.9
1303830 2861.9
1303840 2858.3
1303850 2853.7
1303860 2848.0
1303870 2848.0
1303880 2841.6
1303890 2836.4
1303900 2836.4
1303910 2832.2
1303920 2829.1
1303930 2829.1
1303940 2825.0
1303950 2821.1
1303960 2821.1
1303970 2818.1
1303980 2815.8
1303990 2815.8
1304000 2814.5
1304010 2813.6
1304020 2813.6
1304030 2812.8
1304040 2811.2
1304050 2811.2
1304060 2809.3
1304070 2807.3
1304080 2808.5
1304090 2808.5
1304100 2805.5
1304110 2803.2
1304120 2803.2
1304130 2800.3
1304140 2798.0
1304150 2798.0
1304160 2796.0
1304170 2793.1
1304180 2793.1
1304190 2790.6
1304200 2787.4
1304210 2787.4
1304220 2784.9
1304230 2782.3
1304240 2782.3
1304250 2779.5
1304260 2777.0
1304270 2777.0
1304280 2774.7
1304290 2772.3
1304300 2769.6
1304310 2769.6
1304320 2766.6
1304330 2763.5
1304340 2763.5
1304350 2760.8
1304360 2756.9
1304370 2756.9
1304380 2752.7
1304390 2749.1
1304400 2749.1
1304410 2743.4
1304420 2738.4
1304430 2738.4
1304440 2735.0
1304450 2732.7
1304460 2732.7
1304470 2731.2
1304480 2727.3
1304490 2727.3
1304500 2722.4
1304510 2717.1
1304520 2710.5
1304530 2710.5
1304540 2701.9
1304550 2692.9
1304560 2692.9
1304570 2684.3
1304580 2677.0
1304590 2677.0
1304600 2669.9
1304610 2664.6
1304620 2664.6
1304630 2660.1
1304640 2655.9
1304650 2655.9
1304660 2652.8
1304670 2650.2
1304680 2650.2
1304690 2647.0
1304700 2644.5
1304710 2644.5
1304720 2641.8
1304730 2638.0
1304740 2633.7
1304750 2633.7
1304760 2628.7
1304770 2623.2
1304780 2625.1
1304790 2618.8
1304800 2611.6
1304810 2611.6
1304820 2602.2
1304830 2593.5
1304840 2593.5
1304850 2587.5
1304860 2583.8
1304870 2583.8
1304880 2576.9
1304890 2573.0
1304900 2573.0
1304910 2571.1
1304920 2569.3
1304930 2569.3
1304940 2566.8
1304950 2565.7
1304960 2564.9
1304970 2564.9
1304980 2564.3
1304990 2563.9
1305000 2563.9
1305010 2563.2
1305020 2562.8
1305030 2562.8
1305040 2562.3
1305050 2561.7
1305060 2561.7
1305070 2560.8
1305080 2559.6
1305090 2559.6
1305100 2559.0
1305110 2558.0
1305120 2558.0
1305130 2558.0
1305140 2559.3
1305150 2559.3
1305160 2559.6
1305170 2559.7
1305180 2558.8
1305190 2558.8
1305200 2557.1
1305210 2554.0
1305220 2554.0
1305230 2549.1
1305240 2544.0
1305250 2544.0
1305260 2540.3
1305270 2538.2
1305280 2538.2
1305290 2537.0
1305300 2536.2
1305310 2536.2
1305320 2535.2
1305330 2533.4
1305340 2533.4
1305350 2531.1
1305360 2527.7
1305370 2527.7
1305380 2523.3
1305390 2518.6
1305400 2513.7
1305410 2513.7
1305420 2509.4
1305430 2505.6
1305440 2505.6
1305450 2501.7
1305460 2497.1
1305470 2497.1
1305480 2492.0
1305490 2486.9
1305500 2486.9
1305510 2483.2
1305520 2483.0
1305530 2483.0
1305540 2481.6
1305550 2479.7
1305560 2479.7
1305570 2478.1
1305580 2477.1
1305590 2477.1
1305600 2475.8
1305610 2472.0
1305620 2472.0
1305630 2469.0
1305640 2468.7
1305650 2468.5
1305660 2468.5
1305670 2467.9
1305680 2467.5
1305690 2467.5
1305700 2466.6
1305710 2466.0
1305720 2466.0
1305730 2465.5
1305740 2462.6
1305750 2462.6
1305760 2461.0
1305770 2460.2
1305780 2460.2
1305790 2459.1
1305800 2456.8
1305810 2456.8
1305820 2455.2
1305830 2452.1
1305840 2452.1
1305850 2446.9
1305860 2442.7
1305870 2439.9
1305880 2439.9
1305890 2438.7
1305900 2435.8
1305910 2435.8
1305920 2429.9
1305930 2422.5
1305940 2422.5
1305950 2414.6
1305960 2408.3
1305970 2408.3
1305980 2402.9
1305990 2398.3
1306000 2398.3
1306010 2394.2
1306020 2390.3
1306030 2390.3
1306040 2387.5
1306050 2384.2
1306060 2384.2
1306070 2380.6
1306080 2376.7
1306090 2372.7
1306100 2372.7
1306110 2367.9
1306120 2363.4
1306130 2363.4
1306140 2358.7
1306150 2354.0
1306160 2354.0
1306170 2348.1
1306180 2344.5
1306190 2344.5
1306200 2337.6
1306210 2333.1
1306220 2333.1
1306230 2325.2
1306240 2318.6
1306250 2318.6
1306260 2314.8
1306270 2312.0
1306280 2312.0
1306290 2309.4
1306300 2303.4
1306310 2295.9
1306320 2295.9
1306330 2288.7
1306340 2282.5
1306350 2282.5
1306360 2278.7
1306370 2275.0
1306380 2275.0
1306390 2271.3
1306400 2268.2
1306410 2268.2
1306420 2266.4
1306430 2263.6
1306440 2263.6
1306450 2260.9
1306460 2258.5
1306470 2258.5
1306480 2256.4
1306490 2255.0
1306500 2255.0
1306510 2254.8
1306520 2254.9
1306530 2253.8
1306540 2253.8
1306550 2249.8
1306560 2245.7
1306570 2245.7
1306580 2243.8
1306590 2246.9
1306600 2246.9
1306610 2250.3
1306620 2253.5
1306630 2253.5
1306640 2256.7
1306650 2258.9
1306660 2258.9
1306670 2260.6
1306680 2261.4
1306690 2261.4
1306700 2260.9
1306710 2259.7
1306720 2259.7
1306730 2259.6
1306740 2260.1
1306750 2260.6
1306760 2260.6
1306770 2260.9
1306780 2260.6
1306790 2260.6
1306800 2259.9
1306810 2259.4
1306820 2259.4
1306830 2260.2
1306840 2261.9
1306850 2261.9
1306860 2264.3
1306870 2267.1
1306880 2267.1
1306890 2270.2
1306900 2273.1
1306910 2267.5
1306920 2270.1
1306930 2272.5
1306940 2272.5
1306950 2275.7
1306960 2279.4
1306970 2282.6
1306980 2282.6
1306990 2285.0
1307000 2287.9
1307010 2287.9
1307020 2290.9
1307030 2293.9
1307040 2293.9
1307050 2298.1
1307060 2303.9
1307070 2303.9
1307080 2310.6
1307090 2317.3
1307100 2317.3
1307110 2323.5
1307120 2329.2
1307130 2329.2
1307140 2334.1
1307150 2338.0
1307160 2338.0
1307170 2341.7
1307180 2345.3
1307190 2348.7
1307200 2348.7
1307210 2352.4
1307220 2355.5
1307230 2355.5
1307240 2358.5
1307250 2361.1
1307260 2361.1
1307270 2363.8
1307280 2366.8
1307290 2366.8
1307300 2369.1
1307310 2370.5
1307320 2370.5
1307330 2371.9
1307340 2372.6
1307350 2372.6
1307360 2374.2
1307370 2375.1
1307380 2375.1
1307390 2374.6
1307400 2373.2
1307410 2371.2
1307420 2371.2
1307430 2369.8
1307440 2367.9
1307450 2367.9
1307460 2366.2
1307470 2363.5
1307480 2363.5
1307490 2358.0
1307500 2352.9
1307510 2352.9
1307520 2350.3
1307530 2349.6
1307540 2349.6
1307550 2348.6
1307560 2345.4
1307570 2345.4
1307580 2341.6
1307590 2339.4
1307600 2339.4
1307610 2337.2
1307620 2333.7
1307630 2325.8
1307640 2325.8
1307650 2321.5
1307660 2315.0
1307670 2315.0
1307680 2307.4
1307690 2300.4
1307700 2300.4
1307710 2293.8
1307720 2284.4
1307730 2284.4
1307740 2271.5
1307750 2262.4
1307760 2262.4
1307770 2255.7
1307780 2249.7
1307790 2249.7
1307800 2241.9
1307810 2233.3
1307820 2233.3
1307830 2227.9
1307840 2222.7
1307850 2217.9
1307860 2217.9
1307870 2214.2
1307880 2211.5
1307890 2211.5
1307900 2209.3
1307910 2207.1
1307920 2207.1
1307930 2205.1
1307940 2203.8
1307950 2203.8
1307960 2202.5
1307970 2194.7
1307980 2194.7
1307990 2185.1
1308000 2174.6
1308010 2174.6
1308020 2160.5
1308030 2150.7
1308040 2150.7
1308050 2145.2
1308060 2142.0
1308070 2139.5
1308080 2139.5
1308090 2135.9
1308100 2132.2
1308110 2132.2
1308120 2128.6
1308130 2124.5
1308140 2124.5
1308150 2119.8
1308160 2115.6
1308170 2115.6
1308180 2112.7
1308190 2111.1
1308200 2111.1
1308210 2110.3
1308220 2108.2
1308230 2108.2
1308240 2105.5
1308250 2095.2
1308260 2095.2
1308270 2083.5
1308280 2072.4
1308290 2061.4
1308300 2061.4
1308310 2048.5
1308320 2037.6
1308330 2037.6
1308340 2031.9
1308350 2020.6
1308360 2020.6
1308370 2014.6
1308380 2010.6
1308390 2010.6
1308400 2007.8
1308410 2003.5
1308420 2003.5
1308430 1999.6
1308440 1996.7
1308450 1996.7
1308460 1990.9
1308470 1982.3
1308480 1982.3
1308490 1973.3
1308500 1965.6
1308510 1966.8
1308520 1966.8
1308530 1971.5
1308540 1975.9
1308550 1975.9
1308560 1977.7
1308570 1976.6
1308580 1976.6
1308590 1976.5
1308600 1975.5
1308610 1975.5
1308620 1972.0
1308630 1965.8
1308640 1965.8
1308650 1964.3
1308660 1965.1
1308670 1965.1
1308680 1964.5
1308690 1962.7
1308700 1962.7
1308710 1961.5
1308720 1959.6
1308730 1957.4
1308740 1957.4
1308750 1956.4
1308760 1954.3
1308770 1954.3
1308780 1950.8
1308790 1946.0
1308800 1946.0
1308810 1937.7
1308820 1927.5
1308830 1927.5
1308840 1923.7
1308850 1910.9
1308860 1910.9
1308870 1902.2
1308880 1897.8
1308890 1897.8
1308900 1893.3
1308910 1888.8
1308920 1888.8
1308930 1882.1
1308940 1874.2
1308950 1866.4
1308960 1866.4
1308970 1861.3
1308980 1856.3
1308990 1856.3
1309000 1848.1
1309010 1839.0
1309020 1839.0
1309030 1826.0
1309040 1817.1
1309050 1817.1
1309060 1812.8
1309070 1797.1
1309080 1797.1
1309090 1784.4
1309100 1766.0
1309110 1766.0
1309120 1757.1
1309130 1748.8
1309140 1748.8
1309150 1739.0
1309160 1730.9
1309170 1727.4
1309180 1727.4
1309190 1728.0
1309200 1726.1
1309210 1726.1
1309220 1726.6
1309230 1725.5
1309240 1725.5
1309250 1727.3
1309260 1729.9
1309270 1729.9
1309280 1731.1
1309290 1731.7
1309300 1731.7
1309310 1733.7
1309320 1737.3
1309330 1737.3
1309340 1740.3
1309350 1738.0
1309360 1738.0
1309370 1732.3
1309380 1725.5
1309390 1716.0
1309400 1716.0
1309410 1705.7
1309420 1694.7
1309430 1694.7
1309440 1685.3
1309450 1677.6
1309460 1677.6
1309470 1669.8
1309480 1664.9
1309490 1664.9
1309500 1656.1
1309510 1650.0
1309520 1650.0
1309530 1646.7
1309540 1644.0
1309550 1644.0
1309560 1640.6
1309570 1636.8
1309580 1636.8
1309590 1627.4
1309600 1616.4
1309610 1605.2
1309620 1605.2
1309630 1594.1
1309640 1582.5
1309650 1582.5
1309660 1569.2
1309670 1558.9
1309680 1558.9
1309690 1547.9
1309700 1536.8
1309710 1536.8
1309720 1526.3
1309730 1517.4
1309740 1517.4
1309750 1508.8
1309760 1499.9
1309770 1499.9
1309780 1491.0
1309790 1482.2
1309800 1482.2
1309810 1470.1
1309820 1459.5
1309830 1456.1
1309840 1456.1
1309850 1452.4
1309860 1450.3
1309870 1450.3
1309880 1449.6
1309890 1453.9
1309900 1453.9
1309910 1458.0
1309920 1460.0
1309930 1460.0
1309940 1459.5
1309950 1458.8
1309960 1458.8
1309970 1458.7
1309980 1454.4
1309990 1454.4
1310000 1446.4
1310010 1435.4
1310020 1435.4
1310030 1426.9
1310040 1419.6
1310050 1412.0
1310060 1412.0
1310070 1398.7
1310080 1389.0
1310090 1389.0
1310100 1375.3
1310110 1358.4
1310120 1358.4
1310130 1344.2
1310140 1326.5
1310150 1326.5
1310160 1309.5
1310170 1297.4
1310180 1297.4
1310190 1289.3
1310200 1280.0
1310210 1280.0
1310220 1271.3
1310230 1266.7
1310240 1266.7
1310250 1260.1
1310260 1252.6
1310270 1245.4
1310280 1245.4
1310290 1239.7
1310300 1233.5
1310310 1233.5
1310320 1227.5
1310330 1222.7
1310340 1222.7
1310350 1217.4
1310360 1210.5
1310370 1210.5
1310380 1202.3
1310390 1195.6
1310400 1195.6
1310410 1188.3
1310420 1181.3
1310430 1181.3
1310440 1174.7
1310450 1168.5
1310460 1168.5
1310470 1162.4
1310480 1156.3
1310490 1149.3
1310500 1149.3
1310510 1141.5
1310520 1132.9
1310530 1132.9
1310540 1125.8
1310550 1118.8
1310560 1118.8
1310570 1113.0
1310580 1109.3
1310590 1109.3
1310600 1106.9
1310610 1103.7
1310620 1103.7
1310630 1099.9
1310640 1096.4
1310650 1096.4
1310660 1092.8
1310670 1089.6
1310680 1089.6
1310690 1086.8
1310700 1083.3
1310710 1080.2
1310720 1080.2
1310730 1077.0
1310740 1073.5
1310750 1073.5
1310760 1069.3
1310770 1065.0
1310780 1065.0
1310790 1060.6
1310800 1056.3
1310810 1056.3
1310820 1053.2
1310830 1051.3
1310840 1051.3
1310850 1050.2
1310860 1049.8
1310870 1049.8
1310880 1049.4
1310890 1049.1
1310900 1049.1
1310910 1049.0
1310920 1048.9
1310930 1048.6
1310940 1048.6
1310950 1048.4
1310960 1048.4
1310970 1048.4
1310980 1048.5
1310990 1048.6
1311000 1048.6
1311010 1048.2
1311020 1047.8
1311030 1047.8
1311040 1047.7
1311050 1047.9
1311060 1047.9
1311070 1048.0
1311080 1047.5
1311090 1047.5
1311100 1047.0
1311110 1047.0
1311120 1047.0
1311130 1047.0
1311140 1047.0
1311150 1046.7
1311160 1046.7
1311170 1047.0
1311180 1047.6
1311190 1047.6
1311200 1048.2
1311210 1047.5
1311220 1047.5
1311230 1045.0
1311240 1044.0
1311250 1044.6
1311260 1045.5
1311270 1045.9
1311280 1045.9
1311290 1046.0
1311300 1046.9
1311310 1046.9
1311320 1047.6
1311330 1047.1
1311340 1047.1
1311350 1046.7
1311360 1046.7
1311370 1047.1
1311380 1047.1
1311390 1046.9
1311400 1047.4
1311410 1047.4
1311420 1047.7
1311430 1046.5
1311440 1046.5
1311450 1045.3
1311460 1044.7
1311470 1044.7
1311480 1045.1
1311490 1046.8
1311500 1046.8
1311510 1047.8
1311520 1048.8
1311530 1048.8
1311540 1050.2
1311550 1051.7
1311560 1051.7
1311570 1051.6
1311580 1052.7
1311590 1053.3
1311600 1053.3
1311610 1053.6
1311620 1053.5
1311630 1053.5
1311640 1053.7
1311650 1053.8
1311660 1053.8
1311670 1053.6
1311680 1053.7
1311690 1053.7
1311700 1053.7
1311710 1053.7
1311720 1053.7
1311730 1054.4
1311740 1053.7
1311750 1053.7
1311760 1051.9
1311770 1052.5
1311780 1052.5
1311790 1051.4
1311800 1049.5
1311810 1047.9
1311820 1047.9
1311830 1048.1
1311840 1047.3
1311850 1047.3
1311860 1045.7
1311870 1045.0
1311880 1045.0
1311890 1044.1
1311900 1042.7
1311910 1042.7
1311920 1041.3
1311930 1040.2
1311940 1040.2
1311950 1039.5
1311960 1039.1
1311970 1039.1
1311980 1038.6
1311990 1042.4
1312000 1042.4
1312010 1044.3
1312020 1046.1
1312030 1047.1
1312040 1047.1
1312050 1046.9
1312060 1045.6
1312070 1045.6
1312080 1045.7
1312090 1046.8
1312100 1046.8
1312110 1047.7
1312120 1047.8
1312130 1047.8
1312140 1045.8
1312150 1043.0
1312160 1043.0
1312170 1039.0
1312180 1039.2
1312190 1039.2
1312200 1039.4
1312210 1039.0
1312220 1039.0
1312230 1039.5
1312240 1040.0
1312250 1040.2
1312260 1040.2
1312270 1039.8
1312280 1038.3
1312290 1038.3
1312300 1036.0
1312310 1034.0
1312320 1034.0
1312330 1033.2
1312340 1033.1
1312350 1033.1
1312360 1035.5
1312370 1038.4
1312380 1038.4
1312390 1041.1
1312400 1043.4
1312410 1043.4
1312420 1045.8
1312430 1047.1
1312440 1047.1
1312450 1048.2
1312460 1048.8
1312470 1048.8
1312480 1049.8
1312490 1052.0
1312500 1055.1
1312510 1055.1
1312520 1059.3
1312530 1063.7
1312540 1063.7
1312550 1068.8
1312560 1073.6
1312570 1073.6
1312580 1078.1
1312590 1082.0
1312600 1082.0
1312610 1086.2
1312620 1089.9
1312630 1089.9
1312640 1093.3
1312650 1100.8
1312660 1100.8
1312670 1106.5
1312680 1110.2
1312690 1110.2
1312700 1111.5
1312710 1109.6
1312720 1115.7
1312730 1115.7
1312740 1114.7
1312750 1117.3
1312760 1117.3
1312770 1121.7
1312780 1124.5
1312790 1124.5
1312800 1129.6
1312810 1124.3
1312820 1124.3
1312830 1118.9
1312840 1116.6
1312850 1116.6
1312860 1119.0
1312870 1124.0
1312880 1124.0
1312890 1126.8
1312900 1133.3
1312910 1133.3
1312920 1140.2
1312930 1146.4
1312940 1155.7
1312950 1155.7
1312960 1164.7
1312970 1174.8
1312980 1174.8
1312990 1187.9
1313000 1199.0
1313010 1199.0
1313020 1206.6
1313030 1212.2
1313040 1212.2
1313050 1216.2
1313060 1218.2
1313070 1218.2
1313080 1221.8
1313090 1228.6
1313100 1228.6
1313110 1234.7
1313120 1239.5
1313130 1239.5
1313140 1244.3
1313150 1247.5
1313160 1243.9
1313170 1243.9
1313180 1239.3
1313190 1239.2
1313200 1239.2
1313210 1242.4
1313220 1246.6
1313230 1246.6
1313240 1252.1
1313250 1257.6
1313260 1257.6
1313270 1262.8
1313280 1269.2
1313290 1269.2
1313300 1280.2
1313310 1290.5
1313320 1290.5
1313330 1301.7
1313340 1312.9
1313350 1312.9
1313360 1322.2
1313370 1332.5
1313380 1344.1
1313390 1344.1
1313400 1354.2
1313410 1364.3
1313420 1364.3
1313430 1376.6
1313440 1389.3
1313450 1389.3
1313460 1401.8
1313470 1410.3
1313480 1410.3
1313490 1419.3
1313500 1429.2
1313510 1429.2
1313520 1436.8
1313530 1446.5
1313540 1446.5
1313550 1454.1
1313560 1459.5
1313570 1459.5
1313580 1463.4
1313590 1467.2
1313600 1470.5
1313610 1470.5
1313620 1473.6
1313630 1476.6
1313640 1476.6
1313650 1482.0
1313660 1491.6
1313670 1491.6
1313680 1497.0
1313690 1499.6
1313700 1499.6
1313710 1501.3
1313720 1500.5
1313730 1500.5
1313740 1476.9
1313750 1437.9
1313760 1437.9
1313770 1421.3
1313780 1420.2
1313790 1420.2
1313800 1427.5
1313810 1447.8
1313820 1474.5
1313830 1474.5
1313840 1493.4
1313850 1502.1
1313860 1502.1
1313870 1494.0
1313880 1480.7
1313890 1480.7
1313900 1454.9
1313910 1443.4
1313920 1443.4
1313930 1451.9
1313940 1461.3
1313950 1461.3
1313960 1469.6
1313970 1478.3
1313980 1478.3
1313990 1487.7
1314000 1496.5
1314010 1496.5
1314020 1504.6
1314030 1510.5
1314040 1515.1
1314050 1515.1
1314060 1520.0
1314070 1525.1
1314080 1525.1
1314090 1531.5
1314100 1539.3
1314110 1539.3
1314120 1547.9
1314130 1557.1
1314140 1557.1
1314150 1568.8
1314160 1582.1
1314170 1582.1
1314180 1594.5
1314190 1605.8
1314200 1605.8
1314210 1616.4
1314220 1632.2
1314230 1632.2
1314240 1643.0
1314250 1654.0
1314260 1664.7
1314270 1664.7
1314280 1673.4
1314290 1680.1
1314300 1680.1
1314310 1688.8
1314320 1699.4
1314330 1699.4
1314340 1709.3
1314350 1717.5
1314360 1717.5
1314370 1724.1
1314380 1731.6
1314390 1731.6
1314400 1741.3
1314410 1753.0
1314420 1753.0
1314430 1762.8
1314440 1769.3
1314450 1769.3
1314460 1774.0
1314470 1779.5
1314480 1790.5
1314490 1790.5
1314500 1802.5
1314510 1812.2
1314520 1812.2
1314530 1819.6
1314540 1825.0
1314550 1825.0
1314560 1831.6
1314570 1838.0
1314580 1838.0
1314590 1843.7
1314600 1849.0
1314610 1849.0
1314620 1854.3
1314630 1860.3
1314640 1860.3
1314650 1867.1
1314660 1873.0
1314670 1873.0
1314680 1876.7
1314690 1878.6
1314700 1877.4
1314710 1877.4
1314720 1876.4
1314730 1875.7
1314740 1875.7
1314750 1872.4
1314760 1871.8
1314770 1871.8
1314780 1871.1
1314790 1870.4
1314800 1870.4
1314810 1871.3
1314820 1870.9
1314830 1870.9
1314840 1870.0
1314850 1868.3
1314860 1868.3
1314870 1863.8
1314880 1861.6
1314890 1861.6
1314900 1858.8
1314910 1858.3
1314920 1863.3
1314930 1863.3
1314940 1863.1
1314950 1870.3
1314960 1870.3
1314970 1869.3
1314980 1869.7
1314990 1869.7
1315000 1875.2
1315010 1880.8
1315020 1880.8
1315030 1880.6
1315040 1884.3
1315050 1884.3
1315060 1890.3
1315070 1893.1
1315080 1893.1
1315090 1897.3
1315100 1905.2
1315110 1905.2
1315120 1911.8
1315130 1916.8
1315140 1923.1
1315150 1923.1
1315160 1930.4
1315170 1936.3
1315180 1936.3
1315190 1943.7
1315200 1952.9
1315210 1952.9
1315220 1963.0
1315230 1974.9
1315240 1974.9
1315250 1986.4
1315260 1995.5
1315270 1995.5
1315280 2002.8
1315290 2010.3
1315300 2010.3
1315310 2016.3
1315320 2019.8
1315330 2019.8
1315340 2022.1
1315350 2024.3
1315360 2027.6
1315370 2027.6
1315380 2028.9
1315390 2028.2
1315400 2028.2
1315410 2026.6
1315420 2026.2
1315430 2026.2
1315440 2026.6
1315450 2028.1
1315460 2028.1
1315470 2029.7
1315480 2031.5
1315490 2031.5
1315500 2033.7
1315510 2036.4
1315520 2036.4
1315530 2039.2
1315540 2044.1
1315550 2044.1
1315560 2049.3
1315570 2054.4
1315580 2060.1
1315590 2060.1
1315600 2067.4
1315610 2080.7
1315620 2080.7
1315630 2098.5
1315640 2109.2
1315650 2109.2
1315660 2111.0
1315670 2112.2
1315680 2112.2
1315690 2110.5
1315700 2103.3
1315710 2103.3
1315720 2092.9
1315730 2081.7
1315740 2081.7
1315750 2070.0
1315760 2059.5
1315770 2059.5
1315780 2049.8
1315790 2037.7
1315800 2023.2
1315810 2023.2
1315820 2009.8
1315830 2001.6
1315840 2001.6
1315850 1995.2
1315860 1990.4
1315870 1990.4
1315880 1984.8
1315890 1979.3
1315900 1979.3
1315910 1973.8
1315920 1969.0
1315930 1969.0
1315940 1963.7
1315950 1957.8
1315960 1957.8
1315970 1951.2
1315980 1944.1
1315990 1944.1
1316000 1936.9
1316010 1927.8
1316020 1916.0
1316030 1916.0
1316040 1902.3
1316050 1888.5
1316060 1888.5
1316070 1875.4
1316080 1864.0
1316090 1864.0
1316100 1856.5
1316110 1846.3
1316120 1846.3
1316130 1826.0
1316140 1788.8
1316150 1788.8
1316160 1773.2
1316170 1765.7
1316180 1765.7
1316190 1756.8
1316200 1746.9
1316210 1746.9
1316220 1738.9
1316230 1732.1
1316240 1726.0
1316250 1726.0
1316260 1720.0
1316270 1716.6
1316280 1716.6
1316290 1718.2
1316300 1729.7
1316310 1729.7
1316320 1739.8
1316330 1752.3
1316340 1752.3
1316350 1762.7
1316360 1765.6
1316370 1765.6
1316380 1763.9
1316390 1771.2
1316400 1771.2
1316410 1781.4
1316420 1785.5
1316430 1785.5
1316440 1790.0
1316450 1797.7
1316460 1810.6
1316470 1810.6
1316480 1817.3
1316490 1824.1
1316500 1824.1
1316510 1827.7
1316520 1826.1
1316530 1826.1
1316540 1821.0
1316550 1815.8
1316560 1815.8
1316570 1813.2
1316580 1814.6
1316590 1814.6
1316600 1814.0
1316610 1812.2
1316620 1812.2
1316630 1812.7
1316640 1814.7
1316650 1814.7
1316660 1815.6
1316670 1815.6
1316680 1815.4
1316690 1815.4
1316700 1811.0
1316710 1802.9
1316720 1802.9
1316730 1795.7
1316740 1787.8
1316750 1787.8
1316760 1780.3
1316770 1773.4
1316780 1773.4
1316790 1766.9
1316800 1756.3
1316810 1756.3
1316820 1741.3
1316830 1728.0
1316840 1728.0
1316850 1717.4
1316860 1714.5
1316870 1714.5
1316880 1708.7
1316890 1698.3
1316900 1682.8
1316910 1682.8
1316920 1668.9
1316930 1659.3
1316940 1659.3
1316950 1649.6
1316960 1638.9
1316970 1638.9
1316980 1644.1
1316990 1647.2
1317000 1647.2
1317010 1635.8
1317020 1618.4
1317030 1618.4
1317040 1600.3
1317050 1584.9
1317060 1584.9
1317070 1573.2
1317080 1570.0
1317090 1570.0
1317100 1553.7
1317110 1529.9
1317120 1508.5
1317130 1508.5
1317140 1490.8
1317150 1474.0
1317160 1474.0
1317170 1446.6
1317180 1408.9
1317190 1408.9
1317200 1383.2
1317210 1371.0
1317220 1371.0
1317230 1359.4
1317240 1352.1
1317250 1352.1
1317260 1344.9
1317270 1338.2
1317280 1338.2
1317290 1332.7
1317300 1327.9
1317310 1327.9
1317320 1322.1
1317330 1316.5
1317340 1312.6
1317350 1312.6
1317360 1313.2
1317370 1310.1
1317380 1310.1
1317390 1305.8
1317400 1300.3
1317410 1300.3
1317420 1295.9
1317430 1294.5
1317440 1294.5
1317450 1291.3
1317460 1285.0
1317470 1285.0
1317480 1276.7
1317490 1271.7
1317500 1271.7
1317510 1271.1
1317520 1271.6
1317530 1271.6
1317540 1270.5
1317550 1268.8
1317560 1266.7
1317570 1266.7
1317580 1264.2
1317590 1261.6
1317600 1261.6
1317610 1259.4
1317620 1258.6
1317630 1258.6
1317640 1258.3
1317650 1257.6
1317660 1257.6
1317670 1257.4
1317680 1256.9
1317690 1256.9
1317700 1255.7
1317710 1256.1
1317720 1256.1
1317730 1256.3
1317740 1256.6
1317750 1256.6
1317760 1256.9
1317770 1256.9
1317780 1259.6
1317790 1259.6
1317800 1260.7
1317810 1259.5
1317820 1259.5
1317830 1257.7
1317840 1256.5
1317850 1256.5
1317860 1254.1
1317870 1253.7
1317880 1253.7
1317890 1255.6
1317900 1258.7
1317910 1258.7
1317920 1260.8
1317930 1262.7
1317940 1262.7
1317950 1265.5
1317960 1269.5
1317970 1271.0
1317980 1274.7
1317990 1278.1
1318000 1281.0
1318010 1281.0
1318020 1283.6
1318030 1284.6
1318040 1284.6
1318050 1287.8
1318060 1296.1
1318070 1296.1
1318080 1305.1
1318090 1311.0
1318100 1311.0
1318110 1315.1
1318120 1319.4
1318130 1319.4
1318140 1325.0
1318150 1331.0
1318160 1331.0
1318170 1337.2
1318180 1343.8
1318190 1343.8
1318200 1350.0
1318210 1356.3
1318220 1362.7
1318230 1362.7
1318240 1368.7
1318250 1374.5
1318260 1374.5
1318270 1378.5
1318280 1381.1
1318290 1381.1
1318300 1386.3
1318310 1391.6
1318320 1391.6
1318330 1393.8
1318340 1398.0
1318350 1398.0
1318360 1403.0
1318370 1408.4
1318380 1408.4
1318390 1415.2
1318400 1422.4
1318410 1422.4
1318420 1430.1
1318430 1440.4
1318440 1451.9
1318450 1451.9
1318460 1462.8
1318470 1472.8
1318480 1472.8
1318490 1481.9
1318500 1491.3
1318510 1491.3
1318520 1501.6
1318530 1510.5
1318540 1510.5
1318550 1519.9
1318560 1529.8
1318570 1529.8
1318580 1539.5
1318590 1548.9
1318600 1548.9
1318610 1560.2
1318620 1571.2
1318630 1571.2
1318640 1582.1
1318650 1594.5
1318660 1605.5
1318670 1605.5
1318680 1614.2
1318690 1622.5
1318700 1622.5
1318710 1636.6
1318720 1655.7
1318730 1639.1
1318740 1651.2
1318750 1661.3
1318760 1661.3
1318770 1676.5
1318780 1691.5
1318790 1691.5
1318800 1703.4
1318810 1709.1
1318820 1709.1
1318830 1709.4
1318840 1706.2
1318850 1706.2
1318860 1703.6
1318870 1704.9
1318880 1706.2
1318890 1706.2
1318900 1708.9
1318910 1712.3
1318920 1712.3
1318930 1714.4
1318940 1715.6
1318950 1715.6
1318960 1712.3
1318970 1703.6
1318980 1703.6
1318990 1695.7
1319000 1691.3
1319010 1691.3
1319020 1687.9
1319030 1688.8
1319040 1688.8
1319050 1691.7
1319060 1694.8
1319070 1694.8
1319080 1697.8
1319090 1702.4
1319100 1708.1
1319110 1708.1
1319120 1715.7
1319130 1723.3
1319140 1723.3
1319150 1731.1
1319160 1741.1
1319170 1741.1
1319180 1754.1
1319190 1762.9
1319200 1762.9
1319210 1769.3
1319220 1775.8
1319230 1775.8
1319240 1780.1
1319250 1784.4
1319260 1784.4
1319270 1790.0
1319280 1795.1
1319290 1795.1
1319300 1799.1
1319310 1804.9
1319320 1809.2
1319330 1809.2
1319340 1814.5
1319350 1819.4
1319360 1819.4
1319370 1828.2
1319380 1840.4
1319390 1840.4
1319400 1850.2
1319410 1859.4
1319420 1859.4
1319430 1867.2
1319440 1874.6
1319450 1874.6
1319460 1881.8
1319470 1889.1
1319480 1889.1
1319490 1899.0
1319500 1918.2
1319510 1918.2
1319520 1918.9
1319530 1920.6
1319540 1925.1
1319550 1925.1
1319560 1930.9
1319570 1934.6
1319580 1934.6
1319590 1939.7
1319600 1946.8
1319610 1946.8
1319620 1953.7
1319630 1958.8
1319640 1958.8
1319650 1964.0
1319660 1970.0
1319670 1970.0
1319680 1977.1
1319690 1984.5
1319700 1984.5
1319710 1990.0
1319720 1995.9
1319730 1995.9
1319740 2001.3
1319750 2006.2
1319760 2011.3
1319770 2011.3
1319780 2015.9
1319790 2019.1
1319800 2019.1
1319810 2023.0
1319820 2027.1
1319830 2027.1
1319840 2029.9
1319850 2033.1
1319860 2033.1
1319870 2038.6
1319880 2042.8
1319890 2042.8
1319900 2047.4
1319910 2053.6
1319920 2053.6
1319930 2060.1
1319940 2066.6
1319950 2066.6
1319960 2074.8
1319970 2079.0
1319980 2099.0
1319990 2099.0
