1300000 2140.4
1300010 2141.3
1300020 2141.3
1300030 2142.9
1300040 2143.9
1300050 2143.9
1300060 2143.3
1300070 2145.6
1300080 2145.6
1300090 2150.1
1300100 2153.4
1300110 2153.4
1300120 2155.2
1300130 2156.2
1300140 2155.7
1300150 2155.7
1300160 2155.8
1300170 2157.9
1300180 2157.9
1300190 2161.2
1300200 2165.4
1300210 2165.4
1300220 2171.3
1300230 2177.6
1300240 2177.6
1300250 2184.4
1300260 2191.1
1300270 2191.1
1300280 2196.7
1300290 2202.3
1300300 2202.3
1300310 2208.8
1300320 2214.3
1300330 2214.3
1300340 2218.8
1300350 2223.2
1300360 2227.8
1300370 2227.8
1300380 2232.4
1300390 2237.5
1300400 2237.5
1300410 2241.9
1300420 2245.8
1300430 2245.8
1300440 2250.5
1300450 2255.6
1300460 2255.6
1300470 2259.5
1300480 2262.9
1300490 2262.9
1300500 2265.6
1300510 2268.2
1300520 2268.2
1300530 2274.6
1300540 2278.7
1300550 2278.7
1300560 2282.0
1300570 2284.5
1300580 2288.1
1300590 2288.1
1300600 2291.9
1300610 2294.7
1300620 2294.7
1300630 2297.3
1300640 2299.7
1300650 2299.7
1300660 2302.5
1300670 2306.4
1300680 2306.4
1300690 2311.1
1300700 2314.4
1300710 2314.4
1300720 2317.4
1300730 2320.6
1300740 2320.6
1300750 2323.3
1300760 2324.1
1300770 2324.1
1300780 2325.3
1300790 2328.1
1300800 2329.4
1300810 2329.4
1300820 2330.4
1300830 2332.9
1300840 2332.9
1300850 2336.0
1300860 2339.7
1300870 2339.7
1300880 2344.0
1300890 2347.8
1300900 2347.8
1300910 2351.0
1300920 2354.3
1300930 2354.3
1300940 2357.0
1300950 2359.5
1300960 2359.5
1300970 2363.3
1300980 2365.8
1300990 2365.8
1301000 2368.0
1301010 2370.3
1301020 2371.4
1301030 2371.4
1301040 2371.1
1301050 2371.2
1301060 2371.2
1301070 2372.8
1301080 2375.3
1301090 2375.3
1301100 2377.6
1301110 2380.5
1301120 2380.5
1301130 2383.7
1301140 2387.0
1301150 2387.0
1301160 2389.3
1301170 2392.1
1301180 2392.1
1301190 2395.6
1301200 2399.3
1301210 2399.3
1301220 2403.4
1301230 2405.5
1301240 2408.0
1301250 2408.0
1301260 2410.3
1301270 2413.5
1301280 2413.5
1301290 2415.9
1301300 2418.3
1301310 2418.3
1301320 2419.6
1301330 2419.4
1301340 2419.4
1301350 2418.4
1301360 2418.9
1301370 2418.9
1301380 2420.3
1301390 2420.2
1301400 2420.2
1301410 2420.3
1301420 2422.3
1301430 2422.3
1301440 2424.9
1301450 2427.4
1301460 2429.1
1301470 2429.1
1301480 2430.3
1301490 2431.1
1301500 2431.1
1301510 2431.8
1301520 2432.4
1301530 2432.4
1301540 2433.7
1301550 2435.8
1301560 2435.8
1301570 2436.2
1301580 2438.2
1301590 2438.2
1301600 2440.7
1301610 2443.6
1301620 2443.6
1301630 2446.5
1301640 2448.9
1301650 2448.9
1301660 2452.4
1301670 2456.2
1301680 2460.1
1301690 2460.1
1301700 2464.2
1301710 2469.1
1301720 2469.1
1301730 2473.5
1301740 2477.9
1301750 2477.9
1301760 2482.3
1301770 2487.2
1301780 2487.2
1301790 2492.0
1301800 2497.5
1301810 2497.5
1301820 2502.1
1301830 2506.7
1301840 2506.7
1301850 2511.8
1301860 2516.9
1301870 2516.9
1301880 2522.6
1301890 2528.2
1301900 2534.6
1301910 2535.7
1301920 2541.7
1301930 2548.2
1301940 2548.2
1301950 2554.9
1301960 2562.2
1301970 2562.2
1301980 2569.2
1301990 2577.0
1302000 2577.0
1302010 2584.9
1302020 2593.6
1302030 2593.6
1302040 2602.7
1302050 2611.2
1302060 2611.2
1302070 2619.6
1302080 2626.9
1302090 2626.9
1302100 2632.6
1302110 2638.4
1302120 2645.7
1302130 2645.7
1302140 2652.9
1302150 2659.9
1302160 2659.9
1302170 2667.2
1302180 2675.4
1302190 2675.4
1302200 2682.9
1302210 2690.2
1302220 2690.2
1302230 2697.1
1302240 2703.4
1302250 2703.4
1302260 2708.6
1302270 2714.2
1302280 2714.2
1302290 2719.1
1302300 2724.1
1302310 2724.1
1302320 2727.8
1302330 2730.4
1302340 2732.2
1302350 2732.2
1302360 2734.8
1302370 2738.1
1302380 2738.1
1302390 2742.1
1302400 2746.1
1302410 2746.1
1302420 2750.6
1302430 2755.2
1302440 2755.2
1302450 2759.2
1302460 2762.4
1302470 2762.4
1302480 2765.1
1302490 2767.2
1302500 2767.2
1302510 2770.6
1302520 2773.4
1302530 2773.4
1302540 2775.3
1302550 2776.8
1302560 2778.4
1302570 2778.4
1302580 2780.2
1302590 2782.3
1302600 2782.3
1302610 2788.7
1302620 2792.0
1302630 2792.0
1302640 2794.8
1302650 2797.6
1302660 2797.6
1302670 2800.1
1302680 2802.5
1302690 2802.5
1302700 2805.2
1302710 2808.1
1302720 2808.1
1302730 2811.5
1302740 2815.1
1302750 2815.1
1302760 2818.5
1302770 2821.6
1302780 2824.8
1302790 2824.8
1302800 2828.0
1302810 2830.6
1302820 2830.6
1302830 2833.4
1302840 2836.5
1302850 2836.5
1302860 2839.8
1302870 2843.9
1302880 2843.9
1302890 2849.0
1302900 2855.2
1302910 2855.2
1302920 2861.5
1302930 2867.8
1302940 2867.8
1302950 2874.2
1302960 2880.6
1302970 2880.6
1302980 2887.0
1302990 2893.4
1303000 2900.4
1303010 2900.4
1303020 2907.5
1303030 2914.8
1303040 2914.8
1303050 2921.8
1303060 2927.7
1303070 2927.7
1303080 2933.7
1303090 2940.3
1303100 2940.3
1303110 2946.5
1303120 2949.9
1303130 2949.9
1303140 2942.3
1303150 2934.0
1303160 2934.0
1303170 2927.3
1303180 2921.5
1303190 2921.5
1303200 2916.3
1303210 2911.5
1303220 2907.2
1303230 2907.2
1303240 2903.4
1303250 2899.9
1303260 2899.9
1303270 2896.7
1303280 2893.5
1303290 2893.5
1303300 2890.2
1303310 2887.1
1303320 2887.1
1303330 2883.8
1303340 2880.5
1303350 2880.5
1303360 2877.1
1303370 2873.7
1303380 2873.7
1303390 2870.3
1303400 2866.8
1303410 2866.8
1303420 2863.3
1303430 2859.7
1303440 2855.9
1303450 2855.9
1303460 2852.1
1303470 2848.3
1303480 2848.3
1303490 2844.6
1303500 2840.9
1303510 2840.9
1303520 2837.1
1303530 2833.5
1303540 2833.5
1303550 2830.1
1303560 2826.7
1303570 2826.7
1303580 2823.5
1303590 2820.3
1303600 2820.3
1303610 2817.3
1303620 2814.3
1303630 2814.3
1303640 2811.3
1303650 2808.4
1303660 2805.6
1303670 2805.6
1303680 2802.8
1303690 2800.1
1303700 2800.1
1303710 2797.3
1303720 2794.6
1303730 2794.6
1303740 2791.9
1303750 2789.2
1303760 2789.2
1303770 2786.4
1303780 2783.6
1303790 2783.6
1303800 2780.8
1303810 2778.0
1303820 2778.0
1303830 2775.2
1303840 2772.4
1303850 2772.4
1303860 2769.5
1303870 2766.7
1303880 2766.7
1303890 2763.9
1303900 2761.2
1303910 2758.6
1303920 2758.6
1303930 2756.6
1303940 2754.9
1303950 2754.9
1303960 2753.3
1303970 2751.9
1303980 2751.9
1303990 2750.8
1304000 2749.5
1304010 2747.6
1304020 2745.9
1304030 2744.2
1304040 2744.2
1304050 2741.9
1304060 2739.8
1304070 2739.8
1304080 2737.7
1304090 2735.5
1304100 2735.5
1304110 2733.5
1304120 2731.7
1304130 2729.9
1304140 2729.9
1304150 2727.5
1304160 2725.4
1304170 2725.4
1304180 2722.7
1304190 2719.0
1304200 2719.0
1304210 2716.4
1304220 2710.3
1304230 2710.3
1304240 2700.2
1304250 2695.1
1304260 2695.1
1304270 2692.0
1304280 2690.9
1304290 2690.9
1304300 2689.3
1304310 2687.9
1304320 2687.9
1304330 2687.0
1304340 2686.1
1304350 2684.2
1304360 2684.2
1304370 2683.1
1304380 2680.4
1304390 2680.4
1304400 2677.0
1304410 2673.5
1304420 2673.5
1304430 2670.6
1304440 2668.8
1304450 2668.8
1304460 2666.8
1304470 2664.8
1304480 2664.8
1304490 2664.3
1304500 2664.7
1304510 2664.7
1304520 2664.5
1304530 2664.1
1304540 2664.1
1304550 2663.7
1304560 2663.9
1304570 2663.7
1304580 2663.7
1304590 2663.5
1304600 2663.9
1304610 2663.9
1304620 2665.0
1304630 2665.3
1304640 2665.3
1304650 2665.2
1304660 2664.2
1304670 2664.2
1304680 2662.7
1304690 2661.9
1304700 2661.9
1304710 2660.7
1304720 2659.3
1304730 2659.3
1304740 2657.6
1304750 2655.5
1304760 2655.5
1304770 2654.4
1304780 2654.3
1304790 2652.5
1304800 2652.5
1304810 2649.7
1304820 2648.2
1304830 2648.2
1304840 2648.2
1304850 2649.0
1304860 2649.0
1304870 2649.0
1304880 2645.5
1304890 2645.5
1304900 2638.8
1304910 2636.4
1304920 2636.4
1304930 2635.9
1304940 2635.3
1304950 2635.3
1304960 2633.5
1304970 2629.8
1304980 2629.8
1304990 2627.4
1305000 2626.8
1305010 2625.7
1305020 2625.7
1305030 2620.3
1305040 2614.6
1305050 2614.6
1305060 2612.3
1305070 2612.1
1305080 2612.1
1305090 2612.7
1305100 2613.6
1305110 2613.6
1305120 2614.4
1305130 2614.1
1305140 2614.1
1305150 2613.8
1305160 2614.1
1305170 2614.1
1305180 2616.0
1305190 2618.8
1305200 2618.8
1305210 2616.0
1305220 2608.7
1305230 2601.4
1305240 2601.4
1305250 2595.0
1305260 2588.5
1305270 2588.5
1305280 2582.4
1305290 2577.8
1305300 2577.8
1305310 2574.0
1305320 2572.7
1305330 2572.7
1305340 2571.2
1305350 2567.7
1305360 2567.7
1305370 2565.0
1305380 2562.5
1305390 2562.5
1305400 2559.3
1305410 2554.3
1305420 2553.9
1305430 2549.9
1305440 2545.1
1305450 2542.4
1305460 2542.4
1305470 2542.0
1305480 2539.7
1305490 2539.7
1305500 2539.1
1305510 2540.1
1305520 2540.1
1305530 2540.3
1305540 2540.2
1305550 2540.2
1305560 2540.4
1305570 2541.4
1305580 2541.4
1305590 2542.8
1305600 2544.1
1305610 2544.1
1305620 2545.9
1305630 2547.8
1305640 2547.8
1305650 2549.0
1305660 2549.8
1305670 2550.4
1305680 2550.4
1305690 2549.6
1305700 2548.2
1305710 2548.2
1305720 2547.0
1305730 2545.1
1305740 2545.1
1305750 2542.9
1305760 2539.0
1305770 2539.0
1305780 2536.2
1305790 2533.7
1305800 2533.7
1305810 2531.3
1305820 2530.7
1305830 2530.7
1305840 2530.6
1305850 2527.3
1305860 2527.3
1305870 2518.3
1305880 2509.7
1305890 2506.0
1305900 2506.0
1305910 2505.1
1305920 2504.9
1305930 2504.9
1305940 2505.4
1305950 2505.2
1305960 2505.2
1305970 2505.1
1305980 2503.5
1305990 2503.5
1306000 2497.8
1306010 2493.6
1306020 2493.6
1306030 2487.4
1306040 2480.4
1306050 2480.4
1306060 2476.1
1306070 2472.8
1306080 2472.8
1306090 2470.5
1306100 2468.3
1306110 2466.7
1306120 2466.7
1306130 2461.0
1306140 2461.4
1306150 2461.4
1306160 2460.9
1306170 2458.1
1306180 2458.1
1306190 2454.4
1306200 2450.7
1306210 2450.7
1306220 2447.4
1306230 2444.0
1306240 2444.0
1306250 2440.9
1306260 2439.1
1306270 2439.1
1306280 2437.8
1306290 2434.8
1306300 2434.8
1306310 2431.0
1306320 2427.8
1306330 2424.6
1306340 2424.6
1306350 2421.8
1306360 2419.4
1306370 2419.4
1306380 2417.1
1306390 2414.1
1306400 2414.1
1306410 2409.9
1306420 2405.4
1306430 2405.4
1306440 2401.5
1306450 2397.0
1306460 2397.0
1306470 2391.8
1306480 2389.7
1306490 2389.7
1306500 2389.0
1306510 2388.7
1306520 2388.7
1306530 2386.3
1306540 2385.9
1306550 2388.9
1306560 2388.9
1306570 2390.5
1306580 2389.2
1306590 2389.2
1306600 2386.8
1306610 2385.8
1306620 2385.8
1306630 2385.6
1306640 2385.6
1306650 2385.6
1306660 2386.4
1306670 2387.2
1306680 2387.2
1306690 2388.5
1306700 2390.6
1306710 2390.6
1306720 2393.9
1306730 2397.2
1306740 2397.2
1306750 2400.8
1306760 2404.3
1306770 2406.9
1306780 2406.9
1306790 2409.3
1306800 2413.5
1306810 2413.5
1306820 2418.9
1306830 2424.9
1306840 2419.3
1306850 2426.0
1306860 2432.6
1306870 2432.6
1306880 2438.9
1306890 2445.2
1306900 2445.2
1306910 2450.7
1306920 2455.8
1306930 2455.8
1306940 2460.5
1306950 2466.1
1306960 2466.1
1306970 2471.0
1306980 2475.4
1306990 2479.7
1307000 2479.7
1307010 2484.7
1307020 2488.7
1307030 2488.7
1307040 2494.0
1307050 2499.1
1307060 2499.1
1307070 2501.8
1307080 2505.6
1307090 2505.6
1307100 2511.7
1307110 2514.1
1307120 2514.1
1307130 2511.6
1307140 2501.8
1307150 2501.8
1307160 2490.3
1307170 2478.1
1307180 2478.1
1307190 2467.6
1307200 2454.0
1307210 2440.1
1307220 2440.1
1307230 2430.3
1307240 2422.7
1307250 2422.7
1307260 2416.3
1307270 2410.1
1307280 2410.1
1307290 2404.6
1307300 2400.4
1307310 2400.4
1307320 2398.4
1307330 2398.4
1307340 2398.4
1307350 2399.2
1307360 2403.2
1307370 2403.2
1307380 2407.3
1307390 2411.6
1307400 2411.6
1307410 2416.4
1307420 2416.6
1307430 2411.3
1307440 2411.3
1307450 2407.0
1307460 2407.4
1307470 2407.4
1307480 2410.5
1307490 2413.4
1307500 2413.4
1307510 2416.4
1307520 2419.8
1307530 2419.8
1307540 2423.1
1307550 2424.4
1307560 2418.9
1307570 2418.2
1307580 2417.5
1307590 2417.5
1307600 2412.9
1307610 2409.3
1307620 2409.3
1307630 2405.2
1307640 2400.6
1307650 2395.4
1307660 2395.4
1307670 2389.9
1307680 2386.9
1307690 2386.9
1307700 2385.8
1307710 2383.8
1307720 2383.8
1307730 2380.8
1307740 2377.8
1307750 2377.8
1307760 2373.8
1307770 2367.0
1307780 2367.0
1307790 2359.8
1307800 2351.9
1307810 2351.9
1307820 2346.8
1307830 2342.6
1307840 2342.6
1307850 2338.8
1307860 2335.0
1307870 2330.5
1307880 2330.5
1307890 2325.9
1307900 2319.8
1307910 2319.8
1307920 2313.3
1307930 2310.3
1307940 2310.3
1307950 2304.1
1307960 2295.7
1307970 2295.7
1307980 2288.9
1307990 2281.6
1308000 2281.6
1308010 2272.5
1308020 2265.3
1308030 2265.3
1308040 2258.6
1308050 2252.6
1308060 2252.6
1308070 2246.7
1308080 2239.0
1308090 2231.2
1308100 2231.2
1308110 2224.3
1308120 2218.3
1308130 2218.3
1308140 2214.3
1308150 2211.0
1308160 2211.0
1308170 2206.7
1308180 2202.4
1308190 2202.4
1308200 2197.8
1308210 2193.3
1308220 2193.3
1308230 2189.5
1308240 2185.9
1308250 2185.9
1308260 2183.0
1308270 2180.5
1308280 2174.7
1308290 2170.8
1308300 2167.2
1308310 2162.7
1308320 2162.7
1308330 2158.6
1308340 2156.0
1308350 2156.0
1308360 2154.4
1308370 2151.9
1308380 2151.9
1308390 2148.9
1308400 2145.8
1308410 2145.8
1308420 2143.5
1308430 2141.8
1308440 2141.8
1308450 2140.7
1308460 2140.0
1308470 2140.0
1308480 2139.7
1308490 2140.8
1308500 2140.8
1308510 2141.5
1308520 2143.4
1308530 2143.4
1308540 2144.4
1308550 2145.8
1308560 2147.2
1308570 2147.2
1308580 2148.6
1308590 2149.6
1308600 2149.6
1308610 2149.2
1308620 2147.2
1308630 2147.2
1308640 2144.3
1308650 2141.0
1308660 2141.0
1308670 2136.9
1308680 2131.9
1308690 2131.9
1308700 2127.4
1308710 2123.7
1308720 2123.7
1308730 2119.9
1308740 2114.2
1308750 2114.2
1308760 2108.5
1308770 2103.5
1308780 2098.4
1308790 2098.4
1308800 2094.2
1308810 2089.8
1308820 2089.8
1308830 2084.3
1308840 2077.4
1308850 2077.4
1308860 2071.1
1308870 2064.2
1308880 2064.2
1308890 2056.4
1308900 2048.6
1308910 2048.6
1308920 2040.7
1308930 2032.2
1308940 2032.2
1308950 2024.2
1308960 2016.9
1308970 2016.9
1308980 2008.1
1308990 1997.7
1309000 1989.7
1309010 1989.7
1309020 1979.2
1309030 1968.8
1309040 1968.8
1309050 1959.2
1309060 1950.2
1309070 1950.2
1309080 1941.4
1309090 1931.2
1309100 1931.2
1309110 1919.9
1309120 1909.6
1309130 1909.6
1309140 1899.7
1309150 1891.1
1309160 1891.1
1309170 1886.4
1309180 1882.6
1309190 1882.6
1309200 1874.0
1309210 1863.9
1309220 1854.9
1309230 1854.9
1309240 1847.7
1309250 1841.8
1309260 1841.8
1309270 1834.8
1309280 1826.7
1309290 1826.7
1309300 1818.9
1309310 1811.4
1309320 1811.4
1309330 1804.0
1309340 1796.2
1309350 1796.2
1309360 1788.0
1309370 1780.9
1309380 1780.9
1309390 1774.0
1309400 1765.4
1309410 1765.4
1309420 1756.9
1309430 1748.8
1309440 1741.3
1309450 1741.3
1309460 1737.2
1309470 1738.3
1309480 1738.3
1309490 1740.1
1309500 1739.9
1309510 1739.9
1309520 1739.3
1309530 1738.5
1309540 1738.5
1309550 1736.3
1309560 1737.4
1309570 1737.4
1309580 1735.5
1309590 1732.3
1309600 1732.3
1309610 1734.5
1309620 1738.7
1309630 1738.7
1309640 1742.2
1309650 1743.0
1309660 1742.2
1309670 1742.2
1309680 1740.3
1309690 1737.0
1309700 1737.0
1309710 1734.3
1309720 1714.5
1309730 1714.5
1309740 1708.8
1309750 1703.7
1309760 1703.7
1309770 1691.9
1309780 1676.8
1309790 1676.8
1309800 1669.2
1309810 1663.6
1309820 1663.6
1309830 1658.7
1309840 1654.1
1309850 1654.1
1309860 1648.6
1309870 1642.3
1309880 1636.1
1309890 1636.1
1309900 1629.8
1309910 1625.7
1309920 1625.7
1309930 1623.8
1309940 1618.0
1309950 1618.0
1309960 1611.3
1309970 1605.9
1309980 1605.9
1309990 1601.8
1310000 1597.3
1310010 1597.3
1310020 1590.6
1310030 1584.8
1310040 1584.8
1310050 1580.3
1310060 1575.0
1310070 1575.0
1310080 1568.5
1310090 1562.0
1310100 1548.8
1310110 1548.8
1310120 1536.6
1310130 1530.4
1310140 1530.4
1310150 1524.2
1310160 1518.2
1310170 1518.2
1310180 1511.5
1310190 1503.3
1310200 1503.3
1310210 1495.5
1310220 1489.8
1310230 1489.8
1310240 1485.0
1310250 1480.1
1310260 1480.1
1310270 1472.4
1310280 1463.4
1310290 1463.4
1310300 1455.9
1310310 1449.0
1310320 1441.3
1310330 1441.3
1310340 1433.5
1310350 1426.7
1310360 1426.7
1310370 1420.9
1310380 1415.6
1310390 1415.6
1310400 1410.3
1310410 1406.6
1310420 1406.6
1310430 1404.7
1310440 1402.6
1310450 1397.7
1310460 1398.4
1310470 1399.3
1310480 1399.3
1310490 1399.6
1310500 1399.6
1310510 1399.6
1310520 1399.2
1310530 1398.3
1310540 1397.0
1310550 1397.0
1310560 1396.0
1310570 1395.0
1310580 1395.0
1310590 1394.5
1310600 1394.7
1310610 1394.7
1310620 1393.9
1310630 1388.3
1310640 1388.3
1310650 1378.7
1310660 1347.1
1310670 1347.1
1310680 1304.6
1310690 1287.3
1310700 1287.3
1310710 1281.5
1310720 1277.2
1310730 1277.2
1310740 1259.1
1310750 1245.6
1310760 1239.4
1310770 1239.4
1310780 1227.7
1310790 1215.9
1310800 1215.9
1310810 1213.3
1310820 1214.5
1310830 1214.5
1310840 1215.0
1310850 1215.4
1310860 1215.4
1310870 1213.1
1310880 1207.5
1310890 1207.5
1310900 1201.8
1310910 1196.5
1310920 1196.5
1310930 1190.2
1310940 1187.9
1310950 1187.9
1310960 1193.5
1310970 1196.9
1310980 1198.4
1310990 1198.4
1311000 1199.3
1311010 1200.1
1311020 1200.1
1311030 1199.6
1311040 1198.3
1311050 1198.3
1311060 1199.7
1311070 1202.4
1311080 1202.4
1311090 1202.9
1311100 1203.2
1311110 1203.2
1311120 1205.9
1311130 1205.0
1311140 1205.0
1311150 1205.9
1311160 1209.2
1311170 1209.2
1311180 1204.6
1311190 1206.7
1311200 1208.0
1311210 1208.0
1311220 1210.8
1311230 1213.2
1311240 1213.2
1311250 1215.0
1311260 1216.5
1311270 1216.5
1311280 1218.2
1311290 1220.1
1311300 1220.1
1311310 1221.9
1311320 1223.2
1311330 1223.2
1311340 1224.7
1311350 1225.2
1311360 1225.2
1311370 1226.2
1311380 1227.1
1311390 1227.1
1311400 1229.3
1311410 1230.5
1311420 1230.0
1311430 1230.0
1311440 1230.5
1311450 1230.4
1311460 1230.4
1311470 1230.4
1311480 1230.3
1311490 1230.3
1311500 1230.2
1311510 1230.0
1311520 1230.0
1311530 1229.1
1311540 1227.0
1311550 1227.0
1311560 1225.3
1311570 1223.6
1311580 1223.6
1311590 1222.2
1311600 1221.0
1311610 1221.0
1311620 1219.2
1311630 1217.2
1311640 1215.3
1311650 1215.3
1311660 1213.2
1311670 1211.0
1311680 1211.0
1311690 1209.3
1311700 1207.6
1311710 1207.6
1311720 1205.1
1311730 1203.2
1311740 1203.2
1311750 1200.9
1311760 1198.6
1311770 1198.6
1311780 1196.8
1311790 1194.5
1311800 1194.5
1311810 1191.4
1311820 1188.6
1311830 1188.6
1311840 1185.4
1311850 1182.3
1311860 1180.0
1311870 1180.0
1311880 1178.5
1311890 1176.2
1311900 1176.2
1311910 1174.4
1311920 1163.9
1311930 1163.9
1311940 1162.0
1311950 1160.3
1311960 1160.3
1311970 1159.1
1311980 1157.7
1311990 1157.7
1312000 1155.9
1312010 1153.7
1312020 1153.7
1312030 1150.4
1312040 1148.3
1312050 1148.3
1312060 1146.0
1312070 1144.0
1312080 1142.9
1312090 1142.9
1312100 1142.6
1312110 1143.3
1312120 1143.3
1312130 1142.9
1312140 1140.8
1312150 1140.8
1312160 1136.8
1312170 1130.9
1312180 1130.9
1312190 1124.4
1312200 1119.5
1312210 1119.5
1312220 1114.7
1312230 1107.9
1312240 1107.9
1312250 1101.2
1312260 1095.4
1312270 1095.4
1312280 1090.9
1312290 1087.1
1312300 1082.7
1312310 1082.7
1312320 1079.2
1312330 1076.1
1312340 1076.1
1312350 1073.8
1312360 1070.7
1312370 1070.7
1312380 1066.7
1312390 1064.0
1312400 1064.0
1312410 1060.1
1312420 1056.1
1312430 1056.1
1312440 1052.5
1312450 1048.8
1312460 1048.8
1312470 1046.0
1312480 1045.0
1312490 1045.0
1312500 1044.8
1312510 1044.8
1312520 1044.8
1312530 1044.8
1312540 1044.9
1312550 1045.0
1312560 1045.0
1312570 1045.2
1312580 1045.9
1312590 1045.9
1312600 1046.8
1312610 1047.0
1312620 1047.0
1312630 1046.8
1312640 1046.4
1312650 1046.4
1312660 1046.0
1312670 1046.0
1312680 1046.0
1312690 1045.7
1312700 1045.5
1312710 1045.5
1312720 1044.9
1312730 1043.3
1312740 1043.3
1312750 1039.0
1312760 1033.6
1312770 1029.2
1312780 1029.2
1312790 1026.0
1312800 1024.3
1312810 1024.3
1312820 1022.7
1312830 1021.9
1312840 1021.9
1312850 1021.0
1312860 1018.8
1312870 1018.8
1312880 1017.3
1312890 1016.7
1312900 1016.7
1312910 1016.5
1312920 1016.7
1312930 1016.7
1312940 1017.5
1312950 1018.3
1312960 1018.3
1312970 1018.9
1312980 1019.1
1312990 1019.1
1313000 1019.1
1313010 1019.2
1313020 1019.2
1313030 1019.2
1313040 1019.0
1313050 1018.8
1313060 1018.8
1313070 1018.8
1313080 1018.9
1313090 1018.9
1313100 1018.6
1313110 1018.3
1313120 1018.3
1313130 1020.8
1313140 1024.7
1313150 1024.7
1313160 1028.2
1313170 1031.9
1313180 1031.9
1313190 1037.1
1313200 1043.2
1313210 1048.7
1313220 1048.7
1313230 1053.9
1313240 1059.1
1313250 1059.1
1313260 1064.2
1313270 1069.1
1313280 1069.1
1313290 1074.8
1313300 1080.8
1313310 1080.8
1313320 1086.1
1313330 1090.7
1313340 1090.7
1313350 1095.5
1313360 1100.2
1313370 1100.2
1313380 1105.0
1313390 1115.2
1313400 1115.2
1313410 1119.8
1313420 1124.2
1313430 1128.1
1313440 1128.1
1313450 1133.1
1313460 1137.9
1313470 1137.9
1313480 1141.2
1313490 1143.9
1313500 1143.9
1313510 1146.7
1313520 1149.9
1313530 1149.9
1313540 1153.7
1313550 1157.9
1313560 1157.9
1313570 1162.5
1313580 1167.9
1313590 1167.9
1313600 1172.6
1313610 1176.5
1313620 1176.5
1313630 1180.3
1313640 1184.6
1313650 1188.1
1313660 1188.1
1313670 1190.9
1313680 1194.1
1313690 1194.1
1313700 1197.5
1313710 1199.9
1313720 1199.9
1313730 1198.5
1313740 1195.2
1313750 1195.2
1313760 1199.1
1313770 1204.6
1313780 1204.6
1313790 1209.2
1313800 1211.3
1313810 1211.3
1313820 1217.5
1313830 1226.4
1313840 1226.4
1313850 1237.8
1313860 1247.2
1313870 1255.2
1313880 1255.2
1313890 1264.3
1313900 1272.8
1313910 1272.8
1313920 1280.6
1313930 1287.7
1313940 1287.7
1313950 1294.6
1313960 1303.5
1313970 1303.5
1313980 1312.9
1313990 1317.5
1314000 1317.5
1314010 1318.8
1314020 1323.7
1314030 1323.7
1314040 1329.6
1314050 1340.0
1314060 1340.0
1314070 1350.1
1314080 1356.9
1314090 1362.2
1314100 1362.2
1314110 1368.1
1314120 1374.1
1314130 1374.1
1314140 1387.1
1314150 1392.4
1314160 1392.4
1314170 1398.1
1314180 1403.5
1314190 1403.5
1314200 1409.8
1314210 1415.0
1314220 1415.0
1314230 1423.6
1314240 1430.9
1314250 1430.9
1314260 1436.9
1314270 1441.6
1314280 1441.6
1314290 1444.1
1314300 1446.1
1314310 1455.2
1314320 1455.2
1314330 1464.6
1314340 1474.1
1314350 1474.1
1314360 1479.4
1314370 1483.6
1314380 1483.6
1314390 1492.7
1314400 1502.5
1314410 1502.5
1314420 1511.3
1314430 1516.1
1314440 1516.1
1314450 1519.1
1314460 1524.2
1314470 1524.2
1314480 1531.5
1314490 1536.0
1314500 1536.0
1314510 1538.4
1314520 1541.0
1314530 1539.6
1314540 1539.6
1314550 1536.3
1314560 1540.2
1314570 1540.2
1314580 1547.1
1314590 1554.1
1314600 1554.1
1314610 1562.0
1314620 1570.2
1314630 1570.2
1314640 1577.2
1314650 1584.7
1314660 1584.7
1314670 1591.7
1314680 1597.7
1314690 1597.7
1314700 1609.8
1314710 1629.6
1314720 1629.6
1314730 1646.8
1314740 1657.8
1314750 1666.9
1314760 1666.9
1314770 1674.4
1314780 1683.8
1314790 1683.8
1314800 1692.3
1314810 1698.6
1314820 1698.6
1314830 1704.0
1314840 1711.3
1314850 1711.3
1314860 1718.6
1314870 1725.6
1314880 1732.1
1314890 1739.1
1314900 1745.9
1314910 1745.9
1314920 1753.1
1314930 1760.4
1314940 1760.4
1314950 1767.4
1314960 1773.1
1314970 1777.7
1314980 1777.7
1314990 1781.7
1315000 1786.3
1315010 1786.3
1315020 1789.0
1315030 1790.3
1315040 1790.3
1315050 1790.0
1315060 1790.6
1315070 1790.6
1315080 1793.0
1315090 1796.8
1315100 1796.8
1315110 1800.6
1315120 1804.2
1315130 1804.2
1315140 1805.1
1315150 1805.1
1315160 1805.1
1315170 1804.9
1315180 1802.5
1315190 1801.3
1315200 1801.3
1315210 1802.4
1315220 1806.0
1315230 1806.0
1315240 1813.7
1315250 1823.2
1315260 1823.2
1315270 1831.9
1315280 1839.5
1315290 1839.5
1315300 1846.2
1315310 1853.1
1315320 1853.1
1315330 1860.1
1315340 1866.3
1315350 1866.3
1315360 1871.6
1315370 1876.7
1315380 1876.7
1315390 1881.9
1315400 1888.8
1315410 1898.3
1315420 1898.3
1315430 1905.8
1315440 1911.3
1315450 1911.3
1315460 1915.4
1315470 1919.9
1315480 1919.9
1315490 1923.9
1315500 1928.3
1315510 1928.3
1315520 1931.1
1315530 1930.9
1315540 1930.9
1315550 1929.2
1315560 1925.0
1315570 1925.0
1315580 1916.6
1315590 1913.1
1315600 1913.1
1315610 1908.6
1315620 1902.9
1315630 1907.0
1315640 1907.0
1315650 1899.6
1315660 1891.8
1315670 1891.8
1315680 1883.3
1315690 1877.5
1315700 1877.5
1315710 1873.4
1315720 1870.1
1315730 1870.1
1315740 1870.2
1315750 1869.3
1315760 1869.3
1315770 1867.3
1315780 1863.1
1315790 1863.1
1315800 1858.2
1315810 1855.6
1315820 1855.6
1315830 1853.8
1315840 1851.7
1315850 1847.0
1315860 1847.0
1315870 1836.9
1315880 1826.7
1315890 1826.7
1315900 1822.6
1315910 1818.6
1315920 1818.6
1315930 1809.0
1315940 1801.7
1315950 1801.7
1315960 1801.3
1315970 1801.1
1315980 1801.1
1315990 1800.1
1316000 1799.0
1316010 1799.0
1316020 1798.4
1316030 1798.1
1316040 1798.1
1316050 1798.2
1316060 1798.7
1316070 1796.9
1316080 1796.9
1316090 1796.7
1316100 1799.9
1316110 1799.9
1316120 1803.0
1316130 1803.7
1316140 1803.7
1316150 1803.4
1316160 1803.7
1316170 1803.7
1316180 1803.9
1316190 1805.3
1316200 1805.3
1316210 1804.9
1316220 1803.8
1316230 1803.8
1316240 1803.3
1316250 1801.2
1316260 1801.2
1316270 1799.5
1316280 1795.5
1316290 1791.7
1316300 1791.7
1316310 1787.5
1316320 1783.2
1316330 1783.2
1316340 1782.7
1316350 1782.8
1316360 1782.8
1316370 1782.1
1316380 1714.3
1316390 1714.3
1316400 1683.6
1316410 1661.3
1316420 1661.3
1316430 1641.6
1316440 1628.1
1316450 1628.1
1316460 1617.6
1316470 1606.1
1316480 1606.1
1316490 1588.0
1316500 1575.6
1316510 1567.5
1316520 1567.5
1316530 1557.0
1316540 1543.8
1316550 1543.8
1316560 1527.1
1316570 1487.4
1316580 1487.4
1316590 1453.1
1316600 1438.8
1316610 1438.8
1316620 1431.1
1316630 1425.5
1316640 1425.5
1316650 1421.7
1316660 1419.2
1316670 1419.2
1316680 1422.4
1316690 1422.8
1316700 1422.8
1316710 1414.2
1316720 1409.7
1316730 1410.8
1316740 1410.8
1316750 1416.5
1316760 1423.8
1316770 1423.8
1316780 1431.0
1316790 1435.5
1316800 1435.5
1316810 1427.2
1316820 1413.0
1316830 1413.0
1316840 1400.8
1316850 1393.1
1316860 1393.1
1316870 1381.2
1316880 1367.7
1316890 1367.7
1316900 1354.6
1316910 1340.1
1316920 1340.1
1316930 1326.7
1316940 1316.8
1316950 1311.6
1316960 1311.6
1316970 1306.5
1316980 1300.8
1316990 1300.8
1317000 1295.3
1317010 1290.9
1317020 1290.9
1317030 1288.1
1317040 1286.1
1317050 1286.1
1317060 1283.7
1317070 1282.4
1317080 1282.4
1317090 1280.3
1317100 1278.0
1317110 1278.0
1317120 1274.5
1317130 1270.2
1317140 1275.0
1317150 1271.0
1317160 1266.1
1317170 1260.6
1317180 1260.6
1317190 1254.8
1317200 1248.4
1317210 1248.4
1317220 1242.8
1317230 1238.2
1317240 1238.2
1317250 1233.4
1317260 1228.4
1317270 1228.4
1317280 1223.0
1317290 1216.7
1317300 1216.7
1317310 1211.3
1317320 1204.8
1317330 1204.8
1317340 1200.8
1317350 1199.7
1317360 1199.7
1317370 1199.6
1317380 1199.9
1317390 1201.2
1317400 1201.2
1317410 1203.1
1317420 1205.1
1317430 1205.1
1317440 1209.1
1317450 1212.5
1317460 1212.5
1317470 1216.0
1317480 1219.6
1317490 1219.6
1317500 1223.4
1317510 1227.1
1317520 1227.1
1317530 1230.1
1317540 1233.2
1317550 1233.2
1317560 1235.1
1317570 1237.6
1317580 1237.6
1317590 1240.2
1317600 1241.9
1317610 1245.0
1317620 1245.0
1317630 1249.3
1317640 1253.2
1317650 1253.2
1317660 1256.6
1317670 1260.5
1317680 1260.5
1317690 1265.0
1317700 1269.8
1317710 1269.8
1317720 1274.9
1317730 1280.3
1317740 1280.3
1317750 1285.2
1317760 1290.1
1317770 1290.1
1317780 1294.8
1317790 1299.6
1317800 1299.6
1317810 1304.8
1317820 1310.7
1317830 1310.7
1317840 1317.4
1317850 1324.3
1317860 1330.6
1317870 1330.6
1317880 1335.3
1317890 1340.0
1317900 1335.3
1317910 1344.0
1317920 1352.5
1317930 1352.5
1317940 1360.2
1317950 1367.5
1317960 1367.5
1317970 1374.0
1317980 1380.3
1317990 1380.3
1318000 1385.5
1318010 1388.8
1318020 1388.8
1318030 1394.2
1318040 1402.6
1318050 1402.6
1318060 1410.5
1318070 1415.9
1318080 1423.3
1318090 1423.3
1318100 1432.2
1318110 1440.6
1318120 1440.6
1318130 1450.5
1318140 1460.3
1318150 1460.3
1318160 1470.2
1318170 1474.9
1318180 1474.9
1318190 1476.5
1318200 1476.9
1318210 1476.9
1318220 1475.0
1318230 1474.6
1318240 1474.6
1318250 1476.5
1318260 1478.1
1318270 1478.1
1318280 1479.0
1318290 1479.9
1318300 1482.2
1318310 1482.2
1318320 1487.2
1318330 1494.5
1318340 1494.5
1318350 1504.5
1318360 1512.3
1318370 1512.3
1318380 1518.6
1318390 1523.6
1318400 1523.6
1318410 1528.4
1318420 1534.2
1318430 1534.2
1318440 1540.1
1318450 1547.0
1318460 1547.0
1318470 1555.5
1318480 1565.1
1318490 1565.1
1318500 1574.5
1318510 1583.7
1318520 1592.7
1318530 1592.7
1318540 1600.2
1318550 1605.3
1318560 1605.3
1318570 1608.6
1318580 1611.7
1318590 1611.7
1318600 1616.1
1318610 1618.4
1318620 1618.4
1318630 1616.2
1318640 1616.8
1318650 1616.8
1318660 1623.8
1318670 1632.4
1318680 1632.4
1318690 1641.8
1318700 1651.1
1318710 1651.1
1318720 1658.8
1318730 1666.8
1318740 1674.6
1318750 1674.6
1318760 1681.7
1318770 1687.4
1318780 1687.4
1318790 1693.0
1318800 1700.9
1318810 1700.9
1318820 1709.0
1318830 1717.4
1318840 1717.4
1318850 1728.7
1318860 1739.1
1318870 1739.1
1318880 1749.0
1318890 1758.4
1318900 1758.4
1318910 1764.8
1318920 1771.4
1318930 1771.4
1318940 1778.9
1318950 1786.0
1318960 1794.0
1318970 1794.0
1318980 1809.7
1318990 1821.2
1319000 1821.2
1319010 1828.6
1319020 1832.6
1319030 1832.6
1319040 1834.7
1319050 1837.8
1319060 1837.8
1319070 1835.2
1319080 1837.9
1319090 1837.9
1319100 1844.7
1319110 1851.8
1319120 1851.8
1319130 1859.3
1319140 1867.6
1319150 1867.6
1319160 1876.4
1319170 1885.4
1319180 1894.6
1319190 1894.6
1319200 1904.5
1319210 1912.7
1319220 1912.7
1319230 1920.0
1319240 1927.8
1319250 1927.8
1319260 1935.3
1319270 1942.9
1319280 1942.9
1319290 1950.3
1319300 1957.1
1319310 1957.1
1319320 1963.8
1319330 1971.5
1319340 1971.5
1319350 1979.4
1319360 1987.8
1319370 1987.8
1319380 1995.4
1319390 2001.9
1319400 2008.2
1319410 2008.2
1319420 2014.9
1319430 2023.1
1319440 2023.1
1319450 2030.8
1319460 2038.2
1319470 2038.2
1319480 2045.0
1319490 2051.5
1319500 2051.5
1319510 2057.4
1319520 2062.6
1319530 2062.6
1319540 2066.8
1319550 2071.6
1319560 2071.6
1319570 2076.4
1319580 2079.8
1319590 2079.8
1319600 2082.2
1319610 2083.8
1319620 2085.5
1319630 2085.5
1319640 2088.2
1319650 2091.1
1319660 2091.1
1319670 2093.6
1319680 2095.6
1319690 2095.6
1319700 2096.2
1319710 2095.7
1319720 2095.7
1319730 2097.7
1319740 2101.3
1319750 2101.3
1319760 2104.9
1319770 2107.8
1319780 2107.8
1319790 2110.8
1319800 2113.6
1319810 2113.6
1319820 2117.0
1319830 2120.6
1319840 2122.5
1319850 2122.5
1319860 2123.8
1319870 2126.8
1319880 2126.8
1319890 2132.5
1319900 2135.9
1319910 2135.9
1319920 2138.8
1319930 2141.6
1319940 2141.6
1319950 2144.2
1319960 2147.6
1319970 2147.6
1319980 2151.2
1319990 2155.1
