1300000 2213.7
1300010 2213.4
1300020 2213.4
1300030 2212.5
1300040 2210.4
1300050 2210.4
1300060 2206.5
1300070 2201.4
1300080 2201.4
1300090 2196.8
1300100 2194.6
1300110 2194.6
1300120 2194.6
1300130 2195.5
1300140 2195.5
1300150 2197.5
1300160 2199.2
1300170 2199.2
1300180 2200.5
1300190 2204.2
1300200 2204.2
1300210 2207.8
1300220 2210.9
1300230 2212.7
1300240 2212.7
1300250 2214.5
1300260 2216.1
1300270 2218.9
1300280 2219.4
1300290 2220.3
1300300 2220.3
1300310 2221.4
1300320 2223.0
1300330 2223.0
1300340 2225.1
1300350 2228.1
1300360 2228.1
1300370 2231.9
1300380 2235.8
1300390 2235.8
1300400 2239.6
1300410 2244.9
1300420 2244.9
1300430 2251.7
1300440 2255.7
1300450 2258.6
1300460 2258.6
1300470 2260.1
1300480 2261.3
1300490 2261.3
1300500 2263.2
1300510 2265.9
1300520 2265.9
1300530 2268.9
1300540 2272.4
1300550 2272.4
1300560 2276.6
1300570 2280.8
1300580 2280.8
1300590 2284.0
1300600 2287.6
1300610 2287.6
1300620 2291.4
1300630 2295.9
1300640 2295.9
1300650 2300.5
1300660 2304.0
1300670 2306.9
1300680 2306.9
1300690 2310.7
1300700 2314.7
1300710 2314.7
1300720 2317.7
1300730 2320.7
1300740 2320.7
1300750 2324.7
1300760 2328.7
1300770 2328.7
1300780 2333.2
1300790 2337.7
1300800 2337.7
1300810 2341.2
1300820 2344.9
1300830 2344.9
1300840 2348.5
1300850 2351.9
1300860 2351.9
1300870 2355.5
1300880 2358.3
1300890 2361.0
1300900 2361.0
1300910 2364.0
1300920 2366.8
1300930 2366.8
1300940 2370.3
1300950 2373.5
1300960 2374.6
1300970 2377.7
1300980 2380.8
1300990 2380.8
1301000 2383.8
1301010 2385.6
1301020 2385.6
1301030 2388.2
1301040 2391.5
1301050 2391.5
1301060 2394.0
1301070 2399.1
1301080 2399.1
1301090 2402.5
1301100 2405.3
1301110 2407.0
1301120 2407.0
1301130 2409.0
1301140 2412.0
1301150 2412.0
1301160 2414.6
1301170 2417.4
1301180 2417.4
1301190 2420.3
1301200 2423.3
1301210 2423.3
1301220 2425.7
1301230 2428.3
1301240 2428.3
1301250 2430.5
1301260 2433.7
1301270 2433.7
1301280 2437.8
1301290 2442.7
1301300 2442.7
1301310 2447.8
1301320 2453.4
1301330 2460.1
1301340 2460.1
1301350 2466.8
1301360 2473.0
1301370 2473.0
1301380 2478.2
1301390 2483.4
1301400 2483.4
1301410 2488.5
1301420 2493.8
1301430 2493.8
1301440 2500.1
1301450 2505.8
1301460 2505.8
1301470 2510.0
1301480 2514.6
1301490 2514.6
1301500 2520.2
1301510 2525.5
1301520 2525.5
1301530 2530.6
1301540 2534.8
1301550 2539.4
1301560 2539.4
1301570 2545.2
1301580 2550.1
1301590 2550.1
1301600 2556.2
1301610 2561.8
1301620 2561.8
1301630 2566.4
1301640 2571.5
1301650 2571.5
1301660 2580.8
1301670 2585.9
1301680 2585.9
1301690 2592.0
1301700 2599.0
1301710 2599.0
1301720 2606.9
1301730 2614.0
1301740 2614.0
1301750 2620.4
1301760 2628.5
1301770 2640.9
1301780 2640.9
1301790 2651.1
1301800 2660.1
1301810 2660.1
1301820 2670.6
1301830 2682.6
1301840 2682.6
1301850 2692.7
1301860 2700.8
1301870 2700.8
1301880 2707.7
1301890 2715.9
1301900 2715.9
1301910 2720.1
1301920 2721.4
1301930 2721.4
1301940 2723.6
1301950 2728.5
1301960 2728.5
1301970 2734.7
1301980 2742.8
1301990 2752.9
1302000 2752.9
1302010 2761.8
1302020 2772.1
1302030 2772.1
1302040 2782.3
1302050 2791.5
1302060 2791.5
1302070 2798.7
1302080 2804.5
1302090 2804.5
1302100 2811.7
1302110 2820.7
1302120 2820.7
1302130 2830.0
1302140 2838.9
1302150 2838.9
1302160 2846.6
1302170 2851.8
1302180 2851.8
1302190 2856.7
1302200 2864.6
1302210 2872.8
1302220 2872.8
1302230 2883.1
1302240 2893.4
1302250 2893.4
1302260 2901.3
1302270 2907.7
1302280 2907.7
1302290 2909.0
1302300 2913.2
1302310 2913.2
1302320 2927.4
1302330 2937.4
1302340 2937.4
1302350 2952.4
1302360 2961.9
1302370 2961.9
1302380 2971.0
1302390 2985.8
1302400 2985.8
1302410 3010.8
1302420 3030.2
1302430 3046.3
1302440 3046.3
1302450 3051.8
1302460 3055.0
1302470 3055.0
1302480 3058.7
1302490 3064.3
1302500 3064.3
1302510 3070.4
1302520 3076.4
1302530 3076.4
1302540 3080.9
1302550 3084.0
1302560 3084.0
1302570 3087.3
1302580 3090.7
1302590 3090.7
1302600 3093.3
1302610 3095.0
1302620 3095.0
1302630 3096.4
1302640 3098.0
1302650 3100.1
1302660 3100.1
1302670 3102.4
1302680 3104.3
1302690 3104.3
1302700 3105.6
1302710 3107.0
1302720 3107.0
1302730 3108.7
1302740 3110.3
1302750 3110.3
1302760 3111.5
1302770 3112.4
1302780 3112.4
1302790 3112.7
1302800 3112.6
1302810 3112.6
1302820 3112.1
1302830 3112.2
1302840 3112.2
1302850 3112.7
1302860 3113.2
1302870 3113.2
1302880 3113.2
1302890 3111.7
1302900 3111.1
1302910 3111.1
1302920 3110.3
1302930 3109.6
1302940 3109.6
1302950 3109.1
1302960 3108.5
1302970 3108.5
1302980 3108.0
1302990 3107.4
1303000 3107.4
1303010 3106.7
1303020 3106.1
1303030 3106.1
1303040 3105.3
1303050 3107.3
1303060 3107.3
1303070 3106.5
1303080 3105.6
1303090 3104.6
1303100 3104.6
1303110 3103.6
1303120 3102.4
1303130 3102.4
1303140 3101.0
1303150 3099.5
1303160 3099.5
1303170 3097.8
1303180 3096.0
1303190 3096.0
1303200 3094.0
1303210 3091.9
1303220 3091.9
1303230 3089.6
1303240 3087.0
1303250 3087.0
1303260 3084.3
1303270 3081.5
1303280 3081.5
1303290 3078.8
1303300 3076.0
1303310 3073.0
1303320 3073.0
1303330 3069.8
1303340 3066.4
1303350 3066.4
1303360 3063.0
1303370 3059.6
1303380 3059.6
1303390 3056.1
1303400 3052.4
1303410 3052.4
1303420 3048.6
1303430 3044.8
1303440 3044.8
1303450 3040.9
1303460 3037.1
1303470 3037.1
1303480 3033.2
1303490 3029.3
1303500 3029.3
1303510 3025.4
1303520 3021.5
1303530 3017.5
1303540 3017.5
1303550 3013.5
1303560 3009.4
1303570 3009.4
1303580 3005.2
1303590 3000.9
1303600 3000.9
1303610 2996.5
1303620 2992.1
1303630 2992.1
1303640 2987.7
1303650 2983.2
1303660 2983.2
1303670 2978.6
1303680 2974.0
1303690 2974.0
1303700 2969.5
1303710 2965.0
1303720 2965.0
1303730 2960.6
1303740 2956.3
1303750 2954.8
1303760 2954.8
1303770 2950.7
1303780 2946.7
1303790 2946.7
1303800 2942.8
1303810 2939.1
1303820 2939.1
1303830 2935.9
1303840 2932.6
1303850 2932.6
1303860 2929.7
1303870 2925.6
1303880 2925.6
1303890 2921.9
1303900 2919.1
1303910 2919.1
1303920 2914.2
1303930 2910.9
1303940 2910.9
1303950 2907.9
1303960 2904.5
1303970 2904.5
1303980 2900.7
1303990 2898.3
1304000 2895.2
1304010 2895.2
1304020 2891.6
1304030 2888.3
1304040 2888.3
1304050 2884.7
1304060 2882.9
1304070 2882.9
1304080 2880.6
1304090 2877.8
1304100 2877.8
1304110 2874.1
1304120 2869.0
1304130 2869.0
1304140 2864.9
1304150 2861.3
1304160 2861.3
1304170 2857.6
1304180 2853.2
1304190 2853.2
1304200 2848.7
1304210 2845.2
1304220 2841.8
1304230 2841.8
1304240 2838.1
1304250 2832.1
1304260 2832.1
1304270 2825.7
1304280 2819.3
1304290 2819.3
1304300 2813.9
1304310 2810.0
1304320 2810.0
1304330 2804.6
1304340 2800.0
1304350 2800.0
1304360 2796.6
1304370 2792.5
1304380 2792.5
1304390 2787.4
1304400 2782.9
1304410 2782.9
1304420 2779.5
1304430 2775.5
1304440 2769.7
1304450 2770.4
1304460 2764.7
1304470 2759.8
1304480 2759.8
1304490 2751.6
1304500 2742.8
1304510 2742.8
1304520 2734.6
1304530 2728.1
1304540 2728.1
1304550 2720.1
1304560 2713.9
1304570 2713.9
1304580 2708.9
1304590 2703.7
1304600 2703.7
1304610 2699.6
1304620 2695.4
1304630 2695.4
1304640 2689.9
1304650 2685.5
1304660 2681.8
1304670 2681.8
1304680 2678.0
1304690 2675.1
1304700 2675.1
1304710 2671.5
1304720 2668.1
1304730 2668.1
1304740 2665.9
1304750 2663.5
1304760 2663.5
1304770 2660.5
1304780 2658.1
1304790 2658.1
1304800 2656.5
1304810 2655.0
1304820 2655.0
1304830 2653.6
1304840 2652.2
1304850 2652.2
1304860 2650.6
1304870 2648.7
1304880 2646.6
1304890 2646.6
1304900 2644.6
1304910 2641.3
1304920 2641.3
1304930 2635.5
1304940 2627.9
1304950 2627.9
1304960 2623.8
1304970 2621.5
1304980 2621.5
1304990 2618.8
1305000 2613.9
1305010 2613.9
1305020 2607.8
1305030 2600.5
1305040 2600.5
1305050 2589.0
1305060 2579.9
1305070 2579.9
1305080 2572.1
1305090 2566.5
1305100 2562.8
1305110 2562.8
1305120 2559.6
1305130 2554.3
1305140 2554.3
1305150 2549.5
1305160 2546.0
1305170 2546.0
1305180 2543.1
1305190 2540.5
1305200 2540.5
1305210 2538.3
1305220 2536.8
1305230 2536.8
1305240 2534.7
1305250 2531.4
1305260 2531.4
1305270 2527.4
1305280 2522.0
1305290 2522.0
1305300 2518.1
1305310 2515.8
1305320 2512.0
1305330 2512.0
1305340 2507.9
1305350 2505.0
1305360 2505.0
1305370 2502.6
1305380 2500.7
1305390 2500.7
1305400 2495.6
1305410 2491.8
1305420 2491.8
1305430 2487.4
1305440 2480.3
1305450 2480.3
1305460 2469.8
1305470 2457.5
1305480 2457.5
1305490 2450.2
1305500 2446.1
1305510 2446.1
1305520 2442.7
1305530 2439.6
1305540 2435.1
1305550 2435.1
1305560 2431.1
1305570 2428.5
1305580 2428.5
1305590 2425.1
1305600 2422.3
1305610 2422.3
1305620 2418.4
1305630 2415.9
1305640 2415.9
1305650 2414.2
1305660 2412.1
1305670 2412.1
1305680 2410.7
1305690 2409.7
1305700 2409.7
1305710 2409.2
1305720 2409.4
1305730 2409.4
1305740 2409.4
1305750 2409.3
1305760 2405.6
1305770 2405.6
1305780 2397.6
1305790 2394.8
1305800 2394.8
1305810 2391.2
1305820 2381.2
1305830 2381.2
1305840 2373.9
1305850 2367.6
1305860 2367.6
1305870 2360.5
1305880 2353.0
1305890 2353.0
1305900 2346.8
1305910 2343.0
1305920 2343.0
1305930 2341.2
1305940 2336.4
1305950 2336.4
1305960 2332.4
1305970 2327.3
1305980 2323.2
1305990 2323.2
1306000 2319.6
1306010 2313.2
1306020 2313.2
1306030 2306.1
1306040 2300.8
1306050 2300.8
1306060 2296.5
1306070 2289.5
1306080 2289.5
1306090 2280.5
1306100 2270.9
1306110 2270.9
1306120 2267.1
1306130 2266.4
1306140 2266.4
1306150 2262.5
1306160 2257.2
1306170 2257.2
1306180 2250.1
1306190 2245.4
1306200 2241.8
1306210 2241.8
1306220 2236.1
1306230 2226.3
1306240 2226.3
1306250 2216.2
1306260 2207.0
1306270 2207.0
1306280 2201.0
1306290 2196.6
1306300 2196.6
1306310 2193.2
1306320 2189.6
1306330 2189.6
1306340 2186.0
1306350 2182.9
1306360 2182.9
1306370 2179.7
1306380 2175.0
1306390 2175.0
1306400 2168.2
1306410 2154.9
1306420 2138.1
1306430 2138.1
1306440 2131.4
1306450 2127.3
1306460 2127.3
1306470 2123.5
1306480 2120.7
1306490 2120.7
1306500 2117.0
1306510 2113.2
1306520 2113.2
1306530 2109.6
1306540 2107.1
1306550 2107.1
1306560 2106.3
1306570 2107.2
1306580 2100.8
1306590 2098.4
1306600 2095.6
1306610 2095.6
1306620 2095.3
1306630 2095.7
1306640 2095.2
1306650 2095.2
1306660 2095.2
1306670 2095.3
1306680 2095.3
1306690 2095.6
1306700 2098.1
1306710 2098.1
1306720 2097.3
1306730 2096.1
1306740 2096.1
1306750 2096.1
1306760 2093.9
1306770 2093.9
1306780 2091.7
1306790 2093.2
1306800 2093.2
1306810 2094.4
1306820 2096.1
1306830 2096.1
1306840 2096.1
1306850 2098.6
1306860 2101.4
1306870 2101.4
1306880 2104.9
1306890 2107.0
1306900 2107.0
1306910 2108.3
1306920 2112.4
1306930 2112.4
1306940 2117.3
1306950 2121.1
1306960 2121.1
1306970 2123.8
1306980 2126.8
1306990 2126.8
1307000 2130.6
1307010 2134.5
1307020 2134.5
1307030 2138.6
1307040 2142.5
1307050 2142.5
1307060 2146.3
1307070 2149.5
1307080 2152.7
1307090 2152.7
1307100 2157.1
1307110 2162.6
1307120 2162.6
1307130 2167.5
1307140 2171.8
1307150 2171.8
1307160 2175.7
1307170 2178.8
1307180 2178.8
1307190 2180.8
1307200 2182.5
1307210 2182.5
1307220 2184.2
1307230 2184.8
1307240 2184.8
1307250 2182.5
1307260 2180.9
1307270 2180.9
1307280 2179.7
1307290 2171.8
1307300 2171.7
1307310 2171.7
1307320 2172.0
1307330 2174.3
1307340 2174.3
1307350 2176.4
1307360 2179.5
1307370 2179.5
1307380 2182.8
1307390 2185.8
1307400 2185.8
1307410 2189.7
1307420 2194.1
1307430 2194.1
1307440 2193.1
1307450 2191.9
1307460 2191.9
1307470 2192.1
1307480 2193.7
1307490 2193.7
1307500 2194.4
1307510 2194.0
1307520 2193.4
1307530 2193.4
1307540 2191.9
1307550 2192.1
1307560 2192.1
1307570 2193.4
1307580 2194.0
1307590 2194.0
1307600 2193.3
1307610 2192.0
1307620 2192.0
1307630 2190.5
1307640 2188.6
1307650 2188.6
1307660 2187.1
1307670 2185.2
1307680 2185.2
1307690 2184.0
1307700 2182.8
1307710 2182.8
1307720 2179.4
1307730 2175.8
1307740 2173.1
1307750 2173.1
1307760 2171.4
1307770 2169.4
1307780 2169.4
1307790 2166.6
1307800 2163.1
1307810 2163.1
1307820 2158.2
1307830 2153.4
1307840 2153.4
1307850 2146.6
1307860 2140.8
1307870 2140.8
1307880 2136.4
1307890 2131.3
1307900 2131.3
1307910 2124.6
1307920 2118.3
1307930 2118.3
1307940 2111.5
1307950 2104.5
1307960 2099.0
1307970 2099.0
1307980 2095.9
1307990 2090.5
1308000 2090.5
1308010 2080.6
1308020 2075.1
1308030 2075.1
1308040 2069.1
1308050 2064.4
1308060 2064.4
1308070 2062.3
1308080 2056.7
1308090 2056.7
1308100 2050.4
1308110 2047.1
1308120 2047.1
1308130 2043.6
1308140 2039.4
1308150 2039.4
1308160 2031.6
1308170 2022.5
1308180 2013.9
1308190 2013.9
1308200 2007.9
1308210 2001.4
1308220 2001.4
1308230 1993.6
1308240 1985.5
1308250 1985.5
1308260 1977.7
1308270 1971.3
1308280 1971.3
1308290 1967.9
1308300 1962.9
1308310 1962.9
1308320 1958.6
1308330 1954.2
1308340 1954.2
1308350 1941.2
1308360 1923.3
1308370 1923.3
1308380 1912.2
1308390 1903.4
1308400 1896.2
1308410 1896.2
1308420 1889.6
1308430 1883.5
1308440 1883.5
1308450 1877.6
1308460 1871.8
1308470 1871.8
1308480 1865.4
1308490 1862.6
1308500 1862.6
1308510 1864.3
1308520 1864.8
1308530 1864.8
1308540 1864.4
1308550 1861.6
1308560 1861.6
1308570 1855.3
1308580 1846.7
1308590 1846.7
1308600 1840.1
1308610 1833.8
1308620 1824.0
1308630 1824.0
1308640 1818.1
1308650 1815.4
1308660 1815.4
1308670 1806.4
1308680 1800.6
1308690 1800.6
1308700 1798.3
1308710 1787.2
1308720 1787.2
1308730 1775.0
1308740 1764.7
1308750 1764.7
1308760 1754.3
1308770 1744.6
1308780 1744.6
1308790 1735.7
1308800 1726.4
1308810 1726.4
1308820 1718.6
1308830 1714.6
1308840 1708.7
1308850 1708.7
1308860 1705.6
1308870 1706.5
1308880 1706.5
1308890 1708.1
1308900 1702.7
1308910 1702.7
1308920 1696.1
1308930 1686.7
1308940 1686.7
1308950 1676.5
1308960 1668.9
1308970 1668.9
1308980 1662.3
1308990 1655.9
1309000 1655.9
1309010 1648.3
1309020 1640.8
1309030 1640.8
1309040 1634.1
1309050 1628.1
1309060 1621.2
1309070 1621.2
1309080 1612.5
1309090 1603.3
1309100 1603.3
1309110 1599.4
1309120 1598.5
1309130 1598.5
1309140 1593.7
1309150 1586.6
1309160 1586.6
1309170 1578.6
1309180 1573.0
1309190 1573.0
1309200 1572.2
1309210 1568.8
1309220 1568.8
1309230 1563.3
1309240 1557.3
1309250 1557.3
1309260 1549.8
1309270 1542.5
1309280 1534.6
1309290 1534.6
1309300 1526.5
1309310 1519.9
1309320 1519.9
1309330 1515.5
1309340 1512.9
1309350 1512.9
1309360 1509.1
1309370 1505.9
1309380 1505.9
1309390 1501.4
1309400 1497.2
1309410 1497.2
1309420 1494.0
1309430 1490.8
1309440 1490.8
1309450 1478.3
1309460 1474.5
1309470 1474.5
1309480 1469.3
1309490 1462.5
1309500 1454.7
1309510 1454.7
1309520 1447.0
1309530 1440.5
1309540 1440.5
1309550 1434.9
1309560 1429.1
1309570 1429.1
1309580 1422.7
1309590 1415.4
1309600 1415.4
1309610 1409.0
1309620 1403.0
1309630 1403.0
1309640 1399.7
1309650 1393.2
1309660 1393.2
1309670 1385.3
1309680 1377.0
1309690 1377.0
1309700 1371.4
1309710 1369.4
1309720 1365.8
1309730 1365.8
1309740 1359.8
1309750 1353.5
1309760 1353.5
1309770 1347.6
1309780 1345.2
1309790 1345.2
1309800 1341.4
1309810 1336.7
1309820 1336.7
1309830 1332.4
1309840 1328.0
1309850 1328.0
1309860 1323.5
1309870 1319.3
1309880 1319.3
1309890 1313.8
1309900 1308.0
1309910 1308.0
1309920 1298.4
1309930 1285.9
1309940 1273.0
1309950 1273.0
1309960 1265.2
1309970 1260.0
1309980 1260.0
1309990 1254.4
1310000 1252.1
1310010 1252.1
1310020 1249.4
1310030 1236.4
1310040 1236.4
1310050 1221.8
1310060 1209.4
1310070 1209.4
1310080 1204.0
1310090 1199.8
1310100 1199.8
1310110 1195.2
1310120 1190.5
1310130 1190.5
1310140 1187.1
1310150 1184.8
1310160 1180.1
1310170 1180.1
1310180 1170.7
1310190 1164.8
1310200 1164.8
1310210 1160.4
1310220 1157.1
1310230 1157.1
1310240 1153.5
1310250 1148.8
1310260 1148.8
1310270 1142.8
1310280 1137.3
1310290 1137.3
1310300 1134.0
1310310 1132.0
1310320 1132.0
1310330 1131.9
1310340 1133.4
1310350 1133.4
1310360 1135.4
1310370 1136.2
1310380 1136.2
1310390 1136.2
1310400 1136.5
1310410 1135.4
1310420 1135.4
1310430 1133.3
1310440 1130.1
1310450 1130.1
1310460 1127.6
1310470 1125.4
1310480 1125.4
1310490 1123.6
1310500 1122.9
1310510 1122.9
1310520 1121.6
1310530 1119.3
1310540 1119.3
1310550 1116.3
1310560 1112.2
1310570 1112.2
1310580 1107.2
1310590 1101.9
1310600 1098.6
1310610 1098.6
1310620 1097.1
1310630 1094.1
1310640 1094.1
1310650 1086.9
1310660 1075.1
1310670 1075.1
1310680 1064.5
1310690 1061.2
1310700 1061.2
1310710 1060.1
1310720 1058.4
1310730 1058.4
1310740 1057.2
1310750 1055.1
1310760 1055.1
1310770 1054.4
1310780 1056.3
1310790 1056.3
1310800 1057.2
1310810 1057.8
1310820 1059.4
1310830 1059.4
1310840 1063.9
1310850 1069.3
1310860 1069.3
1310870 1075.4
1310880 1081.8
1310890 1081.8
1310900 1089.6
1310910 1096.5
1310920 1096.5
1310930 1102.0
1310940 1108.0
1310950 1108.0
1310960 1111.6
1310970 1115.9
1310980 1115.9
1310990 1121.7
1311000 1132.3
1311010 1132.3
1311020 1142.3
1311030 1144.6
1311040 1142.4
1311050 1142.4
1311060 1139.2
1311070 1136.2
1311080 1136.2
1311090 1133.8
1311100 1131.7
1311110 1131.7
1311120 1126.3
1311130 1119.9
1311140 1119.9
1311150 1114.1
1311160 1110.5
1311170 1110.5
1311180 1109.7
1311190 1112.3
1311200 1112.3
1311210 1116.3
1311220 1115.4
1311230 1115.4
1311240 1110.6
1311250 1104.6
1311260 1099.7
1311270 1099.7
1311280 1097.8
1311290 1097.6
1311300 1097.6
1311310 1099.1
1311320 1102.0
1311330 1102.0
1311340 1104.8
1311350 1107.0
1311360 1107.0
1311370 1109.6
1311380 1112.4
1311390 1112.4
1311400 1114.3
1311410 1117.1
1311420 1117.1
1311430 1120.8
1311440 1124.9
1311450 1124.9
1311460 1129.0
1311470 1132.6
1311480 1135.0
1311490 1135.0
1311500 1137.9
1311510 1140.9
1311520 1140.9
1311530 1144.0
1311540 1146.6
1311550 1146.6
1311560 1148.1
1311570 1148.8
1311580 1148.8
1311590 1149.9
1311600 1150.8
1311610 1150.8
1311620 1149.8
1311630 1149.2
1311640 1154.2
1311650 1155.3
1311660 1155.5
1311670 1155.5
1311680 1151.3
1311690 1152.6
1311700 1155.2
1311710 1155.2
1311720 1157.5
1311730 1159.8
1311740 1159.8
1311750 1160.3
1311760 1160.0
1311770 1160.0
1311780 1160.0
1311790 1157.2
1311800 1157.2
1311810 1153.2
1311820 1151.1
1311830 1151.1
1311840 1155.7
1311850 1159.3
1311860 1159.3
1311870 1165.8
1311880 1171.1
1311890 1171.1
1311900 1175.9
1311910 1180.5
1311920 1184.2
1311930 1184.2
1311940 1187.8
1311950 1190.1
1311960 1190.1
1311970 1190.9
1311980 1190.5
1311990 1190.5
1312000 1191.2
1312010 1192.1
1312020 1192.1
1312030 1193.8
1312040 1194.3
1312050 1194.3
1312060 1191.3
1312070 1190.5
1312080 1190.5
1312090 1190.3
1312100 1180.1
1312110 1180.1
1312120 1178.0
1312130 1180.2
1312140 1184.0
1312150 1184.0
1312160 1187.6
1312170 1191.0
1312180 1191.0
1312190 1194.2
1312200 1195.8
1312210 1195.8
1312220 1205.0
1312230 1215.1
1312240 1215.1
1312250 1229.5
1312260 1245.5
1312270 1245.5
1312280 1254.0
1312290 1262.1
1312300 1262.1
1312310 1268.8
1312320 1277.6
1312330 1277.6
1312340 1291.5
1312350 1299.6
1312360 1310.0
1312370 1310.0
1312380 1335.6
1312390 1345.3
1312400 1345.3
1312410 1353.6
1312420 1357.3
1312430 1357.3
1312440 1359.1
1312450 1360.5
1312460 1360.5
1312470 1362.4
1312480 1365.6
1312490 1365.6
1312500 1370.5
1312510 1370.5
1312520 1370.5
1312530 1370.8
1312540 1375.4
1312550 1375.4
1312560 1378.2
1312570 1380.1
1312580 1382.3
1312590 1382.3
1312600 1390.9
1312610 1403.2
1312620 1403.2
1312630 1407.2
1312640 1407.0
1312650 1407.0
1312660 1407.9
1312670 1412.7
1312680 1412.7
1312690 1417.7
1312700 1417.3
1312710 1417.3
1312720 1414.3
1312730 1408.2
1312740 1408.2
1312750 1403.9
1312760 1399.1
1312770 1399.1
1312780 1394.4
1312790 1395.2
1312800 1393.3
1312810 1393.3
1312820 1385.0
1312830 1378.6
1312840 1378.6
1312850 1378.0
1312860 1379.9
1312870 1379.9
1312880 1387.8
1312890 1394.6
1312900 1394.6
1312910 1393.9
1312920 1392.0
1312930 1392.0
1312940 1392.9
1312950 1390.9
1312960 1390.9
1312970 1387.7
1312980 1385.1
1312990 1385.1
1313000 1382.3
1313010 1379.8
1313020 1379.7
1313030 1379.7
1313040 1379.8
1313050 1379.2
1313060 1379.2
1313070 1377.2
1313080 1374.6
1313090 1374.6
1313100 1372.7
1313110 1369.8
1313120 1373.8
1313130 1370.9
1313140 1369.2
1313150 1369.2
1313160 1367.7
1313170 1366.3
1313180 1366.3
1313190 1365.5
1313200 1364.1
1313210 1364.1
1313220 1363.9
1313230 1363.7
1313240 1361.4
1313250 1361.4
1313260 1357.9
1313270 1354.8
1313280 1354.8
1313290 1356.3
1313300 1361.9
1313310 1361.9
1313320 1368.1
1313330 1372.9
1313340 1372.9
1313350 1375.9
1313360 1377.1
1313370 1377.1
1313380 1377.5
1313390 1376.0
1313400 1376.0
1313410 1374.3
1313420 1374.5
1313430 1374.5
1313440 1377.7
1313450 1382.8
1313460 1387.6
1313470 1387.6
1313480 1392.3
1313490 1398.2
1313500 1398.2
1313510 1403.5
1313520 1408.2
1313530 1408.2
1313540 1413.6
1313550 1419.9
1313560 1419.9
1313570 1426.2
1313580 1432.9
1313590 1432.9
1313600 1440.6
1313610 1448.8
1313620 1448.8
1313630 1455.9
1313640 1463.4
1313650 1463.4
1313660 1469.7
1313670 1476.3
1313680 1485.0
1313690 1485.0
1313700 1500.0
1313710 1514.0
1313720 1514.0
1313730 1525.4
1313740 1531.3
1313750 1531.3
1313760 1535.0
1313770 1541.3
1313780 1541.3
1313790 1548.4
1313800 1555.9
1313810 1555.9
1313820 1569.0
1313830 1581.9
1313840 1581.9
1313850 1589.4
1313860 1598.7
1313870 1598.7
1313880 1612.0
1313890 1622.3
1313900 1630.9
1313910 1630.9
1313920 1646.6
1313930 1661.0
1313940 1661.0
1313950 1669.8
1313960 1677.1
1313970 1677.1
1313980 1684.9
1313990 1693.2
1314000 1693.2
1314010 1701.3
1314020 1710.4
1314030 1710.4
1314040 1719.3
1314050 1726.7
1314060 1726.7
1314070 1734.3
1314080 1742.0
1314090 1742.0
1314100 1749.7
1314110 1757.4
1314120 1765.7
1314130 1765.7
1314140 1774.1
1314150 1782.5
1314160 1782.5
1314170 1790.4
1314180 1798.7
1314190 1798.7
1314200 1806.3
1314210 1813.7
1314220 1813.7
1314230 1821.0
1314240 1829.1
1314250 1829.1
1314260 1838.2
1314270 1847.1
1314280 1847.1
1314290 1855.2
1314300 1863.0
1314310 1863.0
1314320 1870.7
1314330 1878.6
1314340 1887.1
1314350 1887.1
1314360 1895.5
1314370 1901.3
1314380 1901.3
1314390 1907.4
1314400 1915.0
1314410 1915.0
1314420 1922.0
1314430 1929.6
1314440 1929.6
1314450 1938.9
1314460 1949.0
1314470 1949.0
1314480 1956.6
1314490 1963.5
1314500 1963.5
1314510 1970.9
1314520 1979.6
1314530 1979.6
1314540 1987.5
1314550 1994.9
1314560 2003.5
1314570 2003.5
1314580 2011.2
1314590 2018.3
1314600 2020.7
1314610 2027.6
1314620 2036.4
1314630 2036.4
1314640 2043.7
1314650 2051.2
1314660 2051.2
1314670 2058.8
1314680 2066.2
1314690 2066.2
1314700 2074.1
1314710 2083.1
1314720 2083.1
1314730 2091.5
1314740 2100.3
1314750 2100.3
1314760 2103.7
1314770 2105.8
1314780 2107.5
1314790 2107.5
1314800 2109.9
1314810 2115.6
1314820 2115.6
1314830 2120.9
1314840 2123.5
1314850 2123.5
1314860 2127.6
1314870 2130.3
1314880 2130.3
1314890 2132.8
1314900 2137.2
1314910 2137.2
1314920 2139.6
1314930 2140.3
1314940 2140.3
1314950 2139.8
1314960 2136.5
1314970 2136.5
1314980 2132.0
1314990 2132.8
1315000 2135.8
1315010 2135.8
1315020 2135.5
1315030 2134.6
1315040 2134.6
1315050 2133.7
1315060 2127.0
1315070 2127.0
1315080 2104.5
1315090 2105.9
1315100 2105.9
1315110 2112.8
1315120 2122.0
1315130 2122.0
1315140 2131.9
1315150 2143.0
1315160 2143.0
1315170 2152.1
1315180 2153.6
1315190 2153.6
1315200 2154.4
1315210 2156.2
1315220 2158.3
1315230 2158.3
1315240 2161.5
1315250 2166.7
1315260 2166.7
1315270 2174.8
1315280 2185.8
1315290 2185.8
1315300 2197.4
1315310 2207.4
1315320 2207.4
1315330 2216.5
1315340 2224.6
1315350 2232.3
1315360 2238.9
1315370 2242.9
1315380 2242.9
1315390 2241.7
1315400 2237.4
1315410 2237.4
1315420 2233.9
1315430 2232.0
1315440 2234.5
1315450 2234.5
1315460 2237.3
1315470 2239.7
1315480 2239.7
1315490 2242.5
1315500 2241.3
1315510 2241.3
1315520 2243.8
1315530 2251.2
1315540 2251.2
1315550 2256.3
1315560 2258.0
1315570 2258.0
1315580 2248.3
1315590 2235.7
1315600 2235.7
1315610 2225.6
1315620 2215.0
1315630 2215.0
1315640 2204.9
1315650 2197.4
1315660 2189.5
1315670 2189.5
1315680 2183.8
1315690 2176.6
1315700 2176.6
1315710 2168.7
1315720 2164.5
1315730 2164.5
1315740 2162.8
1315750 2167.9
1315760 2167.9
1315770 2167.8
1315780 2161.5
1315790 2161.5
1315800 2155.2
1315810 2145.1
1315820 2145.1
1315830 2137.2
1315840 2130.7
1315850 2130.7
1315860 2122.8
1315870 2112.8
1315880 2101.6
1315890 2101.6
1315900 2093.5
1315910 2086.5
1315920 2086.5
1315930 2079.6
1315940 2072.6
1315950 2072.6
1315960 2064.5
1315970 2059.8
1315980 2059.8
1315990 2062.2
1316000 2063.7
1316010 2063.7
1316020 2057.4
1316030 2048.7
1316040 2048.7
1316050 2040.2
1316060 2032.2
1316070 2032.2
1316080 2024.3
1316090 2016.7
1316100 2012.4
1316110 2012.4
1316120 2006.5
1316130 2000.8
1316140 2000.8
1316150 1995.7
1316160 1990.6
1316170 1990.6
1316180 1985.8
1316190 1981.1
1316200 1981.1
1316210 1976.5
1316220 1972.2
1316230 1972.2
1316240 1968.0
1316250 1962.3
1316260 1962.3
1316270 1954.6
1316280 1947.5
1316290 1947.5
1316300 1945.1
1316310 1944.0
1316320 1943.7
1316330 1943.7
1316340 1941.4
1316350 1938.4
1316360 1938.4
1316370 1936.4
1316380 1934.3
1316390 1934.3
1316400 1931.3
1316410 1928.8
1316420 1928.8
1316430 1927.1
1316440 1925.7
1316450 1925.7
1316460 1925.5
1316470 1925.8
1316480 1925.8
1316490 1926.4
1316500 1926.2
1316510 1926.2
1316520 1925.7
1316530 1926.5
1316540 1926.5
1316550 1927.2
1316560 1928.1
1316570 1929.2
1316580 1929.2
1316590 1930.3
1316600 1927.8
1316610 1927.8
1316620 1922.7
1316630 1916.6
1316640 1916.6
1316650 1911.5
1316660 1905.8
1316670 1905.8
1316680 1900.4
1316690 1897.1
1316700 1897.1
1316710 1892.5
1316720 1887.9
1316730 1887.9
1316740 1881.7
1316750 1874.3
1316760 1874.3
1316770 1868.7
1316780 1865.3
1316790 1859.9
1316800 1859.9
1316810 1855.3
1316820 1849.2
1316830 1849.2
1316840 1844.3
1316850 1839.7
1316860 1845.0
1316870 1840.0
1316880 1834.8
1316890 1834.8
1316900 1830.2
1316910 1824.7
1316920 1824.7
1316930 1818.7
1316940 1813.2
1316950 1813.2
1316960 1808.7
1316970 1805.9
1316980 1805.9
1316990 1799.7
1317000 1790.1
1317010 1781.4
1317020 1781.4
1317030 1779.6
1317040 1774.4
1317050 1774.4
1317060 1768.1
1317070 1759.2
1317080 1759.2
1317090 1751.5
1317100 1744.5
1317110 1744.5
1317120 1738.0
1317130 1728.6
1317140 1728.6
1317150 1718.8
1317160 1709.8
1317170 1709.8
1317180 1698.5
1317190 1682.4
1317200 1682.4
1317210 1662.1
1317220 1642.6
1317230 1627.6
1317240 1627.6
1317250 1619.5
1317260 1613.2
1317270 1613.2
1317280 1602.7
1317290 1575.9
1317300 1575.9
1317310 1557.9
1317320 1539.9
1317330 1539.9
1317340 1523.0
1317350 1507.9
1317360 1507.9
1317370 1491.1
1317380 1475.9
1317390 1475.9
1317400 1483.8
1317410 1488.5
1317420 1488.5
1317430 1479.6
1317440 1466.5
1317450 1451.2
1317460 1451.2
1317470 1436.6
1317480 1427.2
1317490 1427.2
1317500 1420.1
1317510 1417.0
1317520 1417.0
1317530 1416.5
1317540 1414.5
1317550 1414.5
1317560 1410.2
1317570 1404.8
1317580 1404.8
1317590 1401.2
1317600 1393.2
1317610 1393.2
1317620 1392.7
1317630 1386.6
1317640 1386.6
1317650 1384.3
1317660 1382.3
1317670 1380.6
1317680 1380.6
1317690 1377.4
1317700 1372.6
1317710 1372.6
1317720 1369.6
1317730 1372.2
1317740 1372.2
1317750 1372.5
1317760 1369.6
1317770 1369.6
1317780 1367.4
1317790 1364.9
1317800 1364.9
1317810 1362.9
1317820 1360.5
1317830 1360.5
1317840 1357.9
1317850 1354.8
1317860 1354.8
1317870 1351.3
1317880 1347.8
1317890 1345.1
1317900 1345.1
1317910 1339.0
1317920 1333.4
1317930 1333.4
1317940 1327.6
1317950 1322.7
1317960 1322.7
1317970 1317.9
1317980 1313.3
1317990 1313.3
1318000 1310.6
1318010 1308.4
1318020 1308.4
1318030 1305.6
1318040 1302.9
1318050 1302.9
1318060 1299.5
1318070 1296.3
1318080 1296.3
1318090 1293.8
1318100 1291.0
1318110 1286.3
1318120 1286.3
1318130 1285.1
1318140 1285.4
1318150 1285.4
1318160 1286.2
1318170 1288.5
1318180 1288.5
1318190 1292.9
1318200 1296.0
1318210 1296.0
1318220 1300.1
1318230 1304.0
1318240 1304.0
1318250 1307.5
1318260 1310.3
1318270 1310.3
1318280 1312.5
1318290 1315.5
1318300 1315.5
1318310 1319.6
1318320 1323.4
1318330 1327.7
1318340 1327.7
1318350 1331.8
1318360 1335.4
1318370 1335.4
1318380 1339.6
1318390 1343.3
1318400 1343.3
1318410 1347.3
1318420 1351.7
1318430 1351.7
1318440 1355.7
1318450 1359.1
1318460 1359.1
1318470 1361.5
1318480 1364.4
1318490 1364.4
1318500 1367.3
1318510 1370.3
1318520 1370.3
1318530 1370.2
1318540 1370.7
1318550 1375.2
1318560 1375.2
1318570 1379.9
1318580 1387.6
1318590 1387.6
1318600 1395.6
1318610 1404.4
1318620 1404.4
1318630 1413.1
1318640 1422.3
1318650 1422.3
1318660 1434.0
1318670 1443.2
1318680 1443.2
1318690 1449.7
1318700 1456.2
1318710 1456.2
1318720 1462.7
1318730 1468.8
1318740 1468.8
1318750 1477.6
1318760 1489.1
1318770 1513.4
1318780 1513.4
1318790 1536.4
1318800 1552.8
1318810 1552.8
1318820 1565.6
1318830 1578.1
1318840 1578.1
1318850 1587.9
1318860 1598.0
1318870 1598.0
1318880 1608.0
1318890 1616.7
1318900 1616.7
1318910 1624.9
1318920 1632.9
1318930 1632.9
1318940 1640.3
1318950 1648.0
1318960 1648.0
1318970 1655.5
1318980 1663.9
1318990 1673.8
1319000 1673.8
1319010 1683.1
1319020 1693.6
1319030 1693.6
1319040 1704.5
1319050 1712.5
1319060 1712.5
1319070 1720.5
1319080 1729.1
1319090 1729.1
1319100 1739.4
1319110 1752.9
1319120 1752.9
1319130 1764.6
1319140 1777.2
1319150 1777.2
1319160 1785.2
1319170 1794.8
1319180 1794.8
1319190 1802.9
1319200 1808.8
1319210 1814.0
1319220 1814.0
1319230 1819.1
1319240 1825.3
1319250 1825.3
1319260 1831.9
1319270 1838.4
1319280 1838.4
1319290 1845.3
1319300 1851.6
1319310 1851.6
1319320 1858.0
1319330 1864.3
1319340 1864.3
1319350 1871.3
1319360 1879.5
1319370 1879.5
1319380 1888.6
1319390 1898.5
1319400 1898.5
1319410 1907.2
1319420 1915.1
1319430 1920.3
1319440 1920.3
1319450 1922.5
1319460 1923.9
1319470 1923.9
1319480 1922.2
1319490 1919.5
1319500 1919.5
1319510 1920.7
1319520 1921.7
1319530 1921.7
1319540 1923.6
1319550 1926.8
1319560 1926.8
1319570 1928.6
1319580 1931.5
1319590 1931.5
1319600 1937.2
1319610 1939.9
1319620 1939.9
1319630 1938.5
1319640 1937.0
1319650 1936.0
1319660 1936.0
1319670 1939.4
1319680 1946.6
1319690 1946.6
1319700 1948.2
1319710 1948.2
1319720 1948.2
1319730 1947.5
1319740 1947.1
1319750 1947.1
1319760 1948.7
1319770 1948.3
1319780 1948.3
1319790 1947.1
1319800 1947.4
1319810 1947.4
1319820 1949.7
1319830 1953.0
1319840 1953.0
1319850 1955.8
1319860 1960.4
1319870 1964.6
1319880 1964.6
1319890 1969.4
1319900 1974.5
1319910 1973.1
1319920 1978.9
1319930 1984.8
1319940 1984.8
1319950 1991.8
1319960 1999.9
1319970 1999.9
1319980 2009.2
1319990 2017.7
