1300000 2096.1
1300010 2101.3
1300020 2104.1
1300030 2104.1
1300040 2108.0
1300050 2113.4
1300060 2113.4
1300070 2119.8
1300080 2126.7
1300090 2126.7
1300100 2133.4
1300110 2139.5
1300120 2145.7
1300130 2145.7
1300140 2151.6
1300150 2157.6
1300160 2157.6
1300170 2164.1
1300180 2169.9
1300190 2169.9
1300200 2175.3
1300210 2179.2
1300220 2179.2
1300230 2182.2
1300240 2185.6
1300250 2185.6
1300260 2188.0
1300270 2189.8
1300280 2189.8
1300290 2191.3
1300300 2192.8
1300310 2192.8
1300320 2194.8
1300330 2196.7
1300340 2199.2
1300350 2199.2
1300360 2201.5
1300370 2203.8
1300380 2203.8
1300390 2206.3
1300400 2208.1
1300410 2208.1
1300420 2211.5
1300430 2214.2
1300440 2214.2
1300450 2218.0
1300460 2221.6
1300470 2221.6
1300480 2225.8
1300490 2229.8
1300500 2229.8
1300510 2233.0
1300520 2240.4
1300530 2240.4
1300540 2244.5
1300550 2247.8
1300560 2251.3
1300570 2251.3
1300580 2256.0
1300590 2260.2
1300600 2260.2
1300610 2263.7
1300620 2267.6
1300630 2267.6
1300640 2272.5
1300650 2277.8
1300660 2277.8
1300670 2282.7
1300680 2287.5
1300690 2287.5
1300700 2293.0
1300710 2298.3
1300720 2298.3
1300730 2301.3
1300740 2303.0
1300750 2303.0
1300760 2304.1
1300770 2305.5
1300780 2306.4
1300790 2306.4
1300800 2307.5
1300810 2309.4
1300820 2309.4
1300830 2312.4
1300840 2315.7
1300850 2315.7
1300860 2318.6
1300870 2321.0
1300880 2321.0
1300890 2322.7
1300900 2325.1
1300910 2325.1
1300920 2328.1
1300930 2331.7
1300940 2331.7
1300950 2334.4
1300960 2336.4
1300970 2336.4
1300980 2338.1
1300990 2340.2
1301000 2342.7
1301010 2342.7
1301020 2345.5
1301030 2348.7
1301040 2348.7
1301050 2352.3
1301060 2356.0
1301070 2356.0
1301080 2360.7
1301090 2366.2
1301100 2366.2
1301110 2371.7
1301120 2376.9
1301130 2376.9
1301140 2381.1
1301150 2384.0
1301160 2384.0
1301170 2387.2
1301180 2391.3
1301190 2391.3
1301200 2395.2
1301210 2393.1
1301220 2396.5
1301230 2396.5
1301240 2399.7
1301250 2402.8
1301260 2402.8
1301270 2405.9
1301280 2409.2
1301290 2409.2
1301300 2411.9
1301310 2414.7
1301320 2414.7
1301330 2418.1
1301340 2421.9
1301350 2421.9
1301360 2424.9
1301370 2427.9
1301380 2427.9
1301390 2431.0
1301400 2434.8
1301410 2434.8
1301420 2438.3
1301430 2441.8
1301440 2446.2
1301450 2446.2
1301460 2450.7
1301470 2455.8
1301480 2455.8
1301490 2460.3
1301500 2464.7
1301510 2464.7
1301520 2468.8
1301530 2473.3
1301540 2473.3
1301550 2477.5
1301560 2480.8
1301570 2480.8
1301580 2484.2
1301590 2487.4
1301600 2487.4
1301610 2490.2
1301620 2493.6
1301630 2493.6
1301640 2496.7
1301650 2499.8
1301660 2503.4
1301670 2503.4
1301680 2507.8
1301690 2513.4
1301700 2513.4
1301710 2518.7
1301720 2524.1
1301730 2524.1
1301740 2528.8
1301750 2533.0
1301760 2533.0
1301770 2536.8
1301780 2539.8
1301790 2539.8
1301800 2541.7
1301810 2543.8
1301820 2543.8
1301830 2546.1
1301840 2548.2
1301850 2548.2
1301860 2549.5
1301870 2550.4
1301880 2551.3
1301890 2551.3
1301900 2548.8
1301910 2555.5
1301920 2555.5
1301930 2554.2
1301940 2553.2
1301950 2553.2
1301960 2554.1
1301970 2555.7
1301980 2555.7
1301990 2557.9
1302000 2561.3
1302010 2561.3
1302020 2565.4
1302030 2569.0
1302040 2569.0
1302050 2572.9
1302060 2576.8
1302070 2576.8
1302080 2580.9
1302090 2585.1
1302100 2589.2
1302110 2589.2
1302120 2592.9
1302130 2596.4
1302140 2596.4
1302150 2600.1
1302160 2603.3
1302170 2603.3
1302180 2605.5
1302190 2606.3
1302200 2606.3
1302210 2607.8
1302220 2611.3
1302230 2611.3
1302240 2615.2
1302250 2618.2
1302260 2618.2
1302270 2621.8
1302280 2626.1
1302290 2626.1
1302300 2630.4
1302310 2634.6
1302320 2636.6
1302330 2636.6
1302340 2639.4
1302350 2642.1
1302360 2642.1
1302370 2644.2
1302380 2646.7
1302390 2646.7
1302400 2649.0
1302410 2651.9
1302420 2651.9
1302430 2653.9
1302440 2653.5
1302450 2653.5
1302460 2655.8
1302470 2659.7
1302480 2659.7
1302490 2663.0
1302500 2665.2
1302510 2665.2
1302520 2668.5
1302530 2672.6
1302540 2675.0
1302550 2675.0
1302560 2671.9
1302570 2669.0
1302580 2669.0
1302590 2668.1
1302600 2674.8
1302610 2674.8
1302620 2676.1
1302630 2677.5
1302640 2677.5
1302650 2678.8
1302660 2680.2
1302670 2680.2
1302680 2683.1
1302690 2686.6
1302700 2686.6
1302710 2690.3
1302720 2693.7
1302730 2693.7
1302740 2698.2
1302750 2705.4
1302760 2712.0
1302770 2712.0
1302780 2715.6
1302790 2718.4
1302800 2718.4
1302810 2723.6
1302820 2729.5
1302830 2729.5
1302840 2735.0
1302850 2738.7
1302860 2738.7
1302870 2741.9
1302880 2746.3
1302890 2746.3
1302900 2754.6
1302910 2763.1
1302920 2763.1
1302930 2769.1
1302940 2774.5
1302950 2774.5
1302960 2777.8
1302970 2781.5
1302980 2786.1
1302990 2786.1
1303000 2791.4
1303010 2797.2
1303020 2797.2
1303030 2803.9
1303040 2812.4
1303050 2812.4
1303060 2820.7
1303070 2828.3
1303080 2828.3
1303090 2837.4
1303100 2845.4
1303110 2845.4
1303120 2851.4
1303130 2856.7
1303140 2856.7
1303150 2861.9
1303160 2866.8
1303170 2866.8
1303180 2871.8
1303190 2876.4
1303200 2876.4
1303210 2880.2
1303220 2883.0
1303230 2878.7
1303240 2878.7
1303250 2872.6
1303260 2870.0
1303270 2870.0
1303280 2867.2
1303290 2863.9
1303300 2862.3
1303310 2859.9
1303320 2860.2
1303330 2860.2
1303340 2860.0
1303350 2858.7
1303360 2858.7
1303370 2857.6
1303380 2856.7
1303390 2856.7
1303400 2858.0
1303410 2858.7
1303420 2858.7
1303430 2859.3
1303440 2860.0
1303450 2859.8
1303460 2859.8
1303470 2854.7
1303480 2848.1
1303490 2848.1
1303500 2839.1
1303510 2833.6
1303520 2833.6
1303530 2828.9
1303540 2826.5
1303550 2826.5
1303560 2826.4
1303570 2826.0
1303580 2826.0
1303590 2825.7
1303600 2824.7
1303610 2824.7
1303620 2824.0
1303630 2822.6
1303640 2822.6
1303650 2821.9
1303660 2821.5
1303670 2820.1
1303680 2820.1
1303690 2815.9
1303700 2812.4
1303710 2812.4
1303720 2809.6
1303730 2805.5
1303740 2805.5
1303750 2802.6
1303760 2800.8
1303770 2800.8
1303780 2796.0
1303790 2793.5
1303800 2793.5
1303810 2790.7
1303820 2786.6
1303830 2786.6
1303840 2784.1
1303850 2782.8
1303860 2782.8
1303870 2778.5
1303880 2776.3
1303890 2776.1
1303900 2776.1
1303910 2776.5
1303920 2774.6
1303930 2774.6
1303940 2773.0
1303950 2772.1
1303960 2772.1
1303970 2768.4
1303980 2763.2
1303990 2763.2
1304000 2758.9
1304010 2754.8
1304020 2754.8
1304030 2752.1
1304040 2751.4
1304050 2751.4
1304060 2751.0
1304070 2750.8
1304080 2750.8
1304090 2750.5
1304100 2749.9
1304110 2749.2
1304120 2749.2
1304130 2747.4
1304140 2746.0
1304150 2746.0
1304160 2744.8
1304170 2743.2
1304180 2743.2
1304190 2741.4
1304200 2740.0
1304210 2740.0
1304220 2738.3
1304230 2735.4
1304240 2735.4
1304250 2732.3
1304260 2729.2
1304270 2729.2
1304280 2726.9
1304290 2724.7
1304300 2724.7
1304310 2720.7
1304320 2717.6
1304330 2715.2
1304340 2715.2
1304350 2711.7
1304360 2708.1
1304370 2708.1
1304380 2705.6
1304390 2703.8
1304400 2703.8
1304410 2701.7
1304420 2699.4
1304430 2699.4
1304440 2696.7
1304450 2693.9
1304460 2693.9
1304470 2691.7
1304480 2690.1
1304490 2690.1
1304500 2688.6
1304510 2687.3
1304520 2687.3
1304530 2685.9
1304540 2684.5
1304550 2683.9
1304560 2683.9
1304570 2683.6
1304580 2683.3
1304590 2683.3
1304600 2682.9
1304610 2682.6
1304620 2682.6
1304630 2681.2
1304640 2680.4
1304650 2680.4
1304660 2680.6
1304670 2680.5
1304680 2680.5
1304690 2680.7
1304700 2681.4
1304710 2680.0
1304720 2680.6
1304730 2680.7
1304740 2680.7
1304750 2680.8
1304760 2681.4
1304770 2681.5
1304780 2681.5
1304790 2681.7
1304800 2682.0
1304810 2682.0
1304820 2682.5
1304830 2683.3
1304840 2683.3
1304850 2683.7
1304860 2683.1
1304870 2683.1
1304880 2682.2
1304890 2681.8
1304900 2681.8
1304910 2681.6
1304920 2681.8
1304930 2681.8
1304940 2681.0
1304950 2679.3
1304960 2679.3
1304970 2677.4
1304980 2676.5
1304990 2674.8
1305000 2674.8
1305010 2673.1
1305020 2672.2
1305030 2672.2
1305040 2669.9
1305050 2666.6
1305060 2666.6
1305070 2663.3
1305080 2660.4
1305090 2660.4
1305100 2656.7
1305110 2652.7
1305120 2652.7
1305130 2649.8
1305140 2648.0
1305150 2648.0
1305160 2645.4
1305170 2640.2
1305180 2640.2
1305190 2634.0
1305200 2627.9
1305210 2622.6
1305220 2622.6
1305230 2618.6
1305240 2613.9
1305250 2613.9
1305260 2608.2
1305270 2606.5
1305280 2606.5
1305290 2606.8
1305300 2606.6
1305310 2606.6
1305320 2607.9
1305330 2610.2
1305340 2610.2
1305350 2612.5
1305360 2614.5
1305370 2614.5
1305380 2616.4
1305390 2618.1
1305400 2618.1
1305410 2616.6
1305420 2616.9
1305430 2617.0
1305440 2617.0
1305450 2617.7
1305460 2618.1
1305470 2618.1
1305480 2617.1
1305490 2614.4
1305500 2614.4
1305510 2610.7
1305520 2608.2
1305530 2608.2
1305540 2607.3
1305550 2606.6
1305560 2606.6
1305570 2605.4
1305580 2603.3
1305590 2603.3
1305600 2600.3
1305610 2600.3
1305620 2600.3
1305630 2600.9
1305640 2601.6
1305650 2602.5
1305660 2602.5
1305670 2602.4
1305680 2603.0
1305690 2603.0
1305700 2603.5
1305710 2600.5
1305720 2600.5
1305730 2600.2
1305740 2600.4
1305750 2600.4
1305760 2598.6
1305770 2594.4
1305780 2594.4
1305790 2591.9
1305800 2589.4
1305810 2589.4
1305820 2585.5
1305830 2578.9
1305840 2578.9
1305850 2571.6
1305860 2568.9
1305870 2570.9
1305880 2570.9
1305890 2574.3
1305900 2577.7
1305910 2577.7
1305920 2580.9
1305930 2582.3
1305940 2582.3
1305950 2578.3
1305960 2576.9
1305970 2576.9
1305980 2573.1
1305990 2568.9
1306000 2568.9
1306010 2563.2
1306020 2552.4
1306030 2552.4
1306040 2545.6
1306050 2541.0
1306060 2541.0
1306070 2538.3
1306080 2536.2
1306090 2533.2
1306100 2533.2
1306110 2529.7
1306120 2521.2
1306130 2521.2
1306140 2519.5
1306150 2520.0
1306160 2520.0
1306170 2519.2
1306180 2517.8
1306190 2517.8
1306200 2516.1
1306210 2514.9
1306220 2514.9
1306230 2514.9
1306240 2513.4
1306250 2513.4
1306260 2511.0
1306270 2506.6
1306280 2506.6
1306290 2504.0
1306300 2500.9
1306310 2497.0
1306320 2497.0
1306330 2491.0
1306340 2487.3
1306350 2487.3
1306360 2484.4
1306370 2482.8
1306380 2482.8
1306390 2480.4
1306400 2479.1
1306410 2479.1
1306420 2477.7
1306430 2476.5
1306440 2476.5
1306450 2475.1
1306460 2474.3
1306470 2474.3
1306480 2473.8
1306490 2473.7
1306500 2473.7
1306510 2473.1
1306520 2472.9
1306530 2474.1
1306540 2474.1
1306550 2475.3
1306560 2476.8
1306570 2476.8
1306580 2478.8
1306590 2480.2
1306600 2480.2
1306610 2482.1
1306620 2484.6
1306630 2484.6
1306640 2487.5
1306650 2490.4
1306660 2490.4
1306670 2494.3
1306680 2498.7
1306690 2498.7
1306700 2502.8
1306710 2507.5
1306720 2507.5
1306730 2519.3
1306740 2540.8
1306750 2554.6
1306760 2554.6
1306770 2557.7
1306780 2556.5
1306790 2556.5
1306800 2553.0
1306810 2549.5
1306820 2549.5
1306830 2548.0
1306840 2546.4
1306850 2546.4
1306860 2551.0
1306870 2556.4
1306880 2556.4
1306890 2563.2
1306900 2569.4
1306910 2569.4
1306920 2571.6
1306930 2570.6
1306940 2570.6
1306950 2566.0
1306960 2558.9
1306970 2558.9
1306980 2549.1
1306990 2537.4
1307000 2523.5
1307010 2523.5
1307020 2515.3
1307030 2507.8
1307040 2507.8
1307050 2501.1
1307060 2495.3
1307070 2495.3
1307080 2489.9
1307090 2483.9
1307100 2483.9
1307110 2476.6
1307120 2470.6
1307130 2470.6
1307140 2461.0
1307150 2450.2
1307160 2450.2
1307170 2445.1
1307180 2443.7
1307190 2443.7
1307200 2443.2
1307210 2445.0
1307220 2440.5
1307230 2440.5
1307240 2434.5
1307250 2430.8
1307260 2430.8
1307270 2424.6
1307280 2421.7
1307290 2421.7
1307300 2416.7
1307310 2411.4
1307320 2411.4
1307330 2409.1
1307340 2408.6
1307350 2408.6
1307360 2408.4
1307370 2409.6
1307380 2409.6
1307390 2414.6
1307400 2419.1
1307410 2419.1
1307420 2423.6
1307430 2428.8
1307440 2435.2
1307450 2435.2
1307460 2441.0
1307470 2445.4
1307480 2445.4
1307490 2449.9
1307500 2454.1
1307510 2454.1
1307520 2458.9
1307530 2462.7
1307540 2462.7
1307550 2463.2
1307560 2464.4
1307570 2464.4
1307580 2462.0
1307590 2456.5
1307600 2456.5
1307610 2450.8
1307620 2448.8
1307630 2448.8
1307640 2446.3
1307650 2442.6
1307660 2438.4
1307670 2438.4
1307680 2435.0
1307690 2431.8
1307700 2431.8
1307710 2428.6
1307720 2421.6
1307730 2421.6
1307740 2414.5
1307750 2410.2
1307760 2410.2
1307770 2405.2
1307780 2397.5
1307790 2397.5
1307800 2390.4
1307810 2386.6
1307820 2386.6
1307830 2384.3
1307840 2382.3
1307850 2382.3
1307860 2380.1
1307870 2375.8
1307880 2369.1
1307890 2369.1
1307900 2365.5
1307910 2361.1
1307920 2361.1
1307930 2356.0
1307940 2353.2
1307950 2353.2
1307960 2352.4
1307970 2352.0
1307980 2352.0
1307990 2351.7
1308000 2351.5
1308010 2351.5
1308020 2350.7
1308030 2347.6
1308040 2347.6
1308050 2343.8
1308060 2342.3
1308070 2342.3
1308080 2338.4
1308090 2332.0
1308100 2322.6
1308110 2322.6
1308120 2314.9
1308130 2308.0
1308140 2308.0
1308150 2300.4
1308160 2293.2
1308170 2293.2
1308180 2286.8
1308190 2281.0
1308200 2281.0
1308210 2275.6
1308220 2271.6
1308230 2271.6
1308240 2268.0
1308250 2263.9
1308260 2263.9
1308270 2258.9
1308280 2254.0
1308290 2254.0
1308300 2248.5
1308310 2243.1
1308320 2237.3
1308330 2237.3
1308340 2231.5
1308350 2225.2
1308360 2225.2
1308370 2218.4
1308380 2211.0
1308390 2211.0
1308400 2203.3
1308410 2197.4
1308420 2197.4
1308430 2191.3
1308440 2184.9
1308450 2184.9
1308460 2179.6
1308470 2174.1
1308480 2174.1
1308490 2168.6
1308500 2162.8
1308510 2162.8
1308520 2156.7
1308530 2149.7
1308540 2142.2
1308550 2142.2
1308560 2135.2
1308570 2129.6
1308580 2129.6
1308590 2125.0
1308600 2119.1
1308610 2119.1
1308620 2112.3
1308630 2105.3
1308640 2105.3
1308650 2098.3
1308660 2092.4
1308670 2092.4
1308680 2086.8
1308690 2080.1
1308700 2080.1
1308710 2073.9
1308720 2068.2
1308730 2068.2
1308740 2062.2
1308750 2055.4
1308760 2048.5
1308770 2048.5
1308780 2042.3
1308790 2034.4
1308800 2034.4
1308810 2026.4
1308820 2017.3
1308830 2017.3
1308840 2010.0
1308850 2005.4
1308860 2005.4
1308870 2000.8
1308880 1995.7
1308890 1995.7
1308900 1988.3
1308910 1978.7
1308920 1978.7
1308930 1969.8
1308940 1961.8
1308950 1961.8
1308960 1955.0
1308970 1948.8
1308980 1942.4
1308990 1941.6
1309000 1935.9
1309010 1930.7
1309020 1930.7
1309030 1926.4
1309040 1923.0
1309050 1923.0
1309060 1920.2
1309070 1916.6
1309080 1916.6
1309090 1913.6
1309100 1909.2
1309110 1909.2
1309120 1902.2
1309130 1892.5
1309140 1892.5
1309150 1883.2
1309160 1874.9
1309170 1874.9
1309180 1868.1
1309190 1861.4
1309200 1856.3
1309210 1856.3
1309220 1850.6
1309230 1844.2
1309240 1844.2
1309250 1836.9
1309260 1831.6
1309270 1831.6
1309280 1825.3
1309290 1816.5
1309300 1816.5
1309310 1815.1
1309320 1818.0
1309330 1818.0
1309340 1822.2
1309350 1823.2
1309360 1823.2
1309370 1823.9
1309380 1824.1
1309390 1824.1
1309400 1824.3
1309410 1824.1
1309420 1824.0
1309430 1824.0
1309440 1824.0
1309450 1823.8
1309460 1823.8
1309470 1824.0
1309480 1823.4
1309490 1823.4
1309500 1822.0
1309510 1820.6
1309520 1820.6
1309530 1820.2
1309540 1819.7
1309550 1819.7
1309560 1819.5
1309570 1819.5
1309580 1819.5
1309590 1819.2
1309600 1819.0
1309610 1819.0
1309620 1819.2
1309630 1818.5
1309640 1816.9
1309650 1816.9
1309660 1815.1
1309670 1812.7
1309680 1812.7
1309690 1808.1
1309700 1803.1
1309710 1803.1
1309720 1796.7
1309730 1791.8
1309740 1791.8
1309750 1785.9
1309760 1779.4
1309770 1779.4
1309780 1772.3
1309790 1766.6
1309800 1766.6
1309810 1765.2
1309820 1756.0
1309830 1756.0
1309840 1736.4
1309850 1718.1
1309860 1705.7
1309870 1705.7
1309880 1699.4
1309890 1692.8
1309900 1692.8
1309910 1685.5
1309920 1679.4
1309930 1679.4
1309940 1673.0
1309950 1666.6
1309960 1666.6
1309970 1660.4
1309980 1654.2
1309990 1654.2
1310000 1648.1
1310010 1642.2
1310020 1642.2
1310030 1636.3
1310040 1630.0
1310050 1630.0
1310060 1623.8
1310070 1617.9
1310080 1612.0
1310090 1612.0
1310100 1606.0
1310110 1599.9
1310120 1599.9
1310130 1594.3
1310140 1588.7
1310150 1588.7
1310160 1582.3
1310170 1575.3
1310180 1575.3
1310190 1567.8
1310200 1560.5
1310210 1560.5
1310220 1553.9
1310230 1547.0
1310240 1547.0
1310250 1539.3
1310260 1532.4
1310270 1532.4
1310280 1526.7
1310290 1521.6
1310300 1516.7
1310310 1516.7
1310320 1511.6
1310330 1507.3
1310340 1507.3
1310350 1504.0
1310360 1501.3
1310370 1501.3
1310380 1498.9
1310390 1497.6
1310400 1497.6
1310410 1499.0
1310420 1501.7
1310430 1501.7
1310440 1497.5
1310450 1496.2
1310460 1496.2
1310470 1492.1
1310480 1487.5
1310490 1487.5
1310500 1483.2
1310510 1481.3
1310520 1479.7
1310530 1479.7
1310540 1476.0
1310550 1472.5
1310560 1472.5
1310570 1467.8
1310580 1463.9
1310590 1463.9
1310600 1459.4
1310610 1454.5
1310620 1454.5
1310630 1449.2
1310640 1443.0
1310650 1443.0
1310660 1436.0
1310670 1427.9
1310680 1427.9
1310690 1415.2
1310700 1401.3
1310710 1401.3
1310720 1391.4
1310730 1382.4
1310740 1382.4
1310750 1378.4
1310760 1377.3
1310770 1374.1
1310780 1374.1
1310790 1372.4
1310800 1371.4
1310810 1371.4
1310820 1371.0
1310830 1370.8
1310840 1370.8
1310850 1370.5
1310860 1370.8
1310870 1370.8
1310880 1370.4
1310890 1361.1
1310900 1361.1
1310910 1350.7
1310920 1341.5
1310930 1341.5
1310940 1331.4
1310950 1326.5
1310960 1326.5
1310970 1323.0
1310980 1317.7
1310990 1317.9
1311000 1317.9
1311010 1319.4
1311020 1320.1
1311030 1320.1
1311040 1322.1
1311050 1325.2
1311060 1325.2
1311070 1328.0
1311080 1328.2
1311090 1328.2
1311100 1323.3
1311110 1318.9
1311120 1318.9
1311130 1317.7
1311140 1317.8
1311150 1317.8
1311160 1319.1
1311170 1317.0
1311180 1317.0
1311190 1318.6
1311200 1319.0
1311210 1317.7
1311220 1317.7
1311230 1316.9
1311240 1316.3
1311250 1316.3
1311260 1315.7
1311270 1315.4
1311280 1315.4
1311290 1317.8
1311300 1319.6
1311310 1319.6
1311320 1320.1
1311330 1324.1
1311340 1324.1
1311350 1323.6
1311360 1323.9
1311370 1323.9
1311380 1325.5
1311390 1327.0
1311400 1327.0
1311410 1327.4
1311420 1326.2
1311430 1324.3
1311440 1324.3
1311450 1321.7
1311460 1320.2
1311470 1320.2
1311480 1318.7
1311490 1317.1
1311500 1317.1
1311510 1315.1
1311520 1312.5
1311530 1312.5
1311540 1310.4
1311550 1308.7
1311560 1308.7
1311570 1307.8
1311580 1308.3
1311590 1308.3
1311600 1307.1
1311610 1305.5
1311620 1305.5
1311630 1303.5
1311640 1302.5
1311650 1301.2
1311660 1301.2
1311670 1300.0
1311680 1299.8
1311690 1299.8
1311700 1300.7
1311710 1298.5
1311720 1298.5
1311730 1291.8
1311740 1287.2
1311750 1287.2
1311760 1284.2
1311770 1279.8
1311780 1279.8
1311790 1276.5
1311800 1273.7
1311810 1273.7
1311820 1271.0
1311830 1268.6
1311840 1268.6
1311850 1267.0
1311860 1264.5
1311870 1262.3
1311880 1262.3
1311890 1260.1
1311900 1258.5
1311910 1252.8
1311920 1251.7
1311930 1251.3
1311940 1251.3
1311950 1251.3
1311960 1251.8
1311970 1251.8
1311980 1250.6
1311990 1247.1
1312000 1247.1
1312010 1243.7
1312020 1239.7
1312030 1239.7
1312040 1236.1
1312050 1233.4
1312060 1233.4
1312070 1230.8
1312080 1228.9
1312090 1223.7
1312100 1223.7
1312110 1218.6
1312120 1214.2
1312130 1214.2
1312140 1209.0
1312150 1203.2
1312160 1203.2
1312170 1197.4
1312180 1191.1
1312190 1191.1
1312200 1185.0
1312210 1179.9
1312220 1179.9
1312230 1176.0
1312240 1173.5
1312250 1173.5
1312260 1171.4
1312270 1168.7
1312280 1168.7
1312290 1166.1
1312300 1162.2
1312310 1158.7
1312320 1158.7
1312330 1157.1
1312340 1156.2
1312350 1156.2
1312360 1155.9
1312370 1155.7
1312380 1155.7
1312390 1154.6
1312400 1151.9
1312410 1151.9
1312420 1148.5
1312430 1143.8
1312440 1143.8
1312450 1139.6
1312460 1136.4
1312470 1136.4
1312480 1135.3
1312490 1135.1
1312500 1135.1
1312510 1131.8
1312520 1126.2
1312530 1119.7
1312540 1119.7
1312550 1114.6
1312560 1109.9
1312570 1109.9
1312580 1104.2
1312590 1099.8
1312600 1099.8
1312610 1097.3
1312620 1093.7
1312630 1093.7
1312640 1090.2
1312650 1082.9
1312660 1082.9
1312670 1081.5
1312680 1081.9
1312690 1081.9
1312700 1083.0
1312710 1083.5
1312720 1083.5
1312730 1082.9
1312740 1080.4
1312750 1077.3
1312760 1077.3
1312770 1075.0
1312780 1073.5
1312790 1073.5
1312800 1071.1
1312810 1068.1
1312820 1068.1
1312830 1066.0
1312840 1064.5
1312850 1064.5
1312860 1062.5
1312870 1061.1
1312880 1061.1
1312890 1061.2
1312900 1059.1
1312910 1059.1
1312920 1056.8
1312930 1055.3
1312940 1055.3
1312950 1054.0
1312960 1052.4
1312970 1050.7
1312980 1050.7
1312990 1048.9
1313000 1046.4
1313010 1046.4
1313020 1043.7
1313030 1041.9
1313040 1041.9
1313050 1040.3
1313060 1038.7
1313070 1038.7
1313080 1037.1
1313090 1034.9
1313100 1034.9
1313110 1031.5
1313120 1023.3
1313130 1023.3
1313140 1015.5
1313150 1010.4
1313160 1010.4
1313170 1009.7
1313180 1011.0
1313190 1012.2
1313200 1012.2
1313210 1013.6
1313220 1013.4
1313230 1013.4
1313240 1012.9
1313250 1013.1
1313260 1013.1
1313270 1013.5
1313280 1013.6
1313290 1013.6
1313300 1013.6
1313310 1014.5
1313320 1014.5
1313330 1016.4
1313340 1018.3
1313350 1018.3
1313360 1020.3
1313370 1023.4
1313380 1023.4
1313390 1027.3
1313400 1029.7
1313410 1032.6
1313420 1032.6
1313430 1036.0
1313440 1040.1
1313450 1040.1
1313460 1044.4
1313470 1049.0
1313480 1049.0
1313490 1053.6
1313500 1058.0
1313510 1058.0
1313520 1062.2
1313530 1066.8
1313540 1066.8
1313550 1070.4
1313560 1073.4
1313570 1073.4
1313580 1076.2
1313590 1080.1
1313600 1080.1
1313610 1084.0
1313620 1087.1
1313630 1090.8
1313640 1090.8
1313650 1095.6
1313660 1099.9
1313670 1099.9
1313680 1102.5
1313690 1104.6
1313700 1104.6
1313710 1107.8
1313720 1114.8
1313730 1114.8
1313740 1122.7
1313750 1130.4
1313760 1130.4
1313770 1137.3
1313780 1144.3
1313790 1144.3
1313800 1150.6
1313810 1155.4
1313820 1155.4
1313830 1161.3
1313840 1166.5
1313850 1152.4
1313860 1152.4
1313870 1141.1
1313880 1146.3
1313890 1146.3
1313900 1156.1
1313910 1164.1
1313920 1164.1
1313930 1171.6
1313940 1186.9
1313950 1186.9
1313960 1195.9
1313970 1203.4
1313980 1203.4
1313990 1210.3
1314000 1216.6
1314010 1216.6
1314020 1221.1
1314030 1226.6
1314040 1226.6
1314050 1230.6
1314060 1230.9
1314070 1232.3
1314080 1232.3
1314090 1237.8
1314100 1248.8
1314110 1248.8
1314120 1263.1
1314130 1280.8
1314140 1280.8
1314150 1299.6
1314160 1311.7
1314170 1311.7
1314180 1295.6
1314190 1289.7
1314200 1289.7
1314210 1301.2
1314220 1312.5
1314230 1312.5
1314240 1317.8
1314250 1319.0
1314260 1319.0
1314270 1319.2
1314280 1324.8
1314290 1328.4
1314300 1328.4
1314310 1333.1
1314320 1339.8
1314330 1339.8
1314340 1345.3
1314350 1349.9
1314360 1349.9
1314370 1354.2
1314380 1360.0
1314390 1360.0
1314400 1367.1
1314410 1375.2
1314420 1375.2
1314430 1383.7
1314440 1391.8
1314450 1391.8
1314460 1400.8
1314470 1413.1
1314480 1413.1
1314490 1416.7
1314500 1417.5
1314510 1417.5
1314520 1422.0
1314530 1427.0
1314540 1432.0
1314550 1432.0
1314560 1436.9
1314570 1438.3
1314580 1438.3
1314590 1440.3
1314600 1441.3
1314610 1441.3
1314620 1441.9
1314630 1441.8
1314640 1441.8
1314650 1440.8
1314660 1441.3
1314670 1441.3
1314680 1443.8
1314690 1444.5
1314700 1444.5
1314710 1449.8
1314720 1458.6
1314730 1458.6
1314740 1462.9
1314750 1467.9
1314760 1475.3
1314770 1475.3
1314780 1483.7
1314790 1492.3
1314800 1492.3
1314810 1500.2
1314820 1506.8
1314830 1506.8
1314840 1513.4
1314850 1519.8
1314860 1519.8
1314870 1531.0
1314880 1537.3
1314890 1537.3
1314900 1544.0
1314910 1549.8
1314920 1549.8
1314930 1554.5
1314940 1559.3
1314950 1559.3
1314960 1565.2
1314970 1575.2
1314980 1582.6
1314990 1582.6
1315000 1585.5
1315010 1586.1
1315020 1586.1
1315030 1587.7
1315040 1590.2
1315050 1590.2
1315060 1593.1
1315070 1597.1
1315080 1597.1
1315090 1608.3
1315100 1616.9
1315110 1616.9
1315120 1622.8
1315130 1630.0
1315140 1630.0
1315150 1645.7
1315160 1653.5
1315170 1653.5
1315180 1659.3
1315190 1671.9
1315200 1681.3
1315210 1681.3
1315220 1688.2
1315230 1694.7
1315240 1694.7
1315250 1698.9
1315260 1702.3
1315270 1702.3
1315280 1708.8
1315290 1710.9
1315300 1710.9
1315310 1713.5
1315320 1725.0
1315330 1725.0
1315340 1728.2
1315350 1731.0
1315360 1731.0
1315370 1736.2
1315380 1744.1
1315390 1744.1
1315400 1749.6
1315410 1763.4
1315420 1765.0
1315430 1765.0
1315440 1766.7
1315450 1769.7
1315460 1769.7
1315470 1779.9
1315480 1783.5
1315490 1783.5
1315500 1776.1
1315510 1734.9
1315520 1734.9
1315530 1690.7
1315540 1653.5
1315550 1653.5
1315560 1635.1
1315570 1625.9
1315580 1625.9
1315590 1626.7
1315600 1621.5
1315610 1621.5
1315620 1634.5
1315630 1627.9
1315640 1632.0
1315650 1632.0
1315660 1638.6
1315670 1646.1
1315680 1646.1
1315690 1652.4
1315700 1658.6
1315710 1658.6
1315720 1668.5
1315730 1680.4
1315740 1680.4
1315750 1689.1
1315760 1697.5
1315770 1697.5
1315780 1702.9
1315790 1697.1
1315800 1697.1
1315810 1681.2
1315820 1651.0
1315830 1651.0
1315840 1633.0
1315850 1635.7
1315860 1641.2
1315870 1641.2
1315880 1647.8
1315890 1657.3
1315900 1657.3
1315910 1668.3
1315920 1673.7
1315930 1673.7
1315940 1676.6
1315950 1679.5
1315960 1679.5
1315970 1675.4
1315980 1670.7
1315990 1670.7
1316000 1668.0
1316010 1670.1
1316020 1670.1
1316030 1668.8
1316040 1666.5
1316050 1666.5
1316060 1663.7
1316070 1661.4
1316080 1658.1
1316090 1658.1
1316100 1653.9
1316110 1650.1
1316120 1650.1
1316130 1645.7
1316140 1640.8
1316150 1640.8
1316160 1635.9
1316170 1628.9
1316180 1628.9
1316190 1620.8
1316200 1612.6
1316210 1612.6
1316220 1604.4
1316230 1597.7
1316240 1597.7
1316250 1595.1
1316260 1588.1
1316270 1588.1
1316280 1577.9
1316290 1573.4
1316300 1569.6
1316310 1569.6
1316320 1563.3
1316330 1558.2
1316340 1558.2
1316350 1554.3
1316360 1550.0
1316370 1550.0
1316380 1566.2
1316390 1560.7
1316400 1560.7
1316410 1555.4
1316420 1543.6
1316430 1543.6
1316440 1532.3
1316450 1522.4
1316460 1522.4
1316470 1489.0
1316480 1453.8
1316490 1453.8
1316500 1458.4
1316510 1456.2
1316520 1440.7
1316530 1440.7
1316540 1428.6
1316550 1419.7
1316560 1419.7
1316570 1408.7
1316580 1388.2
1316590 1388.2
1316600 1376.0
1316610 1366.2
1316620 1366.2
1316630 1342.2
1316640 1327.8
1316650 1327.8
1316660 1329.9
1316670 1329.5
1316680 1329.5
1316690 1317.8
1316700 1301.8
1316710 1301.8
1316720 1300.3
1316730 1296.0
1316740 1296.2
1316750 1296.2
1316760 1297.4
1316770 1299.0
1316780 1299.0
1316790 1299.6
1316800 1297.1
1316810 1297.1
1316820 1293.1
1316830 1289.0
1316840 1289.0
1316850 1285.4
1316860 1280.9
1316870 1280.9
1316880 1276.3
1316890 1272.3
1316900 1272.3
1316910 1268.1
1316920 1263.2
1316930 1263.2
1316940 1258.9
1316950 1254.0
1316960 1247.0
1316970 1247.0
1316980 1240.8
1316990 1236.1
1317000 1236.1
1317010 1229.3
1317020 1224.1
1317030 1224.1
1317040 1219.4
1317050 1215.1
1317060 1215.1
1317070 1210.1
1317080 1205.2
1317090 1205.2
1317100 1200.4
1317110 1196.3
1317120 1196.3
1317130 1193.2
1317140 1191.2
1317150 1191.2
1317160 1190.5
1317170 1190.3
1317180 1189.6
1317190 1189.6
1317200 1189.8
1317210 1190.9
1317220 1190.9
1317230 1190.8
1317240 1190.9
1317250 1190.9
1317260 1190.7
1317270 1191.2
1317280 1191.2
1317290 1191.0
1317300 1191.5
1317310 1191.5
1317320 1192.3
1317330 1193.1
1317340 1193.1
1317350 1198.9
1317360 1204.6
1317370 1204.6
1317380 1208.9
1317390 1213.0
1317400 1217.1
1317410 1217.1
1317420 1222.1
1317430 1225.9
1317440 1225.9
1317450 1229.6
1317460 1234.7
1317470 1234.7
1317480 1240.1
1317490 1245.6
1317500 1245.6
1317510 1251.2
1317520 1256.5
1317530 1256.5
1317540 1261.2
1317550 1265.9
1317560 1265.9
1317570 1270.6
1317580 1276.1
1317590 1276.1
1317600 1281.6
1317610 1287.8
1317620 1294.5
1317630 1294.5
1317640 1301.2
1317650 1308.1
1317660 1308.1
1317670 1314.9
1317680 1321.7
1317690 1321.7
1317700 1328.3
1317710 1334.3
1317720 1334.3
1317730 1340.5
1317740 1346.1
1317750 1346.1
1317760 1351.3
1317770 1358.4
1317780 1358.4
1317790 1373.4
1317800 1386.9
1317810 1386.9
1317820 1396.6
1317830 1406.9
1317840 1415.6
1317850 1415.6
1317860 1424.6
1317870 1434.6
1317880 1434.6
1317890 1431.2
1317900 1431.6
1317910 1431.6
1317920 1435.8
1317930 1441.7
1317940 1441.7
1317950 1448.3
1317960 1449.4
1317970 1449.4
1317980 1456.2
1317990 1469.8
1318000 1469.8
1318010 1482.9
1318020 1487.4
1318030 1487.4
1318040 1488.0
1318050 1494.3
1318060 1503.3
1318070 1503.3
1318080 1512.9
1318090 1530.5
1318100 1530.5
1318110 1552.1
1318120 1563.6
1318130 1563.6
1318140 1573.9
1318150 1586.3
1318160 1586.3
1318170 1598.8
1318180 1610.2
1318190 1610.2
1318200 1619.0
1318210 1628.4
1318220 1628.4
1318230 1638.0
1318240 1647.2
1318250 1647.2
1318260 1656.5
1318270 1667.6
1318280 1679.1
1318290 1679.1
1318300 1688.8
1318310 1692.0
1318320 1692.0
1318330 1696.6
1318340 1704.9
1318350 1704.9
1318360 1714.3
1318370 1724.1
1318380 1724.1
1318390 1734.8
1318400 1745.4
1318410 1745.4
1318420 1755.6
1318430 1764.6
1318440 1764.6
1318450 1773.3
1318460 1781.8
1318470 1781.8
1318480 1790.1
1318490 1799.6
1318500 1799.6
1318510 1809.5
1318520 1819.1
1318530 1828.6
1318540 1828.6
1318550 1837.4
1318560 1847.0
1318570 1847.0
1318580 1856.5
1318590 1866.5
1318600 1866.5
1318610 1875.2
1318620 1883.8
1318630 1883.8
1318640 1892.6
1318650 1899.2
1318660 1899.2
1318670 1907.7
1318680 1917.2
1318690 1917.2
1318700 1923.6
1318710 1920.4
1318720 1920.4
1318730 1916.6
1318740 1916.2
1318750 1919.6
1318760 1919.6
1318770 1920.5
1318780 1912.6
1318790 1912.6
1318800 1900.7
1318810 1890.3
1318820 1890.3
1318830 1874.1
1318840 1853.0
1318850 1853.0
1318860 1836.8
1318870 1827.8
1318880 1827.8
1318890 1824.8
1318900 1825.6
1318910 1825.6
1318920 1839.1
1318930 1862.8
1318940 1862.8
1318950 1884.3
1318960 1899.4
1318970 1906.2
1318980 1906.2
1318990 1911.9
1319000 1913.1
1319010 1913.1
1319020 1911.8
1319030 1909.4
1319040 1909.4
1319050 1903.9
1319060 1894.7
1319070 1894.7
1319080 1886.8
1319090 1878.6
1319100 1878.6
1319110 1871.7
1319120 1868.9
1319130 1868.9
1319140 1865.5
1319150 1860.8
1319160 1860.8
1319170 1856.9
1319180 1858.0
1319190 1861.7
1319200 1861.7
1319210 1865.7
1319220 1870.6
1319230 1870.6
1319240 1876.5
1319250 1885.0
1319260 1885.0
1319270 1895.5
1319280 1906.9
1319290 1906.9
1319300 1914.7
1319310 1925.4
1319320 1925.4
1319330 1935.2
1319340 1939.3
1319350 1939.3
1319360 1942.8
1319370 1948.4
1319380 1948.4
1319390 1955.3
1319400 1963.2
1319410 1971.8
1319420 1977.2
1319430 1985.4
1319440 1992.2
1319450 1992.2
1319460 1998.8
1319470 2005.3
1319480 2005.3
1319490 2013.4
1319500 2020.9
1319510 2020.9
1319520 2028.5
1319530 2036.8
1319540 2036.8
1319550 2044.8
1319560 2052.1
1319570 2052.1
1319580 2058.9
1319590 2066.3
1319600 2066.3
1319610 2073.6
1319620 2081.1
1319630 2089.5
1319640 2089.5
1319650 2097.9
1319660 2106.7
1319670 2106.7
1319680 2116.1
1319690 2124.9
1319700 2124.9
1319710 2132.9
1319720 2142.8
1319730 2142.8
1319740 2151.7
1319750 2158.2
1319760 2158.2
1319770 2162.9
1319780 2169.7
1319790 2169.7
1319800 2179.0
1319810 2190.5
1319820 2190.5
1319830 2202.6
1319840 2214.4
1319850 2224.8
1319860 2224.8
1319870 2234.6
1319880 2243.7
1319890 2243.7
1319900 2252.1
1319910 2259.9
1319920 2259.9
1319930 2267.5
1319940 2275.9
1319950 2275.9
1319960 2283.9
1319970 2292.2
1319980 2292.2
1319990 2299.6
