1300000 1707.6
1300010 1714.3
1300020 1714.3
1300030 1720.8
1300040 1727.8
1300050 1727.8
1300060 1734.8
1300070 1741.9
1300080 1741.9
1300090 1748.5
1300100 1752.2
1300110 1752.2
1300120 1750.0
1300130 1749.8
1300140 1749.8
1300150 1753.1
1300160 1757.9
1300170 1757.9
1300180 1763.3
1300190 1769.0
1300200 1769.0
1300210 1775.0
1300220 1781.4
1300230 1788.3
1300240 1788.3
1300250 1796.1
1300260 1804.2
1300270 1804.2
1300280 1814.4
1300290 1826.4
1300300 1826.4
1300310 1838.3
1300320 1849.1
1300330 1849.1
1300340 1858.0
1300350 1866.3
1300360 1866.3
1300370 1875.0
1300380 1883.7
1300390 1883.7
1300400 1891.6
1300410 1900.0
1300420 1900.0
1300430 1908.9
1300440 1920.0
1300450 1928.1
1300460 1928.1
1300470 1936.5
1300480 1945.5
1300490 1945.5
1300500 1956.3
1300510 1967.2
1300520 1967.2
1300530 1977.5
1300540 1987.9
1300550 1987.9
1300560 1996.4
1300570 2003.8
1300580 2003.8
1300590 2010.8
1300600 2017.6
1300610 2017.6
1300620 2023.9
1300630 2030.4
1300640 2030.4
1300650 2035.9
1300660 2040.8
1300670 2045.2
1300680 2045.2
1300690 2049.3
1300700 2053.5
1300710 2053.5
1300720 2057.7
1300730 2063.0
1300740 2063.0
1300750 2068.4
1300760 2072.4
1300770 2072.4
1300780 2076.3
1300790 2080.4
1300800 2080.4
1300810 2084.6
1300820 2089.0
1300830 2089.0
1300840 2093.3
1300850 2097.4
1300860 2097.4
1300870 2101.0
1300880 2104.3
1300890 2108.3
1300900 2108.3
1300910 2112.8
1300920 2117.2
1300930 2117.2
1300940 2120.7
1300950 2123.6
1300960 2123.6
1300970 2126.5
1300980 2130.4
1300990 2130.4
1301000 2134.6
1301010 2138.8
1301020 2138.8
1301030 2142.7
1301040 2147.6
1301050 2147.6
1301060 2153.2
1301070 2159.0
1301080 2159.0
1301090 2165.0
1301100 2171.7
1301110 2178.0
1301120 2178.0
1301130 2182.8
1301140 2187.9
1301150 2187.9
1301160 2193.5
1301170 2198.5
1301180 2198.5
1301190 2203.1
1301200 2208.1
1301210 2208.1
1301220 2212.7
1301230 2216.8
1301240 2216.8
1301250 2221.2
1301260 2226.4
1301270 2226.4
1301280 2232.3
1301290 2237.5
1301300 2237.5
1301310 2241.9
1301320 2245.8
1301330 2245.8
1301340 2249.9
1301350 2254.8
1301360 2260.3
1301370 2260.3
1301380 2266.3
1301390 2272.5
1301400 2272.5
1301410 2279.1
1301420 2285.9
1301430 2285.9
1301440 2293.2
1301450 2300.3
1301460 2300.3
1301470 2307.1
1301480 2313.9
1301490 2313.9
1301500 2320.7
1301510 2327.8
1301520 2327.8
1301530 2335.2
1301540 2342.1
1301550 2342.1
1301560 2348.9
1301570 2355.9
1301580 2362.5
1301590 2362.5
1301600 2367.8
1301610 2374.1
1301620 2374.1
1301630 2378.6
1301640 2378.5
1301650 2378.5
1301660 2377.5
1301670 2374.9
1301680 2374.9
1301690 2364.1
1301700 2358.0
1301710 2358.0
1301720 2354.9
1301730 2354.1
1301740 2354.1
1301750 2353.6
1301760 2352.4
1301770 2352.4
1301780 2350.5
1301790 2350.4
1301800 2351.5
1301810 2351.5
1301820 2345.8
1301830 2348.6
1301840 2348.6
1301850 2351.2
1301860 2353.7
1301870 2353.7
1301880 2357.6
1301890 2362.0
1301900 2362.0
1301910 2366.2
1301920 2369.9
1301930 2369.9
1301940 2374.9
1301950 2378.9
1301960 2378.9
1301970 2382.0
1301980 2386.6
1301990 2386.6
1302000 2389.9
1302010 2392.0
1302020 2394.9
1302030 2394.9
1302040 2397.4
1302050 2400.6
1302060 2400.6
1302070 2404.7
1302080 2407.8
1302090 2407.8
1302100 2411.4
1302110 2413.7
1302120 2413.7
1302130 2414.0
1302140 2415.3
1302150 2415.3
1302160 2416.4
1302170 2414.7
1302180 2414.7
1302190 2414.5
1302200 2415.1
1302210 2415.1
1302220 2416.5
1302230 2419.7
1302240 2424.2
1302250 2424.2
1302260 2430.8
1302270 2439.7
1302280 2439.7
1302290 2445.1
1302300 2445.6
1302310 2445.6
1302320 2445.9
1302330 2444.5
1302340 2444.5
1302350 2441.9
1302360 2441.4
1302370 2441.4
1302380 2440.6
1302390 2439.7
1302400 2439.7
1302410 2438.7
1302420 2438.6
1302430 2438.6
1302440 2438.6
1302450 2438.0
1302460 2438.0
1302470 2438.0
1302480 2439.1
1302490 2441.4
1302500 2441.4
1302510 2444.2
1302520 2443.6
1302530 2443.6
1302540 2445.8
1302550 2448.0
1302560 2448.0
1302570 2450.0
1302580 2452.3
1302590 2452.3
1302600 2455.2
1302610 2457.8
1302620 2457.8
1302630 2460.2
1302640 2462.1
1302650 2462.1
1302660 2464.5
1302670 2467.2
1302680 2469.3
1302690 2469.3
1302700 2471.9
1302710 2474.5
1302720 2474.5
1302730 2476.8
1302740 2478.7
1302750 2478.7
1302760 2481.1
1302770 2483.7
1302780 2483.7
1302790 2486.1
1302800 2488.3
1302810 2488.3
1302820 2491.5
1302830 2494.7
1302840 2494.7
1302850 2497.7
1302860 2500.6
1302870 2500.6
1302880 2503.8
1302890 2507.0
1302900 2510.3
1302910 2510.3
1302920 2513.9
1302930 2517.8
1302940 2517.8
1302950 2521.8
1302960 2525.7
1302970 2525.7
1302980 2529.4
1302990 2533.0
1303000 2533.0
1303010 2536.7
1303020 2540.5
1303030 2540.5
1303040 2544.7
1303050 2549.4
1303060 2549.4
1303070 2554.5
1303080 2560.1
1303090 2560.1
1303100 2565.5
1303110 2571.4
1303120 2571.4
1303130 2577.8
1303140 2584.5
1303150 2591.2
1303160 2591.2
1303170 2598.3
1303180 2605.8
1303190 2605.8
1303200 2613.8
1303210 2617.5
1303220 2617.5
1303230 2624.1
1303240 2629.8
1303250 2629.8
1303260 2636.4
1303270 2643.2
1303280 2643.2
1303290 2649.0
1303300 2654.7
1303310 2654.7
1303320 2660.3
1303330 2659.5
1303340 2659.5
1303350 2627.6
1303360 2601.7
1303370 2585.1
1303380 2585.1
1303390 2561.5
1303400 2547.0
1303410 2547.0
1303420 2527.1
1303430 2513.4
1303440 2513.4
1303450 2500.3
1303460 2489.1
1303470 2489.1
1303480 2481.8
1303490 2474.5
1303500 2474.5
1303510 2467.2
1303520 2460.2
1303530 2460.2
1303540 2453.6
1303550 2447.5
1303560 2447.5
1303570 2441.1
1303580 2435.0
1303590 2428.8
1303600 2428.8
1303610 2422.7
1303620 2416.9
1303630 2416.9
1303640 2410.8
1303650 2404.9
1303660 2404.9
1303670 2398.9
1303680 2393.3
1303690 2393.3
1303700 2388.3
1303710 2383.3
1303720 2383.3
1303730 2379.7
1303740 2376.6
1303750 2376.6
1303760 2373.2
1303770 2370.5
1303780 2370.5
1303790 2371.1
1303800 2374.5
1303810 2370.7
1303820 2370.7
1303830 2368.1
1303840 2368.8
1303850 2368.8
1303860 2370.1
1303870 2371.8
1303880 2371.8
1303890 2373.6
1303900 2375.2
1303910 2375.2
1303920 2380.4
1303930 2381.4
1303940 2381.4
1303950 2382.4
1303960 2383.2
1303970 2383.2
1303980 2384.1
1303990 2384.9
1304000 2384.9
1304010 2386.1
1304020 2387.0
1304030 2388.2
1304040 2388.2
1304050 2389.8
1304060 2391.3
1304070 2391.3
1304080 2392.8
1304090 2394.6
1304100 2394.6
1304110 2396.5
1304120 2398.1
1304130 2398.1
1304140 2399.1
1304150 2399.9
1304160 2399.9
1304170 2400.3
1304180 2400.1
1304190 2400.1
1304200 2400.0
1304210 2400.1
1304220 2400.1
1304230 2400.4
1304240 2400.7
1304250 2401.3
1304260 2401.3
1304270 2402.9
1304280 2405.5
1304290 2405.5
1304300 2407.9
1304310 2410.4
1304320 2410.4
1304330 2412.5
1304340 2414.4
1304350 2414.4
1304360 2416.3
1304370 2418.4
1304380 2418.4
1304390 2420.4
1304400 2422.3
1304410 2422.3
1304420 2423.8
1304430 2425.3
1304440 2425.3
1304450 2426.7
1304460 2428.0
1304470 2429.3
1304480 2429.3
1304490 2430.5
1304500 2432.0
1304510 2432.0
1304520 2432.8
1304530 2433.5
1304540 2433.5
1304550 2434.3
1304560 2436.4
1304570 2436.4
1304580 2439.8
1304590 2443.5
1304600 2443.5
1304610 2446.6
1304620 2452.7
1304630 2452.7
1304640 2456.0
1304650 2459.3
1304660 2459.3
1304670 2462.6
1304680 2466.9
1304690 2472.3
1304700 2472.3
1304710 2477.3
1304720 2482.2
1304730 2482.2
1304740 2487.0
1304750 2492.7
1304760 2492.7
1304770 2499.8
1304780 2506.0
1304790 2506.0
1304800 2510.6
1304810 2515.0
1304820 2515.0
1304830 2521.5
1304840 2527.0
1304850 2527.0
1304860 2531.5
1304870 2536.4
1304880 2536.4
1304890 2541.0
1304900 2546.2
1304910 2546.2
1304920 2551.0
1304930 2556.2
1304940 2561.7
1304950 2561.7
1304960 2566.7
1304970 2572.3
1304980 2572.3
1304990 2577.7
1305000 2583.0
1305010 2583.0
1305020 2588.2
1305030 2593.5
1305040 2593.5
1305050 2599.5
1305060 2604.7
1305070 2604.7
1305080 2609.7
1305090 2615.7
1305100 2615.7
1305110 2621.4
1305120 2627.0
1305130 2627.0
1305140 2633.1
1305150 2639.0
1305160 2645.0
1305170 2645.0
1305180 2650.7
1305190 2656.2
1305200 2656.2
1305210 2661.3
1305220 2666.0
1305230 2666.0
1305240 2670.1
1305250 2673.7
1305260 2673.7
1305270 2678.0
1305280 2682.9
1305290 2682.9
1305300 2688.4
1305310 2694.7
1305320 2694.7
1305330 2705.8
1305340 2713.9
1305350 2713.9
1305360 2725.9
1305370 2738.4
1305380 2748.0
1305390 2748.0
1305400 2753.2
1305410 2760.6
1305420 2760.6
1305430 2768.1
1305440 2775.5
1305450 2775.5
1305460 2782.8
1305470 2789.7
1305480 2789.7
1305490 2795.6
1305500 2800.6
1305510 2800.6
1305520 2805.5
1305530 2810.2
1305540 2810.2
1305550 2814.2
1305560 2816.5
1305570 2816.5
1305580 2819.5
1305590 2824.5
1305600 2830.4
1305610 2830.4
1305620 2835.5
1305630 2840.6
1305640 2840.6
1305650 2848.2
1305660 2858.5
1305670 2858.5
1305680 2869.2
1305690 2878.3
1305700 2878.3
1305710 2886.7
1305720 2895.6
1305730 2895.6
1305740 2904.4
1305750 2911.4
1305760 2911.4
1305770 2919.0
1305780 2928.2
1305790 2928.2
1305800 2935.5
1305810 2940.1
1305820 2945.0
1305830 2945.0
1305840 2951.9
1305850 2957.0
1305860 2957.0
1305870 2963.0
1305880 2968.2
1305890 2968.2
1305900 2975.6
1305910 2986.0
1305920 2986.0
1305930 2994.3
1305940 2999.7
1305950 2999.7
1305960 3005.6
1305970 3011.7
1305980 3011.7
1305990 3011.4
1306000 3006.1
1306010 3006.1
1306020 3002.3
1306030 2999.2
1306040 2990.0
1306050 2990.0
1306060 2987.0
1306070 2983.0
1306080 2983.0
1306090 2979.8
1306100 2978.1
1306110 2978.1
1306120 2977.5
1306130 2977.3
1306140 2977.3
1306150 2973.7
1306160 2959.8
1306170 2959.8
1306180 2950.0
1306190 2945.2
1306200 2945.2
1306210 2939.8
1306220 2932.7
1306230 2932.7
1306240 2930.3
1306250 2928.1
1306260 2924.2
1306270 2924.2
1306280 2922.5
1306290 2922.5
1306300 2922.5
1306310 2921.9
1306320 2920.6
1306330 2920.6
1306340 2918.5
1306350 2916.0
1306360 2916.0
1306370 2913.8
1306380 2911.3
1306390 2911.3
1306400 2908.7
1306410 2906.2
1306420 2906.2
1306430 2904.2
1306440 2902.0
1306450 2902.0
1306460 2898.9
1306470 2895.6
1306480 2891.7
1306490 2891.7
1306500 2888.6
1306510 2886.0
1306520 2886.0
1306530 2883.2
1306540 2879.8
1306550 2879.8
1306560 2875.2
1306570 2870.8
1306580 2870.8
1306590 2865.5
1306600 2860.3
1306610 2860.3
1306620 2855.0
1306630 2850.7
1306640 2850.7
1306650 2847.2
1306660 2842.0
1306670 2842.0
1306680 2834.3
1306690 2828.9
1306700 2828.9
1306710 2824.2
1306720 2820.3
1306730 2816.5
1306740 2816.5
1306750 2812.3
1306760 2810.1
1306770 2810.1
1306780 2801.8
1306790 2792.5
1306800 2792.5
1306810 2786.5
1306820 2781.8
1306830 2781.8
1306840 2776.4
1306850 2771.4
1306860 2771.4
1306870 2767.0
1306880 2762.6
1306890 2762.6
1306900 2757.9
1306910 2754.1
1306920 2754.1
1306930 2751.8
1306940 2749.8
1306950 2746.8
1306960 2746.8
1306970 2744.0
1306980 2741.3
1306990 2741.3
1307000 2739.0
1307010 2737.3
1307020 2737.3
1307030 2736.5
1307040 2737.9
1307050 2737.9
1307060 2738.9
1307070 2738.9
1307080 2738.9
1307090 2740.0
1307100 2741.0
1307110 2741.0
1307120 2739.7
1307130 2739.2
1307140 2739.2
1307150 2739.4
1307160 2738.5
1307170 2737.8
1307180 2737.8
1307190 2737.8
1307200 2738.2
1307210 2738.2
1307220 2737.5
1307230 2736.1
1307240 2736.1
1307250 2735.7
1307260 2734.6
1307270 2734.6
1307280 2732.8
1307290 2728.2
1307300 2728.2
1307310 2723.2
1307320 2720.6
1307330 2720.6
1307340 2719.6
1307350 2717.8
1307360 2717.8
1307370 2716.0
1307380 2714.5
1307390 2710.9
1307400 2710.9
1307410 2705.8
1307420 2700.6
1307430 2700.6
1307440 2695.8
1307450 2690.7
1307460 2698.3
1307470 2695.4
1307480 2692.4
1307490 2692.4
1307500 2689.2
1307510 2684.9
1307520 2684.9
1307530 2679.8
1307540 2673.2
1307550 2673.2
1307560 2662.5
1307570 2652.8
1307580 2652.8
1307590 2647.8
1307600 2644.5
1307610 2642.2
1307620 2642.2
1307630 2639.5
1307640 2635.4
1307650 2635.4
1307660 2631.2
1307670 2628.1
1307680 2628.1
1307690 2623.1
1307700 2618.6
1307710 2618.6
1307720 2616.0
1307730 2614.2
1307740 2614.2
1307750 2610.3
1307760 2604.7
1307770 2604.7
1307780 2598.7
1307790 2593.9
1307800 2593.9
1307810 2590.7
1307820 2588.3
1307830 2586.3
1307840 2586.3
1307850 2582.6
1307860 2579.4
1307870 2579.4
1307880 2577.6
1307890 2574.8
1307900 2574.8
1307910 2570.9
1307920 2567.9
1307930 2567.9
1307940 2563.5
1307950 2557.7
1307960 2557.7
1307970 2554.9
1307980 2553.2
1307990 2553.2
1308000 2551.1
1308010 2549.3
1308020 2549.3
1308030 2547.4
1308040 2545.4
1308050 2540.0
1308060 2540.0
1308070 2534.0
1308080 2531.4
1308090 2531.4
1308100 2530.6
1308110 2529.6
1308120 2529.6
1308130 2529.0
1308140 2528.3
1308150 2528.3
1308160 2526.7
1308170 2524.8
1308180 2522.1
1308190 2519.3
1308200 2515.7
1308210 2515.7
1308220 2512.7
1308230 2509.2
1308240 2509.2
1308250 2506.0
1308260 2502.7
1308270 2498.7
1308280 2498.7
1308290 2494.8
1308300 2491.1
1308310 2491.1
1308320 2486.7
1308330 2481.9
1308340 2481.9
1308350 2477.7
1308360 2473.2
1308370 2473.2
1308380 2469.7
1308390 2465.9
1308400 2465.9
1308410 2462.0
1308420 2459.0
1308430 2459.0
1308440 2455.3
1308450 2450.5
1308460 2450.5
1308470 2444.0
1308480 2437.8
1308490 2437.8
1308500 2432.0
1308510 2425.3
1308520 2419.5
1308530 2419.5
1308540 2415.2
1308550 2411.6
1308560 2411.6
1308570 2409.0
1308580 2406.4
1308590 2406.4
1308600 2403.9
1308610 2402.4
1308620 2402.4
1308630 2402.3
1308640 2401.9
1308650 2401.9
1308660 2402.0
1308670 2403.4
1308680 2403.4
1308690 2405.9
1308700 2409.2
1308710 2409.2
1308720 2413.1
1308730 2417.6
1308740 2421.4
1308750 2421.4
1308760 2423.8
1308770 2425.6
1308780 2425.6
1308790 2426.8
1308800 2427.1
1308810 2427.1
1308820 2426.0
1308830 2424.2
1308840 2424.2
1308850 2421.7
1308860 2417.9
1308870 2417.9
1308880 2415.8
1308890 2413.1
1308900 2408.9
1308910 2407.3
1308920 2407.4
1308930 2407.4
1308940 2407.0
1308950 2405.4
1308960 2403.9
1308970 2403.9
1308980 2402.2
1308990 2399.7
1309000 2399.7
1309010 2394.9
1309020 2388.1
1309030 2388.1
1309040 2380.9
1309050 2374.3
1309060 2374.3
1309070 2368.4
1309080 2363.7
1309090 2363.7
1309100 2363.4
1309110 2363.7
1309120 2363.7
1309130 2363.8
1309140 2363.2
1309150 2363.2
1309160 2362.8
1309170 2362.8
1309180 2362.7
1309190 2362.7
1309200 2362.8
1309210 2363.6
1309220 2363.6
1309230 2367.1
1309240 2371.8
1309250 2371.8
1309260 2379.0
1309270 2388.8
1309280 2388.8
1309290 2399.3
1309300 2407.5
1309310 2407.5
1309320 2413.5
1309330 2419.7
1309340 2419.7
1309350 2425.0
1309360 2430.3
1309370 2430.3
1309380 2435.9
1309390 2441.3
1309400 2447.1
1309410 2447.1
1309420 2452.6
1309430 2456.2
1309440 2456.2
1309450 2454.1
1309460 2446.8
1309470 2446.8
1309480 2438.8
1309490 2431.6
1309500 2431.6
1309510 2424.3
1309520 2417.6
1309530 2417.6
1309540 2412.0
1309550 2407.0
1309560 2407.0
1309570 2402.1
1309580 2396.8
1309590 2396.8
1309600 2391.2
1309610 2385.5
1309620 2377.2
1309630 2377.2
1309640 2372.4
1309650 2366.3
1309660 2366.3
1309670 2359.0
1309680 2350.5
1309690 2350.5
1309700 2339.8
1309710 2327.6
1309720 2327.6
1309730 2317.4
1309740 2307.8
1309750 2307.8
1309760 2297.4
1309770 2287.6
1309780 2287.6
1309790 2278.6
1309800 2270.2
1309810 2270.2
1309820 2264.6
1309830 2261.5
1309840 2258.3
1309850 2258.3
1309860 2253.7
1309870 2248.8
1309880 2248.8
1309890 2241.6
1309900 2230.8
1309910 2230.8
1309920 2214.6
1309930 2201.2
1309940 2201.2
1309950 2185.6
1309960 2172.0
1309970 2172.0
1309980 2159.3
1309990 2149.1
1310000 2149.1
1310010 2141.7
1310020 2135.1
1310030 2135.1
1310040 2128.5
1310050 2121.9
1310060 2116.4
1310070 2116.4
1310080 2112.0
1310090 2107.3
1310100 2107.3
1310110 2103.9
1310120 2103.2
1310130 2103.2
1310140 2102.3
1310150 2100.1
1310160 2100.1
1310170 2097.6
1310180 2094.8
1310190 2094.8
1310200 2092.2
1310210 2090.4
1310220 2090.4
1310230 2088.6
1310240 2084.6
1310250 2084.6
1310260 2079.1
1310270 2076.5
1310280 2076.5
1310290 2074.4
1310300 2068.6
1310310 2062.7
1310320 2062.7
1310330 2056.6
1310340 2050.2
1310350 2046.3
1310360 2043.0
1310370 2040.9
1310380 2040.9
1310390 2039.3
1310400 2036.7
1310410 2036.7
1310420 2033.4
1310430 2030.4
1310440 2030.4
1310450 2025.6
1310460 2020.7
1310470 2020.7
1310480 2016.1
1310490 2010.7
1310500 2010.7
1310510 2006.8
1310520 2006.0
1310530 2005.3
1310540 2005.3
1310550 2003.8
1310560 2002.3
1310570 2002.3
1310580 2000.9
1310590 2000.8
1310600 2000.8
1310610 2000.9
1310620 2000.9
1310630 2000.9
1310640 2000.2
1310650 1999.6
1310660 1999.6
1310670 1998.8
1310680 1999.1
1310690 1999.1
1310700 1999.1
1310710 1999.7
1310720 1999.7
1310730 2000.5
1310740 2001.0
1310750 2001.8
1310760 2001.8
1310770 2002.8
1310780 2003.6
1310790 2003.6
1310800 2003.6
1310810 2003.6
1310820 2003.6
1310830 1999.9
1310840 1991.1
1310850 1991.1
1310860 1982.4
1310870 1976.3
1310880 1976.3
1310890 1969.5
1310900 1964.7
1310910 1964.7
1310920 1962.2
1310930 1962.6
1310940 1962.6
1310950 1962.3
1310960 1963.8
1310970 1966.3
1310980 1966.3
1310990 1969.3
1311000 1968.2
1311010 1968.2
1311020 1963.8
1311030 1957.9
1311040 1957.9
1311050 1952.1
1311060 1947.5
1311070 1947.5
1311080 1935.7
1311090 1928.4
1311100 1928.4
1311110 1917.2
1311120 1906.7
1311130 1906.7
1311140 1897.7
1311150 1890.7
1311160 1890.7
1311170 1884.4
1311180 1878.7
1311190 1874.1
1311200 1874.1
1311210 1870.4
1311220 1866.7
1311230 1866.7
1311240 1863.2
1311250 1859.6
1311260 1859.6
1311270 1855.9
1311280 1852.5
1311290 1852.5
1311300 1849.2
1311310 1846.2
1311320 1846.2
1311330 1843.6
1311340 1840.3
1311350 1840.3
1311360 1837.4
1311370 1835.2
1311380 1835.2
1311390 1832.5
1311400 1829.6
1311410 1828.0
1311420 1828.0
1311430 1825.9
1311440 1826.5
1311450 1826.5
1311460 1827.5
1311470 1829.6
1311480 1829.6
1311490 1833.3
1311500 1835.7
1311510 1835.7
1311520 1837.2
1311530 1837.2
1311540 1837.2
1311550 1836.4
1311560 1835.4
1311570 1835.4
1311580 1834.9
1311590 1834.0
1311600 1834.0
1311610 1833.2
1311620 1831.3
1311630 1827.3
1311640 1827.3
1311650 1824.2
1311660 1822.9
1311670 1822.9
1311680 1822.2
1311690 1821.1
1311700 1821.1
1311710 1818.1
1311720 1813.5
1311730 1813.5
1311740 1810.4
1311750 1809.6
1311760 1809.6
1311770 1809.8
1311780 1809.0
1311790 1809.0
1311800 1806.8
1311810 1803.6
1311820 1795.3
1311830 1792.1
1311840 1788.7
1311850 1785.3
1311860 1785.3
1311870 1782.7
1311880 1777.7
1311890 1777.7
1311900 1770.6
1311910 1764.2
1311920 1764.2
1311930 1759.7
1311940 1754.6
1311950 1754.6
1311960 1751.1
1311970 1747.8
1311980 1747.8
1311990 1743.3
1312000 1739.3
1312010 1739.3
1312020 1737.8
1312030 1739.2
1312040 1739.2
1312050 1735.8
1312060 1727.6
1312070 1727.6
1312080 1718.5
1312090 1709.2
1312100 1700.1
1312110 1700.1
1312120 1690.8
1312130 1678.1
1312140 1678.1
1312150 1670.2
1312160 1663.8
1312170 1663.8
1312180 1658.8
1312190 1654.0
1312200 1654.0
1312210 1649.6
1312220 1645.1
1312230 1645.1
1312240 1640.6
1312250 1636.7
1312260 1636.7
1312270 1633.1
1312280 1631.0
1312290 1631.0
1312300 1629.9
1312310 1629.5
1312320 1627.8
1312330 1627.8
1312340 1625.4
1312350 1625.1
1312360 1625.1
1312370 1626.7
1312380 1626.9
1312390 1626.9
1312400 1624.3
1312410 1624.0
1312420 1624.0
1312430 1623.6
1312440 1623.2
1312450 1623.2
1312460 1621.4
1312470 1618.7
1312480 1618.7
1312490 1615.1
1312500 1610.4
1312510 1610.4
1312520 1607.9
1312530 1605.8
1312540 1602.8
1312550 1596.6
1312560 1593.9
1312570 1592.3
1312580 1592.3
1312590 1590.7
1312600 1588.9
1312610 1588.9
1312620 1587.1
1312630 1585.3
1312640 1585.3
1312650 1583.4
1312660 1580.8
1312670 1580.8
1312680 1578.8
1312690 1575.4
1312700 1575.4
1312710 1571.5
1312720 1568.3
1312730 1568.3
1312740 1563.0
1312750 1559.1
1312760 1554.6
1312770 1554.6
1312780 1550.2
1312790 1545.2
1312800 1545.2
1312810 1540.2
1312820 1535.9
1312830 1535.9
1312840 1531.2
1312850 1527.2
1312860 1527.2
1312870 1521.5
1312880 1515.9
1312890 1515.9
1312900 1509.2
1312910 1503.4
1312920 1503.4
1312930 1500.6
1312940 1500.4
1312950 1500.4
1312960 1499.5
1312970 1499.4
1312980 1499.1
1312990 1499.1
1313000 1499.5
1313010 1502.0
1313020 1502.0
1313030 1500.5
1313040 1494.3
1313050 1494.3
1313060 1489.4
1313070 1485.3
1313080 1485.3
1313090 1482.1
1313100 1478.7
1313110 1478.7
1313120 1474.0
1313130 1469.5
1313140 1469.5
1313150 1464.7
1313160 1460.7
1313170 1460.7
1313180 1457.6
1313190 1452.5
1313200 1446.5
1313210 1446.5
1313220 1440.4
1313230 1435.3
1313240 1435.3
1313250 1430.9
1313260 1427.1
1313270 1427.1
1313280 1423.7
1313290 1415.9
1313300 1415.9
1313310 1410.5
1313320 1404.5
1313330 1404.5
1313340 1398.1
1313350 1392.1
1313360 1392.1
1313370 1386.4
1313380 1380.9
1313390 1380.9
1313400 1376.4
1313410 1372.5
1313420 1368.5
1313430 1368.5
1313440 1365.0
1313450 1362.6
1313460 1362.6
1313470 1359.3
1313480 1354.7
1313490 1354.7
1313500 1349.9
1313510 1345.7
1313520 1345.7
1313530 1342.0
1313540 1337.6
1313550 1337.6
1313560 1332.1
1313570 1325.3
1313580 1325.3
1313590 1316.7
1313600 1308.1
1313610 1308.1
1313620 1298.7
1313630 1288.1
1313640 1280.3
1313650 1280.3
1313660 1271.6
1313670 1262.8
1313680 1262.8
1313690 1254.7
1313700 1246.5
1313710 1246.5
1313720 1238.9
1313730 1231.4
1313740 1231.4
1313750 1224.1
1313760 1217.5
1313770 1217.5
1313780 1212.0
1313790 1207.8
1313800 1207.8
1313810 1201.8
1313820 1193.9
1313830 1193.9
1313840 1186.7
1313850 1180.1
1313860 1180.1
1313870 1173.1
1313880 1166.8
1313890 1160.6
1313900 1160.6
1313910 1155.0
1313920 1150.0
1313930 1150.0
1313940 1143.8
1313950 1136.5
1313960 1136.5
1313970 1129.8
1313980 1123.4
1313990 1123.4
1314000 1117.4
1314010 1111.6
1314020 1111.6
1314030 1106.8
1314040 1099.1
1314050 1099.1
1314060 1092.7
1314070 1086.4
1314080 1086.4
1314090 1080.6
1314100 1075.3
1314110 1070.9
1314120 1070.9
1314130 1066.5
1314140 1060.4
1314150 1060.4
1314160 1053.3
1314170 1046.6
1314180 1046.6
1314190 1040.1
1314200 1033.7
1314210 1033.7
1314220 1027.9
1314230 1022.5
1314240 1022.5
1314250 1016.7
1314260 1010.7
1314270 1010.7
1314280 1004.0
1314290 997.2
1314300 997.2
1314310 990.0
1314320 982.6
1314330 975.6
1314340 975.6
1314350 971.6
1314360 971.1
1314370 971.1
1314380 971.3
1314390 971.5
1314400 971.5
1314410 971.6
1314420 971.7
1314430 971.7
1314440 971.7
1314450 971.7
1314460 971.7
1314470 971.9
1314480 972.3
1314490 972.3
1314500 972.3
1314510 972.4
1314520 972.4
1314530 971.7
1314540 970.6
1314550 969.2
1314560 969.2
1314570 966.5
1314580 967.6
1314590 967.6
1314600 970.0
1314610 971.5
1314620 971.5
1314630 973.2
1314640 973.3
1314650 973.3
1314660 973.5
1314670 973.7
1314680 973.7
1314690 974.2
1314700 978.3
1314710 978.3
1314720 982.0
1314730 985.4
1314740 985.4
1314750 989.4
1314760 995.3
1314770 1001.5
1314780 1002.5
1314790 1007.2
1314800 1013.7
1314810 1013.7
1314820 1021.3
1314830 1028.3
1314840 1028.3
1314850 1039.6
1314860 1042.0
1314870 1042.0
1314880 1041.9
1314890 1045.9
1314900 1045.9
1314910 1051.6
1314920 1058.8
1314930 1058.8
1314940 1066.8
1314950 1079.4
1314960 1079.4
1314970 1085.3
1314980 1089.0
1314990 1092.9
1315000 1092.9
1315010 1096.2
1315020 1100.0
1315030 1100.0
1315040 1104.5
1315050 1109.3
1315060 1109.3
1315070 1115.2
1315080 1120.9
1315090 1120.9
1315100 1126.7
1315110 1133.6
1315120 1133.6
1315130 1140.4
1315140 1146.9
1315150 1146.9
1315160 1153.1
1315170 1158.9
1315180 1158.9
1315190 1166.0
1315200 1187.3
1315210 1210.0
1315220 1210.0
1315230 1227.7
1315240 1246.0
1315250 1246.0
1315260 1258.2
1315270 1273.5
1315280 1273.5
1315290 1301.2
1315300 1326.0
1315310 1326.0
1315320 1342.3
1315330 1369.8
1315340 1369.8
1315350 1420.3
1315360 1439.5
1315370 1439.5
1315380 1445.2
1315390 1450.7
1315400 1450.7
1315410 1457.1
1315420 1463.1
1315430 1467.5
1315440 1467.5
1315450 1471.8
1315460 1476.8
1315470 1476.8
1315480 1479.1
1315490 1481.2
1315500 1481.2
1315510 1482.6
1315520 1483.5
1315530 1476.4
1315540 1478.6
1315550 1481.7
1315560 1481.7
1315570 1484.1
1315580 1486.1
1315590 1486.1
1315600 1487.5
1315610 1488.1
1315620 1488.1
1315630 1488.5
1315640 1489.6
1315650 1489.6
1315660 1489.9
1315670 1492.6
1315680 1495.9
1315690 1495.9
1315700 1501.0
1315710 1504.5
1315720 1504.5
1315730 1506.9
1315740 1510.4
1315750 1510.4
1315760 1514.5
1315770 1519.1
1315780 1519.1
1315790 1523.2
1315800 1525.4
1315810 1525.4
1315820 1528.1
1315830 1532.2
1315840 1532.2
1315850 1534.4
1315860 1536.8
1315870 1536.8
1315880 1540.4
1315890 1545.6
1315900 1551.1
1315910 1551.1
1315920 1556.3
1315930 1561.6
1315940 1561.6
1315950 1566.4
1315960 1570.2
1315970 1570.2
1315980 1572.5
1315990 1575.4
1316000 1575.4
1316010 1578.5
1316020 1583.4
1316030 1583.4
1316040 1580.8
1316050 1562.4
1316060 1562.4
1316070 1541.4
1316080 1536.3
1316090 1536.3
1316100 1536.0
1316110 1540.6
1316120 1547.8
1316130 1547.8
1316140 1555.9
1316150 1564.7
1316160 1564.7
1316170 1573.9
1316180 1583.2
1316190 1583.2
1316200 1590.1
1316210 1594.8
1316220 1594.8
1316230 1598.3
1316240 1601.4
1316250 1601.4
1316260 1604.2
1316270 1606.5
1316280 1597.0
1316290 1599.5
1316300 1602.5
1316310 1602.5
1316320 1605.9
1316330 1607.6
1316340 1610.6
1316350 1610.6
1316360 1614.4
1316370 1617.5
1316380 1617.5
1316390 1619.0
1316400 1620.0
1316410 1620.0
1316420 1621.5
1316430 1623.4
1316440 1623.4
1316450 1625.5
1316460 1626.4
1316470 1626.4
1316480 1628.7
1316490 1636.2
1316500 1636.2
1316510 1642.6
1316520 1646.1
1316530 1646.1
1316540 1649.7
1316550 1655.1
1316560 1662.0
1316570 1662.0
1316580 1668.7
1316590 1675.8
1316600 1675.8
1316610 1684.2
1316620 1691.2
1316630 1691.2
1316640 1694.5
1316650 1690.9
1316660 1690.9
1316670 1683.0
1316680 1676.2
1316690 1676.2
1316700 1666.0
1316710 1653.9
1316720 1653.9
1316730 1648.2
1316740 1645.7
1316750 1645.7
1316760 1643.1
1316770 1639.2
1316780 1629.1
1316790 1629.1
1316800 1618.3
1316810 1616.3
1316820 1616.3
1316830 1621.6
1316840 1626.3
1316850 1626.3
1316860 1630.1
1316870 1633.9
1316880 1633.9
1316890 1639.8
1316900 1647.9
1316910 1647.9
1316920 1656.2
1316930 1662.4
1316940 1662.4
1316950 1665.2
1316960 1669.2
1316970 1669.2
1316980 1675.3
1316990 1684.4
1317000 1697.4
1317010 1697.4
1317020 1707.0
1317030 1716.1
1317040 1716.8
1317050 1726.0
1317060 1737.1
1317070 1737.1
1317080 1752.0
1317090 1768.2
1317100 1768.2
1317110 1782.8
1317120 1796.8
1317130 1796.8
1317140 1815.9
1317150 1832.3
1317160 1832.3
1317170 1840.5
1317180 1848.4
1317190 1848.4
1317200 1856.9
1317210 1870.7
1317220 1883.8
1317230 1883.8
1317240 1889.6
1317250 1892.2
1317260 1892.2
1317270 1897.7
1317280 1904.9
1317290 1904.9
1317300 1914.0
1317310 1923.8
1317320 1923.8
1317330 1928.9
1317340 1935.5
1317350 1935.5
1317360 1945.4
1317370 1953.8
1317380 1953.8
1317390 1961.4
1317400 1967.8
1317410 1967.8
1317420 1975.5
1317430 1983.9
1317440 1983.9
1317450 1990.7
1317460 1995.3
1317470 1999.9
1317480 1999.9
1317490 2003.2
1317500 2007.2
1317510 2007.2
1317520 2011.9
1317530 2017.4
1317540 2017.4
1317550 2023.4
1317560 2029.6
1317570 2029.6
1317580 2038.0
1317590 2048.7
1317600 2048.7
1317610 2054.8
1317620 2058.2
1317630 2058.2
1317640 2061.8
1317650 2066.7
1317660 2066.7
1317670 2072.2
1317680 2076.9
1317690 2082.6
1317700 2082.6
1317710 2088.5
1317720 2091.4
1317730 2091.4
1317740 2093.4
1317750 2096.7
1317760 2096.7
1317770 2098.5
1317780 2098.4
1317790 2098.4
1317800 2088.3
1317810 2090.2
1317820 2090.2
1317830 2092.8
1317840 2097.5
1317850 2097.5
1317860 2101.5
1317870 2100.7
1317880 2100.7
1317890 2101.7
1317900 2104.3
1317910 2105.7
1317920 2105.7
1317930 2104.6
1317940 2102.7
1317950 2102.7
1317960 2100.8
1317970 2100.1
1317980 2100.1
1317990 2099.6
1318000 2098.9
1318010 2098.9
1318020 2097.8
1318030 2097.9
1318040 2097.9
1318050 2097.0
1318060 2095.6
1318070 2095.6
1318080 2096.7
1318090 2097.9
1318100 2097.9
1318110 2100.1
1318120 2100.4
1318130 2100.1
1318140 2100.1
1318150 2099.6
1318160 2100.1
1318170 2100.1
1318180 2099.9
1318190 2099.6
1318200 2099.6
1318210 2099.6
1318220 2103.5
1318230 2103.5
1318240 2104.2
1318250 2102.1
1318260 2102.1
1318270 2099.1
1318280 2098.5
1318290 2098.5
1318300 2099.6
1318310 2099.6
1318320 2099.6
1318330 2098.8
1318340 2097.3
1318350 2095.1
1318360 2095.1
1318370 2092.7
1318380 2094.1
1318390 2094.1
1318400 2097.1
1318410 2099.8
1318420 2099.8
1318430 2098.1
1318440 2096.5
1318450 2096.5
1318460 2099.7
1318470 2101.8
1318480 2101.8
1318490 2103.5
1318500 2106.5
1318510 2106.5
1318520 2110.6
1318530 2114.6
1318540 2114.6
1318550 2119.1
1318560 2120.6
1318570 2128.0
1318580 2128.0
1318590 2134.4
1318600 2137.6
1318610 2137.6
1318620 2140.8
1318630 2146.4
1318640 2146.4
1318650 2153.2
1318660 2158.9
1318670 2158.9
1318680 2163.2
1318690 2166.8
1318700 2166.8
1318710 2170.4
1318720 2174.1
1318730 2174.1
1318740 2177.4
1318750 2179.2
1318760 2179.2
1318770 2179.4
1318780 2181.1
1318790 2185.5
1318800 2185.5
1318810 2192.4
1318820 2199.4
1318830 2199.4
1318840 2206.7
1318850 2213.7
1318860 2213.7
1318870 2221.4
1318880 2230.7
1318890 2230.7
1318900 2240.3
1318910 2251.1
1318920 2251.1
1318930 2263.2
1318940 2275.9
1318950 2275.9
1318960 2287.9
1318970 2301.3
1318980 2301.3
1318990 2312.6
1319000 2322.9
1319010 2333.0
1319020 2333.0
1319030 2340.7
1319040 2347.6
1319050 2347.6
1319060 2355.5
1319070 2362.6
1319080 2362.6
1319090 2368.3
1319100 2372.5
1319110 2372.5
1319120 2377.3
1319130 2384.0
1319140 2384.0
1319150 2393.4
1319160 2403.6
1319170 2403.6
1319180 2415.5
1319190 2422.9
1319200 2422.9
1319210 2426.4
1319220 2430.5
1319230 2430.5
1319240 2438.1
1319250 2446.3
1319260 2454.3
1319270 2454.3
1319280 2462.8
1319290 2470.9
1319300 2470.9
1319310 2478.4
1319320 2479.9
1319330 2479.9
1319340 2489.4
1319350 2492.0
1319360 2492.0
1319370 2492.5
1319380 2489.6
1319390 2489.6
1319400 2487.5
1319410 2488.4
1319420 2488.4
1319430 2491.3
1319440 2492.1
1319450 2492.1
1319460 2494.5
1319470 2495.2
1319480 2499.4
1319490 2499.4
1319500 2508.9
1319510 2516.5
1319520 2516.5
1319530 2517.2
1319540 2521.6
1319550 2521.6
1319560 2528.9
1319570 2537.5
1319580 2537.5
1319590 2547.7
1319600 2560.3
1319610 2560.3
1319620 2570.6
1319630 2579.1
1319640 2579.1
1319650 2585.8
1319660 2585.4
1319670 2585.4
1319680 2583.2
1319690 2584.7
1319700 2586.0
1319710 2586.0
1319720 2588.4
1319730 2594.5
1319740 2594.5
1319750 2602.7
1319760 2607.2
1319770 2607.2
1319780 2609.5
1319790 2613.3
1319800 2613.3
1319810 2619.7
1319820 2628.8
1319830 2628.8
1319840 2634.1
1319850 2639.9
1319860 2639.9
1319870 2647.9
1319880 2628.2
1319890 2628.2
1319900 2599.8
1319910 2582.0
1319920 2569.6
1319930 2569.6
1319940 2558.2
1319950 2546.9
1319960 2546.9
1319970 2536.6
1319980 2527.4
1319990 2527.4
