1300000 1814.5
1300010 1814.5
1300020 1822.1
1300030 1830.1
1300040 1830.1
1300050 1835.7
1300060 1840.5
1300070 1840.5
1300080 1846.6
1300090 1852.0
1300100 1852.0
1300110 1857.2
1300120 1862.0
1300130 1862.0
1300140 1866.3
1300150 1870.5
1300160 1874.6
1300170 1874.6
1300180 1878.7
1300190 1883.1
1300200 1883.1
1300210 1887.0
1300220 1891.2
1300230 1891.2
1300240 1896.2
1300250 1901.6
1300260 1901.6
1300270 1904.6
1300280 1907.4
1300290 1907.4
1300300 1910.6
1300310 1915.3
1300320 1915.3
1300330 1920.6
1300340 1925.6
1300350 1925.6
1300360 1930.6
1300370 1935.7
1300380 1944.3
1300390 1944.3
1300400 1951.2
1300410 1957.1
1300420 1957.1
1300430 1962.2
1300440 1968.1
1300450 1968.1
1300460 1973.7
1300470 1979.3
1300480 1979.3
1300490 1985.4
1300500 1992.2
1300510 1992.2
1300520 1997.5
1300530 2002.2
1300540 2002.2
1300550 2006.9
1300560 2012.6
1300570 2012.6
1300580 2017.6
1300590 2023.1
1300600 2029.4
1300610 2029.4
1300620 2035.3
1300630 2040.3
1300640 2040.3
1300650 2045.5
1300660 2051.1
1300670 2051.1
1300680 2057.1
1300690 2063.1
1300700 2063.1
1300710 2068.6
1300720 2074.2
1300730 2074.2
1300740 2080.9
1300750 2088.4
1300760 2088.4
1300770 2093.5
1300780 2095.5
1300790 2095.5
1300800 2097.9
1300810 2101.9
1300820 2106.3
1300830 2106.3
1300840 2110.6
1300850 2115.2
1300860 2115.2
1300870 2119.5
1300880 2125.6
1300890 2125.6
1300900 2132.6
1300910 2138.9
1300920 2138.9
1300930 2144.7
1300940 2150.9
1300950 2150.9
1300960 2156.6
1300970 2162.1
1300980 2162.1
1300990 2167.4
1301000 2171.1
1301010 2171.1
1301020 2174.8
1301030 2178.8
1301040 2181.9
1301050 2181.9
1301060 2184.3
1301070 2186.6
1301080 2186.6
1301090 2188.1
1301100 2189.2
1301110 2189.2
1301120 2191.5
1301130 2193.6
1301140 2193.6
1301150 2195.3
1301160 2198.0
1301170 2198.0
1301180 2201.7
1301190 2204.7
1301200 2204.7
1301210 2207.5
1301220 2211.0
1301230 2211.0
1301240 2214.3
1301250 2217.0
1301260 2219.1
1301270 2219.1
1301280 2222.3
1301290 2225.9
1301300 2225.9
1301310 2228.9
1301320 2232.3
1301330 2232.3
1301340 2233.2
1301350 2233.9
1301360 2233.9
1301370 2234.5
1301380 2235.4
1301390 2235.4
1301400 2237.7
1301410 2239.3
1301420 2239.3
1301430 2240.5
1301440 2241.8
1301450 2241.8
1301460 2242.7
1301470 2245.1
1301480 2245.7
1301490 2245.7
1301500 2247.6
1301510 2250.9
1301520 2250.9
1301530 2254.6
1301540 2257.3
1301550 2257.3
1301560 2261.0
1301570 2265.3
1301580 2265.3
1301590 2270.2
1301600 2274.5
1301610 2274.5
1301620 2278.4
1301630 2281.7
1301640 2281.7
1301650 2284.2
1301660 2286.6
1301670 2286.6
1301680 2288.6
1301690 2291.3
1301700 2295.5
1301710 2295.5
1301720 2299.7
1301730 2302.6
1301740 2302.6
1301750 2304.3
1301760 2305.3
1301770 2307.3
1301780 2308.4
1301790 2309.2
1301800 2309.2
1301810 2309.9
1301820 2310.6
1301830 2310.6
1301840 2312.4
1301850 2314.1
1301860 2314.1
1301870 2315.9
1301880 2317.5
1301890 2317.5
1301900 2319.0
1301910 2320.3
1301920 2321.9
1301930 2321.9
1301940 2323.6
1301950 2326.0
1301960 2326.0
1301970 2328.2
1301980 2330.6
1301990 2330.6
1302000 2333.3
1302010 2335.8
1302020 2335.8
1302030 2338.3
1302040 2340.5
1302050 2340.5
1302060 2342.5
1302070 2344.5
1302080 2344.5
1302090 2346.6
1302100 2348.6
1302110 2348.6
1302120 2350.5
1302130 2352.2
1302140 2352.2
1302150 2354.0
1302160 2355.6
1302170 2357.2
1302180 2357.2
1302190 2358.9
1302200 2360.7
1302210 2360.7
1302220 2362.9
1302230 2365.0
1302240 2365.0
1302250 2367.5
1302260 2370.1
1302270 2370.1
1302280 2373.3
1302290 2376.6
1302300 2376.6
1302310 2380.1
1302320 2383.4
1302330 2383.4
1302340 2386.5
1302350 2389.4
1302360 2389.4
1302370 2392.3
1302380 2395.4
1302390 2398.3
1302400 2398.3
1302410 2401.1
1302420 2404.1
1302430 2404.1
1302440 2407.1
1302450 2409.9
1302460 2413.0
1302470 2416.5
1302480 2421.7
1302490 2421.7
1302500 2422.3
1302510 2423.8
1302520 2423.8
1302530 2426.4
1302540 2429.1
1302550 2429.1
1302560 2432.6
1302570 2436.5
1302580 2436.5
1302590 2442.6
1302600 2453.0
1302610 2461.9
1302620 2461.9
1302630 2467.2
1302640 2472.7
1302650 2472.7
1302660 2478.9
1302670 2483.8
1302680 2483.8
1302690 2487.8
1302700 2492.4
1302710 2492.4
1302720 2497.3
1302730 2501.7
1302740 2501.7
1302750 2506.9
1302760 2512.0
1302770 2512.0
1302780 2517.2
1302790 2521.6
1302800 2521.6
1302810 2526.3
1302820 2530.3
1302830 2534.7
1302840 2534.7
1302850 2539.7
1302860 2544.8
1302870 2544.8
1302880 2549.8
1302890 2555.1
1302900 2555.1
1302910 2560.0
1302920 2565.1
1302930 2565.1
1302940 2570.2
1302950 2575.4
1302960 2575.4
1302970 2580.6
1302980 2585.6
1302990 2585.6
1303000 2591.4
1303010 2597.8
1303020 2597.8
1303030 2603.6
1303040 2608.6
1303050 2612.3
1303060 2612.3
1303070 2616.3
1303080 2621.4
1303090 2621.4
1303100 2626.6
1303110 2633.0
1303120 2633.0
1303130 2639.9
1303140 2646.2
1303150 2646.2
1303160 2651.7
1303170 2657.0
1303180 2657.0
1303190 2663.2
1303200 2668.4
1303210 2668.4
1303220 2673.0
1303230 2677.0
1303240 2677.0
1303250 2680.1
1303260 2682.0
1303270 2682.0
1303280 2682.0
1303290 2681.5
1303300 2681.9
1303310 2681.9
1303320 2682.2
1303330 2683.3
1303340 2683.3
1303350 2684.1
1303360 2684.6
1303370 2684.6
1303380 2684.7
1303390 2684.3
1303400 2684.3
1303410 2684.0
1303420 2684.6
1303430 2684.6
1303440 2686.5
1303450 2687.1
1303460 2687.1
1303470 2688.5
1303480 2692.0
1303490 2694.9
1303500 2694.9
1303510 2701.4
1303520 2705.4
1303530 2705.4
1303540 2706.7
1303550 2708.3
1303560 2708.3
1303570 2710.0
1303580 2712.4
1303590 2712.4
1303600 2715.6
1303610 2718.7
1303620 2718.7
1303630 2722.6
1303640 2726.6
1303650 2726.6
1303660 2730.7
1303670 2734.9
1303680 2734.9
1303690 2739.0
1303700 2743.0
1303710 2746.6
1303720 2746.6
1303730 2751.4
1303740 2757.2
1303750 2757.2
1303760 2762.8
1303770 2767.0
1303780 2767.0
1303790 2771.5
1303800 2777.9
1303810 2777.9
1303820 2785.1
1303830 2791.8
1303840 2791.8
1303850 2799.0
1303860 2809.4
1303870 2809.4
1303880 2816.5
1303890 2823.3
1303900 2823.3
1303910 2829.7
1303920 2836.8
1303930 2844.4
1303940 2844.4
1303950 2852.5
1303960 2859.9
1303970 2859.9
1303980 2860.8
1303990 2856.8
1304000 2856.8
1304010 2845.5
1304020 2833.3
1304030 2833.3
1304040 2831.3
1304050 2829.1
1304060 2829.1
1304070 2827.8
1304080 2827.3
1304090 2827.3
1304100 2826.8
1304110 2828.0
1304120 2828.0
1304130 2830.0
1304140 2832.9
1304150 2836.2
1304160 2836.2
1304170 2839.5
1304180 2842.9
1304190 2842.9
1304200 2848.2
1304210 2851.4
1304220 2851.4
1304230 2853.5
1304240 2856.5
1304250 2856.5
1304260 2860.9
1304270 2864.8
1304280 2864.8
1304290 2865.1
1304300 2864.7
1304310 2864.7
1304320 2866.3
1304330 2868.4
1304340 2868.4
1304350 2867.3
1304360 2861.0
1304370 2858.8
1304380 2858.8
1304390 2859.2
1304400 2860.8
1304410 2860.8
1304420 2859.6
1304430 2861.3
1304440 2861.3
1304450 2864.9
1304460 2867.4
1304470 2867.4
1304480 2867.9
1304490 2862.3
1304500 2862.3
1304510 2855.4
1304520 2850.6
1304530 2850.6
1304540 2851.3
1304550 2853.2
1304560 2853.2
1304570 2868.8
1304580 2865.2
1304590 2865.2
1304600 2864.3
1304610 2868.6
1304620 2870.1
1304630 2870.1
1304640 2867.9
1304650 2868.2
1304660 2868.2
1304670 2867.8
1304680 2868.1
1304690 2868.1
1304700 2868.3
1304710 2868.8
1304720 2868.8
1304730 2870.2
1304740 2868.5
1304750 2868.5
1304760 2868.6
1304770 2871.0
1304780 2871.0
1304790 2873.3
1304800 2876.4
1304810 2876.4
1304820 2880.1
1304830 2884.0
1304840 2888.2
1304850 2888.2
1304860 2892.0
1304870 2897.8
1304880 2897.8
1304890 2904.5
1304900 2909.5
1304910 2909.5
1304920 2912.6
1304930 2912.7
1304940 2912.7
1304950 2906.6
1304960 2893.9
1304970 2893.9
1304980 2875.7
1304990 2866.2
1305000 2866.2
1305010 2862.0
1305020 2856.4
1305030 2856.4
1305040 2850.2
1305050 2845.2
1305060 2843.3
1305070 2843.3
1305080 2840.6
1305090 2837.8
1305100 2837.8
1305110 2834.7
1305120 2832.5
1305130 2832.5
1305140 2831.1
1305150 2831.2
1305160 2831.2
1305170 2830.9
1305180 2813.1
1305190 2813.1
1305200 2793.7
1305210 2782.5
1305220 2782.5
1305230 2770.9
1305240 2763.6
1305250 2763.6
1305260 2759.0
1305270 2752.5
1305280 2747.6
1305290 2747.6
1305300 2742.6
1305310 2737.9
1305320 2737.9
1305330 2733.9
1305340 2730.4
1305350 2730.4
1305360 2728.1
1305370 2727.4
1305380 2727.4
1305390 2727.1
1305400 2728.9
1305410 2728.9
1305420 2730.6
1305430 2731.5
1305440 2731.5
1305450 2732.7
1305460 2733.6
1305470 2733.6
1305480 2735.1
1305490 2736.9
1305500 2739.3
1305510 2739.3
1305520 2741.1
1305530 2742.3
1305540 2742.3
1305550 2743.5
1305560 2744.2
1305570 2744.2
1305580 2744.7
1305590 2744.4
1305600 2744.4
1305610 2744.7
1305620 2745.0
1305630 2745.0
1305640 2744.6
1305650 2744.8
1305660 2744.8
1305670 2745.4
1305680 2744.2
1305690 2744.2
1305700 2743.2
1305710 2744.1
1305720 2745.8
1305730 2745.8
1305740 2747.1
1305750 2747.1
1305760 2747.1
1305770 2745.8
1305780 2745.9
1305790 2745.9
1305800 2745.7
1305810 2746.4
1305820 2746.4
1305830 2748.4
1305840 2751.7
1305850 2751.7
1305860 2755.0
1305870 2756.8
1305880 2756.8
1305890 2757.0
1305900 2757.8
1305910 2757.8
1305920 2759.2
1305930 2762.3
1305940 2767.2
1305950 2767.2
1305960 2771.8
1305970 2781.3
1305980 2771.6
1305990 2790.3
1306000 2799.6
1306010 2799.6
1306020 2803.4
1306030 2809.3
1306040 2809.3
1306050 2815.9
1306060 2822.1
1306070 2822.1
1306080 2829.1
1306090 2833.5
1306100 2833.5
1306110 2828.2
1306120 2819.3
1306130 2819.3
1306140 2810.4
1306150 2804.1
1306160 2799.3
1306170 2799.3
1306180 2794.2
1306190 2789.3
1306200 2789.3
1306210 2784.6
1306220 2780.5
1306230 2780.5
1306240 2777.5
1306250 2775.7
1306260 2775.7
1306270 2774.8
1306280 2773.6
1306290 2773.6
1306300 2772.2
1306310 2770.5
1306320 2770.5
1306330 2769.1
1306340 2767.9
1306350 2767.9
1306360 2766.3
1306370 2763.9
1306380 2762.4
1306390 2762.4
1306400 2761.6
1306410 2758.7
1306420 2758.7
1306430 2756.6
1306440 2754.6
1306450 2754.6
1306460 2753.4
1306470 2753.0
1306480 2753.0
1306490 2751.7
1306500 2751.7
1306510 2751.7
1306520 2748.0
1306530 2743.3
1306540 2743.3
1306550 2738.5
1306560 2735.3
1306570 2735.3
1306580 2732.9
1306590 2730.7
1306600 2726.5
1306610 2726.5
1306620 2724.0
1306630 2720.8
1306640 2720.8
1306650 2716.5
1306660 2711.9
1306670 2711.9
1306680 2707.9
1306690 2702.4
1306700 2702.4
1306710 2699.0
1306720 2694.9
1306730 2694.9
1306740 2691.3
1306750 2687.2
1306760 2687.2
1306770 2683.2
1306780 2676.6
1306790 2676.6
1306800 2668.6
1306810 2661.4
1306820 2655.5
1306830 2655.5
1306840 2650.2
1306850 2645.4
1306860 2645.4
1306870 2638.2
1306880 2629.8
1306890 2629.8
1306900 2622.6
1306910 2617.6
1306920 2617.6
1306930 2611.8
1306940 2603.8
1306950 2603.8
1306960 2597.4
1306970 2591.5
1306980 2591.5
1306990 2587.7
1307000 2584.7
1307010 2584.7
1307020 2581.4
1307030 2579.8
1307040 2579.8
1307050 2579.5
1307060 2580.2
1307070 2580.6
1307080 2580.6
1307090 2581.0
1307100 2581.0
1307110 2581.0
1307120 2581.8
1307130 2582.6
1307140 2582.6
1307150 2583.8
1307160 2586.4
1307170 2586.4
1307180 2588.8
1307190 2591.3
1307200 2591.3
1307210 2592.7
1307220 2594.2
1307230 2594.2
1307240 2595.9
1307250 2597.8
1307260 2597.8
1307270 2600.5
1307280 2603.5
1307290 2606.2
1307300 2606.2
1307310 2607.5
1307320 2606.5
1307330 2606.5
1307340 2602.6
1307350 2597.5
1307360 2597.5
1307370 2594.1
1307380 2589.8
1307390 2589.8
1307400 2586.1
1307410 2581.0
1307420 2581.0
1307430 2575.1
1307440 2569.6
1307450 2569.6
1307460 2564.4
1307470 2560.6
1307480 2560.6
1307490 2556.9
1307500 2553.0
1307510 2548.0
1307520 2548.0
1307530 2542.5
1307540 2537.5
1307550 2537.5
1307560 2533.9
1307570 2529.6
1307580 2529.6
1307590 2526.5
1307600 2523.9
1307610 2523.9
1307620 2520.6
1307630 2515.5
1307640 2515.5
1307650 2511.2
1307660 2507.8
1307670 2507.8
1307680 2503.3
1307690 2499.6
1307700 2499.6
1307710 2496.4
1307720 2492.5
1307730 2487.5
1307740 2487.5
1307750 2482.7
1307760 2478.6
1307770 2478.6
1307780 2474.4
1307790 2468.9
1307800 2468.9
1307810 2464.9
1307820 2462.2
1307830 2462.2
1307840 2459.0
1307850 2455.0
1307860 2455.0
1307870 2450.4
1307880 2445.5
1307890 2445.5
1307900 2440.3
1307910 2436.3
1307920 2436.3
1307930 2431.8
1307940 2426.3
1307950 2421.2
1307960 2421.2
1307970 2414.2
1307980 2406.4
1307990 2406.4
1308000 2400.1
1308010 2396.7
1308020 2396.7
1308030 2390.2
1308040 2382.4
1308050 2382.4
1308060 2379.6
1308070 2376.0
1308080 2376.0
1308090 2370.0
1308100 2363.8
1308110 2363.8
1308120 2354.9
1308130 2351.2
1308140 2351.2
1308150 2345.9
1308160 2341.1
1308170 2340.0
1308180 2340.0
1308190 2338.8
1308200 2336.8
1308210 2336.8
1308220 2334.4
1308230 2331.2
1308240 2331.2
1308250 2328.8
1308260 2325.0
1308270 2325.0
1308280 2320.2
1308290 2314.5
1308300 2314.5
1308310 2308.9
1308320 2304.4
1308330 2304.4
1308340 2301.1
1308350 2298.5
1308360 2298.5
1308370 2296.0
1308380 2293.9
1308390 2293.0
1308400 2293.0
1308410 2291.5
1308420 2288.3
1308430 2288.3
1308440 2285.2
1308450 2283.7
1308460 2283.7
1308470 2283.2
1308480 2282.3
1308490 2282.3
1308500 2280.6
1308510 2278.3
1308520 2278.3
1308530 2276.1
1308540 2273.4
1308550 2273.4
1308560 2268.7
1308570 2265.1
1308580 2265.1
1308590 2264.4
1308600 2262.1
1308610 2259.7
1308620 2259.7
1308630 2256.8
1308640 2255.0
1308650 2255.0
1308660 2251.9
1308670 2247.7
1308680 2247.7
1308690 2243.8
1308700 2239.6
1308710 2239.6
1308720 2234.1
1308730 2227.6
1308740 2227.6
1308750 2220.7
1308760 2213.2
1308770 2213.2
1308780 2206.4
1308790 2201.1
1308800 2201.1
1308810 2196.3
1308820 2192.2
1308830 2188.6
1308840 2188.6
1308850 2180.3
1308860 2176.9
1308870 2176.9
1308880 2173.5
1308890 2170.6
1308900 2170.6
1308910 2168.1
1308920 2164.6
1308930 2164.6
1308940 2159.8
1308950 2151.1
1308960 2151.1
1308970 2147.3
1308980 2148.7
1308990 2148.7
1309000 2145.3
1309010 2135.2
1309020 2135.2
1309030 2128.6
1309040 2123.8
1309050 2118.6
1309060 2118.6
1309070 2114.3
1309080 2110.0
1309090 2110.0
1309100 2106.8
1309110 2103.9
1309120 2103.9
1309130 2102.8
1309140 2101.3
1309150 2101.3
1309160 2099.6
1309170 2098.9
1309180 2098.9
1309190 2098.9
1309200 2099.2
1309210 2099.2
1309220 2099.4
1309230 2098.6
1309240 2098.6
1309250 2097.9
1309260 2098.5
1309270 2098.4
1309280 2098.4
1309290 2100.2
1309300 2104.5
1309310 2104.5
1309320 2107.0
1309330 2107.1
1309340 2107.1
1309350 2110.6
1309360 2115.1
1309370 2115.1
1309380 2118.0
1309390 2120.3
1309400 2120.3
1309410 2123.3
1309420 2126.0
1309430 2126.0
1309440 2127.8
1309450 2129.9
1309460 2129.9
1309470 2133.5
1309480 2137.7
1309490 2137.7
1309500 2141.8
1309510 2142.8
1309520 2138.8
1309530 2138.8
1309540 2134.6
1309550 2132.0
1309560 2132.0
1309570 2123.8
1309580 2122.4
1309590 2122.4
1309600 2120.4
1309610 2118.2
1309620 2118.2
1309630 2114.9
1309640 2110.1
1309650 2110.1
1309660 2103.1
1309670 2095.7
1309680 2095.7
1309690 2088.2
1309700 2080.9
1309710 2080.9
1309720 2074.5
1309730 2067.5
1309740 2060.3
1309750 2060.3
1309760 2052.5
1309770 2046.2
1309780 2046.2
1309790 2041.6
1309800 2039.3
1309810 2039.3
1309820 2035.5
1309830 2029.5
1309840 2029.5
1309850 2023.3
1309860 2017.4
1309870 2017.4
1309880 2011.1
1309890 2004.8
1309900 2004.8
1309910 1999.9
1309920 1996.0
1309930 1996.0
1309940 1992.1
1309950 1987.0
1309960 1980.9
1309970 1980.9
1309980 1974.2
1309990 1967.1
1310000 1967.1
1310010 1959.2
1310020 1949.9
1310030 1949.9
1310040 1940.6
1310050 1931.0
1310060 1931.0
1310070 1922.4
1310080 1915.6
1310090 1915.6
1310100 1908.7
1310110 1901.9
1310120 1901.9
1310130 1893.2
1310140 1885.0
1310150 1885.0
1310160 1877.8
1310170 1871.5
1310180 1865.6
1310190 1865.6
1310200 1860.3
1310210 1855.0
1310220 1855.0
1310230 1848.8
1310240 1843.4
1310250 1843.4
1310260 1840.5
1310270 1836.1
1310280 1836.1
1310290 1829.8
1310300 1820.4
1310310 1820.4
1310320 1817.1
1310330 1818.5
1310340 1818.5
1310350 1817.8
1310360 1817.4
1310370 1817.4
1310380 1819.6
1310390 1823.6
1310400 1827.4
1310410 1827.4
1310420 1829.6
1310430 1827.2
1310440 1827.2
1310450 1823.5
1310460 1821.8
1310470 1821.8
1310480 1820.8
1310490 1820.4
1310500 1820.4
1310510 1820.2
1310520 1818.9
1310530 1818.9
1310540 1814.9
1310550 1810.0
1310560 1810.0
1310570 1805.4
1310580 1801.5
1310590 1801.5
1310600 1798.2
1310610 1795.4
1310620 1793.2
1310630 1793.2
1310640 1790.0
1310650 1785.5
1310660 1785.5
1310670 1779.8
1310680 1777.4
1310690 1777.4
1310700 1776.6
1310710 1773.1
1310720 1773.1
1310730 1771.0
1310740 1773.4
1310750 1773.4
1310760 1777.3
1310770 1777.9
1310780 1777.9
1310790 1777.4
1310800 1776.2
1310810 1776.2
1310820 1771.6
1310830 1767.5
1310840 1765.9
1310850 1765.9
1310860 1766.8
1310870 1766.8
1310880 1766.8
1310890 1762.2
1310900 1736.4
1310910 1736.4
1310920 1718.0
1310930 1707.9
1310940 1707.9
1310950 1698.6
1310960 1690.6
1310970 1690.6
1310980 1683.7
1310990 1678.0
1311000 1678.0
1311010 1673.4
1311020 1670.8
1311030 1663.4
1311040 1656.6
1311050 1650.8
1311060 1645.9
1311070 1645.9
1311080 1641.4
1311090 1633.2
1311100 1633.2
1311110 1624.7
1311120 1619.2
1311130 1619.2
1311140 1614.3
1311150 1610.4
1311160 1610.4
1311170 1605.7
1311180 1601.0
1311190 1601.0
1311200 1597.4
1311210 1596.4
1311220 1596.4
1311230 1597.0
1311240 1598.9
1311250 1598.9
1311260 1601.3
1311270 1604.0
1311280 1608.0
1311290 1608.0
1311300 1612.3
1311310 1614.8
1311320 1614.8
1311330 1617.3
1311340 1619.2
1311350 1619.2
1311360 1619.7
1311370 1620.5
1311380 1620.5
1311390 1620.6
1311400 1622.2
1311410 1622.2
1311420 1623.5
1311430 1618.7
1311440 1618.7
1311450 1613.5
1311460 1613.0
1311470 1613.0
1311480 1611.7
1311490 1601.6
1311500 1594.9
1311510 1594.9
1311520 1593.1
1311530 1595.3
1311540 1595.3
1311550 1599.1
1311560 1603.3
1311570 1603.3
1311580 1607.4
1311590 1609.1
1311600 1609.1
1311610 1609.8
1311620 1606.4
1311630 1606.4
1311640 1604.0
1311650 1603.1
1311660 1603.1
1311670 1603.2
1311680 1607.1
1311690 1607.1
1311700 1605.1
1311710 1598.5
1311720 1598.5
1311730 1593.3
1311740 1588.3
1311750 1582.6
1311760 1576.8
1311770 1572.9
1311780 1570.2
1311790 1570.2
1311800 1565.6
1311810 1560.9
1311820 1560.9
1311830 1559.7
1311840 1560.2
1311850 1560.2
1311860 1559.8
1311870 1558.9
1311880 1558.9
1311890 1559.7
1311900 1561.4
1311910 1561.4
1311920 1561.4
1311930 1559.8
1311940 1559.8
1311950 1557.6
1311960 1555.2
1311970 1550.8
1311980 1550.8
1311990 1545.2
1312000 1539.9
1312010 1539.9
1312020 1534.7
1312030 1531.5
1312040 1531.5
1312050 1528.5
1312060 1524.5
1312070 1524.5
1312080 1521.2
1312090 1518.8
1312100 1518.8
1312110 1517.0
1312120 1515.6
1312130 1515.6
1312140 1514.1
1312150 1512.2
1312160 1512.2
1312170 1510.3
1312180 1508.7
1312190 1506.5
1312200 1506.5
1312210 1504.7
1312220 1502.7
1312230 1502.7
1312240 1502.0
1312250 1503.0
1312260 1503.0
1312270 1503.8
1312280 1504.3
1312290 1504.3
1312300 1504.9
1312310 1505.6
1312320 1505.6
1312330 1506.2
1312340 1506.0
1312350 1506.0
1312360 1503.1
1312370 1497.7
1312380 1497.7
1312390 1494.7
1312400 1493.1
1312410 1489.5
1312420 1489.5
1312430 1486.7
1312440 1484.2
1312450 1484.2
1312460 1481.8
1312470 1477.7
1312480 1477.7
1312490 1469.2
1312500 1446.7
1312510 1446.7
1312520 1436.0
1312530 1418.5
1312540 1418.5
1312550 1407.4
1312560 1400.0
1312570 1400.0
1312580 1392.0
1312590 1384.2
1312600 1384.2
1312610 1377.5
1312620 1371.3
1312630 1366.7
1312640 1366.7
1312650 1362.9
1312660 1361.5
1312670 1361.5
1312680 1361.9
1312690 1361.6
1312700 1361.6
1312710 1361.6
1312720 1361.6
1312730 1361.6
1312740 1361.6
1312750 1361.6
1312760 1361.6
1312770 1359.5
1312780 1357.4
1312790 1357.4
1312800 1354.4
1312810 1350.8
1312820 1350.8
1312830 1348.1
1312840 1345.5
1312850 1343.1
1312860 1343.1
1312870 1339.1
1312880 1336.4
1312890 1336.4
1312900 1333.2
1312910 1329.2
1312920 1329.2
1312930 1325.6
1312940 1322.0
1312950 1322.0
1312960 1319.0
1312970 1316.1
1312980 1316.1
1312990 1313.2
1313000 1310.2
1313010 1310.2
1313020 1307.6
1313030 1304.4
1313040 1304.4
1313050 1301.3
1313060 1298.5
1313070 1296.0
1313080 1296.0
1313090 1292.7
1313100 1287.9
1313110 1287.9
1313120 1285.1
1313130 1282.7
1313140 1282.7
1313150 1279.0
1313160 1276.5
1313170 1276.5
1313180 1273.8
1313190 1269.7
1313200 1269.7
1313210 1266.9
1313220 1262.6
1313230 1262.6
1313240 1255.6
1313250 1252.3
1313260 1252.3
1313270 1248.4
1313280 1244.3
1313290 1239.5
1313300 1239.5
1313310 1233.9
1313320 1227.5
1313330 1227.5
1313340 1221.3
1313350 1216.0
1313360 1216.0
1313370 1211.0
1313380 1205.7
1313390 1205.7
1313400 1199.8
1313410 1194.6
1313420 1194.6
1313430 1190.6
1313440 1187.5
1313450 1187.5
1313460 1183.0
1313470 1176.6
1313480 1176.6
1313490 1169.5
1313500 1162.2
1313510 1157.2
1313520 1157.2
1313530 1152.2
1313540 1146.6
1313550 1146.6
1313560 1139.1
1313570 1132.6
1313580 1132.6
1313590 1126.8
1313600 1122.5
1313610 1122.5
1313620 1116.9
1313630 1110.3
1313640 1110.3
1313650 1102.2
1313660 1094.0
1313670 1094.0
1313680 1088.0
1313690 1085.6
1313700 1085.6
1313710 1081.9
1313720 1076.5
1313730 1072.1
1313740 1072.1
1313750 1066.9
1313760 1061.6
1313770 1061.6
1313780 1057.0
1313790 1051.3
1313800 1051.3
1313810 1044.8
1313820 1037.4
1313830 1037.4
1313840 1030.0
1313850 1022.8
1313860 1022.8
1313870 1015.0
1313880 1009.4
1313890 1009.4
1313900 1005.8
1313910 1003.7
1313920 1003.7
1313930 1003.3
1313940 1002.7
1313950 1002.1
1313960 1002.1
1313970 1001.2
1313980 999.4
1313990 999.4
1314000 998.6
1314010 997.2
1314020 997.2
1314030 996.1
1314040 994.7
1314050 994.7
1314060 994.0
1314070 993.3
1314080 993.3
1314090 991.8
1314100 989.5
1314110 989.5
1314120 986.2
1314130 985.3
1314140 985.3
1314150 985.1
1314160 984.7
1314170 984.6
1314180 984.6
1314190 984.4
1314200 984.4
1314210 984.4
1314220 985.1
1314230 985.6
1314240 985.6
1314250 985.8
1314260 986.3
1314270 986.3
1314280 986.4
1314290 986.0
1314300 986.0
1314310 985.7
1314320 985.6
1314330 985.6
1314340 985.9
1314350 986.5
1314360 986.5
1314370 987.3
1314380 987.6
1314390 987.6
1314400 988.7
1314410 990.6
1314420 992.0
1314430 992.0
1314440 992.6
1314450 992.8
1314460 992.8
1314470 992.9
1314480 993.2
1314490 993.2
1314500 994.3
1314510 996.0
1314520 996.0
1314530 997.6
1314540 998.3
1314550 998.3
1314560 998.3
1314570 998.1
1314580 998.1
1314590 998.9
1314600 1000.4
1314610 1000.4
1314620 1001.9
1314630 1003.2
1314640 1004.6
1314650 1004.6
1314660 1005.9
1314670 1007.6
1314680 1007.6
1314690 1010.1
1314700 1013.2
1314710 1013.2
1314720 1015.2
1314730 1021.4
1314740 1021.4
1314750 1024.8
1314760 1028.2
1314770 1028.2
1314780 1032.2
1314790 1036.1
1314800 1036.1
1314810 1039.9
1314820 1043.1
1314830 1043.1
1314840 1046.7
1314850 1049.7
1314860 1052.4
1314870 1052.4
1314880 1055.8
1314890 1058.8
1314900 1058.8
1314910 1060.9
1314920 1062.1
1314930 1062.1
1314940 1063.1
1314950 1064.1
1314960 1064.1
1314970 1064.5
1314980 1064.0
1314990 1064.0
1315000 1065.0
1315010 1069.5
1315020 1069.5
1315030 1073.9
1315040 1078.4
1315050 1078.4
1315060 1081.5
1315070 1084.6
1315080 1087.4
1315090 1087.4
1315100 1088.0
1315110 1086.9
1315120 1086.9
1315130 1087.4
1315140 1092.3
1315150 1092.3
1315160 1094.9
1315170 1093.9
1315180 1093.9
1315190 1092.7
1315200 1083.2
1315210 1083.2
1315220 1079.1
1315230 1081.8
1315240 1081.8
1315250 1085.5
1315260 1089.3
1315270 1089.3
1315280 1094.2
1315290 1098.5
1315300 1102.0
1315310 1102.0
1315320 1104.6
1315330 1108.0
1315340 1108.0
1315350 1111.1
1315360 1113.9
1315370 1113.9
1315380 1116.7
1315390 1119.5
1315400 1119.5
1315410 1121.7
1315420 1123.6
1315430 1123.6
1315440 1125.5
1315450 1128.7
1315460 1128.7
1315470 1137.2
1315480 1139.1
1315490 1139.1
1315500 1140.3
1315510 1140.0
1315520 1141.1
1315530 1141.1
1315540 1141.7
1315550 1140.7
1315560 1140.7
1315570 1139.0
1315580 1138.1
1315590 1138.1
1315600 1137.4
1315610 1136.5
1315620 1136.5
1315630 1135.2
1315640 1133.5
1315650 1133.5
1315660 1132.4
1315670 1131.1
1315680 1131.1
1315690 1128.5
1315700 1126.2
1315710 1126.2
1315720 1123.4
1315730 1120.5
1315740 1117.6
1315750 1117.6
1315760 1116.0
1315770 1114.8
1315780 1114.8
1315790 1113.1
1315800 1112.9
1315810 1112.9
1315820 1112.3
1315830 1110.8
1315840 1110.8
1315850 1109.9
1315860 1106.8
1315870 1106.8
1315880 1101.9
1315890 1097.1
1315900 1097.1
1315910 1093.9
1315920 1091.4
1315930 1091.4
1315940 1089.5
1315950 1088.7
1315960 1086.2
1315970 1086.2
1315980 1081.7
1315990 1079.0
1316000 1079.0
1316010 1079.0
1316020 1078.9
1316030 1078.9
1316040 1079.3
1316050 1080.5
1316060 1080.5
1316070 1082.4
1316080 1084.8
1316090 1084.8
1316100 1087.5
1316110 1090.8
1316120 1090.8
1316130 1094.5
1316140 1097.0
1316150 1097.0
1316160 1097.7
1316170 1102.5
1316180 1109.8
1316190 1109.8
1316200 1118.1
1316210 1126.0
1316220 1120.0
1316230 1125.4
1316240 1132.6
1316250 1132.6
1316260 1139.0
1316270 1146.4
1316280 1146.4
1316290 1152.9
1316300 1155.0
1316310 1155.0
1316320 1156.1
1316330 1157.6
1316340 1157.6
1316350 1159.4
1316360 1161.8
1316370 1161.8
1316380 1164.3
1316390 1167.1
1316400 1170.6
1316410 1170.6
1316420 1174.8
1316430 1179.9
1316440 1179.9
1316450 1185.3
1316460 1188.8
1316470 1188.8
1316480 1192.6
1316490 1197.0
1316500 1197.0
1316510 1200.4
1316520 1201.7
1316530 1201.7
1316540 1204.3
1316550 1207.7
1316560 1207.7
1316570 1207.7
1316580 1203.9
1316590 1203.9
1316600 1203.0
1316610 1207.4
1316620 1213.6
1316630 1213.6
1316640 1219.7
1316650 1222.1
1316660 1222.1
1316670 1222.9
1316680 1226.4
1316690 1226.4
1316700 1232.2
1316710 1237.5
1316720 1237.5
1316730 1242.7
1316740 1249.3
1316750 1249.3
1316760 1254.8
1316770 1258.6
1316780 1258.6
1316790 1262.8
1316800 1266.8
1316810 1266.8
1316820 1272.7
1316830 1280.1
1316840 1280.1
1316850 1286.8
1316860 1293.8
1316870 1300.1
1316880 1300.1
1316890 1305.1
1316900 1310.3
1316910 1310.3
1316920 1315.6
1316930 1319.7
1316940 1319.7
1316950 1324.3
1316960 1329.1
1316970 1329.1
1316980 1330.6
1316990 1336.7
1317000 1336.7
1317010 1343.4
1317020 1351.9
1317030 1351.9
1317040 1359.4
1317050 1367.0
1317060 1367.0
1317070 1374.1
1317080 1380.7
1317090 1387.0
1317100 1387.0
1317110 1395.1
1317120 1403.8
1317130 1403.8
1317140 1411.0
1317150 1412.4
1317160 1412.4
1317170 1401.0
1317180 1381.9
1317190 1381.9
1317200 1371.0
1317210 1372.7
1317220 1372.7
1317230 1379.6
1317240 1385.5
1317250 1385.5
1317260 1392.1
1317270 1398.4
1317280 1398.4
1317290 1404.3
1317300 1410.7
1317310 1415.1
1317320 1415.1
1317330 1420.1
1317340 1427.8
1317350 1427.8
1317360 1434.7
1317370 1441.1
1317380 1441.1
1317390 1446.9
1317400 1452.3
1317410 1452.3
1317420 1457.6
1317430 1465.0
1317440 1465.0
1317450 1478.5
1317460 1488.6
1317470 1488.6
1317480 1496.9
1317490 1507.1
1317500 1507.1
1317510 1517.4
1317520 1529.1
1317530 1539.3
1317540 1539.3
1317550 1546.4
1317560 1552.9
1317570 1552.9
1317580 1560.2
1317590 1569.5
1317600 1569.5
1317610 1591.1
1317620 1646.7
1317630 1646.7
1317640 1679.6
1317650 1686.8
1317660 1686.8
1317670 1692.7
1317680 1695.1
1317690 1695.1
1317700 1697.7
1317710 1704.2
1317720 1704.2
1317730 1709.9
1317740 1725.7
1317750 1733.8
1317760 1733.8
1317770 1742.4
1317780 1750.4
1317790 1750.4
1317800 1757.9
1317810 1765.9
1317820 1765.9
1317830 1773.7
1317840 1782.0
1317850 1782.0
1317860 1790.7
1317870 1798.5
1317880 1798.5
1317890 1805.7
1317900 1812.4
1317910 1812.4
1317920 1818.5
1317930 1823.4
1317940 1823.4
1317950 1827.6
1317960 1831.2
1317970 1836.2
1317980 1836.2
1317990 1841.1
1318000 1845.8
1318010 1845.8
1318020 1850.8
1318030 1855.8
1318040 1855.8
1318050 1860.9
1318060 1866.0
1318070 1866.0
1318080 1871.2
1318090 1874.4
1318100 1874.4
1318110 1875.9
1318120 1876.0
1318130 1876.0
1318140 1873.2
1318150 1867.8
1318160 1867.8
1318170 1863.8
1318180 1860.3
1318190 1856.4
1318200 1856.4
1318210 1857.0
1318220 1857.0
1318230 1857.0
1318240 1856.3
1318250 1852.3
1318260 1852.3
1318270 1840.0
1318280 1831.8
1318290 1831.8
1318300 1827.0
1318310 1825.7
1318320 1825.7
1318330 1829.6
1318340 1832.5
1318350 1832.5
1318360 1832.1
1318370 1831.5
1318380 1831.5
1318390 1830.6
1318400 1835.2
1318410 1841.7
1318420 1841.7
1318430 1847.8
1318440 1854.1
1318450 1854.1
1318460 1860.3
1318470 1867.6
1318480 1867.6
1318490 1875.2
1318500 1884.1
1318510 1884.1
1318520 1893.1
1318530 1901.7
1318540 1901.7
1318550 1910.3
1318560 1917.3
1318570 1917.3
1318580 1924.5
1318590 1931.9
1318600 1931.9
1318610 1939.4
1318620 1946.8
1318630 1954.3
1318640 1954.3
1318650 1962.0
1318660 1968.5
1318670 1968.5
1318680 1973.8
1318690 1978.7
1318700 1978.7
1318710 1983.8
1318720 1989.2
1318730 1989.2
1318740 1994.6
1318750 1999.7
1318760 1999.7
1318770 2003.9
1318780 2007.3
1318790 2007.3
1318800 2011.3
1318810 2016.0
1318820 2016.0
1318830 2020.5
1318840 2025.0
1318850 2029.0
1318860 2029.0
1318870 2033.9
1318880 2038.9
1318890 2038.9
1318900 2043.4
1318910 2048.1
1318920 2048.1
1318930 2053.0
1318940 2058.2
1318950 2058.2
1318960 2064.0
1318970 2070.1
1318980 2070.1
1318990 2076.5
1319000 2082.2
1319010 2082.2
1319020 2088.2
1319030 2093.4
1319040 2093.4
1319050 2099.3
1319060 2105.6
1319070 2112.1
1319080 2112.1
1319090 2118.8
1319100 2125.6
1319110 2125.6
1319120 2132.2
1319130 2139.1
1319140 2139.1
1319150 2146.5
1319160 2154.5
1319170 2154.5
1319180 2162.1
1319190 2169.7
1319200 2169.7
1319210 2183.0
1319220 2197.6
1319230 2197.6
1319240 2207.0
1319250 2215.1
1319260 2215.1
1319270 2227.5
1319280 2235.4
1319290 2235.4
1319300 2243.7
1319310 2255.5
1319320 2268.7
1319330 2268.7
1319340 2277.6
1319350 2287.7
1319360 2287.7
1319370 2299.0
1319380 2309.0
1319390 2309.0
1319400 2321.4
1319410 2335.5
1319420 2335.5
1319430 2347.1
1319440 2359.2
1319450 2359.2
1319460 2371.1
1319470 2375.1
1319480 2375.1
1319490 2375.7
1319500 2374.6
1319510 2374.6
1319520 2371.2
1319530 2367.6
1319540 2362.9
1319550 2362.9
1319560 2357.4
1319570 2354.5
1319580 2354.5
1319590 2360.8
1319600 2362.5
1319610 2362.5
1319620 2364.7
1319630 2364.2
1319640 2364.2
1319650 2362.7
1319660 2365.7
1319670 2365.7
1319680 2366.0
1319690 2368.3
1319700 2368.3
1319710 2371.0
1319720 2373.6
1319730 2373.6
1319740 2381.2
1319750 2384.8
1319760 2389.5
1319770 2389.5
1319780 2388.2
1319790 2385.2
1319800 2385.2
1319810 2383.4
1319820 2386.7
1319830 2386.7
1319840 2398.6
1319850 2408.0
1319860 2408.0
1319870 2411.5
1319880 2414.1
1319890 2414.1
1319900 2414.6
1319910 2416.6
1319920 2416.6
1319930 2416.9
1319940 2416.6
1319950 2416.6
1319960 2418.7
1319970 2423.6
1319980 2427.4
1319990 2427.4
