1300000 1490.6
1300010 1490.6
1300020 1490.4
1300030 1490.1
1300040 1490.1
1300050 1489.7
1300060 1489.4
1300070 1489.1
1300080 1489.1
1300090 1488.8
1300100 1488.6
1300110 1488.6
1300120 1488.6
1300130 1488.5
1300140 1488.5
1300150 1488.0
1300160 1487.2
1300170 1487.2
1300180 1486.0
1300190 1486.3
1300200 1486.3
1300210 1488.4
1300220 1491.9
1300230 1491.9
1300240 1496.5
1300250 1501.6
1300260 1501.6
1300270 1506.0
1300280 1509.5
1300290 1512.5
1300300 1512.5
1300310 1516.0
1300320 1518.5
1300330 1518.5
1300340 1520.9
1300350 1523.4
1300360 1523.4
1300370 1525.9
1300380 1527.6
1300390 1527.6
1300400 1528.4
1300410 1529.0
1300420 1529.0
1300430 1529.9
1300440 1535.2
1300450 1535.2
1300460 1537.2
1300470 1539.5
1300480 1539.5
1300490 1542.7
1300500 1546.6
1300510 1551.3
1300520 1551.3
1300530 1555.5
1300540 1559.2
1300550 1559.2
1300560 1563.3
1300570 1565.5
1300580 1565.5
1300590 1567.9
1300600 1573.8
1300610 1573.8
1300620 1582.0
1300630 1588.9
1300640 1588.9
1300650 1594.8
1300660 1600.6
1300670 1600.6
1300680 1606.7
1300690 1611.5
1300700 1611.5
1300710 1616.3
1300720 1620.9
1300730 1620.9
1300740 1625.4
1300750 1630.6
1300760 1636.7
1300770 1636.7
1300780 1642.0
1300790 1645.8
1300800 1645.8
1300810 1649.6
1300820 1654.7
1300830 1654.7
1300840 1658.8
1300850 1663.6
1300860 1663.6
1300870 1673.3
1300880 1680.5
1300890 1680.5
1300900 1685.3
1300910 1692.0
1300920 1692.0
1300930 1699.6
1300940 1709.3
1300950 1709.3
1300960 1719.4
1300970 1720.5
1300980 1719.1
1300990 1719.1
1301000 1724.7
1301010 1730.4
1301020 1730.4
1301030 1734.5
1301040 1738.1
1301050 1738.1
1301060 1741.2
1301070 1743.9
1301080 1743.9
1301090 1745.9
1301100 1748.0
1301110 1748.0
1301120 1749.9
1301130 1760.9
1301140 1760.9
1301150 1762.7
1301160 1764.4
1301170 1764.4
1301180 1768.6
1301190 1774.2
1301200 1779.2
1301210 1779.2
1301220 1784.3
1301230 1788.4
1301240 1788.4
1301250 1792.2
1301260 1797.2
1301270 1797.2
1301280 1801.9
1301290 1805.6
1301300 1805.6
1301310 1808.9
1301320 1811.4
1301330 1811.4
1301340 1813.9
1301350 1817.2
1301360 1817.2
1301370 1822.0
1301380 1827.3
1301390 1827.3
1301400 1832.9
1301410 1837.7
1301420 1841.8
1301430 1841.8
1301440 1845.8
1301450 1849.5
1301460 1849.5
1301470 1852.8
1301480 1857.0
1301490 1857.0
1301500 1862.2
1301510 1866.6
1301520 1866.6
1301530 1870.7
1301540 1874.7
1301550 1874.7
1301560 1878.7
1301570 1882.6
1301580 1882.6
1301590 1885.8
1301600 1888.1
1301610 1888.1
1301620 1889.7
1301630 1890.8
1301640 1892.7
1301650 1892.7
1301660 1895.2
1301670 1899.1
1301680 1899.1
1301690 1903.6
1301700 1907.1
1301710 1907.1
1301720 1909.3
1301730 1911.6
1301740 1911.6
1301750 1914.7
1301760 1918.7
1301770 1918.7
1301780 1923.8
1301790 1928.9
1301800 1928.9
1301810 1934.5
1301820 1944.6
1301830 1944.6
1301840 1951.6
1301850 1959.5
1301860 1959.5
1301870 1967.2
1301880 1975.2
1301890 1983.6
1301900 1983.6
1301910 1990.2
1301920 1996.3
1301930 1996.3
1301940 2002.2
1301950 2003.8
1301960 2003.8
1301970 2005.7
1301980 2011.7
1301990 2011.7
1302000 2018.1
1302010 2022.8
1302020 2022.8
1302030 2026.2
1302040 2030.1
1302050 2030.1
1302060 2034.9
1302070 2039.8
1302080 2039.8
1302090 2047.8
1302100 2057.4
1302110 2064.7
1302120 2064.7
1302130 2070.0
1302140 2073.9
1302150 2073.9
1302160 2079.1
1302170 2086.2
1302180 2086.2
1302190 2093.2
1302200 2099.7
1302210 2099.7
1302220 2105.6
1302230 2111.6
1302240 2111.6
1302250 2118.5
1302260 2125.0
1302270 2125.0
1302280 2131.6
1302290 2137.3
1302300 2137.3
1302310 2142.9
1302320 2150.6
1302330 2158.2
1302340 2158.2
1302350 2165.3
1302360 2171.8
1302370 2171.8
1302380 2177.7
1302390 2183.8
1302400 2183.8
1302410 2194.7
1302420 2208.5
1302430 2208.5
1302440 2215.7
1302450 2223.8
1302460 2223.8
1302470 2231.8
1302480 2238.9
1302490 2238.9
1302500 2247.2
1302510 2252.4
1302520 2258.6
1302530 2259.4
1302540 2260.7
1302550 2265.8
1302560 2265.8
1302570 2270.6
1302580 2275.0
1302590 2275.0
1302600 2279.5
1302610 2284.3
1302620 2284.3
1302630 2289.9
1302640 2296.0
1302650 2296.0
1302660 2301.8
1302670 2307.4
1302680 2307.4
1302690 2313.1
1302700 2318.8
1302710 2318.8
1302720 2324.5
1302730 2330.2
1302740 2330.2
1302750 2335.6
1302760 2341.0
1302770 2346.0
1302780 2346.0
1302790 2351.0
1302800 2356.3
1302810 2356.3
1302820 2361.1
1302830 2365.3
1302840 2365.3
1302850 2369.5
1302860 2362.1
1302870 2362.1
1302880 2316.4
1302890 2285.9
1302900 2285.9
1302910 2286.0
1302920 2287.1
1302930 2287.1
1302940 2290.3
1302950 2290.7
1302960 2290.7
1302970 2272.5
1302980 2241.7
1302990 2232.9
1303000 2232.9
1303010 2230.8
1303020 2228.5
1303030 2228.5
1303040 2225.3
1303050 2222.9
1303060 2222.9
1303070 2222.6
1303080 2224.3
1303090 2224.3
1303100 2228.4
1303110 2234.1
1303120 2234.1
1303130 2235.9
1303140 2230.7
1303150 2230.7
1303160 2227.3
1303170 2224.7
1303180 2224.7
1303190 2223.2
1303200 2224.8
1303210 2232.8
1303220 2233.3
1303230 2234.4
1303240 2232.9
1303250 2232.9
1303260 2231.7
1303270 2230.3
1303280 2230.3
1303290 2216.1
1303300 2198.7
1303310 2198.7
1303320 2189.9
1303330 2188.3
1303340 2188.3
1303350 2182.1
1303360 2175.1
1303370 2175.1
1303380 2168.8
1303390 2164.9
1303400 2164.9
1303410 2161.0
1303420 2155.8
1303430 2155.8
1303440 2152.7
1303450 2150.3
1303460 2148.2
1303470 2148.2
1303480 2145.9
1303490 2143.6
1303500 2143.6
1303510 2142.2
1303520 2140.8
1303530 2140.8
1303540 2139.4
1303550 2138.0
1303560 2138.0
1303570 2137.2
1303580 2136.2
1303590 2136.2
1303600 2134.9
1303610 2134.3
1303620 2134.3
1303630 2134.3
1303640 2134.2
1303650 2134.2
1303660 2135.5
1303670 2136.9
1303680 2138.4
1303690 2138.4
1303700 2140.7
1303710 2143.7
1303720 2143.7
1303730 2147.4
1303740 2150.5
1303750 2150.5
1303760 2153.1
1303770 2154.8
1303780 2154.8
1303790 2155.8
1303800 2156.6
1303810 2156.6
1303820 2158.4
1303830 2159.4
1303840 2159.4
1303850 2161.4
1303860 2165.1
1303870 2165.1
1303880 2170.0
1303890 2176.3
1303900 2180.7
1303910 2180.7
1303920 2184.9
1303930 2185.7
1303940 2185.7
1303950 2188.2
1303960 2190.8
1303970 2190.8
1303980 2192.6
1303990 2194.3
1304000 2194.3
1304010 2196.1
1304020 2197.7
1304030 2197.7
1304040 2199.6
1304050 2201.3
1304060 2201.3
1304070 2202.5
1304080 2204.8
1304090 2204.8
1304100 2207.1
1304110 2210.8
1304120 2216.1
1304130 2216.1
1304140 2222.5
1304150 2228.3
1304160 2228.3
1304170 2233.2
1304180 2238.5
1304190 2238.5
1304200 2243.7
1304210 2249.0
1304220 2249.0
1304230 2255.5
1304240 2262.0
1304250 2262.0
1304260 2268.3
1304270 2274.7
1304280 2274.7
1304290 2281.7
1304300 2290.0
1304310 2290.0
1304320 2299.2
1304330 2307.8
1304340 2317.5
1304350 2317.5
1304360 2326.0
1304370 2335.4
1304380 2335.4
1304390 2343.6
1304400 2352.5
1304410 2352.5
1304420 2362.2
1304430 2373.6
1304440 2373.6
1304450 2384.8
1304460 2395.6
1304470 2395.6
1304480 2406.5
1304490 2417.5
1304500 2417.5
1304510 2427.7
1304520 2436.3
1304530 2436.3
1304540 2445.7
1304550 2454.6
1304560 2454.6
1304570 2463.6
1304580 2473.1
1304590 2483.3
1304600 2483.3
1304610 2493.2
1304620 2484.9
1304630 2484.9
1304640 2487.9
1304650 2488.7
1304660 2488.7
1304670 2491.3
1304680 2499.5
1304690 2499.5
1304700 2504.2
1304710 2507.6
1304720 2507.6
1304730 2508.4
1304740 2512.0
1304750 2512.0
1304760 2519.1
1304770 2527.8
1304780 2527.8
1304790 2537.8
1304800 2548.6
1304810 2555.9
1304820 2555.9
1304830 2561.7
1304840 2564.4
1304850 2564.4
1304860 2574.5
1304870 2582.5
1304880 2582.5
1304890 2586.6
1304900 2590.5
1304910 2590.5
1304920 2594.8
1304930 2595.6
1304940 2595.6
1304950 2592.9
1304960 2594.9
1304970 2594.9
1304980 2599.0
1304990 2603.3
1305000 2603.3
1305010 2609.6
1305020 2618.7
1305030 2627.5
1305040 2627.5
1305050 2634.4
1305060 2642.2
1305070 2642.2
1305080 2651.7
1305090 2661.2
1305100 2661.2
1305110 2672.0
1305120 2675.9
1305130 2675.9
1305140 2675.1
1305150 2683.1
1305160 2683.1
1305170 2696.8
1305180 2708.0
1305190 2708.0
1305200 2717.0
1305210 2725.8
1305220 2725.8
1305230 2735.5
1305240 2726.6
1305250 2715.5
1305260 2715.5
1305270 2706.0
1305280 2695.3
1305290 2695.3
1305300 2684.8
1305310 2675.5
1305320 2675.5
1305330 2662.5
1305340 2652.0
1305350 2652.0
1305360 2645.2
1305370 2640.6
1305380 2640.6
1305390 2635.9
1305400 2631.3
1305410 2631.3
1305420 2626.0
1305430 2620.7
1305440 2620.7
1305450 2618.8
1305460 2618.3
1305470 2619.8
1305480 2619.8
1305490 2624.5
1305500 2630.7
1305510 2630.7
1305520 2637.0
1305530 2642.4
1305540 2642.4
1305550 2645.0
1305560 2646.3
1305570 2646.3
1305580 2646.7
1305590 2647.4
1305600 2647.4
1305610 2650.1
1305620 2654.0
1305630 2654.0
1305640 2653.9
1305650 2650.5
1305660 2650.5
1305670 2645.9
1305680 2639.7
1305690 2639.7
1305700 2633.6
1305710 2629.9
1305720 2624.4
1305730 2624.4
1305740 2619.3
1305750 2617.7
1305760 2617.7
1305770 2618.4
1305780 2620.1
1305790 2620.1
1305800 2623.8
1305810 2627.7
1305820 2627.7
1305830 2630.7
1305840 2633.2
1305850 2633.2
1305860 2632.9
1305870 2632.5
1305880 2632.5
1305890 2631.8
1305900 2632.3
1305910 2632.3
1305920 2630.0
1305930 2628.6
1305940 2628.7
1305950 2628.7
1305960 2629.8
1305970 2631.3
1305980 2631.3
1305990 2633.0
1306000 2633.0
1306010 2633.0
1306020 2629.5
1306030 2634.3
1306040 2634.3
1306050 2633.0
1306060 2632.4
1306070 2632.4
1306080 2631.7
1306090 2630.1
1306100 2630.1
1306110 2627.0
1306120 2624.1
1306130 2624.1
1306140 2620.0
1306150 2612.9
1306160 2609.7
1306170 2609.7
1306180 2607.9
1306190 2605.4
1306200 2605.4
1306210 2604.4
1306220 2604.1
1306230 2604.1
1306240 2603.3
1306250 2602.6
1306260 2602.6
1306270 2601.8
1306280 2601.2
1306290 2601.2
1306300 2601.8
1306310 2602.8
1306320 2602.8
1306330 2604.7
1306340 2608.0
1306350 2608.0
1306360 2611.0
1306370 2612.2
1306380 2613.9
1306390 2613.9
1306400 2615.6
1306410 2616.4
1306420 2616.4
1306430 2618.5
1306440 2621.4
1306450 2621.4
1306460 2623.8
1306470 2625.8
1306480 2625.8
1306490 2628.3
1306500 2632.5
1306510 2632.5
1306520 2638.7
1306530 2646.1
1306540 2646.1
1306550 2652.8
1306560 2657.7
1306570 2657.7
1306580 2661.6
1306590 2667.0
1306600 2673.6
1306610 2673.6
1306620 2680.4
1306630 2687.4
1306640 2687.4
1306650 2693.2
1306660 2699.0
1306670 2699.0
1306680 2704.1
1306690 2708.7
1306700 2708.7
1306710 2712.8
1306720 2716.4
1306730 2716.4
1306740 2720.0
1306750 2726.9
1306760 2726.9
1306770 2731.1
1306780 2735.6
1306790 2735.6
1306800 2740.5
1306810 2745.4
1306820 2750.6
1306830 2750.6
1306840 2756.4
1306850 2763.5
1306860 2763.5
1306870 2771.0
1306880 2778.4
1306890 2778.4
1306900 2784.6
1306910 2790.4
1306920 2790.4
1306930 2797.0
1306940 2807.7
1306950 2807.7
1306960 2825.3
1306970 2844.8
1306980 2844.8
1306990 2857.6
1307000 2868.4
1307010 2868.4
1307020 2878.6
1307030 2888.2
1307040 2888.2
1307050 2898.6
1307060 2909.4
1307070 2920.3
1307080 2920.3
1307090 2919.2
1307100 2913.2
1307110 2913.2
1307120 2906.7
1307130 2892.6
1307140 2892.6
1307150 2872.1
1307160 2861.7
1307170 2861.7
1307180 2854.3
1307190 2843.9
1307200 2843.9
1307210 2834.8
1307220 2827.4
1307230 2827.4
1307240 2820.2
1307250 2812.1
1307260 2812.1
1307270 2804.3
1307280 2798.9
1307290 2793.6
1307300 2793.6
1307310 2788.8
1307320 2783.6
1307330 2783.6
1307340 2778.2
1307350 2774.3
1307360 2774.3
1307370 2771.4
1307380 2769.1
1307390 2769.1
1307400 2766.3
1307410 2763.4
1307420 2763.4
1307430 2761.2
1307440 2759.3
1307450 2759.3
1307460 2764.7
1307470 2763.3
1307480 2763.3
1307490 2762.6
1307500 2762.4
1307510 2763.5
1307520 2763.5
1307530 2765.7
1307540 2766.3
1307550 2766.3
1307560 2764.6
1307570 2764.8
1307580 2764.8
1307590 2766.9
1307600 2770.6
1307610 2770.6
1307620 2776.9
1307630 2783.7
1307640 2783.7
1307650 2789.3
1307660 2794.5
1307670 2794.5
1307680 2799.8
1307690 2804.9
1307700 2804.9
1307710 2805.8
1307720 2799.6
1307730 2792.1
1307740 2792.1
1307750 2785.9
1307760 2780.4
1307770 2780.4
1307780 2776.4
1307790 2773.5
1307800 2773.5
1307810 2770.9
1307820 2768.3
1307830 2768.3
1307840 2765.7
1307850 2763.4
1307860 2763.4
1307870 2762.3
1307880 2762.4
1307890 2762.4
1307900 2762.3
1307910 2762.0
1307920 2762.0
1307930 2763.0
1307940 2764.3
1307950 2765.7
1307960 2765.7
1307970 2768.6
1307980 2769.8
1307990 2769.8
1308000 2768.4
1308010 2765.9
1308020 2765.9
1308030 2762.2
1308040 2758.3
1308050 2758.3
1308060 2754.8
1308070 2750.9
1308080 2750.9
1308090 2747.4
1308100 2744.6
1308110 2744.6
1308120 2742.6
1308130 2741.8
1308140 2741.8
1308150 2741.8
1308160 2741.9
1308170 2742.0
1308180 2732.0
1308190 2730.4
1308200 2729.1
1308210 2729.1
1308220 2729.2
1308230 2730.6
1308240 2730.6
1308250 2732.3
1308260 2735.2
1308270 2735.2
1308280 2737.9
1308290 2739.8
1308300 2739.8
1308310 2742.9
1308320 2746.1
1308330 2746.1
1308340 2748.8
1308350 2751.6
1308360 2751.6
1308370 2754.9
1308380 2757.6
1308390 2757.6
1308400 2759.4
1308410 2762.9
1308420 2766.7
1308430 2766.7
1308440 2771.6
1308450 2776.5
1308460 2776.5
1308470 2778.0
1308480 2781.2
1308490 2781.2
1308500 2783.6
1308510 2784.1
1308520 2784.1
1308530 2786.5
1308540 2789.6
1308550 2789.6
1308560 2793.7
1308570 2798.9
1308580 2798.9
1308590 2804.6
1308600 2811.4
1308610 2811.4
1308620 2816.7
1308630 2822.1
1308640 2827.5
1308650 2827.5
1308660 2832.1
1308670 2829.5
1308680 2829.5
1308690 2822.2
1308700 2815.1
1308710 2815.1
1308720 2809.1
1308730 2802.8
1308740 2802.8
1308750 2797.2
1308760 2793.5
1308770 2793.5
1308780 2790.9
1308790 2788.0
1308800 2788.0
1308810 2783.3
1308820 2780.2
1308830 2780.2
1308840 2777.6
1308850 2774.8
1308860 2770.4
1308870 2770.4
1308880 2766.1
1308890 2761.9
1308900 2760.1
1308910 2755.6
1308920 2752.8
1308930 2752.8
1308940 2748.8
1308950 2744.9
1308960 2744.9
1308970 2740.7
1308980 2735.9
1308990 2735.9
1309000 2730.8
1309010 2727.4
1309020 2727.4
1309030 2726.3
1309040 2724.5
1309050 2724.5
1309060 2721.3
1309070 2717.5
1309080 2709.2
1309090 2709.2
1309100 2701.8
1309110 2696.3
1309120 2696.3
1309130 2692.4
1309140 2688.2
1309150 2688.2
1309160 2681.9
1309170 2675.7
1309180 2675.7
1309190 2670.8
1309200 2665.9
1309210 2665.9
1309220 2661.4
1309230 2656.7
1309240 2656.7
1309250 2652.6
1309260 2649.6
1309270 2649.6
1309280 2644.9
1309290 2640.0
1309300 2634.5
1309310 2634.5
1309320 2629.3
1309330 2623.2
1309340 2623.2
1309350 2612.8
1309360 2603.5
1309370 2603.5
1309380 2596.8
1309390 2590.2
1309400 2590.2
1309410 2584.3
1309420 2581.9
1309430 2581.9
1309440 2582.0
1309450 2581.4
1309460 2581.4
1309470 2580.7
1309480 2580.5
1309490 2580.5
1309500 2581.1
1309510 2580.0
1309520 2580.0
1309530 2578.1
1309540 2576.3
1309550 2573.3
1309560 2573.3
1309570 2572.6
1309580 2573.7
1309590 2573.7
1309600 2569.3
1309610 2565.0
1309620 2558.6
1309630 2556.5
1309640 2555.4
1309650 2555.4
1309660 2553.8
1309670 2551.3
1309680 2551.3
1309690 2547.8
1309700 2544.6
1309710 2544.6
1309720 2543.4
1309730 2539.2
1309740 2539.2
1309750 2537.7
1309760 2538.7
1309770 2534.0
1309780 2534.0
1309790 2529.4
1309800 2525.0
1309810 2525.0
1309820 2522.3
1309830 2518.2
1309840 2518.2
1309850 2512.9
1309860 2507.5
1309870 2507.5
1309880 2504.1
1309890 2500.2
1309900 2500.2
1309910 2496.8
1309920 2494.4
1309930 2494.4
1309940 2492.8
1309950 2486.0
1309960 2486.0
1309970 2482.5
1309980 2476.9
1309990 2472.3
1310000 2472.3
1310010 2470.2
1310020 2467.2
1310030 2467.2
1310040 2464.6
1310050 2462.8
1310060 2462.8
1310070 2460.8
1310080 2459.3
1310090 2459.3
1310100 2457.3
1310110 2453.5
1310120 2453.5
1310130 2452.2
1310140 2452.4
1310150 2452.4
1310160 2450.7
1310170 2446.8
1310180 2446.8
1310190 2445.3
1310200 2445.0
1310210 2444.9
1310220 2444.9
1310230 2445.2
1310240 2444.2
1310250 2444.2
1310260 2442.6
1310270 2441.8
1310280 2441.8
1310290 2440.9
1310300 2439.0
1310310 2439.0
1310320 2436.2
1310330 2433.3
1310340 2433.3
1310350 2429.9
1310360 2427.5
1310370 2427.5
1310380 2424.2
1310390 2422.2
1310400 2422.2
1310410 2419.7
1310420 2415.4
1310430 2409.2
1310440 2409.2
1310450 2404.1
1310460 2400.1
1310470 2400.1
1310480 2398.7
1310490 2397.5
1310500 2397.5
1310510 2396.8
1310520 2396.8
1310530 2396.8
1310540 2396.4
1310550 2394.4
1310560 2394.4
1310570 2392.4
1310580 2389.6
1310590 2389.6
1310600 2388.0
1310610 2387.1
1310620 2387.1
1310630 2385.9
1310640 2385.3
1310650 2384.7
1310660 2384.7
1310670 2385.9
1310680 2388.1
1310690 2388.1
1310700 2389.1
1310710 2386.5
1310720 2386.5
1310730 2386.3
1310740 2388.6
1310750 2388.6
1310760 2389.9
1310770 2390.5
1310780 2390.5
1310790 2390.9
1310800 2390.7
1310810 2390.7
1310820 2390.8
1310830 2393.6
1310840 2393.6
1310850 2395.4
1310860 2396.2
1310870 2396.2
1310880 2399.9
1310890 2400.7
1310900 2395.2
1310910 2395.2
1310920 2387.1
1310930 2375.7
1310940 2375.7
1310950 2359.5
1310960 2346.0
1310970 2346.0
1310980 2335.4
1310990 2322.1
1311000 2322.1
1311010 2304.2
1311020 2286.8
1311030 2286.8
1311040 2277.7
1311050 2267.6
1311060 2267.6
1311070 2258.0
1311080 2257.0
1311090 2257.0
1311100 2249.2
1311110 2240.0
1311120 2231.0
1311130 2231.0
1311140 2223.9
1311150 2217.8
1311160 2217.8
1311170 2211.9
1311180 2206.6
1311190 2206.6
1311200 2201.8
1311210 2196.9
1311220 2196.9
1311230 2192.1
1311240 2187.2
1311250 2187.2
1311260 2182.1
1311270 2176.8
1311280 2176.8
1311290 2171.6
1311300 2166.4
1311310 2166.4
1311320 2161.6
1311330 2156.9
1311340 2152.3
1311350 2152.3
1311360 2148.3
1311370 2144.8
1311380 2144.8
1311390 2141.3
1311400 2138.7
1311410 2138.7
1311420 2136.7
1311430 2130.6
1311440 2130.6
1311450 2123.7
1311460 2119.0
1311470 2119.0
1311480 2115.1
1311490 2111.1
1311500 2111.1
1311510 2106.7
1311520 2102.1
1311530 2102.1
1311540 2097.0
1311550 2091.6
1311560 2086.1
1311570 2086.1
1311580 2081.1
1311590 2076.3
1311600 2076.3
1311610 2071.7
1311620 2067.7
1311630 2067.7
1311640 2064.6
1311650 2061.5
1311660 2061.5
1311670 2057.5
1311680 2054.3
1311690 2054.3
1311700 2051.3
1311710 2048.8
1311720 2048.8
1311730 2045.4
1311740 2041.8
1311750 2041.8
1311760 2038.4
1311770 2034.9
1311780 2031.3
1311790 2031.3
1311800 2027.5
1311810 2029.4
1311820 2029.4
1311830 2025.5
1311840 2021.7
1311850 2021.7
1311860 2017.5
1311870 2014.1
1311880 2014.1
1311890 2010.8
1311900 2006.9
1311910 2006.9
1311920 2003.4
1311930 2001.1
1311940 2001.1
1311950 1999.4
1311960 1996.9
1311970 1996.9
1311980 1993.7
1311990 1990.1
1312000 1986.8
1312010 1986.8
1312020 1983.5
1312030 1979.8
1312040 1979.8
1312050 1976.6
1312060 1973.0
1312070 1973.0
1312080 1969.4
1312090 1965.9
1312100 1965.9
1312110 1962.4
1312120 1959.4
1312130 1959.4
1312140 1956.3
1312150 1954.1
1312160 1954.1
1312170 1952.7
1312180 1952.0
1312190 1952.0
1312200 1949.9
1312210 1948.8
1312220 1948.8
1312230 1949.0
1312240 1952.7
1312250 1957.2
1312260 1957.2
1312270 1957.8
1312280 1958.8
1312290 1958.8
1312300 1960.5
1312310 1960.6
1312320 1960.6
1312330 1961.5
1312340 1962.0
1312350 1962.0
1312360 1958.9
1312370 1951.7
1312380 1951.7
1312390 1940.4
1312400 1933.7
1312410 1933.7
1312420 1935.9
1312430 1935.0
1312440 1935.0
1312450 1926.2
1312460 1923.0
1312470 1905.9
1312480 1905.9
1312490 1886.2
1312500 1866.3
1312510 1866.3
1312520 1849.4
1312530 1833.3
1312540 1833.3
1312550 1841.2
1312560 1848.1
1312570 1848.1
1312580 1846.8
1312590 1843.4
1312600 1843.4
1312610 1839.4
1312620 1834.8
1312630 1834.8
1312640 1828.1
1312650 1829.1
1312660 1829.1
1312670 1829.0
1312680 1826.0
1312690 1825.0
1312700 1825.0
1312710 1824.6
1312720 1821.1
1312730 1821.1
1312740 1816.2
1312750 1810.1
1312760 1810.1
1312770 1801.7
1312780 1791.3
1312790 1791.3
1312800 1777.0
1312810 1761.1
1312820 1761.1
1312830 1750.5
1312840 1741.9
1312850 1741.9
1312860 1731.8
1312870 1721.8
1312880 1721.8
1312890 1714.2
1312900 1707.2
1312910 1699.6
1312920 1699.6
1312930 1691.7
1312940 1683.7
1312950 1683.7
1312960 1675.4
1312970 1669.3
1312980 1669.3
1312990 1660.5
1313000 1650.2
1313010 1650.2
1313020 1642.3
1313030 1637.6
1313040 1637.6
1313050 1631.0
1313060 1619.6
1313070 1619.6
1313080 1609.6
1313090 1605.5
1313100 1605.5
1313110 1603.3
1313120 1601.3
1313130 1604.8
1313140 1604.8
1313150 1609.4
1313160 1608.2
1313170 1608.2
1313180 1601.1
1313190 1597.9
1313200 1597.9
1313210 1597.7
1313220 1598.5
1313230 1598.5
1313240 1597.7
1313250 1596.5
1313260 1596.5
1313270 1593.1
1313280 1588.6
1313290 1594.9
1313300 1587.4
1313310 1575.5
1313320 1575.5
1313330 1564.0
1313340 1552.5
1313350 1552.5
1313360 1542.0
1313370 1532.7
1313380 1524.1
1313390 1524.1
1313400 1516.9
1313410 1511.4
1313420 1511.4
1313430 1504.5
1313440 1497.9
1313450 1497.9
1313460 1492.1
1313470 1489.4
1313480 1489.4
1313490 1486.5
1313500 1479.6
1313510 1479.6
1313520 1471.1
1313530 1465.9
1313540 1465.9
1313550 1458.4
1313560 1452.4
1313570 1452.4
1313580 1445.7
1313590 1437.2
1313600 1427.1
1313610 1427.1
1313620 1416.4
1313630 1405.8
1313640 1405.8
1313650 1396.5
1313660 1389.0
1313670 1389.0
1313680 1382.0
1313690 1375.0
1313700 1375.0
1313710 1367.3
1313720 1358.6
1313730 1358.6
1313740 1349.9
1313750 1340.8
1313760 1340.8
1313770 1330.8
1313780 1318.6
1313790 1318.6
1313800 1308.0
1313810 1296.7
1313820 1283.4
1313830 1283.4
1313840 1269.0
1313850 1249.7
1313860 1249.7
1313870 1223.6
1313880 1213.1
1313890 1213.1
1313900 1206.3
1313910 1200.1
1313920 1200.1
1313930 1194.6
1313940 1188.7
1313950 1188.7
1313960 1182.7
1313970 1174.2
1313980 1174.2
1313990 1165.2
1314000 1159.0
1314010 1159.0
1314020 1152.7
1314030 1151.2
1314040 1145.0
1314050 1145.0
1314060 1136.2
1314070 1127.6
1314080 1127.6
1314090 1118.3
1314100 1104.0
1314110 1104.0
1314120 1088.5
1314130 1075.3
1314140 1075.3
1314150 1061.0
1314160 1042.4
1314170 1042.4
1314180 1026.6
1314190 1014.2
1314200 1014.2
1314210 1005.1
1314220 995.7
1314230 995.7
1314240 986.8
1314250 978.3
1314260 970.0
1314270 970.0
1314280 961.9
1314290 953.8
1314300 953.8
1314310 951.2
1314320 951.4
1314330 951.4
1314340 951.8
1314350 951.0
1314360 951.0
1314370 948.9
1314380 948.9
1314390 948.9
1314400 950.0
1314410 952.2
1314420 952.2
1314430 955.9
1314440 958.3
1314450 958.3
1314460 959.7
1314470 960.7
1314480 963.7
1314490 963.7
1314500 967.2
1314510 970.7
1314520 970.7
1314530 974.2
1314540 977.8
1314550 977.8
1314560 981.5
1314570 984.7
1314580 984.7
1314590 988.4
1314600 992.6
1314610 992.6
1314620 997.0
1314630 1001.5
1314640 1001.5
1314650 1005.0
1314660 1007.1
1314670 1007.1
1314680 1009.6
1314690 1013.9
1314700 1013.9
1314710 1018.9
1314720 1024.9
1314730 1029.8
1314740 1029.8
1314750 1034.7
1314760 1039.3
1314770 1039.3
1314780 1039.2
1314790 1042.8
1314800 1042.8
1314810 1046.7
1314820 1050.5
1314830 1050.5
1314840 1054.4
1314850 1057.5
1314860 1057.5
1314870 1060.2
1314880 1062.1
1314890 1062.1
1314900 1067.5
1314910 1085.7
1314920 1085.7
1314930 1113.6
1314940 1127.0
1314950 1131.5
1314960 1131.5
1314970 1141.8
1314980 1154.3
1314990 1154.3
1315000 1169.2
1315010 1182.3
1315020 1182.3
1315030 1189.6
1315040 1199.5
1315050 1199.5
1315060 1209.6
1315070 1225.3
1315080 1225.3
1315090 1248.0
1315100 1270.0
1315110 1270.0
1315120 1285.5
1315130 1295.6
1315140 1295.6
1315150 1303.7
1315160 1310.4
1315170 1315.4
1315180 1315.4
1315190 1319.4
1315200 1324.3
1315210 1324.3
1315220 1329.2
1315230 1337.0
1315240 1337.0
1315250 1349.1
1315260 1357.3
1315270 1357.3
1315280 1362.4
1315290 1365.6
1315300 1365.6
1315310 1383.5
1315320 1410.3
1315330 1410.3
1315340 1421.4
1315350 1429.0
1315360 1429.0
1315370 1435.4
1315380 1440.0
1315390 1445.1
1315400 1445.1
1315410 1451.1
1315420 1458.3
1315430 1458.3
1315440 1464.9
1315450 1471.2
1315460 1471.2
1315470 1477.0
1315480 1484.6
1315490 1484.6
1315500 1495.8
1315510 1509.3
1315520 1509.3
1315530 1523.3
1315540 1535.0
1315550 1535.0
1315560 1545.9
1315570 1555.3
1315580 1555.3
1315590 1562.8
1315600 1570.0
1315610 1576.5
1315620 1576.5
1315630 1582.0
1315640 1586.7
1315650 1586.7
1315660 1591.4
1315670 1595.9
1315680 1595.9
1315690 1599.3
1315700 1603.1
1315710 1603.1
1315720 1608.0
1315730 1613.4
1315740 1613.4
1315750 1619.2
1315760 1621.4
1315770 1621.4
1315780 1624.7
1315790 1631.9
1315800 1631.9
1315810 1639.1
1315820 1643.3
1315830 1649.5
1315840 1649.5
1315850 1659.8
1315860 1669.8
1315870 1669.8
1315880 1676.1
1315890 1682.8
1315900 1682.8
1315910 1691.7
1315920 1699.6
1315930 1699.6
1315940 1708.5
1315950 1716.6
1315960 1716.6
1315970 1722.8
1315980 1728.5
1315990 1728.5
1316000 1734.1
1316010 1741.6
1316020 1741.6
1316030 1749.6
1316040 1759.4
1316050 1759.4
1316060 1764.8
1316070 1766.7
1316080 1770.7
1316090 1770.7
1316100 1778.0
1316110 1787.7
1316120 1787.7
1316130 1793.7
1316140 1802.8
1316150 1802.8
1316160 1814.6
1316170 1824.0
1316180 1824.0
1316190 1831.5
1316200 1839.4
1316210 1839.4
1316220 1847.4
1316230 1855.2
1316240 1855.2
1316250 1863.4
1316260 1872.7
1316270 1872.7
1316280 1880.7
1316290 1890.4
1316300 1899.6
1316310 1899.6
1316320 1907.7
1316330 1915.7
1316340 1915.7
1316350 1924.7
1316360 1933.2
1316370 1933.2
1316380 1942.0
1316390 1951.8
1316400 1951.8
1316410 1961.0
1316420 1968.5
1316430 1968.5
1316440 1975.5
1316450 1980.5
1316460 1980.5
1316470 1984.9
1316480 1990.1
1316490 1990.1
1316500 1995.4
1316510 2001.2
1316520 2007.6
1316530 2007.6
1316540 2014.2
1316550 2021.1
1316560 2021.1
1316570 2028.8
1316580 2036.4
1316590 2036.4
1316600 2044.7
1316610 2051.7
1316620 2051.7
1316630 2058.9
1316640 2066.5
1316650 2066.5
1316660 2073.8
1316670 2081.1
1316680 2081.1
1316690 2088.5
1316700 2095.8
1316710 2095.8
1316720 2103.1
1316730 2110.0
1316740 2117.3
1316750 2117.3
1316760 2124.8
1316770 2132.2
1316780 2132.2
1316790 2140.0
1316800 2148.8
1316810 2148.8
1316820 2157.4
1316830 2165.4
1316840 2165.4
1316850 2173.1
1316860 2180.8
1316870 2180.8
1316880 2188.2
1316890 2195.5
1316900 2195.5
1316910 2202.7
1316920 2210.7
1316930 2210.7
1316940 2219.2
1316950 2226.8
1316960 2234.8
1316970 2234.8
1316980 2242.3
1316990 2248.9
1317000 2248.9
1317010 2257.2
1317020 2266.2
1317030 2266.2
1317040 2276.8
1317050 2284.2
1317060 2284.2
1317070 2291.4
1317080 2299.2
1317090 2299.2
1317100 2307.2
1317110 2314.1
1317120 2314.1
1317130 2321.1
1317140 2328.9
1317150 2328.9
1317160 2337.2
1317170 2346.1
1317180 2346.1
1317190 2354.9
1317200 2363.6
1317210 2372.6
1317220 2372.6
1317230 2381.7
1317240 2391.6
1317250 2391.6
1317260 2401.6
1317270 2411.0
1317280 2411.0
1317290 2421.7
1317300 2430.3
1317310 2430.3
1317320 2438.1
1317330 2446.5
1317340 2446.5
1317350 2455.1
1317360 2464.7
1317370 2464.7
1317380 2474.4
1317390 2484.6
1317400 2484.6
1317410 2495.2
1317420 2507.8
1317430 2518.3
1317440 2518.3
1317450 2514.2
1317460 2510.3
1317470 2510.3
1317480 2508.5
1317490 2500.9
1317500 2500.9
1317510 2494.4
1317520 2491.0
1317530 2491.0
1317540 2486.8
1317550 2486.1
1317560 2486.1
1317570 2489.4
1317580 2488.4
1317590 2488.4
1317600 2486.4
1317610 2488.1
1317620 2488.1
1317630 2495.5
1317640 2503.6
1317650 2511.0
1317660 2511.0
1317670 2517.7
1317680 2523.5
1317690 2523.5
1317700 2527.4
1317710 2528.1
1317720 2528.1
1317730 2525.4
1317740 2523.1
1317750 2523.1
1317760 2519.4
1317770 2516.6
1317780 2516.6
1317790 2511.9
1317800 2505.2
1317810 2505.2
1317820 2512.5
1317830 2518.7
1317840 2518.7
1317850 2524.2
1317860 2530.7
1317870 2537.3
1317880 2537.3
1317890 2536.7
1317900 2535.7
1317910 2535.7
1317920 2534.8
1317930 2529.9
1317940 2529.9
1317950 2527.7
1317960 2529.9
1317970 2529.9
1317980 2527.4
1317990 2521.3
1318000 2521.3
1318010 2516.0
1318020 2519.2
1318030 2519.2
1318040 2524.2
1318050 2522.8
1318060 2522.8
1318070 2519.0
1318080 2522.1
1318090 2528.2
1318100 2528.2
1318110 2534.8
1318120 2539.4
1318130 2539.4
1318140 2538.6
1318150 2540.3
1318160 2540.3
1318170 2545.7
1318180 2550.3
1318190 2550.3
1318200 2553.7
1318210 2556.0
1318220 2556.0
1318230 2558.6
1318240 2560.6
1318250 2560.6
1318260 2563.1
1318270 2567.0
1318280 2567.0
1318290 2569.2
1318300 2561.9
1318310 2550.9
1318320 2550.9
1318330 2539.3
1318340 2528.5
1318350 2528.5
1318360 2517.9
1318370 2506.0
1318380 2506.0
1318390 2489.5
1318400 2470.8
1318410 2470.8
1318420 2454.6
1318430 2440.5
1318440 2440.5
1318450 2418.4
1318460 2394.7
1318470 2394.7
1318480 2377.7
1318490 2359.2
1318500 2359.2
1318510 2343.9
1318520 2328.2
1318530 2328.2
1318540 2312.3
1318550 2301.0
1318560 2296.2
1318570 2296.2
1318580 2289.4
1318590 2282.4
1318600 2282.4
1318610 2275.3
1318620 2268.2
1318630 2268.2
1318640 2261.0
1318650 2254.0
1318660 2254.0
1318670 2247.3
1318680 2240.6
1318690 2240.6
1318700 2234.3
1318710 2227.5
1318720 2227.5
1318730 2220.6
1318740 2214.7
1318750 2214.7
1318760 2210.3
1318770 2206.0
1318780 2201.0
1318790 2201.0
1318800 2193.7
1318810 2185.5
1318820 2185.5
1318830 2176.3
1318840 2167.5
1318850 2167.5
1318860 2161.4
1318870 2156.3
1318880 2156.3
1318890 2154.6
1318900 2152.9
1318910 2152.9
1318920 2149.9
1318930 2145.4
1318940 2145.4
1318950 2141.0
1318960 2139.3
1318970 2139.3
1318980 2138.6
1318990 2135.7
1319000 2128.2
1319010 2128.2
1319020 2122.4
1319030 2123.2
1319040 2123.2
1319050 2125.4
1319060 2123.0
1319070 2123.0
1319080 2122.4
1319090 2127.8
1319100 2127.8
1319110 2123.1
1319120 2119.0
1319130 2119.0
1319140 2117.5
1319150 2116.5
1319160 2116.5
1319170 2119.7
1319180 2122.4
1319190 2122.4
1319200 2116.3
1319210 2107.3
1319220 2101.8
1319230 2101.8
1319240 2101.3
1319250 2105.3
1319260 2105.3
1319270 2106.6
1319280 2105.9
1319290 2105.9
1319300 2104.6
1319310 2096.9
1319320 2113.7
1319330 2100.8
1319340 2099.8
1319350 2099.8
1319360 2104.4
1319370 2109.5
1319380 2109.5
1319390 2112.3
1319400 2114.5
1319410 2114.5
1319420 2118.7
1319430 2123.7
1319440 2130.1
1319450 2130.1
1319460 2135.6
1319470 2140.5
1319480 2140.5
1319490 2144.4
1319500 2148.6
1319510 2148.6
1319520 2151.9
1319530 2154.6
1319540 2154.6
1319550 2157.5
1319560 2149.9
1319570 2149.9
1319580 2131.1
1319590 2103.8
1319600 2103.8
1319610 2057.2
1319620 2025.4
1319630 2025.4
1319640 2018.4
1319650 2011.4
1319660 2003.6
1319670 2003.6
1319680 1996.4
1319690 1989.4
1319700 1989.4
1319710 1982.6
1319720 1975.9
1319730 1975.9
1319740 1970.0
1319750 1964.8
1319760 1964.8
1319770 1960.8
1319780 1957.3
1319790 1957.3
1319800 1953.8
1319810 1950.4
1319820 1950.4
1319830 1946.7
1319840 1942.4
1319850 1942.4
1319860 1936.9
1319870 1933.7
1319880 1933.7
1319890 1932.3
1319900 1930.4
1319910 1928.8
1319920 1928.8
1319930 1926.2
1319940 1923.8
1319950 1923.8
1319960 1921.5
1319970 1919.1
1319980 1919.1
1319990 1917.2
