1300000 1764.7
1300010 1763.2
1300020 1763.2
1300030 1761.6
1300040 1760.1
1300050 1760.1
1300060 1758.3
1300070 1756.1
1300080 1756.1
1300090 1754.3
1300100 1752.3
1300110 1752.3
1300120 1750.0
1300130 1747.4
1300140 1744.4
1300150 1744.4
1300160 1741.0
1300170 1737.7
1300180 1737.7
1300190 1734.8
1300200 1731.8
1300210 1731.8
1300220 1729.0
1300230 1726.7
1300240 1726.7
1300250 1724.0
1300260 1721.0
1300270 1721.0
1300280 1717.9
1300290 1715.3
1300300 1715.3
1300310 1713.3
1300320 1711.4
1300330 1711.4
1300340 1709.9
1300350 1708.0
1300360 1708.0
1300370 1705.4
1300380 1698.1
1300390 1697.0
1300400 1697.0
1300410 1696.0
1300420 1694.1
1300430 1694.1
1300440 1692.5
1300450 1690.9
1300460 1690.9
1300470 1689.2
1300480 1688.3
1300490 1688.3
1300500 1687.9
1300510 1687.1
1300520 1687.1
1300530 1685.7
1300540 1685.7
1300550 1685.7
1300560 1687.4
1300570 1689.9
1300580 1689.9
1300590 1689.0
1300600 1686.8
1300610 1684.7
1300620 1684.7
1300630 1683.8
1300640 1683.4
1300650 1683.4
1300660 1680.9
1300670 1675.9
1300680 1675.9
1300690 1670.4
1300700 1666.4
1300710 1666.4
1300720 1663.3
1300730 1659.3
1300740 1659.3
1300750 1655.0
1300760 1650.2
1300770 1650.2
1300780 1644.9
1300790 1638.7
1300800 1638.7
1300810 1631.8
1300820 1624.7
1300830 1618.0
1300840 1618.0
1300850 1613.2
1300860 1609.1
1300870 1609.1
1300880 1605.5
1300890 1602.7
1300900 1602.7
1300910 1599.3
1300920 1596.8
1300930 1596.8
1300940 1594.4
1300950 1591.5
1300960 1591.5
1300970 1589.1
1300980 1587.1
1300990 1587.1
1301000 1585.7
1301010 1584.0
1301020 1584.0
1301030 1581.9
1301040 1579.4
1301050 1576.0
1301060 1576.0
1301070 1572.0
1301080 1568.5
1301090 1568.5
1301100 1564.7
1301110 1559.5
1301120 1559.5
1301130 1553.4
1301140 1547.0
1301150 1547.0
1301160 1543.1
1301170 1538.3
1301180 1538.3
1301190 1533.1
1301200 1527.6
1301210 1527.6
1301220 1522.4
1301230 1517.3
1301240 1517.3
1301250 1511.5
1301260 1506.3
1301270 1506.3
1301280 1500.5
1301290 1494.6
1301300 1490.9
1301310 1490.9
1301320 1488.3
1301330 1486.1
1301340 1486.1
1301350 1483.9
1301360 1481.4
1301370 1481.4
1301380 1477.9
1301390 1473.3
1301400 1473.3
1301410 1468.7
1301420 1463.2
1301430 1463.2
1301440 1456.6
1301450 1449.9
1301460 1449.9
1301470 1447.0
1301480 1442.3
1301490 1442.3
1301500 1438.5
1301510 1437.1
1301520 1433.7
1301530 1433.7
1301540 1429.0
1301550 1424.1
1301560 1424.1
1301570 1418.5
1301580 1412.3
1301590 1412.3
1301600 1406.6
1301610 1402.2
1301620 1402.2
1301630 1400.5
1301640 1401.2
1301650 1401.2
1301660 1403.1
1301670 1406.1
1301680 1406.1
1301690 1408.9
1301700 1409.9
1301710 1409.9
1301720 1410.8
1301730 1412.0
1301740 1413.3
1301750 1413.3
1301760 1414.8
1301770 1419.1
1301780 1419.1
1301790 1420.7
1301800 1422.1
1301810 1422.1
1301820 1423.8
1301830 1425.1
1301840 1425.1
1301850 1426.3
1301860 1427.6
1301870 1427.6
1301880 1429.0
1301890 1430.2
1301900 1430.2
1301910 1431.2
1301920 1432.1
1301930 1432.1
1301940 1433.4
1301950 1434.5
1301960 1436.3
1301970 1436.3
1301980 1438.9
1301990 1441.5
1302000 1441.5
1302010 1444.2
1302020 1447.1
1302030 1447.1
1302040 1449.3
1302050 1451.7
1302060 1451.7
1302070 1455.8
1302080 1459.8
1302090 1459.8
1302100 1463.9
1302110 1467.7
1302120 1467.7
1302130 1470.6
1302140 1473.5
1302150 1473.5
1302160 1476.8
1302170 1480.2
1302180 1484.6
1302190 1484.6
1302200 1489.6
1302210 1494.8
1302220 1494.8
1302230 1499.9
1302240 1505.9
1302250 1505.9
1302260 1512.1
1302270 1518.9
1302280 1518.9
1302290 1526.2
1302300 1534.1
1302310 1534.1
1302320 1540.4
1302330 1545.1
1302340 1545.1
1302350 1549.8
1302360 1556.8
1302370 1556.8
1302380 1564.9
1302390 1572.4
1302400 1572.4
1302410 1579.7
1302420 1587.7
1302430 1596.3
1302440 1596.3
1302450 1604.3
1302460 1612.6
1302470 1612.6
1302480 1621.0
1302490 1629.5
1302500 1629.5
1302510 1638.0
1302520 1647.8
1302530 1647.8
1302540 1660.5
1302550 1669.6
1302560 1669.6
1302570 1674.7
1302580 1680.2
1302590 1680.2
1302600 1686.7
1302610 1693.3
1302620 1693.3
1302630 1700.9
1302640 1709.3
1302650 1716.5
1302660 1716.5
1302670 1723.1
1302680 1729.4
1302690 1729.4
1302700 1734.9
1302710 1740.3
1302720 1740.3
1302730 1745.0
1302740 1749.9
1302750 1749.9
1302760 1754.7
1302770 1758.5
1302780 1758.5
1302790 1761.6
1302800 1764.4
1302810 1764.4
1302820 1765.6
1302830 1765.7
1302840 1765.7
1302850 1765.3
1302860 1765.2
1302870 1765.7
1302880 1765.7
1302890 1766.0
1302900 1766.1
1302910 1766.1
1302920 1765.8
1302930 1765.1
1302940 1765.1
1302950 1765.5
1302960 1767.2
1302970 1767.2
1302980 1768.3
1302990 1768.0
1303000 1768.0
1303010 1767.4
1303020 1765.6
1303030 1765.6
1303040 1762.7
1303050 1761.2
1303060 1761.2
1303070 1760.3
1303080 1760.2
1303090 1760.5
1303100 1760.5
1303110 1761.4
1303120 1763.6
1303130 1763.6
1303140 1765.7
1303150 1766.7
1303160 1766.5
1303170 1767.2
1303180 1768.3
1303190 1768.3
1303200 1770.7
1303210 1775.1
1303220 1775.1
1303230 1779.9
1303240 1785.7
1303250 1785.7
1303260 1791.5
1303270 1795.8
1303280 1795.8
1303290 1798.8
1303300 1800.9
1303310 1800.9
1303320 1803.2
1303330 1806.0
1303340 1810.2
1303350 1810.2
1303360 1815.1
1303370 1819.6
1303380 1819.6
1303390 1823.0
1303400 1826.1
1303410 1826.1
1303420 1829.6
1303430 1833.3
1303440 1833.3
1303450 1837.2
1303460 1841.5
1303470 1841.5
1303480 1846.2
1303490 1850.2
1303500 1850.2
1303510 1853.5
1303520 1856.4
1303530 1856.4
1303540 1859.7
1303550 1863.1
1303560 1866.9
1303570 1866.9
1303580 1870.8
1303590 1874.4
1303600 1874.4
1303610 1877.9
1303620 1881.8
1303630 1881.8
1303640 1885.9
1303650 1890.0
1303660 1890.0
1303670 1894.8
1303680 1899.4
1303690 1899.4
1303700 1904.5
1303710 1909.7
1303720 1909.7
1303730 1914.1
1303740 1918.2
1303750 1918.2
1303760 1922.3
1303770 1926.8
1303780 1932.3
1303790 1932.3
1303800 1937.6
1303810 1942.6
1303820 1942.6
1303830 1947.5
1303840 1951.6
1303850 1951.6
1303860 1959.7
1303870 1965.0
1303880 1965.0
1303890 1971.1
1303900 1977.2
1303910 1977.2
1303920 1983.0
1303930 1988.6
1303940 1988.6
1303950 1993.3
1303960 1998.2
1303970 1998.2
1303980 2002.8
1303990 2005.9
1304000 2007.9
1304010 2007.9
1304020 2010.1
1304030 2013.1
1304040 2013.1
1304050 2017.4
1304060 2023.8
1304070 2023.8
1304080 2028.8
1304090 2030.4
1304100 2030.4
1304110 2031.6
1304120 2029.4
1304130 2029.4
1304140 2029.4
1304150 2032.2
1304160 2032.2
1304170 2036.2
1304180 2044.1
1304190 2044.1
1304200 2052.2
1304210 2060.0
1304220 2060.0
1304230 2067.2
1304240 2070.6
1304250 2061.8
1304260 2061.8
1304270 2064.4
1304280 2074.0
1304290 2074.0
1304300 2080.5
1304310 2079.1
1304320 2079.1
1304330 2082.3
1304340 2081.7
1304350 2081.7
1304360 2081.4
1304370 2088.1
1304380 2088.1
1304390 2093.8
1304400 2092.6
1304410 2092.6
1304420 2095.7
1304430 2099.2
1304440 2099.2
1304450 2102.3
1304460 2105.5
1304470 2107.7
1304480 2107.7
1304490 2115.4
1304500 2126.0
1304510 2126.0
1304520 2141.7
1304530 2163.0
1304540 2163.0
1304550 2172.9
1304560 2179.8
1304570 2184.9
1304580 2190.1
1304590 2195.7
1304600 2195.7
1304610 2202.0
1304620 2207.8
1304630 2207.8
1304640 2212.6
1304650 2217.8
1304660 2217.8
1304670 2223.2
1304680 2228.8
1304690 2233.4
1304700 2233.4
1304710 2239.3
1304720 2245.2
1304730 2245.2
1304740 2251.1
1304750 2257.6
1304760 2257.6
1304770 2264.3
1304780 2271.6
1304790 2271.6
1304800 2276.4
1304810 2280.4
1304820 2280.4
1304830 2286.3
1304840 2292.7
1304850 2292.7
1304860 2298.3
1304870 2303.4
1304880 2303.4
1304890 2308.8
1304900 2314.2
1304910 2319.2
1304920 2319.2
1304930 2324.6
1304940 2331.1
1304950 2331.1
1304960 2337.9
1304970 2344.1
1304980 2344.1
1304990 2350.3
1305000 2357.0
1305010 2357.0
1305020 2362.3
1305030 2368.0
1305040 2368.0
1305050 2375.1
1305060 2382.0
1305070 2382.0
1305080 2388.0
1305090 2394.1
1305100 2394.1
1305110 2400.6
1305120 2408.4
1305130 2408.4
1305140 2410.8
1305150 2396.7
1305160 2381.4
1305170 2381.4
1305180 2368.8
1305190 2359.1
1305200 2359.1
1305210 2348.1
1305220 2333.8
1305230 2333.8
1305240 2321.2
1305250 2312.0
1305260 2312.0
1305270 2305.8
1305280 2296.1
1305290 2296.1
1305300 2286.3
1305310 2276.0
1305320 2276.0
1305330 2269.3
1305340 2263.1
1305350 2263.1
1305360 2257.5
1305370 2254.4
1305380 2252.3
1305390 2252.3
1305400 2251.6
1305410 2253.2
1305420 2253.2
1305430 2256.0
1305440 2261.0
1305450 2261.0
1305460 2265.5
1305470 2268.3
1305480 2268.3
1305490 2269.4
1305500 2269.0
1305510 2269.0
1305520 2267.2
1305530 2264.7
1305540 2264.7
1305550 2261.4
1305560 2257.8
1305570 2257.8
1305580 2253.2
1305590 2247.6
1305600 2241.1
1305610 2241.1
1305620 2236.7
1305630 2238.8
1305640 2238.8
1305650 2237.6
1305660 2234.4
1305670 2234.4
1305680 2226.0
1305690 2214.2
1305700 2214.2
1305710 2205.2
1305720 2202.3
1305730 2202.3
1305740 2201.7
1305750 2204.0
1305760 2204.0
1305770 2201.0
1305780 2198.0
1305790 2198.0
1305800 2203.2
1305810 2202.6
1305820 2197.8
1305830 2197.8
1305840 2198.1
1305850 2196.7
1305860 2196.7
1305870 2196.8
1305880 2199.3
1305890 2199.3
1305900 2202.8
1305910 2205.1
1305920 2205.1
1305930 2207.2
1305940 2209.8
1305950 2209.8
1305960 2212.7
1305970 2216.0
1305980 2218.2
1305990 2220.5
1306000 2221.2
1306010 2221.2
1306020 2220.5
1306030 2220.5
1306040 2220.5
1306050 2219.3
1306060 2218.1
1306070 2217.1
1306080 2217.1
1306090 2214.8
1306100 2211.4
1306110 2211.4
1306120 2210.6
1306130 2212.5
1306140 2212.5
1306150 2213.7
1306160 2215.0
1306170 2215.0
1306180 2217.0
1306190 2220.0
1306200 2220.0
1306210 2224.1
1306220 2228.7
1306230 2228.7
1306240 2233.9
1306250 2238.7
1306260 2238.7
1306270 2243.8
1306280 2250.4
1306290 2258.9
1306300 2258.9
1306310 2273.0
1306320 2284.8
1306330 2284.8
1306340 2296.1
1306350 2306.1
1306360 2306.1
1306370 2314.7
1306380 2323.3
1306390 2323.3
1306400 2331.0
1306410 2336.4
1306420 2336.4
1306430 2339.7
1306440 2342.4
1306450 2342.4
1306460 2344.6
1306470 2347.0
1306480 2347.0
1306490 2349.4
1306500 2352.3
1306510 2352.5
1306520 2352.5
1306530 2348.9
1306540 2345.9
1306550 2345.9
1306560 2345.7
1306570 2344.4
1306580 2344.4
1306590 2344.6
1306600 2349.1
1306610 2349.1
1306620 2352.6
1306630 2353.9
1306640 2353.9
1306650 2357.0
1306660 2360.4
1306670 2360.4
1306680 2364.4
1306690 2369.4
1306700 2374.0
1306710 2379.3
1306720 2384.3
1306730 2389.1
1306740 2389.1
1306750 2393.5
1306760 2397.1
1306770 2397.1
1306780 2399.7
1306790 2400.8
1306800 2400.8
1306810 2402.1
1306820 2401.5
1306830 2401.5
1306840 2397.2
1306850 2385.5
1306860 2385.5
1306870 2366.5
1306880 2345.9
1306890 2345.9
1306900 2340.1
1306910 2331.2
1306920 2331.2
1306930 2327.5
1306940 2326.5
1306950 2326.5
1306960 2327.0
1306970 2329.8
1306980 2334.1
1306990 2334.1
1307000 2340.2
1307010 2346.0
1307020 2346.0
1307030 2350.9
1307040 2355.3
1307050 2355.3
1307060 2359.7
1307070 2364.6
1307080 2364.6
1307090 2369.9
1307100 2375.0
1307110 2375.0
1307120 2381.2
1307130 2388.7
1307140 2388.7
1307150 2398.5
1307160 2409.3
1307170 2409.3
1307180 2418.5
1307190 2427.5
1307200 2438.3
1307210 2438.3
1307220 2448.3
1307230 2458.3
1307240 2458.3
1307250 2468.3
1307260 2480.5
1307270 2480.5
1307280 2492.3
1307290 2497.0
1307300 2497.0
1307310 2491.4
1307320 2484.1
1307330 2484.1
1307340 2467.9
1307350 2451.0
1307360 2451.0
1307370 2433.0
1307380 2424.1
1307390 2424.1
1307400 2417.5
1307410 2424.4
1307420 2423.6
1307430 2423.6
1307440 2424.1
1307450 2424.9
1307460 2424.9
1307470 2427.2
1307480 2430.4
1307490 2430.4
1307500 2432.9
1307510 2437.1
1307520 2437.1
1307530 2440.1
1307540 2442.3
1307550 2442.3
1307560 2444.7
1307570 2446.2
1307580 2446.2
1307590 2447.5
1307600 2449.9
1307610 2449.9
1307620 2451.2
1307630 2451.7
1307640 2452.4
1307650 2452.4
1307660 2453.9
1307670 2453.3
1307680 2453.3
1307690 2452.7
1307700 2455.9
1307710 2455.9
1307720 2457.1
1307730 2462.0
1307740 2462.0
1307750 2469.4
1307760 2481.7
1307770 2481.7
1307780 2500.4
1307790 2518.9
1307800 2518.9
1307810 2534.1
1307820 2548.2
1307830 2548.2
1307840 2557.6
1307850 2565.4
1307860 2565.4
1307870 2572.5
1307880 2579.3
1307890 2586.9
1307900 2586.9
1307910 2594.4
1307920 2601.4
1307930 2601.4
1307940 2608.2
1307950 2615.3
1307960 2615.3
1307970 2622.3
1307980 2629.5
1307990 2629.5
1308000 2637.2
1308010 2645.2
1308020 2645.2
1308030 2654.2
1308040 2663.6
1308050 2663.6
1308060 2671.4
1308070 2678.0
1308080 2678.0
1308090 2684.3
1308100 2690.4
1308110 2697.5
1308120 2697.5
1308130 2714.8
1308140 2722.6
1308150 2722.6
1308160 2729.9
1308170 2738.4
1308180 2738.4
1308190 2745.5
1308200 2752.4
1308210 2752.4
1308220 2759.2
1308230 2768.7
1308240 2768.7
1308250 2776.6
1308260 2784.5
1308270 2784.5
1308280 2792.4
1308290 2799.6
1308300 2799.6
1308310 2804.8
1308320 2783.8
1308330 2754.6
1308340 2754.6
1308350 2742.7
1308360 2738.8
1308370 2738.8
1308380 2735.2
1308390 2731.5
1308400 2731.5
1308410 2724.2
1308420 2716.5
1308430 2716.5
1308440 2713.4
1308450 2713.3
1308460 2713.3
1308470 2710.1
1308480 2701.7
1308490 2701.7
1308500 2693.0
1308510 2684.1
1308520 2684.1
1308530 2676.1
1308540 2668.0
1308550 2659.6
1308560 2659.6
1308570 2649.9
1308580 2641.8
1308590 2641.8
1308600 2635.7
1308610 2626.5
1308620 2626.5
1308630 2614.6
1308640 2598.7
1308650 2598.7
1308660 2575.5
1308670 2556.1
1308680 2556.1
1308690 2537.8
1308700 2527.8
1308710 2527.8
1308720 2523.5
1308730 2519.4
1308740 2519.4
1308750 2515.3
1308760 2511.8
1308770 2510.9
1308780 2510.9
1308790 2510.2
1308800 2509.0
1308810 2509.0
1308820 2506.1
1308830 2502.8
1308840 2502.8
1308850 2505.1
1308860 2503.4
1308870 2503.4
1308880 2502.3
1308890 2502.3
1308900 2502.3
1308910 2503.4
1308920 2504.3
1308930 2504.3
1308940 2503.6
1308950 2503.0
1308960 2503.0
1308970 2505.5
1308980 2509.3
1308990 2509.3
1309000 2512.6
1309010 2513.7
1309020 2515.6
1309030 2515.6
1309040 2517.4
1309050 2519.2
1309060 2519.2
1309070 2521.8
1309080 2523.9
1309090 2523.9
1309100 2525.4
1309110 2526.0
1309120 2526.0
1309130 2527.4
1309140 2528.0
1309150 2528.0
1309160 2525.8
1309170 2523.4
1309180 2523.4
1309190 2526.6
1309200 2530.2
1309210 2530.2
1309220 2531.9
1309230 2531.3
1309240 2533.0
1309250 2533.0
1309260 2539.1
1309270 2545.9
1309280 2545.9
1309290 2553.0
1309300 2560.5
1309310 2560.5
1309320 2569.1
1309330 2580.5
1309340 2580.5
1309350 2600.6
1309360 2623.5
1309370 2623.5
1309380 2637.1
1309390 2647.0
1309400 2647.0
1309410 2656.1
1309420 2665.9
1309430 2665.9
1309440 2676.6
1309450 2681.1
1309460 2672.6
1309470 2672.6
1309480 2658.2
1309490 2651.7
1309500 2651.7
1309510 2653.7
1309520 2641.9
1309530 2641.9
1309540 2630.1
1309550 2624.4
1309560 2624.4
1309570 2640.6
1309580 2636.7
1309590 2636.7
1309600 2636.5
1309610 2635.6
1309620 2635.6
1309630 2636.7
1309640 2637.0
1309650 2637.0
1309660 2640.0
1309670 2644.6
1309680 2648.3
1309690 2648.3
1309700 2649.8
1309710 2653.4
1309720 2653.4
1309730 2654.6
1309740 2655.7
1309750 2655.7
1309760 2659.1
1309770 2662.2
1309780 2662.2
1309790 2665.8
1309800 2669.2
1309810 2669.2
1309820 2671.4
1309830 2673.0
1309840 2673.0
1309850 2675.4
1309860 2679.0
1309870 2679.0
1309880 2681.5
1309890 2682.2
1309900 2682.2
1309910 2684.5
1309920 2688.5
1309930 2692.7
1309940 2692.7
1309950 2695.9
1309960 2700.5
1309970 2700.5
1309980 2706.3
1309990 2712.7
1310000 2712.7
1310010 2719.2
1310020 2729.4
1310030 2729.4
1310040 2740.5
1310050 2753.7
1310060 2753.7
1310070 2764.5
1310080 2775.3
1310090 2775.3
1310100 2786.5
1310110 2795.0
1310120 2795.0
1310130 2801.9
1310140 2803.6
1310150 2799.5
1310160 2799.5
1310170 2796.2
1310180 2790.1
1310190 2790.1
1310200 2784.2
1310210 2780.2
1310220 2780.2
1310230 2777.4
1310240 2770.9
1310250 2770.9
1310260 2755.3
1310270 2741.3
1310280 2741.3
1310290 2731.0
1310300 2717.3
1310310 2717.3
1310320 2706.0
1310330 2694.3
1310340 2694.3
1310350 2683.4
1310360 2670.4
1310370 2655.8
1310380 2655.8
1310390 2647.1
1310400 2640.2
1310410 2640.2
1310420 2632.0
1310430 2620.1
1310440 2620.1
1310450 2606.5
1310460 2597.7
1310470 2597.7
1310480 2584.4
1310490 2571.8
1310500 2571.8
1310510 2566.9
1310520 2563.0
1310530 2563.0
1310540 2559.0
1310550 2557.6
1310560 2557.6
1310570 2556.9
1310580 2555.7
1310590 2547.1
1310600 2547.1
1310610 2529.5
1310620 2517.6
1310630 2517.6
1310640 2510.6
1310650 2508.0
1310660 2508.0
1310670 2507.3
1310680 2498.9
1310690 2498.9
1310700 2489.1
1310710 2480.8
1310720 2480.8
1310730 2474.0
1310740 2466.7
1310750 2466.7
1310760 2463.3
1310770 2462.2
1310780 2462.2
1310790 2455.9
1310800 2447.7
1310810 2447.7
1310820 2443.6
1310830 2441.1
1310840 2436.1
1310850 2436.1
1310860 2430.4
1310870 2426.0
1310880 2426.0
1310890 2423.0
1310900 2422.9
1310910 2422.9
1310920 2424.2
1310930 2425.6
1310940 2425.6
1310950 2426.7
1310960 2429.7
1310970 2429.7
1310980 2430.1
1310990 2429.5
1311000 2429.5
1311010 2425.0
1311020 2416.9
1311030 2414.3
1311040 2406.0
1311050 2397.5
1311060 2394.1
1311070 2394.1
1311080 2398.1
1311090 2393.1
1311100 2393.1
1311110 2380.8
1311120 2369.8
1311130 2369.8
1311140 2360.1
1311150 2357.0
1311160 2357.0
1311170 2361.1
1311180 2357.7
1311190 2357.7
1311200 2348.3
1311210 2340.2
1311220 2340.2
1311230 2333.3
1311240 2322.2
1311250 2322.2
1311260 2309.5
1311270 2295.2
1311280 2277.8
1311290 2277.8
1311300 2267.0
1311310 2259.9
1311320 2259.9
1311330 2254.2
1311340 2249.6
1311350 2249.6
1311360 2246.9
1311370 2245.1
1311380 2245.1
1311390 2244.0
1311400 2244.5
1311410 2244.5
1311420 2245.8
1311430 2242.4
1311440 2242.4
1311450 2237.3
1311460 2234.0
1311470 2234.0
1311480 2230.4
1311490 2226.6
1311500 2223.0
1311510 2223.0
1311520 2220.2
1311530 2216.8
1311540 2216.8
1311550 2214.5
1311560 2211.4
1311570 2211.4
1311580 2208.5
1311590 2205.9
1311600 2205.9
1311610 2203.2
1311620 2201.2
1311630 2201.2
1311640 2199.8
1311650 2197.8
1311660 2197.8
1311670 2195.8
1311680 2195.0
1311690 2195.0
1311700 2194.5
1311710 2195.0
1311720 2195.0
1311730 2196.0
1311740 2197.0
1311750 2198.2
1311760 2189.4
1311770 2190.2
1311780 2190.2
1311790 2190.2
1311800 2188.5
1311810 2184.1
1311820 2184.1
1311830 2176.8
1311840 2169.0
1311850 2169.0
1311860 2161.7
1311870 2154.7
1311880 2154.7
1311890 2148.1
1311900 2143.6
1311910 2143.6
1311920 2140.7
1311930 2138.1
1311940 2138.1
1311950 2135.5
1311960 2132.5
1311970 2129.7
1311980 2129.7
1311990 2127.2
1312000 2124.2
1312010 2124.2
1312020 2121.4
1312030 2119.0
1312040 2119.0
1312050 2117.6
1312060 2116.7
1312070 2116.7
1312080 2116.0
1312090 2116.9
1312100 2116.9
1312110 2118.9
1312120 2119.6
1312130 2119.6
1312140 2121.9
1312150 2124.8
1312160 2124.8
1312170 2126.6
1312180 2127.0
1312190 2127.4
1312200 2127.4
1312210 2127.7
1312220 2127.3
1312230 2127.3
1312240 2126.9
1312250 2125.7
1312260 2125.7
1312270 2124.9
1312280 2125.3
1312290 2125.3
1312300 2125.3
1312310 2125.0
1312320 2125.0
1312330 2124.5
1312340 2123.6
1312350 2123.6
1312360 2121.5
1312370 2118.0
1312380 2118.0
1312390 2113.8
1312400 2110.1
1312410 2107.7
1312420 2107.7
1312430 2105.5
1312440 2103.0
1312450 2103.0
1312460 2098.6
1312470 2091.3
1312480 2091.3
1312490 2083.2
1312500 2075.1
1312510 2075.1
1312520 2068.6
1312530 2060.1
1312540 2060.1
1312550 2050.8
1312560 2040.7
1312570 2040.7
1312580 2029.7
1312590 2017.7
1312600 2017.7
1312610 2007.7
1312620 1998.5
1312630 1998.5
1312640 1989.5
1312650 1979.4
1312660 1970.1
1312670 1970.1
1312680 1962.0
1312690 1953.1
1312700 1953.1
1312710 1941.5
1312720 1928.8
1312730 1928.8
1312740 1917.6
1312750 1907.1
1312760 1907.1
1312770 1896.9
1312780 1885.9
1312790 1885.9
1312800 1874.4
1312810 1862.7
1312820 1862.7
1312830 1853.4
1312840 1848.1
1312850 1848.1
1312860 1843.7
1312870 1834.4
1312880 1822.5
1312890 1822.5
1312900 1809.9
1312910 1796.6
1312920 1796.6
1312930 1784.4
1312940 1768.5
1312950 1768.5
1312960 1757.0
1312970 1744.4
1312980 1744.4
1312990 1729.9
1313000 1716.2
1313010 1716.2
1313020 1703.7
1313030 1691.5
1313040 1691.5
1313050 1679.0
1313060 1667.1
1313070 1667.1
1313080 1657.0
1313090 1659.5
1313100 1668.9
1313110 1668.9
1313120 1668.5
1313130 1657.9
1313140 1657.9
1313150 1644.6
1313160 1631.3
1313170 1631.3
1313180 1618.9
1313190 1609.9
1313200 1609.9
1313210 1614.2
1313220 1618.5
1313230 1618.5
1313240 1623.8
1313250 1618.2
1313260 1618.2
1313270 1612.0
1313280 1605.6
1313290 1605.6
1313300 1598.4
1313310 1589.0
1313320 1570.0
1313330 1570.0
1313340 1531.9
1313350 1470.3
1313360 1470.3
1313370 1441.8
1313380 1430.9
1313390 1430.9
1313400 1419.4
1313410 1407.5
1313420 1407.5
1313430 1393.8
1313440 1383.2
1313450 1383.2
1313460 1373.4
1313470 1363.7
1313480 1363.7
1313490 1353.1
1313500 1337.6
1313510 1337.6
1313520 1325.4
1313530 1317.0
1313540 1310.7
1313550 1310.7
1313560 1303.9
1313570 1292.1
1313580 1292.1
1313590 1280.2
1313600 1269.7
1313610 1269.7
1313620 1261.3
1313630 1254.6
1313640 1254.6
1313650 1247.5
1313660 1239.7
1313670 1239.7
1313680 1232.0
1313690 1224.6
1313700 1224.6
1313710 1217.5
1313720 1210.0
1313730 1210.0
1313740 1202.4
1313750 1194.6
1313760 1194.6
1313770 1186.6
1313780 1178.5
1313790 1170.9
1313800 1170.9
1313810 1163.8
1313820 1157.3
1313830 1157.3
1313840 1151.3
1313850 1144.9
1313860 1144.9
1313870 1138.3
1313880 1131.9
1313890 1131.9
1313900 1124.8
1313910 1118.4
1313920 1118.4
1313930 1112.5
1313940 1105.6
1313950 1105.6
1313960 1099.9
1313970 1094.8
1313980 1095.6
1313990 1090.6
1314000 1084.6
1314010 1079.0
1314020 1079.0
1314030 1073.9
1314040 1068.5
1314050 1068.5
1314060 1062.7
1314070 1057.3
1314080 1057.3
1314090 1052.0
1314100 1046.7
1314110 1046.7
1314120 1041.5
1314130 1036.2
1314140 1036.2
1314150 1030.8
1314160 1025.0
1314170 1025.0
1314180 1019.1
1314190 1016.0
1314200 1016.0
1314210 1014.7
1314220 1012.8
1314230 1008.9
1314240 1008.9
1314250 1004.7
1314260 1000.7
1314270 1000.7
1314280 995.9
1314290 991.2
1314300 991.2
1314310 986.7
1314320 981.8
1314330 981.8
1314340 976.9
1314350 972.2
1314360 972.2
1314370 967.8
1314380 963.1
1314390 963.1
1314400 959.5
1314410 956.1
1314420 956.1
1314430 952.5
1314440 949.0
1314450 942.7
1314460 942.7
1314470 934.2
1314480 928.3
1314490 928.3
1314500 927.3
1314510 925.2
1314520 925.2
1314530 924.0
1314540 925.2
1314550 925.2
1314560 931.1
1314570 938.7
1314580 938.7
1314590 946.4
1314600 956.0
1314610 956.0
1314620 967.6
1314630 977.8
1314640 977.8
1314650 986.0
1314660 993.9
1314670 993.9
1314680 1002.8
1314690 1009.4
1314700 1015.0
1314710 1015.0
1314720 1021.7
1314730 1033.0
1314740 1033.0
1314750 1037.4
1314760 1041.9
1314770 1041.9
1314780 1047.2
1314790 1052.5
1314800 1052.5
1314810 1058.2
1314820 1064.1
1314830 1064.1
1314840 1072.7
1314850 1081.9
1314860 1081.9
1314870 1084.6
1314880 1088.0
1314890 1088.0
1314900 1093.1
1314910 1097.1
1314920 1102.2
1314930 1102.2
1314940 1108.9
1314950 1114.7
1314960 1114.7
1314970 1117.6
1314980 1120.7
1314990 1120.7
1315000 1123.9
1315010 1127.2
1315020 1127.2
1315030 1131.5
1315040 1135.6
1315050 1135.6
1315060 1138.8
1315070 1142.3
1315080 1142.3
1315090 1146.6
1315100 1152.8
1315110 1152.8
1315120 1160.5
1315130 1168.8
1315140 1176.8
1315150 1176.8
1315160 1184.5
1315170 1191.7
1315180 1191.7
1315190 1197.8
1315200 1203.3
1315210 1203.3
1315220 1208.8
1315230 1213.8
1315240 1213.8
1315250 1219.0
1315260 1224.4
1315270 1224.4
1315280 1230.2
1315290 1236.5
1315300 1236.5
1315310 1242.5
1315320 1249.0
1315330 1249.0
1315340 1253.6
1315350 1256.7
1315360 1260.2
1315370 1260.2
1315380 1265.3
1315390 1269.7
1315400 1269.7
1315410 1274.0
1315420 1278.8
1315430 1278.8
1315440 1283.9
1315450 1287.3
1315460 1287.3
1315470 1297.3
1315480 1301.3
1315490 1301.3
1315500 1304.2
1315510 1309.3
1315520 1309.3
1315530 1315.0
1315540 1319.7
1315550 1319.7
1315560 1325.1
1315570 1334.1
1315580 1334.1
1315590 1345.5
1315600 1353.6
1315610 1360.2
1315620 1360.2
1315630 1366.9
1315640 1373.6
1315650 1373.6
1315660 1379.8
1315670 1386.0
1315680 1386.0
1315690 1400.7
1315700 1437.5
1315710 1437.5
1315720 1449.5
1315730 1455.8
1315740 1455.8
1315750 1461.5
1315760 1467.0
1315770 1467.0
1315780 1472.4
1315790 1479.5
1315800 1479.5
1315810 1486.7
1315820 1493.2
1315830 1499.6
1315840 1499.6
1315850 1506.2
1315860 1511.9
1315870 1511.9
1315880 1516.5
1315890 1517.7
1315900 1517.7
1315910 1521.5
1315920 1528.3
1315930 1528.3
1315940 1533.1
1315950 1537.2
1315960 1537.2
1315970 1543.0
1315980 1549.1
1315990 1549.1
1316000 1554.4
1316010 1560.6
1316020 1560.6
1316030 1567.3
1316040 1573.0
1316050 1578.4
1316060 1578.4
1316070 1585.0
1316080 1590.5
1316090 1590.5
1316100 1595.1
1316110 1599.9
1316120 1599.9
1316130 1605.9
1316140 1613.3
1316150 1613.3
1316160 1619.2
1316170 1625.0
1316180 1625.0
1316190 1631.5
1316200 1638.2
1316210 1638.2
1316220 1644.5
1316230 1656.0
1316240 1656.0
1316250 1662.4
1316260 1669.6
1316270 1678.0
1316280 1678.0
1316290 1687.2
1316300 1696.7
1316310 1696.7
1316320 1706.5
1316330 1717.9
1316340 1717.9
1316350 1730.4
1316360 1743.4
1316370 1743.4
1316380 1755.5
1316390 1765.5
1316400 1765.5
1316410 1775.4
1316420 1785.8
1316430 1785.8
1316440 1799.9
1316450 1815.2
1316460 1815.2
1316470 1829.0
1316480 1840.8
1316490 1840.8
1316500 1851.3
1316510 1859.7
1316520 1867.7
1316530 1867.7
1316540 1876.0
1316550 1884.6
1316560 1884.6
1316570 1893.3
1316580 1901.8
1316590 1901.8
1316600 1911.6
1316610 1921.4
1316620 1921.4
1316630 1928.3
1316640 1934.1
1316650 1934.1
1316660 1941.4
1316670 1952.4
1316680 1952.4
1316690 1966.2
1316700 1980.6
1316710 1980.6
1316720 1992.4
1316730 2001.0
1316740 2009.1
1316750 2009.1
1316760 2017.3
1316770 2025.6
1316780 2025.6
1316790 2032.6
1316800 2038.1
1316810 2038.1
1316820 2044.4
1316830 2051.4
1316840 2051.4
1316850 2060.6
1316860 2069.5
1316870 2069.5
1316880 2077.7
1316890 2085.1
1316900 2085.1
1316910 2089.2
1316920 2091.1
1316930 2091.1
1316940 2093.4
1316950 2096.8
1316960 2102.2
1316970 2102.2
1316980 2109.8
1316990 2115.9
1317000 2115.9
1317010 2121.4
1317020 2126.8
1317030 2126.8
1317040 2132.8
1317050 2139.4
1317060 2139.4
1317070 2146.7
1317080 2155.9
1317090 2155.9
1317100 2167.4
1317110 2181.0
1317120 2181.0
1317130 2190.0
1317140 2197.5
1317150 2197.5
1317160 2205.6
1317170 2214.0
1317180 2222.7
1317190 2222.7
1317200 2232.0
1317210 2240.5
1317220 2240.5
1317230 2249.4
1317240 2257.8
1317250 2257.8
1317260 2265.9
1317270 2274.1
1317280 2274.1
1317290 2282.1
1317300 2289.9
1317310 2289.9
1317320 2297.3
1317330 2305.3
1317340 2305.3
1317350 2313.6
1317360 2321.2
1317370 2321.2
1317380 2328.3
1317390 2336.2
1317400 2336.2
1317410 2344.9
1317420 2353.0
1317430 2361.4
1317440 2361.4
1317450 2370.4
1317460 2380.2
1317470 2380.2
1317480 2391.2
1317490 2402.6
1317500 2402.6
1317510 2411.1
1317520 2417.0
1317530 2417.0
1317540 2421.5
1317550 2416.2
1317560 2416.2
1317570 2404.6
1317580 2394.1
1317590 2394.1
1317600 2386.6
1317610 2379.2
1317620 2379.2
1317630 2374.5
1317640 2370.1
1317650 2362.6
1317660 2362.6
1317670 2356.1
1317680 2350.4
1317690 2350.4
1317700 2345.3
1317710 2338.1
1317720 2338.1
1317730 2330.8
1317740 2316.7
1317750 2316.7
1317760 2309.2
1317770 2301.9
1317780 2301.9
1317790 2293.6
1317800 2285.4
1317810 2285.4
1317820 2277.4
1317830 2269.3
1317840 2269.3
1317850 2260.9
1317860 2253.1
1317870 2246.2
1317880 2246.2
1317890 2239.0
1317900 2230.4
1317910 2230.4
1317920 2220.7
1317930 2212.0
1317940 2212.0
1317950 2203.8
1317960 2186.3
1317970 2186.3
1317980 2177.2
1317990 2177.0
1318000 2177.0
1318010 2175.2
1318020 2165.8
1318030 2165.8
1318040 2152.6
1318050 2145.7
1318060 2145.7
1318070 2135.9
1318080 2126.1
1318090 2116.1
1318100 2116.1
1318110 2109.5
1318120 2101.9
1318130 2101.9
1318140 2094.9
1318150 2086.3
1318160 2086.3
1318170 2074.0
1318180 2059.6
1318190 2059.6
1318200 2036.0
1318210 2010.8
1318220 2010.8
1318230 1996.0
1318240 1988.7
1318250 1988.7
1318260 1979.5
1318270 1967.6
1318280 1967.6
1318290 1955.4
1318300 1943.8
1318310 1932.9
1318320 1932.9
1318330 1921.9
1318340 1907.4
1318350 1907.4
1318360 1891.4
1318370 1873.7
1318380 1873.7
1318390 1859.9
1318400 1850.9
1318410 1850.9
1318420 1843.6
1318430 1835.3
1318440 1835.3
1318450 1833.2
1318460 1829.6
1318470 1829.6
1318480 1827.2
1318490 1831.0
1318500 1840.8
1318510 1839.7
1318520 1838.2
1318530 1838.2
1318540 1832.9
1318550 1824.9
1318560 1820.1
1318570 1820.1
1318580 1819.1
1318590 1818.7
1318600 1818.7
1318610 1815.6
1318620 1810.1
1318630 1810.1
1318640 1804.0
1318650 1796.7
1318660 1796.7
1318670 1789.7
1318680 1785.1
1318690 1785.1
1318700 1779.6
1318710 1772.3
1318720 1772.3
1318730 1764.6
1318740 1757.8
1318750 1757.8
1318760 1748.9
1318770 1745.4
1318780 1741.0
1318790 1741.0
1318800 1739.6
1318810 1738.9
1318820 1738.9
1318830 1736.9
1318840 1733.9
1318850 1733.9
1318860 1731.0
1318870 1729.2
1318880 1729.2
1318890 1726.7
1318900 1723.0
1318910 1723.0
1318920 1719.0
1318930 1718.1
1318940 1718.1
1318950 1718.4
1318960 1717.4
1318970 1717.4
1318980 1714.9
1318990 1709.4
1319000 1703.3
1319010 1703.3
1319020 1695.7
1319030 1683.6
1319040 1683.6
1319050 1678.9
1319060 1681.5
1319070 1681.5
1319080 1681.8
1319090 1679.4
1319100 1679.4
1319110 1679.6
1319120 1681.1
1319130 1681.1
1319140 1678.8
1319150 1677.3
1319160 1677.3
1319170 1677.0
1319180 1673.6
1319190 1673.6
1319200 1673.2
1319210 1676.8
1319220 1679.2
1319230 1679.2
1319240 1679.9
1319250 1681.8
1319260 1681.8
1319270 1688.8
1319280 1690.6
1319290 1690.6
1319300 1694.4
1319310 1698.7
1319320 1698.7
1319330 1702.3
1319340 1706.1
1319350 1706.1
1319360 1709.9
1319370 1713.8
1319380 1713.8
1319390 1719.1
1319400 1723.1
1319410 1723.1
1319420 1725.4
1319430 1727.0
1319440 1727.0
1319450 1723.8
1319460 1721.3
1319470 1718.1
1319480 1718.1
1319490 1711.2
1319500 1699.2
1319510 1699.2
1319520 1695.4
1319530 1693.9
1319540 1693.9
1319550 1684.8
1319560 1672.4
1319570 1672.4
1319580 1665.7
1319590 1660.4
1319600 1660.4
1319610 1655.0
1319620 1649.5
1319630 1649.5
1319640 1644.7
1319650 1640.7
1319660 1640.7
1319670 1632.9
1319680 1625.7
1319690 1619.5
1319700 1619.5
1319710 1614.0
1319720 1608.8
1319730 1608.8
1319740 1601.3
1319750 1583.6
1319760 1583.6
1319770 1560.4
1319780 1537.6
1319790 1537.6
1319800 1519.6
1319810 1505.0
1319820 1505.0
1319830 1489.5
1319840 1468.5
1319850 1468.5
1319860 1444.8
1319870 1415.2
1319880 1415.2
1319890 1392.2
1319900 1372.6
1319910 1348.9
1319920 1348.9
1319930 1327.7
1319940 1314.1
1319950 1314.1
1319960 1303.6
1319970 1296.6
1319980 1296.6
1319990 1298.8
