1300000 2034.9
1300010 2031.3
1300020 2028.2
1300030 2020.4
1300040 2017.5
1300050 2014.4
1300060 2014.4
1300070 2011.3
1300080 2007.4
1300090 2007.4
1300100 2001.8
1300110 1997.6
1300120 1997.6
1300130 1996.3
1300140 1995.4
1300150 1989.5
1300160 1989.5
1300170 1982.5
1300180 1980.5
1300190 1980.5
1300200 1972.9
1300210 1963.1
1300220 1963.1
1300230 1957.5
1300240 1953.6
1300250 1953.6
1300260 1948.9
1300270 1943.3
1300280 1943.3
1300290 1936.3
1300300 1930.1
1300310 1930.1
1300320 1925.3
1300330 1920.8
1300340 1920.8
1300350 1916.7
1300360 1912.7
1300370 1909.1
1300380 1909.1
1300390 1906.6
1300400 1903.4
1300410 1903.4
1300420 1899.7
1300430 1895.8
1300440 1895.8
1300450 1892.0
1300460 1888.6
1300470 1888.6
1300480 1885.8
1300490 1882.8
1300500 1882.8
1300510 1880.4
1300520 1877.9
1300530 1877.9
1300540 1875.0
1300550 1873.1
1300560 1873.1
1300570 1871.9
1300580 1871.0
1300590 1870.8
1300600 1870.8
1300610 1869.6
1300620 1868.5
1300630 1868.5
1300640 1867.9
1300650 1867.8
1300660 1867.8
1300670 1864.3
1300680 1858.8
1300690 1858.8
1300700 1853.1
1300710 1848.0
1300720 1848.3
1300730 1844.4
1300740 1839.6
1300750 1839.6
1300760 1834.6
1300770 1829.9
1300780 1829.9
1300790 1825.5
1300800 1821.4
1300810 1821.4
1300820 1816.9
1300830 1812.4
1300840 1808.0
1300850 1808.0
1300860 1803.8
1300870 1799.5
1300880 1799.5
1300890 1795.6
1300900 1791.6
1300910 1791.6
1300920 1787.6
1300930 1783.0
1300940 1783.0
1300950 1777.6
1300960 1772.1
1300970 1772.1
1300980 1765.9
1300990 1759.1
1301000 1759.1
1301010 1751.8
1301020 1744.9
1301030 1744.9
1301040 1737.0
1301050 1729.2
1301060 1721.8
1301070 1721.8
1301080 1714.0
1301090 1706.7
1301100 1706.7
1301110 1698.9
1301120 1690.9
1301130 1690.9
1301140 1683.2
1301150 1675.6
1301160 1675.6
1301170 1669.6
1301180 1664.1
1301190 1664.1
1301200 1658.2
1301210 1652.2
1301220 1652.2
1301230 1646.3
1301240 1640.6
1301250 1640.6
1301260 1635.0
1301270 1629.5
1301280 1624.5
1301290 1624.5
1301300 1619.5
1301310 1613.8
1301320 1613.8
1301330 1607.8
1301340 1602.6
1301350 1602.6
1301360 1597.9
1301370 1593.1
1301380 1593.1
1301390 1588.1
1301400 1584.0
1301410 1584.0
1301420 1579.6
1301430 1574.6
1301440 1574.6
1301450 1569.4
1301460 1564.3
1301470 1564.3
1301480 1558.5
1301490 1552.6
1301500 1552.6
1301510 1547.3
1301520 1542.6
1301530 1536.8
1301540 1536.8
1301550 1531.1
1301560 1526.0
1301570 1526.0
1301580 1519.6
1301590 1510.9
1301600 1510.9
1301610 1502.4
1301620 1492.0
1301630 1492.0
1301640 1479.5
1301650 1468.5
1301660 1468.5
1301670 1459.2
1301680 1451.6
1301690 1451.6
1301700 1445.1
1301710 1439.4
1301720 1439.4
1301730 1433.7
1301740 1427.7
1301750 1421.6
1301760 1421.6
1301770 1415.8
1301780 1410.5
1301790 1410.5
1301800 1408.7
1301810 1407.7
1301820 1407.7
1301830 1406.8
1301840 1406.2
1301850 1406.2
1301860 1405.5
1301870 1405.1
1301880 1405.1
1301890 1404.9
1301900 1404.5
1301910 1404.5
1301920 1404.0
1301930 1403.9
1301940 1403.9
1301950 1403.7
1301960 1403.6
1301970 1403.5
1301980 1403.5
1301990 1404.3
1302000 1403.6
1302010 1403.6
1302020 1402.6
1302030 1402.2
1302040 1402.2
1302050 1401.8
1302060 1401.5
1302070 1401.5
1302080 1401.1
1302090 1400.9
1302100 1400.6
1302110 1400.2
1302120 1399.8
1302130 1399.8
1302140 1399.2
1302150 1398.4
1302160 1398.4
1302170 1397.8
1302180 1397.3
1302190 1396.7
1302200 1396.7
1302210 1396.2
1302220 1395.6
1302230 1395.6
1302240 1394.7
1302250 1391.5
1302260 1391.5
1302270 1388.6
1302280 1387.7
1302290 1387.7
1302300 1386.9
1302310 1386.1
1302320 1386.1
1302330 1385.8
1302340 1385.7
1302350 1385.7
1302360 1385.7
1302370 1385.5
1302380 1385.5
1302390 1386.1
1302400 1387.8
1302410 1387.8
1302420 1389.8
1302430 1391.2
1302440 1392.0
1302450 1392.0
1302460 1394.0
1302470 1398.0
1302480 1398.0
1302490 1402.9
1302500 1407.8
1302510 1407.8
1302520 1412.8
1302530 1417.4
1302540 1417.4
1302550 1421.9
1302560 1426.5
1302570 1426.5
1302580 1430.9
1302590 1436.5
1302600 1436.5
1302610 1443.2
1302620 1449.6
1302630 1449.6
1302640 1456.2
1302650 1463.4
1302660 1470.8
1302670 1470.8
1302680 1478.6
1302690 1487.1
1302700 1487.1
1302710 1496.9
1302720 1510.1
1302730 1510.1
1302740 1532.0
1302750 1545.0
1302760 1545.0
1302770 1554.7
1302780 1564.7
1302790 1564.7
1302800 1583.4
1302810 1588.7
1302820 1588.7
1302830 1593.5
1302840 1597.3
1302850 1597.3
1302860 1601.2
1302870 1605.8
1302880 1610.4
1302890 1610.4
1302900 1614.3
1302910 1617.1
1302920 1617.1
1302930 1619.2
1302940 1622.6
1302950 1622.6
1302960 1626.9
1302970 1631.0
1302980 1631.0
1302990 1636.2
1303000 1642.5
1303010 1642.5
1303020 1649.7
1303030 1657.2
1303040 1657.2
1303050 1664.0
1303060 1670.2
1303070 1670.2
1303080 1676.3
1303090 1680.8
1303100 1680.8
1303110 1683.9
1303120 1687.2
1303130 1690.3
1303140 1690.3
1303150 1693.6
1303160 1696.5
1303170 1696.5
1303180 1698.9
1303190 1702.2
1303200 1702.2
1303210 1705.6
1303220 1707.7
1303230 1707.7
1303240 1707.9
1303250 1707.3
1303260 1707.3
1303270 1708.0
1303280 1708.8
1303290 1708.8
1303300 1710.6
1303310 1713.3
1303320 1713.3
1303330 1716.8
1303340 1721.0
1303350 1726.1
1303360 1726.1
1303370 1730.7
1303380 1735.7
1303390 1735.7
1303400 1741.0
1303410 1745.7
1303420 1745.7
1303430 1750.4
1303440 1754.4
1303450 1754.4
1303460 1758.7
1303470 1764.0
1303480 1764.0
1303490 1769.9
1303500 1777.0
1303510 1777.0
1303520 1782.2
1303530 1787.0
1303540 1787.0
1303550 1792.6
1303560 1798.8
1303570 1804.0
1303580 1804.0
1303590 1807.2
1303600 1809.2
1303610 1809.2
1303620 1811.7
1303630 1815.7
1303640 1815.7
1303650 1819.9
1303660 1823.3
1303670 1823.3
1303680 1825.7
1303690 1827.8
1303700 1827.8
1303710 1829.3
1303720 1825.9
1303730 1825.9
1303740 1819.6
1303750 1813.1
1303760 1813.1
1303770 1806.7
1303780 1800.4
1303790 1794.8
1303800 1794.8
1303810 1789.5
1303820 1785.2
1303830 1785.2
1303840 1782.6
1303850 1779.7
1303860 1779.7
1303870 1775.4
1303880 1770.8
1303890 1770.8
1303900 1765.3
1303910 1760.7
1303920 1760.7
1303930 1758.3
1303940 1756.9
1303950 1756.9
1303960 1762.9
1303970 1769.7
1303980 1769.7
1303990 1774.7
1304000 1776.1
1304010 1776.1
1304020 1779.0
1304030 1783.3
1304040 1789.0
1304050 1789.0
1304060 1797.5
1304070 1805.2
1304080 1805.2
1304090 1810.7
1304100 1814.9
1304110 1814.9
1304120 1818.9
1304130 1823.2
1304140 1823.2
1304150 1828.2
1304160 1833.9
1304170 1833.9
1304180 1839.1
1304190 1842.6
1304200 1847.5
1304210 1851.5
1304220 1855.7
1304230 1855.7
1304240 1860.3
1304250 1865.0
1304260 1870.1
1304270 1870.1
1304280 1875.4
1304290 1881.2
1304300 1881.2
1304310 1886.6
1304320 1891.4
1304330 1891.4
1304340 1895.4
1304350 1899.2
1304360 1899.2
1304370 1901.9
1304380 1904.1
1304390 1904.1
1304400 1907.8
1304410 1912.4
1304420 1912.4
1304430 1915.9
1304440 1919.1
1304450 1919.1
1304460 1923.8
1304470 1928.6
1304480 1932.3
1304490 1932.3
1304500 1935.1
1304510 1937.0
1304520 1937.0
1304530 1928.1
1304540 1912.0
1304550 1912.0
1304560 1907.0
1304570 1906.6
1304580 1906.6
1304590 1910.0
1304600 1916.6
1304610 1916.6
1304620 1911.2
1304630 1901.4
1304640 1901.4
1304650 1894.1
1304660 1891.1
1304670 1891.1
1304680 1887.4
1304690 1884.6
1304700 1884.6
1304710 1885.1
1304720 1878.9
1304730 1874.2
1304740 1874.2
1304750 1874.8
1304760 1880.7
1304770 1880.7
1304780 1880.1
1304790 1867.4
1304800 1867.4
1304810 1864.7
1304820 1865.8
1304830 1865.8
1304840 1865.9
1304850 1863.8
1304860 1863.8
1304870 1861.0
1304880 1858.8
1304890 1858.8
1304900 1857.2
1304910 1863.3
1304920 1863.3
1304930 1862.4
1304940 1861.6
1304950 1861.6
1304960 1861.6
1304970 1860.9
1304980 1859.8
1304990 1859.8
1305000 1858.9
1305010 1857.2
1305020 1857.2
1305030 1854.6
1305040 1851.6
1305050 1851.6
1305060 1850.0
1305070 1848.2
1305080 1848.2
1305090 1845.8
1305100 1845.5
1305110 1845.5
1305120 1846.4
1305130 1846.7
1305140 1846.7
1305150 1847.5
1305160 1847.4
1305170 1847.3
1305180 1847.3
1305190 1847.2
1305200 1846.7
1305210 1846.7
1305220 1846.0
1305230 1845.9
1305240 1845.9
1305250 1846.5
1305260 1847.1
1305270 1847.1
1305280 1847.0
1305290 1846.5
1305300 1846.5
1305310 1845.8
1305320 1845.3
1305330 1845.3
1305340 1845.0
1305350 1842.5
1305360 1842.5
1305370 1839.4
1305380 1837.9
1305390 1835.9
1305400 1835.9
1305410 1833.0
1305420 1830.0
1305430 1830.0
1305440 1827.1
1305450 1824.8
1305460 1824.8
1305470 1823.2
1305480 1823.2
1305490 1823.2
1305500 1825.8
1305510 1828.5
1305520 1828.5
1305530 1830.5
1305540 1830.8
1305550 1830.8
1305560 1832.2
1305570 1835.4
1305580 1835.4
1305590 1837.3
1305600 1838.4
1305610 1838.4
1305620 1845.7
1305630 1846.6
1305640 1846.1
1305650 1846.1
1305660 1846.3
1305670 1846.5
1305680 1846.5
1305690 1846.9
1305700 1847.6
1305710 1847.6
1305720 1847.6
1305730 1846.7
1305740 1846.7
1305750 1846.9
1305760 1845.8
1305770 1845.8
1305780 1844.0
1305790 1842.2
1305800 1842.2
1305810 1842.2
1305820 1845.7
1305830 1845.7
1305840 1853.7
1305850 1860.3
1305860 1864.5
1305870 1864.5
1305880 1867.8
1305890 1869.9
1305900 1869.9
1305910 1872.5
1305920 1875.2
1305930 1875.2
1305940 1877.9
1305950 1880.9
1305960 1880.9
1305970 1883.6
1305980 1886.2
1305990 1886.2
1306000 1889.2
1306010 1892.4
1306020 1892.4
1306030 1895.8
1306040 1897.5
1306050 1897.5
1306060 1898.8
1306070 1902.8
1306080 1906.7
1306090 1906.7
1306100 1912.2
1306110 1918.6
1306120 1918.6
1306130 1925.0
1306140 1930.2
1306150 1930.2
1306160 1934.8
1306170 1938.8
1306180 1938.8
1306190 1940.6
1306200 1941.7
1306210 1941.7
1306220 1943.6
1306230 1948.5
1306240 1948.5
1306250 1953.9
1306260 1959.5
1306270 1959.5
1306280 1962.9
1306290 1966.5
1306300 1966.5
1306310 1972.9
1306320 1980.5
1306330 1987.0
1306340 1987.0
1306350 1989.1
1306360 1991.0
1306370 1991.0
1306380 1994.0
1306390 1997.7
1306400 1997.7
1306410 2004.5
1306420 2011.2
1306430 2011.2
1306440 2015.9
1306450 2019.8
1306460 2019.8
1306470 2022.1
1306480 2023.5
1306490 2023.5
1306500 2025.2
1306510 2028.2
1306520 2028.2
1306530 2031.6
1306540 2035.1
1306550 2038.7
1306560 2038.7
1306570 2042.6
1306580 2046.4
1306590 2046.4
1306600 2051.0
1306610 2056.0
1306620 2056.0
1306630 2061.8
1306640 2067.7
1306650 2067.7
1306660 2073.7
1306670 2076.7
1306680 2076.7
1306690 2079.0
1306700 2082.6
1306710 2082.6
1306720 2085.7
1306730 2088.4
1306740 2088.4
1306750 2090.4
1306760 2093.5
1306770 2096.0
1306780 2096.0
1306790 2097.3
1306800 2099.7
1306810 2099.7
1306820 2104.2
1306830 2108.7
1306840 2108.7
1306850 2112.3
1306860 2115.4
1306870 2115.4
1306880 2118.3
1306890 2120.6
1306900 2120.6
1306910 2122.7
1306920 2124.4
1306930 2124.4
1306940 2126.4
1306950 2128.2
1306960 2128.2
1306970 2130.2
1306980 2132.5
1306990 2134.6
1307000 2134.6
1307010 2135.8
1307020 2136.1
1307030 2136.1
1307040 2142.5
1307050 2144.6
1307060 2144.6
1307070 2147.5
1307080 2150.0
1307090 2150.0
1307100 2152.0
1307110 2154.3
1307120 2154.3
1307130 2157.8
1307140 2162.1
1307150 2162.1
1307160 2167.0
1307170 2171.8
1307180 2171.8
1307190 2172.5
1307200 2169.7
1307210 2169.7
1307220 2167.7
1307230 2167.2
1307240 2169.2
1307250 2169.2
1307260 2172.0
1307270 2175.2
1307280 2175.2
1307290 2182.5
1307300 2190.0
1307310 2190.0
1307320 2195.7
1307330 2203.5
1307340 2203.5
1307350 2212.0
1307360 2218.5
1307370 2218.5
1307380 2223.1
1307390 2224.6
1307400 2224.6
1307410 2225.5
1307420 2225.6
1307430 2225.6
1307440 2225.5
1307450 2225.9
1307460 2225.8
1307470 2225.8
1307480 2227.6
1307490 2230.8
1307500 2230.8
1307510 2235.3
1307520 2240.6
1307530 2240.6
1307540 2247.8
1307550 2256.9
1307560 2256.9
1307570 2266.5
1307580 2277.6
1307590 2277.6
1307600 2290.6
1307610 2301.2
1307620 2301.2
1307630 2310.9
1307640 2317.6
1307650 2317.6
1307660 2322.6
1307670 2327.4
1307680 2333.0
1307690 2333.0
1307700 2338.4
1307710 2344.0
1307720 2344.0
1307730 2350.5
1307740 2356.5
1307750 2356.5
1307760 2369.0
1307770 2375.3
1307780 2375.3
1307790 2382.0
1307800 2389.0
1307810 2389.0
1307820 2395.9
1307830 2402.5
1307840 2402.5
1307850 2408.9
1307860 2415.1
1307870 2415.1
1307880 2421.3
1307890 2427.4
1307900 2433.0
1307910 2433.0
1307920 2438.8
1307930 2444.2
1307940 2444.2
1307950 2449.5
1307960 2455.1
1307970 2455.1
1307980 2458.1
1307990 2455.2
1308000 2455.2
1308010 2453.3
1308020 2446.7
1308030 2446.7
1308040 2437.9
1308050 2428.8
1308060 2428.8
1308070 2421.1
1308080 2412.4
1308090 2412.4
1308100 2406.6
1308110 2401.8
1308120 2401.8
1308130 2393.8
1308140 2386.3
1308150 2376.6
1308160 2376.6
1308170 2365.4
1308180 2339.5
1308190 2339.5
1308200 2322.9
1308210 2308.4
1308220 2308.4
1308230 2295.6
1308240 2291.4
1308250 2291.4
1308260 2288.9
1308270 2283.9
1308280 2283.9
1308290 2279.8
1308300 2277.4
1308310 2277.4
1308320 2275.5
1308330 2274.4
1308340 2274.4
1308350 2272.4
1308360 2270.4
1308370 2268.3
1308380 2268.3
1308390 2266.9
1308400 2266.7
1308410 2266.7
1308420 2266.7
1308430 2265.6
1308440 2265.6
1308450 2264.1
1308460 2262.4
1308470 2268.6
1308480 2267.9
1308490 2267.7
1308500 2267.7
1308510 2267.3
1308520 2267.6
1308530 2267.6
1308540 2269.3
1308550 2269.9
1308560 2269.9
1308570 2271.5
1308580 2273.3
1308590 2272.9
1308600 2272.9
1308610 2272.6
1308620 2273.9
1308630 2273.9
1308640 2275.7
1308650 2276.9
1308660 2276.9
1308670 2277.1
1308680 2276.8
1308690 2276.8
1308700 2277.1
1308710 2279.9
1308720 2279.9
1308730 2283.4
1308740 2286.3
1308750 2286.3
1308760 2290.5
1308770 2295.8
1308780 2295.8
1308790 2300.3
1308800 2304.4
1308810 2304.4
1308820 2309.2
1308830 2315.3
1308840 2320.4
1308850 2320.4
1308860 2325.3
1308870 2331.2
1308880 2331.2
1308890 2337.9
1308900 2344.8
1308910 2344.8
1308920 2352.1
1308930 2360.3
1308940 2360.3
1308950 2373.1
1308960 2384.4
1308970 2384.4
1308980 2394.2
1308990 2403.4
1309000 2403.4
1309010 2414.4
1309020 2426.4
1309030 2426.4
1309040 2443.5
1309050 2453.8
1309060 2461.8
1309070 2461.8
1309080 2459.3
1309090 2417.2
1309100 2417.2
1309110 2402.4
1309120 2392.4
1309130 2392.4
1309140 2381.9
1309150 2373.9
1309160 2373.9
1309170 2366.9
1309180 2360.8
1309190 2360.8
1309200 2357.9
1309210 2358.2
1309220 2358.2
1309230 2358.8
1309240 2357.5
1309250 2357.5
1309260 2356.7
1309270 2356.0
1309280 2354.6
1309290 2354.6
1309300 2353.1
1309310 2353.8
1309320 2353.8
1309330 2353.2
1309340 2352.4
1309350 2352.4
1309360 2354.0
1309370 2356.7
1309380 2356.7
1309390 2358.1
1309400 2359.5
1309410 2359.5
1309420 2360.0
1309430 2361.8
1309440 2361.8
1309450 2363.2
1309460 2364.3
1309470 2364.3
1309480 2366.3
1309490 2367.0
1309500 2367.9
1309510 2367.9
1309520 2368.4
1309530 2367.5
1309540 2367.5
1309550 2367.7
1309560 2368.9
1309570 2368.9
1309580 2368.5
1309590 2372.5
1309600 2372.5
1309610 2380.6
1309620 2389.2
1309630 2389.2
1309640 2393.4
1309650 2400.8
1309660 2400.8
1309670 2407.7
1309680 2413.7
1309690 2413.7
1309700 2417.9
1309710 2422.3
1309720 2422.3
1309730 2426.4
1309740 2430.1
1309750 2434.3
1309760 2434.3
1309770 2438.8
1309780 2443.2
1309790 2443.2
1309800 2447.9
1309810 2453.2
1309820 2453.2
1309830 2458.5
1309840 2464.2
1309850 2464.2
1309860 2470.2
1309870 2476.0
1309880 2476.0
1309890 2481.8
1309900 2487.3
1309910 2487.3
1309920 2497.1
1309930 2506.5
1309940 2506.5
1309950 2525.6
1309960 2533.0
1309970 2536.3
1309980 2536.3
1309990 2541.2
1310000 2548.4
1310010 2548.4
1310020 2559.5
1310030 2573.4
1310040 2573.4
1310050 2587.3
1310060 2598.4
1310070 2598.4
1310080 2611.2
1310090 2621.8
1310100 2621.8
1310110 2630.9
1310120 2638.2
1310130 2638.2
1310140 2645.6
1310150 2653.6
1310160 2653.6
1310170 2661.2
1310180 2669.0
1310190 2677.4
1310200 2677.4
1310210 2686.2
1310220 2694.8
1310230 2694.8
1310240 2703.7
1310250 2712.5
1310260 2712.5
1310270 2722.3
1310280 2732.8
1310290 2732.8
1310300 2742.7
1310310 2752.1
1310320 2752.1
1310330 2762.1
1310340 2767.8
1310350 2767.8
1310360 2760.7
1310370 2751.6
1310380 2751.6
1310390 2741.1
1310400 2731.1
1310410 2731.1
1310420 2722.1
1310430 2713.7
1310440 2705.5
1310450 2705.5
1310460 2697.4
1310470 2689.4
1310480 2689.4
1310490 2681.9
1310500 2674.8
1310510 2674.8
1310520 2669.3
1310530 2666.0
1310540 2666.0
1310550 2663.6
1310560 2661.3
1310570 2661.3
1310580 2658.9
1310590 2657.0
1310600 2657.0
1310610 2654.0
1310620 2650.2
1310630 2650.2
1310640 2648.8
1310650 2648.3
1310660 2648.2
1310670 2648.2
1310680 2648.8
1310690 2650.4
1310700 2650.4
1310710 2653.0
1310720 2656.3
1310730 2656.3
1310740 2660.7
1310750 2666.2
1310760 2666.2
1310770 2672.9
1310780 2680.1
1310790 2680.1
1310800 2687.8
1310810 2696.7
1310820 2696.7
1310830 2706.1
1310840 2714.1
1310850 2714.1
1310860 2720.4
1310870 2726.4
1310880 2731.6
1310890 2731.6
1310900 2734.4
1310910 2737.2
1310920 2737.2
1310930 2738.3
1310940 2738.1
1310950 2738.1
1310960 2736.2
1310970 2731.1
1310980 2731.1
1310990 2721.3
1311000 2711.9
1311010 2711.9
1311020 2702.0
1311030 2691.9
1311040 2691.9
1311050 2681.0
1311060 2673.0
1311070 2673.0
1311080 2666.2
1311090 2663.1
1311100 2657.8
1311110 2657.8
1311120 2649.9
1311130 2640.8
1311140 2640.8
1311150 2629.1
1311160 2615.4
1311170 2615.4
1311180 2604.9
1311190 2593.9
1311200 2593.9
1311210 2580.3
1311220 2565.6
1311230 2565.6
1311240 2557.1
1311250 2549.4
1311260 2549.4
1311270 2542.4
1311280 2536.2
1311290 2536.2
1311300 2529.7
1311310 2521.6
1311320 2521.6
1311330 2514.7
1311340 2509.3
1311350 2504.1
1311360 2504.1
1311370 2499.5
1311380 2489.3
1311390 2489.3
1311400 2486.5
1311410 2484.6
1311420 2484.6
1311430 2484.7
1311440 2485.8
1311450 2485.8
1311460 2489.6
1311470 2496.0
1311480 2496.0
1311490 2508.8
1311500 2511.8
1311510 2511.8
1311520 2510.6
1311530 2507.9
1311540 2507.9
1311550 2508.7
1311560 2513.5
1311570 2518.5
1311580 2518.5
1311590 2520.7
1311600 2520.6
1311610 2520.6
1311620 2521.4
1311630 2522.7
1311640 2522.7
1311650 2521.9
1311660 2519.1
1311670 2519.1
1311680 2514.8
1311690 2509.1
1311700 2509.1
1311710 2502.2
1311720 2495.7
1311730 2495.7
1311740 2490.4
1311750 2485.4
1311760 2485.4
1311770 2480.5
1311780 2475.2
1311790 2468.3
1311800 2468.3
1311810 2461.4
1311820 2455.8
1311830 2455.8
1311840 2450.7
1311850 2444.7
1311860 2444.7
1311870 2437.6
1311880 2431.2
1311890 2431.2
1311900 2424.6
1311910 2418.8
1311920 2418.8
1311930 2412.8
1311940 2407.8
1311950 2407.8
1311960 2402.7
1311970 2394.4
1311980 2394.4
1311990 2386.6
1312000 2378.9
1312010 2370.1
1312020 2370.1
1312030 2360.6
1312040 2351.7
1312050 2351.7
1312060 2343.4
1312070 2335.8
1312080 2335.8
1312090 2328.1
1312100 2319.7
1312110 2319.7
1312120 2307.9
1312130 2300.6
1312140 2300.6
1312150 2293.5
1312160 2285.8
1312170 2285.8
1312180 2278.5
1312190 2271.3
1312200 2271.3
1312210 2264.3
1312220 2256.9
1312230 2256.9
1312240 2249.1
1312250 2241.3
1312260 2234.6
1312270 2234.6
1312280 2227.7
1312290 2219.3
1312300 2219.3
1312310 2210.3
1312320 2201.5
1312330 2201.5
1312340 2193.1
1312350 2184.6
1312360 2184.6
1312370 2176.8
1312380 2169.2
1312390 2169.2
1312400 2161.5
1312410 2153.7
1312420 2153.7
1312430 2145.0
1312440 2136.8
1312450 2136.8
1312460 2129.7
1312470 2122.4
1312480 2115.1
1312490 2115.1
1312500 2107.6
1312510 2100.8
1312520 2100.8
1312530 2094.5
1312540 2090.2
1312550 2090.2
1312560 2087.6
1312570 2082.8
1312580 2082.8
1312590 2075.2
1312600 2066.3
1312610 2066.3
1312620 2058.2
1312630 2051.3
1312640 2051.3
1312650 2045.9
1312660 2040.8
1312670 2040.8
1312680 2034.2
1312690 2027.2
1312700 2021.3
1312710 2021.3
1312720 2015.1
1312730 2007.9
1312740 2007.9
1312750 2000.9
1312760 1993.6
1312770 1993.6
1312780 1986.2
1312790 1978.1
1312800 1978.1
1312810 1970.6
1312820 1962.5
1312830 1962.5
1312840 1954.7
1312850 1947.1
1312860 1938.3
1312870 1930.5
1312880 1921.1
1312890 1921.1
1312900 1912.2
1312910 1904.8
1312920 1904.8
1312930 1896.1
1312940 1884.9
1312950 1875.2
1312960 1875.2
1312970 1867.6
1312980 1861.3
1312990 1861.3
1313000 1855.9
1313010 1850.0
1313020 1850.0
1313030 1842.6
1313040 1834.5
1313050 1834.5
1313060 1826.6
1313070 1817.3
1313080 1817.3
1313090 1803.4
1313100 1792.1
1313110 1792.1
1313120 1782.0
1313130 1772.3
1313140 1772.3
1313150 1762.6
1313160 1754.1
1313170 1745.9
1313180 1745.9
1313190 1736.2
1313200 1724.4
1313210 1724.4
1313220 1712.6
1313230 1702.3
1313240 1702.3
1313250 1694.1
1313260 1687.3
1313270 1687.3
1313280 1681.3
1313290 1675.0
1313300 1675.0
1313310 1660.3
1313320 1644.3
1313330 1644.3
1313340 1625.4
1313350 1601.3
1313360 1601.3
1313370 1587.7
1313380 1577.0
1313390 1568.5
1313400 1568.5
1313410 1563.6
1313420 1560.4
1313430 1560.4
1313440 1551.1
1313450 1541.3
1313460 1541.3
1313470 1533.0
1313480 1525.7
1313490 1525.7
1313500 1519.3
1313510 1513.9
1313520 1513.9
1313530 1509.9
1313540 1505.9
1313550 1505.9
1313560 1500.8
1313570 1495.2
1313580 1495.2
1313590 1490.1
1313600 1478.5
1313610 1474.0
1313620 1474.0
1313630 1470.9
1313640 1467.2
1313650 1467.2
1313660 1461.9
1313670 1457.4
1313680 1457.4
1313690 1452.1
1313700 1444.9
1313710 1444.9
1313720 1435.8
1313730 1426.8
1313740 1426.8
1313750 1420.3
1313760 1414.4
1313770 1414.4
1313780 1409.0
1313790 1403.2
1313800 1403.2
1313810 1398.6
1313820 1394.1
1313830 1394.1
1313840 1389.4
1313850 1384.2
1313860 1377.9
1313870 1377.9
1313880 1372.2
1313890 1368.1
1313900 1368.1
1313910 1363.3
1313920 1358.6
1313930 1358.6
1313940 1351.8
1313950 1345.5
1313960 1345.5
1313970 1339.2
1313980 1331.6
1313990 1331.6
1314000 1322.6
1314010 1313.6
1314020 1313.6
1314030 1308.1
1314040 1303.2
1314050 1303.2
1314060 1295.3
1314070 1287.1
1314080 1281.9
1314090 1281.9
1314100 1276.9
1314110 1271.8
1314120 1271.8
1314130 1266.8
1314140 1260.8
1314150 1260.8
1314160 1254.7
1314170 1251.0
1314180 1251.0
1314190 1249.7
1314200 1249.8
1314210 1249.8
1314220 1248.8
1314230 1243.0
1314240 1243.0
1314250 1217.3
1314260 1184.0
1314270 1184.0
1314280 1171.0
1314290 1162.2
1314300 1154.2
1314310 1154.2
1314320 1146.7
1314330 1139.9
1314340 1136.6
1314350 1130.0
1314360 1124.4
1314370 1124.4
1314380 1117.9
1314390 1111.3
1314400 1111.3
1314410 1105.8
1314420 1101.4
1314430 1101.4
1314440 1097.5
1314450 1092.1
1314460 1092.1
1314470 1085.9
1314480 1080.8
1314490 1080.8
1314500 1076.2
1314510 1070.9
1314520 1070.9
1314530 1065.6
1314540 1061.1
1314550 1057.7
1314560 1057.7
1314570 1052.4
1314580 1047.8
1314590 1047.8
1314600 1043.5
1314610 1039.4
1314620 1039.4
1314630 1033.5
1314640 1025.9
1314650 1025.9
1314660 1019.0
1314670 1012.5
1314680 1012.5
1314690 1007.5
1314700 999.8
1314710 999.8
1314720 992.4
1314730 984.3
1314740 984.3
1314750 976.9
1314760 971.0
1314770 966.6
1314780 966.6
1314790 962.1
1314800 958.2
1314810 958.2
1314820 954.1
1314830 949.5
1314840 949.5
1314850 944.3
1314860 940.5
1314870 940.5
1314880 936.8
1314890 932.5
1314900 932.5
1314910 928.2
1314920 924.3
1314930 924.3
1314940 922.3
1314950 920.3
1314960 920.3
1314970 918.5
1314980 916.6
1314990 914.6
1315000 914.6
1315010 912.8
1315020 911.5
1315030 911.5
1315040 911.3
1315050 911.3
1315060 911.3
1315070 911.4
1315080 911.4
1315090 910.7
1315100 909.1
1315110 908.4
1315120 908.4
1315130 906.7
1315140 904.4
1315150 904.4
1315160 903.7
1315170 908.3
1315180 908.3
1315190 914.5
1315200 919.4
1315210 920.9
1315220 920.9
1315230 925.0
1315240 928.6
1315250 928.6
1315260 932.7
1315270 937.4
1315280 937.4
1315290 941.3
1315300 944.4
1315310 944.4
1315320 949.0
1315330 957.4
1315340 957.4
1315350 965.9
1315360 968.3
1315370 968.3
1315380 968.4
1315390 971.0
1315400 971.0
1315410 974.5
1315420 976.0
1315430 976.0
1315440 980.2
1315450 983.3
1315460 987.2
1315470 987.2
1315480 992.9
1315490 997.5
1315500 997.5
1315510 1002.3
1315520 1009.1
1315530 1009.1
1315540 1015.6
1315550 1023.2
1315560 1023.2
1315570 1029.2
1315580 1033.4
1315590 1033.4
1315600 1038.0
1315610 1043.0
1315620 1043.0
1315630 1049.1
1315640 1055.8
1315650 1055.8
1315660 1061.1
1315670 1067.0
1315680 1074.8
1315690 1074.8
1315700 1081.7
1315710 1085.0
1315720 1085.0
1315730 1089.9
1315740 1096.7
1315750 1096.7
1315760 1102.3
1315770 1105.8
1315780 1105.8
1315790 1110.2
1315800 1115.3
1315810 1115.3
1315820 1120.4
1315830 1125.0
1315840 1130.1
1315850 1134.4
1315860 1138.1
1315870 1138.1
1315880 1140.8
1315890 1145.1
1315900 1152.0
1315910 1152.0
1315920 1158.0
1315930 1163.1
1315940 1163.1
1315950 1168.2
1315960 1172.9
1315970 1172.9
1315980 1193.9
1315990 1246.8
1316000 1246.8
1316010 1257.0
1316020 1265.1
1316030 1265.1
1316040 1274.6
1316050 1281.7
1316060 1281.7
1316070 1286.9
1316080 1290.9
1316090 1290.9
1316100 1294.8
1316110 1300.8
1316120 1308.9
1316130 1308.9
1316140 1327.7
1316150 1337.8
1316160 1337.8
1316170 1344.0
1316180 1350.4
1316190 1350.4
1316200 1357.5
1316210 1365.2
1316220 1365.2
1316230 1372.0
1316240 1378.9
1316250 1378.9
1316260 1393.6
1316270 1429.5
1316280 1429.5
1316290 1505.0
1316300 1546.0
1316310 1546.0
1316320 1555.1
1316330 1564.5
1316340 1564.5
1316350 1574.8
1316360 1585.7
1316370 1595.5
1316380 1595.5
1316390 1604.6
1316400 1613.3
1316410 1613.3
1316420 1623.7
1316430 1635.6
1316440 1635.6
1316450 1645.8
1316460 1653.8
1316470 1653.8
1316480 1660.2
1316490 1666.0
1316500 1666.0
1316510 1671.2
1316520 1676.8
1316530 1676.8
1316540 1684.0
1316550 1690.4
1316560 1690.4
1316570 1697.9
1316580 1706.2
1316590 1717.7
1316600 1717.7
1316610 1724.0
1316620 1729.3
1316630 1729.3
1316640 1733.1
1316650 1737.8
1316660 1737.8
1316670 1743.4
1316680 1749.5
1316690 1749.5
1316700 1755.1
1316710 1760.5
1316720 1760.5
1316730 1765.9
1316740 1771.6
1316750 1771.6
1316760 1777.2
1316770 1782.1
1316780 1782.1
1316790 1788.3
1316800 1795.2
1316810 1803.6
1316820 1803.6
1316830 1813.5
1316840 1823.6
1316850 1823.6
1316860 1833.2
1316870 1841.5
1316880 1841.5
1316890 1851.7
1316900 1859.9
1316910 1859.9
1316920 1866.6
1316930 1873.8
1316940 1873.8
1316950 1881.3
1316960 1888.8
1316970 1888.8
1316980 1895.7
1316990 1902.7
1317000 1902.7
1317010 1912.4
1317020 1924.3
1317030 1924.3
1317040 1935.4
1317050 1950.3
1317060 1960.1
1317070 1960.1
1317080 1971.5
1317090 1981.7
1317100 1981.7
1317110 1988.9
1317120 2002.3
1317130 2002.3
1317140 2011.4
1317150 2027.4
1317160 2027.4
1317170 2052.0
1317180 2060.0
1317190 2060.0
1317200 2066.6
1317210 2079.7
1317220 2079.7
1317230 2091.2
1317240 2102.8
1317250 2102.8
1317260 2114.0
1317270 2124.6
1317280 2133.5
1317290 2133.5
1317300 2139.1
1317310 2145.5
1317320 2145.5
1317330 2151.2
1317340 2157.6
1317350 2159.8
1317360 2167.0
1317370 2174.2
1317380 2174.2
1317390 2182.2
1317400 2191.5
1317410 2191.5
1317420 2202.2
1317430 2211.6
1317440 2211.6
1317450 2218.5
1317460 2223.5
1317470 2223.5
1317480 2226.1
1317490 2227.2
1317500 2224.6
1317510 2224.6
1317520 2212.3
1317530 2198.1
1317540 2198.1
1317550 2188.3
1317560 2179.7
1317570 2179.7
1317580 2168.2
1317590 2155.7
1317600 2155.7
1317610 2142.2
1317620 2131.6
1317630 2131.6
1317640 2121.9
1317650 2111.5
1317660 2111.5
1317670 2102.9
1317680 2094.5
1317690 2094.5
1317700 2088.4
1317710 2083.1
1317720 2076.6
1317730 2076.6
1317740 2070.8
1317750 2067.0
1317760 2067.0
1317770 2063.5
1317780 2056.2
1317790 2056.2
1317800 2046.9
1317810 2040.0
1317820 2040.0
1317830 2033.9
1317840 2027.3
1317850 2027.3
1317860 2019.3
1317870 2010.7
1317880 2010.7
1317890 2001.1
1317900 1992.8
1317910 1992.8
1317920 1984.5
1317930 1974.8
1317940 1974.8
1317950 1965.5
1317960 1955.6
1317970 1948.3
1317980 1948.3
1317990 1940.5
1318000 1930.1
1318010 1930.1
1318020 1913.3
1318030 1906.7
1318040 1906.7
1318050 1904.0
1318060 1899.6
1318070 1899.6
1318080 1894.8
1318090 1885.2
1318100 1885.2
1318110 1883.3
1318120 1875.2
1318130 1875.2
1318140 1867.7
1318150 1862.7
1318160 1862.7
1318170 1856.6
1318180 1851.4
1318190 1846.0
1318200 1846.0
1318210 1841.8
1318220 1839.6
1318230 1839.6
1318240 1833.1
1318250 1822.3
1318260 1822.3
1318270 1817.2
1318280 1819.7
1318290 1819.7
1318300 1819.7
1318310 1816.7
1318320 1816.7
1318330 1808.7
1318340 1799.3
1318350 1799.3
1318360 1793.8
1318370 1788.5
1318380 1788.5
1318390 1783.5
1318400 1774.6
1318410 1765.6
1318420 1765.6
1318430 1760.1
1318440 1756.0
1318450 1756.0
1318460 1749.9
1318470 1738.1
1318480 1738.1
1318490 1728.9
1318500 1723.7
1318510 1723.7
1318520 1722.9
1318530 1722.1
1318540 1722.1
1318550 1718.8
1318560 1712.3
1318570 1712.3
1318580 1707.0
1318590 1701.7
1318600 1701.7
1318610 1698.6
1318620 1694.8
1318630 1691.8
1318640 1691.8
1318650 1687.5
1318660 1680.8
1318670 1680.8
1318680 1674.0
1318690 1666.5
1318700 1666.5
1318710 1662.1
1318720 1659.2
1318730 1659.2
1318740 1656.3
1318750 1652.9
1318760 1652.9
1318770 1650.7
1318780 1647.9
1318790 1647.9
1318800 1642.9
1318810 1636.6
1318820 1636.6
1318830 1629.8
1318840 1621.1
1318850 1621.1
1318860 1604.0
1318870 1577.2
1318880 1561.9
1318890 1561.9
1318900 1547.7
1318910 1535.0
1318920 1535.0
1318930 1522.3
1318940 1514.1
1318950 1514.1
1318960 1512.1
1318970 1508.4
1318980 1508.4
1318990 1505.0
1319000 1501.3
1319010 1501.3
1319020 1497.6
1319030 1492.3
1319040 1492.3
1319050 1486.2
1319060 1477.5
1319070 1477.5
1319080 1468.9
1319090 1461.0
1319100 1453.8
1319110 1453.8
1319120 1446.1
1319130 1433.7
1319140 1433.7
1319150 1422.0
1319160 1411.0
1319170 1411.0
1319180 1399.2
1319190 1385.3
1319200 1385.3
1319210 1372.0
1319220 1361.2
1319230 1361.2
1319240 1351.8
1319250 1341.2
1319260 1341.2
1319270 1328.8
1319280 1318.8
1319290 1318.8
1319300 1309.7
1319310 1300.9
1319320 1291.6
1319330 1291.6
1319340 1283.1
1319350 1264.7
1319360 1264.7
1319370 1239.4
1319380 1215.1
1319390 1215.1
1319400 1193.2
1319410 1184.4
1319420 1184.4
1319430 1177.4
1319440 1170.2
1319450 1170.2
1319460 1161.7
1319470 1153.5
1319480 1153.5
1319490 1146.8
1319500 1140.0
1319510 1140.0
1319520 1133.2
1319530 1128.9
1319540 1128.9
1319550 1125.7
1319560 1125.3
1319570 1123.1
1319580 1123.1
1319590 1120.1
1319600 1116.9
1319610 1116.9
1319620 1113.6
1319630 1110.5
1319640 1112.2
1319650 1109.6
1319660 1106.8
1319670 1106.8
1319680 1103.7
1319690 1100.1
1319700 1100.1
1319710 1096.9
1319720 1094.0
1319730 1094.0
1319740 1092.0
1319750 1089.7
1319760 1089.7
1319770 1087.9
1319780 1085.8
1319790 1083.8
1319800 1083.8
1319810 1082.5
1319820 1081.2
1319830 1081.2
1319840 1079.3
1319850 1076.8
1319860 1076.8
1319870 1075.3
1319880 1073.9
1319890 1073.9
1319900 1072.3
1319910 1071.7
1319920 1071.7
1319930 1071.6
1319940 1072.0
1319950 1072.0
1319960 1072.6
1319970 1073.2
1319980 1073.2
1319990 1074.0
