1300000 2051.1
1300010 2051.1
1300020 2051.2
1300030 2051.5
1300040 2051.5
1300050 2051.3
1300060 2050.9
1300070 2050.9
1300080 2050.9
1300090 2051.9
1300100 2051.9
1300110 2052.5
1300120 2049.3
1300130 2049.3
1300140 2043.1
1300150 2034.9
1300160 2026.0
1300170 2026.0
1300180 2015.3
1300190 2006.3
1300200 2006.3
1300210 1998.5
1300220 1991.5
1300230 1991.5
1300240 1985.3
1300250 1979.6
1300260 1979.6
1300270 1974.5
1300280 1970.9
1300290 1970.9
1300300 1968.6
1300310 1966.6
1300320 1966.6
1300330 1963.8
1300340 1956.0
1300350 1956.0
1300360 1946.3
1300370 1937.1
1300380 1929.0
1300390 1929.0
1300400 1918.7
1300410 1909.0
1300420 1909.0
1300430 1902.3
1300440 1898.9
1300450 1906.9
1300460 1903.0
1300470 1895.3
1300480 1895.3
1300490 1890.3
1300500 1888.8
1300510 1888.8
1300520 1883.5
1300530 1867.1
1300540 1867.1
1300550 1850.7
1300560 1843.8
1300570 1843.8
1300580 1836.8
1300590 1830.5
1300600 1825.0
1300610 1825.0
1300620 1818.5
1300630 1811.8
1300640 1811.8
1300650 1805.9
1300660 1800.0
1300670 1800.0
1300680 1794.4
1300690 1788.7
1300700 1788.7
1300710 1782.2
1300720 1775.5
1300730 1775.5
1300740 1768.9
1300750 1763.2
1300760 1763.2
1300770 1759.6
1300780 1756.7
1300790 1756.7
1300800 1754.2
1300810 1752.1
1300820 1751.7
1300830 1751.7
1300840 1751.7
1300850 1750.7
1300860 1750.7
1300870 1748.6
1300880 1748.3
1300890 1748.3
1300900 1749.0
1300910 1748.6
1300920 1748.6
1300930 1745.6
1300940 1741.4
1300950 1741.4
1300960 1737.4
1300970 1733.4
1300980 1733.4
1300990 1729.7
1301000 1726.2
1301010 1726.2
1301020 1721.9
1301030 1717.0
1301040 1717.0
1301050 1712.6
1301060 1708.8
1301070 1704.8
1301080 1704.8
1301090 1700.8
1301100 1697.0
1301110 1697.0
1301120 1692.1
1301130 1686.3
1301140 1685.5
1301150 1679.4
1301160 1673.0
1301170 1673.0
1301180 1668.3
1301190 1662.5
1301200 1662.5
1301210 1655.9
1301220 1650.7
1301230 1650.7
1301240 1648.0
1301250 1644.8
1301260 1644.8
1301270 1640.4
1301280 1636.2
1301290 1631.6
1301300 1631.6
1301310 1626.2
1301320 1621.4
1301330 1621.4
1301340 1617.6
1301350 1613.9
1301360 1613.9
1301370 1608.8
1301380 1602.6
1301390 1602.6
1301400 1597.2
1301410 1592.7
1301420 1592.7
1301430 1588.5
1301440 1583.5
1301450 1583.5
1301460 1579.4
1301470 1576.0
1301480 1576.0
1301490 1572.4
1301500 1567.8
1301510 1563.2
1301520 1563.2
1301530 1557.8
1301540 1551.5
1301550 1551.5
1301560 1545.3
1301570 1539.2
1301580 1539.2
1301590 1533.9
1301600 1528.8
1301610 1528.8
1301620 1523.8
1301630 1518.6
1301640 1518.6
1301650 1512.7
1301660 1506.7
1301670 1506.7
1301680 1500.5
1301690 1494.1
1301700 1494.1
1301710 1487.9
1301720 1481.8
1301730 1481.8
1301740 1475.5
1301750 1468.8
1301760 1461.9
1301770 1461.9
1301780 1454.5
1301790 1445.5
1301800 1445.5
1301810 1435.8
1301820 1427.2
1301830 1427.2
1301840 1420.3
1301850 1419.7
1301860 1419.7
1301870 1419.1
1301880 1418.6
1301890 1418.6
1301900 1416.9
1301910 1414.1
1301920 1414.1
1301930 1412.8
1301940 1412.0
1301950 1412.0
1301960 1410.8
1301970 1409.4
1301980 1407.3
1301990 1407.3
1302000 1405.3
1302010 1404.9
1302020 1404.9
1302030 1406.8
1302040 1408.4
1302050 1408.4
1302060 1409.5
1302070 1408.6
1302080 1408.6
1302090 1407.6
1302100 1406.7
1302110 1406.7
1302120 1406.0
1302130 1405.1
1302140 1405.1
1302150 1404.3
1302160 1403.4
1302170 1403.4
1302180 1403.3
1302190 1403.5
1302200 1403.4
1302210 1403.4
1302220 1401.1
1302230 1399.0
1302240 1399.0
1302250 1398.2
1302260 1397.5
1302270 1397.5
1302280 1396.9
1302290 1396.3
1302300 1396.3
1302310 1395.5
1302320 1394.8
1302330 1394.8
1302340 1394.1
1302350 1393.2
1302360 1393.2
1302370 1392.3
1302380 1391.4
1302390 1391.4
1302400 1390.5
1302410 1389.7
1302420 1389.7
1302430 1388.9
1302440 1387.5
1302450 1385.9
1302460 1385.9
1302470 1385.3
1302480 1385.1
1302490 1385.1
1302500 1384.1
1302510 1382.6
1302520 1382.6
1302530 1382.1
1302540 1384.4
1302550 1384.4
1302560 1386.1
1302570 1391.0
1302580 1391.0
1302590 1397.0
1302600 1403.1
1302610 1403.1
1302620 1409.4
1302630 1416.4
1302640 1416.4
1302650 1423.4
1302660 1430.8
1302670 1439.2
1302680 1439.2
1302690 1447.1
1302700 1454.9
1302710 1454.9
1302720 1464.4
1302730 1473.5
1302740 1473.5
1302750 1481.7
1302760 1491.7
1302770 1491.7
1302780 1499.7
1302790 1505.9
1302800 1505.9
1302810 1512.3
1302820 1520.3
1302830 1520.3
1302840 1526.8
1302850 1532.1
1302860 1532.1
1302870 1537.4
1302880 1544.4
1302890 1551.1
1302900 1551.1
1302910 1557.6
1302920 1564.6
1302930 1564.6
1302940 1571.1
1302950 1576.7
1302960 1576.7
1302970 1581.7
1302980 1587.1
1302990 1587.1
1303000 1593.2
1303010 1598.9
1303020 1598.9
1303030 1603.8
1303040 1608.3
1303050 1608.3
1303060 1611.0
1303070 1611.4
1303080 1611.4
1303090 1612.4
1303100 1614.8
1303110 1617.3
1303120 1617.3
1303130 1620.9
1303140 1625.9
1303150 1625.9
1303160 1631.7
1303170 1638.1
1303180 1638.1
1303190 1644.8
1303200 1650.6
1303210 1650.6
1303220 1655.3
1303230 1661.8
1303240 1661.8
1303250 1667.6
1303260 1672.7
1303270 1672.7
1303280 1677.2
1303290 1681.2
1303300 1681.2
1303310 1684.7
1303320 1688.7
1303330 1688.7
1303340 1692.8
1303350 1697.4
1303360 1702.3
1303370 1702.3
1303380 1706.8
1303390 1710.1
1303400 1710.1
1303410 1713.6
1303420 1717.6
1303430 1717.6
1303440 1721.9
1303450 1726.1
1303460 1726.1
1303470 1730.4
1303480 1735.1
1303490 1735.1
1303500 1739.7
1303510 1744.3
1303520 1744.3
1303530 1748.6
1303540 1752.7
1303550 1752.7
1303560 1756.3
1303570 1759.1
1303580 1762.9
1303590 1762.9
1303600 1767.1
1303610 1771.0
1303620 1771.0
1303630 1775.0
1303640 1779.1
1303650 1779.1
1303660 1780.5
1303670 1774.6
1303680 1774.6
1303690 1767.1
1303700 1759.5
1303710 1759.5
1303720 1752.7
1303730 1746.8
1303740 1746.8
1303750 1741.3
1303760 1737.1
1303770 1737.1
1303780 1733.7
1303790 1730.5
1303800 1729.2
1303810 1729.2
1303820 1727.5
1303830 1725.4
1303840 1725.4
1303850 1723.5
1303860 1722.8
1303870 1722.8
1303880 1721.2
1303890 1716.9
1303900 1716.9
1303910 1710.2
1303920 1703.7
1303930 1703.7
1303940 1700.1
1303950 1697.9
1303960 1697.9
1303970 1698.3
1303980 1698.2
1303990 1698.2
1304000 1699.2
1304010 1702.2
1304020 1702.2
1304030 1705.8
1304040 1710.5
1304050 1717.2
1304060 1717.2
1304070 1723.7
1304080 1729.7
1304090 1729.7
1304100 1734.8
1304110 1739.0
1304120 1739.0
1304130 1742.4
1304140 1745.0
1304150 1745.0
1304160 1747.5
1304170 1751.2
1304180 1751.2
1304190 1755.8
1304200 1760.4
1304210 1760.4
1304220 1765.8
1304230 1771.3
1304240 1771.3
1304250 1777.1
1304260 1783.3
1304270 1790.3
1304280 1790.3
1304290 1797.6
1304300 1805.1
1304310 1805.1
1304320 1813.0
1304330 1820.9
1304340 1820.9
1304350 1828.8
1304360 1833.8
1304370 1833.8
1304380 1833.3
1304390 1830.1
1304400 1830.1
1304410 1824.6
1304420 1818.8
1304430 1818.8
1304440 1813.5
1304450 1809.8
1304460 1809.8
1304470 1807.6
1304480 1804.8
1304490 1801.8
1304500 1801.8
1304510 1798.6
1304520 1795.0
1304530 1795.0
1304540 1791.3
1304550 1788.0
1304560 1788.0
1304570 1785.5
1304580 1784.3
1304590 1784.3
1304600 1783.7
1304610 1783.2
1304620 1783.2
1304630 1781.8
1304640 1785.6
1304650 1785.6
1304660 1782.9
1304670 1781.1
1304680 1781.1
1304690 1778.8
1304700 1776.8
1304710 1774.9
1304720 1774.9
1304730 1773.8
1304740 1772.2
1304750 1772.2
1304760 1770.3
1304770 1769.1
1304780 1769.1
1304790 1768.5
1304800 1766.8
1304810 1766.8
1304820 1765.3
1304830 1764.1
1304840 1764.1
1304850 1763.4
1304860 1764.6
1304870 1764.6
1304880 1767.0
1304890 1768.4
1304900 1768.4
1304910 1769.8
1304920 1770.9
1304930 1770.9
1304940 1772.2
1304950 1773.7
1304960 1774.4
1304970 1774.4
1304980 1774.4
1304990 1774.8
1305000 1774.8
1305010 1774.9
1305020 1774.7
1305030 1774.7
1305040 1773.1
1305050 1771.3
1305060 1771.3
1305070 1770.1
1305080 1769.3
1305090 1769.3
1305100 1768.2
1305110 1767.3
1305120 1767.3
1305130 1766.4
1305140 1765.2
1305150 1765.2
1305160 1765.0
1305170 1765.7
1305180 1767.1
1305190 1767.1
1305200 1769.2
1305210 1771.4
1305220 1771.4
1305230 1774.5
1305240 1777.5
1305250 1777.5
1305260 1781.1
1305270 1785.3
1305280 1785.3
1305290 1789.2
1305300 1792.6
1305310 1792.6
1305320 1795.5
1305330 1797.8
1305340 1797.8
1305350 1801.6
1305360 1803.0
1305370 1803.0
1305380 1803.4
1305390 1804.1
1305400 1804.1
1305410 1804.1
1305420 1804.1
1305430 1804.3
1305440 1804.3
1305450 1804.4
1305460 1804.7
1305470 1804.7
1305480 1805.1
1305490 1805.7
1305500 1805.7
1305510 1806.3
1305520 1807.1
1305530 1807.1
1305540 1807.8
1305550 1808.4
1305560 1808.4
1305570 1809.1
1305580 1809.8
1305590 1809.8
1305600 1810.5
1305610 1811.1
1305620 1811.1
1305630 1811.8
1305640 1812.6
1305650 1813.3
1305660 1813.3
1305670 1814.2
1305680 1815.2
1305690 1815.2
1305700 1816.5
1305710 1817.8
1305720 1817.8
1305730 1819.4
1305740 1821.3
1305750 1821.3
1305760 1823.9
1305770 1826.5
1305780 1826.5
1305790 1829.2
1305800 1831.7
1305810 1831.7
1305820 1833.9
1305830 1835.8
1305840 1835.8
1305850 1838.0
1305860 1840.4
1305870 1843.1
1305880 1843.1
1305890 1846.0
1305900 1848.4
1305910 1848.4
1305920 1851.7
1305930 1854.7
1305940 1854.7
1305950 1857.8
1305960 1861.2
1305970 1861.2
1305980 1864.8
1305990 1868.4
1306000 1868.4
1306010 1872.3
1306020 1876.7
1306030 1876.7
1306040 1881.0
1306050 1884.6
1306060 1883.7
1306070 1887.7
1306080 1891.4
1306090 1894.8
1306100 1894.8
1306110 1898.6
1306120 1903.0
1306130 1903.0
1306140 1908.1
1306150 1913.3
1306160 1913.3
1306170 1918.9
1306180 1924.2
1306190 1924.2
1306200 1928.6
1306210 1933.0
1306220 1933.0
1306230 1935.5
1306240 1939.2
1306250 1939.2
1306260 1943.2
1306270 1946.4
1306280 1946.4
1306290 1948.1
1306300 1949.0
1306310 1948.7
1306320 1948.7
1306330 1947.9
1306340 1947.1
1306350 1947.1
1306360 1947.1
1306370 1947.9
1306380 1947.9
1306390 1948.8
1306400 1949.4
1306410 1949.4
1306420 1949.5
1306430 1950.5
1306440 1950.5
1306450 1952.4
1306460 1954.4
1306470 1954.4
1306480 1956.4
1306490 1958.3
1306500 1958.3
1306510 1960.6
1306520 1963.5
1306530 1963.5
1306540 1966.1
1306550 1969.7
1306560 1973.3
1306570 1973.3
1306580 1977.0
1306590 1980.8
1306600 1980.8
1306610 1984.5
1306620 1988.3
1306630 1988.3
1306640 1992.3
1306650 1996.2
1306660 1996.2
1306670 2000.0
1306680 2004.0
1306690 2004.0
1306700 2007.3
1306710 2009.5
1306720 2009.5
1306730 2011.1
1306740 2013.5
1306750 2013.5
1306760 2016.5
1306770 2023.2
1306780 2025.8
1306790 2025.8
1306800 2027.9
1306810 2030.8
1306820 2030.8
1306830 2034.7
1306840 2037.6
1306850 2037.6
1306860 2040.6
1306870 2043.6
1306880 2043.6
1306890 2046.3
1306900 2049.1
1306910 2049.1
1306920 2054.2
1306930 2059.7
1306940 2059.7
1306950 2064.4
1306960 2068.4
1306970 2068.4
1306980 2071.7
1306990 2073.4
1307000 2074.0
1307010 2074.0
1307020 2074.2
1307030 2074.9
1307040 2074.9
1307050 2076.3
1307060 2078.7
1307070 2078.7
1307080 2081.0
1307090 2084.5
1307100 2084.5
1307110 2089.0
1307120 2093.5
1307130 2093.5
1307140 2097.5
1307150 2101.6
1307160 2101.6
1307170 2105.7
1307180 2108.9
1307190 2108.9
1307200 2112.0
1307210 2113.9
1307220 2113.9
1307230 2113.7
1307240 2115.2
1307250 2118.9
1307260 2118.9
1307270 2123.7
1307280 2129.7
1307290 2129.7
1307300 2137.0
1307310 2144.8
1307320 2144.8
1307330 2151.1
1307340 2156.1
1307350 2156.1
1307360 2160.0
1307370 2163.0
1307380 2163.0
1307390 2164.3
1307400 2166.9
1307410 2166.9
1307420 2169.0
1307430 2168.7
1307440 2168.7
1307450 2169.2
1307460 2170.4
1307470 2171.7
1307480 2174.8
1307490 2177.3
1307500 2180.7
1307510 2180.7
1307520 2186.3
1307530 2194.0
1307540 2194.0
1307550 2204.4
1307560 2220.4
1307570 2220.4
1307580 2233.5
1307590 2240.5
1307600 2240.5
1307610 2245.2
1307620 2250.0
1307630 2250.0
1307640 2254.4
1307650 2258.5
1307660 2258.5
1307670 2263.0
1307680 2266.8
1307690 2269.4
1307700 2269.4
1307710 2271.6
1307720 2274.1
1307730 2274.1
1307740 2277.7
1307750 2281.9
1307760 2281.9
1307770 2286.0
1307780 2290.5
1307790 2290.5
1307800 2295.3
1307810 2300.1
1307820 2300.1
1307830 2304.5
1307840 2309.9
1307850 2309.9
1307860 2315.5
1307870 2320.9
1307880 2320.9
1307890 2325.9
1307900 2331.0
1307910 2335.9
1307920 2335.9
1307930 2340.5
1307940 2344.4
1307950 2344.4
1307960 2349.0
1307970 2353.8
1307980 2353.8
1307990 2357.8
1308000 2358.1
1308010 2358.1
1308020 2351.4
1308030 2338.9
1308040 2338.9
1308050 2321.2
1308060 2307.5
1308070 2307.5
1308080 2298.6
1308090 2289.9
1308100 2289.9
1308110 2281.2
1308120 2275.0
1308130 2275.0
1308140 2268.6
1308150 2262.3
1308160 2256.7
1308170 2256.7
1308180 2252.7
1308190 2251.3
1308200 2251.0
1308210 2251.0
1308220 2251.1
1308230 2251.1
1308240 2249.6
1308250 2244.8
1308260 2244.8
1308270 2236.8
1308280 2226.2
1308290 2226.2
1308300 2215.9
1308310 2206.3
1308320 2206.3
1308330 2197.6
1308340 2192.9
1308350 2192.9
1308360 2192.6
1308370 2193.3
1308380 2194.2
1308390 2194.2
1308400 2195.6
1308410 2196.1
1308420 2196.1
1308430 2196.4
1308440 2197.2
1308450 2197.2
1308460 2196.9
1308470 2196.8
1308480 2196.8
1308490 2198.3
1308500 2200.9
1308510 2200.9
1308520 2203.3
1308530 2206.3
1308540 2206.3
1308550 2210.6
1308560 2216.3
1308570 2216.3
1308580 2219.1
1308590 2221.5
1308600 2225.0
1308610 2225.0
1308620 2229.8
1308630 2235.8
1308640 2235.8
1308650 2242.7
1308660 2250.2
1308670 2250.2
1308680 2259.4
1308690 2269.1
1308700 2269.1
1308710 2281.4
1308720 2291.7
1308730 2291.7
1308740 2298.3
1308750 2302.7
1308760 2302.7
1308770 2306.2
1308780 2310.3
1308790 2310.3
1308800 2315.5
1308810 2321.5
1308820 2321.5
1308830 2327.9
1308840 2334.6
1308850 2342.3
1308860 2342.3
1308870 2353.4
1308880 2365.6
1308890 2365.6
1308900 2374.4
1308910 2383.3
1308920 2380.0
1308930 2391.1
1308940 2400.5
1308950 2400.5
1308960 2408.9
1308970 2417.6
1308980 2417.6
1308990 2425.8
1309000 2432.6
1309010 2432.6
1309020 2435.2
1309030 2428.7
1309040 2428.7
1309050 2417.2
1309060 2390.7
1309070 2364.3
1309080 2364.3
1309090 2344.6
1309100 2332.8
1309110 2332.8
1309120 2325.2
1309130 2318.8
1309140 2318.8
1309150 2312.6
1309160 2307.7
1309170 2307.7
1309180 2307.0
1309190 2307.1
1309200 2307.1
1309210 2307.4
1309220 2308.5
1309230 2308.5
1309240 2308.3
1309250 2310.6
1309260 2310.6
1309270 2313.8
1309280 2315.1
1309290 2315.1
1309300 2315.1
1309310 2314.4
1309320 2312.6
1309330 2312.6
1309340 2310.5
1309350 2310.3
1309360 2310.3
1309370 2311.3
1309380 2313.0
1309390 2313.0
1309400 2314.4
1309410 2317.3
1309420 2317.3
1309430 2320.0
1309440 2324.0
1309450 2324.0
1309460 2327.3
1309470 2330.1
1309480 2330.1
1309490 2333.2
1309500 2336.8
1309510 2339.8
1309520 2339.8
1309530 2342.3
1309540 2346.2
1309550 2346.2
1309560 2351.0
1309570 2355.3
1309580 2355.3
1309590 2360.0
1309600 2364.1
1309610 2364.1
1309620 2368.6
1309630 2373.4
1309640 2373.4
1309650 2377.5
1309660 2381.1
1309670 2381.1
1309680 2385.1
1309690 2388.7
1309700 2388.7
1309710 2392.3
1309720 2396.2
1309730 2396.2
1309740 2400.5
1309750 2405.2
1309760 2410.2
1309770 2410.2
1309780 2415.4
1309790 2420.9
1309800 2420.9
1309810 2426.5
1309820 2432.2
1309830 2432.2
1309840 2438.6
1309850 2446.3
1309860 2446.3
1309870 2453.9
1309880 2461.4
1309890 2461.4
1309900 2472.9
1309910 2490.1
1309920 2490.1
1309930 2500.9
1309940 2509.8
1309950 2509.8
1309960 2518.3
1309970 2525.5
1309980 2533.5
1309990 2533.5
1310000 2541.3
1310010 2548.5
1310020 2548.5
1310030 2555.4
1310040 2562.8
1310050 2562.8
1310060 2570.1
1310070 2577.6
1310080 2577.6
1310090 2586.0
1310100 2594.2
1310110 2594.2
1310120 2602.4
1310130 2610.7
1310140 2610.7
1310150 2619.0
1310160 2627.3
1310170 2627.3
1310180 2635.7
1310190 2643.1
1310200 2650.0
1310210 2650.0
1310220 2657.1
1310230 2664.5
1310240 2664.5
1310250 2671.5
1310260 2679.0
1310270 2679.0
1310280 2686.0
1310290 2693.0
1310300 2693.0
1310310 2699.8
1310320 2707.1
1310330 2707.1
1310340 2715.1
1310350 2723.1
1310360 2723.1
1310370 2732.9
1310380 2728.0
1310390 2728.0
1310400 2716.9
1310410 2707.8
1310420 2707.8
1310430 2695.9
1310440 2684.0
1310450 2676.1
1310460 2676.1
1310470 2670.6
1310480 2666.4
1310490 2666.4
1310500 2662.2
1310510 2657.9
1310520 2657.9
1310530 2654.2
1310540 2650.8
1310550 2650.8
1310560 2647.4
1310570 2642.9
1310580 2642.9
1310590 2637.6
1310600 2629.4
1310610 2629.4
1310620 2622.6
1310630 2616.9
1310640 2616.9
1310650 2612.9
1310660 2607.8
1310670 2602.0
1310680 2602.0
1310690 2597.4
1310700 2592.7
1310710 2592.7
1310720 2587.8
1310730 2585.7
1310740 2585.7
1310750 2586.5
1310760 2588.1
1310770 2588.1
1310780 2589.3
1310790 2591.0
1310800 2591.0
1310810 2592.5
1310820 2593.9
1310830 2593.9
1310840 2596.0
1310850 2597.8
1310860 2597.8
1310870 2600.7
1310880 2603.8
1310890 2604.9
1310900 2604.9
1310910 2605.3
1310920 2606.6
1310930 2606.6
1310940 2610.5
1310950 2613.6
1310960 2613.6
1310970 2615.3
1310980 2618.0
1310990 2618.0
1311000 2619.1
1311010 2619.2
1311020 2619.2
1311030 2619.3
1311040 2615.8
1311050 2615.8
1311060 2607.5
1311070 2597.3
1311080 2597.3
1311090 2588.5
1311100 2590.6
1311110 2590.6
1311120 2576.8
1311130 2564.7
1311140 2558.0
1311150 2558.0
1311160 2552.4
1311170 2544.9
1311180 2544.9
1311190 2538.8
1311200 2532.7
1311210 2532.7
1311220 2528.5
1311230 2524.7
1311240 2524.7
1311250 2520.9
1311260 2519.1
1311270 2519.1
1311280 2517.7
1311290 2519.1
1311300 2519.1
1311310 2519.7
1311320 2518.6
1311330 2518.6
1311340 2516.6
1311350 2510.5
1311360 2500.5
1311370 2500.5
1311380 2486.3
1311390 2473.4
1311400 2473.4
1311410 2468.2
1311420 2470.6
1311430 2470.6
1311440 2471.5
1311450 2467.9
1311460 2467.9
1311470 2465.4
1311480 2463.7
1311490 2463.7
1311500 2463.5
1311510 2459.5
1311520 2459.5
1311530 2455.8
1311540 2452.0
1311550 2452.0
1311560 2441.5
1311570 2430.6
1311580 2422.4
1311590 2422.4
1311600 2413.9
1311610 2406.6
1311620 2406.6
1311630 2399.8
1311640 2390.2
1311650 2390.2
1311660 2380.7
1311670 2374.0
1311680 2374.0
1311690 2365.6
1311700 2357.1
1311710 2357.1
1311720 2351.8
1311730 2348.9
1311740 2348.9
1311750 2347.9
1311760 2351.1
1311770 2351.1
1311780 2355.5
1311790 2356.4
1311800 2352.8
1311810 2352.8
1311820 2345.4
1311830 2339.0
1311840 2346.8
1311850 2340.8
1311860 2334.5
1311870 2334.5
1311880 2331.4
1311890 2332.7
1311900 2332.7
1311910 2337.3
1311920 2341.3
1311930 2341.3
1311940 2344.7
1311950 2346.1
1311960 2346.1
1311970 2341.4
1311980 2334.8
1311990 2334.8
1312000 2327.9
1312010 2321.6
1312020 2321.6
1312030 2313.9
1312040 2304.2
1312050 2293.3
1312060 2293.3
1312070 2288.2
1312080 2286.5
1312090 2286.5
1312100 2284.8
1312110 2285.4
1312120 2285.4
1312130 2284.7
1312140 2284.8
1312150 2284.8
1312160 2286.3
1312170 2288.6
1312180 2288.6
1312190 2290.3
1312200 2290.2
1312210 2290.2
1312220 2289.8
1312230 2290.4
1312240 2290.4
1312250 2290.4
1312260 2290.6
1312270 2287.6
1312280 2287.6
1312290 2278.2
1312300 2267.2
1312310 2267.2
1312320 2256.6
1312330 2249.6
1312340 2249.6
1312350 2243.4
1312360 2237.4
1312370 2237.4
1312380 2230.8
1312390 2223.2
1312400 2223.2
1312410 2215.9
1312420 2208.7
1312430 2208.7
1312440 2201.6
1312450 2193.8
1312460 2193.8
1312470 2187.9
1312480 2184.9
1312490 2180.9
1312500 2180.9
1312510 2174.5
1312520 2167.8
1312530 2167.8
1312540 2160.5
1312550 2155.1
1312560 2155.1
1312570 2142.5
1312580 2138.7
1312590 2138.7
1312600 2129.8
1312610 2120.5
1312620 2120.5
1312630 2112.9
1312640 2105.6
1312650 2105.6
1312660 2098.4
1312670 2092.5
1312680 2092.5
1312690 2085.9
1312700 2079.5
1312710 2073.0
1312720 2073.0
1312730 2068.7
1312740 2067.5
1312750 2067.5
1312760 2066.2
1312770 2061.3
1312780 2061.3
1312790 2056.1
1312800 2045.5
1312810 2045.5
1312820 2032.2
1312830 2022.1
1312840 2022.1
1312850 2014.0
1312860 2007.3
1312870 2007.3
1312880 2000.8
1312890 1995.6
1312900 1995.6
1312910 1990.8
1312920 1986.8
1312930 1986.8
1312940 1981.1
1312950 1971.6
1312960 1959.2
1312970 1959.2
1312980 1946.1
1312990 1932.8
1313000 1932.8
1313010 1920.6
1313020 1909.6
1313030 1909.6
1313040 1899.2
1313050 1888.3
1313060 1888.3
1313070 1877.7
1313080 1868.2
1313090 1868.2
1313100 1860.5
1313110 1852.2
1313120 1852.2
1313130 1843.5
1313140 1835.2
1313150 1835.2
1313160 1825.5
1313170 1813.6
1313180 1789.7
1313190 1789.7
1313200 1771.6
1313210 1756.5
1313220 1756.5
1313230 1737.0
1313240 1724.3
1313250 1724.3
1313260 1714.6
1313270 1701.6
1313280 1701.6
1313290 1692.1
1313300 1682.1
1313310 1682.6
1313320 1674.7
1313330 1666.7
1313340 1666.7
1313350 1658.8
1313360 1651.3
1313370 1651.3
1313380 1643.8
1313390 1635.3
1313400 1627.2
1313410 1627.2
1313420 1620.0
1313430 1613.1
1313440 1613.1
1313450 1607.2
1313460 1601.1
1313470 1601.1
1313480 1595.2
1313490 1590.6
1313500 1590.6
1313510 1585.8
1313520 1581.2
1313530 1581.2
1313540 1576.7
1313550 1572.2
1313560 1572.2
1313570 1568.2
1313580 1563.9
1313590 1563.9
1313600 1560.3
1313610 1556.9
1313620 1556.9
1313630 1553.6
1313640 1550.4
1313650 1546.0
1313660 1546.0
1313670 1540.9
1313680 1534.4
1313690 1534.4
1313700 1528.9
1313710 1524.1
1313720 1524.1
1313730 1520.5
1313740 1517.8
1313750 1517.8
1313760 1515.0
1313770 1510.6
1313780 1510.6
1313790 1507.3
1313800 1507.2
1313810 1507.2
1313820 1510.2
1313830 1513.9
1313840 1513.9
1313850 1513.2
1313860 1509.6
1313870 1504.4
1313880 1504.4
1313890 1500.0
1313900 1494.6
1313910 1494.6
1313920 1488.1
1313930 1478.7
1313940 1478.7
1313950 1468.2
1313960 1459.9
1313970 1459.9
1313980 1453.3
1313990 1445.3
1314000 1445.3
1314010 1437.0
1314020 1428.8
1314030 1428.8
1314040 1421.3
1314050 1413.0
1314060 1409.2
1314070 1399.9
1314080 1392.3
1314090 1384.8
1314100 1384.8
1314110 1377.2
1314120 1369.1
1314130 1369.1
1314140 1361.8
1314150 1355.4
1314160 1355.4
1314170 1348.3
1314180 1341.4
1314190 1341.4
1314200 1335.3
1314210 1329.2
1314220 1329.2
1314230 1322.7
1314240 1315.0
1314250 1315.0
1314260 1305.9
1314270 1292.9
1314280 1292.9
1314290 1268.7
1314300 1252.1
1314310 1252.1
1314320 1243.5
1314330 1237.2
1314340 1231.6
1314350 1231.6
1314360 1226.5
1314370 1225.5
1314380 1225.5
1314390 1224.4
1314400 1219.1
1314410 1219.1
1314420 1214.1
1314430 1207.1
1314440 1207.1
1314450 1196.3
1314460 1189.2
1314470 1189.2
1314480 1185.3
1314490 1183.1
1314500 1183.1
1314510 1182.0
1314520 1180.6
1314530 1180.6
1314540 1178.2
1314550 1174.9
1314560 1173.0
1314570 1173.0
1314580 1172.0
1314590 1170.3
1314600 1170.3
1314610 1168.8
1314620 1167.8
1314630 1167.8
1314640 1166.3
1314650 1164.0
1314660 1164.0
1314670 1160.3
1314680 1156.5
1314690 1156.5
1314700 1149.8
1314710 1126.2
1314720 1126.2
1314730 1087.8
1314740 1076.7
1314750 1076.7
1314760 1072.8
1314770 1069.5
1314780 1066.0
1314790 1066.0
1314800 1055.5
1314810 1051.2
1314820 1051.2
1314830 1044.7
1314840 1039.3
1314850 1039.3
1314860 1033.5
1314870 1025.6
1314880 1025.6
1314890 1018.4
1314900 1013.0
1314910 1013.0
1314920 1009.3
1314930 1005.3
1314940 1005.3
1314950 1000.8
1314960 994.1
1314970 994.1
1314980 987.1
1314990 981.3
1315000 973.8
1315010 973.8
1315020 967.5
1315030 962.8
1315040 962.8
1315050 958.7
1315060 952.9
1315070 952.9
1315080 945.3
1315090 939.1
1315100 939.1
1315110 933.4
1315120 928.7
1315130 928.7
1315140 922.8
1315150 920.6
1315160 920.6
1315170 919.3
1315180 915.3
1315190 915.3
1315200 910.9
1315210 905.2
1315220 905.2
1315230 899.9
1315240 897.2
1315250 898.7
1315260 898.7
1315270 906.1
1315280 913.1
1315290 913.1
1315300 917.4
1315310 918.2
1315320 918.2
1315330 920.2
1315340 924.5
1315350 924.5
1315360 927.4
1315370 931.9
1315380 931.9
1315390 935.1
1315400 938.3
1315410 938.3
1315420 942.3
1315430 946.2
1315440 946.2
1315450 950.1
1315460 952.5
1315470 955.6
1315480 955.6
1315490 958.3
1315500 960.6
1315510 960.6
1315520 963.8
1315530 968.3
1315540 968.3
1315550 984.8
1315560 985.5
1315570 985.5
1315580 983.9
1315590 986.6
1315600 986.6
1315610 990.9
1315620 995.0
1315630 995.0
1315640 998.6
1315650 1002.9
1315660 1002.9
1315670 1008.4
1315680 1014.5
1315690 1020.3
1315700 1020.3
1315710 1025.9
1315720 1031.6
1315730 1031.6
1315740 1037.6
1315750 1044.0
1315760 1044.0
1315770 1050.5
1315780 1056.8
1315790 1056.8
1315800 1063.2
1315810 1069.4
1315820 1069.4
1315830 1075.4
1315840 1081.3
1315850 1081.3
1315860 1086.8
1315870 1092.0
1315880 1092.0
1315890 1097.0
1315900 1101.4
1315910 1106.0
1315920 1106.0
1315930 1114.2
1315940 1125.6
1315950 1125.6
1315960 1140.9
1315970 1155.5
1315980 1155.5
1315990 1166.2
1316000 1176.5
1316010 1176.5
1316020 1187.2
1316030 1198.0
1316040 1198.0
1316050 1206.8
1316060 1214.1
1316070 1214.1
1316080 1221.8
1316090 1230.0
1316100 1230.0
1316110 1237.4
1316120 1244.2
1316130 1244.2
1316140 1257.0
1316150 1306.7
1316160 1365.6
1316170 1365.6
1316180 1385.0
1316190 1403.0
1316200 1403.0
1316210 1422.9
1316220 1435.2
1316230 1435.2
1316240 1443.4
1316250 1451.8
1316260 1451.8
1316270 1461.3
1316280 1470.5
1316290 1470.5
1316300 1485.0
1316310 1493.0
1316320 1493.0
1316330 1502.8
1316340 1514.2
1316350 1514.2
1316360 1522.9
1316370 1530.7
1316380 1536.5
1316390 1536.5
1316400 1540.8
1316410 1545.5
1316420 1545.5
1316430 1549.3
1316440 1555.8
1316450 1555.8
1316460 1564.4
1316470 1572.3
1316480 1572.3
1316490 1580.0
1316500 1586.8
1316510 1586.8
1316520 1595.5
1316530 1605.1
1316540 1605.1
1316550 1614.4
1316560 1622.8
1316570 1622.8
1316580 1630.1
1316590 1637.8
1316600 1645.6
1316610 1645.6
1316620 1654.8
1316630 1663.4
1316640 1663.4
1316650 1671.5
1316660 1680.5
1316670 1680.5
1316680 1689.4
1316690 1696.4
1316700 1696.4
1316710 1703.6
1316720 1711.2
1316730 1711.2
1316740 1719.4
1316750 1728.7
1316760 1728.7
1316770 1736.2
1316780 1746.1
1316790 1746.1
1316800 1767.6
1316810 1785.9
1316820 1785.9
1316830 1795.6
1316840 1805.5
1316850 1812.9
1316860 1812.9
1316870 1823.9
1316880 1835.4
1316890 1835.4
1316900 1847.1
1316910 1863.8
1316920 1863.8
1316930 1874.7
1316940 1884.3
1316950 1884.3
1316960 1892.7
1316970 1900.7
1316980 1900.7
1316990 1909.6
1317000 1918.0
1317010 1918.0
1317020 1925.4
1317030 1932.1
1317040 1932.1
1317050 1938.1
1317060 1938.3
1317070 1945.3
1317080 1945.3
1317090 1952.1
1317100 1958.4
1317110 1958.4
1317120 1966.7
1317130 1976.7
1317140 1976.7
1317150 1987.6
1317160 2000.5
1317170 2000.5
1317180 2011.7
1317190 2019.8
1317200 2019.8
1317210 2027.2
1317220 2034.9
1317230 2034.9
1317240 2042.0
1317250 2050.7
1317260 2050.7
1317270 2058.7
1317280 2063.8
1317290 2070.8
1317300 2070.8
1317310 2080.8
1317320 2091.4
1317330 2091.4
1317340 2103.9
1317350 2111.9
1317360 2111.9
1317370 2117.6
1317380 2122.0
1317390 2122.0
1317400 2123.9
1317410 2125.2
1317420 2125.2
1317430 2128.0
1317440 2130.3
1317450 2130.3
1317460 2132.2
1317470 2129.7
1317480 2129.7
1317490 2122.4
1317500 2112.1
1317510 2101.1
1317520 2101.1
1317530 2090.6
1317540 2080.6
1317550 2080.6
1317560 2072.2
1317570 2064.9
1317580 2064.9
1317590 2056.3
1317600 2047.7
1317610 2047.7
1317620 2039.5
1317630 2030.8
1317640 2030.8
1317650 2022.0
1317660 2013.9
1317670 2013.9
1317680 2006.4
1317690 1999.8
1317700 1999.8
1317710 1992.6
1317720 1985.3
1317730 1985.3
1317740 1978.4
1317750 1971.0
1317760 1962.9
1317770 1962.9
1317780 1954.4
1317790 1946.3
1317800 1946.3
1317810 1938.2
1317820 1934.0
1317830 1934.0
1317840 1923.6
1317850 1914.1
1317860 1914.1
1317870 1905.5
1317880 1896.4
1317890 1896.4
1317900 1889.8
1317910 1883.3
1317920 1883.3
1317930 1874.9
1317940 1864.9
1317950 1864.9
1317960 1856.2
1317970 1848.6
1317980 1842.5
1317990 1842.5
1318000 1829.4
1318010 1817.9
1318020 1817.9
1318030 1809.3
1318040 1799.8
1318050 1799.8
1318060 1789.9
1318070 1781.1
1318080 1781.1
1318090 1773.0
1318100 1765.4
1318110 1765.4
1318120 1757.3
1318130 1750.9
1318140 1750.9
1318150 1744.9
1318160 1739.9
1318170 1739.9
1318180 1735.2
1318190 1730.5
1318200 1726.1
1318210 1726.1
1318220 1722.8
1318230 1719.0
1318240 1719.0
1318250 1714.8
1318260 1710.9
1318270 1710.9
1318280 1707.1
1318290 1702.7
1318300 1702.7
1318310 1698.3
1318320 1694.6
1318330 1694.6
1318340 1689.8
1318350 1685.4
1318360 1685.4
1318370 1680.1
1318380 1671.8
1318390 1671.8
1318400 1657.7
1318410 1646.8
1318420 1646.8
1318430 1643.7
1318440 1642.2
1318450 1639.7
1318460 1639.7
1318470 1630.1
1318480 1620.8
1318490 1620.8
1318500 1614.5
1318510 1609.9
1318520 1609.9
1318530 1605.1
1318540 1599.7
1318550 1599.7
1318560 1594.9
1318570 1588.0
1318580 1598.1
1318590 1591.2
1318600 1583.6
1318610 1583.6
1318620 1579.3
1318630 1573.4
1318640 1573.4
1318650 1564.3
1318660 1559.2
1318670 1557.3
1318680 1557.3
1318690 1551.5
1318700 1544.5
1318710 1544.5
1318720 1540.1
1318730 1535.8
1318740 1535.8
1318750 1530.1
1318760 1525.8
1318770 1525.8
1318780 1520.3
1318790 1513.8
1318800 1513.8
1318810 1511.3
1318820 1509.9
1318830 1509.9
1318840 1507.2
1318850 1503.7
1318860 1503.7
1318870 1496.1
1318880 1490.0
1318890 1484.4
1318900 1484.4
1318910 1478.8
1318920 1473.6
1318930 1473.6
1318940 1468.9
1318950 1463.1
1318960 1463.1
1318970 1458.8
1318980 1453.1
1318990 1453.1
1319000 1444.4
1319010 1434.1
1319020 1434.1
1319030 1424.6
1319040 1417.8
1319050 1417.8
1319060 1410.7
1319070 1395.9
1319080 1395.9
1319090 1373.1
1319100 1350.2
1319110 1321.7
1319120 1321.7
1319130 1315.1
1319140 1306.3
1319150 1306.3
1319160 1288.4
1319170 1271.4
1319180 1271.4
1319190 1256.3
1319200 1245.7
1319210 1245.7
1319220 1238.3
1319230 1227.3
1319240 1227.3
1319250 1213.0
1319260 1195.7
1319270 1195.7
1319280 1180.5
1319290 1170.1
1319300 1170.1
1319310 1157.6
1319320 1139.0
1319330 1139.0
1319340 1126.5
1319350 1125.0
1319360 1119.3
1319370 1119.3
1319380 1113.2
1319390 1106.6
1319400 1106.6
1319410 1099.4
1319420 1092.3
1319430 1092.3
1319440 1084.8
1319450 1077.5
1319460 1077.5
1319470 1073.6
1319480 1073.1
1319490 1073.1
1319500 1074.5
1319510 1075.9
1319520 1075.9
1319530 1077.3
1319540 1078.2
1319550 1078.2
1319560 1078.9
1319570 1079.5
1319580 1080.0
1319590 1080.0
1319600 1080.2
1319610 1080.2
1319620 1080.2
1319630 1080.1
1319640 1079.6
1319650 1079.6
1319660 1078.6
1319670 1077.3
1319680 1077.3
1319690 1075.6
1319700 1073.4
1319710 1073.4
1319720 1071.9
1319730 1070.7
1319740 1070.7
1319750 1069.6
1319760 1068.3
1319770 1068.3
1319780 1069.9
1319790 1067.4
1319800 1066.0
1319810 1066.0
1319820 1063.9
1319830 1061.8
1319840 1061.8
1319850 1061.6
1319860 1060.1
1319870 1060.1
1319880 1060.7
1319890 1062.5
1319900 1062.5
1319910 1064.4
1319920 1066.5
1319930 1066.5
1319940 1069.5
1319950 1072.4
1319960 1072.4
1319970 1075.3
1319980 1078.1
1319990 1078.1
