1300000 1866.6
1300010 1866.6
1300020 1861.7
1300030 1856.2
1300040 1856.2
1300050 1850.7
1300060 1844.9
1300070 1844.9
1300080 1839.9
1300090 1836.4
1300100 1833.2
1300110 1833.2
1300120 1830.1
1300130 1827.2
1300140 1827.2
1300150 1825.0
1300160 1823.0
1300170 1823.0
1300180 1820.8
1300190 1818.8
1300200 1818.8
1300210 1817.0
1300220 1815.0
1300230 1815.0
1300240 1812.7
1300250 1810.0
1300260 1810.0
1300270 1807.2
1300280 1804.7
1300290 1804.7
1300300 1802.7
1300310 1800.4
1300320 1797.8
1300330 1797.8
1300340 1795.3
1300350 1792.7
1300360 1792.7
1300370 1789.6
1300380 1786.9
1300390 1786.9
1300400 1784.5
1300410 1782.0
1300420 1782.0
1300430 1779.5
1300440 1776.7
1300450 1776.7
1300460 1774.7
1300470 1773.0
1300480 1773.0
1300490 1770.9
1300500 1769.7
1300510 1769.7
1300520 1767.9
1300530 1765.8
1300540 1762.7
1300550 1762.7
1300560 1759.8
1300570 1756.8
1300580 1756.8
1300590 1753.0
1300600 1748.4
1300610 1748.4
1300620 1745.4
1300630 1743.0
1300640 1743.0
1300650 1740.7
1300660 1738.0
1300670 1738.0
1300680 1735.1
1300690 1732.8
1300700 1732.8
1300710 1730.0
1300720 1727.0
1300730 1727.0
1300740 1724.7
1300750 1722.1
1300760 1719.8
1300770 1719.8
1300780 1717.5
1300790 1714.5
1300800 1714.5
1300810 1711.1
1300820 1708.2
1300830 1708.2
1300840 1705.8
1300850 1702.9
1300860 1702.9
1300870 1699.6
1300880 1696.6
1300890 1696.6
1300900 1694.3
1300910 1692.8
1300920 1692.8
1300930 1690.7
1300940 1688.5
1300950 1688.5
1300960 1684.8
1300970 1679.7
1300980 1679.7
1300990 1674.6
1301000 1670.1
1301010 1665.6
1301020 1665.6
1301030 1659.7
1301040 1654.9
1301050 1654.9
1301060 1650.8
1301070 1647.5
1301080 1647.5
1301090 1643.8
1301100 1639.7
1301110 1639.7
1301120 1634.3
1301130 1630.1
1301140 1630.1
1301150 1623.5
1301160 1615.1
1301170 1615.1
1301180 1611.2
1301190 1607.2
1301200 1607.2
1301210 1601.7
1301220 1595.8
1301230 1589.2
1301240 1589.2
1301250 1580.9
1301260 1574.0
1301270 1574.0
1301280 1565.6
1301290 1554.9
1301300 1554.9
1301310 1547.2
1301320 1540.9
1301330 1540.9
1301340 1535.1
1301350 1528.4
1301360 1528.4
1301370 1521.6
1301380 1514.6
1301390 1514.6
1301400 1508.0
1301410 1501.0
1301420 1501.0
1301430 1493.9
1301440 1486.6
1301450 1479.5
1301460 1479.5
1301470 1471.9
1301480 1464.7
1301490 1464.7
1301500 1457.6
1301510 1450.5
1301520 1450.5
1301530 1443.4
1301540 1436.5
1301550 1436.5
1301560 1429.2
1301570 1424.4
1301580 1424.4
1301590 1418.8
1301600 1412.0
1301610 1412.0
1301620 1405.6
1301630 1401.7
1301640 1401.7
1301650 1399.0
1301660 1397.5
1301670 1398.3
1301680 1398.3
1301690 1398.1
1301700 1398.0
1301710 1398.0
1301720 1398.1
1301730 1398.0
1301740 1398.0
1301750 1397.8
1301760 1397.6
1301770 1397.6
1301780 1397.5
1301790 1397.6
1301800 1397.6
1301810 1397.5
1301820 1397.3
1301830 1397.3
1301840 1397.0
1301850 1396.8
1301860 1396.8
1301870 1396.5
1301880 1395.7
1301890 1395.7
1301900 1393.8
1301910 1392.0
1301920 1391.1
1301930 1391.1
1301940 1391.9
1301950 1392.1
1301960 1392.1
1301970 1392.4
1301980 1392.7
1301990 1392.9
1302000 1393.0
1302010 1393.1
1302020 1393.1
1302030 1393.7
1302040 1394.2
1302050 1394.2
1302060 1394.7
1302070 1395.8
1302080 1395.8
1302090 1396.8
1302100 1397.5
1302110 1397.5
1302120 1398.3
1302130 1399.1
1302140 1399.9
1302150 1399.9
1302160 1401.1
1302170 1402.8
1302180 1402.8
1302190 1404.4
1302200 1405.8
1302210 1405.8
1302220 1407.3
1302230 1409.0
1302240 1409.0
1302250 1410.8
1302260 1413.0
1302270 1413.0
1302280 1415.8
1302290 1418.2
1302300 1418.2
1302310 1420.9
1302320 1423.3
1302330 1423.3
1302340 1425.9
1302350 1428.0
1302360 1431.7
1302370 1431.7
1302380 1437.2
1302390 1443.8
1302400 1443.8
1302410 1450.8
1302420 1457.6
1302430 1457.6
1302440 1464.3
1302450 1471.2
1302460 1471.2
1302470 1477.9
1302480 1484.3
1302490 1484.3
1302500 1490.6
1302510 1496.6
1302520 1496.6
1302530 1502.0
1302540 1507.3
1302550 1507.3
1302560 1513.0
1302570 1518.5
1302580 1518.5
1302590 1525.0
1302600 1531.4
1302610 1540.3
1302620 1540.3
1302630 1548.2
1302640 1555.9
1302650 1555.9
1302660 1562.8
1302670 1569.8
1302680 1569.8
1302690 1579.2
1302700 1586.9
1302710 1586.9
1302720 1596.4
1302730 1606.1
1302740 1606.1
1302750 1613.4
1302760 1622.5
1302770 1622.5
1302780 1631.2
1302790 1637.6
1302800 1637.6
1302810 1645.0
1302820 1652.6
1302830 1658.2
1302840 1658.2
1302850 1664.6
1302860 1671.1
1302870 1671.1
1302880 1677.9
1302890 1684.4
1302900 1684.4
1302910 1690.7
1302920 1697.7
1302930 1697.7
1302940 1704.8
1302950 1710.8
1302960 1710.8
1302970 1716.5
1302980 1722.2
1302990 1722.2
1303000 1728.2
1303010 1735.6
1303020 1735.6
1303030 1742.9
1303040 1748.6
1303050 1752.8
1303060 1752.8
1303070 1756.6
1303080 1760.7
1303090 1760.7
1303100 1764.5
1303110 1768.9
1303120 1768.9
1303130 1771.1
1303140 1774.2
1303150 1774.2
1303160 1777.7
1303170 1779.5
1303180 1779.5
1303190 1780.4
1303200 1781.9
1303210 1781.9
1303220 1785.0
1303230 1787.8
1303240 1787.8
1303250 1791.1
1303260 1795.2
1303270 1800.1
1303280 1800.1
1303290 1803.8
1303300 1807.7
1303310 1807.7
1303320 1811.7
1303330 1814.9
1303340 1814.9
1303350 1817.2
1303360 1819.4
1303370 1819.4
1303380 1822.4
1303390 1825.7
1303400 1825.7
1303410 1826.7
1303420 1828.0
1303430 1828.0
1303440 1829.8
1303450 1831.7
1303460 1831.7
1303470 1834.0
1303480 1835.9
1303490 1835.9
1303500 1837.3
1303510 1839.0
1303520 1840.7
1303530 1840.7
1303540 1840.3
1303550 1839.3
1303560 1839.3
1303570 1839.6
1303580 1840.8
1303590 1840.8
1303600 1841.5
1303610 1843.0
1303620 1843.0
1303630 1846.5
1303640 1851.0
1303650 1851.0
1303660 1854.1
1303670 1856.3
1303680 1856.3
1303690 1859.5
1303700 1861.1
1303710 1861.1
1303720 1861.8
1303730 1863.3
1303740 1865.6
1303750 1865.6
1303760 1867.3
1303770 1868.7
1303780 1868.7
1303790 1870.0
1303800 1871.2
1303810 1871.2
1303820 1872.3
1303830 1874.1
1303840 1874.1
1303850 1876.7
1303860 1879.6
1303870 1879.6
1303880 1882.1
1303890 1885.0
1303900 1885.0
1303910 1889.3
1303920 1894.2
1303930 1894.2
1303940 1898.9
1303950 1902.3
1303960 1903.5
1303970 1903.5
1303980 1904.1
1303990 1903.9
1304000 1903.9
1304010 1903.6
1304020 1903.3
1304030 1903.3
1304040 1902.8
1304050 1902.7
1304060 1902.7
1304070 1903.0
1304080 1904.4
1304090 1906.1
1304100 1907.7
1304110 1908.7
1304120 1908.7
1304130 1910.0
1304140 1911.5
1304150 1911.5
1304160 1912.9
1304170 1916.1
1304180 1920.2
1304190 1920.2
1304200 1924.7
1304210 1929.3
1304220 1929.3
1304230 1933.5
1304240 1937.4
1304250 1937.4
1304260 1942.6
1304270 1948.6
1304280 1948.6
1304290 1955.0
1304300 1962.1
1304310 1962.1
1304320 1969.9
1304330 1978.2
1304340 1978.2
1304350 1984.1
1304360 1989.9
1304370 1989.9
1304380 1995.2
1304390 2000.2
1304400 2000.2
1304410 2005.3
1304420 2010.6
1304430 2015.7
1304440 2015.7
1304450 2020.5
1304460 2025.1
1304470 2025.1
1304480 2029.7
1304490 2034.6
1304500 2034.6
1304510 2039.5
1304520 2044.7
1304530 2044.7
1304540 2050.6
1304550 2056.1
1304560 2056.1
1304570 2060.9
1304580 2065.8
1304590 2065.8
1304600 2070.7
1304610 2075.5
1304620 2075.5
1304630 2080.2
1304640 2084.8
1304650 2089.0
1304660 2089.0
1304670 2093.3
1304680 2093.1
1304690 2093.1
1304700 2085.7
1304710 2079.6
1304720 2079.6
1304730 2074.5
1304740 2070.5
1304750 2070.5
1304760 2071.1
1304770 2072.4
1304780 2072.4
1304790 2079.8
1304800 2079.0
1304810 2079.0
1304820 2082.5
1304830 2087.7
1304840 2087.7
1304850 2093.9
1304860 2097.5
1304870 2099.4
1304880 2099.4
1304890 2096.8
1304900 2087.3
1304910 2087.3
1304920 2075.3
1304930 2066.3
1304940 2066.3
1304950 2063.1
1304960 2059.4
1304970 2059.4
1304980 2056.6
1304990 2057.1
1305000 2057.1
1305010 2056.4
1305020 2056.6
1305030 2056.6
1305040 2060.2
1305050 2062.7
1305060 2062.7
1305070 2059.7
1305080 2052.1
1305090 2049.1
1305100 2049.1
1305110 2048.6
1305120 2049.2
1305130 2049.2
1305140 2052.2
1305150 2059.4
1305160 2059.4
1305170 2066.6
1305180 2073.7
1305190 2073.7
1305200 2080.4
1305210 2086.8
1305220 2086.8
1305230 2093.0
1305240 2098.4
1305250 2098.4
1305260 2097.2
1305270 2059.6
1305280 2059.6
1305290 2039.3
1305300 2042.8
1305310 2042.8
1305320 2050.2
1305330 2057.5
1305340 2064.9
1305350 2064.9
1305360 2070.8
1305370 2077.6
1305380 2077.6
1305390 2083.4
1305400 2088.9
1305410 2088.9
1305420 2094.2
1305430 2098.1
1305440 2098.1
1305450 2102.8
1305460 2107.5
1305470 2107.5
1305480 2111.6
1305490 2117.8
1305500 2129.6
1305510 2124.7
1305520 2118.6
1305530 2118.6
1305540 2114.1
1305550 2111.5
1305560 2112.0
1305570 2112.0
1305580 2113.1
1305590 2114.2
1305600 2114.2
1305610 2116.1
1305620 2119.9
1305630 2119.9
1305640 2115.1
1305650 2100.4
1305660 2100.4
1305670 2077.8
1305680 2062.8
1305690 2062.8
1305700 2067.9
1305710 2077.0
1305720 2077.0
1305730 2084.9
1305740 2091.9
1305750 2091.9
1305760 2098.7
1305770 2105.3
1305780 2111.0
1305790 2111.0
1305800 2117.4
1305810 2123.8
1305820 2123.8
1305830 2129.9
1305840 2132.7
1305850 2132.7
1305860 2110.2
1305870 2085.8
1305880 2085.8
1305890 2059.7
1305900 2040.5
1305910 2040.5
1305920 2033.5
1305930 2028.1
1305940 2028.1
1305950 2023.0
1305960 2017.1
1305970 2017.1
1305980 2010.7
1305990 2004.2
1306000 2004.2
1306010 1998.0
1306020 1991.9
1306030 1987.4
1306040 1987.4
1306050 1985.5
1306060 1983.9
1306070 1983.9
1306080 1985.0
1306090 1986.1
1306100 1986.1
1306110 1986.7
1306120 1986.9
1306130 1986.9
1306140 1987.0
1306150 1986.4
1306160 1986.4
1306170 1988.4
1306180 1990.3
1306190 1990.3
1306200 1992.2
1306210 2000.7
1306220 2000.7
1306230 2002.4
1306240 2004.3
1306250 2006.8
1306260 2006.8
1306270 2010.3
1306280 2013.9
1306290 2013.9
1306300 2018.6
1306310 2024.2
1306320 2024.2
1306330 2030.0
1306340 2036.3
1306350 2036.3
1306360 2043.2
1306370 2050.9
1306380 2050.9
1306390 2058.7
1306400 2066.4
1306410 2066.4
1306420 2073.4
1306430 2078.0
1306440 2078.0
1306450 2081.7
1306460 2087.0
1306470 2096.2
1306480 2096.2
1306490 2105.2
1306500 2113.8
1306510 2113.8
1306520 2120.7
1306530 2126.7
1306540 2126.7
1306550 2132.2
1306560 2135.9
1306570 2135.9
1306580 2136.4
1306590 2134.8
1306600 2134.8
1306610 2135.1
1306620 2135.4
1306630 2135.4
1306640 2135.5
1306650 2136.6
1306660 2136.6
1306670 2138.5
1306680 2140.4
1306690 2144.0
1306700 2144.0
1306710 2147.7
1306720 2152.3
1306730 2152.3
1306740 2158.8
1306750 2165.7
1306760 2165.7
1306770 2172.8
1306780 2180.9
1306790 2180.9
1306800 2189.1
1306810 2197.2
1306820 2197.2
1306830 2205.3
1306840 2213.2
1306850 2213.2
1306860 2221.4
1306870 2229.5
1306880 2229.5
1306890 2237.4
1306900 2245.0
1306910 2245.0
1306920 2250.8
1306930 2257.3
1306940 2261.1
1306950 2261.1
1306960 2264.0
1306970 2265.2
1306980 2265.2
1306990 2264.6
1307000 2261.9
1307010 2261.9
1307020 2258.3
1307030 2257.2
1307040 2257.2
1307050 2256.1
1307060 2255.2
1307070 2255.2
1307080 2254.6
1307090 2253.9
1307100 2253.9
1307110 2253.2
1307120 2251.9
1307130 2251.9
1307140 2251.7
1307150 2252.3
1307160 2254.3
1307170 2254.3
1307180 2256.2
1307190 2257.7
1307200 2257.7
1307210 2260.1
1307220 2263.1
1307230 2263.1
1307240 2266.1
1307250 2270.8
1307260 2270.8
1307270 2277.5
1307280 2281.3
1307290 2281.3
1307300 2283.5
1307310 2286.7
1307320 2286.7
1307330 2288.9
1307340 2289.7
1307350 2289.7
1307360 2291.4
1307370 2293.2
1307380 2294.3
1307390 2294.3
1307400 2295.3
1307410 2295.8
1307420 2295.8
1307430 2296.5
1307440 2297.2
1307450 2297.2
1307460 2299.1
1307470 2301.4
1307480 2301.4
1307490 2302.0
1307500 2301.6
1307510 2301.6
1307520 2300.4
1307530 2302.4
1307540 2302.4
1307550 2306.9
1307560 2312.0
1307570 2312.0
1307580 2317.3
1307590 2322.7
1307600 2328.1
1307610 2328.1
1307620 2333.6
1307630 2339.1
1307640 2341.8
1307650 2347.6
1307660 2353.5
1307670 2353.5
1307680 2359.8
1307690 2366.3
1307700 2366.3
1307710 2373.4
1307720 2381.5
1307730 2381.5
1307740 2391.4
1307750 2403.9
1307760 2403.9
1307770 2419.3
1307780 2431.0
1307790 2431.0
1307800 2440.9
1307810 2448.8
1307820 2448.8
1307830 2456.3
1307840 2465.8
1307850 2474.1
1307860 2474.1
1307870 2482.4
1307880 2489.8
1307890 2489.8
1307900 2497.3
1307910 2504.3
1307920 2504.3
1307930 2511.3
1307940 2518.3
1307950 2518.3
1307960 2525.6
1307970 2532.9
1307980 2532.9
1307990 2540.3
1308000 2547.7
1308010 2547.7
1308020 2554.9
1308030 2561.9
1308040 2561.9
1308050 2569.5
1308060 2577.5
1308070 2585.6
1308080 2585.6
1308090 2594.4
1308100 2603.0
1308110 2603.0
1308120 2611.5
1308130 2619.8
1308140 2619.8
1308150 2628.0
1308160 2635.9
1308170 2635.9
1308180 2638.0
1308190 2625.5
1308200 2625.5
1308210 2606.1
1308220 2594.2
1308230 2594.2
1308240 2582.8
1308250 2577.7
1308260 2577.7
1308270 2569.9
1308280 2562.7
1308290 2555.5
1308300 2555.5
1308310 2552.3
1308320 2549.9
1308330 2549.9
1308340 2547.6
1308350 2544.0
1308360 2547.8
1308370 2540.6
1308380 2536.5
1308390 2536.5
1308400 2533.3
1308410 2530.5
1308420 2530.5
1308430 2527.9
1308440 2525.1
1308450 2525.1
1308460 2522.7
1308470 2519.1
1308480 2519.1
1308490 2511.8
1308500 2503.1
1308510 2460.6
1308520 2460.6
1308530 2434.8
1308540 2426.4
1308550 2426.4
1308560 2421.5
1308570 2416.4
1308580 2416.4
1308590 2410.8
1308600 2405.6
1308610 2405.6
1308620 2401.4
1308630 2398.1
1308640 2398.1
1308650 2396.2
1308660 2397.4
1308670 2397.4
1308680 2403.4
1308690 2405.8
1308700 2405.8
1308710 2406.3
1308720 2408.6
1308730 2408.6
1308740 2412.4
1308750 2414.8
1308760 2417.9
1308770 2417.9
1308780 2422.8
1308790 2427.9
1308800 2427.9
1308810 2430.8
1308820 2432.8
1308830 2432.8
1308840 2433.9
1308850 2432.2
1308860 2432.2
1308870 2429.9
1308880 2429.1
1308890 2429.1
1308900 2429.9
1308910 2431.3
1308920 2431.3
1308930 2432.8
1308940 2433.5
1308950 2433.5
1308960 2435.0
1308970 2437.2
1308980 2437.3
1308990 2437.3
1309000 2437.1
1309010 2441.0
1309020 2441.0
1309030 2446.3
1309040 2450.8
1309050 2450.8
1309060 2455.5
1309070 2460.4
1309080 2460.1
1309090 2465.3
1309100 2471.7
1309110 2471.7
1309120 2478.9
1309130 2486.0
1309140 2486.0
1309150 2493.5
1309160 2501.4
1309170 2501.4
1309180 2510.6
1309190 2521.0
1309200 2531.0
1309210 2531.0
1309220 2538.8
1309230 2538.3
1309240 2538.3
1309250 2522.7
1309260 2496.2
1309270 2496.2
1309280 2475.1
1309290 2472.9
1309300 2472.9
1309310 2472.9
1309320 2471.8
1309330 2471.8
1309340 2470.5
1309350 2468.8
1309360 2468.8
1309370 2467.2
1309380 2464.6
1309390 2464.6
1309400 2461.8
1309410 2462.6
1309420 2464.9
1309430 2464.9
1309440 2466.4
1309450 2469.6
1309460 2469.6
1309470 2471.9
1309480 2474.7
1309490 2474.7
1309500 2478.5
1309510 2482.6
1309520 2482.6
1309530 2486.5
1309540 2490.0
1309550 2490.0
1309560 2494.4
1309570 2499.3
1309580 2499.3
1309590 2504.5
1309600 2509.3
1309610 2509.3
1309620 2512.9
1309630 2514.8
1309640 2514.8
1309650 2516.4
1309660 2518.7
1309670 2519.8
1309680 2519.8
1309690 2521.9
1309700 2524.5
1309710 2524.5
1309720 2525.9
1309730 2526.2
1309740 2526.2
1309750 2526.0
1309760 2526.7
1309770 2526.7
1309780 2526.7
1309790 2527.7
1309800 2531.4
1309810 2532.5
1309820 2534.4
1309830 2534.4
1309840 2534.4
1309850 2536.0
1309860 2536.0
1309870 2540.4
1309880 2543.6
1309890 2549.5
1309900 2549.5
1309910 2555.6
1309920 2563.1
1309930 2563.1
1309940 2574.8
1309950 2588.6
1309960 2588.6
1309970 2600.9
1309980 2611.0
1309990 2611.0
1310000 2619.2
1310010 2627.2
1310020 2627.2
1310030 2635.6
1310040 2644.5
1310050 2644.5
1310060 2659.4
1310070 2673.7
1310080 2673.7
1310090 2684.5
1310100 2689.5
1310110 2692.0
1310120 2692.0
1310130 2692.3
1310140 2694.6
1310150 2694.6
1310160 2704.5
1310170 2713.3
1310180 2713.3
1310190 2722.9
1310200 2734.1
1310210 2734.1
1310220 2750.4
1310230 2765.5
1310240 2765.5
1310250 2775.2
1310260 2784.4
1310270 2784.4
1310280 2793.8
1310290 2802.7
1310300 2802.7
1310310 2811.9
1310320 2822.4
1310330 2833.3
1310340 2833.3
1310350 2843.0
1310360 2851.3
1310370 2851.3
1310380 2852.2
1310390 2844.0
1310400 2844.0
1310410 2835.1
1310420 2824.3
1310430 2824.3
1310440 2814.6
1310450 2805.7
1310460 2805.7
1310470 2797.8
1310480 2790.8
1310490 2790.8
1310500 2784.8
1310510 2780.7
1310520 2780.7
1310530 2787.4
1310540 2784.4
1310550 2784.4
1310560 2780.9
1310570 2776.9
1310580 2774.2
1310590 2774.2
1310600 2771.2
1310610 2769.5
1310620 2769.5
1310630 2768.7
1310640 2769.8
1310650 2769.8
1310660 2772.6
1310670 2774.5
1310680 2774.5
1310690 2774.9
1310700 2775.3
1310710 2775.3
1310720 2774.3
1310730 2771.3
1310740 2771.3
1310750 2767.3
1310760 2758.9
1310770 2758.9
1310780 2738.7
1310790 2718.5
1310800 2701.0
1310810 2701.0
1310820 2688.5
1310830 2677.9
1310840 2677.9
1310850 2669.2
1310860 2662.0
1310870 2662.0
1310880 2656.5
1310890 2652.4
1310900 2652.4
1310910 2647.6
1310920 2639.5
1310930 2639.5
1310940 2627.3
1310950 2606.1
1310960 2606.1
1310970 2585.6
1310980 2576.4
1310990 2576.4
1311000 2572.4
1311010 2568.8
1311020 2565.2
1311030 2565.2
1311040 2560.5
1311050 2552.3
1311060 2552.3
1311070 2542.9
1311080 2532.9
1311090 2532.9
1311100 2524.6
1311110 2517.6
1311120 2517.6
1311130 2505.3
1311140 2495.6
1311150 2495.6
1311160 2488.0
1311170 2482.0
1311180 2482.0
1311190 2475.0
1311200 2467.9
1311210 2467.9
1311220 2461.2
1311230 2454.4
1311240 2454.4
1311250 2447.1
1311260 2437.9
1311270 2432.0
1311280 2432.0
1311290 2426.5
1311300 2419.9
1311310 2419.9
1311320 2413.9
1311330 2408.8
1311340 2408.8
1311350 2401.8
1311360 2394.8
1311370 2394.8
1311380 2388.9
1311390 2382.9
1311400 2382.9
1311410 2378.1
1311420 2373.3
1311430 2373.3
1311440 2367.4
1311450 2363.9
1311460 2363.9
1311470 2363.2
1311480 2364.1
1311490 2365.8
1311500 2365.8
1311510 2365.7
1311520 2364.1
1311530 2364.1
1311540 2361.0
1311550 2356.5
1311560 2356.5
1311570 2352.7
1311580 2350.8
1311590 2350.8
1311600 2349.2
1311610 2348.6
1311620 2348.6
1311630 2348.7
1311640 2349.8
1311650 2349.8
1311660 2351.9
1311670 2355.0
1311680 2355.0
1311690 2358.5
1311700 2361.5
1311710 2363.8
1311720 2363.8
1311730 2365.5
1311740 2367.3
1311750 2367.3
1311760 2375.6
1311770 2386.6
1311780 2386.6
1311790 2399.3
1311800 2414.9
1311810 2414.9
1311820 2427.6
1311830 2427.4
1311840 2427.4
1311850 2421.7
1311860 2422.1
1311870 2422.1
1311880 2417.7
1311890 2411.4
1311900 2411.4
1311910 2404.3
1311920 2397.4
1311930 2392.1
1311940 2392.1
1311950 2383.6
1311960 2373.1
1311970 2373.1
1311980 2363.2
1311990 2353.6
1312000 2354.5
1312010 2344.1
1312020 2334.2
1312030 2334.2
1312040 2324.0
1312050 2314.1
1312060 2314.1
1312070 2304.7
1312080 2293.1
1312090 2293.1
1312100 2283.2
1312110 2274.4
1312120 2274.4
1312130 2266.6
1312140 2259.3
1312150 2259.3
1312160 2253.3
1312170 2253.9
1312180 2252.6
1312190 2252.6
1312200 2244.7
1312210 2227.4
1312220 2227.4
1312230 2211.9
1312240 2198.7
1312250 2198.7
1312260 2187.7
1312270 2176.8
1312280 2176.8
1312290 2164.8
1312300 2153.6
1312310 2153.6
1312320 2143.4
1312330 2133.1
1312340 2133.1
1312350 2123.9
1312360 2116.0
1312370 2116.0
1312380 2108.2
1312390 2100.2
1312400 2092.9
1312410 2092.9
1312420 2085.6
1312430 2078.2
1312440 2078.2
1312450 2071.0
1312460 2063.6
1312470 2063.6
1312480 2055.8
1312490 2047.4
1312500 2047.4
1312510 2039.3
1312520 2031.0
1312530 2031.0
1312540 2023.0
1312550 2014.8
1312560 2014.8
1312570 2006.6
1312580 1996.8
1312590 1996.8
1312600 1987.1
1312610 1978.9
1312620 1972.1
1312630 1972.1
1312640 1968.6
1312650 1963.7
1312660 1963.7
1312670 1958.0
1312680 1951.9
1312690 1951.9
1312700 1945.3
1312710 1939.1
1312720 1939.1
1312730 1928.8
1312740 1923.5
1312750 1923.5
1312760 1919.3
1312770 1913.6
1312780 1913.6
1312790 1901.6
1312800 1886.9
1312810 1886.9
1312820 1876.0
1312830 1865.8
1312840 1855.9
1312850 1855.9
1312860 1847.6
1312870 1838.4
1312880 1838.4
1312890 1829.1
1312900 1820.4
1312910 1820.4
1312920 1811.9
1312930 1802.1
1312940 1802.1
1312950 1791.9
1312960 1780.8
1312970 1780.8
1312980 1768.8
1312990 1756.9
1313000 1756.9
1313010 1746.6
1313020 1738.3
1313030 1738.3
1313040 1731.1
1313050 1723.9
1313060 1723.9
1313070 1716.7
1313080 1710.7
1313090 1707.1
1313100 1707.1
1313110 1703.0
1313120 1695.6
1313130 1695.6
1313140 1692.8
1313150 1699.8
1313160 1699.8
1313170 1696.3
1313180 1691.1
1313190 1691.1
1313200 1687.6
1313210 1682.6
1313220 1682.6
1313230 1678.0
1313240 1674.6
1313250 1674.6
1313260 1673.3
1313270 1672.6
1313280 1672.6
1313290 1669.7
1313300 1663.9
1313310 1655.4
1313320 1655.4
1313330 1630.3
1313340 1602.2
1313350 1602.2
1313360 1578.6
1313370 1559.1
1313380 1559.1
1313390 1544.8
1313400 1533.1
1313410 1533.1
1313420 1517.7
1313430 1505.6
1313440 1505.6
1313450 1492.9
1313460 1478.8
1313470 1476.0
1313480 1460.9
1313490 1446.6
1313500 1446.6
1313510 1436.8
1313520 1428.8
1313530 1421.7
1313540 1421.7
1313550 1414.3
1313560 1406.8
1313570 1406.8
1313580 1399.6
1313590 1392.0
1313600 1392.0
1313610 1384.1
1313620 1376.1
1313630 1376.1
1313640 1368.6
1313650 1361.0
1313660 1361.0
1313670 1353.9
1313680 1346.9
1313690 1346.9
1313700 1340.0
1313710 1332.6
1313720 1332.6
1313730 1324.9
1313740 1317.7
1313750 1312.0
1313760 1312.0
1313770 1307.5
1313780 1303.1
1313790 1303.1
1313800 1299.0
1313810 1294.9
1313820 1294.9
1313830 1290.2
1313840 1283.5
1313850 1283.5
1313860 1275.5
1313870 1266.9
1313880 1266.9
1313890 1257.9
1313900 1248.9
1313910 1248.9
1313920 1239.6
1313930 1230.2
1313940 1230.2
1313950 1219.3
1313960 1208.4
1313970 1208.4
1313980 1199.8
1313990 1196.3
1314000 1196.3
1314010 1196.3
1314020 1197.6
1314030 1197.8
1314040 1197.8
1314050 1196.7
1314060 1195.6
1314070 1195.6
1314080 1193.9
1314090 1190.9
1314100 1190.9
1314110 1186.1
1314120 1180.3
1314130 1180.3
1314140 1173.8
1314150 1167.3
1314160 1167.3
1314170 1160.3
1314180 1153.4
1314190 1153.4
1314200 1147.0
1314210 1140.7
1314220 1132.4
1314230 1132.4
1314240 1125.1
1314250 1119.2
1314260 1119.2
1314270 1114.1
1314280 1109.2
1314290 1109.2
1314300 1104.1
1314310 1097.6
1314320 1097.6
1314330 1089.7
1314340 1080.2
1314350 1080.2
1314360 1068.5
1314370 1059.4
1314380 1059.4
1314390 1053.0
1314400 1046.6
1314410 1046.6
1314420 1040.5
1314430 1034.0
1314440 1027.1
1314450 1027.1
1314460 1020.4
1314470 1015.1
1314480 1015.1
1314490 1009.5
1314500 1004.9
1314510 1004.9
1314520 1001.7
1314530 996.8
1314540 996.8
1314550 990.3
1314560 983.2
1314570 983.2
1314580 976.3
1314590 969.2
1314600 969.2
1314610 962.2
1314620 955.0
1314630 955.0
1314640 948.1
1314650 940.8
1314660 933.0
1314670 933.0
1314680 924.9
1314690 918.7
1314700 918.7
1314710 916.8
1314720 915.2
1314730 915.2
1314740 914.5
1314750 913.1
1314760 913.1
1314770 912.4
1314780 912.9
1314790 912.9
1314800 914.7
1314810 917.9
1314820 917.9
1314830 921.5
1314840 922.3
1314850 922.3
1314860 922.5
1314870 925.6
1314880 925.6
1314890 931.8
1314900 937.3
1314910 942.0
1314920 942.0
1314930 946.2
1314940 950.5
1314950 950.5
1314960 963.2
1314970 966.7
1314980 966.7
1314990 970.4
1315000 973.2
1315010 973.2
1315020 977.6
1315030 982.7
1315040 982.7
1315050 987.9
1315060 993.3
1315070 993.3
1315080 998.9
1315090 1004.1
1315100 1004.1
1315110 1009.0
1315120 1013.5
1315130 1018.5
1315140 1018.5
1315150 1024.9
1315160 1029.5
1315170 1029.5
1315180 1031.5
1315190 1033.0
1315200 1033.0
1315210 1034.7
1315220 1033.5
1315230 1033.5
1315240 1036.2
1315250 1040.5
1315260 1040.5
1315270 1044.6
1315280 1051.1
1315290 1051.1
1315300 1060.3
1315310 1069.5
1315320 1069.5
1315330 1077.1
1315340 1081.0
1315350 1082.4
1315360 1082.4
1315370 1084.7
1315380 1089.3
1315390 1089.3
1315400 1092.1
1315410 1092.5
1315420 1092.5
1315430 1093.5
1315440 1099.5
1315450 1099.5
1315460 1106.1
1315470 1110.7
1315480 1110.7
1315490 1113.7
1315500 1116.1
1315510 1116.1
1315520 1116.5
1315530 1112.3
1315540 1112.3
1315550 1110.2
1315560 1116.6
1315570 1121.3
1315580 1121.3
1315590 1123.0
1315600 1126.7
1315610 1126.7
1315620 1133.8
1315630 1141.5
1315640 1141.5
1315650 1149.5
1315660 1157.3
1315670 1157.3
1315680 1164.9
1315690 1171.5
1315700 1171.5
1315710 1181.8
1315720 1188.1
1315730 1188.1
1315740 1193.8
1315750 1199.0
1315760 1199.0
1315770 1203.4
1315780 1209.5
1315790 1209.5
1315800 1230.7
1315810 1239.5
1315820 1267.1
1315830 1267.1
1315840 1300.9
1315850 1341.7
1315860 1341.7
1315870 1352.8
1315880 1358.6
1315890 1358.6
1315900 1364.7
1315910 1371.3
1315920 1371.3
1315930 1378.7
1315940 1385.1
1315950 1385.1
1315960 1390.6
1315970 1395.8
1315980 1395.8
1315990 1400.8
1316000 1407.0
1316010 1407.0
1316020 1413.6
1316030 1418.0
1316040 1424.7
1316050 1424.7
1316060 1431.9
1316070 1434.0
1316080 1434.0
1316090 1438.1
1316100 1442.6
1316110 1442.6
1316120 1448.0
1316130 1452.0
1316140 1452.0
1316150 1454.9
1316160 1457.5
1316170 1457.5
1316180 1461.3
1316190 1464.5
1316200 1464.5
1316210 1469.0
1316220 1479.2
1316230 1479.2
1316240 1496.4
1316250 1505.4
1316260 1505.4
1316270 1505.4
1316280 1511.3
1316290 1518.7
1316300 1518.7
1316310 1526.4
1316320 1535.2
1316330 1535.2
1316340 1578.4
1316350 1625.0
1316360 1625.0
1316370 1642.3
1316380 1655.1
1316390 1655.1
1316400 1667.4
1316410 1681.3
1316420 1681.3
1316430 1694.8
1316440 1707.4
1316450 1707.4
1316460 1718.7
1316470 1728.5
1316480 1737.1
1316490 1737.1
1316500 1747.2
1316510 1758.9
1316520 1758.9
1316530 1769.9
1316540 1778.3
1316550 1778.3
1316560 1786.7
1316570 1797.2
1316580 1797.2
1316590 1805.5
1316600 1812.8
1316610 1812.8
1316620 1819.3
1316630 1825.7
1316640 1825.7
1316650 1832.1
1316660 1838.8
1316670 1838.8
1316680 1846.0
1316690 1853.6
1316700 1853.6
1316710 1859.4
1316720 1866.1
1316730 1871.8
1316740 1871.8
1316750 1876.1
1316760 1879.8
1316770 1879.8
1316780 1883.9
1316790 1889.4
1316800 1889.4
1316810 1895.7
1316820 1901.8
1316830 1901.8
1316840 1907.9
1316850 1912.6
1316860 1912.6
1316870 1917.5
1316880 1924.3
1316890 1924.3
1316900 1931.8
1316910 1939.1
1316920 1939.1
1316930 1946.4
1316940 1953.7
1316950 1960.5
1316960 1960.5
1316970 1967.0
1316980 1973.8
1316990 1973.8
1317000 1980.4
1317010 1987.6
1317020 1987.6
1317030 1995.4
1317040 2003.1
1317050 2003.1
1317060 2010.3
1317070 2018.2
1317080 2018.2
1317090 2026.8
1317100 2034.3
1317110 2034.3
1317120 2041.3
1317130 2047.8
1317140 2047.8
1317150 2054.9
1317160 2063.5
1317170 2073.9
1317180 2073.9
1317190 2083.9
1317200 2096.4
1317210 2096.4
1317220 2107.9
1317230 2118.2
1317240 2118.2
1317250 2128.7
1317260 2142.9
1317270 2142.9
1317280 2154.2
1317290 2165.8
1317300 2165.8
1317310 2180.1
1317320 2192.3
1317330 2192.3
1317340 2200.3
1317350 2208.0
1317360 2208.0
1317370 2216.0
1317380 2224.9
1317390 2224.9
1317400 2234.3
1317410 2243.0
1317420 2251.8
1317430 2251.8
1317440 2261.9
1317450 2275.8
1317460 2275.8
1317470 2290.3
1317480 2302.0
1317490 2302.0
1317500 2312.8
1317510 2322.1
1317520 2322.1
1317530 2316.3
1317540 2304.2
1317550 2304.2
1317560 2292.4
1317570 2283.0
1317580 2283.0
1317590 2274.0
1317600 2265.7
1317610 2265.7
1317620 2257.3
1317630 2248.8
1317640 2240.6
1317650 2240.6
1317660 2232.4
1317670 2223.1
1317680 2223.1
1317690 2214.1
1317700 2208.5
1317710 2208.5
1317720 2204.7
1317730 2199.1
1317740 2199.1
1317750 2194.2
1317760 2188.2
1317770 2188.2
1317780 2181.9
1317790 2177.8
1317800 2177.8
1317810 2173.4
1317820 2168.4
1317830 2168.4
1317840 2164.1
1317850 2160.3
1317860 2157.2
1317870 2157.2
1317880 2150.8
1317890 2139.8
1317900 2139.8
1317910 2131.8
1317920 2124.5
1317930 2124.5
1317940 2117.6
1317950 2113.1
1317960 2113.1
1317970 2111.3
1317980 2117.3
1317990 2117.3
1318000 2112.6
1318010 2107.9
1318020 2107.9
1318030 2105.6
1318040 2100.4
1318050 2100.4
1318060 2094.1
1318070 2088.4
1318080 2082.3
1318090 2082.3
1318100 2074.0
1318110 2064.4
1318120 2064.4
1318130 2054.9
1318140 2043.0
1318150 2043.0
1318160 2030.4
1318170 2019.0
1318180 2019.0
1318190 2008.5
1318200 1996.5
1318210 1996.5
1318220 1984.9
1318230 1973.9
1318240 1973.9
1318250 1963.5
1318260 1954.7
1318270 1954.7
1318280 1945.7
1318290 1935.8
1318300 1935.8
1318310 1925.6
1318320 1915.6
1318330 1906.2
1318340 1906.2
1318350 1896.8
1318360 1887.6
1318370 1887.6
1318380 1878.3
1318390 1869.3
1318400 1869.3
1318410 1860.1
1318420 1851.2
1318430 1851.2
1318440 1842.6
1318450 1834.6
1318460 1834.6
1318470 1827.0
1318480 1819.5
1318490 1819.5
1318500 1811.7
1318510 1802.4
1318520 1802.4
1318530 1793.0
1318540 1782.0
1318550 1768.5
1318560 1768.5
1318570 1758.0
1318580 1747.7
1318590 1747.7
1318600 1739.5
1318610 1734.8
1318620 1734.8
1318630 1731.2
1318640 1726.8
1318650 1726.8
1318660 1721.8
1318670 1716.6
1318680 1716.6
1318690 1710.9
1318700 1705.1
1318710 1705.1
1318720 1698.8
1318730 1692.9
1318740 1697.7
1318750 1692.9
1318760 1686.2
1318770 1674.4
1318780 1674.4
1318790 1652.0
1318800 1637.3
1318810 1637.3
1318820 1622.3
1318830 1607.3
1318840 1607.3
1318850 1597.0
1318860 1585.6
1318870 1585.6
1318880 1573.9
1318890 1562.0
1318900 1562.0
1318910 1553.0
1318920 1544.3
1318930 1544.3
1318940 1535.5
1318950 1526.5
1318960 1526.5
1318970 1518.4
1318980 1511.0
1318990 1503.9
1319000 1503.9
1319010 1496.8
1319020 1490.1
1319030 1490.1
1319040 1484.2
1319050 1477.6
1319060 1477.6
1319070 1468.9
1319080 1454.5
1319090 1454.5
1319100 1432.6
1319110 1419.9
1319120 1419.9
1319130 1412.7
1319140 1406.6
1319150 1406.6
1319160 1400.5
1319170 1398.0
1319180 1398.0
1319190 1403.2
1319200 1405.6
1319210 1405.6
1319220 1406.0
1319230 1403.9
1319240 1406.2
1319250 1406.2
1319260 1414.8
1319270 1423.8
1319280 1423.8
1319290 1430.9
1319300 1437.5
1319310 1437.5
1319320 1438.0
1319330 1438.5
1319340 1438.5
1319350 1438.8
1319360 1437.8
1319370 1437.8
1319380 1437.3
1319390 1437.0
1319400 1437.0
1319410 1436.4
1319420 1435.3
1319430 1435.3
1319440 1431.7
1319450 1425.1
1319460 1423.7
1319470 1423.7
1319480 1425.7
1319490 1420.3
1319500 1420.3
1319510 1433.2
1319520 1434.1
1319530 1434.1
1319540 1434.2
1319550 1433.3
1319560 1433.3
1319570 1428.2
1319580 1418.1
1319590 1418.1
1319600 1414.6
1319610 1408.4
1319620 1408.4
1319630 1386.7
1319640 1357.3
1319650 1357.3
1319660 1345.5
1319670 1334.9
1319680 1321.9
1319690 1321.9
1319700 1295.7
1319710 1270.2
1319720 1270.2
1319730 1249.6
1319740 1245.1
1319750 1245.1
1319760 1245.4
1319770 1245.6
1319780 1245.6
1319790 1244.0
1319800 1240.6
1319810 1240.6
1319820 1236.0
1319830 1230.9
1319840 1230.9
1319850 1226.4
1319860 1221.8
1319870 1221.8
1319880 1217.0
1319890 1212.2
1319900 1207.0
1319910 1207.0
1319920 1201.0
1319930 1195.0
1319940 1195.0
1319950 1187.7
1319960 1181.4
1319970 1181.4
1319980 1175.6
1319990 1169.6
