1300000 2070.3
1300010 2063.4
1300020 2059.0
1300030 2059.0
1300040 2055.5
1300050 2050.7
1300060 2050.7
1300070 2045.9
1300080 2035.0
1300090 2032.5
1300100 2032.5
1300110 2031.3
1300120 2028.4
1300130 2028.4
1300140 2022.8
1300150 2018.5
1300160 2018.5
1300170 2015.1
1300180 2007.3
1300190 2007.3
1300200 1999.9
1300210 1994.9
1300220 1994.9
1300230 1993.5
1300240 1995.5
1300250 1995.5
1300260 1991.1
1300270 1978.9
1300280 1978.9
1300290 1968.6
1300300 1963.9
1300310 1960.3
1300320 1960.3
1300330 1953.2
1300340 1949.0
1300350 1949.0
1300360 1946.0
1300370 1942.8
1300380 1942.8
1300390 1939.8
1300400 1936.6
1300410 1936.6
1300420 1933.5
1300430 1932.3
1300440 1932.3
1300450 1927.9
1300460 1923.3
1300470 1923.3
1300480 1921.8
1300490 1922.4
1300500 1922.4
1300510 1923.2
1300520 1922.7
1300530 1922.7
1300540 1920.6
1300550 1914.5
1300560 1907.2
1300570 1907.2
1300580 1897.4
1300590 1888.0
1300600 1888.0
1300610 1882.2
1300620 1876.2
1300630 1876.2
1300640 1865.3
1300650 1858.0
1300660 1858.0
1300670 1850.0
1300680 1844.2
1300690 1844.2
1300700 1839.5
1300710 1834.9
1300720 1834.9
1300730 1831.5
1300740 1828.1
1300750 1828.1
1300760 1823.7
1300770 1822.1
1300780 1817.1
1300790 1817.1
1300800 1812.3
1300810 1807.6
1300820 1807.6
1300830 1802.9
1300840 1797.9
1300850 1797.9
1300860 1793.5
1300870 1789.5
1300880 1789.5
1300890 1785.3
1300900 1781.3
1300910 1781.3
1300920 1777.8
1300930 1774.4
1300940 1774.4
1300950 1770.5
1300960 1765.7
1300970 1765.7
1300980 1760.4
1300990 1754.5
1301000 1749.3
1301010 1749.3
1301020 1742.1
1301030 1735.5
1301040 1735.5
1301050 1729.6
1301060 1722.5
1301070 1722.5
1301080 1714.7
1301090 1707.0
1301100 1707.0
1301110 1699.6
1301120 1693.1
1301130 1693.1
1301140 1686.7
1301150 1679.7
1301160 1679.7
1301170 1672.3
1301180 1665.2
1301190 1665.2
1301200 1658.7
1301210 1652.7
1301220 1646.5
1301230 1646.5
1301240 1639.8
1301250 1633.1
1301260 1633.1
1301270 1627.2
1301280 1622.2
1301290 1622.2
1301300 1618.0
1301310 1613.3
1301320 1613.3
1301330 1608.0
1301340 1603.9
1301350 1603.9
1301360 1598.7
1301370 1593.7
1301380 1593.7
1301390 1588.4
1301400 1583.1
1301410 1583.1
1301420 1577.4
1301430 1572.7
1301440 1572.7
1301450 1569.5
1301460 1565.8
1301470 1562.0
1301480 1562.0
1301490 1557.5
1301500 1553.0
1301510 1553.0
1301520 1548.2
1301530 1542.8
1301540 1542.8
1301550 1536.7
1301560 1530.8
1301570 1530.8
1301580 1524.7
1301590 1516.6
1301600 1516.6
1301610 1507.5
1301620 1497.1
1301630 1497.1
1301640 1489.0
1301650 1480.6
1301660 1480.6
1301670 1470.2
1301680 1461.7
1301690 1453.2
1301700 1453.2
1301710 1445.8
1301720 1439.0
1301730 1439.0
1301740 1432.3
1301750 1426.2
1301760 1426.2
1301770 1421.4
1301780 1415.7
1301790 1415.7
1301800 1411.7
1301810 1410.7
1301820 1410.7
1301830 1409.9
1301840 1409.3
1301850 1409.3
1301860 1408.9
1301870 1408.6
1301880 1408.6
1301890 1408.6
1301900 1408.3
1301910 1407.9
1301920 1407.9
1301930 1407.3
1301940 1407.2
1301950 1407.2
1301960 1407.0
1301970 1406.3
1301980 1406.3
1301990 1406.0
1302000 1405.8
1302010 1405.8
1302020 1405.6
1302030 1405.3
1302040 1405.3
1302050 1405.2
1302060 1404.8
1302070 1404.8
1302080 1404.3
1302090 1403.8
1302100 1403.8
1302110 1403.3
1302120 1402.7
1302130 1402.7
1302140 1401.9
1302150 1401.3
1302160 1400.3
1302170 1400.3
1302180 1399.5
1302190 1398.8
1302200 1398.8
1302210 1397.8
1302220 1396.6
1302230 1396.6
1302240 1394.9
1302250 1392.9
1302260 1392.9
1302270 1390.1
1302280 1388.4
1302290 1388.4
1302300 1389.3
1302310 1390.3
1302320 1390.3
1302330 1390.1
1302340 1389.6
1302350 1389.6
1302360 1389.3
1302370 1387.9
1302380 1385.9
1302390 1385.9
1302400 1385.8
1302410 1385.2
1302420 1385.2
1302430 1384.5
1302440 1386.4
1302450 1386.4
1302460 1390.5
1302470 1394.1
1302480 1394.1
1302490 1397.2
1302500 1400.1
1302510 1400.1
1302520 1403.3
1302530 1406.3
1302540 1406.3
1302550 1410.2
1302560 1414.2
1302570 1414.2
1302580 1418.0
1302590 1425.1
1302600 1433.3
1302610 1433.3
1302620 1441.8
1302630 1450.8
1302640 1450.8
1302650 1460.0
1302660 1468.8
1302670 1468.8
1302680 1475.4
1302690 1480.0
1302700 1480.0
1302710 1486.5
1302720 1494.0
1302730 1494.0
1302740 1501.8
1302750 1509.6
1302760 1509.6
1302770 1517.0
1302780 1526.8
1302790 1526.8
1302800 1537.3
1302810 1550.9
1302820 1569.1
1302830 1569.1
1302840 1583.2
1302850 1589.3
1302860 1589.3
1302870 1594.6
1302880 1600.0
1302890 1600.0
1302900 1604.4
1302910 1608.3
1302920 1608.3
1302930 1613.0
1302940 1617.3
1302950 1617.3
1302960 1622.4
1302970 1628.4
1302980 1628.4
1302990 1634.4
1303000 1639.2
1303010 1639.2
1303020 1643.2
1303030 1647.2
1303040 1647.2
1303050 1650.9
1303060 1654.1
1303070 1658.2
1303080 1658.2
1303090 1663.7
1303100 1668.2
1303110 1668.2
1303120 1672.1
1303130 1675.7
1303140 1675.7
1303150 1678.2
1303160 1680.2
1303170 1680.2
1303180 1682.2
1303190 1683.8
1303200 1683.8
1303210 1684.3
1303220 1684.3
1303230 1684.3
1303240 1685.0
1303250 1686.5
1303260 1686.5
1303270 1689.0
1303280 1692.6
1303290 1697.9
1303300 1697.9
1303310 1703.0
1303320 1707.7
1303330 1707.7
1303340 1713.2
1303350 1718.9
1303360 1718.9
1303370 1724.7
1303380 1729.5
1303390 1729.5
1303400 1734.3
1303410 1738.1
1303420 1738.1
1303430 1742.3
1303440 1747.2
1303450 1747.2
1303460 1752.5
1303470 1758.7
1303480 1758.7
1303490 1764.8
1303500 1769.6
1303510 1773.4
1303520 1773.4
1303530 1777.0
1303540 1781.4
1303550 1783.7
1303560 1788.4
1303570 1793.2
1303580 1793.2
1303590 1797.1
1303600 1801.0
1303610 1801.0
1303620 1804.5
1303630 1807.5
1303640 1807.5
1303650 1809.9
1303660 1812.1
1303670 1812.1
1303680 1813.7
1303690 1815.1
1303700 1815.1
1303710 1815.2
1303720 1811.4
1303730 1805.6
1303740 1805.6
1303750 1799.3
1303760 1792.4
1303770 1792.4
1303780 1785.9
1303790 1779.8
1303800 1779.8
1303810 1773.3
1303820 1766.9
1303830 1766.9
1303840 1761.4
1303850 1756.9
1303860 1756.9
1303870 1754.5
1303880 1751.2
1303890 1751.2
1303900 1746.1
1303910 1742.1
1303920 1742.1
1303930 1740.4
1303940 1739.9
1303950 1739.9
1303960 1745.5
1303970 1751.0
1303980 1754.4
1303990 1754.4
1304000 1755.3
1304010 1758.3
1304020 1758.3
1304030 1762.8
1304040 1768.0
1304050 1768.0
1304060 1772.9
1304070 1778.1
1304080 1778.1
1304090 1783.6
1304100 1788.4
1304110 1788.4
1304120 1791.9
1304130 1795.2
1304140 1795.2
1304150 1799.5
1304160 1803.6
1304170 1803.6
1304180 1807.5
1304190 1812.0
1304200 1817.0
1304210 1817.0
1304220 1822.7
1304230 1828.6
1304240 1828.6
1304250 1835.3
1304260 1849.3
1304270 1849.3
1304280 1855.2
1304290 1860.0
1304300 1860.0
1304310 1864.7
1304320 1869.4
1304330 1869.4
1304340 1874.0
1304350 1879.3
1304360 1879.3
1304370 1884.7
1304380 1890.0
1304390 1890.0
1304400 1893.4
1304410 1896.1
1304420 1898.8
1304430 1898.8
1304440 1901.3
1304450 1902.6
1304460 1902.6
1304470 1902.2
1304480 1902.7
1304490 1902.7
1304500 1904.3
1304510 1904.4
1304520 1904.4
1304530 1893.4
1304540 1883.1
1304550 1883.1
1304560 1876.6
1304570 1872.6
1304580 1872.6
1304590 1868.9
1304600 1864.4
1304610 1864.4
1304620 1860.8
1304630 1857.7
1304640 1857.7
1304650 1856.2
1304660 1856.4
1304670 1854.9
1304680 1854.9
1304690 1852.1
1304700 1849.4
1304710 1849.4
1304720 1845.7
1304730 1841.3
1304740 1841.3
1304750 1839.6
1304760 1837.2
1304770 1837.2
1304780 1834.0
1304790 1834.5
1304800 1834.5
1304810 1835.6
1304820 1835.5
1304830 1835.5
1304840 1835.1
1304850 1834.6
1304860 1834.6
1304870 1833.5
1304880 1831.6
1304890 1829.6
1304900 1829.6
1304910 1828.5
1304920 1829.4
1304930 1829.4
1304940 1830.6
1304950 1831.8
1304960 1837.9
1304970 1838.0
1304980 1837.1
1304990 1837.1
1305000 1836.2
1305010 1835.2
1305020 1835.2
1305030 1833.5
1305040 1830.7
1305050 1830.7
1305060 1828.5
1305070 1827.7
1305080 1827.7
1305090 1826.2
1305100 1825.0
1305110 1825.2
1305120 1825.2
1305130 1825.2
1305140 1825.3
1305150 1825.3
1305160 1824.7
1305170 1825.5
1305180 1825.5
1305190 1825.9
1305200 1826.1
1305210 1826.1
1305220 1827.7
1305230 1829.3
1305240 1829.3
1305250 1830.0
1305260 1831.1
1305270 1831.1
1305280 1831.3
1305290 1832.0
1305300 1832.0
1305310 1832.8
1305320 1832.8
1305330 1832.3
1305340 1832.3
1305350 1831.4
1305360 1829.2
1305370 1829.2
1305380 1825.8
1305390 1821.6
1305400 1821.6
1305410 1817.0
1305420 1813.2
1305430 1813.2
1305440 1809.6
1305450 1807.2
1305460 1807.2
1305470 1807.2
1305480 1809.1
1305490 1809.1
1305500 1811.3
1305510 1813.0
1305520 1813.0
1305530 1813.5
1305540 1813.6
1305550 1813.6
1305560 1814.0
1305570 1814.3
1305580 1814.6
1305590 1814.6
1305600 1814.9
1305610 1816.8
1305620 1816.8
1305630 1818.3
1305640 1817.5
1305650 1817.5
1305660 1818.5
1305670 1824.4
1305680 1824.4
1305690 1825.6
1305700 1825.5
1305710 1825.5
1305720 1825.6
1305730 1825.7
1305740 1825.7
1305750 1826.2
1305760 1826.3
1305770 1826.3
1305780 1826.8
1305790 1827.9
1305800 1828.6
1305810 1828.6
1305820 1829.7
1305830 1830.8
1305840 1830.8
1305850 1832.7
1305860 1834.6
1305870 1834.6
1305880 1837.1
1305890 1840.3
1305900 1840.3
1305910 1844.3
1305920 1848.8
1305930 1848.8
1305940 1853.1
1305950 1856.8
1305960 1856.8
1305970 1856.5
1305980 1857.9
1305990 1857.9
1306000 1862.6
1306010 1868.5
1306020 1873.5
1306030 1873.5
1306040 1880.4
1306050 1888.5
1306060 1888.5
1306070 1895.7
1306080 1901.7
1306090 1901.7
1306100 1906.9
1306110 1910.5
1306120 1910.5
1306130 1914.4
1306140 1919.4
1306150 1919.4
1306160 1925.4
1306170 1930.2
1306180 1930.2
1306190 1934.3
1306200 1939.0
1306210 1939.0
1306220 1943.5
1306230 1946.9
1306240 1946.9
1306250 1950.9
1306260 1956.9
1306270 1963.9
1306280 1963.9
1306290 1971.3
1306300 1977.9
1306310 1977.9
1306320 1978.2
1306330 1974.9
1306340 1974.9
1306350 1974.9
1306360 1978.6
1306370 1978.6
1306380 1983.2
1306390 1985.3
1306400 1985.3
1306410 1989.5
1306420 1993.2
1306430 1993.2
1306440 1995.9
1306450 2000.6
1306460 2000.6
1306470 2006.2
1306480 2013.1
1306490 2019.8
1306500 2019.8
1306510 2027.2
1306520 2033.1
1306530 2033.1
1306540 2036.6
1306550 2038.1
1306560 2038.1
1306570 2039.1
1306580 2041.6
1306590 2041.6
1306600 2043.1
1306610 2043.9
1306620 2043.9
1306630 2045.9
1306640 2048.8
1306650 2048.8
1306660 2052.0
1306670 2056.2
1306680 2056.2
1306690 2060.7
1306700 2065.7
1306710 2070.2
1306720 2070.2
1306730 2074.0
1306740 2075.8
1306750 2075.8
1306760 2078.0
1306770 2080.2
1306780 2080.2
1306790 2082.5
1306800 2084.8
1306810 2084.8
1306820 2087.6
1306830 2090.8
1306840 2090.8
1306850 2094.1
1306860 2097.6
1306870 2097.6
1306880 2100.5
1306890 2102.4
1306900 2102.4
1306910 2103.7
1306920 2105.4
1306930 2107.3
1306940 2107.3
1306950 2108.6
1306960 2110.7
1306970 2110.7
1306980 2112.8
1306990 2115.0
1307000 2115.0
1307010 2116.5
1307020 2117.0
1307030 2117.0
1307040 2117.3
1307050 2119.0
1307060 2119.0
1307070 2120.7
1307080 2121.4
1307090 2126.8
1307100 2127.9
1307110 2128.6
1307120 2128.6
1307130 2133.1
1307140 2139.5
1307150 2139.5
1307160 2145.7
1307170 2148.4
1307180 2148.1
1307190 2148.1
1307200 2148.8
1307210 2148.9
1307220 2148.9
1307230 2148.6
1307240 2150.6
1307250 2150.6
1307260 2154.3
1307270 2160.6
1307280 2160.6
1307290 2169.1
1307300 2175.3
1307310 2175.3
1307320 2181.8
1307330 2189.2
1307340 2189.2
1307350 2197.1
1307360 2203.8
1307370 2203.8
1307380 2210.3
1307390 2217.1
1307400 2217.6
1307410 2217.6
1307420 2216.9
1307430 2220.1
1307440 2220.1
1307450 2219.4
1307460 2218.0
1307470 2218.0
1307480 2218.5
1307490 2220.6
1307500 2220.6
1307510 2224.6
1307520 2230.5
1307530 2230.5
1307540 2237.1
1307550 2244.0
1307560 2244.0
1307570 2250.6
1307580 2257.1
1307590 2257.1
1307600 2264.2
1307610 2272.0
1307620 2280.0
1307630 2280.0
1307640 2290.3
1307650 2300.7
1307660 2300.7
1307670 2307.3
1307680 2312.4
1307690 2312.4
1307700 2316.9
1307710 2320.7
1307720 2320.7
1307730 2325.7
1307740 2332.1
1307750 2332.1
1307760 2338.3
1307770 2344.4
1307780 2344.4
1307790 2350.8
1307800 2356.5
1307810 2363.4
1307820 2369.8
1307830 2376.1
1307840 2376.1
1307850 2382.8
1307860 2389.4
1307870 2396.3
1307880 2396.3
1307890 2402.8
1307900 2409.2
1307910 2409.2
1307920 2414.5
1307930 2418.4
1307940 2418.4
1307950 2424.3
1307960 2428.9
1307970 2428.9
1307980 2433.0
1307990 2436.5
1308000 2436.5
1308010 2430.4
1308020 2416.4
1308030 2416.4
1308040 2401.8
1308050 2398.8
1308060 2398.8
1308070 2395.0
1308080 2389.0
1308090 2380.0
1308100 2380.0
1308110 2373.3
1308120 2367.2
1308130 2367.2
1308140 2334.3
1308150 2304.1
1308160 2304.1
1308170 2294.5
1308180 2288.8
1308190 2288.8
1308200 2284.1
1308210 2279.4
1308220 2279.4
1308230 2274.6
1308240 2270.1
1308250 2270.1
1308260 2265.6
1308270 2261.2
1308280 2261.2
1308290 2257.2
1308300 2253.1
1308310 2249.5
1308320 2249.5
1308330 2248.3
1308340 2247.2
1308350 2247.2
1308360 2245.7
1308370 2244.4
1308380 2244.4
1308390 2243.4
1308400 2242.6
1308410 2242.6
1308420 2242.1
1308430 2241.7
1308440 2241.7
1308450 2241.2
1308460 2239.9
1308470 2239.9
1308480 2237.8
1308490 2237.1
1308500 2237.1
1308510 2241.6
1308520 2245.8
1308530 2254.2
1308540 2254.2
1308550 2255.8
1308560 2256.6
1308570 2256.6
1308580 2258.0
1308590 2261.1
1308600 2261.1
1308610 2265.5
1308620 2269.3
1308630 2269.3
1308640 2270.9
1308650 2272.7
1308660 2272.7
1308670 2274.3
1308680 2275.4
1308690 2275.4
1308700 2276.8
1308710 2279.0
1308720 2279.0
1308730 2282.2
1308740 2286.6
1308750 2286.6
1308760 2290.4
1308770 2293.9
1308780 2298.6
1308790 2298.6
1308800 2303.5
1308810 2309.3
1308820 2309.3
1308830 2315.6
1308840 2322.5
1308850 2322.5
1308860 2329.5
1308870 2336.6
1308880 2336.6
1308890 2343.8
1308900 2351.3
1308910 2351.3
1308920 2359.4
1308930 2368.6
1308940 2368.6
1308950 2381.2
1308960 2395.0
1308970 2395.0
1308980 2408.6
1308990 2418.7
1309000 2430.4
1309010 2430.4
1309020 2444.4
1309030 2455.4
1309040 2455.4
1309050 2463.4
1309060 2467.5
1309070 2467.5
1309080 2465.1
1309090 2427.3
1309100 2427.3
1309110 2379.9
1309120 2371.2
1309130 2371.2
1309140 2364.4
1309150 2359.2
1309160 2359.2
1309170 2354.5
1309180 2350.4
1309190 2350.4
1309200 2349.3
1309210 2348.3
1309220 2347.1
1309230 2347.1
1309240 2346.8
1309250 2348.5
1309260 2348.5
1309270 2349.1
1309280 2349.9
1309290 2349.9
1309300 2349.9
1309310 2349.4
1309320 2349.4
1309330 2350.1
1309340 2350.7
1309350 2350.7
1309360 2350.9
1309370 2352.2
1309380 2352.2
1309390 2351.5
1309400 2350.6
1309410 2350.6
1309420 2354.4
1309430 2356.5
1309440 2356.5
1309450 2358.1
1309460 2358.3
1309470 2357.9
1309480 2357.9
1309490 2359.9
1309500 2361.7
1309510 2361.7
1309520 2362.7
1309530 2364.0
1309540 2364.0
1309550 2364.2
1309560 2363.3
1309570 2363.3
1309580 2360.7
1309590 2362.9
1309600 2362.9
1309610 2367.6
1309620 2372.1
1309630 2372.1
1309640 2377.0
1309650 2381.9
1309660 2381.9
1309670 2387.1
1309680 2392.4
1309690 2397.9
1309700 2397.9
1309710 2403.9
1309720 2409.7
1309730 2409.7
1309740 2414.9
1309750 2420.0
1309760 2420.0
1309770 2425.1
1309780 2430.2
1309790 2430.2
1309800 2435.2
1309810 2440.0
1309820 2440.0
1309830 2445.0
1309840 2450.3
1309850 2450.3
1309860 2456.5
1309870 2463.4
1309880 2463.4
1309890 2470.8
1309900 2478.4
1309910 2486.2
1309920 2486.2
1309930 2494.9
1309940 2505.5
1309950 2505.5
1309960 2517.3
1309970 2534.2
1309980 2545.9
1309990 2559.1
1310000 2568.8
1310010 2568.8
1310020 2577.4
1310030 2585.8
1310040 2585.8
1310050 2595.2
1310060 2605.5
1310070 2605.5
1310080 2612.3
1310090 2618.7
1310100 2618.7
1310110 2623.6
1310120 2633.9
1310130 2644.7
1310140 2644.7
1310150 2654.9
1310160 2663.9
1310170 2663.9
1310180 2672.6
1310190 2680.6
1310200 2680.6
1310210 2689.5
1310220 2698.5
1310230 2698.5
1310240 2708.9
1310250 2718.8
1310260 2718.8
1310270 2727.0
1310280 2735.0
1310290 2735.0
1310300 2742.2
1310310 2750.1
1310320 2750.1
1310330 2758.5
1310340 2765.3
1310350 2765.3
1310360 2764.7
1310370 2756.8
1310380 2747.3
1310390 2747.3
1310400 2738.0
1310410 2728.3
1310420 2728.3
1310430 2719.0
1310440 2710.3
1310450 2710.3
1310460 2702.8
1310470 2694.6
1310480 2694.6
1310490 2688.3
1310500 2684.9
1310510 2684.9
1310520 2680.9
1310530 2678.1
1310540 2678.1
1310550 2673.8
1310560 2669.6
1310570 2669.6
1310580 2664.9
1310590 2661.4
1310600 2659.3
1310610 2659.3
1310620 2657.2
1310630 2653.8
1310640 2653.8
1310650 2650.7
1310660 2648.2
1310670 2648.2
1310680 2645.5
1310690 2644.6
1310700 2644.6
1310710 2648.3
1310720 2651.4
1310730 2651.4
1310740 2655.4
1310750 2661.0
1310760 2661.0
1310770 2666.0
1310780 2670.6
1310790 2670.6
1310800 2675.9
1310810 2681.8
1310820 2685.9
1310830 2685.9
1310840 2687.7
1310850 2690.2
1310860 2690.2
1310870 2694.0
1310880 2698.3
1310890 2698.3
1310900 2702.9
1310910 2711.1
1310920 2711.1
1310930 2720.0
1310940 2724.6
1310950 2724.6
1310960 2727.1
1310970 2726.3
1310980 2726.3
1310990 2719.2
1311000 2710.9
1311010 2710.9
1311020 2700.9
1311030 2691.0
1311040 2691.0
1311050 2681.6
1311060 2671.5
1311070 2657.2
1311080 2657.2
1311090 2644.8
1311100 2637.0
1311110 2637.0
1311120 2631.8
1311130 2627.3
1311140 2627.3
1311150 2621.0
1311160 2614.7
1311170 2614.7
1311180 2604.1
1311190 2597.6
1311200 2597.6
1311210 2593.3
1311220 2588.9
1311230 2588.9
1311240 2581.6
1311250 2575.8
1311260 2575.8
1311270 2572.3
1311280 2568.3
1311290 2558.2
1311300 2558.2
1311310 2550.3
1311320 2548.3
1311330 2548.3
1311340 2543.5
1311350 2536.8
1311360 2536.8
1311370 2537.1
1311380 2538.1
1311390 2538.1
1311400 2539.0
1311410 2538.2
1311420 2538.2
1311430 2537.9
1311440 2523.2
1311450 2523.2
1311460 2523.2
1311470 2524.2
1311480 2524.2
1311490 2528.0
1311500 2533.7
1311510 2533.0
1311520 2533.0
1311530 2531.7
1311540 2530.7
1311550 2530.7
1311560 2523.6
1311570 2516.6
1311580 2516.6
1311590 2510.3
1311600 2504.7
1311610 2504.7
1311620 2498.6
1311630 2490.3
1311640 2490.3
1311650 2484.4
1311660 2482.3
1311670 2482.3
1311680 2476.1
1311690 2468.1
1311700 2468.1
1311710 2462.1
1311720 2458.8
1311730 2456.4
1311740 2456.4
1311750 2452.1
1311760 2446.4
1311770 2446.4
1311780 2442.4
1311790 2439.9
1311800 2439.9
1311810 2436.9
1311820 2434.7
1311830 2434.7
1311840 2433.1
1311850 2431.7
1311860 2431.7
1311870 2431.4
1311880 2430.3
1311890 2430.3
1311900 2427.5
1311910 2423.6
1311920 2423.6
1311930 2416.4
1311940 2407.7
1311950 2407.7
1311960 2401.3
1311970 2396.2
1311980 2391.5
1311990 2391.5
1312000 2387.0
1312010 2382.7
1312020 2382.7
1312030 2377.3
1312040 2370.4
1312050 2370.4
1312060 2364.2
1312070 2357.9
1312080 2357.9
1312090 2351.1
1312100 2344.1
1312110 2344.1
1312120 2339.1
1312130 2337.3
1312140 2337.3
1312150 2328.8
1312160 2318.7
1312170 2313.1
1312180 2303.0
1312190 2295.0
1312200 2290.1
1312210 2290.1
1312220 2284.0
1312230 2271.4
1312240 2271.4
1312250 2260.2
1312260 2250.3
1312270 2250.3
1312280 2240.9
1312290 2231.9
1312300 2231.9
1312310 2223.1
1312320 2214.6
1312330 2214.6
1312340 2206.3
1312350 2198.7
1312360 2198.7
1312370 2190.7
1312380 2183.4
1312390 2183.4
1312400 2176.6
1312410 2169.3
1312420 2162.3
1312430 2162.3
1312440 2154.7
1312450 2147.4
1312460 2147.4
1312470 2139.9
1312480 2133.5
1312490 2133.5
1312500 2129.4
1312510 2126.2
1312520 2126.2
1312530 2120.6
1312540 2113.6
1312550 2113.6
1312560 2107.0
1312570 2100.8
1312580 2100.8
1312590 2095.3
1312600 2090.3
1312610 2090.3
1312620 2086.2
1312630 2081.6
1312640 2076.0
1312650 2076.0
1312660 2070.6
1312670 2064.4
1312680 2064.4
1312690 2056.8
1312700 2047.7
1312710 2047.7
1312720 2038.0
1312730 2029.1
1312740 2029.1
1312750 2020.3
1312760 2010.5
1312770 2010.5
1312780 1999.7
1312790 1987.8
1312800 1987.8
1312810 1976.2
1312820 1963.7
1312830 1963.7
1312840 1953.0
1312850 1943.5
1312860 1943.5
1312870 1934.9
1312880 1927.8
1312890 1919.6
1312900 1919.6
1312910 1917.9
1312920 1908.3
1312930 1908.3
1312940 1900.4
1312950 1888.9
1312960 1888.9
1312970 1878.9
1312980 1871.1
1312990 1871.1
1313000 1866.2
1313010 1860.3
1313020 1860.3
1313030 1850.3
1313040 1840.5
1313050 1840.5
1313060 1831.1
1313070 1823.4
1313080 1823.4
1313090 1814.3
1313100 1803.0
1313110 1793.5
1313120 1793.5
1313130 1785.6
1313140 1777.1
1313150 1777.1
1313160 1769.2
1313170 1763.6
1313180 1763.6
1313190 1759.3
1313200 1756.5
1313210 1756.5
1313220 1754.1
1313230 1748.9
1313240 1748.9
1313250 1741.5
1313260 1733.6
1313270 1733.6
1313280 1726.1
1313290 1708.4
1313300 1708.4
1313310 1674.7
1313320 1640.3
1313330 1624.1
1313340 1624.1
1313350 1616.7
1313360 1607.4
1313370 1607.4
1313380 1597.3
1313390 1588.8
1313400 1588.8
1313410 1580.7
1313420 1573.5
1313430 1573.5
1313440 1566.7
1313450 1559.7
1313460 1559.7
1313470 1553.6
1313480 1548.1
1313490 1548.1
1313500 1542.7
1313510 1537.4
1313520 1537.4
1313530 1531.8
1313540 1527.1
1313550 1527.1
1313560 1522.6
1313570 1518.0
1313580 1513.5
1313590 1513.5
1313600 1509.2
1313610 1504.5
1313620 1504.5
1313630 1499.5
1313640 1493.9
1313650 1488.8
1313660 1483.3
1313670 1478.3
1313680 1478.3
1313690 1472.3
1313700 1464.4
1313710 1464.4
1313720 1456.3
1313730 1450.2
1313740 1450.2
1313750 1445.8
1313760 1439.6
1313770 1439.6
1313780 1433.8
1313790 1429.2
1313800 1425.0
1313810 1425.0
1313820 1420.5
1313830 1414.8
1313840 1414.8
1313850 1408.5
1313860 1401.7
1313870 1401.7
1313880 1396.1
1313890 1391.8
1313900 1391.8
1313910 1390.5
1313920 1385.6
1313930 1385.6
1313940 1381.7
1313950 1377.4
1313960 1377.4
1313970 1370.8
1313980 1363.2
1313990 1363.2
1314000 1352.6
1314010 1338.2
1314020 1330.5
1314030 1330.5
1314040 1328.9
1314050 1322.9
1314060 1322.9
1314070 1316.5
1314080 1316.6
1314090 1316.6
1314100 1315.5
1314110 1310.2
1314120 1310.2
1314130 1304.6
1314140 1301.6
1314150 1301.6
1314160 1301.8
1314170 1301.7
1314180 1301.7
1314190 1299.3
1314200 1297.2
1314210 1297.2
1314220 1293.2
1314230 1285.7
1314240 1277.2
1314250 1277.2
1314260 1262.9
1314270 1237.1
1314280 1237.1
1314290 1192.3
1314300 1173.0
1314310 1173.0
1314320 1168.3
1314330 1163.7
1314340 1163.7
1314350 1158.0
1314360 1151.3
1314370 1151.3
1314380 1144.9
1314390 1138.2
1314400 1133.4
1314410 1127.7
1314420 1122.7
1314430 1122.7
1314440 1118.2
1314450 1113.5
1314460 1113.5
1314470 1109.2
1314480 1104.3
1314490 1098.8
1314500 1098.8
1314510 1093.4
1314520 1088.3
1314530 1088.3
1314540 1084.5
1314550 1080.3
1314560 1080.3
1314570 1076.0
1314580 1072.0
1314590 1072.0
1314600 1071.3
1314610 1067.9
1314620 1067.9
1314630 1061.9
1314640 1057.5
1314650 1057.5
1314660 1056.6
1314670 1053.4
1314680 1053.4
1314690 1044.1
1314700 1036.2
1314710 1019.4
1314720 1019.4
1314730 1004.7
1314740 999.5
1314750 999.5
1314760 995.9
1314770 992.1
1314780 992.1
1314790 987.5
1314800 981.5
1314810 981.5
1314820 975.8
1314830 971.0
1314840 971.0
1314850 967.1
1314860 963.4
1314870 963.4
1314880 960.2
1314890 956.3
1314900 956.3
1314910 952.6
1314920 948.4
1314930 943.5
1314940 943.5
1314950 938.5
1314960 934.2
1314970 934.2
1314980 930.4
1314990 927.3
1315000 927.3
1315010 925.4
1315020 923.4
1315030 923.4
1315040 920.8
1315050 918.3
1315060 918.3
1315070 916.2
1315080 914.6
1315090 914.6
1315100 913.2
1315110 912.3
1315120 912.3
1315130 911.6
1315140 907.0
1315150 907.0
1315160 903.4
1315170 902.8
1315180 906.3
1315190 906.3
1315200 910.3
1315210 910.8
1315220 910.8
1315230 913.6
1315240 918.8
1315250 918.8
1315260 921.0
1315270 924.4
1315280 924.4
1315290 928.6
1315300 931.8
1315310 931.8
1315320 935.2
1315330 938.2
1315340 938.2
1315350 941.9
1315360 945.5
1315370 945.5
1315380 949.8
1315390 954.7
1315400 960.1
1315410 960.1
1315420 966.3
1315430 971.6
1315440 971.6
1315450 976.1
1315460 979.6
1315470 979.6
1315480 983.9
1315490 988.6
1315500 988.6
1315510 993.5
1315520 998.1
1315530 998.1
1315540 1002.8
1315550 1007.0
1315560 1007.0
1315570 1012.6
1315580 1017.9
1315590 1017.9
1315600 1025.5
1315610 1028.9
1315620 1032.3
1315630 1032.3
1315640 1038.4
1315650 1045.6
1315660 1045.6
1315670 1048.7
1315680 1054.3
1315690 1054.3
1315700 1056.9
1315710 1060.6
1315720 1060.6
1315730 1064.6
1315740 1074.1
1315750 1074.1
1315760 1081.4
1315770 1088.3
1315780 1088.3
1315790 1099.0
1315800 1098.1
1315810 1098.1
1315820 1097.3
1315830 1098.8
1315840 1103.6
1315850 1103.6
1315860 1109.3
1315870 1127.0
1315880 1127.0
1315890 1134.5
1315900 1144.8
1315910 1144.8
1315920 1157.3
1315930 1163.5
1315940 1163.5
1315950 1169.9
1315960 1186.2
1315970 1186.2
1315980 1229.9
1315990 1240.2
1316000 1240.2
1316010 1248.1
1316020 1258.0
1316030 1258.0
1316040 1267.0
1316050 1273.0
1316060 1273.0
1316070 1280.1
1316080 1287.6
1316090 1293.1
1316100 1293.1
1316110 1298.9
1316120 1304.6
1316130 1304.6
1316140 1310.8
1316150 1319.3
1316160 1319.3
1316170 1328.1
1316180 1337.0
1316190 1337.0
1316200 1345.8
1316210 1353.6
1316220 1353.6
1316230 1360.4
1316240 1372.9
1316250 1372.9
1316260 1390.9
1316270 1408.9
1316280 1408.9
1316290 1437.0
1316300 1475.6
1316310 1509.1
1316320 1509.1
1316330 1533.6
1316340 1553.4
1316350 1553.4
1316360 1567.6
1316370 1576.8
1316380 1576.8
1316390 1585.4
1316400 1595.2
1316410 1595.2
1316420 1606.6
1316430 1615.8
1316440 1615.8
1316450 1624.6
1316460 1633.3
1316470 1633.3
1316480 1639.3
1316490 1645.6
1316500 1645.6
1316510 1652.2
1316520 1659.4
1316530 1666.3
1316540 1666.3
1316550 1673.2
1316560 1680.4
1316570 1680.4
1316580 1687.0
1316590 1693.8
1316600 1693.8
1316610 1703.1
1316620 1711.2
1316630 1711.2
1316640 1717.2
1316650 1726.6
1316660 1726.6
1316670 1732.2
1316680 1737.4
1316690 1737.4
1316700 1742.6
1316710 1747.6
1316720 1747.6
1316730 1752.6
1316740 1757.6
1316750 1762.6
1316760 1762.6
1316770 1767.6
1316780 1772.4
1316790 1772.4
1316800 1778.1
1316810 1785.9
1316820 1785.9
1316830 1795.3
1316840 1805.1
1316850 1805.1
1316860 1813.7
1316870 1821.4
1316880 1821.4
1316890 1828.6
1316900 1836.1
1316910 1836.1
1316920 1843.3
1316930 1851.2
1316940 1851.2
1316950 1859.8
1316960 1868.5
1316970 1868.5
1316980 1879.4
1316990 1889.8
1317000 1899.6
1317010 1899.6
1317020 1910.7
1317030 1921.4
1317040 1921.4
1317050 1931.6
1317060 1940.1
1317070 1940.1
1317080 1950.2
1317090 1959.3
1317100 1959.3
1317110 1969.0
1317120 1980.0
1317130 1980.0
1317140 1994.7
1317150 2010.8
1317160 2010.8
1317170 2022.7
1317180 2033.6
1317190 2033.6
1317200 2043.1
1317210 2053.7
1317220 2066.0
1317230 2066.0
1317240 2077.5
1317250 2089.4
1317260 2089.4
1317270 2103.6
1317280 2114.3
1317290 2114.3
1317300 2122.6
1317310 2129.6
1317320 2129.6
1317330 2136.0
1317340 2143.0
1317350 2143.0
1317360 2149.6
1317370 2158.7
1317380 2158.7
1317390 2172.6
1317400 2182.1
1317410 2182.1
1317420 2189.7
1317430 2197.2
1317440 2204.7
1317450 2204.7
1317460 2211.4
1317470 2213.5
1317480 2213.5
1317490 2204.9
1317500 2193.7
1317510 2193.7
1317520 2182.9
1317530 2172.1
1317540 2172.1
1317550 2160.7
1317560 2150.4
1317570 2150.4
1317580 2140.3
1317590 2131.4
1317600 2131.4
1317610 2125.8
1317620 2122.3
1317630 2122.3
1317640 2117.1
1317650 2108.3
1317660 2108.3
1317670 2098.3
1317680 2088.6
1317690 2078.8
1317700 2078.8
1317710 2068.5
1317720 2057.1
1317730 2057.1
1317740 2047.1
1317750 2035.8
1317760 2035.8
1317770 2024.7
1317780 2015.2
1317790 2015.2
1317800 2008.4
1317810 2002.4
1317820 2002.4
1317830 1994.5
1317840 1986.4
1317850 1986.4
1317860 1979.1
1317870 1972.9
1317880 1972.9
1317890 1966.5
1317900 1959.6
1317910 1952.4
1317920 1952.4
1317930 1944.0
1317940 1935.8
1317950 1935.8
1317960 1928.1
1317970 1918.4
1317980 1918.4
1317990 1906.3
1318000 1895.6
1318010 1895.6
1318020 1888.5
1318030 1880.0
1318040 1880.0
1318050 1873.6
1318060 1866.2
1318070 1866.2
1318080 1860.8
1318090 1855.1
1318100 1855.1
1318110 1848.6
1318120 1840.8
1318130 1829.8
1318140 1829.8
1318150 1821.5
1318160 1824.2
1318170 1824.2
1318180 1821.6
1318190 1820.6
1318200 1820.6
1318210 1820.5
1318220 1811.7
1318230 1811.7
1318240 1805.7
1318250 1803.5
1318260 1803.5
1318270 1797.9
1318280 1790.3
1318290 1790.3
1318300 1784.8
1318310 1783.4
1318320 1783.4
1318330 1781.5
1318340 1774.6
1318350 1767.2
1318360 1767.2
1318370 1758.8
1318380 1753.4
1318390 1753.4
1318400 1751.0
1318410 1748.0
1318420 1748.0
1318430 1742.4
1318440 1734.3
1318450 1734.3
1318460 1723.6
1318470 1713.3
1318480 1713.3
1318490 1706.1
1318500 1700.7
1318510 1700.7
1318520 1694.3
1318530 1687.5
1318540 1687.5
1318550 1678.5
1318560 1672.6
1318570 1672.6
1318580 1673.0
1318590 1669.9
1318600 1663.6
1318610 1663.6
1318620 1659.3
1318630 1657.2
1318640 1657.2
1318650 1652.1
1318660 1646.3
1318670 1646.3
1318680 1639.3
1318690 1634.8
1318700 1634.8
1318710 1631.0
1318720 1626.6
1318730 1626.6
1318740 1624.6
1318750 1621.8
1318760 1621.8
1318770 1617.2
1318780 1611.4
1318790 1611.4
1318800 1606.4
1318810 1600.9
1318820 1594.4
1318830 1594.4
1318840 1585.5
1318850 1576.4
1318860 1576.4
1318870 1567.0
1318880 1558.9
1318890 1558.9
1318900 1549.0
1318910 1534.7
1318920 1534.7
1318930 1524.5
1318940 1503.4
1318950 1503.4
1318960 1480.1
1318970 1475.5
1318980 1475.5
1318990 1474.3
1319000 1468.4
1319010 1468.4
1319020 1461.3
1319030 1459.3
1319040 1458.4
1319050 1458.4
1319060 1456.7
1319070 1455.0
1319080 1455.0
1319090 1452.5
1319100 1448.8
1319110 1448.8
1319120 1443.3
1319130 1438.8
1319140 1438.8
1319150 1435.8
1319160 1430.6
1319170 1430.6
1319180 1424.6
1319190 1418.1
1319200 1418.1
1319210 1409.4
1319220 1400.5
1319230 1400.5
1319240 1388.9
1319250 1379.1
1319260 1370.2
1319270 1370.2
1319280 1361.1
1319290 1351.8
1319300 1351.8
1319310 1343.5
1319320 1336.0
1319330 1336.0
1319340 1323.0
1319350 1298.9
1319360 1298.9
1319370 1266.1
1319380 1244.3
1319390 1244.3
1319400 1229.3
1319410 1215.4
1319420 1215.4
1319430 1197.9
1319440 1177.2
1319450 1177.2
1319460 1156.5
1319470 1135.5
1319480 1135.5
1319490 1128.2
1319500 1127.9
1319510 1126.4
1319520 1126.4
1319530 1124.0
1319540 1120.8
1319550 1120.8
1319560 1118.1
1319570 1115.4
1319580 1115.4
1319590 1111.2
1319600 1107.7
1319610 1107.7
1319620 1106.6
1319630 1105.1
1319640 1105.1
1319650 1102.4
1319660 1098.6
1319670 1098.6
1319680 1095.1
1319690 1092.4
1319700 1094.8
1319710 1092.3
1319720 1089.8
1319730 1088.3
1319740 1088.3
1319750 1086.1
1319760 1083.3
1319770 1083.3
1319780 1080.3
1319790 1078.2
1319800 1078.2
1319810 1075.9
1319820 1073.9
1319830 1073.9
1319840 1072.2
1319850 1070.9
1319860 1070.9
1319870 1069.6
1319880 1068.4
1319890 1068.4
1319900 1067.5
1319910 1067.7
1319920 1067.7
1319930 1068.2
1319940 1068.9
1319950 1069.7
1319960 1069.7
1319970 1070.4
1319980 1071.2
1319990 1071.2
