1300000 2015.4
1300010 2015.4
1300020 2014.9
1300030 2014.5
1300040 2014.5
1300050 2015.1
1300060 2016.2
1300070 2016.6
1300080 2016.6
1300090 2015.6
1300100 2014.9
1300110 2014.9
1300120 2014.6
1300130 2015.6
1300140 2015.6
1300150 2017.8
1300160 2016.8
1300170 2016.8
1300180 2006.5
1300190 1992.8
1300200 1992.8
1300210 1978.6
1300220 1961.9
1300230 1961.9
1300240 1952.5
1300250 1944.6
1300260 1944.6
1300270 1937.0
1300280 1931.6
1300290 1928.4
1300300 1928.4
1300310 1924.8
1300320 1921.8
1300330 1921.8
1300340 1918.4
1300350 1914.2
1300360 1914.2
1300370 1908.6
1300380 1900.5
1300390 1900.5
1300400 1891.7
1300410 1880.2
1300420 1880.2
1300430 1861.7
1300440 1847.2
1300450 1847.2
1300460 1844.8
1300470 1840.4
1300480 1840.4
1300490 1832.0
1300500 1823.8
1300510 1816.0
1300520 1816.0
1300530 1815.0
1300540 1807.9
1300550 1807.9
1300560 1802.1
1300570 1797.7
1300580 1797.7
1300590 1794.2
1300600 1789.3
1300610 1789.3
1300620 1784.6
1300630 1780.2
1300640 1780.2
1300650 1776.3
1300660 1773.6
1300670 1773.6
1300680 1769.6
1300690 1766.3
1300700 1766.3
1300710 1763.3
1300720 1760.5
1300730 1755.0
1300740 1755.0
1300750 1748.2
1300760 1741.4
1300770 1741.4
1300780 1735.6
1300790 1730.3
1300800 1730.3
1300810 1724.5
1300820 1719.8
1300830 1719.8
1300840 1717.3
1300850 1716.7
1300860 1716.7
1300870 1716.2
1300880 1715.1
1300890 1715.1
1300900 1716.6
1300910 1720.2
1300920 1720.2
1300930 1725.0
1300940 1729.0
1300950 1729.0
1300960 1727.5
1300970 1723.2
1300980 1719.2
1300990 1719.2
1301000 1715.3
1301010 1711.7
1301020 1711.7
1301030 1708.3
1301040 1704.0
1301050 1704.0
1301060 1700.3
1301070 1697.5
1301080 1697.5
1301090 1694.4
1301100 1691.0
1301110 1691.0
1301120 1687.8
1301130 1684.7
1301140 1684.7
1301150 1681.4
1301160 1679.2
1301170 1679.2
1301180 1676.6
1301190 1673.9
1301200 1670.6
1301210 1670.6
1301220 1669.6
1301230 1666.0
1301240 1666.0
1301250 1660.5
1301260 1652.7
1301270 1652.7
1301280 1644.5
1301290 1636.4
1301300 1636.4
1301310 1627.8
1301320 1620.6
1301330 1620.6
1301340 1615.7
1301350 1609.2
1301360 1609.2
1301370 1604.2
1301380 1599.5
1301390 1599.5
1301400 1595.2
1301410 1590.9
1301420 1585.2
1301430 1585.2
1301440 1579.2
1301450 1574.3
1301460 1574.3
1301470 1568.8
1301480 1562.7
1301490 1562.7
1301500 1555.4
1301510 1548.3
1301520 1548.3
1301530 1543.3
1301540 1542.8
1301550 1542.8
1301560 1540.2
1301570 1530.2
1301580 1530.2
1301590 1519.3
1301600 1517.0
1301610 1517.0
1301620 1511.5
1301630 1505.2
1301640 1505.2
1301650 1503.2
1301660 1491.9
1301670 1490.6
1301680 1490.6
1301690 1492.2
1301700 1494.7
1301710 1494.7
1301720 1489.0
1301730 1478.5
1301740 1478.5
1301750 1468.8
1301760 1462.4
1301770 1462.4
1301780 1458.2
1301790 1454.2
1301800 1454.2
1301810 1448.1
1301820 1441.6
1301830 1441.6
1301840 1433.3
1301850 1426.1
1301860 1426.1
1301870 1422.8
1301880 1421.1
1301890 1421.2
1301900 1421.2
1301910 1421.9
1301920 1418.1
1301930 1418.1
1301940 1419.0
1301950 1419.3
1301960 1419.3
1301970 1418.3
1301980 1417.5
1301990 1417.5
1302000 1416.5
1302010 1415.4
1302020 1415.4
1302030 1414.2
1302040 1412.9
1302050 1412.9
1302060 1411.5
1302070 1410.3
1302080 1410.3
1302090 1409.9
1302100 1408.9
1302110 1407.9
1302120 1407.9
1302130 1407.0
1302140 1405.9
1302150 1405.9
1302160 1404.9
1302170 1404.0
1302180 1404.0
1302190 1403.1
1302200 1402.3
1302210 1402.3
1302220 1401.9
1302230 1401.3
1302240 1401.3
1302250 1400.2
1302260 1399.5
1302270 1399.5
1302280 1398.6
1302290 1397.8
1302300 1397.8
1302310 1397.1
1302320 1396.4
1302330 1396.4
1302340 1395.4
1302350 1394.4
1302360 1393.7
1302370 1393.7
1302380 1393.1
1302390 1392.5
1302400 1392.5
1302410 1391.8
1302420 1391.1
1302430 1391.1
1302440 1390.5
1302450 1389.6
1302460 1389.6
1302470 1388.3
1302480 1386.8
1302490 1386.8
1302500 1385.8
1302510 1384.8
1302520 1384.8
1302530 1384.0
1302540 1383.5
1302550 1383.5
1302560 1383.2
1302570 1382.0
1302580 1381.4
1302590 1381.4
1302600 1384.3
1302610 1390.7
1302620 1390.7
1302630 1396.3
1302640 1401.8
1302650 1401.8
1302660 1407.8
1302670 1413.6
1302680 1413.6
1302690 1419.3
1302700 1426.6
1302710 1426.6
1302720 1433.9
1302730 1441.0
1302740 1441.0
1302750 1449.5
1302760 1459.8
1302770 1459.8
1302780 1468.7
1302790 1478.2
1302800 1485.5
1302810 1485.5
1302820 1491.9
1302830 1498.1
1302840 1498.1
1302850 1503.8
1302860 1509.7
1302870 1509.7
1302880 1516.4
1302890 1524.0
1302900 1524.0
1302910 1529.5
1302920 1534.7
1302930 1534.7
1302940 1538.5
1302950 1544.1
1302960 1544.1
1302970 1551.4
1302980 1558.4
1302990 1558.4
1303000 1564.5
1303010 1570.4
1303020 1576.0
1303030 1576.0
1303040 1580.1
1303050 1583.9
1303060 1583.9
1303070 1589.5
1303080 1595.8
1303090 1595.8
1303100 1600.6
1303110 1605.6
1303120 1605.6
1303130 1610.4
1303140 1616.0
1303150 1616.0
1303160 1620.4
1303170 1625.4
1303180 1625.4
1303190 1630.3
1303200 1633.8
1303210 1633.8
1303220 1637.0
1303230 1641.3
1303240 1641.3
1303250 1646.6
1303260 1651.8
1303270 1656.0
1303280 1656.0
1303290 1660.0
1303300 1663.9
1303310 1666.9
1303320 1671.0
1303330 1674.6
1303340 1674.6
1303350 1677.9
1303360 1681.7
1303370 1681.7
1303380 1685.8
1303390 1690.6
1303400 1690.6
1303410 1695.0
1303420 1699.5
1303430 1699.5
1303440 1702.7
1303450 1706.5
1303460 1706.5
1303470 1711.0
1303480 1715.4
1303490 1719.3
1303500 1719.3
1303510 1722.3
1303520 1725.6
1303530 1725.6
1303540 1729.6
1303550 1733.1
1303560 1733.1
1303570 1736.5
1303580 1740.2
1303590 1740.2
1303600 1743.7
1303610 1747.2
1303620 1747.2
1303630 1750.3
1303640 1752.8
1303650 1752.8
1303660 1754.6
1303670 1756.2
1303680 1756.2
1303690 1753.6
1303700 1747.4
1303710 1741.2
1303720 1741.2
1303730 1734.7
1303740 1727.9
1303750 1727.9
1303760 1721.1
1303770 1714.1
1303780 1714.1
1303790 1707.4
1303800 1700.9
1303810 1700.9
1303820 1695.7
1303830 1692.0
1303840 1692.0
1303850 1689.2
1303860 1687.7
1303870 1687.7
1303880 1686.4
1303890 1684.0
1303900 1684.0
1303910 1681.3
1303920 1676.9
1303930 1676.9
1303940 1675.1
1303950 1676.6
1303960 1680.2
1303970 1680.2
1303980 1683.2
1303990 1686.2
1304000 1686.2
1304010 1691.4
1304020 1694.4
1304030 1694.4
1304040 1698.0
1304050 1701.9
1304060 1701.9
1304070 1706.2
1304080 1711.2
1304090 1711.2
1304100 1716.6
1304110 1722.5
1304120 1722.5
1304130 1728.7
1304140 1735.0
1304150 1735.0
1304160 1741.3
1304170 1747.7
1304180 1754.1
1304190 1754.1
1304200 1760.4
1304210 1767.0
1304220 1767.0
1304230 1773.7
1304240 1780.5
1304250 1780.5
1304260 1787.4
1304270 1794.6
1304280 1794.6
1304290 1802.3
1304300 1809.8
1304310 1809.8
1304320 1814.6
1304330 1815.3
1304340 1815.3
1304350 1812.7
1304360 1809.8
1304370 1809.8
1304380 1805.3
1304390 1799.6
1304400 1794.4
1304410 1794.4
1304420 1791.2
1304430 1788.6
1304440 1788.6
1304450 1785.0
1304460 1781.0
1304470 1781.0
1304480 1776.6
1304490 1772.3
1304500 1772.3
1304510 1769.4
1304520 1766.7
1304530 1766.7
1304540 1763.5
1304550 1759.9
1304560 1759.9
1304570 1756.3
1304580 1752.8
1304590 1752.8
1304600 1749.8
1304610 1747.3
1304620 1747.3
1304630 1744.8
1304640 1742.2
1304650 1739.8
1304660 1739.8
1304670 1738.6
1304680 1737.2
1304690 1737.2
1304700 1735.6
1304710 1733.9
1304720 1739.4
1304730 1738.0
1304740 1736.2
1304750 1736.2
1304760 1735.0
1304770 1735.2
1304780 1735.2
1304790 1736.6
1304800 1737.6
1304810 1737.6
1304820 1738.5
1304830 1739.5
1304840 1739.5
1304850 1740.2
1304860 1741.5
1304870 1743.3
1304880 1743.3
1304890 1744.6
1304900 1745.4
1304910 1745.4
1304920 1746.5
1304930 1747.1
1304940 1747.1
1304950 1746.9
1304960 1746.7
1304970 1746.7
1304980 1747.3
1304990 1747.2
1305000 1747.2
1305010 1745.7
1305020 1744.3
1305030 1744.3
1305040 1744.5
1305050 1745.5
1305060 1745.5
1305070 1745.9
1305080 1745.7
1305090 1745.1
1305100 1745.1
1305110 1743.4
1305120 1742.5
1305130 1742.5
1305140 1744.8
1305150 1747.4
1305160 1747.4
1305170 1752.7
1305180 1757.9
1305190 1757.9
1305200 1760.7
1305210 1759.4
1305220 1759.4
1305230 1760.5
1305240 1764.3
1305250 1764.3
1305260 1768.4
1305270 1774.0
1305280 1774.0
1305290 1777.7
1305300 1780.6
1305310 1784.6
1305320 1784.6
1305330 1790.0
1305340 1794.7
1305350 1794.7
1305360 1799.5
1305370 1802.8
1305380 1802.8
1305390 1805.2
1305400 1807.6
1305410 1807.6
1305420 1809.6
1305430 1809.4
1305440 1809.4
1305450 1810.8
1305460 1811.9
1305470 1811.9
1305480 1812.9
1305490 1813.2
1305500 1813.2
1305510 1812.6
1305520 1812.2
1305530 1812.2
1305540 1812.5
1305550 1813.2
1305560 1814.7
1305570 1814.7
1305580 1816.9
1305590 1819.6
1305600 1819.6
1305610 1822.2
1305620 1825.5
1305630 1825.5
1305640 1829.5
1305650 1833.8
1305660 1833.8
1305670 1837.3
1305680 1837.8
1305690 1837.8
1305700 1838.0
1305710 1839.1
1305720 1839.1
1305730 1841.8
1305740 1844.7
1305750 1844.7
1305760 1847.2
1305770 1849.8
1305780 1853.5
1305790 1853.5
1305800 1857.2
1305810 1859.5
1305820 1859.5
1305830 1862.6
1305840 1865.2
1305850 1865.2
1305860 1867.4
1305870 1869.6
1305880 1869.6
1305890 1871.0
1305900 1872.2
1305910 1872.2
1305920 1873.7
1305930 1875.7
1305940 1875.7
1305950 1878.0
1305960 1880.5
1305970 1880.5
1305980 1883.2
1305990 1886.2
1306000 1889.1
1306010 1889.1
1306020 1892.5
1306030 1895.7
1306040 1895.7
1306050 1899.2
1306060 1902.0
1306070 1902.0
1306080 1902.6
1306090 1902.7
1306100 1902.7
1306110 1904.8
1306120 1909.2
1306130 1909.2
1306140 1912.5
1306150 1916.3
1306160 1916.3
1306170 1918.7
1306180 1920.4
1306190 1920.4
1306200 1923.1
1306210 1925.9
1306220 1925.9
1306230 1927.6
1306240 1929.5
1306250 1931.4
1306260 1931.4
1306270 1932.1
1306280 1932.7
1306290 1932.7
1306300 1933.8
1306310 1935.8
1306320 1935.8
1306330 1938.2
1306340 1940.2
1306350 1940.2
1306360 1941.9
1306370 1942.6
1306380 1942.6
1306390 1943.3
1306400 1945.5
1306410 1945.5
1306420 1947.1
1306430 1947.4
1306440 1947.4
1306450 1947.8
1306460 1948.6
1306470 1949.9
1306480 1949.9
1306490 1951.1
1306500 1952.3
1306510 1952.3
1306520 1954.1
1306530 1956.3
1306540 1956.3
1306550 1958.8
1306560 1961.1
1306570 1961.1
1306580 1963.5
1306590 1966.2
1306600 1966.2
1306610 1969.5
1306620 1973.3
1306630 1973.3
1306640 1976.3
1306650 1979.2
1306660 1979.2
1306670 1982.5
1306680 1985.5
1306690 1988.1
1306700 1988.1
1306710 1990.5
1306720 1992.9
1306730 1992.9
1306740 1995.3
1306750 1997.4
1306760 1997.4
1306770 1999.3
1306780 2000.8
1306790 2000.8
1306800 2002.8
1306810 2005.1
1306820 2005.1
1306830 2007.8
1306840 2011.2
1306850 2013.7
1306860 2017.5
1306870 2021.7
1306880 2021.7
1306890 2025.9
1306900 2028.9
1306910 2031.1
1306920 2031.1
1306930 2033.8
1306940 2036.6
1306950 2036.6
1306960 2039.4
1306970 2042.6
1306980 2042.6
1306990 2045.7
1307000 2048.9
1307010 2048.9
1307020 2051.5
1307030 2053.3
1307040 2053.3
1307050 2055.2
1307060 2057.9
1307070 2057.9
1307080 2061.1
1307090 2063.3
1307100 2063.3
1307110 2065.5
1307120 2068.7
1307130 2068.7
1307140 2072.6
1307150 2076.8
1307160 2081.3
1307170 2081.3
1307180 2085.5
1307190 2089.0
1307200 2089.0
1307210 2092.4
1307220 2096.3
1307230 2096.3
1307240 2102.5
1307250 2112.4
1307260 2112.4
1307270 2126.7
1307280 2136.7
1307290 2136.7
1307300 2143.4
1307310 2147.1
1307320 2147.1
1307330 2149.8
1307340 2152.0
1307350 2152.0
1307360 2154.5
1307370 2155.6
1307380 2156.0
1307390 2156.0
1307400 2156.4
1307410 2157.4
1307420 2157.4
1307430 2158.6
1307440 2159.7
1307450 2159.7
1307460 2160.9
1307470 2163.6
1307480 2163.6
1307490 2166.8
1307500 2171.1
1307510 2171.1
1307520 2176.3
1307530 2182.3
1307540 2182.3
1307550 2189.8
1307560 2196.0
1307570 2196.0
1307580 2204.2
1307590 2213.3
1307600 2222.3
1307610 2222.3
1307620 2230.2
1307630 2236.0
1307640 2236.0
1307650 2240.2
1307660 2243.3
1307670 2243.3
1307680 2245.6
1307690 2248.8
1307700 2248.8
1307710 2252.4
1307720 2256.1
1307730 2256.1
1307740 2260.5
1307750 2264.0
1307760 2264.0
1307770 2266.4
1307780 2268.9
1307790 2268.9
1307800 2271.6
1307810 2275.2
1307820 2275.2
1307830 2278.3
1307840 2280.9
1307850 2283.8
1307860 2283.8
1307870 2287.1
1307880 2291.7
1307890 2291.7
1307900 2294.9
1307910 2298.6
1307920 2298.6
1307930 2303.1
1307940 2307.3
1307950 2307.3
1307960 2310.9
1307970 2314.4
1307980 2314.4
1307990 2316.0
1308000 2274.7
1308010 2274.7
1308020 2251.9
1308030 2246.2
1308040 2246.2
1308050 2240.7
1308060 2244.7
1308070 2252.5
1308080 2252.5
1308090 2247.1
1308100 2241.0
1308110 2241.0
1308120 2236.0
1308130 2232.3
1308140 2232.3
1308150 2231.2
1308160 2228.1
1308170 2228.1
1308180 2229.0
1308190 2232.4
1308200 2232.4
1308210 2235.3
1308220 2232.2
1308230 2232.2
1308240 2230.6
1308250 2228.8
1308260 2228.8
1308270 2221.5
1308280 2216.8
1308290 2197.1
1308300 2197.1
1308310 2188.2
1308320 2184.7
1308330 2184.7
1308340 2182.8
1308350 2181.2
1308360 2181.2
1308370 2182.5
1308380 2183.2
1308390 2183.2
1308400 2183.0
1308410 2183.3
1308420 2183.3
1308430 2182.7
1308440 2181.9
1308450 2181.9
1308460 2181.2
1308470 2181.9
1308480 2181.9
1308490 2181.0
1308500 2181.9
1308510 2183.9
1308520 2183.9
1308530 2186.0
1308540 2188.5
1308550 2188.5
1308560 2189.2
1308570 2191.7
1308580 2191.7
1308590 2197.2
1308600 2204.2
1308610 2204.2
1308620 2212.4
1308630 2222.1
1308640 2222.1
1308650 2230.1
1308660 2237.2
1308670 2237.2
1308680 2243.7
1308690 2251.1
1308700 2251.1
1308710 2258.7
1308720 2266.7
1308730 2266.7
1308740 2273.2
1308750 2279.5
1308760 2285.7
1308770 2285.7
1308780 2291.5
1308790 2297.1
1308800 2297.1
1308810 2304.1
1308820 2318.5
1308830 2318.5
1308840 2332.5
1308850 2342.3
1308860 2342.3
1308870 2350.4
1308880 2358.7
1308890 2358.7
1308900 2367.0
1308910 2375.3
1308920 2375.3
1308930 2386.3
1308940 2399.8
1308950 2399.8
1308960 2414.5
1308970 2421.5
1308980 2407.5
1308990 2407.5
1309000 2406.0
1309010 2393.6
1309020 2393.6
1309030 2371.8
1309040 2353.9
1309050 2353.9
1309060 2346.4
1309070 2339.8
1309080 2339.8
1309090 2333.0
1309100 2325.6
1309110 2325.6
1309120 2316.9
1309130 2305.6
1309140 2305.6
1309150 2291.6
1309160 2278.3
1309170 2278.3
1309180 2280.7
1309190 2284.6
1309200 2286.2
1309210 2286.2
1309220 2286.5
1309230 2286.3
1309240 2286.3
1309250 2285.4
1309260 2286.2
1309270 2286.2
1309280 2288.5
1309290 2292.6
1309300 2292.6
1309310 2293.2
1309320 2291.6
1309330 2291.6
1309340 2290.6
1309350 2293.0
1309360 2293.0
1309370 2297.3
1309380 2296.8
1309390 2296.8
1309400 2293.7
1309410 2294.5
1309420 2294.5
1309430 2294.7
1309440 2301.9
1309450 2310.4
1309460 2310.4
1309470 2319.2
1309480 2327.5
1309490 2327.5
1309500 2333.5
1309510 2337.3
1309520 2337.3
1309530 2339.9
1309540 2342.3
1309550 2342.3
1309560 2345.8
1309570 2349.6
1309580 2349.6
1309590 2353.3
1309600 2357.4
1309610 2357.4
1309620 2361.7
1309630 2365.7
1309640 2365.7
1309650 2369.6
1309660 2373.4
1309670 2377.4
1309680 2377.4
1309690 2381.3
1309700 2385.6
1309710 2385.6
1309720 2390.4
1309730 2396.6
1309740 2396.6
1309750 2401.9
1309760 2407.3
1309770 2407.3
1309780 2412.8
1309790 2418.5
1309800 2418.5
1309810 2424.3
1309820 2430.3
1309830 2430.3
1309840 2436.6
1309850 2442.8
1309860 2442.8
1309870 2450.1
1309880 2459.9
1309890 2468.2
1309900 2468.2
1309910 2480.0
1309920 2489.8
1309930 2489.8
1309940 2497.3
1309950 2504.2
1309960 2504.2
1309970 2510.7
1309980 2517.4
1309990 2517.4
1310000 2524.4
1310010 2531.5
1310020 2531.5
1310030 2538.6
1310040 2545.6
1310050 2545.6
1310060 2553.2
1310070 2561.5
1310080 2561.5
1310090 2569.3
1310100 2577.4
1310110 2577.4
1310120 2585.3
1310130 2593.4
1310140 2601.6
1310150 2601.6
1310160 2609.3
1310170 2617.3
1310180 2617.3
1310190 2625.9
1310200 2635.3
1310210 2635.3
1310220 2644.5
1310230 2652.8
1310240 2652.8
1310250 2660.5
1310260 2667.5
1310270 2667.5
1310280 2674.0
1310290 2679.5
1310300 2679.5
1310310 2684.7
1310320 2690.2
1310330 2690.2
1310340 2695.7
1310350 2701.4
1310360 2703.1
1310370 2703.1
1310380 2695.3
1310390 2683.1
1310400 2683.1
1310410 2671.9
1310420 2663.5
1310430 2663.5
1310440 2656.8
1310450 2652.7
1310460 2652.7
1310470 2645.6
1310480 2639.2
1310490 2639.2
1310500 2633.8
1310510 2628.5
1310520 2628.5
1310530 2624.1
1310540 2619.7
1310550 2619.7
1310560 2615.2
1310570 2610.2
1310580 2607.0
1310590 2607.0
1310600 2603.6
1310610 2599.2
1310620 2599.2
1310630 2593.2
1310640 2586.9
1310650 2586.9
1310660 2579.9
1310670 2572.6
1310680 2572.6
1310690 2565.3
1310700 2555.6
1310710 2555.6
1310720 2548.0
1310730 2542.4
1310740 2542.4
1310750 2542.2
1310760 2545.0
1310770 2545.0
1310780 2546.7
1310790 2547.8
1310800 2548.7
1310810 2548.7
1310820 2549.3
1310830 2550.1
1310840 2550.1
1310850 2550.9
1310860 2551.0
1310870 2551.0
1310880 2551.2
1310890 2553.7
1310900 2553.7
1310910 2556.5
1310920 2559.7
1310930 2559.7
1310940 2561.8
1310950 2563.5
1310960 2563.5
1310970 2564.1
1310980 2561.2
1310990 2561.2
1311000 2558.1
1311010 2555.8
1311020 2555.8
1311030 2550.1
1311040 2547.6
1311050 2547.3
1311060 2547.3
1311070 2546.8
1311080 2545.3
1311090 2545.3
1311100 2536.1
1311110 2522.5
1311120 2522.5
1311130 2511.9
1311140 2504.7
1311150 2504.7
1311160 2493.9
1311170 2480.5
1311180 2480.5
1311190 2479.4
1311200 2473.1
1311210 2473.1
1311220 2466.7
1311230 2462.1
1311240 2462.1
1311250 2459.3
1311260 2456.1
1311270 2452.1
1311280 2452.1
1311290 2446.7
1311300 2441.2
1311310 2441.2
1311320 2436.6
1311330 2433.0
1311340 2433.0
1311350 2430.3
1311360 2429.3
1311370 2429.3
1311380 2425.2
1311390 2422.9
1311400 2422.9
1311410 2418.6
1311420 2409.2
1311430 2409.2
1311440 2404.4
1311450 2401.5
1311460 2401.5
1311470 2398.9
1311480 2402.1
1311490 2409.7
1311500 2409.7
1311510 2407.2
1311520 2400.1
1311530 2400.1
1311540 2390.6
1311550 2378.1
1311560 2378.1
1311570 2368.0
1311580 2361.5
1311590 2361.5
1311600 2354.8
1311610 2346.3
1311620 2346.3
1311630 2339.1
1311640 2340.8
1311650 2340.8
1311660 2340.0
1311670 2333.2
1311680 2333.2
1311690 2327.2
1311700 2323.4
1311710 2323.4
1311720 2318.2
1311730 2310.3
1311740 2303.0
1311750 2303.0
1311760 2298.6
1311770 2295.6
1311780 2295.6
1311790 2294.5
1311800 2296.1
1311810 2296.1
1311820 2293.8
1311830 2290.8
1311840 2290.8
1311850 2286.2
1311860 2282.2
1311870 2282.2
1311880 2277.3
1311890 2274.7
1311900 2274.7
1311910 2276.6
1311920 2289.7
1311930 2289.7
1311940 2292.9
1311950 2296.2
1311960 2299.0
1311970 2299.0
1311980 2301.0
1311990 2300.0
1312000 2300.0
1312010 2295.7
1312020 2286.3
1312030 2286.3
1312040 2274.1
1312050 2261.2
1312060 2261.2
1312070 2251.5
1312080 2246.2
1312090 2246.2
1312100 2243.0
1312110 2240.9
1312120 2240.9
1312130 2239.5
1312140 2239.9
1312150 2239.9
1312160 2239.9
1312170 2240.2
1312180 2239.5
1312190 2239.5
1312200 2239.2
1312210 2240.3
1312220 2240.3
1312230 2240.6
1312240 2242.2
1312250 2242.2
1312260 2244.0
1312270 2245.0
1312280 2245.0
1312290 2244.0
1312300 2241.5
1312310 2241.5
1312320 2237.2
1312330 2234.2
1312340 2234.2
1312350 2232.6
1312360 2231.0
1312370 2231.0
1312380 2229.5
1312390 2228.4
1312400 2227.4
1312410 2227.4
1312420 2225.4
1312430 2223.5
1312440 2223.5
1312450 2220.6
1312460 2220.2
1312470 2220.2
1312480 2214.3
1312490 2207.5
1312500 2207.5
1312510 2202.6
1312520 2195.7
1312530 2195.7
1312540 2189.8
1312550 2182.6
1312560 2182.6
1312570 2176.4
1312580 2170.6
1312590 2170.6
1312600 2162.1
1312610 2154.4
1312620 2154.4
1312630 2151.3
1312640 2146.2
1312650 2140.0
1312660 2137.0
1312670 2130.7
1312680 2123.7
1312690 2123.7
1312700 2120.2
1312710 2115.0
1312720 2115.0
1312730 2108.2
1312740 2100.7
1312750 2100.7
1312760 2091.2
1312770 2083.0
1312780 2083.0
1312790 2076.1
1312800 2069.8
1312810 2069.8
1312820 2063.8
1312830 2056.5
1312840 2056.5
1312850 2046.8
1312860 2035.7
1312870 2027.9
1312880 2027.9
1312890 2021.4
1312900 2014.0
1312910 2014.0
1312920 2005.5
1312930 1996.0
1312940 1996.0
1312950 1985.1
1312960 1972.9
1312970 1972.9
1312980 1961.4
1312990 1949.3
1313000 1949.3
1313010 1935.4
1313020 1925.7
1313030 1925.7
1313040 1916.5
1313050 1907.5
1313060 1907.5
1313070 1899.1
1313080 1890.6
1313090 1882.5
1313100 1882.5
1313110 1872.9
1313120 1860.7
1313130 1860.7
1313140 1847.9
1313150 1837.3
1313160 1837.3
1313170 1826.3
1313180 1816.0
1313190 1816.0
1313200 1804.3
1313210 1791.4
1313220 1791.4
1313230 1777.6
1313240 1759.4
1313250 1759.4
1313260 1743.3
1313270 1731.4
1313280 1731.4
1313290 1712.1
1313300 1706.8
1313310 1706.8
1313320 1703.3
1313330 1696.0
1313340 1686.0
1313350 1686.0
1313360 1673.6
1313370 1664.5
1313380 1664.5
1313390 1659.3
1313400 1648.8
1313410 1648.8
1313420 1643.1
1313430 1637.4
1313440 1637.4
1313450 1631.7
1313460 1625.5
1313470 1625.5
1313480 1619.7
1313490 1614.7
1313500 1614.7
1313510 1608.6
1313520 1603.9
1313530 1603.9
1313540 1600.1
1313550 1596.4
1313560 1593.3
1313570 1593.3
1313580 1590.5
1313590 1588.2
1313600 1588.2
1313610 1585.8
1313620 1583.5
1313630 1583.5
1313640 1581.3
1313650 1580.0
1313660 1580.0
1313670 1578.3
1313680 1576.2
1313690 1576.2
1313700 1572.4
1313710 1567.3
1313720 1567.3
1313730 1562.8
1313740 1560.4
1313750 1560.4
1313760 1559.4
1313770 1561.0
1313780 1560.5
1313790 1560.5
1313800 1552.7
1313810 1542.6
1313820 1542.6
1313830 1533.8
1313840 1525.3
1313850 1525.3
1313860 1517.5
1313870 1506.7
1313880 1506.7
1313890 1495.5
1313900 1486.9
1313910 1486.9
1313920 1481.1
1313930 1476.3
1313940 1476.3
1313950 1472.9
1313960 1465.6
1313970 1465.6
1313980 1456.4
1313990 1448.5
1314000 1440.9
1314010 1440.9
1314020 1433.9
1314030 1426.8
1314040 1426.8
1314050 1419.9
1314060 1413.5
1314070 1413.5
1314080 1406.7
1314090 1400.2
1314100 1400.2
1314110 1394.2
1314120 1388.8
1314130 1388.8
1314140 1379.8
1314150 1373.6
1314160 1373.6
1314170 1366.9
1314180 1360.8
1314190 1360.8
1314200 1354.8
1314210 1349.0
1314220 1349.0
1314230 1343.3
1314240 1338.0
1314250 1333.0
1314260 1333.0
1314270 1326.4
1314280 1315.2
1314290 1315.2
1314300 1305.4
1314310 1300.6
1314320 1300.6
1314330 1297.1
1314340 1292.1
1314350 1292.1
1314360 1288.6
1314370 1286.3
1314380 1286.3
1314390 1283.7
1314400 1280.0
1314410 1280.0
1314420 1274.3
1314430 1268.3
1314440 1268.3
1314450 1261.0
1314460 1251.9
1314470 1244.1
1314480 1244.1
1314490 1240.6
1314500 1237.7
1314510 1237.7
1314520 1234.1
1314530 1231.2
1314540 1231.2
1314550 1230.2
1314560 1229.6
1314570 1229.6
1314580 1229.0
1314590 1227.5
1314600 1227.5
1314610 1227.7
1314620 1224.6
1314630 1224.6
1314640 1220.1
1314650 1214.4
1314660 1214.4
1314670 1206.4
1314680 1193.7
1314690 1174.4
1314700 1174.4
1314710 1153.3
1314720 1137.6
1314730 1137.6
1314740 1124.0
1314750 1119.1
1314760 1119.1
1314770 1113.7
1314780 1107.5
1314790 1107.5
1314800 1101.1
1314810 1093.3
1314820 1093.3
1314830 1084.9
1314840 1077.0
1314850 1077.0
1314860 1070.1
1314870 1062.5
1314880 1062.5
1314890 1051.7
1314900 1044.2
1314910 1044.2
1314920 1037.3
1314930 1030.3
1314940 1023.5
1314950 1023.5
1314960 1017.4
1314970 1011.1
1314980 1011.1
1314990 1003.3
1315000 996.5
1315010 996.5
1315020 989.6
1315030 982.2
1315040 982.2
1315050 974.3
1315060 966.7
1315070 966.7
1315080 959.4
1315090 952.5
1315100 952.5
1315110 946.6
1315120 941.2
1315130 941.2
1315140 937.0
1315150 930.6
1315160 925.6
1315170 925.6
1315180 920.5
1315190 914.4
1315200 914.4
1315210 906.8
1315220 900.1
1315230 900.1
1315240 895.8
1315250 894.5
1315260 894.5
1315270 895.9
1315280 900.9
1315290 900.9
1315300 907.6
1315310 911.7
1315320 911.7
1315330 916.0
1315340 916.8
1315350 916.8
1315360 917.9
1315370 919.4
1315380 921.7
1315390 921.7
1315400 925.3
1315410 928.5
1315420 928.5
1315430 932.0
1315440 935.3
1315450 935.3
1315460 938.3
1315470 941.9
1315480 941.9
1315490 945.4
1315500 948.2
1315510 948.2
1315520 951.4
1315530 954.3
1315540 954.3
1315550 957.7
1315560 961.0
1315570 961.0
1315580 963.5
1315590 966.0
1315600 968.9
1315610 968.9
1315620 972.6
1315630 976.9
1315640 980.7
1315650 985.2
1315660 990.2
1315670 990.2
1315680 994.9
1315690 999.9
1315700 999.9
1315710 1005.1
1315720 1010.4
1315730 1010.4
1315740 1016.0
1315750 1021.8
1315760 1021.8
1315770 1027.4
1315780 1032.5
1315790 1032.5
1315800 1037.5
1315810 1042.5
1315820 1042.5
1315830 1047.6
1315840 1053.7
1315850 1060.4
1315860 1060.4
1315870 1066.6
1315880 1074.0
1315890 1074.0
1315900 1081.7
1315910 1089.1
1315920 1089.1
1315930 1096.6
1315940 1104.3
1315950 1104.3
1315960 1112.4
1315970 1120.6
1315980 1120.6
1315990 1128.1
1316000 1134.7
1316010 1134.7
1316020 1140.9
1316030 1148.1
1316040 1148.1
1316050 1155.4
1316060 1162.6
1316070 1170.9
1316080 1170.9
1316090 1182.1
1316100 1201.5
1316110 1201.5
1316120 1223.5
1316130 1243.5
1316140 1243.5
1316150 1268.0
1316160 1294.2
1316170 1294.2
1316180 1309.7
1316190 1343.3
1316200 1343.3
1316210 1376.4
1316220 1403.5
1316230 1403.5
1316240 1417.2
1316250 1425.6
1316260 1425.6
1316270 1433.2
1316280 1440.4
1316290 1447.2
1316300 1447.2
1316310 1455.6
1316320 1465.1
1316330 1465.1
1316340 1472.3
1316350 1483.0
1316360 1483.0
1316370 1493.4
1316380 1501.9
1316390 1504.0
1316400 1511.2
1316410 1519.8
1316420 1519.8
1316430 1527.9
1316440 1535.6
1316450 1535.6
1316460 1544.0
1316470 1553.0
1316480 1553.0
1316490 1561.3
1316500 1569.1
1316510 1569.1
1316520 1577.4
1316530 1586.4
1316540 1598.0
1316550 1598.0
1316560 1608.3
1316570 1616.4
1316580 1616.4
1316590 1624.0
1316600 1631.9
1316610 1631.9
1316620 1638.8
1316630 1647.6
1316640 1647.6
1316650 1660.5
1316660 1671.5
1316670 1671.5
1316680 1680.4
1316690 1690.6
1316700 1690.6
1316710 1700.9
1316720 1709.2
1316730 1709.2
1316740 1717.6
1316750 1727.0
1316760 1737.7
1316770 1737.7
1316780 1749.7
1316790 1759.8
1316800 1759.8
1316810 1768.9
1316820 1779.3
1316830 1779.3
1316840 1788.7
1316850 1797.8
1316860 1797.8
1316870 1805.4
1316880 1812.9
1316890 1812.9
1316900 1823.0
1316910 1839.7
1316920 1839.7
1316930 1853.1
1316940 1867.1
1316950 1867.1
1316960 1878.1
1316970 1882.9
1316980 1889.3
1316990 1889.3
1317000 1897.1
1317010 1902.9
1317020 1902.9
1317030 1907.6
1317040 1912.0
1317050 1912.0
1317060 1917.6
1317070 1923.2
1317080 1923.2
1317090 1929.1
1317100 1934.9
1317110 1934.9
1317120 1939.7
1317130 1941.7
1317140 1950.7
1317150 1955.2
1317160 1960.7
1317170 1960.7
1317180 1967.4
1317190 1975.7
1317200 1985.3
1317210 1985.3
1317220 1995.5
1317230 2005.5
1317240 2005.5
1317250 2015.2
1317260 2025.3
1317270 2025.3
1317280 2035.7
1317290 2043.2
1317300 2043.2
1317310 2049.6
1317320 2055.7
1317330 2055.7
1317340 2062.4
1317350 2070.2
1317360 2070.2
1317370 2077.6
1317380 2082.1
1317390 2082.1
1317400 2087.9
1317410 2093.3
1317420 2093.3
1317430 2097.0
1317440 2102.2
1317450 2107.6
1317460 2107.6
1317470 2111.8
1317480 2113.4
1317490 2113.4
1317500 2111.0
1317510 2103.3
1317520 2103.3
1317530 2093.0
1317540 2083.7
1317550 2083.7
1317560 2076.0
1317570 2068.8
1317580 2068.8
1317590 2060.6
1317600 2051.4
1317610 2051.4
1317620 2040.5
1317630 2028.8
1317640 2028.8
1317650 2018.8
1317660 2009.8
1317670 2001.9
1317680 2001.9
1317690 1992.7
1317700 1983.2
1317710 1983.2
1317720 1973.8
1317730 1964.8
1317740 1964.8
1317750 1956.2
1317760 1947.5
1317770 1947.5
1317780 1939.1
1317790 1930.4
1317800 1930.4
1317810 1921.8
1317820 1913.5
1317830 1913.5
1317840 1902.3
1317850 1890.0
1317860 1890.0
1317870 1879.3
1317880 1870.2
1317890 1861.1
1317900 1858.2
1317910 1849.2
1317920 1841.0
1317930 1841.0
1317940 1832.7
1317950 1824.2
1317960 1824.2
1317970 1816.3
1317980 1808.3
1317990 1808.3
1318000 1800.1
1318010 1792.3
1318020 1792.3
1318030 1785.0
1318040 1778.5
1318050 1778.5
1318060 1772.0
1318070 1764.4
1318080 1764.4
1318090 1756.3
1318100 1749.0
1318110 1749.0
1318120 1741.6
1318130 1733.8
1318140 1726.0
1318150 1726.0
1318160 1719.1
1318170 1712.5
1318180 1712.5
1318190 1705.3
1318200 1697.4
1318210 1697.4
1318220 1690.4
1318230 1683.3
1318240 1683.3
1318250 1675.9
1318260 1670.5
1318270 1670.5
1318280 1665.9
1318290 1661.3
1318300 1661.3
1318310 1658.9
1318320 1656.7
1318330 1656.7
1318340 1650.6
1318350 1633.5
1318360 1618.4
1318370 1618.4
1318380 1622.3
1318390 1624.5
1318400 1624.5
1318410 1624.3
1318420 1621.4
1318430 1621.4
1318440 1616.8
1318450 1610.8
1318460 1610.8
1318470 1601.0
1318480 1578.0
1318490 1578.0
1318500 1560.7
1318510 1550.6
1318520 1550.6
1318530 1544.1
1318540 1537.6
1318550 1537.6
1318560 1531.9
1318570 1526.5
1318580 1522.6
1318590 1522.6
1318600 1521.3
1318610 1520.8
1318620 1520.8
1318630 1517.2
1318640 1514.8
1318650 1514.8
1318660 1511.5
1318670 1515.3
1318680 1515.3
1318690 1512.1
1318700 1509.5
1318710 1509.5
1318720 1505.9
1318730 1504.5
1318740 1504.5
1318750 1499.5
1318760 1473.5
1318770 1473.5
1318780 1456.7
1318790 1458.7
1318800 1454.0
1318810 1454.0
1318820 1451.9
1318830 1441.4
1318840 1441.4
1318850 1432.0
1318860 1427.1
1318870 1427.1
1318880 1429.0
1318890 1428.9
1318900 1428.9
1318910 1422.1
1318920 1411.9
1318930 1411.9
1318940 1398.2
1318950 1380.7
1318960 1380.7
1318970 1368.6
1318980 1362.2
1318990 1362.2
1319000 1354.5
1319010 1347.4
1319020 1347.4
1319030 1338.7
1319040 1326.0
1319050 1313.0
1319060 1313.0
1319070 1297.6
1319080 1284.6
1319090 1284.6
1319100 1235.9
1319110 1206.5
1319120 1206.5
1319130 1203.5
1319140 1198.6
1319150 1198.6
1319160 1192.5
1319170 1187.1
1319180 1187.1
1319190 1184.7
1319200 1183.8
1319210 1183.8
1319220 1179.9
1319230 1173.0
1319240 1173.0
1319250 1165.9
1319260 1155.0
1319270 1140.2
1319280 1140.2
1319290 1117.4
1319300 1104.0
1319310 1104.0
1319320 1100.1
1319330 1094.7
1319340 1094.7
1319350 1088.5
1319360 1082.6
1319370 1082.6
1319380 1076.2
1319390 1069.4
1319400 1069.4
1319410 1062.7
1319420 1059.1
1319430 1062.1
1319440 1060.6
1319450 1060.5
1319460 1060.5
1319470 1061.4
1319480 1062.3
1319490 1063.0
1319500 1063.0
1319510 1063.5
1319520 1063.5
1319530 1063.5
1319540 1063.8
1319550 1064.0
1319560 1064.0
1319570 1064.1
1319580 1064.1
1319590 1064.1
1319600 1064.0
1319610 1064.2
1319620 1064.2
1319630 1064.4
1319640 1064.3
1319650 1064.3
1319660 1064.2
1319670 1064.1
1319680 1064.1
1319690 1063.7
1319700 1062.6
1319710 1062.6
1319720 1061.1
1319730 1059.5
1319740 1059.6
1319750 1059.6
1319760 1060.4
1319770 1060.5
1319780 1060.5
1319790 1059.4
1319800 1058.1
1319810 1058.1
1319820 1056.3
1319830 1057.1
1319840 1057.1
1319850 1059.7
1319860 1062.7
1319870 1062.7
1319880 1067.4
1319890 1072.2
1319900 1072.2
1319910 1078.2
1319920 1083.5
1319930 1083.5
1319940 1087.5
1319950 1090.7
1319960 1092.5
1319970 1092.5
1319980 1095.0
1319990 1097.6
