1300000 1950.0
1300010 1954.3
1300020 1954.3
1300030 1957.7
1300040 1957.4
1300050 1957.4
1300060 1958.2
1300070 1960.4
1300080 1960.4
1300090 1962.7
1300100 1964.2
1300110 1964.2
1300120 1965.5
1300130 1966.4
1300140 1966.9
1300150 1966.9
1300160 1963.9
1300170 1951.9
1300180 1951.9
1300190 1939.5
1300200 1929.2
1300210 1929.2
1300220 1920.2
1300230 1914.4
1300240 1914.4
1300250 1910.9
1300260 1907.6
1300270 1907.6
1300280 1903.7
1300290 1898.2
1300300 1898.2
1300310 1892.4
1300320 1885.7
1300330 1885.7
1300340 1880.7
1300350 1875.8
1300360 1875.8
1300370 1872.1
1300380 1871.4
1300390 1871.6
1300400 1871.6
1300410 1872.2
1300420 1872.1
1300430 1872.1
1300440 1870.9
1300450 1867.6
1300460 1862.4
1300470 1854.7
1300480 1848.5
1300490 1848.5
1300500 1843.1
1300510 1837.7
1300520 1837.7
1300530 1832.5
1300540 1827.6
1300550 1827.6
1300560 1822.6
1300570 1820.8
1300580 1820.8
1300590 1820.1
1300600 1818.3
1300610 1815.9
1300620 1815.9
1300630 1812.0
1300640 1806.6
1300650 1806.6
1300660 1802.6
1300670 1801.3
1300680 1801.3
1300690 1801.2
1300700 1801.0
1300710 1801.0
1300720 1800.2
1300730 1798.0
1300740 1798.0
1300750 1796.7
1300760 1796.9
1300770 1796.9
1300780 1797.2
1300790 1798.7
1300800 1798.7
1300810 1799.2
1300820 1797.0
1300830 1797.0
1300840 1795.6
1300850 1794.9
1300860 1795.7
1300870 1795.7
1300880 1796.5
1300890 1795.8
1300900 1795.8
1300910 1794.4
1300920 1794.0
1300930 1794.0
1300940 1793.5
1300950 1792.1
1300960 1792.1
1300970 1790.9
1300980 1789.2
1300990 1789.2
1301000 1786.5
1301010 1784.0
1301020 1784.0
1301030 1781.6
1301040 1779.1
1301050 1779.1
1301060 1776.3
1301070 1771.6
1301080 1765.7
1301090 1765.7
1301100 1759.2
1301110 1752.8
1301120 1752.8
1301130 1747.1
1301140 1742.9
1301150 1748.8
1301160 1743.9
1301170 1739.4
1301180 1739.4
1301190 1735.7
1301200 1730.9
1301210 1730.9
1301220 1727.4
1301230 1725.1
1301240 1725.1
1301250 1723.4
1301260 1722.1
1301270 1722.1
1301280 1720.9
1301290 1719.6
1301300 1718.4
1301310 1718.4
1301320 1718.7
1301330 1718.6
1301340 1718.6
1301350 1717.9
1301360 1716.8
1301370 1716.8
1301380 1715.8
1301390 1715.0
1301400 1715.0
1301410 1714.4
1301420 1713.5
1301430 1713.5
1301440 1713.6
1301450 1714.1
1301460 1714.1
1301470 1713.8
1301480 1713.5
1301490 1713.5
1301500 1713.5
1301510 1712.2
1301520 1712.2
1301530 1710.5
1301540 1707.2
1301550 1703.1
1301560 1703.1
1301570 1699.5
1301580 1695.8
1301590 1695.8
1301600 1693.7
1301610 1691.4
1301620 1691.4
1301630 1688.7
1301640 1687.5
1301650 1687.5
1301660 1687.0
1301670 1685.8
1301680 1685.8
1301690 1686.2
1301700 1685.0
1301710 1685.0
1301720 1680.6
1301730 1681.8
1301740 1681.8
1301750 1682.1
1301760 1681.3
1301770 1679.5
1301780 1679.5
1301790 1678.6
1301800 1678.2
1301810 1678.2
1301820 1678.3
1301830 1678.2
1301840 1678.2
1301850 1670.2
1301860 1667.4
1301870 1667.4
1301880 1663.5
1301890 1660.2
1301900 1660.2
1301910 1658.0
1301920 1659.1
1301930 1659.1
1301940 1658.3
1301950 1658.3
1301960 1658.3
1301970 1659.0
1301980 1658.3
1301990 1658.3
1302000 1656.1
1302010 1658.0
1302020 1662.1
1302030 1662.1
1302040 1663.7
1302050 1667.3
1302060 1667.3
1302070 1669.7
1302080 1670.6
1302090 1670.6
1302100 1672.1
1302110 1673.4
1302120 1673.4
1302130 1676.9
1302140 1679.8
1302150 1679.8
1302160 1682.8
1302170 1686.4
1302180 1686.4
1302190 1690.3
1302200 1693.4
1302210 1693.4
1302220 1699.7
1302230 1706.9
1302240 1714.1
1302250 1714.1
1302260 1721.3
1302270 1727.8
1302280 1727.8
1302290 1734.2
1302300 1741.9
1302310 1741.9
1302320 1749.5
1302330 1757.3
1302340 1757.3
1302350 1766.4
1302360 1774.8
1302370 1774.8
1302380 1783.0
1302390 1790.8
1302400 1790.8
1302410 1797.5
1302420 1803.5
1302430 1803.5
1302440 1812.2
1302450 1822.0
1302460 1829.1
1302470 1829.1
1302480 1836.5
1302490 1845.4
1302500 1845.4
1302510 1852.1
1302520 1859.7
1302530 1859.7
1302540 1866.1
1302550 1871.6
1302560 1871.6
1302570 1876.2
1302580 1880.3
1302590 1880.3
1302600 1884.3
1302610 1887.9
1302620 1887.9
1302630 1891.6
1302640 1895.2
1302650 1895.2
1302660 1898.6
1302670 1901.8
1302680 1901.8
1302690 1904.7
1302700 1906.9
1302710 1908.5
1302720 1908.5
1302730 1909.9
1302740 1910.6
1302750 1910.6
1302760 1911.2
1302770 1911.8
1302780 1911.8
1302790 1912.2
1302800 1912.2
1302810 1912.2
1302820 1911.4
1302830 1909.9
1302840 1909.9
1302850 1906.9
1302860 1901.4
1302870 1901.4
1302880 1893.1
1302890 1883.1
1302900 1883.1
1302910 1874.5
1302920 1866.7
1302930 1858.6
1302940 1858.6
1302950 1849.9
1302960 1841.3
1302970 1841.3
1302980 1833.4
1302990 1826.0
1303000 1826.0
1303010 1819.1
1303020 1812.5
1303030 1812.5
1303040 1805.5
1303050 1798.5
1303060 1798.5
1303070 1791.9
1303080 1785.4
1303090 1785.4
1303100 1779.4
1303110 1773.1
1303120 1773.1
1303130 1766.0
1303140 1755.9
1303150 1755.9
1303160 1744.3
1303170 1735.3
1303180 1727.9
1303190 1727.9
1303200 1720.6
1303210 1713.3
1303220 1713.3
1303230 1707.8
1303240 1700.4
1303250 1700.4
1303260 1696.8
1303270 1693.7
1303280 1693.7
1303290 1690.0
1303300 1687.3
1303310 1687.3
1303320 1682.8
1303330 1678.3
1303340 1678.3
1303350 1673.2
1303360 1668.6
1303370 1668.6
1303380 1663.1
1303390 1656.7
1303400 1651.0
1303410 1651.0
1303420 1645.6
1303430 1640.7
1303440 1640.7
1303450 1636.9
1303460 1634.2
1303470 1634.2
1303480 1631.6
1303490 1628.8
1303500 1628.8
1303510 1626.5
1303520 1624.5
1303530 1624.5
1303540 1623.1
1303550 1621.3
1303560 1621.3
1303570 1619.1
1303580 1617.2
1303590 1617.2
1303600 1616.1
1303610 1614.7
1303620 1614.7
1303630 1613.4
1303640 1612.3
1303650 1611.4
1303660 1611.4
1303670 1610.8
1303680 1610.0
1303690 1610.0
1303700 1609.3
1303710 1608.0
1303720 1608.0
1303730 1606.7
1303740 1605.1
1303750 1605.1
1303760 1602.4
1303770 1599.9
1303780 1599.9
1303790 1597.8
1303800 1595.9
1303810 1595.9
1303820 1594.1
1303830 1592.2
1303840 1592.2
1303850 1590.1
1303860 1587.6
1303870 1583.2
1303880 1583.2
1303890 1579.3
1303900 1574.2
1303910 1574.2
1303920 1568.0
1303930 1561.4
1303940 1561.4
1303950 1550.5
1303960 1543.1
1303970 1543.1
1303980 1535.9
1303990 1529.3
1304000 1529.3
1304010 1524.2
1304020 1520.1
1304030 1520.1
1304040 1515.7
1304050 1511.0
1304060 1511.0
1304070 1507.3
1304080 1502.9
1304090 1497.2
1304100 1497.2
1304110 1491.8
1304120 1487.3
1304130 1487.3
1304140 1483.8
1304150 1480.9
1304160 1480.9
1304170 1478.4
1304180 1473.8
1304190 1473.8
1304200 1468.4
1304210 1465.6
1304220 1465.6
1304230 1460.3
1304240 1453.8
1304250 1453.8
1304260 1447.7
1304270 1441.6
1304280 1441.6
1304290 1435.4
1304300 1429.6
1304310 1429.6
1304320 1424.2
1304330 1420.5
1304340 1417.1
1304350 1417.1
1304360 1413.5
1304370 1409.5
1304380 1409.5
1304390 1407.1
1304400 1404.1
1304410 1404.1
1304420 1401.1
1304430 1397.6
1304440 1397.6
1304450 1394.1
1304460 1391.3
1304470 1391.3
1304480 1388.0
1304490 1382.6
1304500 1382.6
1304510 1377.7
1304520 1373.0
1304530 1373.0
1304540 1367.8
1304550 1363.4
1304560 1360.3
1304570 1360.3
1304580 1357.1
1304590 1353.6
1304600 1353.6
1304610 1349.9
1304620 1346.0
1304630 1346.0
1304640 1342.5
1304650 1338.9
1304660 1338.9
1304670 1333.3
1304680 1330.5
1304690 1330.5
1304700 1332.8
1304710 1338.5
1304720 1338.5
1304730 1344.5
1304740 1351.6
1304750 1351.6
1304760 1359.1
1304770 1363.9
1304780 1363.9
1304790 1365.0
1304800 1365.2
1304810 1366.5
1304820 1366.5
1304830 1370.4
1304840 1375.1
1304850 1375.1
1304860 1379.4
1304870 1381.8
1304880 1381.8
1304890 1383.4
1304900 1385.3
1304910 1385.3
1304920 1387.7
1304930 1391.4
1304940 1391.4
1304950 1395.5
1304960 1400.0
1304970 1400.0
1304980 1404.9
1304990 1409.6
1305000 1409.6
1305010 1413.5
1305020 1416.4
1305030 1418.6
1305040 1418.6
1305050 1421.7
1305060 1425.4
1305070 1425.4
1305080 1426.4
1305090 1427.3
1305100 1427.3
1305110 1428.7
1305120 1429.7
1305130 1429.7
1305140 1430.4
1305150 1430.9
1305160 1430.9
1305170 1431.2
1305180 1431.8
1305190 1431.8
1305200 1433.9
1305210 1436.0
1305220 1436.0
1305230 1438.0
1305240 1440.8
1305250 1440.8
1305260 1443.5
1305270 1447.0
1305280 1450.0
1305290 1450.0
1305300 1452.9
1305310 1456.4
1305320 1456.4
1305330 1459.7
1305340 1462.3
1305350 1462.3
1305360 1464.1
1305370 1469.1
1305380 1469.1
1305390 1474.7
1305400 1481.9
1305410 1481.9
1305420 1489.9
1305430 1498.5
1305440 1498.5
1305450 1506.6
1305460 1514.8
1305470 1514.8
1305480 1522.6
1305490 1528.8
1305500 1534.1
1305510 1534.1
1305520 1538.8
1305530 1543.0
1305540 1543.0
1305550 1547.7
1305560 1552.5
1305570 1552.5
1305580 1557.0
1305590 1561.7
1305600 1561.7
1305610 1568.3
1305620 1573.2
1305630 1573.2
1305640 1577.4
1305650 1581.2
1305660 1581.2
1305670 1584.8
1305680 1589.4
1305690 1589.4
1305700 1594.2
1305710 1598.5
1305720 1602.9
1305730 1602.9
1305740 1606.2
1305750 1609.4
1305760 1609.4
1305770 1612.2
1305780 1614.2
1305790 1614.2
1305800 1617.2
1305810 1620.2
1305820 1620.2
1305830 1621.6
1305840 1623.3
1305850 1623.3
1305860 1627.1
1305870 1631.0
1305880 1631.0
1305890 1634.4
1305900 1636.6
1305910 1636.6
1305920 1638.9
1305930 1641.6
1305940 1641.6
1305950 1643.5
1305960 1646.7
1305970 1650.3
1305980 1650.3
1305990 1653.8
1306000 1658.4
1306010 1658.4
1306020 1665.5
1306030 1672.4
1306040 1672.4
1306050 1677.5
1306060 1681.1
1306070 1683.6
1306080 1689.3
1306090 1695.8
1306100 1695.8
1306110 1701.6
1306120 1706.8
1306130 1706.8
1306140 1711.2
1306150 1712.9
1306160 1712.9
1306170 1713.8
1306180 1714.6
1306190 1716.6
1306200 1716.6
1306210 1719.4
1306220 1721.9
1306230 1721.9
1306240 1724.8
1306250 1727.0
1306260 1727.0
1306270 1729.9
1306280 1734.2
1306290 1734.2
1306300 1738.7
1306310 1742.1
1306320 1742.1
1306330 1744.4
1306340 1748.8
1306350 1748.8
1306360 1754.1
1306370 1759.5
1306380 1759.5
1306390 1763.9
1306400 1769.3
1306410 1769.3
1306420 1774.8
1306430 1781.8
1306440 1789.5
1306450 1789.5
1306460 1795.2
1306470 1799.0
1306480 1799.0
1306490 1802.4
1306500 1806.9
1306510 1806.9
1306520 1811.6
1306530 1815.1
1306540 1815.1
1306550 1816.6
1306560 1818.7
1306570 1818.7
1306580 1822.3
1306590 1826.4
1306600 1826.4
1306610 1830.9
1306620 1835.1
1306630 1835.1
1306640 1839.4
1306650 1844.3
1306660 1849.8
1306670 1849.8
1306680 1855.6
1306690 1860.3
1306700 1860.3
1306710 1864.5
1306720 1869.4
1306730 1869.4
1306740 1874.3
1306750 1878.8
1306760 1878.8
1306770 1882.8
1306780 1885.8
1306790 1885.8
1306800 1889.1
1306810 1892.6
1306820 1892.6
1306830 1896.0
1306840 1900.1
1306850 1900.1
1306860 1903.0
1306870 1905.7
1306880 1910.9
1306890 1910.9
1306900 1914.9
1306910 1918.5
1306920 1918.5
1306930 1920.4
1306940 1922.2
1306950 1922.2
1306960 1925.0
1306970 1928.0
1306980 1928.0
1306990 1931.1
1307000 1934.3
1307010 1934.3
1307020 1936.8
1307030 1939.5
1307040 1939.5
1307050 1942.7
1307060 1944.6
1307070 1944.6
1307080 1948.4
1307090 1955.1
1307100 1955.1
1307110 1962.4
1307120 1967.6
1307130 1971.8
1307140 1971.8
1307150 1977.6
1307160 1982.4
1307170 1982.4
1307180 1986.2
1307190 1990.3
1307200 1990.3
1307210 1994.4
1307220 1999.9
1307230 1999.9
1307240 2004.7
1307250 2008.1
1307260 2008.1
1307270 2008.2
1307280 2008.4
1307290 2008.4
1307300 2009.4
1307310 2011.4
1307320 2011.4
1307330 2009.0
1307340 2008.5
1307350 2008.5
1307360 2008.5
1307370 2008.3
1307380 2006.5
1307390 2006.5
1307400 2002.9
1307410 1999.4
1307420 1999.4
1307430 2001.5
1307440 2004.2
1307450 2004.2
1307460 2006.7
1307470 2009.5
1307480 2009.5
1307490 2013.3
1307500 2019.4
1307510 2019.4
1307520 2022.9
1307530 2024.7
1307540 2024.7
1307550 2023.7
1307560 2021.8
1307570 2021.8
1307580 2021.4
1307590 2020.1
1307600 2015.4
1307610 2015.4
1307620 2011.6
1307630 2010.4
1307640 2010.4
1307650 2010.2
1307660 2010.7
1307670 2010.7
1307680 2011.3
1307690 2012.1
1307700 2012.1
1307710 2012.6
1307720 2013.0
1307730 2013.0
1307740 2014.2
1307750 2015.0
1307760 2015.0
1307770 2014.8
1307780 2015.3
1307790 2015.3
1307800 2015.8
1307810 2015.8
1307820 2015.7
1307830 2015.7
1307840 2016.3
1307850 2017.5
1307860 2017.5
1307870 2017.8
1307880 2018.0
1307890 2018.0
1307900 2018.1
1307910 2019.5
1307920 2019.5
1307930 2021.7
1307940 2025.5
1307950 2025.5
1307960 2030.2
1307970 2035.9
1307980 2035.9
1307990 2042.1
1308000 2048.7
1308010 2048.7
1308020 2058.6
1308030 2071.6
1308040 2071.6
1308050 2086.9
1308060 2098.7
1308070 2105.4
1308080 2105.4
1308090 2110.1
1308100 2116.8
1308110 2116.8
1308120 2122.9
1308130 2129.0
1308140 2129.0
1308150 2135.6
1308160 2142.0
1308170 2142.0
1308180 2146.9
1308190 2150.4
1308200 2150.4
1308210 2150.7
1308220 2146.2
1308230 2146.2
1308240 2144.2
1308250 2141.9
1308260 2141.9
1308270 2137.7
1308280 2130.4
1308290 2122.6
1308300 2122.6
1308310 2114.3
1308320 2104.8
1308330 2104.8
1308340 2095.5
1308350 2087.5
1308360 2087.5
1308370 2079.7
1308380 2072.1
1308390 2072.1
1308400 2064.7
1308410 2057.7
1308420 2057.7
1308430 2049.8
1308440 2043.3
1308450 2043.3
1308460 2037.5
1308470 2031.5
1308480 2031.5
1308490 2025.8
1308500 2019.6
1308510 2014.2
1308520 2014.2
1308530 2008.2
1308540 2002.0
1308550 2002.0
1308560 1996.2
1308570 1990.4
1308580 1990.4
1308590 1984.3
1308600 1977.7
1308610 1977.7
1308620 1970.4
1308630 1963.3
1308640 1963.3
1308650 1957.3
1308660 1952.1
1308670 1952.1
1308680 1944.7
1308690 1935.6
1308700 1935.6
1308710 1926.1
1308720 1917.8
1308730 1917.8
1308740 1911.7
1308750 1906.1
1308760 1900.9
1308770 1900.9
1308780 1896.2
1308790 1891.8
1308800 1891.8
1308810 1888.4
1308820 1885.0
1308830 1885.0
1308840 1881.5
1308850 1877.9
1308860 1877.9
1308870 1874.0
1308880 1870.5
1308890 1870.5
1308900 1867.3
1308910 1864.0
1308920 1864.0
1308930 1861.3
1308940 1856.6
1308950 1856.6
1308960 1853.9
1308970 1850.3
1308980 1845.7
1308990 1845.7
1309000 1840.7
1309010 1835.6
1309020 1835.6
1309030 1831.0
1309040 1827.4
1309050 1827.4
1309060 1824.7
1309070 1822.1
1309080 1822.1
1309090 1819.8
1309100 1817.8
1309110 1817.8
1309120 1816.4
1309130 1814.2
1309140 1814.2
1309150 1811.8
1309160 1810.3
1309170 1810.3
1309180 1808.6
1309190 1806.0
1309200 1806.0
1309210 1801.6
1309220 1796.2
1309230 1790.9
1309240 1790.9
1309250 1785.8
1309260 1780.8
1309270 1780.8
1309280 1774.8
1309290 1767.2
1309300 1767.2
1309310 1758.3
1309320 1749.4
1309330 1749.4
1309340 1740.4
1309350 1729.0
1309360 1729.0
1309370 1718.3
1309380 1708.8
1309390 1708.8
1309400 1700.4
1309410 1692.9
1309420 1692.9
1309430 1686.0
1309440 1678.3
1309450 1669.2
1309460 1669.2
1309470 1661.3
1309480 1656.1
1309490 1656.1
1309500 1652.7
1309510 1648.5
1309520 1648.5
1309530 1644.9
1309540 1642.9
1309550 1642.9
1309560 1641.7
1309570 1640.3
1309580 1640.3
1309590 1637.5
1309600 1633.5
1309610 1633.5
1309620 1629.8
1309630 1627.2
1309640 1627.2
1309650 1624.5
1309660 1621.5
1309670 1623.6
1309680 1623.6
1309690 1629.3
1309700 1633.8
1309710 1633.8
1309720 1637.7
1309730 1642.1
1309740 1642.1
1309750 1647.1
1309760 1651.8
1309770 1651.8
1309780 1656.5
1309790 1661.7
1309800 1661.7
1309810 1665.8
1309820 1667.7
1309830 1667.7
1309840 1670.4
1309850 1673.2
1309860 1673.2
1309870 1678.2
1309880 1682.8
1309890 1682.8
1309900 1685.0
1309910 1686.7
1309920 1689.1
1309930 1689.1
1309940 1692.7
1309950 1696.6
1309960 1696.6
1309970 1700.8
1309980 1705.9
1309990 1705.9
1310000 1711.2
1310010 1717.1
1310020 1717.1
1310030 1722.8
1310040 1729.2
1310050 1729.2
1310060 1735.1
1310070 1740.9
1310080 1740.9
1310090 1746.6
1310100 1751.9
1310110 1751.9
1310120 1756.8
1310130 1762.2
1310140 1766.7
1310150 1766.7
1310160 1771.1
1310170 1773.5
1310180 1773.5
1310190 1776.5
1310200 1778.8
1310210 1778.8
1310220 1780.4
1310230 1781.5
1310240 1781.5
1310250 1781.4
1310260 1774.9
1310270 1774.9
1310280 1745.1
1310290 1707.8
1310300 1707.8
1310310 1692.7
1310320 1684.0
1310330 1684.0
1310340 1655.2
1310350 1647.0
1310360 1647.0
1310370 1645.9
1310380 1642.9
1310390 1647.8
1310400 1647.8
1310410 1649.1
1310420 1651.7
1310430 1651.7
1310440 1649.5
1310450 1639.2
1310460 1639.2
1310470 1629.6
1310480 1620.8
1310490 1620.8
1310500 1611.6
1310510 1602.8
1310520 1602.8
1310530 1595.8
1310540 1587.1
1310550 1587.1
1310560 1567.7
1310570 1553.1
1310580 1553.1
1310590 1549.6
1310600 1550.8
1310610 1552.1
1310620 1552.1
1310630 1547.8
1310640 1544.5
1310650 1544.5
1310660 1543.3
1310670 1542.0
1310680 1542.0
1310690 1538.3
1310700 1537.5
1310710 1537.5
1310720 1537.9
1310730 1539.5
1310740 1539.5
1310750 1542.8
1310760 1546.0
1310770 1546.0
1310780 1545.2
1310790 1542.9
1310800 1542.9
1310810 1542.7
1310820 1543.1
1310830 1543.1
1310840 1540.1
1310850 1530.7
1310860 1529.4
1310870 1529.4
1310880 1526.1
1310890 1522.4
1310900 1522.4
1310910 1515.7
1310920 1506.7
1310930 1506.7
1310940 1501.6
1310950 1498.8
1310960 1498.8
1310970 1497.1
1310980 1494.2
1310990 1494.2
1311000 1487.7
1311010 1479.9
1311020 1479.9
1311030 1477.6
1311040 1476.3
1311050 1476.3
1311060 1475.2
1311070 1474.5
1311080 1472.4
1311090 1472.4
1311100 1471.0
1311110 1471.9
1311120 1477.5
1311130 1478.9
1311140 1478.3
1311150 1478.3
1311160 1477.2
1311170 1476.6
1311180 1476.6
1311190 1474.9
1311200 1472.3
1311210 1472.3
1311220 1472.2
1311230 1474.0
1311240 1474.0
1311250 1477.2
1311260 1479.0
1311270 1479.0
1311280 1477.4
1311290 1475.5
1311300 1474.0
1311310 1474.0
1311320 1469.4
1311330 1460.9
1311340 1460.9
1311350 1454.4
1311360 1448.3
1311370 1448.3
1311380 1442.7
1311390 1437.6
1311400 1437.6
1311410 1435.3
1311420 1427.8
1311430 1427.8
1311440 1418.7
1311450 1421.2
1311460 1421.2
1311470 1424.5
1311480 1424.1
1311490 1424.1
1311500 1421.7
1311510 1417.2
1311520 1417.2
1311530 1412.6
1311540 1409.2
1311550 1406.5
1311560 1406.5
1311570 1404.5
1311580 1406.4
1311590 1406.4
1311600 1408.0
1311610 1405.0
1311620 1405.0
1311630 1399.4
1311640 1394.6
1311650 1394.6
1311660 1391.9
1311670 1389.9
1311680 1389.9
1311690 1387.8
1311700 1385.1
1311710 1385.1
1311720 1381.0
1311730 1378.6
1311740 1378.6
1311750 1378.9
1311760 1378.7
1311770 1376.9
1311780 1376.9
1311790 1373.5
1311800 1369.7
1311810 1369.7
1311820 1365.7
1311830 1362.6
1311840 1362.6
1311850 1366.5
1311860 1364.4
1311870 1364.4
1311880 1360.8
1311890 1358.8
1311900 1358.8
1311910 1356.0
1311920 1352.4
1311930 1352.4
1311940 1348.8
1311950 1343.3
1311960 1343.3
1311970 1338.5
1311980 1336.2
1311990 1336.2
1312000 1332.3
1312010 1328.1
1312020 1323.6
1312030 1323.6
1312040 1320.2
1312050 1319.0
1312060 1319.0
1312070 1318.1
1312080 1317.4
1312090 1317.4
1312100 1316.7
1312110 1315.3
1312120 1315.3
1312130 1313.6
1312140 1311.7
1312150 1311.7
1312160 1309.2
1312170 1305.5
1312180 1305.5
1312190 1300.0
1312200 1293.7
1312210 1293.7
1312220 1288.6
1312230 1284.9
1312240 1282.3
1312250 1282.3
1312260 1279.8
1312270 1276.5
1312280 1276.5
1312290 1273.4
1312300 1270.4
1312310 1270.4
1312320 1268.8
1312330 1267.7
1312340 1267.7
1312350 1266.2
1312360 1260.4
1312370 1260.4
1312380 1255.2
1312390 1250.7
1312400 1250.7
1312410 1246.5
1312420 1240.2
1312430 1240.2
1312440 1234.3
1312450 1231.4
1312460 1234.7
1312470 1234.7
1312480 1234.4
1312490 1233.9
1312500 1233.9
1312510 1231.9
1312520 1230.1
1312530 1230.1
1312540 1228.7
1312550 1227.0
1312560 1227.0
1312570 1224.8
1312580 1222.1
1312590 1226.6
1312600 1223.3
1312610 1220.0
1312620 1220.0
1312630 1216.7
1312640 1214.1
1312650 1214.1
1312660 1211.5
1312670 1208.9
1312680 1208.9
1312690 1206.7
1312700 1204.7
1312710 1202.1
1312720 1202.1
1312730 1199.7
1312740 1198.3
1312750 1198.3
1312760 1196.6
1312770 1194.2
1312780 1194.2
1312790 1191.2
1312800 1188.4
1312810 1188.4
1312820 1185.8
1312830 1181.6
1312840 1181.6
1312850 1180.8
1312860 1180.8
1312870 1180.8
1312880 1179.0
1312890 1176.3
1312900 1176.3
1312910 1174.8
1312920 1173.4
1312930 1171.4
1312940 1171.4
1312950 1168.7
1312960 1165.6
1312970 1165.6
1312980 1161.8
1312990 1161.2
1313000 1161.2
1313010 1160.4
1313020 1158.9
1313030 1158.9
1313040 1157.8
1313050 1154.0
1313060 1154.0
1313070 1144.4
1313080 1146.3
1313090 1146.3
1313100 1151.1
1313110 1153.4
1313120 1153.4
1313130 1153.8
1313140 1153.4
1313150 1153.4
1313160 1155.8
1313170 1160.3
1313180 1163.5
1313190 1163.5
1313200 1166.9
1313210 1169.8
1313220 1169.8
1313230 1167.1
1313240 1162.8
1313250 1162.8
1313260 1158.5
1313270 1154.4
1313280 1154.4
1313290 1150.8
1313300 1147.6
1313310 1147.6
1313320 1144.7
1313330 1147.1
1313340 1147.1
1313350 1144.8
1313360 1142.0
1313370 1142.0
1313380 1139.6
1313390 1137.7
1313400 1135.7
1313410 1135.7
1313420 1134.7
1313430 1133.0
1313440 1133.0
1313450 1131.0
1313460 1129.2
1313470 1129.2
1313480 1127.6
1313490 1126.8
1313500 1126.8
1313510 1126.6
1313520 1126.4
1313530 1126.4
1313540 1126.7
1313550 1127.3
1313560 1127.3
1313570 1126.5
1313580 1125.6
1313590 1125.6
1313600 1123.9
1313610 1122.0
1313620 1120.6
1313630 1120.6
1313640 1119.1
1313650 1118.7
1313660 1118.7
1313670 1119.6
1313680 1120.1
1313690 1120.1
1313700 1119.3
1313710 1117.8
1313720 1117.8
1313730 1115.6
1313740 1114.7
1313750 1114.7
1313760 1114.8
1313770 1115.3
1313780 1115.3
1313790 1115.7
1313800 1116.8
1313810 1116.8
1313820 1117.7
1313830 1118.4
1313840 1118.4
1313850 1118.5
1313860 1117.6
1313870 1116.7
1313880 1116.7
1313890 1116.1
1313900 1114.9
1313910 1114.9
1313920 1114.5
1313930 1114.8
1313940 1114.8
1313950 1114.8
1313960 1115.4
1313970 1115.4
1313980 1117.7
1313990 1121.6
1314000 1121.6
1314010 1123.4
1314020 1123.2
1314030 1123.2
1314040 1121.6
1314050 1119.1
1314060 1119.1
1314070 1121.8
1314080 1119.5
1314090 1117.1
1314100 1117.1
1314110 1114.1
1314120 1112.0
1314130 1112.0
1314140 1111.5
1314150 1110.8
1314160 1110.8
1314170 1109.0
1314180 1106.7
1314190 1106.7
1314200 1104.1
1314210 1100.6
1314220 1100.6
1314230 1100.0
1314240 1099.7
1314250 1099.7
1314260 1098.6
1314270 1097.1
1314280 1097.1
1314290 1095.2
1314300 1092.9
1314310 1092.9
1314320 1090.8
1314330 1088.5
1314340 1086.5
1314350 1086.5
1314360 1085.6
1314370 1085.3
1314380 1085.3
1314390 1085.0
1314400 1084.7
1314410 1084.7
1314420 1084.7
1314430 1084.7
1314440 1084.7
1314450 1084.5
1314460 1083.7
1314470 1083.7
1314480 1083.2
1314490 1082.7
1314500 1082.7
1314510 1081.3
1314520 1081.1
1314530 1081.1
1314540 1081.1
1314550 1081.2
1314560 1082.5
1314570 1082.5
1314580 1084.5
1314590 1084.9
1314600 1084.9
1314610 1084.7
1314620 1083.8
1314630 1083.8
1314640 1082.8
1314650 1082.1
1314660 1082.1
1314670 1081.7
1314680 1081.6
1314690 1081.6
1314700 1081.6
1314710 1080.6
1314720 1080.6
1314730 1078.5
1314740 1077.3
1314750 1077.3
1314760 1076.7
1314770 1075.5
1314780 1073.1
1314790 1073.1
1314800 1071.8
1314810 1069.0
1314820 1075.5
1314830 1074.0
1314840 1072.6
1314850 1072.6
1314860 1070.5
1314870 1068.9
1314880 1068.9
1314890 1068.5
1314900 1067.3
1314910 1067.3
1314920 1065.6
1314930 1061.9
1314940 1061.9
1314950 1058.8
1314960 1057.1
1314970 1057.1
1314980 1055.4
1314990 1053.3
1315000 1053.3
1315010 1050.5
1315020 1047.2
1315030 1043.3
1315040 1043.3
1315050 1040.7
1315060 1038.3
1315070 1038.3
1315080 1037.1
1315090 1035.2
1315100 1035.2
1315110 1032.7
1315120 1030.1
1315130 1030.1
1315140 1027.7
1315150 1025.3
1315160 1025.3
1315170 1023.1
1315180 1021.3
1315190 1021.3
1315200 1019.2
1315210 1016.9
1315220 1016.9
1315230 1014.8
1315240 1012.7
1315250 1011.8
1315260 1011.8
1315270 1010.5
1315280 1008.7
1315290 1008.7
1315300 1007.1
1315310 1004.9
1315320 1004.9
1315330 1001.5
1315340 998.9
1315350 998.9
1315360 996.6
1315370 993.5
1315380 993.5
1315390 990.9
1315400 988.3
1315410 988.3
1315420 985.8
1315430 984.0
1315440 984.0
1315450 982.3
1315460 980.1
1315470 980.1
1315480 977.4
1315490 975.9
1315500 974.2
1315510 974.2
1315520 971.7
1315530 968.2
1315540 968.2
1315550 965.7
1315560 963.4
1315570 968.4
1315580 966.5
1315590 964.0
1315600 964.0
1315610 961.7
1315620 959.7
1315630 959.7
1315640 958.0
1315650 955.3
1315660 955.3
1315670 953.1
1315680 952.1
1315690 952.1
1315700 951.1
1315710 950.5
1315720 949.3
1315730 949.3
1315740 948.4
1315750 947.9
1315760 947.9
1315770 948.0
1315780 947.8
1315790 947.8
1315800 947.4
1315810 947.4
1315820 947.4
1315830 947.3
1315840 946.6
1315850 946.6
1315860 945.8
1315870 945.3
1315880 945.3
1315890 945.3
1315900 944.9
1315910 944.9
1315920 944.6
1315930 944.6
1315940 944.2
1315950 944.2
1315960 944.3
1315970 945.8
1315980 945.8
1315990 947.1
1316000 946.9
1316010 946.9
1316020 945.1
1316030 943.2
1316040 943.2
1316050 942.1
1316060 941.8
1316070 941.8
1316080 941.4
1316090 941.3
1316100 941.3
1316110 940.5
1316120 938.8
1316130 938.8
1316140 936.6
1316150 934.2
1316160 934.2
1316170 931.7
1316180 927.9
1316190 923.6
1316200 923.6
1316210 919.7
1316220 915.5
1316230 915.5
1316240 910.3
1316250 902.7
1316260 902.7
1316270 894.1
1316280 884.8
1316290 884.8
1316300 877.6
1316310 871.4
1316320 869.6
1316330 863.9
1316340 857.7
1316350 857.7
1316360 850.5
1316370 843.7
1316380 843.7
1316390 837.6
1316400 832.2
1316410 826.7
1316420 826.7
1316430 821.8
1316440 816.4
1316450 816.4
1316460 809.8
1316470 805.9
1316480 805.9
1316490 804.1
1316500 801.4
1316510 801.4
1316520 797.2
1316530 792.8
1316540 792.8
1316550 789.8
1316560 786.1
1316570 786.1
1316580 781.8
1316590 778.3
1316600 778.3
1316610 774.3
1316620 772.1
1316630 772.1
1316640 770.7
1316650 768.6
1316660 766.9
1316670 766.9
1316680 766.1
1316690 766.0
1316700 766.0
1316710 764.2
1316720 760.4
1316730 760.4
1316740 758.1
1316750 755.4
1316760 755.4
1316770 746.5
1316780 718.8
1316790 718.8
1316800 692.5
1316810 679.6
1316820 679.6
1316830 670.4
1316840 667.8
1316850 667.8
1316860 670.3
1316870 676.0
1316880 690.3
1316890 690.3
1316900 725.0
1316910 736.8
1316920 736.8
1316930 735.9
1316940 733.7
1316950 733.7
1316960 731.8
1316970 731.6
1316980 731.6
1316990 730.8
1317000 730.2
1317010 730.2
1317020 729.8
1317030 729.8
1317040 729.8
1317050 730.4
1317060 733.7
1317070 733.7
1317080 741.1
1317090 746.6
1317100 751.2
1317110 751.2
1317120 755.4
1317130 760.7
1317140 760.7
1317150 766.6
1317160 772.9
1317170 772.9
1317180 779.2
1317190 784.7
1317200 784.7
1317210 797.9
1317220 825.3
1317230 825.3
1317240 846.8
1317250 856.6
1317260 856.6
1317270 868.1
1317280 884.0
1317290 884.0
1317300 903.9
1317310 918.5
1317320 918.5
1317330 934.1
1317340 945.8
1317350 957.5
1317360 957.5
1317370 970.0
1317380 986.2
1317390 986.2
1317400 1002.7
1317410 1018.7
1317420 1018.7
1317430 1032.4
1317440 1040.5
1317450 1040.5
1317460 1049.1
1317470 1057.5
1317480 1057.5
1317490 1066.3
1317500 1074.3
1317510 1074.3
1317520 1082.3
1317530 1088.9
1317540 1088.9
1317550 1095.5
1317560 1102.6
1317570 1110.4
1317580 1110.4
1317590 1118.7
1317600 1125.6
1317610 1125.6
1317620 1130.4
1317630 1133.7
1317640 1133.7
1317650 1135.9
1317660 1136.4
1317670 1136.4
1317680 1135.7
1317690 1131.8
1317700 1131.8
1317710 1125.5
1317720 1118.9
1317730 1118.9
1317740 1109.3
1317750 1096.6
1317760 1096.6
1317770 1080.4
1317780 1062.4
1317790 1062.4
1317800 1046.3
1317810 1036.2
1317820 1027.8
1317830 1027.8
1317840 1021.5
1317850 1007.2
1317860 1007.2
1317870 989.7
1317880 962.9
1317890 962.9
1317900 942.1
1317910 927.2
1317920 927.2
1317930 917.3
1317940 906.9
1317950 906.9
1317960 896.3
1317970 891.5
1317980 891.5
1317990 894.3
1318000 900.2
1318010 900.2
1318020 904.5
1318030 910.5
1318040 915.2
1318050 915.2
1318060 922.4
1318070 929.8
1318080 929.8
1318090 937.9
1318100 947.5
1318110 947.5
1318120 957.2
1318130 965.8
1318140 965.8
1318150 974.2
1318160 983.0
1318170 983.0
1318180 991.2
1318190 997.2
1318200 997.2
1318210 1004.0
1318220 1010.5
1318230 1010.5
1318240 1018.4
1318250 1027.8
1318260 1027.8
1318270 1035.8
1318280 1043.0
1318290 1051.0
1318300 1051.0
1318310 1060.2
1318320 1068.4
1318330 1068.4
1318340 1074.3
1318350 1082.2
1318360 1082.2
1318370 1093.5
1318380 1097.3
1318390 1097.3
1318400 1099.0
1318410 1101.5
1318420 1101.5
1318430 1103.4
1318440 1106.2
1318450 1106.2
1318460 1109.8
1318470 1113.1
1318480 1113.1
1318490 1116.5
1318500 1121.3
1318510 1125.3
1318520 1125.3
1318530 1129.3
1318540 1133.3
1318550 1133.3
1318560 1137.9
1318570 1143.5
1318580 1143.5
1318590 1147.5
1318600 1156.5
1318610 1156.5
1318620 1159.8
1318630 1164.9
1318640 1164.9
1318650 1170.6
1318660 1175.7
1318670 1175.7
1318680 1180.4
1318690 1184.8
1318700 1184.8
1318710 1188.6
1318720 1192.5
1318730 1197.3
1318740 1197.3
1318750 1202.1
1318760 1206.9
1318770 1206.9
1318780 1210.8
1318790 1212.8
1318800 1212.8
1318810 1215.1
1318820 1217.7
1318830 1217.7
1318840 1221.1
1318850 1223.2
1318860 1223.2
1318870 1224.3
1318880 1224.8
1318890 1224.8
1318900 1224.3
1318910 1224.9
1318920 1224.9
1318930 1226.1
1318940 1228.3
1318950 1228.3
1318960 1230.5
1318970 1233.1
1318980 1235.3
1318990 1235.3
1319000 1236.5
1319010 1237.0
1319020 1237.0
1319030 1234.1
1319040 1229.4
1319050 1229.4
1319060 1225.1
1319070 1220.9
1319080 1220.9
1319090 1216.0
1319100 1212.9
1319110 1212.9
1319120 1211.1
1319130 1209.8
1319140 1209.8
1319150 1209.2
1319160 1209.2
1319170 1209.2
1319180 1209.6
1319190 1209.4
1319200 1209.4
1319210 1209.4
1319220 1209.0
1319230 1208.7
1319240 1208.7
1319250 1209.2
1319260 1209.5
1319270 1209.5
1319280 1209.4
1319290 1211.4
1319300 1211.4
1319310 1215.2
1319320 1218.3
1319330 1218.3
1319340 1221.5
1319350 1224.1
1319360 1231.0
1319370 1233.5
1319380 1236.2
1319390 1236.2
1319400 1238.9
1319410 1242.4
1319420 1242.4
1319430 1245.7
1319440 1248.8
1319450 1252.4
1319460 1252.4
1319470 1255.6
1319480 1258.9
1319490 1258.9
1319500 1262.7
1319510 1266.5
1319520 1266.5
1319530 1270.7
1319540 1275.0
1319550 1275.0
1319560 1279.5
1319570 1285.0
1319580 1285.0
1319590 1289.5
1319600 1292.7
1319610 1292.7
1319620 1296.2
1319630 1302.1
1319640 1302.1
1319650 1308.6
1319660 1313.4
1319670 1316.4
1319680 1316.4
1319690 1318.3
1319700 1318.8
1319710 1318.8
1319720 1319.7
1319730 1321.6
1319740 1321.6
1319750 1323.5
1319760 1324.2
1319770 1324.2
1319780 1326.2
1319790 1329.2
1319800 1329.2
1319810 1331.7
1319820 1334.3
1319830 1334.3
1319840 1337.1
1319850 1339.3
1319860 1339.3
1319870 1340.8
1319880 1341.6
1319890 1342.8
1319900 1342.8
1319910 1344.4
1319920 1345.9
1319930 1345.9
1319940 1348.0
1319950 1349.7
1319960 1349.7
1319970 1351.4
1319980 1351.5
1319990 1351.5
