1300000 1997.3
1300010 1997.3
1300020 1992.0
1300030 1986.8
1300040 1986.8
1300050 1981.8
1300060 1977.4
1300070 1977.4
1300080 1972.0
1300090 1966.5
1300100 1959.8
1300110 1954.9
1300120 1950.3
1300130 1950.3
1300140 1944.3
1300150 1937.4
1300160 1937.4
1300170 1932.5
1300180 1930.6
1300190 1930.6
1300200 1928.6
1300210 1926.1
1300220 1923.0
1300230 1923.0
1300240 1918.8
1300250 1913.7
1300260 1913.7
1300270 1909.0
1300280 1906.4
1300290 1906.4
1300300 1905.8
1300310 1903.9
1300320 1903.9
1300330 1900.9
1300340 1897.5
1300350 1897.5
1300360 1893.5
1300370 1889.8
1300380 1889.8
1300390 1886.1
1300400 1881.9
1300410 1881.9
1300420 1878.7
1300430 1877.3
1300440 1876.7
1300450 1876.7
1300460 1874.6
1300470 1870.7
1300480 1870.7
1300490 1867.2
1300500 1864.0
1300510 1864.0
1300520 1860.2
1300530 1853.2
1300540 1853.2
1300550 1848.0
1300560 1840.0
1300570 1840.0
1300580 1837.8
1300590 1841.5
1300600 1841.5
1300610 1840.7
1300620 1839.1
1300630 1839.1
1300640 1841.0
1300650 1845.0
1300660 1845.0
1300670 1848.5
1300680 1849.4
1300690 1849.3
1300700 1849.3
1300710 1849.1
1300720 1849.2
1300730 1849.2
1300740 1850.0
1300750 1849.1
1300760 1849.1
1300770 1848.5
1300780 1847.8
1300790 1844.4
1300800 1843.9
1300810 1840.5
1300820 1840.5
1300830 1834.3
1300840 1828.6
1300850 1828.6
1300860 1824.1
1300870 1820.4
1300880 1820.4
1300890 1816.7
1300900 1813.8
1300910 1811.7
1300920 1811.7
1300930 1809.9
1300940 1807.6
1300950 1807.6
1300960 1804.6
1300970 1801.0
1300980 1801.0
1300990 1796.6
1301000 1792.2
1301010 1792.2
1301020 1789.9
1301030 1791.8
1301040 1791.8
1301050 1794.3
1301060 1798.2
1301070 1798.2
1301080 1801.5
1301090 1804.0
1301100 1804.0
1301110 1807.0
1301120 1809.5
1301130 1809.5
1301140 1811.9
1301150 1815.5
1301160 1819.6
1301170 1819.6
1301180 1825.0
1301190 1831.9
1301200 1831.9
1301210 1836.1
1301220 1834.7
1301230 1834.7
1301240 1831.6
1301250 1828.3
1301260 1828.3
1301270 1825.5
1301280 1823.4
1301290 1823.4
1301300 1821.1
1301310 1821.5
1301320 1821.5
1301330 1820.5
1301340 1816.8
1301350 1816.8
1301360 1815.4
1301370 1814.9
1301380 1812.9
1301390 1812.9
1301400 1809.5
1301410 1807.0
1301420 1807.0
1301430 1804.1
1301440 1801.4
1301450 1801.4
1301460 1799.7
1301470 1797.7
1301480 1795.4
1301490 1791.8
1301500 1787.0
1301510 1787.0
1301520 1783.2
1301530 1780.3
1301540 1780.3
1301550 1777.3
1301560 1774.0
1301570 1774.0
1301580 1770.8
1301590 1767.4
1301600 1767.4
1301610 1763.7
1301620 1760.2
1301630 1763.1
1301640 1763.1
1301650 1765.1
1301660 1766.6
1301670 1766.6
1301680 1769.2
1301690 1772.9
1301700 1772.9
1301710 1775.9
1301720 1777.6
1301730 1777.6
1301740 1779.2
1301750 1780.7
1301760 1780.7
1301770 1781.1
1301780 1782.2
1301790 1782.2
1301800 1783.3
1301810 1785.2
1301820 1785.2
1301830 1787.0
1301840 1788.3
1301850 1789.4
1301860 1789.4
1301870 1789.7
1301880 1791.0
1301890 1791.0
1301900 1795.6
1301910 1799.1
1301920 1799.1
1301930 1802.8
1301940 1807.1
1301950 1807.1
1301960 1811.0
1301970 1814.5
1301980 1814.5
1301990 1817.3
1302000 1819.3
1302010 1819.3
1302020 1821.3
1302030 1824.3
1302040 1824.3
1302050 1827.2
1302060 1831.7
1302070 1831.7
1302080 1837.1
1302090 1841.1
1302100 1845.9
1302110 1845.9
1302120 1851.9
1302130 1857.9
1302140 1857.9
1302150 1863.4
1302160 1866.2
1302170 1866.2
1302180 1858.4
1302190 1861.5
1302200 1861.5
1302210 1866.0
1302220 1870.8
1302230 1870.8
1302240 1876.1
1302250 1877.8
1302260 1877.8
1302270 1882.0
1302280 1889.0
1302290 1889.0
1302300 1896.6
1302310 1905.1
1302320 1912.9
1302330 1912.9
1302340 1920.3
1302350 1926.7
1302360 1926.7
1302370 1933.0
1302380 1939.3
1302390 1939.3
1302400 1945.2
1302410 1951.2
1302420 1951.2
1302430 1954.1
1302440 1956.1
1302450 1956.1
1302460 1958.8
1302470 1962.2
1302480 1962.2
1302490 1966.0
1302500 1969.7
1302510 1969.7
1302520 1973.2
1302530 1976.5
1302540 1979.7
1302550 1979.7
1302560 1982.6
1302570 1985.6
1302580 1985.6
1302590 1988.7
1302600 1992.0
1302610 1992.0
1302620 1994.6
1302630 1996.7
1302640 1996.7
1302650 1997.8
1302660 1998.4
1302670 1998.4
1302680 1999.2
1302690 1999.6
1302700 1999.6
1302710 1999.7
1302720 1999.8
1302730 1999.8
1302740 1999.4
1302750 1999.7
1302760 1999.7
1302770 2000.5
1302780 2000.0
1302790 1998.5
1302800 1998.5
1302810 1996.7
1302820 1994.8
1302830 1994.8
1302840 1992.6
1302850 1989.6
1302860 1989.6
1302870 1984.8
1302880 1977.6
1302890 1977.6
1302900 1974.0
1302910 1969.9
1302920 1969.9
1302930 1962.8
1302940 1957.1
1302950 1957.1
1302960 1949.1
1302970 1941.9
1302980 1941.9
1302990 1935.7
1303000 1929.1
1303010 1920.9
1303020 1920.9
1303030 1912.1
1303040 1904.0
1303050 1904.0
1303060 1895.7
1303070 1888.4
1303080 1888.4
1303090 1881.2
1303100 1876.3
1303110 1876.3
1303120 1873.7
1303130 1869.2
1303140 1869.2
1303150 1861.2
1303160 1853.3
1303170 1853.3
1303180 1845.3
1303190 1837.2
1303200 1837.2
1303210 1828.6
1303220 1821.1
1303230 1821.1
1303240 1815.7
1303250 1810.9
1303260 1804.7
1303270 1804.7
1303280 1797.1
1303290 1789.8
1303300 1789.8
1303310 1782.1
1303320 1769.5
1303330 1769.5
1303340 1757.3
1303350 1751.4
1303360 1751.4
1303370 1745.9
1303380 1739.4
1303390 1739.4
1303400 1735.0
1303410 1732.3
1303420 1732.3
1303430 1727.1
1303440 1721.3
1303450 1721.3
1303460 1718.2
1303470 1714.9
1303480 1712.1
1303490 1712.1
1303500 1708.7
1303510 1704.8
1303520 1704.8
1303530 1699.9
1303540 1695.4
1303550 1695.4
1303560 1692.0
1303570 1688.4
1303580 1684.9
1303590 1681.9
1303600 1680.0
1303610 1680.0
1303620 1677.4
1303630 1673.8
1303640 1673.8
1303650 1669.6
1303660 1664.0
1303670 1664.0
1303680 1658.5
1303690 1653.9
1303700 1653.9
1303710 1650.5
1303720 1647.5
1303730 1644.5
1303740 1644.5
1303750 1641.0
1303760 1637.4
1303770 1637.4
1303780 1634.4
1303790 1630.9
1303800 1630.9
1303810 1627.6
1303820 1624.2
1303830 1624.2
1303840 1621.2
1303850 1618.3
1303860 1618.3
1303870 1616.0
1303880 1613.9
1303890 1613.9
1303900 1611.7
1303910 1609.6
1303920 1609.6
1303930 1607.3
1303940 1604.6
1303950 1602.1
1303960 1602.1
1303970 1600.5
1303980 1599.3
1303990 1599.3
1304000 1597.3
1304010 1595.1
1304020 1595.1
1304030 1592.1
1304040 1588.3
1304050 1588.3
1304060 1585.4
1304070 1581.2
1304080 1581.2
1304090 1573.2
1304100 1564.5
1304110 1564.5
1304120 1556.8
1304130 1548.4
1304140 1548.4
1304150 1540.4
1304160 1532.9
1304170 1526.4
1304180 1526.4
1304190 1521.7
1304200 1518.4
1304210 1518.4
1304220 1513.5
1304230 1508.0
1304240 1508.0
1304250 1502.4
1304260 1497.2
1304270 1497.2
1304280 1487.9
1304290 1483.2
1304300 1483.2
1304310 1478.8
1304320 1474.3
1304330 1474.3
1304340 1469.1
1304350 1463.0
1304360 1463.0
1304370 1456.9
1304380 1451.2
1304390 1451.2
1304400 1446.1
1304410 1441.1
1304420 1436.6
1304430 1436.6
1304440 1431.8
1304450 1427.0
1304460 1427.0
1304470 1422.0
1304480 1417.4
1304490 1417.4
1304500 1412.7
1304510 1407.8
1304520 1407.8
1304530 1403.6
1304540 1399.2
1304550 1399.2
1304560 1394.0
1304570 1389.4
1304580 1389.4
1304590 1385.6
1304600 1381.9
1304610 1381.9
1304620 1378.9
1304630 1376.1
1304640 1372.7
1304650 1372.7
1304660 1370.1
1304670 1368.7
1304680 1368.7
1304690 1367.3
1304700 1365.7
1304710 1365.7
1304720 1363.7
1304730 1361.5
1304740 1361.5
1304750 1355.9
1304760 1339.3
1304770 1339.3
1304780 1321.2
1304790 1320.0
1304800 1320.0
1304810 1325.5
1304820 1331.2
1304830 1331.2
1304840 1335.0
1304850 1338.7
1304860 1338.7
1304870 1342.7
1304880 1345.4
1304890 1349.7
1304900 1349.7
1304910 1354.4
1304920 1358.8
1304930 1358.8
1304940 1363.4
1304950 1368.4
1304960 1368.4
1304970 1374.0
1304980 1379.4
1304990 1379.7
1305000 1385.8
1305010 1392.2
1305020 1392.2
1305030 1395.8
1305040 1399.5
1305050 1399.5
1305060 1403.9
1305070 1407.8
1305080 1407.8
1305090 1411.5
1305100 1414.9
1305110 1419.5
1305120 1419.5
1305130 1425.0
1305140 1429.6
1305150 1429.6
1305160 1433.3
1305170 1435.4
1305180 1435.4
1305190 1435.6
1305200 1436.6
1305210 1436.6
1305220 1438.7
1305230 1440.5
1305240 1440.5
1305250 1442.1
1305260 1445.5
1305270 1445.5
1305280 1450.6
1305290 1453.7
1305300 1453.7
1305310 1455.3
1305320 1456.3
1305330 1456.3
1305340 1457.0
1305350 1458.0
1305360 1459.0
1305370 1459.0
1305380 1460.9
1305390 1463.9
1305400 1463.9
1305410 1466.8
1305420 1470.5
1305430 1470.5
1305440 1476.1
1305450 1482.1
1305460 1482.1
1305470 1485.4
1305480 1488.0
1305490 1488.0
1305500 1491.5
1305510 1495.6
1305520 1495.6
1305530 1500.6
1305540 1505.9
1305550 1505.9
1305560 1510.5
1305570 1514.2
1305580 1518.0
1305590 1518.0
1305600 1521.0
1305610 1524.4
1305620 1524.4
1305630 1528.6
1305640 1532.6
1305650 1532.6
1305660 1535.6
1305670 1539.2
1305680 1539.2
1305690 1542.0
1305700 1547.5
1305710 1547.5
1305720 1550.1
1305730 1553.4
1305740 1553.4
1305750 1558.8
1305760 1564.6
1305770 1564.6
1305780 1570.2
1305790 1577.1
1305800 1582.9
1305810 1582.9
1305820 1587.4
1305830 1592.5
1305840 1592.5
1305850 1596.5
1305860 1599.1
1305870 1599.1
1305880 1603.5
1305890 1610.1
1305900 1610.1
1305910 1616.8
1305920 1622.5
1305930 1622.5
1305940 1629.1
1305950 1636.8
1305960 1636.8
1305970 1643.6
1305980 1650.6
1305990 1650.6
1306000 1656.5
1306010 1662.1
1306020 1662.1
1306030 1665.1
1306040 1667.1
1306050 1670.0
1306060 1670.0
1306070 1672.3
1306080 1674.3
1306090 1674.3
1306100 1676.2
1306110 1677.7
1306120 1677.7
1306130 1681.1
1306140 1686.0
1306150 1686.0
1306160 1691.1
1306170 1695.2
1306180 1695.2
1306190 1699.5
1306200 1704.1
1306210 1704.1
1306220 1708.0
1306230 1712.0
1306240 1712.0
1306250 1715.1
1306260 1718.7
1306270 1723.1
1306280 1723.1
1306290 1727.0
1306300 1730.7
1306310 1730.7
1306320 1734.1
1306330 1736.8
1306340 1736.8
1306350 1739.2
1306360 1742.4
1306370 1742.4
1306380 1745.9
1306390 1748.1
1306400 1748.1
1306410 1752.9
1306420 1753.3
1306430 1753.3
1306440 1754.9
1306450 1758.1
1306460 1758.1
1306470 1762.2
1306480 1764.8
1306490 1764.8
1306500 1767.5
1306510 1770.6
1306520 1774.6
1306530 1774.6
1306540 1777.7
1306550 1781.4
1306560 1781.4
1306570 1784.2
1306580 1787.6
1306590 1787.6
1306600 1790.5
1306610 1791.9
1306620 1791.9
1306630 1793.4
1306640 1796.1
1306650 1796.1
1306660 1798.3
1306670 1799.8
1306680 1799.8
1306690 1803.3
1306700 1807.4
1306710 1807.4
1306720 1810.9
1306730 1815.3
1306740 1820.9
1306750 1820.9
1306760 1826.2
1306770 1831.9
1306780 1831.9
1306790 1838.4
1306800 1844.7
1306810 1844.7
1306820 1848.9
1306830 1851.3
1306840 1851.3
1306850 1853.1
1306860 1853.8
1306870 1853.8
1306880 1854.4
1306890 1855.9
1306900 1855.9
1306910 1858.5
1306920 1861.6
1306930 1861.6
1306940 1865.6
1306950 1868.5
1306960 1868.5
1306970 1871.0
1306980 1873.6
1306990 1876.1
1307000 1876.1
1307010 1878.4
1307020 1879.5
1307030 1879.5
1307040 1878.4
1307050 1877.4
1307060 1877.4
1307070 1877.3
1307080 1877.7
1307090 1877.7
1307100 1877.9
1307110 1878.8
1307120 1881.7
1307130 1883.4
1307140 1883.5
1307150 1883.5
1307160 1883.5
1307170 1884.2
1307180 1884.2
1307190 1885.9
1307200 1889.3
1307210 1891.6
1307220 1891.6
1307230 1893.1
1307240 1895.9
1307250 1895.9
1307260 1897.3
1307270 1898.6
1307280 1898.6
1307290 1899.5
1307300 1899.4
1307310 1899.4
1307320 1897.8
1307330 1898.2
1307340 1898.2
1307350 1899.2
1307360 1897.8
1307370 1897.8
1307380 1896.5
1307390 1895.0
1307400 1895.0
1307410 1894.1
1307420 1895.8
1307430 1895.8
1307440 1897.3
1307450 1898.9
1307460 1901.1
1307470 1901.1
1307480 1902.3
1307490 1904.6
1307500 1904.6
1307510 1906.5
1307520 1905.3
1307530 1905.3
1307540 1903.5
1307550 1904.9
1307560 1904.9
1307570 1907.1
1307580 1908.8
1307590 1908.8
1307600 1909.0
1307610 1908.8
1307620 1908.8
1307630 1909.9
1307640 1911.6
1307650 1911.6
1307660 1913.3
1307670 1915.5
1307680 1919.2
1307690 1919.2
1307700 1923.1
1307710 1927.5
1307720 1927.5
1307730 1934.3
1307740 1937.8
1307750 1937.8
1307760 1939.8
1307770 1941.6
1307780 1941.6
1307790 1944.0
1307800 1947.2
1307810 1947.2
1307820 1949.5
1307830 1952.2
1307840 1953.2
1307850 1954.7
1307860 1955.8
1307870 1955.8
1307880 1957.4
1307890 1958.4
1307900 1960.0
1307910 1960.0
1307920 1962.3
1307930 1965.2
1307940 1965.2
1307950 1968.3
1307960 1971.8
1307970 1971.8
1307980 1977.8
1307990 1985.3
1308000 1985.3
1308010 1991.4
1308020 1995.7
1308030 1995.7
1308040 1999.5
1308050 2002.8
1308060 2002.8
1308070 2003.9
1308080 2004.5
1308090 2004.5
1308100 2005.2
1308110 2006.4
1308120 2006.4
1308130 2008.8
1308140 2013.6
1308150 2018.8
1308160 2018.8
1308170 2024.6
1308180 2029.3
1308190 2029.3
1308200 2031.0
1308210 2034.0
1308220 2034.0
1308230 2039.1
1308240 2046.0
1308250 2046.0
1308260 2049.4
1308270 2051.2
1308280 2051.2
1308290 2052.0
1308300 2053.2
1308310 2053.2
1308320 2055.7
1308330 2057.5
1308340 2057.5
1308350 2058.0
1308360 2057.2
1308370 2057.3
1308380 2057.3
1308390 2059.4
1308400 2062.2
1308410 2062.2
1308420 2067.2
1308430 2071.9
1308440 2071.9
1308450 2074.0
1308460 2074.7
1308470 2074.7
1308480 2075.5
1308490 2074.4
1308500 2074.4
1308510 2070.8
1308520 2065.9
1308530 2065.9
1308540 2059.1
1308550 2048.8
1308560 2047.2
1308570 2038.2
1308580 2028.2
1308590 2028.2
1308600 2018.7
1308610 2009.2
1308620 2001.1
1308630 2001.1
1308640 1994.0
1308650 1986.2
1308660 1986.2
1308670 1978.3
1308680 1970.2
1308690 1970.2
1308700 1961.8
1308710 1952.8
1308720 1952.8
1308730 1944.3
1308740 1933.8
1308750 1933.8
1308760 1924.6
1308770 1915.7
1308780 1915.7
1308790 1907.3
1308800 1900.5
1308810 1900.5
1308820 1895.6
1308830 1890.3
1308840 1882.6
1308850 1882.6
1308860 1874.0
1308870 1867.6
1308880 1867.6
1308890 1863.9
1308900 1860.5
1308910 1860.5
1308920 1856.8
1308930 1852.5
1308940 1852.5
1308950 1848.1
1308960 1843.5
1308970 1843.5
1308980 1839.5
1308990 1835.6
1309000 1835.6
1309010 1831.5
1309020 1826.9
1309030 1826.9
1309040 1822.4
1309050 1818.6
1309060 1818.6
1309070 1815.2
1309080 1811.8
1309090 1807.4
1309100 1807.4
1309110 1802.6
1309120 1798.5
1309130 1798.5
1309140 1794.1
1309150 1789.8
1309160 1789.8
1309170 1786.3
1309180 1783.1
1309190 1783.1
1309200 1780.1
1309210 1776.4
1309220 1776.4
1309230 1771.7
1309240 1766.8
1309250 1766.8
1309260 1762.8
1309270 1759.9
1309280 1762.6
1309290 1759.8
1309300 1756.1
1309310 1752.3
1309320 1752.3
1309330 1748.9
1309340 1745.6
1309350 1745.6
1309360 1741.4
1309370 1736.8
1309380 1736.8
1309390 1732.7
1309400 1724.0
1309410 1724.0
1309420 1708.4
1309430 1689.7
1309440 1689.7
1309450 1672.7
1309460 1657.1
1309470 1657.1
1309480 1643.0
1309490 1631.9
1309500 1631.9
1309510 1621.9
1309520 1613.0
1309530 1604.3
1309540 1604.3
1309550 1595.5
1309560 1586.2
1309570 1586.2
1309580 1577.4
1309590 1569.0
1309600 1569.0
1309610 1560.9
1309620 1554.2
1309630 1554.2
1309640 1548.5
1309650 1542.3
1309660 1542.3
1309670 1535.5
1309680 1528.2
1309690 1528.2
1309700 1521.2
1309710 1514.5
1309720 1514.5
1309730 1508.3
1309740 1502.0
1309750 1502.0
1309760 1494.7
1309770 1490.4
1309780 1490.8
1309790 1490.8
1309800 1491.9
1309810 1494.0
1309820 1494.0
1309830 1494.9
1309840 1495.6
1309850 1495.6
1309860 1497.0
1309870 1499.1
1309880 1499.1
1309890 1501.4
1309900 1503.8
1309910 1503.8
1309920 1505.4
1309930 1506.6
1309940 1506.6
1309950 1509.2
1309960 1511.8
1309970 1511.8
1309980 1513.8
1309990 1515.9
1310000 1517.8
1310010 1525.0
1310020 1526.6
1310030 1529.8
1310040 1529.8
1310050 1533.3
1310060 1536.2
1310070 1536.2
1310080 1537.6
1310090 1538.5
1310100 1538.5
1310110 1539.6
1310120 1539.8
1310130 1539.8
1310140 1539.4
1310150 1538.4
1310160 1538.4
1310170 1536.3
1310180 1533.4
1310190 1533.4
1310200 1530.9
1310210 1529.8
1310220 1529.8
1310230 1527.4
1310240 1523.9
1310250 1521.0
1310260 1521.0
1310270 1518.3
1310280 1514.3
1310290 1514.3
1310300 1510.6
1310310 1507.0
1310320 1507.0
1310330 1503.6
1310340 1498.7
1310350 1498.7
1310360 1491.0
1310370 1479.4
1310380 1479.4
1310390 1460.0
1310400 1444.1
1310410 1444.1
1310420 1439.5
1310430 1435.7
1310440 1435.7
1310450 1432.3
1310460 1429.6
1310470 1428.5
1310480 1428.5
1310490 1429.2
1310500 1430.6
1310510 1430.6
1310520 1432.0
1310530 1432.6
1310540 1432.6
1310550 1432.0
1310560 1428.8
1310570 1428.8
1310580 1423.7
1310590 1418.4
1310600 1418.4
1310610 1413.3
1310620 1407.8
1310630 1407.8
1310640 1400.5
1310650 1393.2
1310660 1393.2
1310670 1387.3
1310680 1383.5
1310690 1383.5
1310700 1383.3
1310710 1381.6
1310720 1377.9
1310730 1381.2
1310740 1377.0
1310750 1371.6
1310760 1371.6
1310770 1367.2
1310780 1362.6
1310790 1362.6
1310800 1358.9
1310810 1354.3
1310820 1354.3
1310830 1349.5
1310840 1344.3
1310850 1344.3
1310860 1339.5
1310870 1334.1
1310880 1334.1
1310890 1328.4
1310900 1320.9
1310910 1320.9
1310920 1313.3
1310930 1312.7
1310940 1314.8
1310950 1314.8
1310960 1317.0
1310970 1314.5
1310980 1314.5
1310990 1313.6
1311000 1313.4
1311010 1313.4
1311020 1312.9
1311030 1312.1
1311040 1312.1
1311050 1310.7
1311060 1309.1
1311070 1309.1
1311080 1307.4
1311090 1305.4
1311100 1305.4
1311110 1302.0
1311120 1298.4
1311130 1298.4
1311140 1296.0
1311150 1294.6
1311160 1293.7
1311170 1293.7
1311180 1294.9
1311190 1296.5
1311200 1296.5
1311210 1295.7
1311220 1294.2
1311230 1294.2
1311240 1294.6
1311250 1296.6
1311260 1296.6
1311270 1298.0
1311280 1298.5
1311290 1298.5
1311300 1297.9
1311310 1296.3
1311320 1296.3
1311330 1293.7
1311340 1290.0
1311350 1290.0
1311360 1285.4
1311370 1280.8
1311380 1280.8
1311390 1276.2
1311400 1272.5
1311410 1269.6
1311420 1269.6
1311430 1265.0
1311440 1258.6
1311450 1258.6
1311460 1253.2
1311470 1257.5
1311480 1257.5
1311490 1254.2
1311500 1251.3
1311510 1251.3
1311520 1250.3
1311530 1247.7
1311540 1247.7
1311550 1244.8
1311560 1239.4
1311570 1239.4
1311580 1233.8
1311590 1231.5
1311600 1231.5
1311610 1226.2
1311620 1216.0
1311630 1215.5
1311640 1215.5
1311650 1219.7
1311660 1217.4
1311670 1217.4
1311680 1214.2
1311690 1211.4
1311700 1211.4
1311710 1209.3
1311720 1206.6
1311730 1206.6
1311740 1205.7
1311750 1204.2
1311760 1204.2
1311770 1200.1
1311780 1196.2
1311790 1196.2
1311800 1195.4
1311810 1194.4
1311820 1194.4
1311830 1194.3
1311840 1194.7
1311850 1194.7
1311860 1191.7
1311870 1187.3
1311880 1183.1
1311890 1183.1
1311900 1179.9
1311910 1177.8
1311920 1177.8
1311930 1176.1
1311940 1174.6
1311950 1174.6
1311960 1173.9
1311970 1174.0
1311980 1174.0
1311990 1172.6
1312000 1168.9
1312010 1168.9
1312020 1165.4
1312030 1162.2
1312040 1162.2
1312050 1159.6
1312060 1157.1
1312070 1157.1
1312080 1156.6
1312090 1159.5
1312100 1160.0
1312110 1160.0
1312120 1158.4
1312130 1157.3
1312140 1157.3
1312150 1155.9
1312160 1155.0
1312170 1155.0
1312180 1154.2
1312190 1152.8
1312200 1158.3
1312210 1155.8
1312220 1153.5
1312230 1153.5
1312240 1151.5
1312250 1150.2
1312260 1150.2
1312270 1148.0
1312280 1145.3
1312290 1145.3
1312300 1142.5
1312310 1139.1
1312320 1139.1
1312330 1135.7
1312340 1134.2
1312350 1134.2
1312360 1134.2
1312370 1133.3
1312380 1132.4
1312390 1132.4
1312400 1131.9
1312410 1130.9
1312420 1130.9
1312430 1128.5
1312440 1124.4
1312450 1124.4
1312460 1120.1
1312470 1115.2
1312480 1115.2
1312490 1112.3
1312500 1109.7
1312510 1109.7
1312520 1106.6
1312530 1103.2
1312540 1103.2
1312550 1100.2
1312560 1097.9
1312570 1095.9
1312580 1095.9
1312590 1093.8
1312600 1092.0
1312610 1092.0
1312620 1090.5
1312630 1088.1
1312640 1088.1
1312650 1084.9
1312660 1081.6
1312670 1081.6
1312680 1078.8
1312690 1076.5
1312700 1076.5
1312710 1075.1
1312720 1072.6
1312730 1072.6
1312740 1070.9
1312750 1069.1
1312760 1069.1
1312770 1067.3
1312780 1066.7
1312790 1067.2
1312800 1067.2
1312810 1066.7
1312820 1065.3
1312830 1065.3
1312840 1064.1
1312850 1062.7
1312860 1062.7
1312870 1061.6
1312880 1060.5
1312890 1060.5
1312900 1059.5
1312910 1058.1
1312920 1058.1
1312930 1052.8
1312940 1040.6
1312950 1040.6
1312960 1031.9
1312970 1023.9
1312980 1023.9
1312990 1019.4
1313000 1016.3
1313010 1016.3
1313020 1016.3
1313030 1013.2
1313040 1007.7
1313050 1007.7
1313060 1010.2
1313070 1016.0
1313080 1016.0
1313090 1020.3
1313100 1023.7
1313110 1023.7
1313120 1027.5
1313130 1026.9
1313140 1026.9
1313150 1026.3
1313160 1027.7
1313170 1027.7
1313180 1029.2
1313190 1030.6
1313200 1030.6
1313210 1032.9
1313220 1037.1
1313230 1037.1
1313240 1039.3
1313250 1042.7
1313260 1046.4
1313270 1046.4
1313280 1045.2
1313290 1041.5
1313300 1041.5
1313310 1036.2
1313320 1032.0
1313330 1032.0
1313340 1029.4
1313350 1025.6
1313360 1025.6
1313370 1020.2
1313380 1020.0
1313390 1020.0
1313400 1020.6
1313410 1019.2
1313420 1019.2
1313430 1019.6
1313440 1020.4
1313450 1020.4
1313460 1018.8
1313470 1016.2
1313480 1016.2
1313490 1011.0
1313500 1002.1
1313510 994.9
1313520 994.9
1313530 993.6
1313540 993.6
1313550 993.6
1313560 989.9
1313570 986.1
1313580 986.1
1313590 983.3
1313600 987.0
1313610 987.0
1313620 990.3
1313630 992.5
1313640 992.5
1313650 993.1
1313660 993.6
1313670 993.6
1313680 1000.3
1313690 1003.2
1313700 1003.2
1313710 1004.6
1313720 1003.9
1313730 1003.5
1313740 1003.5
1313750 1004.4
1313760 1004.9
1313770 1004.9
1313780 1007.6
1313790 1008.4
1313800 1008.4
1313810 1008.6
1313820 1009.0
1313830 1009.0
1313840 1011.0
1313850 1009.8
1313860 1009.8
1313870 1009.0
1313880 1009.7
1313890 1009.7
1313900 1011.7
1313910 1015.2
1313920 1015.2
1313930 1017.1
1313940 1017.1
1313950 1017.1
1313960 1016.5
1313970 1015.6
1313980 1015.1
1313990 1015.1
1314000 1013.9
1314010 1012.3
1314020 1012.3
1314030 1011.2
1314040 1011.0
1314050 1011.0
1314060 1010.9
1314070 1009.8
1314080 1009.8
1314090 1007.5
1314100 1003.9
1314110 1003.9
1314120 996.9
1314130 990.5
1314140 990.5
1314150 986.4
1314160 985.4
1314170 985.4
1314180 986.0
1314190 988.8
1314200 988.3
1314210 988.3
1314220 984.1
1314230 979.8
1314240 979.8
1314250 978.1
1314260 978.0
1314270 978.0
1314280 978.5
1314290 978.0
1314300 978.0
1314310 978.7
1314320 978.7
1314330 978.7
1314340 980.7
1314350 983.6
1314360 983.6
1314370 987.7
1314380 992.9
1314390 992.9
1314400 994.5
1314410 995.5
1314420 997.7
1314430 1002.3
1314440 1004.8
1314450 1005.1
1314460 1005.1
1314470 1002.1
1314480 994.2
1314490 994.2
1314500 986.1
1314510 980.0
1314520 980.0
1314530 975.9
1314540 970.6
1314550 970.6
1314560 967.6
1314570 969.0
1314580 969.0
1314590 972.5
1314600 975.0
1314610 975.0
1314620 979.2
1314630 983.6
1314640 983.6
1314650 983.1
1314660 981.0
1314670 977.9
1314680 977.9
1314690 974.9
1314700 971.7
1314710 971.7
1314720 959.0
1314730 952.2
1314740 952.2
1314750 954.3
1314760 949.2
1314770 949.2
1314780 941.0
1314790 945.2
1314800 945.2
1314810 954.5
1314820 956.8
1314830 956.8
1314840 958.8
1314850 964.6
1314860 964.6
1314870 965.5
1314880 965.2
1314890 964.4
1314900 964.4
1314910 963.8
1314920 963.1
1314930 963.1
1314940 962.0
1314950 960.8
1314960 960.8
1314970 959.7
1314980 958.4
1314990 958.4
1315000 957.1
1315010 955.9
1315020 955.9
1315030 954.9
1315040 954.4
1315050 954.4
1315060 954.2
1315070 954.1
1315080 954.1
1315090 953.7
1315100 953.0
1315110 953.0
1315120 951.6
1315130 949.5
1315140 948.4
1315150 948.4
1315160 946.9
1315170 946.9
1315180 946.9
1315190 945.8
1315200 944.2
1315210 944.2
1315220 942.5
1315230 940.6
1315240 940.6
1315250 939.1
1315260 937.9
1315270 937.9
1315280 936.7
1315290 935.9
1315300 935.9
1315310 935.1
1315320 934.3
1315330 934.3
1315340 933.7
1315350 933.7
1315360 934.9
1315370 934.9
1315380 935.1
1315390 934.7
1315400 934.7
1315410 934.1
1315420 933.5
1315430 933.5
1315440 933.1
1315450 932.3
1315460 932.3
1315470 931.5
1315480 931.2
1315490 931.2
1315500 929.9
1315510 929.0
1315520 929.0
1315530 928.0
1315540 927.1
1315550 927.1
1315560 927.0
1315570 926.3
1315580 925.5
1315590 925.5
1315600 925.3
1315610 925.1
1315620 925.1
1315630 924.6
1315640 923.9
1315650 923.9
1315660 923.0
1315670 921.6
1315680 921.6
1315690 920.0
1315700 917.9
1315710 917.9
1315720 914.8
1315730 911.6
1315740 911.6
1315750 908.9
1315760 906.0
1315770 906.0
1315780 903.4
1315790 900.7
1315800 900.7
1315810 898.2
1315820 895.9
1315830 893.6
1315840 893.6
1315850 891.6
1315860 890.0
1315870 890.0
1315880 888.1
1315890 886.0
1315900 886.0
1315910 883.6
1315920 881.2
1315930 881.2
1315940 878.9
1315950 877.1
1315960 877.1
1315970 875.3
1315980 872.1
1315990 872.1
1316000 869.4
1316010 867.5
1316020 867.5
1316030 865.6
1316040 863.8
1316050 861.8
1316060 861.8
1316070 860.5
1316080 859.6
1316090 859.6
1316100 858.8
1316110 857.7
1316120 857.7
1316130 856.7
1316140 855.8
1316150 855.8
1316160 854.9
1316170 854.1
1316180 854.1
1316190 853.1
1316200 852.1
1316210 852.1
1316220 851.3
1316230 850.3
1316240 850.3
1316250 849.2
1316260 848.2
1316270 848.2
1316280 847.1
1316290 845.6
1316300 843.7
1316310 843.7
1316320 841.8
1316330 840.1
1316340 840.1
1316350 838.4
1316360 837.1
1316370 837.1
1316380 835.6
1316390 834.7
1316400 834.7
1316410 834.5
1316420 835.0
1316430 835.0
1316440 834.6
1316450 833.3
1316460 833.3
1316470 832.2
1316480 831.0
1316490 831.0
1316500 829.4
1316510 827.5
1316520 822.6
1316530 822.6
1316540 815.4
1316550 808.3
1316560 808.3
1316570 800.3
1316580 793.0
1316590 793.0
1316600 785.8
1316610 778.6
1316620 778.6
1316630 771.8
1316640 765.5
1316650 765.5
1316660 759.3
1316670 752.7
1316680 750.6
1316690 744.5
1316700 738.5
1316710 738.5
1316720 733.5
1316730 728.2
1316740 728.2
1316750 722.6
1316760 718.2
1316770 714.6
1316780 714.6
1316790 711.2
1316800 708.4
1316810 708.4
1316820 705.8
1316830 704.1
1316840 704.1
1316850 703.7
1316860 702.5
1316870 702.5
1316880 701.0
1316890 700.1
1316900 700.1
1316910 699.4
1316920 698.2
1316930 698.2
1316940 696.5
1316950 694.9
1316960 694.9
1316970 693.5
1316980 691.4
1316990 689.7
1317000 689.7
1317010 688.4
1317020 688.0
1317030 688.0
1317040 687.3
1317050 685.7
1317060 685.7
1317070 683.0
1317080 673.7
1317090 673.7
1317100 660.9
1317110 659.4
1317120 659.4
1317130 661.2
1317140 666.7
1317150 666.7
1317160 675.7
1317170 682.9
1317180 682.9
1317190 688.4
1317200 695.8
1317210 702.2
1317220 702.2
1317230 708.5
1317240 715.2
1317250 715.2
1317260 722.2
1317270 728.7
1317280 728.7
1317290 735.2
1317300 742.6
1317310 742.6
1317320 750.0
1317330 757.5
1317340 757.5
1317350 765.6
1317360 773.4
1317370 773.4
1317380 782.1
1317390 793.2
1317400 793.2
1317410 801.7
1317420 809.8
1317430 809.8
1317440 823.5
1317450 838.0
1317460 855.3
1317470 855.3
1317480 879.3
1317490 902.4
1317500 902.4
1317510 931.6
1317520 955.7
1317530 955.7
1317540 968.7
1317550 981.9
1317560 981.9
1317570 993.8
1317580 1000.4
1317590 1000.4
1317600 1007.2
1317610 1015.5
1317620 1015.5
1317630 1022.9
1317640 1029.0
1317650 1029.0
1317660 1035.1
1317670 1040.9
1317680 1044.4
1317690 1044.4
1317700 1044.4
1317710 1039.1
1317720 1039.1
1317730 1031.8
1317740 1024.9
1317750 1024.9
1317760 1018.6
1317770 1011.1
1317780 1011.1
1317790 1002.9
1317800 995.6
1317810 995.6
1317820 988.9
1317830 982.4
1317840 982.4
1317850 975.8
1317860 969.9
1317870 969.9
1317880 963.6
1317890 956.1
1317900 956.1
1317910 948.6
1317920 941.7
1317930 934.5
1317940 934.5
1317950 926.4
1317960 917.5
1317970 917.5
1317980 908.7
1317990 900.4
1318000 900.4
1318010 892.6
1318020 886.4
1318030 886.4
1318040 878.9
1318050 870.2
1318060 870.2
1318070 866.0
1318080 871.3
1318090 871.3
1318100 880.4
1318110 888.0
1318120 888.0
1318130 895.2
1318140 902.5
1318150 910.2
1318160 910.2
1318170 921.3
1318180 936.7
1318190 936.7
1318200 957.0
1318210 966.8
1318220 966.8
1318230 975.7
1318240 984.9
1318250 984.9
1318260 993.8
1318270 1000.8
1318280 1000.8
1318290 1005.8
1318300 1008.3
1318310 1008.3
1318320 1008.4
1318330 1011.4
1318340 1011.4
1318350 1014.9
1318360 1018.4
1318370 1018.4
1318380 1022.0
1318390 1025.3
1318400 1029.2
1318410 1029.2
1318420 1032.8
1318430 1037.1
1318440 1037.1
1318450 1041.0
1318460 1045.2
1318470 1045.2
1318480 1049.3
1318490 1051.7
1318500 1051.7
1318510 1054.7
1318520 1057.3
1318530 1057.3
1318540 1059.8
1318550 1063.3
1318560 1063.3
1318570 1066.2
1318580 1066.9
1318590 1066.9
1318600 1068.0
1318610 1069.2
1318620 1070.5
1318630 1070.5
1318640 1072.3
1318650 1074.6
1318660 1074.6
1318670 1077.1
1318680 1079.1
1318690 1079.1
1318700 1080.6
1318710 1083.1
1318720 1083.1
1318730 1086.2
1318740 1090.7
1318750 1090.7
1318760 1094.1
1318770 1096.4
1318780 1096.4
1318790 1098.6
1318800 1101.2
1318810 1101.2
1318820 1103.3
1318830 1105.9
1318840 1109.6
1318850 1109.6
1318860 1113.1
1318870 1116.2
1318880 1116.2
1318890 1119.5
1318900 1123.2
1318910 1123.2
1318920 1127.3
1318930 1129.1
1318940 1129.1
1318950 1128.8
1318960 1126.7
1318970 1126.7
1318980 1121.5
1318990 1116.5
1319000 1116.5
1319010 1111.2
1319020 1105.1
1319030 1105.1
1319040 1099.7
1319050 1094.7
1319060 1094.7
1319070 1090.1
1319080 1086.0
1319090 1082.1
1319100 1082.1
1319110 1077.6
1319120 1072.7
1319130 1072.7
1319140 1067.2
1319150 1062.2
1319160 1062.2
1319170 1062.6
1319180 1061.3
1319190 1061.3
1319200 1057.8
1319210 1055.6
1319220 1055.6
1319230 1057.2
1319240 1063.0
1319250 1063.0
1319260 1068.4
1319270 1071.7
1319280 1071.7
1319290 1072.8
1319300 1073.7
1319310 1074.3
1319320 1074.3
1319330 1076.2
1319340 1079.1
1319350 1079.1
1319360 1082.8
1319370 1085.6
1319380 1085.6
1319390 1089.3
1319400 1093.0
1319410 1093.0
1319420 1097.0
1319430 1101.8
1319440 1101.8
1319450 1106.3
1319460 1110.5
1319470 1110.5
1319480 1113.9
1319490 1116.8
1319500 1116.8
1319510 1119.4
1319520 1121.2
1319530 1121.2
1319540 1122.9
1319550 1124.4
1319560 1125.5
1319570 1125.5
1319580 1126.7
1319590 1128.0
1319600 1128.0
1319610 1129.4
1319620 1131.2
1319630 1131.2
1319640 1132.7
1319650 1134.6
1319660 1134.6
1319670 1137.0
1319680 1139.4
1319690 1139.4
1319700 1142.4
1319710 1146.8
1319720 1146.8
1319730 1154.5
1319740 1158.9
1319750 1158.9
1319760 1162.1
1319770 1161.7
1319780 1160.6
1319790 1160.6
1319800 1161.1
1319810 1163.5
1319820 1163.5
1319830 1167.4
1319840 1171.6
1319850 1171.6
1319860 1172.7
1319870 1170.8
1319880 1170.8
1319890 1169.1
1319900 1170.1
1319910 1170.1
1319920 1171.8
1319930 1174.3
1319940 1174.3
1319950 1177.6
1319960 1180.2
1319970 1180.2
1319980 1183.0
1319990 1185.9
