1300000 2044.0
1300010 2038.2
1300020 2038.2
1300030 2038.3
1300040 2039.6
1300050 2039.6
1300060 2038.6
1300070 2035.9
1300080 2035.9
1300090 2033.0
1300100 2030.0
1300110 2030.0
1300120 2026.4
1300130 2021.5
1300140 2021.5
1300150 2016.4
1300160 2012.2
1300170 2012.2
1300180 2006.7
1300190 2002.2
1300200 2002.2
1300210 1999.1
1300220 1994.3
1300230 1989.7
1300240 1989.7
1300250 1985.3
1300260 1980.4
1300270 1980.4
1300280 1972.8
1300290 1969.1
1300300 1969.1
1300310 1966.9
1300320 1958.7
1300330 1958.7
1300340 1949.1
1300350 1953.8
1300360 1953.8
1300370 1957.6
1300380 1956.3
1300390 1956.3
1300400 1953.6
1300410 1950.2
1300420 1950.2
1300430 1946.8
1300440 1942.9
1300450 1942.9
1300460 1939.7
1300470 1935.3
1300480 1934.3
1300490 1934.3
1300500 1933.1
1300510 1931.5
1300520 1931.5
1300530 1928.9
1300540 1925.2
1300550 1925.2
1300560 1921.9
1300570 1919.5
1300580 1919.5
1300590 1917.3
1300600 1914.3
1300610 1914.3
1300620 1912.6
1300630 1910.1
1300640 1910.1
1300650 1907.0
1300660 1905.5
1300670 1905.5
1300680 1905.7
1300690 1902.7
1300700 1898.5
1300710 1898.5
1300720 1894.4
1300730 1890.4
1300740 1890.4
1300750 1887.6
1300760 1885.3
1300770 1885.3
1300780 1882.3
1300790 1881.4
1300800 1881.4
1300810 1879.6
1300820 1876.6
1300830 1876.6
1300840 1872.4
1300850 1869.6
1300860 1869.6
1300870 1867.4
1300880 1867.2
1300890 1867.2
1300900 1865.9
1300910 1863.3
1300920 1863.3
1300930 1860.6
1300940 1856.9
1300950 1853.8
1300960 1853.8
1300970 1848.3
1300980 1845.0
1300990 1845.0
1301000 1842.7
1301010 1830.0
1301020 1830.0
1301030 1822.9
1301040 1827.8
1301050 1827.8
1301060 1834.3
1301070 1838.9
1301080 1838.9
1301090 1845.1
1301100 1850.8
1301110 1850.8
1301120 1855.5
1301130 1857.4
1301140 1857.4
1301150 1858.2
1301160 1858.5
1301170 1861.7
1301180 1861.7
1301190 1866.0
1301200 1869.8
1301210 1869.8
1301220 1875.9
1301230 1877.9
1301240 1877.9
1301250 1876.0
1301260 1873.9
1301270 1873.9
1301280 1871.5
1301290 1869.8
1301300 1869.8
1301310 1869.4
1301320 1866.1
1301330 1866.1
1301340 1864.1
1301350 1863.9
1301360 1863.9
1301370 1863.2
1301380 1861.6
1301390 1861.6
1301400 1859.1
1301410 1856.0
1301420 1854.2
1301430 1854.2
1301440 1850.1
1301450 1844.8
1301460 1844.8
1301470 1841.3
1301480 1839.8
1301490 1839.8
1301500 1838.3
1301510 1837.3
1301520 1837.3
1301530 1834.4
1301540 1830.0
1301550 1830.0
1301560 1825.1
1301570 1818.9
1301580 1818.9
1301590 1820.2
1301600 1827.5
1301610 1827.5
1301620 1833.7
1301630 1838.7
1301640 1842.8
1301650 1842.8
1301660 1840.2
1301670 1839.8
1301680 1839.8
1301690 1841.0
1301700 1845.4
1301710 1845.4
1301720 1848.0
1301730 1849.7
1301740 1849.7
1301750 1850.1
1301760 1848.9
1301770 1848.9
1301780 1849.0
1301790 1849.3
1301800 1849.3
1301810 1851.4
1301820 1856.0
1301830 1856.0
1301840 1858.7
1301850 1861.0
1301860 1863.2
1301870 1863.2
1301880 1866.4
1301890 1869.5
1301900 1869.5
1301910 1872.7
1301920 1873.8
1301930 1873.8
1301940 1875.7
1301950 1878.4
1301960 1878.4
1301970 1883.8
1301980 1891.3
1301990 1891.3
1302000 1899.5
1302010 1908.6
1302020 1908.6
1302030 1917.9
1302040 1926.9
1302050 1926.9
1302060 1935.4
1302070 1943.9
1302080 1943.9
1302090 1953.0
1302100 1961.8
1302110 1969.9
1302120 1969.9
1302130 1975.8
1302140 1979.2
1302150 1979.2
1302160 1982.3
1302170 1985.2
1302180 1985.2
1302190 1987.5
1302200 1990.2
1302210 1990.2
1302220 1993.2
1302230 1996.2
1302240 1996.2
1302250 1999.4
1302260 2002.4
1302270 2002.4
1302280 2006.4
1302290 2010.2
1302300 2010.2
1302310 2013.9
1302320 2017.7
1302330 2021.1
1302340 2021.1
1302350 2024.6
1302360 2023.1
1302370 2023.1
1302380 2026.8
1302390 2030.4
1302400 2030.4
1302410 2033.5
1302420 2035.7
1302430 2035.7
1302440 2038.5
1302450 2041.8
1302460 2041.8
1302470 2045.2
1302480 2047.8
1302490 2047.8
1302500 2048.7
1302510 2048.2
1302520 2048.2
1302530 2047.5
1302540 2047.2
1302550 2047.2
1302560 2047.1
1302570 2047.0
1302580 2046.9
1302590 2046.9
1302600 2045.3
1302610 2043.3
1302620 2043.3
1302630 2042.0
1302640 2041.6
1302650 2041.6
1302660 2041.2
1302670 2039.5
1302680 2039.5
1302690 2035.6
1302700 2032.3
1302710 2032.3
1302720 2030.6
1302730 2029.4
1302740 2029.4
1302750 2028.8
1302760 2027.9
1302770 2027.9
1302780 2025.1
1302790 2021.7
1302800 2016.7
1302810 2016.7
1302820 2011.7
1302830 2007.5
1302840 2007.5
1302850 2004.7
1302860 2002.1
1302870 2002.1
1302880 1999.5
1302890 1995.9
1302900 1995.9
1302910 1991.4
1302920 1988.7
1302930 1988.7
1302940 1986.4
1302950 1982.7
1302960 1982.7
1302970 1978.9
1302980 1976.0
1302990 1976.0
1303000 1972.5
1303010 1966.8
1303020 1966.8
1303030 1961.4
1303040 1956.3
1303050 1950.7
1303060 1948.6
1303070 1944.6
1303080 1940.8
1303090 1940.8
1303100 1936.7
1303110 1933.5
1303120 1933.5
1303130 1929.8
1303140 1926.0
1303150 1926.0
1303160 1919.8
1303170 1908.4
1303180 1908.4
1303190 1896.1
1303200 1885.6
1303210 1885.6
1303220 1877.0
1303230 1870.2
1303240 1870.2
1303250 1862.5
1303260 1854.7
1303270 1847.5
1303280 1847.5
1303290 1840.2
1303300 1832.0
1303310 1832.0
1303320 1823.6
1303330 1816.6
1303340 1816.6
1303350 1810.4
1303360 1804.5
1303370 1804.5
1303380 1799.3
1303390 1794.0
1303400 1794.0
1303410 1788.4
1303420 1781.9
1303430 1781.9
1303440 1776.1
1303450 1770.9
1303460 1770.9
1303470 1765.5
1303480 1760.8
1303490 1760.8
1303500 1757.1
1303510 1752.4
1303520 1746.8
1303530 1746.8
1303540 1740.9
1303550 1736.0
1303560 1736.0
1303570 1734.4
1303580 1731.4
1303590 1731.4
1303600 1728.8
1303610 1726.2
1303620 1726.2
1303630 1723.2
1303640 1718.8
1303650 1718.8
1303660 1714.0
1303670 1709.7
1303680 1709.7
1303690 1704.5
1303700 1700.0
1303710 1700.0
1303720 1695.7
1303730 1691.3
1303740 1687.4
1303750 1687.4
1303760 1682.5
1303770 1677.3
1303780 1677.3
1303790 1672.3
1303800 1667.4
1303810 1667.4
1303820 1661.6
1303830 1656.2
1303840 1656.2
1303850 1650.6
1303860 1645.0
1303870 1645.0
1303880 1639.8
1303890 1634.8
1303900 1634.8
1303910 1629.6
1303920 1626.2
1303930 1626.2
1303940 1621.1
1303950 1616.4
1303960 1616.4
1303970 1613.2
1303980 1610.3
1303990 1607.3
1304000 1607.3
1304010 1604.0
1304020 1601.2
1304030 1601.2
1304040 1599.2
1304050 1597.2
1304060 1597.2
1304070 1595.3
1304080 1593.7
1304090 1593.7
1304100 1593.1
1304110 1593.3
1304120 1593.3
1304130 1592.9
1304140 1588.6
1304150 1588.6
1304160 1579.7
1304170 1569.8
1304180 1569.8
1304190 1562.4
1304200 1555.8
1304210 1550.5
1304220 1550.5
1304230 1543.9
1304240 1536.7
1304250 1536.7
1304260 1529.1
1304270 1520.7
1304280 1520.7
1304290 1510.1
1304300 1501.1
1304310 1501.1
1304320 1492.8
1304330 1484.8
1304340 1484.8
1304350 1477.3
1304360 1471.1
1304370 1471.1
1304380 1465.0
1304390 1458.6
1304400 1458.6
1304410 1452.8
1304420 1446.8
1304430 1440.8
1304440 1440.8
1304450 1434.8
1304460 1428.5
1304470 1428.5
1304480 1424.0
1304490 1420.5
1304500 1420.5
1304510 1416.3
1304520 1412.0
1304530 1412.0
1304540 1407.0
1304550 1401.1
1304560 1401.1
1304570 1396.0
1304580 1391.8
1304590 1391.8
1304600 1385.7
1304610 1381.5
1304620 1381.5
1304630 1376.9
1304640 1372.5
1304650 1372.5
1304660 1369.6
1304670 1367.1
1304680 1362.6
1304690 1362.6
1304700 1356.8
1304710 1351.7
1304720 1351.7
1304730 1347.8
1304740 1344.0
1304750 1344.0
1304760 1337.4
1304770 1329.9
1304780 1329.9
1304790 1323.3
1304800 1316.3
1304810 1316.3
1304820 1309.8
1304830 1308.0
1304840 1308.0
1304850 1309.5
1304860 1316.9
1304870 1316.9
1304880 1326.5
1304890 1332.0
1304900 1334.8
1304910 1334.8
1304920 1338.0
1304930 1342.7
1304940 1342.7
1304950 1346.6
1304960 1350.1
1304970 1350.1
1304980 1352.5
1304990 1355.1
1305000 1355.1
1305010 1357.6
1305020 1359.7
1305030 1359.7
1305040 1361.9
1305050 1366.1
1305060 1366.1
1305070 1370.1
1305080 1373.0
1305090 1373.0
1305100 1374.5
1305110 1375.2
1305120 1375.2
1305130 1376.6
1305140 1377.6
1305150 1380.3
1305160 1380.3
1305170 1387.2
1305180 1388.8
1305190 1388.8
1305200 1389.9
1305210 1391.3
1305220 1391.3
1305230 1392.9
1305240 1393.8
1305250 1393.8
1305260 1393.7
1305270 1394.5
1305280 1394.5
1305290 1395.1
1305300 1396.0
1305310 1396.0
1305320 1397.5
1305330 1399.0
1305340 1399.0
1305350 1400.7
1305360 1402.8
1305370 1405.2
1305380 1405.2
1305390 1408.6
1305400 1413.3
1305410 1413.3
1305420 1418.5
1305430 1423.6
1305440 1423.6
1305450 1429.8
1305460 1437.1
1305470 1437.1
1305480 1443.6
1305490 1448.8
1305500 1448.8
1305510 1455.5
1305520 1462.4
1305530 1462.4
1305540 1467.9
1305550 1473.4
1305560 1473.4
1305570 1479.0
1305580 1485.2
1305590 1485.2
1305600 1491.4
1305610 1496.8
1305620 1501.6
1305630 1501.6
1305640 1506.4
1305650 1510.8
1305660 1510.8
1305670 1516.0
1305680 1520.4
1305690 1520.4
1305700 1523.5
1305710 1527.3
1305720 1527.3
1305730 1530.6
1305740 1534.7
1305750 1534.7
1305760 1539.5
1305770 1544.3
1305780 1544.3
1305790 1548.4
1305800 1551.8
1305810 1551.8
1305820 1555.2
1305830 1557.9
1305840 1560.7
1305850 1560.7
1305860 1563.1
1305870 1566.1
1305880 1569.4
1305890 1574.1
1305900 1578.4
1305910 1578.4
1305920 1583.1
1305930 1587.3
1305940 1587.3
1305950 1591.5
1305960 1596.6
1305970 1596.6
1305980 1602.8
1305990 1608.8
1306000 1608.8
1306010 1613.3
1306020 1616.8
1306030 1616.8
1306040 1622.7
1306050 1628.3
1306060 1632.9
1306070 1632.9
1306080 1637.0
1306090 1640.1
1306100 1640.1
1306110 1644.5
1306120 1648.3
1306130 1648.3
1306140 1651.0
1306150 1653.0
1306160 1653.0
1306170 1654.8
1306180 1658.6
1306190 1658.6
1306200 1663.2
1306210 1667.4
1306220 1667.4
1306230 1670.9
1306240 1674.4
1306250 1674.4
1306260 1678.7
1306270 1682.4
1306280 1682.4
1306290 1686.5
1306300 1688.0
1306310 1689.7
1306320 1689.7
1306330 1692.1
1306340 1693.8
1306350 1693.8
1306360 1695.2
1306370 1697.5
1306380 1697.5
1306390 1700.0
1306400 1702.7
1306410 1702.7
1306420 1705.6
1306430 1708.3
1306440 1708.3
1306450 1710.9
1306460 1712.9
1306470 1712.9
1306480 1713.9
1306490 1715.2
1306500 1715.2
1306510 1717.4
1306520 1718.4
1306530 1719.4
1306540 1719.4
1306550 1721.2
1306560 1724.2
1306570 1724.2
1306580 1726.1
1306590 1732.3
1306600 1732.3
1306610 1732.8
1306620 1733.4
1306630 1733.4
1306640 1734.2
1306650 1735.2
1306660 1735.2
1306670 1736.4
1306680 1735.9
1306690 1735.9
1306700 1735.9
1306710 1736.3
1306720 1736.3
1306730 1737.6
1306740 1739.8
1306750 1739.8
1306760 1741.6
1306770 1745.2
1306780 1748.9
1306790 1748.9
1306800 1750.9
1306810 1754.1
1306820 1754.1
1306830 1757.1
1306840 1759.1
1306850 1759.1
1306860 1761.1
1306870 1763.1
1306880 1763.1
1306890 1766.2
1306900 1769.1
1306910 1769.1
1306920 1772.5
1306930 1776.3
1306940 1776.3
1306950 1780.0
1306960 1783.4
1306970 1783.4
1306980 1786.5
1306990 1789.6
1307000 1792.8
1307010 1792.8
1307020 1796.1
1307030 1799.8
1307040 1799.8
1307050 1803.6
1307060 1807.1
1307070 1807.1
1307080 1810.4
1307090 1813.8
1307100 1813.8
1307110 1816.6
1307120 1819.0
1307130 1819.0
1307140 1821.0
1307150 1823.2
1307160 1823.2
1307170 1825.7
1307180 1829.5
1307190 1829.5
1307200 1833.5
1307210 1836.0
1307220 1836.0
1307230 1836.0
1307240 1836.3
1307250 1836.7
1307260 1836.7
1307270 1836.7
1307280 1836.8
1307290 1836.8
1307300 1836.8
1307310 1842.0
1307320 1842.0
1307330 1841.4
1307340 1840.4
1307350 1840.4
1307360 1838.1
1307370 1835.4
1307380 1835.4
1307390 1834.9
1307400 1835.9
1307410 1835.9
1307420 1836.1
1307430 1835.3
1307440 1835.3
1307450 1835.4
1307460 1836.1
1307470 1835.2
1307480 1835.2
1307490 1834.3
1307500 1833.5
1307510 1833.5
1307520 1832.4
1307530 1831.3
1307540 1831.3
1307550 1832.4
1307560 1834.7
1307570 1834.7
1307580 1837.0
1307590 1838.8
1307600 1838.8
1307610 1841.1
1307620 1844.9
1307630 1844.9
1307640 1849.3
1307650 1853.2
1307660 1853.2
1307670 1856.4
1307680 1859.6
1307690 1859.6
1307700 1863.1
1307710 1866.1
1307720 1868.8
1307730 1868.8
1307740 1873.4
1307750 1879.5
1307760 1879.5
1307770 1883.9
1307780 1886.9
1307790 1886.9
1307800 1889.3
1307810 1890.9
1307820 1890.9
1307830 1894.7
1307840 1898.4
1307850 1898.4
1307860 1901.6
1307870 1904.5
1307880 1904.5
1307890 1907.0
1307900 1908.9
1307910 1908.9
1307920 1910.9
1307930 1913.3
1307940 1915.9
1307950 1915.9
1307960 1918.7
1307970 1921.1
1307980 1921.1
1307990 1923.7
1308000 1926.8
1308010 1926.8
1308020 1932.4
1308030 1934.5
1308040 1934.5
1308050 1937.5
1308060 1939.9
1308070 1939.9
1308080 1941.2
1308090 1942.8
1308100 1942.8
1308110 1942.2
1308120 1939.4
1308130 1939.4
1308140 1939.4
1308150 1939.8
1308160 1939.8
1308170 1939.8
1308180 1939.9
1308190 1941.4
1308200 1941.4
1308210 1945.6
1308220 1946.6
1308230 1946.6
1308240 1941.2
1308250 1937.8
1308260 1937.8
1308270 1935.2
1308280 1935.1
1308290 1935.1
1308300 1936.8
1308310 1935.6
1308320 1935.6
1308330 1932.1
1308340 1929.7
1308350 1929.7
1308360 1926.9
1308370 1924.4
1308380 1924.4
1308390 1923.6
1308400 1924.3
1308410 1927.5
1308420 1927.5
1308430 1930.6
1308440 1935.2
1308450 1935.2
1308460 1939.1
1308470 1942.0
1308480 1942.0
1308490 1944.6
1308500 1948.6
1308510 1948.6
1308520 1953.4
1308530 1956.0
1308540 1956.0
1308550 1958.9
1308560 1964.8
1308570 1964.8
1308580 1971.1
1308590 1978.0
1308600 1978.0
1308610 1984.9
1308620 1990.7
1308630 1996.5
1308640 1996.5
1308650 1999.8
1308660 1999.0
1308670 1999.0
1308680 1997.8
1308690 1996.3
1308700 1996.3
1308710 1989.2
1308720 1979.3
1308730 1979.3
1308740 1967.9
1308750 1959.8
1308760 1959.8
1308770 1950.7
1308780 1941.9
1308790 1941.9
1308800 1935.6
1308810 1929.3
1308820 1929.3
1308830 1920.2
1308840 1908.5
1308850 1908.5
1308860 1896.2
1308870 1883.2
1308880 1872.5
1308890 1872.5
1308900 1864.4
1308910 1853.4
1308920 1853.4
1308930 1843.3
1308940 1836.2
1308950 1836.2
1308960 1831.2
1308970 1827.4
1308980 1827.4
1308990 1823.6
1309000 1820.3
1309010 1820.3
1309020 1817.0
1309030 1812.9
1309040 1812.9
1309050 1807.9
1309060 1803.0
1309070 1803.0
1309080 1797.8
1309090 1792.5
1309100 1787.8
1309110 1787.8
1309120 1783.4
1309130 1779.1
1309140 1779.1
1309150 1774.6
1309160 1770.3
1309170 1770.3
1309180 1766.5
1309190 1762.7
1309200 1762.7
1309210 1757.4
1309220 1751.5
1309230 1751.5
1309240 1745.8
1309250 1740.4
1309260 1740.4
1309270 1735.0
1309280 1730.3
1309290 1730.3
1309300 1725.2
1309310 1717.4
1309320 1717.4
1309330 1707.0
1309340 1698.6
1309350 1691.1
1309360 1691.1
1309370 1684.9
1309380 1679.8
1309390 1679.8
1309400 1675.7
1309410 1674.7
1309420 1674.7
1309430 1672.1
1309440 1665.7
1309450 1665.7
1309460 1659.7
1309470 1653.7
1309480 1653.7
1309490 1647.1
1309500 1642.3
1309510 1642.3
1309520 1637.4
1309530 1632.5
1309540 1632.5
1309550 1626.3
1309560 1618.9
1309570 1611.7
1309580 1611.7
1309590 1604.0
1309600 1596.6
1309610 1596.6
1309620 1589.0
1309630 1580.6
1309640 1580.6
1309650 1572.0
1309660 1563.3
1309670 1563.3
1309680 1553.3
1309690 1543.1
1309700 1543.1
1309710 1533.5
1309720 1523.2
1309730 1523.2
1309740 1513.1
1309750 1504.8
1309760 1504.8
1309770 1497.1
1309780 1489.0
1309790 1489.0
1309800 1482.0
1309810 1474.9
1309820 1468.2
1309830 1468.2
1309840 1461.5
1309850 1452.7
1309860 1452.7
1309870 1440.6
1309880 1427.3
1309890 1427.3
1309900 1416.6
1309910 1406.0
1309920 1406.0
1309930 1401.3
1309940 1403.3
1309950 1403.3
1309960 1408.4
1309970 1410.3
1309980 1410.3
1309990 1411.7
1310000 1413.4
1310010 1413.4
1310020 1412.5
1310030 1411.9
1310040 1410.3
1310050 1410.3
1310060 1409.1
1310070 1408.4
1310080 1408.4
1310090 1409.0
1310100 1411.5
1310110 1411.5
1310120 1412.6
1310130 1412.3
1310140 1412.3
1310150 1413.9
1310160 1415.6
1310170 1415.6
1310180 1417.7
1310190 1427.8
1310200 1427.8
1310210 1426.7
1310220 1424.4
1310230 1424.4
1310240 1423.8
1310250 1420.9
1310260 1419.2
1310270 1419.2
1310280 1417.4
1310290 1414.7
1310300 1414.7
1310310 1410.1
1310320 1404.6
1310330 1404.6
1310340 1399.1
1310350 1393.5
1310360 1393.5
1310370 1385.2
1310380 1371.7
1310390 1371.7
1310400 1356.2
1310410 1349.3
1310420 1349.3
1310430 1344.7
1310440 1342.7
1310450 1342.7
1310460 1340.6
1310470 1338.9
1310480 1338.9
1310490 1337.9
1310500 1335.8
1310510 1332.5
1310520 1332.5
1310530 1330.0
1310540 1330.3
1310550 1330.3
1310560 1331.7
1310570 1332.6
1310580 1332.6
1310590 1333.5
1310600 1334.0
1310610 1334.0
1310620 1328.5
1310630 1322.6
1310640 1322.6
1310650 1320.3
1310660 1320.6
1310670 1320.6
1310680 1319.2
1310690 1316.0
1310700 1316.0
1310710 1311.9
1310720 1308.7
1310730 1306.5
1310740 1306.5
1310750 1303.8
1310760 1299.8
1310770 1299.8
1310780 1297.5
1310790 1295.9
1310800 1295.9
1310810 1290.0
1310820 1280.4
1310830 1280.4
1310840 1272.8
1310850 1267.0
1310860 1267.0
1310870 1263.1
1310880 1258.8
1310890 1258.8
1310900 1255.8
1310910 1251.4
1310920 1257.0
1310930 1251.6
1310940 1246.1
1310950 1246.1
1310960 1240.7
1310970 1238.3
1310980 1240.1
1310990 1240.1
1311000 1241.8
1311010 1239.4
1311020 1239.4
1311030 1234.6
1311040 1225.7
1311050 1225.7
1311060 1218.6
1311070 1222.4
1311080 1222.4
1311090 1226.2
1311100 1228.8
1311110 1228.8
1311120 1227.6
1311130 1225.0
1311140 1225.0
1311150 1222.8
1311160 1220.6
1311170 1220.6
1311180 1217.3
1311190 1212.5
1311200 1209.2
1311210 1209.2
1311220 1204.3
1311230 1200.0
1311240 1200.0
1311250 1195.9
1311260 1193.6
1311270 1193.6
1311280 1190.4
1311290 1188.0
1311300 1188.0
1311310 1186.3
1311320 1185.2
1311330 1185.2
1311340 1183.0
1311350 1180.8
1311360 1180.8
1311370 1180.7
1311380 1181.7
1311390 1181.7
1311400 1181.4
1311410 1179.4
1311420 1179.4
1311430 1179.1
1311440 1178.6
1311450 1175.1
1311460 1175.1
1311470 1169.3
1311480 1163.1
1311490 1163.1
1311500 1155.6
1311510 1148.4
1311520 1148.4
1311530 1143.4
1311540 1139.9
1311550 1139.9
1311560 1137.7
1311570 1136.6
1311580 1136.6
1311590 1136.8
1311600 1136.3
1311610 1136.3
1311620 1133.1
1311630 1127.2
1311640 1127.2
1311650 1115.6
1311660 1109.6
1311670 1104.2
1311680 1104.2
1311690 1099.0
1311700 1098.0
1311710 1098.0
1311720 1098.3
1311730 1102.2
1311740 1102.2
1311750 1108.8
1311760 1114.6
1311770 1114.6
1311780 1120.0
1311790 1127.0
1311800 1127.0
1311810 1127.7
1311820 1125.8
1311830 1125.8
1311840 1123.2
1311850 1120.4
1311860 1120.4
1311870 1118.1
1311880 1117.6
1311890 1117.6
1311900 1116.6
1311910 1115.3
1311920 1114.1
1311930 1114.1
1311940 1112.1
1311950 1109.3
1311960 1109.3
1311970 1105.9
1311980 1101.8
1311990 1101.8
1312000 1099.7
1312010 1101.2
1312020 1101.2
1312030 1101.3
1312040 1099.3
1312050 1099.3
1312060 1096.2
1312070 1093.9
1312080 1093.9
1312090 1092.8
1312100 1090.0
1312110 1090.0
1312120 1084.3
1312130 1080.0
1312140 1080.6
1312150 1080.6
1312160 1081.8
1312170 1082.2
1312180 1082.2
1312190 1082.4
1312200 1081.7
1312210 1081.7
1312220 1082.5
1312230 1079.5
1312240 1079.5
1312250 1072.4
1312260 1063.6
1312270 1063.6
1312280 1056.2
1312290 1050.3
1312300 1050.3
1312310 1043.5
1312320 1042.4
1312330 1042.4
1312340 1041.4
1312350 1039.9
1312360 1041.1
1312370 1041.1
1312380 1039.6
1312390 1045.5
1312400 1045.5
1312410 1047.0
1312420 1049.5
1312430 1049.5
1312440 1049.4
1312450 1047.7
1312460 1047.7
1312470 1045.8
1312480 1043.4
1312490 1043.4
1312500 1040.0
1312510 1037.0
1312520 1037.0
1312530 1034.6
1312540 1030.1
1312550 1030.1
1312560 1024.8
1312570 1021.6
1312580 1021.6
1312590 1017.7
1312600 1016.7
1312610 1017.2
1312620 1017.2
1312630 1017.8
1312640 1020.4
1312650 1020.4
1312660 1022.5
1312670 1025.2
1312680 1025.2
1312690 1027.8
1312700 1027.3
1312710 1027.3
1312720 1027.4
1312730 1026.0
1312740 1026.0
1312750 1024.2
1312760 1021.9
1312770 1021.9
1312780 1019.0
1312790 1015.9
1312800 1015.9
1312810 1012.6
1312820 1008.5
1312830 1005.7
1312840 1005.7
1312850 1002.0
1312860 997.1
1312870 997.1
1312880 991.6
1312890 986.6
1312900 986.6
1312910 983.6
1312920 982.9
1312930 982.9
1312940 988.2
1312950 995.6
1312960 995.6
1312970 1001.9
1312980 1005.3
1312990 1005.3
1313000 1012.0
1313010 1018.8
1313020 1018.8
1313030 1021.9
1313040 1022.6
1313050 1022.6
1313060 1022.8
1313070 1022.8
1313080 1022.7
1313090 1022.7
1313100 1022.8
1313110 1022.9
1313120 1022.9
1313130 1017.6
1313140 1016.1
1313150 1016.1
1313160 1016.4
1313170 1009.5
1313180 1009.5
1313190 999.5
1313200 995.6
1313210 995.6
1313220 992.2
1313230 980.0
1313240 980.0
1313250 970.1
1313260 964.2
1313270 964.2
1313280 952.4
1313290 949.0
1313300 951.1
1313310 951.1
1313320 952.5
1313330 955.5
1313340 955.5
1313350 960.8
1313360 965.4
1313370 965.4
1313380 967.5
1313390 966.1
1313400 966.1
1313410 966.8
1313420 968.9
1313430 968.9
1313440 969.7
1313450 971.8
1313460 971.8
1313470 976.8
1313480 983.3
1313490 983.3
1313500 989.9
1313510 992.9
1313520 992.9
1313530 997.5
1313540 1001.0
1313550 1003.0
1313560 1003.0
1313570 1005.7
1313580 1007.0
1313590 1007.0
1313600 1006.7
1313610 1005.6
1313620 1005.6
1313630 1003.8
1313640 1002.1
1313650 1002.1
1313660 1000.5
1313670 998.8
1313680 998.8
1313690 996.5
1313700 992.0
1313710 992.0
1313720 988.3
1313730 986.4
1313740 986.4
1313750 985.9
1313760 986.2
1313770 982.3
1313780 982.3
1313790 979.5
1313800 982.0
1313810 982.0
1313820 981.7
1313830 981.8
1313840 981.8
1313850 983.5
1313860 984.7
1313870 972.1
1313880 969.6
1313890 965.9
1313900 965.9
1313910 963.9
1313920 962.0
1313930 962.0
1313940 962.3
1313950 960.2
1313960 960.2
1313970 956.7
1313980 951.3
1313990 941.6
1314000 941.6
1314010 937.7
1314020 937.4
1314030 937.4
1314040 939.4
1314050 944.8
1314060 944.8
1314070 954.4
1314080 962.3
1314090 962.3
1314100 968.5
1314110 973.4
1314120 973.4
1314130 982.1
1314140 988.5
1314150 988.5
1314160 991.5
1314170 995.8
1314180 995.8
1314190 997.8
1314200 997.9
1314210 997.9
1314220 997.7
1314230 997.3
1314240 996.7
1314250 996.7
1314260 995.9
1314270 994.5
1314280 994.5
1314290 992.6
1314300 990.3
1314310 990.3
1314320 988.4
1314330 987.1
1314340 987.1
1314350 986.2
1314360 984.9
1314370 984.9
1314380 983.2
1314390 980.3
1314400 980.3
1314410 976.9
1314420 976.0
1314430 976.0
1314440 973.4
1314450 972.4
1314460 971.6
1314470 971.6
1314480 971.4
1314490 972.5
1314500 972.5
1314510 972.6
1314520 971.7
1314530 971.7
1314540 970.9
1314550 969.1
1314560 969.1
1314570 965.3
1314580 965.6
1314590 965.6
1314600 964.9
1314610 963.3
1314620 954.3
1314630 951.3
1314640 950.7
1314650 950.7
1314660 954.2
1314670 950.8
1314680 950.8
1314690 948.9
1314700 955.3
1314710 960.1
1314720 960.1
1314730 960.1
1314740 959.1
1314750 959.1
1314760 957.9
1314770 956.4
1314780 956.4
1314790 954.6
1314800 952.7
1314810 952.7
1314820 950.3
1314830 946.8
1314840 946.8
1314850 942.4
1314860 937.6
1314870 937.6
1314880 932.5
1314890 927.7
1314900 927.7
1314910 924.7
1314920 924.7
1314930 921.9
1314940 921.9
1314950 921.8
1314960 919.9
1314970 919.9
1314980 915.8
1314990 910.1
1315000 910.1
1315010 905.8
1315020 901.2
1315030 901.2
1315040 896.8
1315050 893.2
1315060 893.2
1315070 892.8
1315080 892.1
1315090 892.1
1315100 889.6
1315110 886.8
1315120 886.8
1315130 884.4
1315140 883.7
1315150 883.7
1315160 883.5
1315170 883.3
1315180 883.2
1315190 883.2
1315200 883.1
1315210 883.1
1315220 883.1
1315230 883.7
1315240 886.2
1315250 886.2
1315260 895.2
1315270 900.3
1315280 900.3
1315290 905.1
1315300 908.5
1315310 908.5
1315320 909.1
1315330 909.5
1315340 909.5
1315350 909.6
1315360 910.7
1315370 916.1
1315380 916.5
1315390 917.1
1315400 918.8
1315410 918.8
1315420 919.0
1315430 918.8
1315440 918.8
1315450 919.0
1315460 919.4
1315470 919.4
1315480 918.9
1315490 917.1
1315500 917.1
1315510 915.7
1315520 915.2
1315530 915.2
1315540 914.0
1315550 912.4
1315560 912.4
1315570 911.2
1315580 911.1
1315590 911.1
1315600 910.3
1315610 909.8
1315620 909.0
1315630 909.0
1315640 908.2
1315650 907.3
1315660 907.3
1315670 906.8
1315680 906.6
1315690 906.6
1315700 906.3
1315710 906.2
1315720 906.2
1315730 906.0
1315740 905.6
1315750 905.6
1315760 905.2
1315770 905.4
1315780 905.4
1315790 906.5
1315800 906.6
1315810 906.6
1315820 906.8
1315830 907.3
1315840 907.3
1315850 908.1
1315860 908.6
1315870 908.4
1315880 908.4
1315890 907.7
1315900 906.2
1315910 906.2
1315920 901.4
1315930 898.4
1315940 898.4
1315950 898.0
1315960 897.8
1315970 897.8
1315980 897.5
1315990 897.3
1316000 897.3
1316010 897.3
1316020 896.5
1316030 896.5
1316040 894.1
1316050 889.0
1316060 889.0
1316070 884.2
1316080 880.7
1316090 878.0
1316100 878.0
1316110 875.6
1316120 871.5
1316130 871.5
1316140 869.5
1316150 865.9
1316160 865.9
1316170 861.7
1316180 858.4
1316190 858.4
1316200 854.8
1316210 850.7
1316220 850.7
1316230 846.6
1316240 843.0
1316250 843.0
1316260 840.0
1316270 837.4
1316280 837.4
1316290 835.1
1316300 833.3
1316310 833.3
1316320 831.9
1316330 831.0
1316340 830.1
1316350 830.1
1316360 829.2
1316370 828.5
1316380 828.5
1316390 828.2
1316400 827.9
1316410 827.9
1316420 827.4
1316430 826.0
1316440 826.0
1316450 824.7
1316460 823.5
1316470 823.5
1316480 822.5
1316490 821.3
1316500 821.3
1316510 820.2
1316520 819.1
1316530 819.1
1316540 817.2
1316550 815.0
1316560 813.3
1316570 813.3
1316580 812.3
1316590 812.4
1316600 812.4
1316610 812.1
1316620 811.5
1316630 811.5
1316640 811.9
1316650 809.9
1316660 809.9
1316670 808.8
1316680 807.6
1316690 807.6
1316700 805.5
1316710 803.6
1316720 803.6
1316730 798.2
1316740 781.8
1316750 781.8
1316760 764.2
1316770 754.3
1316780 754.3
1316790 741.6
1316800 730.1
1316810 721.2
1316820 721.2
1316830 714.4
1316840 705.6
1316850 705.6
1316860 697.2
1316870 689.2
1316880 689.2
1316890 686.1
1316900 684.5
1316910 684.5
1316920 684.2
1316930 683.9
1316940 683.9
1316950 684.0
1316960 684.6
1316970 684.6
1316980 683.8
1316990 678.9
1317000 678.9
1317010 672.3
1317020 667.1
1317030 662.4
1317040 662.4
1317050 658.6
1317060 656.9
1317070 656.9
1317080 657.4
1317090 663.9
1317100 663.9
1317110 667.1
1317120 666.4
1317130 666.4
1317140 665.9
1317150 667.5
1317160 667.5
1317170 670.7
1317180 674.1
1317190 674.1
1317200 676.8
1317210 679.3
1317220 679.3
1317230 682.2
1317240 685.6
1317250 691.4
1317260 691.4
1317270 698.8
1317280 705.8
1317290 705.8
1317300 711.8
1317310 717.3
1317320 717.3
1317330 723.4
1317340 729.9
1317350 729.9
1317360 735.6
1317370 741.0
1317380 741.0
1317390 746.2
1317400 751.1
1317410 751.1
1317420 756.4
1317430 764.3
1317440 764.3
1317450 776.3
1317460 787.5
1317470 787.5
1317480 799.6
1317490 813.8
1317500 825.5
1317510 825.5
1317520 838.2
1317530 864.4
1317540 864.4
1317550 886.2
1317560 904.1
1317570 904.1
1317580 918.8
1317590 931.3
1317600 931.3
1317610 945.6
1317620 956.4
1317630 958.5
1317640 968.0
1317650 977.1
1317660 977.1
1317670 986.0
1317680 993.7
1317690 993.7
1317700 999.1
1317710 1002.7
1317720 1005.6
1317730 1005.6
1317740 1008.9
1317750 1013.2
1317760 1013.2
1317770 1017.0
1317780 1020.1
1317790 1020.1
1317800 1024.0
1317810 1029.1
1317820 1029.1
1317830 1029.0
1317840 1025.2
1317850 1025.2
1317860 1018.2
1317870 1004.3
1317880 1004.3
1317890 991.9
1317900 980.6
1317910 980.6
1317920 971.6
1317930 962.7
1317940 962.7
1317950 949.8
1317960 932.7
1317970 922.5
1317980 922.5
1317990 909.3
1318000 894.4
1318010 894.4
1318020 884.3
1318030 875.5
1318040 875.5
1318050 865.1
1318060 854.4
1318070 854.4
1318080 848.4
1318090 845.7
1318100 845.7
1318110 846.7
1318120 852.5
1318130 852.5
1318140 859.5
1318150 866.4
1318160 866.4
1318170 873.9
1318180 883.7
1318190 893.2
1318200 893.2
1318210 902.4
1318220 918.3
1318230 918.3
1318240 935.6
1318250 946.5
1318260 946.5
1318270 952.3
1318280 955.6
1318290 955.6
1318300 958.1
1318310 960.6
1318320 960.6
1318330 963.4
1318340 966.3
1318350 966.3
1318360 968.4
1318370 970.8
1318380 970.8
1318390 976.5
1318400 979.7
1318410 979.7
1318420 983.0
1318430 985.4
1318440 987.1
1318450 987.1
1318460 988.4
1318470 990.5
1318480 990.5
1318490 993.7
1318500 995.9
1318510 995.9
1318520 997.8
1318530 1000.8
1318540 1000.8
1318550 1004.6
1318560 1008.5
1318570 1008.5
1318580 1012.2
1318590 1017.7
1318600 1017.7
1318610 1023.2
1318620 1027.1
1318630 1027.1
1318640 1028.7
1318650 1031.4
1318660 1033.0
1318670 1033.0
1318680 1035.2
1318690 1041.5
1318700 1041.5
1318710 1047.0
1318720 1048.2
1318730 1048.2
1318740 1052.4
1318750 1053.1
1318760 1053.1
1318770 1053.6
1318780 1057.8
1318790 1057.8
1318800 1060.4
1318810 1062.7
1318820 1062.7
1318830 1064.0
1318840 1064.1
1318850 1064.1
1318860 1064.4
1318870 1064.9
1318880 1065.5
1318890 1065.5
1318900 1064.3
1318910 1060.5
1318920 1060.5
1318930 1056.0
1318940 1051.9
1318950 1051.9
1318960 1047.3
1318970 1039.9
1318980 1039.9
1318990 1033.1
1319000 1027.8
1319010 1027.8
1319020 1022.1
1319030 1018.2
1319040 1018.2
1319050 1015.2
1319060 1012.7
1319070 1012.7
1319080 1009.8
1319090 1006.2
1319100 1006.2
1319110 1002.8
1319120 1000.1
1319130 996.7
1319140 996.7
1319150 994.0
1319160 997.4
1319170 997.4
1319180 993.1
1319190 991.6
1319200 991.6
1319210 996.7
1319220 999.4
1319230 999.4
1319240 999.3
1319250 999.2
1319260 999.2
1319270 999.4
1319280 999.9
1319290 999.9
1319300 1000.7
1319310 1001.9
1319320 1001.9
1319330 1003.0
1319340 1004.3
1319350 1005.8
1319360 1005.8
1319370 1007.7
1319380 1009.9
1319390 1009.9
1319400 1012.6
1319410 1014.7
1319420 1014.7
1319430 1017.3
1319440 1020.2
1319450 1020.2
1319460 1023.0
1319470 1026.1
1319480 1026.1
1319490 1029.4
1319500 1032.8
1319510 1032.8
1319520 1036.0
1319530 1039.1
1319540 1039.1
1319550 1042.6
1319560 1046.2
1319570 1046.2
1319580 1049.3
1319590 1054.7
1319600 1060.5
1319610 1060.5
1319620 1064.8
1319630 1068.4
1319640 1068.4
1319650 1069.9
1319660 1070.9
1319670 1070.9
1319680 1075.3
1319690 1082.2
1319700 1082.2
1319710 1089.2
1319720 1094.4
1319730 1094.4
1319740 1097.3
1319750 1100.2
1319760 1100.2
1319770 1102.0
1319780 1103.2
1319790 1103.2
1319800 1104.1
1319810 1105.0
1319820 1106.6
1319830 1106.6
1319840 1108.2
1319850 1108.9
1319860 1108.9
1319870 1110.1
1319880 1113.1
1319890 1113.1
1319900 1117.0
1319910 1122.1
1319920 1122.1
1319930 1127.8
1319940 1131.8
1319950 1131.8
1319960 1134.4
1319970 1136.4
1319980 1136.4
1319990 1137.1
