1300000 1977.9
1300010 1973.0
1300020 1968.1
1300030 1968.1
1300040 1963.2
1300050 1958.4
1300060 1953.5
1300070 1953.5
1300080 1948.9
1300090 1945.3
1300100 1945.3
1300110 1942.7
1300120 1939.3
1300130 1939.3
1300140 1936.5
1300150 1932.2
1300160 1932.2
1300170 1929.0
1300180 1925.6
1300190 1925.6
1300200 1921.0
1300210 1917.4
1300220 1917.4
1300230 1913.0
1300240 1908.5
1300250 1908.5
1300260 1903.4
1300270 1899.6
1300280 1899.6
1300290 1896.5
1300300 1891.6
1300310 1885.3
1300320 1885.3
1300330 1877.7
1300340 1872.8
1300350 1872.8
1300360 1871.4
1300370 1868.9
1300380 1868.9
1300390 1864.4
1300400 1859.1
1300410 1859.1
1300420 1853.8
1300430 1848.6
1300440 1848.6
1300450 1843.6
1300460 1842.2
1300470 1842.2
1300480 1845.1
1300490 1829.0
1300500 1829.0
1300510 1822.5
1300520 1819.5
1300530 1820.4
1300540 1820.4
1300550 1823.6
1300560 1818.8
1300570 1818.8
1300580 1812.9
1300590 1809.7
1300600 1809.7
1300610 1812.6
1300620 1817.2
1300630 1817.2
1300640 1821.6
1300650 1825.5
1300660 1825.5
1300670 1826.7
1300680 1827.2
1300690 1827.2
1300700 1824.6
1300710 1823.1
1300720 1823.1
1300730 1821.1
1300740 1820.9
1300750 1820.9
1300760 1819.5
1300770 1818.8
1300780 1819.9
1300790 1819.9
1300800 1823.6
1300810 1827.1
1300820 1827.1
1300830 1831.7
1300840 1833.4
1300850 1833.4
1300860 1828.9
1300870 1822.6
1300880 1822.6
1300890 1816.9
1300900 1813.0
1300910 1813.0
1300920 1809.5
1300930 1805.9
1300940 1805.9
1300950 1803.8
1300960 1802.1
1300970 1802.1
1300980 1800.7
1300990 1794.5
1301000 1787.6
1301010 1787.6
1301020 1781.6
1301030 1780.3
1301040 1780.3
1301050 1780.9
1301060 1783.2
1301070 1783.2
1301080 1787.1
1301090 1790.7
1301100 1790.7
1301110 1792.4
1301120 1794.0
1301130 1794.0
1301140 1796.5
1301150 1800.5
1301160 1800.5
1301170 1806.6
1301180 1809.1
1301190 1809.1
1301200 1807.9
1301210 1805.6
1301220 1802.2
1301230 1802.2
1301240 1799.1
1301250 1797.5
1301260 1797.5
1301270 1796.8
1301280 1798.6
1301290 1798.6
1301300 1803.1
1301310 1808.6
1301320 1808.6
1301330 1811.6
1301340 1807.1
1301350 1807.1
1301360 1801.9
1301370 1797.9
1301380 1797.9
1301390 1795.2
1301400 1793.1
1301410 1793.1
1301420 1790.9
1301430 1788.1
1301440 1788.1
1301450 1785.5
1301460 1783.8
1301470 1782.3
1301480 1782.3
1301490 1780.0
1301500 1776.9
1301510 1776.9
1301520 1772.6
1301530 1767.4
1301540 1767.4
1301550 1763.8
1301560 1761.2
1301570 1761.2
1301580 1759.0
1301590 1756.5
1301600 1756.5
1301610 1753.6
1301620 1751.1
1301630 1751.1
1301640 1748.1
1301650 1744.3
1301660 1744.3
1301670 1745.8
1301680 1748.6
1301690 1752.1
1301700 1752.1
1301710 1757.7
1301720 1763.5
1301730 1763.5
1301740 1769.3
1301750 1774.6
1301760 1774.6
1301770 1774.7
1301780 1773.9
1301790 1773.9
1301800 1773.4
1301810 1773.4
1301820 1773.4
1301830 1773.8
1301840 1774.1
1301850 1774.1
1301860 1774.0
1301870 1772.4
1301880 1768.9
1301890 1766.1
1301900 1763.7
1301910 1763.7
1301920 1764.3
1301930 1764.3
1301940 1765.6
1301950 1765.6
1301960 1767.9
1301970 1769.9
1301980 1769.9
1301990 1772.3
1302000 1774.3
1302010 1774.3
1302020 1776.8
1302030 1781.6
1302040 1781.6
1302050 1785.7
1302060 1790.5
1302070 1790.5
1302080 1795.2
1302090 1798.6
1302100 1798.6
1302110 1802.0
1302120 1805.3
1302130 1805.3
1302140 1808.6
1302150 1811.5
1302160 1815.5
1302170 1815.5
1302180 1821.2
1302190 1827.2
1302200 1827.2
1302210 1834.3
1302220 1842.3
1302230 1842.3
1302240 1850.1
1302250 1857.0
1302260 1857.0
1302270 1861.9
1302280 1866.1
1302290 1866.1
1302300 1871.4
1302310 1877.0
1302320 1877.0
1302330 1883.1
1302340 1890.1
1302350 1890.1
1302360 1897.3
1302370 1903.9
1302380 1903.9
1302390 1909.4
1302400 1914.7
1302410 1921.0
1302420 1921.0
1302430 1922.6
1302440 1921.3
1302450 1921.3
1302460 1926.1
1302470 1933.6
1302480 1933.6
1302490 1939.4
1302500 1944.4
1302510 1944.4
1302520 1950.7
1302530 1955.1
1302540 1955.1
1302550 1958.3
1302560 1961.4
1302570 1961.4
1302580 1960.4
1302590 1963.8
1302600 1963.8
1302610 1967.5
1302620 1970.7
1302630 1973.3
1302640 1973.3
1302650 1975.1
1302660 1976.9
1302670 1976.9
1302680 1978.9
1302690 1980.3
1302700 1980.3
1302710 1981.5
1302720 1982.3
1302730 1982.3
1302740 1982.5
1302750 1982.7
1302760 1982.7
1302770 1982.9
1302780 1982.9
1302790 1982.9
1302800 1982.3
1302810 1980.7
1302820 1980.7
1302830 1978.7
1302840 1977.4
1302850 1974.5
1302860 1974.5
1302870 1971.6
1302880 1968.3
1302890 1968.3
1302900 1963.9
1302910 1960.9
1302920 1960.9
1302930 1956.2
1302940 1946.8
1302950 1946.8
1302960 1937.2
1302970 1929.8
1302980 1929.8
1302990 1920.7
1303000 1910.3
1303010 1910.3
1303020 1901.2
1303030 1892.9
1303040 1892.9
1303050 1885.4
1303060 1878.5
1303070 1878.5
1303080 1872.2
1303090 1865.1
1303100 1856.6
1303110 1856.6
1303120 1849.3
1303130 1841.7
1303140 1841.7
1303150 1833.8
1303160 1826.1
1303170 1826.1
1303180 1819.3
1303190 1812.7
1303200 1812.7
1303210 1805.6
1303220 1799.3
1303230 1799.3
1303240 1793.4
1303250 1786.2
1303260 1786.2
1303270 1778.6
1303280 1765.0
1303290 1765.0
1303300 1755.5
1303310 1746.7
1303320 1738.1
1303330 1738.1
1303340 1730.5
1303350 1726.0
1303360 1726.0
1303370 1720.5
1303380 1714.8
1303390 1714.8
1303400 1711.4
1303410 1706.8
1303420 1706.8
1303430 1701.7
1303440 1696.9
1303450 1696.9
1303460 1692.7
1303470 1688.7
1303480 1688.7
1303490 1685.1
1303500 1681.3
1303510 1681.3
1303520 1677.3
1303530 1674.5
1303540 1674.5
1303550 1671.8
1303560 1668.6
1303570 1664.5
1303580 1664.5
1303590 1660.3
1303600 1657.4
1303610 1657.4
1303620 1654.2
1303630 1650.6
1303640 1650.6
1303650 1647.1
1303660 1642.7
1303670 1642.7
1303680 1638.9
1303690 1635.2
1303700 1635.2
1303710 1631.3
1303720 1628.1
1303730 1628.1
1303740 1625.1
1303750 1622.3
1303760 1622.3
1303770 1619.9
1303780 1617.4
1303790 1615.0
1303800 1615.0
1303810 1613.5
1303820 1613.4
1303830 1613.4
1303840 1613.4
1303850 1611.8
1303860 1611.8
1303870 1610.3
1303880 1609.3
1303890 1609.3
1303900 1608.3
1303910 1607.2
1303920 1607.2
1303930 1606.0
1303940 1603.1
1303950 1603.1
1303960 1600.1
1303970 1597.3
1303980 1595.1
1303990 1591.9
1304000 1588.1
1304010 1588.1
1304020 1583.9
1304030 1576.2
1304040 1567.8
1304050 1567.8
1304060 1560.5
1304070 1553.5
1304080 1553.5
1304090 1547.2
1304100 1541.7
1304110 1541.7
1304120 1537.0
1304130 1533.3
1304140 1533.3
1304150 1529.7
1304160 1524.6
1304170 1524.6
1304180 1518.4
1304190 1511.8
1304200 1511.8
1304210 1505.1
1304220 1497.3
1304230 1497.3
1304240 1489.1
1304250 1482.8
1304260 1477.2
1304270 1477.2
1304280 1471.8
1304290 1466.9
1304300 1466.9
1304310 1462.5
1304320 1458.7
1304330 1458.7
1304340 1457.5
1304350 1456.1
1304360 1456.1
1304370 1453.0
1304380 1448.7
1304390 1448.7
1304400 1443.9
1304410 1437.8
1304420 1437.8
1304430 1431.8
1304440 1426.5
1304450 1426.5
1304460 1421.1
1304470 1416.0
1304480 1409.5
1304490 1409.5
1304500 1403.2
1304510 1397.1
1304520 1397.1
1304530 1390.2
1304540 1383.3
1304550 1383.3
1304560 1376.5
1304570 1371.6
1304580 1371.6
1304590 1368.5
1304600 1366.8
1304610 1366.8
1304620 1364.3
1304630 1361.5
1304640 1361.5
1304650 1358.6
1304660 1355.4
1304670 1355.4
1304680 1346.8
1304690 1340.3
1304700 1340.3
1304710 1328.1
1304720 1324.1
1304730 1326.6
1304740 1326.6
1304750 1331.8
1304760 1336.0
1304770 1336.0
1304780 1338.8
1304790 1342.0
1304800 1342.0
1304810 1345.5
1304820 1348.9
1304830 1348.9
1304840 1351.7
1304850 1356.4
1304860 1356.4
1304870 1361.5
1304880 1365.6
1304890 1365.6
1304900 1369.6
1304910 1373.2
1304920 1373.2
1304930 1376.3
1304940 1379.7
1304950 1383.4
1304960 1383.4
1304970 1387.6
1304980 1391.8
1304990 1391.8
1305000 1395.7
1305010 1399.1
1305020 1399.1
1305030 1401.4
1305040 1404.7
1305050 1404.7
1305060 1409.5
1305070 1415.8
1305080 1415.8
1305090 1420.3
1305100 1425.8
1305110 1425.8
1305120 1431.0
1305130 1434.4
1305140 1434.4
1305150 1438.6
1305160 1442.0
1305170 1442.0
1305180 1444.3
1305190 1446.9
1305200 1450.5
1305210 1450.5
1305220 1453.0
1305230 1453.5
1305240 1453.5
1305250 1454.6
1305260 1455.3
1305270 1455.3
1305280 1456.1
1305290 1457.1
1305300 1457.1
1305310 1457.8
1305320 1458.7
1305330 1458.7
1305340 1460.4
1305350 1464.0
1305360 1464.0
1305370 1467.9
1305380 1472.1
1305390 1475.8
1305400 1478.6
1305410 1481.5
1305420 1484.5
1305430 1484.5
1305440 1486.1
1305450 1487.6
1305460 1487.6
1305470 1489.7
1305480 1494.0
1305490 1494.0
1305500 1498.4
1305510 1503.2
1305520 1503.2
1305530 1510.3
1305540 1515.5
1305550 1515.5
1305560 1519.8
1305570 1525.0
1305580 1525.0
1305590 1529.0
1305600 1532.6
1305610 1532.6
1305620 1536.9
1305630 1538.7
1305640 1538.7
1305650 1542.1
1305660 1544.7
1305670 1547.2
1305680 1547.2
1305690 1549.2
1305700 1550.4
1305710 1550.4
1305720 1552.3
1305730 1555.9
1305740 1555.9
1305750 1560.6
1305760 1564.7
1305770 1564.7
1305780 1568.0
1305790 1570.8
1305800 1570.8
1305810 1573.0
1305820 1575.1
1305830 1575.1
1305840 1579.5
1305850 1586.1
1305860 1586.1
1305870 1589.8
1305880 1594.1
1305890 1599.8
1305900 1599.8
1305910 1605.8
1305920 1611.8
1305930 1611.8
1305940 1617.6
1305950 1622.0
1305960 1622.0
1305970 1628.3
1305980 1635.9
1305990 1635.9
1306000 1645.4
1306010 1655.7
1306020 1655.7
1306030 1664.4
1306040 1669.5
1306050 1669.5
1306060 1672.0
1306070 1675.2
1306080 1675.2
1306090 1678.2
1306100 1682.0
1306110 1682.0
1306120 1685.3
1306130 1689.7
1306140 1694.9
1306150 1694.9
1306160 1700.2
1306170 1705.1
1306180 1705.1
1306190 1710.2
1306200 1715.2
1306210 1715.2
1306220 1720.2
1306230 1725.7
1306240 1725.7
1306250 1730.1
1306260 1735.1
1306270 1735.1
1306280 1739.4
1306290 1742.1
1306300 1742.1
1306310 1744.7
1306320 1746.9
1306330 1746.9
1306340 1750.7
1306350 1755.2
1306360 1758.8
1306370 1758.8
1306380 1761.1
1306390 1763.1
1306400 1763.1
1306410 1766.0
1306420 1769.8
1306430 1769.8
1306440 1772.5
1306450 1774.8
1306460 1774.8
1306470 1778.0
1306480 1782.8
1306490 1782.8
1306500 1787.4
1306510 1790.4
1306520 1790.4
1306530 1793.3
1306540 1796.3
1306550 1796.3
1306560 1798.6
1306570 1801.1
1306580 1804.9
1306590 1804.9
1306600 1808.7
1306610 1810.7
1306620 1810.7
1306630 1810.5
1306640 1812.4
1306650 1812.4
1306660 1816.8
1306670 1822.4
1306680 1822.4
1306690 1827.4
1306700 1831.6
1306710 1831.6
1306720 1835.8
1306730 1840.3
1306740 1840.3
1306750 1844.8
1306760 1848.9
1306770 1848.9
1306780 1853.0
1306790 1856.5
1306800 1856.5
1306810 1861.8
1306820 1864.8
1306830 1866.8
1306840 1866.8
1306850 1870.4
1306860 1872.4
1306870 1872.4
1306880 1875.5
1306890 1878.6
1306900 1878.6
1306910 1882.0
1306920 1883.8
1306930 1883.8
1306940 1884.6
1306950 1885.2
1306960 1885.2
1306970 1887.2
1306980 1889.7
1306990 1889.7
1307000 1891.8
1307010 1893.5
1307020 1893.5
1307030 1895.4
1307040 1896.9
1307050 1898.3
1307060 1898.3
1307070 1899.6
1307080 1901.5
1307090 1901.5
1307100 1903.6
1307110 1905.7
1307120 1905.7
1307130 1907.3
1307140 1909.5
1307150 1909.5
1307160 1912.6
1307170 1915.0
1307180 1915.0
1307190 1917.0
1307200 1917.9
1307210 1917.9
1307220 1918.9
1307230 1921.1
1307240 1921.1
1307250 1922.9
1307260 1923.4
1307270 1923.4
1307280 1923.8
1307290 1924.8
1307300 1925.4
1307310 1925.4
1307320 1925.8
1307330 1924.5
1307340 1924.5
1307350 1921.1
1307360 1919.9
1307370 1919.9
1307380 1919.9
1307390 1919.9
1307400 1919.9
1307410 1921.1
1307420 1920.6
1307430 1920.6
1307440 1920.3
1307450 1922.9
1307460 1922.9
1307470 1924.4
1307480 1925.1
1307490 1925.1
1307500 1928.1
1307510 1934.5
1307520 1939.2
1307530 1943.4
1307540 1945.9
1307550 1950.9
1307560 1950.9
1307570 1955.0
1307580 1956.2
1307590 1956.2
1307600 1957.3
1307610 1959.8
1307620 1959.8
1307630 1960.9
1307640 1959.2
1307650 1959.2
1307660 1957.2
1307670 1957.0
1307680 1957.0
1307690 1957.2
1307700 1957.4
1307710 1957.4
1307720 1957.3
1307730 1957.7
1307740 1957.7
1307750 1957.6
1307760 1958.2
1307770 1959.5
1307780 1959.5
1307790 1960.7
1307800 1960.2
1307810 1960.2
1307820 1960.4
1307830 1961.4
1307840 1961.4
1307850 1961.7
1307860 1961.1
1307870 1961.1
1307880 1960.9
1307890 1962.5
1307900 1962.5
1307910 1966.6
1307920 1971.5
1307930 1971.5
1307940 1976.7
1307950 1981.2
1307960 1981.2
1307970 1985.4
1307980 1990.3
1307990 1995.5
1308000 1995.5
1308010 1999.5
1308020 2002.6
1308030 2002.6
1308040 2006.5
1308050 2011.0
1308060 2011.0
1308070 2016.7
1308080 2021.8
1308090 2021.8
1308100 2027.0
1308110 2032.6
1308120 2032.6
1308130 2036.1
1308140 2040.0
1308150 2040.0
1308160 2044.7
1308170 2050.2
1308180 2050.2
1308190 2055.5
1308200 2059.0
1308210 2061.8
1308220 2061.8
1308230 2065.7
1308240 2070.9
1308250 2078.0
1308260 2081.9
1308270 2086.1
1308280 2086.1
1308290 2090.4
1308300 2094.0
1308310 2094.0
1308320 2097.3
1308330 2101.4
1308340 2101.4
1308350 2105.1
1308360 2108.3
1308370 2108.3
1308380 2109.0
1308390 2109.6
1308400 2109.6
1308410 2110.3
1308420 2110.9
1308430 2110.9
1308440 2109.3
1308450 2103.8
1308460 2094.6
1308470 2094.6
1308480 2085.2
1308490 2075.8
1308500 2075.8
1308510 2066.4
1308520 2056.5
1308530 2056.5
1308540 2047.4
1308550 2041.1
1308560 2041.1
1308570 2033.9
1308580 2025.2
1308590 2025.2
1308600 2015.6
1308610 2006.0
1308620 2006.0
1308630 1997.1
1308640 1988.1
1308650 1988.1
1308660 1980.0
1308670 1971.8
1308680 1962.9
1308690 1962.9
1308700 1952.0
1308710 1941.4
1308720 1941.4
1308730 1931.7
1308740 1925.5
1308750 1925.5
1308760 1918.8
1308770 1912.5
1308780 1912.5
1308790 1906.5
1308800 1899.1
1308810 1899.1
1308820 1890.5
1308830 1884.2
1308840 1884.2
1308850 1880.0
1308860 1876.6
1308870 1876.6
1308880 1872.6
1308890 1867.8
1308900 1867.8
1308910 1863.5
1308920 1859.6
1308930 1855.4
1308940 1855.4
1308950 1850.8
1308960 1846.5
1308970 1848.2
1308980 1843.1
1308990 1837.6
1309000 1837.6
1309010 1832.0
1309020 1827.2
1309030 1827.2
1309040 1823.0
1309050 1818.2
1309060 1818.2
1309070 1813.4
1309080 1808.9
1309090 1808.9
1309100 1805.5
1309110 1802.3
1309120 1802.3
1309130 1799.8
1309140 1798.4
1309150 1796.9
1309160 1796.9
1309170 1795.0
1309180 1792.5
1309190 1792.5
1309200 1790.6
1309210 1788.5
1309220 1788.5
1309230 1785.8
1309240 1782.5
1309250 1782.5
1309260 1777.1
1309270 1768.6
1309280 1768.6
1309290 1762.0
1309300 1759.8
1309310 1759.8
1309320 1758.5
1309330 1756.2
1309340 1756.2
1309350 1746.2
1309360 1729.8
1309370 1729.8
1309380 1716.9
1309390 1703.3
1309400 1689.4
1309410 1689.4
1309420 1674.8
1309430 1662.6
1309440 1662.6
1309450 1653.7
1309460 1646.9
1309470 1646.9
1309480 1641.6
1309490 1635.9
1309500 1635.9
1309510 1629.5
1309520 1621.5
1309530 1621.5
1309540 1611.4
1309550 1604.3
1309560 1604.3
1309570 1598.0
1309580 1591.5
1309590 1591.5
1309600 1579.0
1309610 1567.9
1309620 1559.9
1309630 1559.9
1309640 1553.5
1309650 1546.8
1309660 1546.8
1309670 1540.1
1309680 1535.3
1309690 1541.0
1309700 1537.7
1309710 1532.1
1309720 1532.1
1309730 1527.1
1309740 1522.9
1309750 1522.9
1309760 1520.9
1309770 1525.4
1309780 1525.4
1309790 1528.7
1309800 1530.1
1309810 1530.1
1309820 1531.2
1309830 1532.3
1309840 1533.1
1309850 1533.1
1309860 1534.8
1309870 1538.0
1309880 1538.0
1309890 1542.5
1309900 1545.7
1309910 1545.7
1309920 1548.4
1309930 1551.0
1309940 1551.0
1309950 1554.9
1309960 1559.9
1309970 1559.9
1309980 1563.3
1309990 1565.9
1310000 1565.9
1310010 1567.5
1310020 1570.0
1310030 1570.0
1310040 1572.0
1310050 1573.1
1310060 1573.1
1310070 1575.2
1310080 1577.5
1310090 1579.8
1310100 1579.8
1310110 1582.7
1310120 1585.1
1310130 1585.1
1310140 1582.1
1310150 1579.5
1310160 1579.5
1310170 1577.0
1310180 1572.9
1310190 1572.9
1310200 1569.0
1310210 1567.1
1310220 1567.1
1310230 1566.0
1310240 1562.6
1310250 1562.6
1310260 1558.0
1310270 1553.3
1310280 1553.3
1310290 1548.3
1310300 1543.4
1310310 1535.1
1310320 1535.1
1310330 1518.7
1310340 1499.5
1310350 1499.5
1310360 1494.4
1310370 1491.0
1310380 1491.0
1310390 1487.5
1310400 1474.1
1310410 1474.1
1310420 1474.6
1310430 1473.0
1310440 1473.0
1310450 1470.7
1310460 1469.8
1310470 1469.8
1310480 1469.8
1310490 1471.5
1310500 1471.5
1310510 1472.1
1310520 1469.3
1310530 1469.3
1310540 1463.5
1310550 1456.6
1310560 1448.7
1310570 1448.7
1310580 1440.4
1310590 1433.2
1310600 1433.2
1310610 1426.5
1310620 1420.7
1310630 1420.7
1310640 1416.2
1310650 1415.2
1310660 1415.2
1310670 1413.5
1310680 1410.8
1310690 1410.8
1310700 1406.9
1310710 1403.0
1310720 1403.0
1310730 1399.3
1310740 1395.6
1310750 1395.6
1310760 1393.3
1310770 1391.7
1310780 1386.4
1310790 1386.4
1310800 1377.6
1310810 1370.3
1310820 1370.3
1310830 1366.7
1310840 1364.5
1310850 1364.5
1310860 1363.1
1310870 1360.5
1310880 1360.5
1310890 1356.3
1310900 1352.4
1310910 1352.4
1310920 1351.0
1310930 1349.2
1310940 1349.2
1310950 1345.9
1310960 1342.4
1310970 1342.4
1310980 1339.3
1310990 1337.4
1311000 1337.4
1311010 1335.9
1311020 1333.8
1311030 1333.4
1311040 1333.4
1311050 1334.1
1311060 1334.5
1311070 1334.5
1311080 1334.3
1311090 1333.0
1311100 1333.0
1311110 1331.1
1311120 1329.3
1311130 1329.3
1311140 1327.6
1311150 1332.6
1311160 1332.6
1311170 1331.8
1311180 1328.8
1311190 1328.8
1311200 1326.9
1311210 1326.4
1311220 1326.4
1311230 1326.6
1311240 1326.5
1311250 1326.5
1311260 1326.5
1311270 1326.3
1311280 1326.4
1311290 1326.4
1311300 1326.6
1311310 1325.3
1311320 1325.3
1311330 1323.4
1311340 1319.8
1311350 1319.8
1311360 1314.3
1311370 1310.4
1311380 1310.4
1311390 1307.3
1311400 1305.0
1311410 1305.0
1311420 1302.6
1311430 1299.7
1311440 1299.7
1311450 1296.4
1311460 1293.5
1311470 1290.9
1311480 1290.9
1311490 1287.8
1311500 1286.0
1311510 1286.0
1311520 1283.9
1311530 1279.6
1311540 1279.6
1311550 1276.4
1311560 1269.6
1311570 1269.6
1311580 1254.6
1311590 1252.0
1311600 1252.0
1311610 1253.8
1311620 1255.9
1311630 1255.9
1311640 1257.8
1311650 1256.1
1311660 1256.1
1311670 1251.7
1311680 1249.9
1311690 1249.9
1311700 1248.6
1311710 1245.4
1311720 1242.2
1311730 1242.2
1311740 1239.3
1311750 1236.0
1311760 1236.0
1311770 1232.5
1311780 1230.6
1311790 1230.6
1311800 1229.3
1311810 1226.2
1311820 1226.2
1311830 1223.4
1311840 1221.2
1311850 1221.2
1311860 1219.0
1311870 1216.6
1311880 1216.6
1311890 1220.9
1311900 1219.3
1311910 1219.3
1311920 1216.9
1311930 1214.7
1311940 1213.2
1311950 1213.2
1311960 1211.7
1311970 1210.2
1311980 1210.2
1311990 1208.3
1312000 1205.8
1312010 1205.8
1312020 1203.6
1312030 1202.1
1312040 1202.1
1312050 1200.1
1312060 1197.9
1312070 1197.9
1312080 1195.8
1312090 1193.8
1312100 1193.8
1312110 1191.3
1312120 1189.0
1312130 1189.0
1312140 1188.1
1312150 1187.0
1312160 1187.0
1312170 1185.2
1312180 1182.9
1312190 1181.0
1312200 1181.0
1312210 1179.6
1312220 1177.4
1312230 1177.4
1312240 1174.8
1312250 1171.6
1312260 1171.6
1312270 1168.0
1312280 1164.5
1312290 1164.5
1312300 1162.8
1312310 1164.2
1312320 1164.2
1312330 1164.2
1312340 1164.1
1312350 1164.1
1312360 1163.0
1312370 1161.6
1312380 1161.6
1312390 1160.7
1312400 1159.5
1312410 1158.1
1312420 1158.1
1312430 1157.0
1312440 1155.4
1312450 1155.4
1312460 1152.6
1312470 1148.3
1312480 1148.3
1312490 1142.2
1312500 1134.6
1312510 1134.6
1312520 1129.2
1312530 1125.0
1312540 1125.0
1312550 1121.1
1312560 1118.2
1312570 1118.2
1312580 1115.3
1312590 1112.3
1312600 1112.3
1312610 1107.7
1312620 1107.0
1312630 1106.5
1312640 1106.5
1312650 1105.7
1312660 1104.4
1312670 1104.4
1312680 1103.0
1312690 1102.0
1312700 1102.0
1312710 1099.6
1312720 1095.4
1312730 1095.4
1312740 1093.0
1312750 1092.4
1312760 1092.4
1312770 1090.9
1312780 1089.3
1312790 1089.3
1312800 1087.5
1312810 1085.5
1312820 1085.5
1312830 1084.2
1312840 1083.5
1312850 1083.5
1312860 1082.5
1312870 1081.6
1312880 1079.8
1312890 1079.8
1312900 1075.7
1312910 1073.0
1312920 1073.0
1312930 1068.2
1312940 1064.8
1312950 1064.8
1312960 1063.5
1312970 1061.4
1312980 1061.4
1312990 1057.6
1313000 1051.4
1313010 1051.4
1313020 1044.5
1313030 1037.7
1313040 1037.7
1313050 1034.2
1313060 1039.2
1313070 1039.2
1313080 1045.6
1313090 1051.0
1313100 1057.5
1313110 1057.5
1313120 1064.5
1313130 1067.7
1313140 1067.7
1313150 1068.9
1313160 1069.0
1313170 1069.0
1313180 1069.4
1313190 1070.3
1313200 1070.3
1313210 1070.4
1313220 1068.1
1313230 1068.1
1313240 1064.8
1313250 1062.7
1313260 1062.7
1313270 1061.7
1313280 1060.5
1313290 1060.5
1313300 1059.5
1313310 1059.0
1313320 1059.0
1313330 1058.1
1313340 1056.7
1313350 1050.9
1313360 1056.4
1313370 1054.9
1313380 1059.1
1313390 1059.1
1313400 1059.9
1313410 1059.4
1313420 1059.4
1313430 1058.5
1313440 1057.7
1313450 1057.7
1313460 1054.7
1313470 1048.2
1313480 1048.2
1313490 1045.2
1313500 1042.8
1313510 1042.8
1313520 1039.2
1313530 1037.6
1313540 1037.6
1313550 1037.6
1313560 1037.0
1313570 1035.0
1313580 1035.0
1313590 1032.2
1313600 1029.8
1313610 1029.8
1313620 1028.2
1313630 1026.4
1313640 1026.4
1313650 1028.4
1313660 1032.1
1313670 1032.1
1313680 1034.4
1313690 1038.8
1313700 1038.8
1313710 1043.3
1313720 1046.2
1313730 1046.2
1313740 1047.2
1313750 1047.9
1313760 1047.9
1313770 1048.8
1313780 1049.3
1313790 1049.3
1313800 1048.2
1313810 1046.7
1313820 1045.5
1313830 1045.5
1313840 1044.5
1313850 1043.1
1313860 1043.1
1313870 1041.6
1313880 1040.3
1313890 1040.3
1313900 1039.4
1313910 1039.0
1313920 1039.0
1313930 1038.8
1313940 1038.3
1313950 1038.3
1313960 1037.1
1313970 1036.1
1313980 1036.1
1313990 1035.4
1314000 1034.8
1314010 1034.8
1314020 1034.0
1314030 1032.0
1314040 1030.2
1314050 1030.2
1314060 1028.2
1314070 1025.8
1314080 1025.8
1314090 1023.3
1314100 1021.0
1314110 1023.4
1314120 1022.4
1314130 1021.9
1314140 1021.9
1314150 1021.3
1314160 1020.7
1314170 1020.7
1314180 1020.6
1314190 1020.9
1314200 1020.9
1314210 1021.0
1314220 1021.0
1314230 1021.0
1314240 1021.1
1314250 1020.9
1314260 1020.2
1314270 1020.2
1314280 1019.1
1314290 1018.0
1314300 1018.0
1314310 1017.4
1314320 1012.6
1314330 1012.6
1314340 1011.3
1314350 1017.4
1314360 1017.4
1314370 1020.1
1314380 1020.2
1314390 1020.2
1314400 1019.9
1314410 1019.8
1314420 1019.8
1314430 1020.2
1314440 1018.7
1314450 1018.7
1314460 1013.9
1314470 1007.2
1314480 1007.2
1314490 1000.8
1314500 996.3
1314510 994.8
1314520 994.8
1314530 994.0
1314540 993.5
1314550 993.5
1314560 993.6
1314570 996.4
1314580 996.4
1314590 997.9
1314600 999.5
1314610 999.5
1314620 1003.4
1314630 1007.6
1314640 1007.6
1314650 1008.3
1314660 1006.5
1314670 1006.5
1314680 1001.4
1314690 996.2
1314700 996.2
1314710 994.3
1314720 995.5
1314730 993.4
1314740 993.4
1314750 991.0
1314760 989.4
1314770 989.4
1314780 987.6
1314790 985.1
1314800 985.1
1314810 983.3
1314820 981.6
1314830 981.6
1314840 980.5
1314850 981.8
1314860 981.8
1314870 980.8
1314880 979.5
1314890 979.5
1314900 978.3
1314910 976.8
1314920 976.8
1314930 975.6
1314940 975.9
1314950 975.9
1314960 976.1
1314970 974.9
1314980 973.4
1314990 973.4
1315000 971.8
1315010 970.1
1315020 970.1
1315030 968.9
1315040 967.9
1315050 967.9
1315060 966.9
1315070 965.8
1315080 965.8
1315090 964.3
1315100 962.3
1315110 962.3
1315120 960.2
1315130 958.7
1315140 958.7
1315150 957.0
1315160 955.9
1315170 955.9
1315180 954.1
1315190 952.0
1315200 950.6
1315210 950.6
1315220 949.1
1315230 947.5
1315240 947.5
1315250 946.8
1315260 946.2
1315270 946.2
1315280 945.5
1315290 944.9
1315300 944.9
1315310 943.8
1315320 942.3
1315330 942.3
1315340 941.0
1315350 939.5
1315360 939.5
1315370 938.4
1315380 937.5
1315390 937.5
1315400 936.4
1315410 935.2
1315420 935.2
1315430 934.3
1315440 933.5
1315450 932.1
1315460 932.1
1315470 931.8
1315480 931.7
1315490 931.7
1315500 931.5
1315510 930.0
1315520 930.0
1315530 926.8
1315540 925.6
1315550 925.6
1315560 925.0
1315570 924.3
1315580 924.3
1315590 923.5
1315600 923.7
1315610 923.7
1315620 922.5
1315630 922.1
1315640 922.1
1315650 921.0
1315660 919.8
1315670 918.3
1315680 918.3
1315690 916.8
1315700 915.7
1315710 915.7
1315720 914.3
1315730 912.6
1315740 912.6
1315750 910.9
1315760 909.0
1315770 909.0
1315780 907.2
1315790 905.6
1315800 905.6
1315810 903.9
1315820 902.6
1315830 902.6
1315840 901.3
1315850 899.0
1315860 899.0
1315870 896.1
1315880 893.5
1315890 890.3
1315900 890.3
1315910 887.6
1315920 885.9
1315930 885.9
1315940 884.3
1315950 881.8
1315960 881.8
1315970 879.5
1315980 876.9
1315990 876.9
1316000 873.7
1316010 870.5
1316020 870.5
1316030 867.3
1316040 864.4
1316050 864.4
1316060 862.0
1316070 860.3
1316080 860.3
1316090 859.5
1316100 858.7
1316110 858.7
1316120 858.0
1316130 857.4
1316140 857.0
1316150 857.0
1316160 855.5
1316170 853.2
1316180 853.2
1316190 852.1
1316200 850.4
1316210 850.4
1316220 847.7
1316230 845.2
1316240 845.2
1316250 843.6
1316260 841.9
1316270 841.9
1316280 839.5
1316290 837.4
1316300 837.4
1316310 836.4
1316320 835.7
1316330 835.7
1316340 835.2
1316350 835.7
1316360 836.0
1316370 836.0
1316380 835.3
1316390 834.3
1316400 834.3
1316410 833.2
1316420 831.8
1316430 831.8
1316440 829.5
1316450 826.3
1316460 826.3
1316470 821.0
1316480 817.5
1316490 817.5
1316500 815.4
1316510 810.0
1316520 810.0
1316530 806.6
1316540 802.6
1316550 802.6
1316560 798.6
1316570 795.0
1316580 795.0
1316590 791.6
1316600 785.3
1316610 774.6
1316620 774.6
1316630 763.7
1316640 755.9
1316650 755.9
1316660 748.8
1316670 742.8
1316680 742.8
1316690 738.1
1316700 734.2
1316710 734.2
1316720 729.7
1316730 727.0
1316740 727.0
1316750 725.0
1316760 721.9
1316770 721.9
1316780 718.0
1316790 714.7
1316800 714.7
1316810 713.0
1316820 712.2
1316830 710.7
1316840 710.7
1316850 708.7
1316860 707.0
1316870 707.0
1316880 705.6
1316890 704.3
1316900 704.3
1316910 703.1
1316920 701.6
1316930 701.6
1316940 698.9
1316950 695.8
1316960 695.8
1316970 693.0
1316980 691.0
1316990 691.0
1317000 686.8
1317010 676.7
1317020 676.7
1317030 669.0
1317040 663.7
1317050 660.4
1317060 660.4
1317070 661.2
1317080 667.0
1317090 667.0
1317100 676.5
1317110 692.6
1317120 692.6
1317130 693.9
1317140 694.9
1317150 694.9
1317160 697.4
1317170 702.5
1317180 702.5
1317190 708.8
1317200 716.2
1317210 716.2
1317220 723.6
1317230 730.5
1317240 730.5
1317250 737.3
1317260 744.7
1317270 744.7
1317280 752.2
1317290 759.2
1317300 766.4
1317310 766.4
1317320 773.7
1317330 781.9
1317340 781.9
1317350 790.3
1317360 798.5
1317370 798.5
1317380 810.2
1317390 822.6
1317400 822.6
1317410 836.5
1317420 852.4
1317430 852.4
1317440 869.7
1317450 892.6
1317460 892.6
1317470 924.5
1317480 947.1
1317490 947.1
1317500 968.7
1317510 985.7
1317520 1000.2
1317530 1000.2
1317540 1009.7
1317550 1014.9
1317560 1014.9
1317570 1019.4
1317580 1024.3
1317590 1024.3
1317600 1031.2
1317610 1035.9
1317620 1035.9
1317630 1035.5
1317640 1033.4
1317650 1033.4
1317660 1032.6
1317670 1033.6
1317680 1033.6
1317690 1035.7
1317700 1038.1
1317710 1038.1
1317720 1040.2
1317730 1040.6
1317740 1040.6
1317750 1039.0
1317760 1036.9
1317770 1034.1
1317780 1034.1
1317790 1027.5
1317800 1017.9
1317810 1017.9
1317820 1009.2
1317830 1001.2
1317840 1001.2
1317850 988.5
1317860 973.7
1317870 977.3
1317880 959.0
1317890 943.6
1317900 943.6
1317910 933.2
1317920 923.2
1317930 923.2
1317940 913.0
1317950 904.1
1317960 904.1
1317970 895.5
1317980 885.9
1317990 875.5
1318000 875.5
1318010 871.6
1318020 874.4
1318030 874.4
1318040 883.4
1318050 891.2
1318060 891.2
1318070 895.3
1318080 901.8
1318090 901.8
1318100 906.1
1318110 912.3
1318120 912.3
1318130 921.2
1318140 929.2
1318150 929.2
1318160 937.3
1318170 946.4
1318180 946.4
1318190 960.0
1318200 976.7
1318210 976.7
1318220 989.4
1318230 997.2
1318240 1003.5
1318250 1003.5
1318260 1008.1
1318270 1011.7
1318280 1011.7
1318290 1015.5
1318300 1019.5
1318310 1019.5
1318320 1024.1
1318330 1028.7
1318340 1028.7
1318350 1032.8
1318360 1037.2
1318370 1037.2
1318380 1042.3
1318390 1048.4
1318400 1048.4
1318410 1053.6
1318420 1058.7
1318430 1058.7
1318440 1063.8
1318450 1068.0
1318460 1069.7
1318470 1069.7
1318480 1070.9
1318490 1073.2
1318500 1073.2
1318510 1076.6
1318520 1080.9
1318530 1080.9
1318540 1084.4
1318550 1087.3
1318560 1087.3
1318570 1088.6
1318580 1088.3
1318590 1088.3
1318600 1086.8
1318610 1086.3
1318620 1086.3
1318630 1093.3
1318640 1096.6
1318650 1096.6
1318660 1098.0
1318670 1099.9
1318680 1102.7
1318690 1102.7
1318700 1106.0
1318710 1108.7
1318720 1108.7
1318730 1110.5
1318740 1114.1
1318750 1114.1
1318760 1120.6
1318770 1128.1
1318780 1128.1
1318790 1133.6
1318800 1138.8
1318810 1138.8
1318820 1144.8
1318830 1151.2
1318840 1151.2
1318850 1157.5
1318860 1161.4
1318870 1161.4
1318880 1163.2
1318890 1164.3
1318900 1164.3
1318910 1165.2
1318920 1165.1
1318930 1163.0
1318940 1163.0
1318950 1158.4
1318960 1151.2
1318970 1151.2
1318980 1145.4
1318990 1139.2
1319000 1139.2
1319010 1133.2
1319020 1126.9
1319030 1126.9
1319040 1121.9
1319050 1117.8
1319060 1117.8
1319070 1113.6
1319080 1109.4
1319090 1109.4
1319100 1105.4
1319110 1101.9
1319120 1101.9
1319130 1100.4
1319140 1098.9
1319150 1097.8
1319160 1097.8
1319170 1094.6
1319180 1089.8
1319190 1089.8
1319200 1084.2
1319210 1081.8
1319220 1081.8
1319230 1084.7
1319240 1088.4
1319250 1088.4
1319260 1089.7
1319270 1091.6
1319280 1091.6
1319290 1095.9
1319300 1099.5
1319310 1099.5
1319320 1101.7
1319330 1103.6
1319340 1103.6
1319350 1105.7
1319360 1108.7
1319370 1108.7
1319380 1112.4
1319390 1116.5
1319400 1126.9
1319410 1126.9
1319420 1131.7
1319430 1135.8
1319440 1135.8
1319450 1139.2
1319460 1142.1
1319470 1142.1
1319480 1144.4
1319490 1146.6
1319500 1146.6
1319510 1149.0
1319520 1151.8
1319530 1151.8
1319540 1153.6
1319550 1154.8
1319560 1154.8
1319570 1156.5
1319580 1158.7
1319590 1158.7
1319600 1160.8
1319610 1162.7
1319620 1164.7
1319630 1164.7
1319640 1166.7
1319650 1168.2
1319660 1168.2
1319670 1169.9
1319680 1171.5
1319690 1171.5
1319700 1173.3
1319710 1175.7
1319720 1175.7
1319730 1179.5
1319740 1183.9
1319750 1183.9
1319760 1187.9
1319770 1191.7
1319780 1191.7
1319790 1195.1
1319800 1197.0
1319810 1197.0
1319820 1196.3
1319830 1195.6
1319840 1195.5
1319850 1195.5
1319860 1196.0
1319870 1196.2
1319880 1196.2
1319890 1195.3
1319900 1194.2
1319910 1194.2
1319920 1193.7
1319930 1194.9
1319940 1194.9
1319950 1196.8
1319960 1199.0
1319970 1199.0
1319980 1201.9
1319990 1204.6
