1300000 2117.3
1300010 2112.3
1300020 2108.1
1300030 2108.1
1300040 2104.0
1300050 2099.8
1300060 2099.8
1300070 2096.2
1300080 2092.8
1300090 2092.8
1300100 2088.7
1300110 2086.0
1300120 2086.0
1300130 2081.9
1300140 2078.0
1300150 2078.0
1300160 2073.1
1300170 2069.4
1300180 2069.4
1300190 2066.3
1300200 2063.1
1300210 2063.1
1300220 2060.3
1300230 2054.7
1300240 2042.6
1300250 2042.6
1300260 2030.1
1300270 2028.3
1300280 2028.3
1300290 2027.0
1300300 2031.6
1300310 2031.6
1300320 2029.8
1300330 2033.6
1300340 2033.6
1300350 2040.0
1300360 2038.8
1300370 2038.8
1300380 2037.8
1300390 2037.3
1300400 2037.3
1300410 2037.6
1300420 2036.8
1300430 2036.8
1300440 2034.8
1300450 2032.1
1300460 2032.1
1300470 2029.5
1300480 2026.7
1300490 2023.5
1300500 2023.5
1300510 2019.5
1300520 2014.7
1300530 2014.7
1300540 2008.3
1300550 2003.1
1300560 2003.1
1300570 1998.4
1300580 1992.2
1300590 1992.2
1300600 1986.8
1300610 1982.0
1300620 1982.0
1300630 1976.4
1300640 1970.7
1300650 1970.7
1300660 1965.5
1300670 1963.9
1300680 1963.9
1300690 1962.8
1300700 1961.0
1300710 1959.1
1300720 1959.1
1300730 1957.3
1300740 1955.2
1300750 1955.2
1300760 1953.4
1300770 1951.8
1300780 1951.8
1300790 1949.9
1300800 1948.9
1300810 1948.9
1300820 1949.6
1300830 1951.0
1300840 1951.0
1300850 1950.9
1300860 1950.2
1300870 1950.2
1300880 1950.8
1300890 1952.1
1300900 1952.1
1300910 1952.0
1300920 1943.8
1300930 1943.8
1300940 1940.8
1300950 1936.2
1300960 1930.1
1300970 1930.1
1300980 1924.3
1300990 1922.9
1301000 1922.9
1301010 1922.2
1301020 1916.9
1301030 1916.9
1301040 1909.2
1301050 1898.7
1301060 1898.7
1301070 1891.7
1301080 1892.2
1301090 1892.2
1301100 1895.7
1301110 1898.0
1301120 1898.0
1301130 1904.9
1301140 1912.3
1301150 1912.3
1301160 1917.5
1301170 1922.1
1301180 1926.7
1301190 1926.7
1301200 1931.8
1301210 1936.3
1301220 1936.3
1301230 1936.4
1301240 1935.4
1301250 1935.4
1301260 1933.0
1301270 1930.3
1301280 1930.3
1301290 1926.1
1301300 1921.0
1301310 1921.0
1301320 1916.7
1301330 1913.9
1301340 1913.9
1301350 1912.2
1301360 1910.4
1301370 1910.4
1301380 1908.7
1301390 1908.7
1301400 1908.7
1301410 1907.9
1301420 1905.6
1301430 1900.3
1301440 1900.3
1301450 1899.8
1301460 1900.5
1301470 1900.5
1301480 1903.7
1301490 1905.1
1301500 1905.1
1301510 1904.2
1301520 1907.4
1301530 1907.4
1301540 1907.0
1301550 1905.3
1301560 1905.3
1301570 1903.5
1301580 1901.3
1301590 1901.3
1301600 1902.0
1301610 1895.9
1301620 1895.9
1301630 1894.9
1301640 1894.0
1301650 1893.5
1301660 1893.5
1301670 1893.1
1301680 1892.3
1301690 1892.3
1301700 1891.8
1301710 1897.9
1301720 1897.9
1301730 1901.8
1301740 1903.5
1301750 1903.5
1301760 1904.4
1301770 1904.4
1301780 1904.4
1301790 1904.8
1301800 1908.5
1301810 1908.5
1301820 1913.9
1301830 1919.0
1301840 1919.0
1301850 1923.3
1301860 1928.4
1301870 1928.4
1301880 1936.5
1301890 1942.9
1301900 1946.5
1301910 1946.5
1301920 1950.8
1301930 1958.0
1301940 1958.0
1301950 1967.1
1301960 1978.2
1301970 1978.2
1301980 1985.6
1301990 1989.0
1302000 1989.0
1302010 1995.5
1302020 2002.6
1302030 2002.6
1302040 2007.1
1302050 2005.6
1302060 2005.6
1302070 2004.0
1302080 2002.8
1302090 2002.8
1302100 2006.7
1302110 2012.2
1302120 2014.3
1302130 2014.3
1302140 2017.1
1302150 2022.1
1302160 2022.1
1302170 2028.3
1302180 2034.5
1302190 2034.5
1302200 2041.2
1302210 2048.6
1302220 2048.6
1302230 2056.4
1302240 2063.9
1302250 2063.9
1302260 2069.9
1302270 2075.9
1302280 2075.9
1302290 2084.1
1302300 2090.8
1302310 2086.4
1302320 2090.5
1302330 2095.1
1302340 2099.6
1302350 2099.6
1302360 2102.2
1302370 2102.5
1302380 2102.5
1302390 2102.3
1302400 2102.7
1302410 2102.7
1302420 2103.1
1302430 2102.7
1302440 2102.7
1302450 2101.8
1302460 2100.8
1302470 2100.8
1302480 2099.2
1302490 2097.2
1302500 2097.2
1302510 2094.9
1302520 2093.0
1302530 2093.0
1302540 2091.5
1302550 2088.9
1302560 2088.9
1302570 2087.0
1302580 2086.0
1302590 2083.5
1302600 2083.5
1302610 2079.6
1302620 2074.9
1302630 2074.9
1302640 2069.9
1302650 2064.5
1302660 2064.5
1302670 2059.9
1302680 2055.8
1302690 2055.8
1302700 2052.1
1302710 2049.1
1302720 2049.1
1302730 2045.9
1302740 2042.2
1302750 2042.2
1302760 2038.2
1302770 2033.6
1302780 2033.6
1302790 2027.6
1302800 2020.7
1302810 2015.2
1302820 2015.2
1302830 2010.1
1302840 2006.8
1302850 2006.8
1302860 2005.0
1302870 2003.8
1302880 2003.8
1302890 2001.2
1302900 1998.5
1302910 1998.5
1302920 1995.4
1302930 1991.3
1302940 1991.3
1302950 1987.0
1302960 1983.1
1302970 1983.1
1302980 1980.6
1302990 1978.9
1303000 1978.9
1303010 1974.7
1303020 1971.1
1303030 1971.1
1303040 1970.7
1303050 1969.4
1303060 1965.7
1303070 1965.7
1303080 1961.1
1303090 1956.2
1303100 1956.2
1303110 1950.4
1303120 1945.1
1303130 1945.1
1303140 1940.9
1303150 1937.3
1303160 1937.3
1303170 1934.0
1303180 1930.3
1303190 1930.3
1303200 1926.2
1303210 1922.1
1303220 1922.1
1303230 1918.6
1303240 1914.3
1303250 1914.3
1303260 1910.1
1303270 1905.3
1303280 1901.1
1303290 1901.1
1303300 1897.0
1303310 1893.3
1303320 1893.3
1303330 1889.9
1303340 1887.1
1303350 1887.1
1303360 1883.6
1303370 1880.8
1303380 1880.8
1303390 1877.3
1303400 1873.8
1303410 1873.8
1303420 1870.4
1303430 1866.9
1303440 1866.9
1303450 1863.4
1303460 1860.5
1303470 1860.5
1303480 1856.6
1303490 1851.6
1303500 1851.6
1303510 1846.2
1303520 1841.5
1303530 1837.7
1303540 1837.7
1303550 1833.1
1303560 1827.9
1303570 1827.9
1303580 1824.2
1303590 1821.2
1303600 1821.2
1303610 1816.7
1303620 1813.1
1303630 1813.1
1303640 1810.0
1303650 1806.5
1303660 1806.5
1303670 1801.8
1303680 1796.1
1303690 1796.1
1303700 1790.1
1303710 1780.9
1303720 1780.9
1303730 1775.2
1303740 1769.6
1303750 1763.8
1303760 1763.8
1303770 1758.0
1303780 1752.6
1303790 1752.6
1303800 1748.8
1303810 1743.9
1303820 1743.9
1303830 1736.8
1303840 1728.3
1303850 1728.3
1303860 1721.8
1303870 1716.8
1303880 1716.8
1303890 1713.7
1303900 1710.9
1303910 1710.9
1303920 1706.1
1303930 1698.9
1303940 1698.9
1303950 1693.5
1303960 1687.9
1303970 1687.9
1303980 1683.1
1303990 1678.2
1304000 1672.8
1304010 1672.8
1304020 1666.9
1304030 1660.7
1304040 1660.7
1304050 1654.7
1304060 1647.9
1304070 1647.9
1304080 1642.3
1304090 1635.4
1304100 1635.4
1304110 1629.4
1304120 1621.4
1304130 1621.4
1304140 1610.7
1304150 1597.8
1304160 1597.8
1304170 1587.5
1304180 1579.1
1304190 1579.1
1304200 1571.1
1304210 1563.4
1304220 1556.7
1304230 1556.7
1304240 1549.5
1304250 1542.9
1304260 1542.9
1304270 1536.9
1304280 1532.0
1304290 1532.0
1304300 1527.3
1304310 1522.9
1304320 1522.9
1304330 1518.5
1304340 1514.0
1304350 1514.0
1304360 1509.5
1304370 1504.9
1304380 1504.9
1304390 1499.0
1304400 1492.1
1304410 1491.7
1304420 1479.6
1304430 1465.6
1304440 1465.6
1304450 1455.4
1304460 1446.7
1304470 1438.4
1304480 1438.4
1304490 1431.9
1304500 1426.5
1304510 1426.5
1304520 1421.0
1304530 1414.6
1304540 1414.6
1304550 1408.0
1304560 1401.5
1304570 1401.5
1304580 1395.2
1304590 1390.1
1304600 1390.1
1304610 1385.1
1304620 1380.0
1304630 1380.0
1304640 1374.7
1304650 1370.0
1304660 1370.0
1304670 1365.8
1304680 1361.0
1304690 1355.5
1304700 1355.5
1304710 1350.3
1304720 1344.8
1304730 1344.8
1304740 1339.8
1304750 1334.5
1304760 1334.5
1304770 1329.4
1304780 1324.8
1304790 1324.8
1304800 1320.4
1304810 1317.6
1304820 1317.6
1304830 1316.2
1304840 1315.3
1304850 1315.3
1304860 1315.1
1304870 1315.1
1304880 1315.1
1304890 1314.6
1304900 1313.2
1304910 1311.8
1304920 1311.8
1304930 1310.8
1304940 1309.1
1304950 1309.1
1304960 1307.4
1304970 1305.4
1304980 1305.4
1304990 1303.5
1305000 1301.4
1305010 1301.4
1305020 1302.2
1305030 1305.2
1305040 1305.2
1305050 1308.6
1305060 1311.4
1305070 1311.4
1305080 1314.2
1305090 1316.5
1305100 1316.5
1305110 1316.1
1305120 1319.8
1305130 1319.8
1305140 1317.9
1305150 1315.3
1305160 1316.7
1305170 1316.7
1305180 1320.1
1305190 1324.0
1305200 1324.0
1305210 1328.5
1305220 1332.8
1305230 1332.8
1305240 1338.5
1305250 1344.0
1305260 1344.0
1305270 1349.8
1305280 1354.7
1305290 1354.7
1305300 1357.6
1305310 1357.9
1305320 1357.9
1305330 1359.4
1305340 1361.1
1305350 1361.1
1305360 1362.8
1305370 1366.6
1305380 1371.4
1305390 1371.4
1305400 1375.7
1305410 1380.1
1305420 1380.1
1305430 1384.0
1305440 1388.5
1305450 1388.5
1305460 1393.0
1305470 1397.6
1305480 1397.6
1305490 1401.7
1305500 1405.7
1305510 1405.7
1305520 1410.5
1305530 1415.7
1305540 1415.7
1305550 1420.9
1305560 1426.9
1305570 1426.9
1305580 1431.7
1305590 1432.7
1305600 1432.7
1305610 1435.5
1305620 1441.3
1305630 1446.9
1305640 1446.9
1305650 1453.5
1305660 1461.8
1305670 1461.8
1305680 1470.5
1305690 1475.1
1305700 1475.1
1305710 1478.2
1305720 1482.2
1305730 1482.2
1305740 1487.8
1305750 1494.2
1305760 1494.2
1305770 1499.0
1305780 1502.3
1305790 1502.3
1305800 1505.1
1305810 1506.4
1305820 1506.4
1305830 1512.7
1305840 1517.5
1305850 1523.0
1305860 1523.0
1305870 1528.5
1305880 1534.4
1305890 1534.4
1305900 1540.5
1305910 1544.7
1305920 1544.7
1305930 1549.0
1305940 1554.0
1305950 1554.0
1305960 1557.8
1305970 1560.1
1305980 1560.1
1305990 1562.1
1306000 1564.7
1306010 1564.7
1306020 1567.0
1306030 1569.6
1306040 1569.6
1306050 1571.9
1306060 1574.4
1306070 1574.4
1306080 1577.3
1306090 1580.3
1306100 1583.8
1306110 1583.8
1306120 1587.4
1306130 1590.0
1306140 1590.0
1306150 1591.6
1306160 1593.1
1306170 1593.1
1306180 1596.5
1306190 1601.3
1306200 1601.3
1306210 1605.8
1306220 1609.8
1306230 1609.8
1306240 1612.4
1306250 1614.0
1306260 1614.0
1306270 1617.2
1306280 1622.4
1306290 1622.4
1306300 1625.3
1306310 1626.5
1306320 1628.4
1306330 1628.4
1306340 1630.6
1306350 1631.6
1306360 1631.6
1306370 1632.8
1306380 1634.4
1306390 1634.4
1306400 1635.5
1306410 1637.5
1306420 1637.5
1306430 1639.3
1306440 1640.5
1306450 1640.5
1306460 1642.4
1306470 1644.4
1306480 1644.4
1306490 1645.6
1306500 1646.6
1306510 1646.6
1306520 1647.0
1306530 1648.8
1306540 1654.3
1306550 1655.5
1306560 1655.9
1306570 1654.8
1306580 1654.8
1306590 1652.9
1306600 1654.5
1306610 1654.5
1306620 1656.3
1306630 1656.7
1306640 1656.7
1306650 1656.7
1306660 1657.7
1306670 1657.7
1306680 1658.6
1306690 1657.7
1306700 1657.7
1306710 1659.7
1306720 1661.4
1306730 1661.4
1306740 1663.0
1306750 1664.9
1306760 1664.9
1306770 1667.0
1306780 1670.3
1306790 1673.3
1306800 1673.3
1306810 1677.7
1306820 1682.1
1306830 1682.1
1306840 1686.5
1306850 1689.8
1306860 1689.8
1306870 1692.5
1306880 1695.8
1306890 1695.8
1306900 1700.0
1306910 1703.8
1306920 1703.8
1306930 1707.1
1306940 1709.9
1306950 1709.9
1306960 1713.2
1306970 1717.3
1306980 1717.3
1306990 1719.8
1307000 1722.8
1307010 1722.8
1307020 1725.7
1307030 1728.1
1307040 1730.5
1307050 1730.5
1307060 1733.7
1307070 1736.8
1307080 1736.8
1307090 1739.5
1307100 1742.1
1307110 1742.1
1307120 1744.3
1307130 1746.3
1307140 1746.3
1307150 1748.9
1307160 1751.3
1307170 1751.3
1307180 1752.8
1307190 1754.0
1307200 1754.0
1307210 1755.4
1307220 1756.0
1307230 1756.0
1307240 1756.9
1307250 1757.7
1307260 1761.4
1307270 1761.4
1307280 1763.0
1307290 1764.0
1307300 1764.0
1307310 1765.1
1307320 1764.8
1307330 1764.8
1307340 1763.5
1307350 1762.9
1307360 1762.9
1307370 1763.5
1307380 1764.1
1307390 1764.1
1307400 1765.1
1307410 1768.2
1307420 1768.2
1307430 1771.7
1307440 1772.2
1307450 1772.2
1307460 1770.7
1307470 1770.8
1307480 1770.4
1307490 1770.4
1307500 1770.9
1307510 1772.5
1307520 1772.5
1307530 1775.1
1307540 1777.9
1307550 1777.9
1307560 1778.8
1307570 1779.9
1307580 1779.9
1307590 1783.4
1307600 1784.6
1307610 1784.6
1307620 1785.3
1307630 1785.9
1307640 1785.9
1307650 1787.9
1307660 1791.8
1307670 1791.8
1307680 1796.6
1307690 1800.4
1307700 1800.4
1307710 1803.4
1307720 1806.2
1307730 1808.0
1307740 1808.0
1307750 1811.7
1307760 1816.9
1307770 1816.9
1307780 1823.2
1307790 1828.0
1307800 1828.0
1307810 1830.3
1307820 1830.4
1307830 1830.4
1307840 1830.3
1307850 1831.3
1307860 1831.3
1307870 1834.1
1307880 1836.9
1307890 1836.9
1307900 1839.4
1307910 1842.6
1307920 1842.6
1307930 1844.8
1307940 1846.8
1307950 1849.2
1307960 1849.2
1307970 1851.7
1307980 1860.7
1307990 1860.7
1308000 1864.0
1308010 1864.8
1308020 1864.8
1308030 1865.1
1308040 1865.8
1308050 1865.8
1308060 1866.8
1308070 1867.6
1308080 1867.6
1308090 1868.8
1308100 1871.3
1308110 1871.3
1308120 1874.6
1308130 1873.9
1308140 1873.9
1308150 1870.9
1308160 1872.9
1308170 1872.9
1308180 1874.6
1308190 1865.1
1308200 1849.8
1308210 1849.8
1308220 1838.6
1308230 1828.9
1308240 1828.9
1308250 1826.2
1308260 1826.4
1308270 1826.4
1308280 1827.7
1308290 1830.6
1308300 1830.6
1308310 1831.6
1308320 1830.0
1308330 1830.0
1308340 1828.0
1308350 1827.4
1308360 1827.4
1308370 1827.0
1308380 1821.0
1308390 1821.0
1308400 1820.1
1308410 1814.0
1308420 1810.1
1308430 1810.1
1308440 1815.7
1308450 1821.6
1308460 1821.6
1308470 1828.7
1308480 1833.6
1308490 1833.6
1308500 1836.5
1308510 1840.9
1308520 1840.9
1308530 1845.7
1308540 1849.0
1308550 1849.0
1308560 1850.9
1308570 1851.2
1308580 1851.2
1308590 1857.1
1308600 1864.4
1308610 1864.4
1308620 1871.2
1308630 1875.9
1308640 1875.9
1308650 1879.7
1308660 1884.4
1308670 1887.1
1308680 1887.1
1308690 1889.3
1308700 1907.4
1308710 1907.4
1308720 1912.4
1308730 1917.9
1308740 1917.9
1308750 1922.3
1308760 1926.5
1308770 1926.5
1308780 1928.3
1308790 1929.7
1308800 1929.7
1308810 1928.8
1308820 1926.6
1308830 1926.6
1308840 1923.1
1308850 1917.7
1308860 1917.7
1308870 1911.1
1308880 1904.0
1308890 1895.3
1308900 1895.3
1308910 1887.1
1308920 1880.4
1308930 1880.4
1308940 1874.2
1308950 1866.3
1308960 1866.3
1308970 1856.7
1308980 1845.9
1308990 1845.9
1309000 1834.8
1309010 1825.2
1309020 1825.2
1309030 1816.8
1309040 1808.3
1309050 1808.3
1309060 1799.8
1309070 1792.1
1309080 1792.1
1309090 1784.4
1309100 1775.1
1309110 1775.1
1309120 1766.5
1309130 1765.6
1309140 1763.0
1309150 1763.0
1309160 1758.0
1309170 1752.7
1309180 1752.7
1309190 1747.2
1309200 1741.3
1309210 1741.3
1309220 1733.9
1309230 1725.8
1309240 1725.8
1309250 1719.8
1309260 1716.2
1309270 1716.2
1309280 1712.8
1309290 1709.7
1309300 1709.7
1309310 1706.2
1309320 1696.2
1309330 1696.2
1309340 1681.6
1309350 1664.5
1309360 1654.2
1309370 1654.2
1309380 1644.9
1309390 1635.7
1309400 1635.7
1309410 1627.7
1309420 1619.5
1309430 1619.5
1309440 1613.5
1309450 1607.6
1309460 1607.6
1309470 1601.1
1309480 1594.8
1309490 1594.8
1309500 1589.5
1309510 1583.6
1309520 1583.6
1309530 1578.1
1309540 1577.0
1309550 1577.0
1309560 1580.0
1309570 1582.1
1309580 1582.1
1309590 1583.6
1309600 1583.4
1309610 1581.5
1309620 1581.5
1309630 1579.9
1309640 1580.3
1309650 1580.3
1309660 1577.3
1309670 1567.0
1309680 1567.0
1309690 1552.1
1309700 1544.1
1309710 1544.1
1309720 1541.9
1309730 1536.8
1309740 1536.8
1309750 1532.5
1309760 1525.8
1309770 1525.8
1309780 1518.5
1309790 1507.6
1309800 1507.6
1309810 1500.2
1309820 1494.6
1309830 1485.3
1309840 1485.3
1309850 1475.1
1309860 1465.8
1309870 1465.8
1309880 1458.8
1309890 1451.3
1309900 1451.3
1309910 1442.2
1309920 1433.9
1309930 1433.9
1309940 1426.8
1309950 1420.4
1309960 1420.4
1309970 1414.9
1309980 1409.3
1309990 1409.3
1310000 1404.0
1310010 1397.1
1310020 1397.1
1310030 1389.9
1310040 1378.1
1310050 1364.9
1310060 1364.9
1310070 1352.2
1310080 1336.0
1310090 1336.0
1310100 1319.7
1310110 1308.4
1310120 1308.4
1310130 1300.1
1310140 1291.9
1310150 1291.9
1310160 1288.7
1310170 1289.6
1310180 1289.6
1310190 1291.3
1310200 1292.3
1310210 1292.3
1310220 1294.7
1310230 1298.9
1310240 1298.9
1310250 1299.7
1310260 1299.8
1310270 1299.8
1310280 1300.8
1310290 1302.3
1310300 1300.9
1310310 1300.9
1310320 1298.7
1310330 1297.5
1310340 1297.5
1310350 1295.5
1310360 1291.4
1310370 1291.4
1310380 1287.7
1310390 1283.4
1310400 1283.4
1310410 1280.3
1310420 1277.5
1310430 1277.5
1310440 1274.3
1310450 1271.5
1310460 1271.5
1310470 1269.0
1310480 1266.9
1310490 1266.9
1310500 1265.2
1310510 1259.8
1310520 1255.6
1310530 1255.6
1310540 1252.2
1310550 1249.0
1310560 1249.0
1310570 1246.0
1310580 1240.6
1310590 1240.6
1310600 1234.9
1310610 1228.2
1310620 1228.2
1310630 1220.4
1310640 1214.8
1310650 1214.8
1310660 1212.2
1310670 1209.5
1310680 1209.5
1310690 1206.2
1310700 1203.6
1310710 1203.6
1310720 1201.3
1310730 1199.5
1310740 1199.5
1310750 1197.9
1310760 1196.5
1310770 1196.1
1310780 1196.1
1310790 1196.9
1310800 1198.1
1310810 1198.1
1310820 1198.2
1310830 1197.0
1310840 1197.0
1310850 1196.0
1310860 1194.5
1310870 1196.6
1310880 1193.3
1310890 1190.2
1310900 1190.2
1310910 1184.5
1310920 1178.9
1310930 1178.9
1310940 1175.8
1310950 1172.2
1310960 1172.2
1310970 1165.4
1310980 1160.0
1310990 1157.6
1311000 1157.6
1311010 1155.7
1311020 1151.0
1311030 1151.0
1311040 1143.3
1311050 1143.6
1311060 1143.6
1311070 1147.7
1311080 1149.8
1311090 1149.8
1311100 1150.1
1311110 1149.6
1311120 1149.6
1311130 1147.9
1311140 1144.5
1311150 1144.5
1311160 1137.0
1311170 1130.2
1311180 1130.2
1311190 1125.1
1311200 1121.7
1311210 1121.7
1311220 1119.8
1311230 1118.6
1311240 1114.1
1311250 1114.1
1311260 1111.4
1311270 1109.7
1311280 1109.7
1311290 1107.6
1311300 1103.2
1311310 1103.2
1311320 1095.9
1311330 1088.7
1311340 1088.7
1311350 1082.6
1311360 1077.2
1311370 1077.2
1311380 1073.8
1311390 1070.7
1311400 1070.7
1311410 1070.8
1311420 1073.1
1311430 1073.1
1311440 1071.8
1311450 1067.9
1311460 1064.6
1311470 1064.6
1311480 1062.1
1311490 1057.8
1311500 1057.8
1311510 1053.7
1311520 1050.3
1311530 1050.3
1311540 1048.8
1311550 1048.0
1311560 1048.0
1311570 1047.6
1311580 1047.0
1311590 1047.0
1311600 1046.4
1311610 1046.3
1311620 1046.3
1311630 1045.5
1311640 1044.9
1311650 1044.9
1311660 1044.2
1311670 1044.0
1311680 1044.0
1311690 1044.5
1311700 1044.2
1311710 1043.3
1311720 1043.3
1311730 1042.0
1311740 1041.1
1311750 1041.1
1311760 1040.4
1311770 1039.7
1311780 1039.7
1311790 1039.5
1311800 1039.1
1311810 1039.1
1311820 1038.6
1311830 1038.0
1311840 1038.0
1311850 1037.4
1311860 1037.4
1311870 1037.4
1311880 1037.9
1311890 1041.5
1311900 1041.5
1311910 1050.3
1311920 1056.9
1311930 1059.9
1311940 1059.9
1311950 1062.3
1311960 1063.8
1311970 1063.8
1311980 1065.1
1311990 1065.9
1312000 1065.9
1312010 1066.2
1312020 1066.4
1312030 1066.4
1312040 1066.5
1312050 1066.3
1312060 1066.3
1312070 1066.0
1312080 1066.1
1312090 1066.1
1312100 1066.7
1312110 1066.7
1312120 1066.7
1312130 1067.0
1312140 1067.3
1312150 1067.2
1312160 1067.2
1312170 1067.3
1312180 1067.6
1312190 1067.6
1312200 1067.8
1312210 1067.5
1312220 1067.5
1312230 1067.2
1312240 1066.2
1312250 1066.2
1312260 1065.6
1312270 1066.7
1312280 1066.7
1312290 1066.1
1312300 1065.1
1312310 1065.1
1312320 1063.5
1312330 1061.7
1312340 1058.7
1312350 1060.4
1312360 1064.2
1312370 1064.2
1312380 1066.5
1312390 1068.5
1312400 1069.7
1312410 1069.7
1312420 1069.2
1312430 1068.5
1312440 1068.5
1312450 1068.0
1312460 1067.1
1312470 1067.1
1312480 1067.0
1312490 1066.8
1312500 1066.8
1312510 1066.7
1312520 1067.3
1312530 1067.3
1312540 1066.5
1312550 1065.9
1312560 1065.9
1312570 1065.5
1312580 1065.1
1312590 1065.1
1312600 1064.9
1312610 1065.1
1312620 1065.4
1312630 1065.4
1312640 1065.5
1312650 1065.6
1312660 1065.6
1312670 1065.8
1312680 1066.1
1312690 1066.1
1312700 1066.1
1312710 1065.7
1312720 1065.7
1312730 1065.5
1312740 1066.0
1312750 1066.0
1312760 1067.0
1312770 1068.4
1312780 1068.4
1312790 1069.6
1312800 1069.8
1312810 1069.8
1312820 1069.4
1312830 1068.9
1312840 1068.9
1312850 1068.2
1312860 1068.0
1312870 1068.3
1312880 1068.3
1312890 1069.0
1312900 1069.8
1312910 1069.8
1312920 1070.4
1312930 1070.3
1312940 1070.3
1312950 1070.2
1312960 1070.0
1312970 1070.0
1312980 1069.5
1312990 1069.1
1313000 1069.1
1313010 1068.9
1313020 1068.6
1313030 1068.6
1313040 1068.6
1313050 1068.6
1313060 1068.6
1313070 1068.2
1313080 1063.2
1313090 1063.2
1313100 1063.2
1313110 1063.7
1313120 1064.4
1313130 1064.4
1313140 1065.4
1313150 1066.5
1313160 1066.5
1313170 1068.1
1313180 1069.3
1313190 1069.3
1313200 1070.3
1313210 1070.9
1313220 1070.9
1313230 1071.5
1313240 1072.2
1313250 1072.2
1313260 1072.6
1313270 1073.2
1313280 1073.2
1313290 1073.7
1313300 1074.1
1313310 1074.1
1313320 1074.4
1313330 1074.8
1313340 1075.5
1313350 1075.5
1313360 1076.7
1313370 1078.8
1313380 1078.8
1313390 1079.9
1313400 1079.8
1313410 1079.8
1313420 1079.3
1313430 1079.0
1313440 1079.0
1313450 1078.8
1313460 1078.6
1313470 1078.6
1313480 1078.0
1313490 1077.2
1313500 1077.2
1313510 1076.8
1313520 1077.1
1313530 1077.1
1313540 1078.0
1313550 1077.8
1313560 1077.0
1313570 1077.0
1313580 1076.8
1313590 1076.7
1313600 1076.7
1313610 1076.3
1313620 1076.2
1313630 1076.2
1313640 1075.7
1313650 1075.0
1313660 1075.0
1313670 1074.7
1313680 1074.5
1313690 1074.5
1313700 1074.3
1313710 1074.0
1313720 1074.0
1313730 1074.2
1313740 1074.7
1313750 1074.7
1313760 1075.2
1313770 1075.0
1313780 1075.0
1313790 1074.5
1313800 1073.8
1313810 1073.0
1313820 1067.5
1313830 1067.4
1313840 1067.1
1313850 1067.1
1313860 1066.3
1313870 1065.3
1313880 1065.3
1313890 1064.8
1313900 1066.0
1313910 1066.0
1313920 1067.6
1313930 1068.5
1313940 1068.5
1313950 1068.7
1313960 1068.3
1313970 1068.3
1313980 1068.7
1313990 1069.3
1314000 1069.3
1314010 1069.9
1314020 1070.6
1314030 1071.0
1314040 1071.0
1314050 1071.6
1314060 1072.7
1314070 1072.7
1314080 1073.6
1314090 1075.1
1314100 1075.1
1314110 1076.2
1314120 1076.5
1314130 1076.5
1314140 1075.8
1314150 1075.0
1314160 1075.0
1314170 1075.1
1314180 1075.2
1314190 1075.2
1314200 1074.8
1314210 1073.8
1314220 1073.8
1314230 1072.3
1314240 1070.2
1314250 1067.7
1314260 1067.7
1314270 1065.0
1314280 1063.2
1314290 1063.2
1314300 1061.7
1314310 1060.6
1314320 1060.6
1314330 1059.4
1314340 1058.7
1314350 1058.7
1314360 1057.9
1314370 1057.2
1314380 1057.2
1314390 1055.8
1314400 1054.3
1314410 1054.3
1314420 1052.9
1314430 1051.7
1314440 1051.7
1314450 1050.7
1314460 1049.7
1314470 1049.7
1314480 1045.0
1314490 1039.3
1314500 1043.2
1314510 1043.2
1314520 1043.7
1314530 1041.1
1314540 1041.1
1314550 1038.7
1314560 1036.5
1314570 1031.7
1314580 1029.6
1314590 1028.3
1314600 1028.3
1314610 1026.9
1314620 1024.9
1314630 1024.9
1314640 1022.4
1314650 1019.8
1314660 1019.8
1314670 1017.7
1314680 1015.4
1314690 1015.4
1314700 1013.2
1314710 1011.2
1314720 1009.9
1314730 1009.9
1314740 1009.0
1314750 1008.5
1314760 1008.5
1314770 1008.0
1314780 1007.7
1314790 1007.7
1314800 1007.3
1314810 1005.6
1314820 1005.6
1314830 1000.9
1314840 995.1
1314850 995.1
1314860 991.3
1314870 989.6
1314880 989.6
1314890 987.3
1314900 985.3
1314910 985.3
1314920 983.7
1314930 982.6
1314940 982.6
1314950 981.3
1314960 979.4
1314970 977.4
1314980 977.4
1314990 975.3
1315000 972.8
1315010 972.8
1315020 969.9
1315030 967.1
1315040 967.1
1315050 964.6
1315060 962.5
1315070 962.5
1315080 960.3
1315090 957.6
1315100 957.6
1315110 954.3
1315120 951.8
1315130 951.8
1315140 949.4
1315150 947.0
1315160 947.0
1315170 944.6
1315180 942.5
1315190 940.6
1315200 940.6
1315210 938.9
1315220 937.5
1315230 937.5
1315240 936.4
1315250 935.2
1315260 935.2
1315270 933.7
1315280 932.9
1315290 932.9
1315300 931.5
1315310 930.7
1315320 928.3
1315330 926.2
1315340 924.7
1315350 924.7
1315360 922.7
1315370 919.3
1315380 919.3
1315390 916.3
1315400 914.2
1315410 914.2
1315420 911.7
1315430 908.1
1315440 904.4
1315450 904.4
1315460 901.2
1315470 898.7
1315480 898.7
1315490 897.2
1315500 896.1
1315510 896.1
1315520 895.5
1315530 895.1
1315540 895.1
1315550 894.7
1315560 894.5
1315570 894.5
1315580 894.3
1315590 894.1
1315600 894.1
1315610 894.1
1315620 894.1
1315630 894.1
1315640 894.2
1315650 894.1
1315660 893.1
1315670 893.1
1315680 891.7
1315690 891.5
1315700 891.5
1315710 890.9
1315720 883.6
1315730 883.6
1315740 874.8
1315750 856.0
1315760 856.0
1315770 847.7
1315780 863.2
1315790 863.2
1315800 882.3
1315810 889.9
1315820 889.9
1315830 891.9
1315840 892.6
1315850 892.6
1315860 894.2
1315870 895.2
1315880 894.4
1315890 894.4
1315900 894.4
1315910 898.0
1315920 898.0
1315930 901.6
1315940 903.9
1315950 903.9
1315960 908.5
1315970 914.6
1315980 914.6
1315990 917.2
1316000 919.9
1316010 919.9
1316020 922.0
1316030 925.0
1316040 925.0
1316050 928.8
1316060 930.1
1316070 932.1
1316080 932.5
1316090 932.0
1316100 932.0
1316110 930.2
1316120 930.9
1316130 931.1
1316140 931.1
1316150 930.3
1316160 928.7
1316170 928.7
1316180 924.8
1316190 920.2
1316200 920.2
1316210 917.4
1316220 916.2
1316230 916.2
1316240 913.0
1316250 911.7
1316260 911.7
1316270 910.5
1316280 907.8
1316290 907.8
1316300 902.0
1316310 889.4
1316320 889.4
1316330 879.3
1316340 873.0
1316350 868.4
1316360 868.4
1316370 864.4
1316380 859.8
1316390 859.8
1316400 855.0
1316410 850.0
1316420 850.0
1316430 844.5
1316440 839.4
1316450 839.4
1316460 834.3
1316470 829.3
1316480 829.3
1316490 824.1
1316500 819.4
1316510 819.4
1316520 815.0
1316530 811.7
1316540 811.7
1316550 808.9
1316560 806.9
1316570 806.9
1316580 805.8
1316590 804.4
1316600 802.8
1316610 802.8
1316620 801.3
1316630 800.0
1316640 800.0
1316650 798.8
1316660 797.3
1316670 797.3
1316680 795.7
1316690 794.3
1316700 794.3
1316710 792.4
1316720 789.8
1316730 789.8
1316740 787.4
1316750 785.5
1316760 785.5
1316770 783.9
1316780 782.7
1316790 782.7
1316800 779.9
1316810 774.9
1316820 760.1
1316830 760.1
1316840 749.9
1316850 738.7
1316860 738.7
1316870 728.1
1316880 717.6
1316890 717.6
1316900 708.8
1316910 702.6
1316920 702.6
1316930 695.7
1316940 689.6
1316950 689.6
1316960 684.9
1316970 683.9
1316980 683.9
1316990 683.7
1317000 683.5
1317010 683.5
1317020 680.4
1317030 672.8
1317040 672.8
1317050 662.2
1317060 655.7
1317070 655.0
1317080 655.0
1317090 654.9
1317100 655.0
1317110 655.0
1317120 655.0
1317130 655.8
1317140 655.8
1317150 656.2
1317160 657.1
1317170 657.1
1317180 657.5
1317190 656.4
1317200 656.4
1317210 656.3
1317220 656.7
1317230 656.7
1317240 656.8
1317250 656.9
1317260 656.9
1317270 657.0
1317280 657.8
1317290 658.6
1317300 658.6
1317310 660.1
1317320 662.7
1317330 662.7
1317340 665.6
1317350 669.4
1317360 669.4
1317370 674.4
1317380 680.2
1317390 680.2
1317400 685.9
1317410 691.8
1317420 691.8
1317430 697.9
1317440 704.9
1317450 704.9
1317460 712.3
1317470 719.0
1317480 719.0
1317490 725.9
1317500 733.1
1317510 733.1
1317520 739.9
1317530 746.4
1317540 755.4
1317550 755.4
1317560 768.3
1317570 785.9
1317580 791.6
1317590 813.7
1317600 834.0
1317610 834.0
1317620 847.7
1317630 856.5
1317640 856.5
1317650 863.7
1317660 871.3
1317670 871.3
1317680 879.2
1317690 890.2
1317700 890.2
1317710 901.8
1317720 911.8
1317730 911.8
1317740 922.2
1317750 933.1
1317760 942.8
1317770 942.8
1317780 948.3
1317790 952.7
1317800 952.7
1317810 957.9
1317820 963.4
1317830 963.4
1317840 967.4
1317850 969.8
1317860 969.8
1317870 972.3
1317880 975.2
1317890 975.2
1317900 978.4
1317910 979.9
1317920 979.9
1317930 976.1
1317940 966.8
1317950 966.8
1317960 959.3
1317970 952.8
1317980 946.2
1317990 946.2
1318000 938.2
1318010 929.9
1318020 929.9
1318030 921.3
1318040 912.2
1318050 912.2
1318060 903.6
1318070 896.2
1318080 896.2
1318090 888.1
1318100 880.6
1318110 880.6
1318120 872.7
1318130 861.9
1318140 861.9
1318150 843.2
1318160 825.9
1318170 825.9
1318180 825.4
1318190 828.6
1318200 828.6
1318210 834.0
1318220 836.7
1318230 842.5
1318240 842.5
1318250 863.7
1318260 875.8
1318270 875.8
1318280 883.7
1318290 890.5
1318300 890.5
1318310 896.1
1318320 900.4
1318330 900.4
1318340 911.3
1318350 914.7
1318360 914.7
1318370 916.9
1318380 918.2
1318390 918.2
1318400 919.5
1318410 921.6
1318420 921.6
1318430 922.9
1318440 923.3
1318450 925.1
1318460 925.1
1318470 928.2
1318480 931.8
1318490 931.8
1318500 934.6
1318510 937.3
1318520 937.3
1318530 938.6
1318540 940.3
1318550 940.3
1318560 942.5
1318570 945.0
1318580 945.0
1318590 947.2
1318600 949.5
1318610 949.5
1318620 953.3
1318630 957.2
1318640 957.2
1318650 961.3
1318660 966.7
1318670 966.7
1318680 971.1
1318690 974.8
1318700 978.7
1318710 978.7
1318720 982.4
1318730 985.9
1318740 985.9
1318750 989.3
1318760 993.3
1318770 993.3
1318780 997.6
1318790 1001.6
1318800 1001.6
1318810 1005.4
1318820 1009.0
1318830 1009.0
1318840 1012.3
1318850 1014.5
1318860 1014.5
1318870 1014.8
1318880 1013.3
1318890 1013.3
1318900 1010.6
1318910 1007.1
1318920 1003.7
1318930 1003.7
1318940 999.7
1318950 994.5
1318960 994.5
1318970 988.6
1318980 982.4
1318990 982.4
1319000 976.8
1319010 971.2
1319020 971.2
1319030 967.0
1319040 964.1
1319050 964.1
1319060 961.3
1319070 958.6
1319080 958.6
1319090 956.4
1319100 955.2
1319110 956.6
1319120 954.4
1319130 953.5
1319140 953.5
1319150 952.7
1319160 951.5
1319170 951.4
1319180 951.4
1319190 950.3
1319200 948.7
1319210 948.7
1319220 947.7
1319230 947.7
1319240 947.7
1319250 948.2
1319260 948.3
1319270 948.3
1319280 948.1
1319290 947.6
1319300 947.6
1319310 946.5
1319320 945.7
1319330 945.7
1319340 945.0
1319350 944.6
1319360 944.6
1319370 944.7
1319380 946.5
1319390 948.8
1319400 948.8
1319410 950.5
1319420 952.4
1319430 952.4
1319440 955.0
1319450 959.2
1319460 959.2
1319470 963.7
1319480 967.0
1319490 967.0
1319500 969.1
1319510 969.2
1319520 969.2
1319530 970.5
1319540 974.7
1319550 974.7
1319560 979.1
1319570 983.6
1319580 983.6
1319590 988.8
1319600 996.0
1319610 996.0
1319620 1003.9
1319630 1009.6
1319640 1015.1
1319650 1015.1
1319660 1020.9
1319670 1027.3
1319680 1027.3
1319690 1034.5
1319700 1039.3
1319710 1039.3
1319720 1040.2
1319730 1040.8
1319740 1040.8
1319750 1041.2
1319760 1040.2
1319770 1040.2
1319780 1040.0
1319790 1042.7
1319800 1042.7
1319810 1044.7
1319820 1045.1
1319830 1045.1
1319840 1045.4
1319850 1045.4
1319860 1046.4
1319870 1046.4
1319880 1053.1
1319890 1055.3
1319900 1055.3
1319910 1057.5
1319920 1058.5
1319930 1058.5
1319940 1058.1
1319950 1058.1
1319960 1058.1
1319970 1060.2
1319980 1062.8
1319990 1062.8
