1300000 2412.7
1300010 2410.8
1300020 2410.8
1300030 2408.7
1300040 2406.6
1300050 2406.6
1300060 2404.3
1300070 2401.9
1300080 2401.9
1300090 2399.9
1300100 2397.5
1300110 2397.5
1300120 2395.4
1300130 2393.7
1300140 2393.7
1300150 2394.8
1300160 2393.9
1300170 2393.9
1300180 2392.9
1300190 2391.7
1300200 2391.7
1300210 2390.5
1300220 2389.1
1300230 2389.1
1300240 2387.6
1300250 2386.1
1300260 2384.8
1300270 2384.8
1300280 2382.3
1300290 2378.9
1300300 2378.9
1300310 2377.3
1300320 2374.2
1300330 2374.2
1300340 2369.7
1300350 2367.8
1300360 2367.8
1300370 2365.8
1300380 2362.5
1300390 2362.5
1300400 2362.1
1300410 2362.0
1300420 2362.0
1300430 2357.8
1300440 2353.0
1300450 2353.0
1300460 2351.0
1300470 2350.7
1300480 2351.2
1300490 2351.2
1300500 2352.8
1300510 2354.5
1300520 2354.5
1300530 2357.3
1300540 2361.2
1300550 2361.2
1300560 2364.9
1300570 2369.5
1300580 2369.5
1300590 2374.4
1300600 2379.4
1300610 2379.4
1300620 2385.0
1300630 2391.2
1300640 2391.2
1300650 2397.1
1300660 2402.6
1300670 2402.6
1300680 2407.7
1300690 2413.4
1300700 2413.4
1300710 2418.9
1300720 2425.3
1300730 2432.2
1300740 2432.2
1300750 2439.3
1300760 2446.5
1300770 2446.5
1300780 2453.9
1300790 2461.4
1300800 2461.4
1300810 2469.0
1300820 2476.3
1300830 2476.3
1300840 2484.0
1300850 2477.9
1300860 2477.9
1300870 2468.7
1300880 2459.7
1300890 2459.7
1300900 2450.8
1300910 2442.2
1300920 2442.2
1300930 2433.6
1300940 2424.8
1300950 2416.9
1300960 2416.9
1300970 2408.5
1300980 2398.3
1300990 2398.3
1301000 2388.9
1301010 2379.4
1301020 2379.4
1301030 2368.5
1301040 2359.2
1301050 2359.2
1301060 2351.8
1301070 2345.0
1301080 2345.0
1301090 2338.4
1301100 2332.0
1301110 2332.0
1301120 2325.4
1301130 2318.3
1301140 2318.3
1301150 2310.8
1301160 2302.7
1301170 2302.7
1301180 2293.9
1301190 2285.2
1301200 2277.0
1301210 2277.0
1301220 2269.1
1301230 2261.0
1301240 2261.0
1301250 2251.3
1301260 2240.2
1301270 2240.2
1301280 2231.2
1301290 2224.8
1301300 2224.8
1301310 2219.2
1301320 2213.3
1301330 2213.3
1301340 2207.5
1301350 2202.1
1301360 2202.1
1301370 2196.5
1301380 2191.1
1301390 2191.1
1301400 2185.8
1301410 2180.5
1301420 2175.3
1301430 2175.3
1301440 2170.0
1301450 2164.5
1301460 2164.5
1301470 2159.6
1301480 2159.3
1301490 2159.3
1301500 2159.6
1301510 2158.5
1301520 2158.5
1301530 2159.6
1301540 2166.7
1301550 2166.7
1301560 2168.7
1301570 2169.7
1301580 2169.7
1301590 2170.5
1301600 2171.1
1301610 2171.1
1301620 2171.2
1301630 2171.0
1301640 2171.0
1301650 2170.3
1301660 2169.3
1301670 2167.9
1301680 2167.9
1301690 2165.9
1301700 2164.4
1301710 2164.4
1301720 2162.9
1301730 2162.0
1301740 2162.0
1301750 2162.9
1301760 2164.5
1301770 2164.5
1301780 2166.4
1301790 2169.1
1301800 2169.1
1301810 2170.1
1301820 2171.7
1301830 2171.7
1301840 2174.0
1301850 2176.9
1301860 2176.9
1301870 2180.2
1301880 2184.3
1301890 2184.3
1301900 2187.5
1301910 2188.3
1301920 2188.9
1301930 2188.9
1301940 2190.3
1301950 2191.9
1301960 2191.9
1301970 2193.5
1301980 2195.0
1301990 2195.0
1302000 2196.0
1302010 2197.4
1302020 2197.4
1302030 2199.2
1302040 2200.8
1302050 2200.8
1302060 2202.0
1302070 2203.9
1302080 2203.9
1302090 2206.5
1302100 2209.0
1302110 2209.0
1302120 2211.7
1302130 2214.8
1302140 2218.0
1302150 2218.0
1302160 2221.3
1302170 2222.8
1302180 2222.8
1302190 2222.5
1302200 2224.1
1302210 2224.1
1302220 2226.0
1302230 2234.1
1302240 2234.1
1302250 2236.1
1302260 2237.7
1302270 2237.7
1302280 2236.2
1302290 2232.1
1302300 2232.1
1302310 2227.3
1302320 2222.7
1302330 2222.7
1302340 2217.9
1302350 2212.5
1302360 2212.5
1302370 2207.6
1302380 2203.8
1302390 2200.3
1302400 2200.3
1302410 2196.5
1302420 2192.9
1302430 2192.9
1302440 2189.3
1302450 2185.1
1302460 2185.1
1302470 2181.0
1302480 2177.0
1302490 2177.0
1302500 2173.2
1302510 2170.1
1302520 2170.1
1302530 2166.7
1302540 2162.3
1302550 2162.3
1302560 2157.8
1302570 2153.8
1302580 2153.8
1302590 2149.4
1302600 2144.8
1302610 2140.8
1302620 2140.8
1302630 2137.1
1302640 2134.1
1302650 2134.1
1302660 2131.3
1302670 2128.2
1302680 2128.2
1302690 2123.6
1302700 2120.1
1302710 2120.1
1302720 2116.7
1302730 2113.3
1302740 2113.3
1302750 2110.3
1302760 2106.8
1302770 2106.8
1302780 2103.9
1302790 2101.8
1302800 2101.8
1302810 2099.1
1302820 2096.3
1302830 2096.3
1302840 2093.7
1302850 2090.9
1302860 2087.9
1302870 2087.9
1302880 2085.2
1302890 2082.5
1302900 2082.5
1302910 2080.0
1302920 2077.3
1302930 2072.8
1302940 2070.1
1302950 2067.6
1302960 2067.6
1302970 2064.9
1302980 2062.7
1302990 2062.7
1303000 2060.2
1303010 2057.8
1303020 2057.8
1303030 2055.3
1303040 2052.5
1303050 2052.5
1303060 2050.0
1303070 2047.6
1303080 2044.1
1303090 2044.1
1303100 2040.6
1303110 2037.5
1303120 2037.5
1303130 2034.0
1303140 2030.7
1303150 2030.7
1303160 2028.1
1303170 2025.8
1303180 2025.8
1303190 2023.2
1303200 2020.9
1303210 2020.9
1303220 2018.8
1303230 2016.4
1303240 2016.4
1303250 2014.0
1303260 2010.9
1303270 2010.9
1303280 2006.7
1303290 2003.2
1303300 2003.2
1303310 1999.7
1303320 1996.0
1303330 1993.7
1303340 1993.7
1303350 1992.6
1303360 1991.7
1303370 1991.7
1303380 1991.1
1303390 1988.8
1303400 1988.8
1303410 1985.3
1303420 1984.2
1303430 1984.2
1303440 1982.8
1303450 1981.0
1303460 1981.0
1303470 1978.7
1303480 1976.3
1303490 1976.3
1303500 1973.7
1303510 1971.0
1303520 1971.0
1303530 1968.4
1303540 1967.0
1303550 1964.8
1303560 1964.8
1303570 1961.6
1303580 1959.2
1303590 1959.2
1303600 1956.6
1303610 1953.9
1303620 1953.9
1303630 1948.9
1303640 1947.7
1303650 1947.7
1303660 1947.0
1303670 1946.9
1303680 1946.9
1303690 1947.6
1303700 1948.6
1303710 1948.6
1303720 1948.4
1303730 1945.8
1303740 1945.8
1303750 1942.5
1303760 1939.0
1303770 1939.0
1303780 1935.5
1303790 1932.6
1303800 1929.9
1303810 1929.9
1303820 1927.0
1303830 1924.4
1303840 1924.4
1303850 1922.7
1303860 1921.1
1303870 1921.1
1303880 1919.0
1303890 1915.6
1303900 1915.6
1303910 1911.1
1303920 1906.3
1303930 1906.3
1303940 1901.6
1303950 1897.1
1303960 1897.1
1303970 1892.5
1303980 1888.4
1303990 1888.4
1304000 1886.0
1304010 1883.1
1304020 1878.5
1304030 1878.5
1304040 1874.4
1304050 1870.1
1304060 1870.1
1304070 1866.1
1304080 1861.9
1304090 1861.9
1304100 1859.1
1304110 1856.8
1304120 1856.8
1304130 1853.9
1304140 1849.7
1304150 1849.7
1304160 1843.9
1304170 1837.6
1304180 1837.6
1304190 1832.5
1304200 1828.8
1304210 1828.8
1304220 1826.7
1304230 1823.7
1304240 1823.7
1304250 1820.5
1304260 1819.6
1304270 1818.0
1304280 1818.0
1304290 1815.4
1304300 1812.2
1304310 1812.2
1304320 1809.3
1304330 1806.8
1304340 1805.5
1304350 1802.9
1304360 1798.8
1304370 1798.8
1304380 1794.3
1304390 1788.8
1304400 1788.8
1304410 1783.9
1304420 1779.6
1304430 1779.6
1304440 1775.6
1304450 1771.7
1304460 1771.7
1304470 1767.2
1304480 1763.1
1304490 1759.3
1304500 1759.3
1304510 1755.3
1304520 1751.0
1304530 1751.0
1304540 1746.7
1304550 1742.5
1304560 1742.5
1304570 1738.8
1304580 1736.9
1304590 1736.9
1304600 1735.6
1304610 1733.2
1304620 1733.2
1304630 1729.9
1304640 1725.6
1304650 1725.6
1304660 1720.8
1304670 1715.7
1304680 1715.7
1304690 1709.6
1304700 1704.2
1304710 1704.2
1304720 1699.5
1304730 1695.7
1304740 1692.2
1304750 1692.2
1304760 1689.8
1304770 1687.2
1304780 1687.2
1304790 1681.7
1304800 1675.7
1304810 1675.7
1304820 1670.0
1304830 1665.4
1304840 1665.4
1304850 1660.9
1304860 1656.2
1304870 1656.2
1304880 1651.9
1304890 1648.7
1304900 1648.7
1304910 1646.1
1304920 1643.0
1304930 1643.0
1304940 1640.8
1304950 1640.2
1304960 1640.2
1304970 1640.1
1304980 1640.0
1304990 1640.1
1305000 1640.1
1305010 1640.0
1305020 1639.5
1305030 1639.5
1305040 1633.4
1305050 1630.3
1305060 1630.3
1305070 1626.5
1305080 1622.9
1305090 1622.9
1305100 1619.7
1305110 1616.4
1305120 1616.4
1305130 1612.9
1305140 1609.4
1305150 1609.4
1305160 1605.9
1305170 1602.1
1305180 1602.1
1305190 1597.7
1305200 1593.4
1305210 1589.8
1305220 1589.8
1305230 1586.4
1305240 1582.9
1305250 1582.9
1305260 1579.0
1305270 1575.2
1305280 1575.2
1305290 1571.7
1305300 1568.1
1305310 1568.1
1305320 1564.5
1305330 1561.1
1305340 1561.1
1305350 1557.9
1305360 1554.8
1305370 1554.8
1305380 1551.7
1305390 1548.8
1305400 1548.8
1305410 1545.8
1305420 1542.7
1305430 1542.7
1305440 1539.6
1305450 1536.7
1305460 1533.2
1305470 1533.2
1305480 1530.2
1305490 1527.2
1305500 1527.2
1305510 1524.2
1305520 1521.0
1305530 1521.0
1305540 1517.7
1305550 1514.3
1305560 1514.3
1305570 1510.8
1305580 1507.9
1305590 1507.9
1305600 1504.5
1305610 1501.1
1305620 1501.1
1305630 1497.8
1305640 1494.7
1305650 1494.7
1305660 1490.9
1305670 1487.1
1305680 1483.6
1305690 1483.6
1305700 1479.9
1305710 1476.2
1305720 1476.2
1305730 1472.8
1305740 1469.5
1305750 1467.3
1305760 1463.9
1305770 1460.8
1305780 1460.8
1305790 1457.0
1305800 1454.2
1305810 1454.2
1305820 1451.6
1305830 1450.3
1305840 1450.3
1305850 1448.6
1305860 1445.8
1305870 1445.8
1305880 1443.3
1305890 1440.2
1305900 1440.2
1305910 1437.1
1305920 1433.9
1305930 1431.0
1305940 1431.0
1305950 1428.4
1305960 1425.7
1305970 1425.7
1305980 1422.8
1305990 1419.6
1306000 1419.6
1306010 1416.6
1306020 1413.5
1306030 1413.5
1306040 1410.5
1306050 1407.4
1306060 1407.4
1306070 1404.0
1306080 1400.2
1306090 1400.2
1306100 1397.2
1306110 1394.2
1306120 1394.2
1306130 1390.6
1306140 1387.2
1306150 1384.1
1306160 1384.1
1306170 1381.1
1306180 1377.9
1306190 1377.9
1306200 1374.9
1306210 1371.9
1306220 1371.9
1306230 1369.1
1306240 1366.3
1306250 1366.3
1306260 1363.9
1306270 1361.7
1306280 1361.7
1306290 1359.9
1306300 1358.0
1306310 1358.0
1306320 1355.6
1306330 1353.1
1306340 1353.1
1306350 1350.0
1306360 1347.0
1306370 1347.0
1306380 1343.8
1306390 1341.0
1306400 1337.9
1306410 1337.9
1306420 1334.2
1306430 1330.6
1306440 1330.6
1306450 1327.2
1306460 1319.2
1306470 1319.2
1306480 1317.0
1306490 1313.9
1306500 1313.9
1306510 1311.2
1306520 1308.9
1306530 1308.9
1306540 1306.7
1306550 1304.9
1306560 1304.9
1306570 1302.8
1306580 1300.7
1306590 1300.7
1306600 1299.4
1306610 1297.9
1306620 1296.1
1306630 1296.1
1306640 1294.6
1306650 1293.4
1306660 1293.4
1306670 1292.3
1306680 1291.8
1306690 1291.8
1306700 1291.9
1306710 1292.1
1306720 1292.1
1306730 1291.3
1306740 1290.6
1306750 1290.6
1306760 1290.5
1306770 1290.1
1306780 1290.1
1306790 1289.1
1306800 1287.9
1306810 1287.9
1306820 1286.4
1306830 1285.0
1306840 1285.0
1306850 1283.7
1306860 1282.6
1306870 1283.2
1306880 1283.2
1306890 1282.8
1306900 1279.4
1306910 1279.4
1306920 1275.6
1306930 1272.6
1306940 1272.6
1306950 1269.8
1306960 1268.0
1306970 1268.0
1306980 1266.2
1306990 1264.4
1307000 1264.4
1307010 1262.2
1307020 1258.8
1307030 1258.8
1307040 1254.4
1307050 1251.5
1307060 1251.5
1307070 1250.9
1307080 1250.9
1307090 1251.2
1307100 1251.2
1307110 1251.3
1307120 1251.6
1307130 1251.6
1307140 1251.8
1307150 1252.3
1307160 1252.3
1307170 1252.4
1307180 1251.4
1307190 1251.4
1307200 1252.0
1307210 1252.7
1307220 1252.7
1307230 1252.6
1307240 1252.4
1307250 1252.4
1307260 1252.5
1307270 1252.6
1307280 1252.6
1307290 1252.6
1307300 1252.5
1307310 1252.5
1307320 1252.2
1307330 1252.1
1307340 1252.3
1307350 1252.3
1307360 1252.5
1307370 1252.4
1307380 1252.4
1307390 1252.2
1307400 1250.7
1307410 1250.7
1307420 1251.5
1307430 1251.7
1307440 1251.7
1307450 1251.8
1307460 1251.5
1307470 1251.5
1307480 1250.8
1307490 1250.7
1307500 1250.7
1307510 1252.0
1307520 1255.5
1307530 1255.5
1307540 1256.3
1307550 1257.0
1307560 1257.8
1307570 1257.8
1307580 1258.4
1307590 1258.7
1307600 1258.7
1307610 1259.0
1307620 1259.3
1307630 1259.3
1307640 1259.7
1307650 1260.1
1307660 1260.1
1307670 1260.3
1307680 1260.5
1307690 1260.5
1307700 1260.7
1307710 1261.3
1307720 1261.3
1307730 1261.5
1307740 1261.5
1307750 1261.5
1307760 1261.4
1307770 1261.3
1307780 1261.3
1307790 1261.3
1307800 1261.3
1307810 1260.9
1307820 1260.9
1307830 1260.7
1307840 1260.6
1307850 1260.6
1307860 1260.4
1307870 1259.5
1307880 1259.5
1307890 1258.4
1307900 1256.7
1307910 1256.7
1307920 1256.7
1307930 1256.7
1307940 1256.7
1307950 1256.8
1307960 1257.0
1307970 1257.0
1307980 1257.5
1307990 1257.9
1308000 1257.9
1308010 1258.4
1308020 1258.7
1308030 1258.7
1308040 1258.9
1308050 1258.9
1308060 1258.9
1308070 1258.9
1308080 1258.9
1308090 1258.8
1308100 1258.8
1308110 1258.4
1308120 1258.2
1308130 1258.2
1308140 1258.1
1308150 1257.8
1308160 1257.8
1308170 1257.6
1308180 1257.6
1308190 1257.6
1308200 1257.9
1308210 1258.7
1308220 1258.7
1308230 1258.6
1308240 1257.2
1308250 1257.2
1308260 1257.2
1308270 1255.4
1308280 1253.6
1308290 1253.6
1308300 1255.7
1308310 1255.0
1308320 1255.0
1308330 1253.9
1308340 1253.2
1308350 1253.2
1308360 1252.0
1308370 1251.0
1308380 1251.0
1308390 1250.1
1308400 1249.1
1308410 1249.1
1308420 1248.2
1308430 1247.7
1308440 1247.7
1308450 1247.2
1308460 1246.6
1308470 1246.6
1308480 1247.2
1308490 1248.2
1308500 1248.2
1308510 1248.7
1308520 1248.6
1308530 1247.1
1308540 1247.1
1308550 1245.4
1308560 1247.3
1308570 1247.3
1308580 1247.7
1308590 1247.8
1308600 1247.8
1308610 1247.8
1308620 1245.0
1308630 1245.0
1308640 1244.6
1308650 1244.3
1308660 1244.3
1308670 1243.8
1308680 1243.3
1308690 1243.3
1308700 1243.1
1308710 1243.6
1308720 1243.6
1308730 1244.6
1308740 1245.9
1308750 1246.7
1308760 1246.7
1308770 1246.9
1308780 1246.9
1308790 1246.9
1308800 1248.0
1308810 1248.4
1308820 1248.4
1308830 1248.5
1308840 1250.0
1308850 1250.0
1308860 1251.2
1308870 1250.9
1308880 1250.9
1308890 1249.1
1308900 1246.9
1308910 1246.9
1308920 1245.8
1308930 1246.1
1308940 1246.1
1308950 1247.1
1308960 1248.3
1308970 1248.3
1308980 1249.9
1308990 1252.6
1309000 1255.9
1309010 1255.9
1309020 1259.8
1309030 1263.3
1309040 1263.3
1309050 1265.4
1309060 1268.3
1309070 1268.3
1309080 1271.9
1309090 1274.7
1309100 1274.7
1309110 1275.8
1309120 1279.0
1309130 1279.0
1309140 1279.4
1309150 1282.4
1309160 1282.4
1309170 1286.4
1309180 1288.3
1309190 1288.3
1309200 1290.4
1309210 1292.3
1309220 1293.3
1309230 1293.3
1309240 1295.4
1309250 1297.6
1309260 1297.6
1309270 1300.2
1309280 1303.1
1309290 1303.1
1309300 1305.8
1309310 1307.8
1309320 1307.8
1309330 1309.6
1309340 1301.5
1309350 1301.5
1309360 1304.1
1309370 1306.2
1309380 1306.2
1309390 1308.0
1309400 1310.1
1309410 1310.1
1309420 1311.6
1309430 1313.7
1309440 1313.7
1309450 1315.8
1309460 1318.5
1309470 1321.2
1309480 1321.2
1309490 1322.5
1309500 1325.6
1309510 1325.6
1309520 1329.7
1309530 1332.9
1309540 1332.9
1309550 1335.4
1309560 1337.8
1309570 1337.8
1309580 1341.3
1309590 1345.2
1309600 1345.2
1309610 1348.4
1309620 1350.4
1309630 1350.4
1309640 1351.8
1309650 1353.7
1309660 1353.7
1309670 1355.7
1309680 1357.4
1309690 1359.2
1309700 1359.2
1309710 1360.8
1309720 1362.9
1309730 1362.9
1309740 1365.7
1309750 1367.7
1309760 1367.7
1309770 1368.7
1309780 1369.6
1309790 1369.6
1309800 1370.8
1309810 1372.9
1309820 1372.9
1309830 1375.7
1309840 1378.9
1309850 1378.9
1309860 1382.5
1309870 1385.5
1309880 1385.5
1309890 1388.3
1309900 1390.4
1309910 1390.4
1309920 1391.6
1309930 1392.2
1309940 1393.0
1309950 1393.0
1309960 1394.2
1309970 1395.6
1309980 1395.6
1309990 1396.7
1310000 1398.2
1310010 1398.2
1310020 1400.5
1310030 1402.6
1310040 1402.6
1310050 1404.6
1310060 1403.8
1310070 1403.8
1310080 1405.5
1310090 1407.2
1310100 1407.2
1310110 1408.1
1310120 1409.3
1310130 1409.3
1310140 1410.8
1310150 1412.1
1310160 1413.1
1310170 1413.1
1310180 1415.3
1310190 1418.2
1310200 1418.2
1310210 1421.0
1310220 1423.9
1310230 1423.9
1310240 1426.4
1310250 1429.8
1310260 1429.8
1310270 1434.0
1310280 1437.6
1310290 1437.6
1310300 1440.5
1310310 1442.3
1310320 1442.3
1310330 1444.8
1310340 1449.5
1310350 1449.5
1310360 1454.3
1310370 1460.1
1310380 1460.1
1310390 1467.0
1310400 1473.0
1310410 1478.4
1310420 1478.4
1310430 1483.4
1310440 1488.3
1310450 1488.3
1310460 1492.8
1310470 1496.7
1310480 1496.7
1310490 1498.0
1310500 1496.4
1310510 1496.4
1310520 1494.0
1310530 1487.6
1310540 1487.6
1310550 1479.1
1310560 1477.1
1310570 1477.1
1310580 1480.5
1310590 1483.8
1310600 1483.8
1310610 1486.4
1310620 1488.2
1310630 1490.5
1310640 1490.5
1310650 1493.3
1310660 1492.6
1310670 1492.6
1310680 1490.3
1310690 1489.1
1310700 1489.1
1310710 1487.0
1310720 1487.2
1310730 1487.2
1310740 1489.0
1310750 1491.1
1310760 1491.1
1310770 1494.0
1310780 1497.2
1310790 1493.8
1310800 1495.9
1310810 1497.8
1310820 1497.8
1310830 1496.1
1310840 1497.4
1310850 1497.4
1310860 1503.1
1310870 1504.9
1310880 1506.0
1310890 1506.0
1310900 1506.6
1310910 1505.7
1310920 1505.7
1310930 1501.1
1310940 1498.4
1310950 1498.4
1310960 1496.6
1310970 1493.2
1310980 1493.2
1310990 1488.4
1311000 1491.3
1311010 1491.3
1311020 1497.3
1311030 1505.1
1311040 1505.1
1311050 1508.2
1311060 1507.6
1311070 1507.6
1311080 1506.6
1311090 1506.4
1311100 1506.7
1311110 1506.7
1311120 1507.0
1311130 1508.2
1311140 1508.2
1311150 1508.9
1311160 1510.5
1311170 1510.5
1311180 1512.8
1311190 1514.9
1311200 1514.9
1311210 1517.5
1311220 1519.3
1311230 1519.3
1311240 1520.4
1311250 1521.1
1311260 1521.1
1311270 1520.1
1311280 1517.0
1311290 1517.0
1311300 1513.9
1311310 1516.4
1311320 1516.4
1311330 1521.4
1311340 1521.6
1311350 1522.2
1311360 1522.2
1311370 1522.4
1311380 1522.1
1311390 1522.1
1311400 1521.5
1311410 1521.1
1311420 1521.1
1311430 1520.0
1311440 1519.0
1311450 1519.0
1311460 1518.2
1311470 1516.8
1311480 1516.8
1311490 1516.1
1311500 1516.5
1311510 1516.5
1311520 1517.8
1311530 1514.6
1311540 1514.6
1311550 1515.0
1311560 1515.1
1311570 1515.1
1311580 1515.1
1311590 1515.1
1311600 1515.2
1311610 1515.2
1311620 1515.5
1311630 1515.0
1311640 1515.0
1311650 1513.9
1311660 1511.6
1311670 1511.6
1311680 1509.4
1311690 1508.0
1311700 1508.0
1311710 1506.8
1311720 1506.0
1311730 1506.0
1311740 1505.2
1311750 1504.3
1311760 1504.3
1311770 1503.5
1311780 1503.2
1311790 1503.2
1311800 1502.6
1311810 1502.3
1311820 1502.7
1311830 1502.7
1311840 1502.7
1311850 1502.5
1311860 1502.5
1311870 1501.5
1311880 1499.9
1311890 1499.9
1311900 1498.7
1311910 1497.6
1311920 1497.6
1311930 1500.0
1311940 1500.6
1311950 1500.6
1311960 1500.8
1311970 1503.8
1311980 1503.8
1311990 1508.1
1312000 1512.1
1312010 1512.1
1312020 1515.0
1312030 1516.6
1312040 1519.0
1312050 1519.0
1312060 1521.3
1312070 1523.4
1312080 1523.4
1312090 1527.4
1312100 1531.6
1312110 1531.6
1312120 1534.3
1312130 1537.2
1312140 1537.2
1312150 1540.1
1312160 1542.9
1312170 1542.9
1312180 1546.5
1312190 1550.7
1312200 1550.7
1312210 1555.5
1312220 1560.2
1312230 1560.2
1312240 1565.2
1312250 1570.1
1312260 1568.1
1312270 1572.2
1312280 1575.7
1312290 1579.7
1312300 1579.7
1312310 1583.5
1312320 1586.1
1312330 1586.1
1312340 1588.5
1312350 1592.2
1312360 1592.2
1312370 1593.6
1312380 1596.0
1312390 1596.0
1312400 1599.4
1312410 1602.5
1312420 1602.5
1312430 1606.0
1312440 1610.0
1312450 1610.0
1312460 1614.2
1312470 1618.0
1312480 1618.0
1312490 1621.9
1312500 1625.8
1312510 1629.2
1312520 1629.2
1312530 1632.6
1312540 1635.9
1312550 1635.9
1312560 1639.2
1312570 1642.8
1312580 1642.8
1312590 1647.4
1312600 1652.0
1312610 1652.0
1312620 1656.5
1312630 1660.4
1312640 1660.4
1312650 1663.5
1312660 1667.9
1312670 1667.9
1312680 1674.3
1312690 1678.5
1312700 1678.5
1312710 1680.8
1312720 1682.7
1312730 1682.7
1312740 1684.4
1312750 1686.2
1312760 1687.8
1312770 1687.8
1312780 1689.8
1312790 1692.3
1312800 1692.3
1312810 1693.7
1312820 1695.4
1312830 1695.4
1312840 1697.3
1312850 1698.9
1312860 1698.9
1312870 1701.9
1312880 1705.4
1312890 1705.4
1312900 1709.1
1312910 1713.5
1312920 1713.5
1312930 1718.4
1312940 1722.7
1312950 1722.7
1312960 1725.8
1312970 1728.9
1312980 1728.9
1312990 1732.2
1313000 1734.2
1313010 1737.3
1313020 1737.3
1313030 1739.9
1313040 1742.4
1313050 1742.4
1313060 1745.5
1313070 1749.3
1313080 1749.3
1313090 1752.8
1313100 1756.2
1313110 1756.2
1313120 1759.3
1313130 1762.5
1313140 1762.5
1313150 1766.0
1313160 1769.2
1313170 1769.2
1313180 1772.2
1313190 1775.7
1313200 1775.7
1313210 1779.0
1313220 1781.4
1313230 1783.7
1313240 1783.7
1313250 1785.8
1313260 1787.7
1313270 1787.7
1313280 1789.4
1313290 1791.5
1313300 1791.5
1313310 1793.1
1313320 1795.4
1313330 1795.4
1313340 1797.5
1313350 1800.0
1313360 1800.0
1313370 1802.6
1313380 1805.1
1313390 1805.1
1313400 1806.8
1313410 1808.4
1313420 1808.4
1313430 1809.6
1313440 1810.8
1313450 1810.8
1313460 1811.8
1313470 1813.2
1313480 1814.5
1313490 1814.5
1313500 1815.7
1313510 1817.1
1313520 1817.1
1313530 1818.8
1313540 1820.4
1313550 1820.4
1313560 1821.6
1313570 1822.6
1313580 1822.6
1313590 1823.3
1313600 1823.8
1313610 1823.8
1313620 1824.2
1313630 1824.7
1313640 1824.7
1313650 1825.1
1313660 1825.6
1313670 1825.6
1313680 1826.6
1313690 1827.8
1313700 1828.6
1313710 1828.6
1313720 1827.1
1313730 1824.3
1313740 1821.1
1313750 1819.9
1313760 1818.6
1313770 1818.6
1313780 1817.6
1313790 1816.8
1313800 1816.8
1313810 1815.7
1313820 1814.9
1313830 1814.9
1313840 1813.6
1313850 1811.4
1313860 1811.4
1313870 1808.6
1313880 1805.6
1313890 1805.6
1313900 1803.9
1313910 1802.5
1313920 1802.5
1313930 1801.3
1313940 1800.1
1313950 1798.9
1313960 1798.9
1313970 1795.8
1313980 1793.6
1313990 1793.6
1314000 1792.0
1314010 1790.2
1314020 1790.2
1314030 1788.2
1314040 1787.8
1314050 1787.8
1314060 1788.5
1314070 1789.1
1314080 1789.1
1314090 1789.5
1314100 1789.1
1314110 1789.1
1314120 1788.9
1314130 1789.0
1314140 1789.0
1314150 1787.8
1314160 1785.9
1314170 1783.9
1314180 1783.9
1314190 1782.3
1314200 1780.8
1314210 1780.8
1314220 1778.9
1314230 1777.3
1314240 1777.3
1314250 1775.5
1314260 1773.6
1314270 1773.6
1314280 1771.8
1314290 1769.8
1314300 1769.8
1314310 1767.4
1314320 1763.7
1314330 1763.7
1314340 1759.4
1314350 1757.6
1314360 1757.6
1314370 1757.4
1314380 1756.7
1314390 1756.7
1314400 1754.9
1314410 1755.5
1314420 1755.7
1314430 1755.7
1314440 1755.4
1314450 1754.2
1314460 1754.2
1314470 1753.0
1314480 1750.8
1314490 1747.9
1314500 1745.8
1314510 1744.6
1314520 1744.6
1314530 1743.4
1314540 1742.4
1314550 1742.4
1314560 1740.7
1314570 1738.0
1314580 1738.0
1314590 1734.5
1314600 1730.2
1314610 1730.2
1314620 1725.9
1314630 1721.4
1314640 1716.6
1314650 1716.6
1314660 1711.1
1314670 1705.5
1314680 1705.5
1314690 1700.5
1314700 1696.2
1314710 1696.2
1314720 1693.0
1314730 1689.5
1314740 1689.5
1314750 1685.4
1314760 1682.0
1314770 1682.0
1314780 1678.6
1314790 1673.0
1314800 1673.0
1314810 1668.9
1314820 1664.7
1314830 1664.7
1314840 1655.0
1314850 1645.7
1314860 1645.7
1314870 1639.3
1314880 1635.9
1314890 1633.4
1314900 1633.4
1314910 1630.8
1314920 1628.2
1314930 1628.2
1314940 1627.1
1314950 1626.8
1314960 1626.8
1314970 1623.3
1314980 1618.0
1314990 1618.0
1315000 1613.2
1315010 1609.4
1315020 1609.4
1315030 1606.6
1315040 1603.0
1315050 1603.0
1315060 1597.4
1315070 1592.0
1315080 1592.0
1315090 1587.3
1315100 1581.1
1315110 1574.9
1315120 1574.9
1315130 1571.2
1315140 1566.7
1315150 1566.7
1315160 1561.1
1315170 1553.6
1315180 1553.6
1315190 1547.2
1315200 1540.5
1315210 1540.5
1315220 1532.6
1315230 1524.6
1315240 1524.6
1315250 1517.1
1315260 1508.8
1315270 1508.8
1315280 1499.8
1315290 1489.8
1315300 1489.8
1315310 1480.5
1315320 1473.0
1315330 1473.0
1315340 1466.3
1315350 1460.0
1315360 1454.7
1315370 1454.7
1315380 1449.3
1315390 1443.1
1315400 1443.1
1315410 1438.7
1315420 1436.0
1315430 1436.0
1315440 1435.2
1315450 1435.2
1315460 1435.2
1315470 1433.1
1315480 1428.6
1315490 1428.6
1315500 1423.8
1315510 1417.9
1315520 1417.9
1315530 1410.9
1315540 1402.8
1315550 1402.8
1315560 1393.4
1315570 1382.7
1315580 1372.9
1315590 1372.9
1315600 1362.0
1315610 1350.3
1315620 1350.3
1315630 1342.7
1315640 1336.6
1315650 1336.6
1315660 1332.6
1315670 1325.0
1315680 1325.0
1315690 1311.3
1315700 1300.3
1315710 1300.3
1315720 1290.5
1315730 1285.5
1315740 1285.5
1315750 1286.3
1315760 1289.4
1315770 1289.4
1315780 1294.0
1315790 1299.8
1315800 1299.8
1315810 1306.2
1315820 1310.7
1315830 1313.3
1315840 1313.3
1315850 1314.6
1315860 1313.6
1315870 1313.6
1315880 1308.7
1315890 1301.8
1315900 1301.8
1315910 1296.2
1315920 1289.5
1315930 1289.5
1315940 1282.4
1315950 1276.0
1315960 1276.0
1315970 1270.9
1315980 1266.6
1315990 1260.9
1316000 1257.2
1316010 1254.4
1316020 1254.4
1316030 1250.6
1316040 1246.1
1316050 1241.7
1316060 1241.7
1316070 1236.3
1316080 1229.3
1316090 1229.3
1316100 1222.6
1316110 1218.1
1316120 1218.1
1316130 1215.3
1316140 1212.6
1316150 1212.6
1316160 1208.5
1316170 1203.3
1316180 1203.3
1316190 1197.6
1316200 1191.8
1316210 1191.8
1316220 1187.1
1316230 1183.2
1316240 1183.2
1316250 1180.2
1316260 1176.0
1316270 1176.0
1316280 1173.1
1316290 1171.6
1316300 1172.6
1316310 1172.6
1316320 1172.2
1316330 1171.0
1316340 1171.0
1316350 1171.5
1316360 1170.6
1316370 1170.6
1316380 1168.8
1316390 1168.0
1316400 1168.0
1316410 1166.7
1316420 1163.9
1316430 1163.9
1316440 1160.6
1316450 1158.1
1316460 1158.1
1316470 1154.9
1316480 1153.0
1316490 1153.0
1316500 1151.4
1316510 1148.3
1316520 1145.5
1316530 1145.5
1316540 1142.6
1316550 1137.0
1316560 1137.0
1316570 1133.2
1316580 1130.7
1316590 1130.7
1316600 1129.2
1316610 1127.2
1316620 1127.2
1316630 1127.7
1316640 1121.6
1316650 1121.6
1316660 1115.7
1316670 1111.6
1316680 1111.6
1316690 1108.8
1316700 1106.3
1316710 1106.3
1316720 1104.1
1316730 1102.4
1316740 1097.5
1316750 1095.2
1316760 1091.0
1316770 1086.3
1316780 1086.3
1316790 1082.5
1316800 1079.2
1316810 1079.2
1316820 1077.2
1316830 1075.8
1316840 1075.8
1316850 1073.3
1316860 1071.3
1316870 1071.3
1316880 1068.9
1316890 1065.6
1316900 1065.6
1316910 1061.5
1316920 1057.0
1316930 1057.0
1316940 1052.1
1316950 1046.8
1316960 1046.8
1316970 1040.5
1316980 1033.9
1316990 1023.2
1317000 1023.2
1317010 1010.7
1317020 997.4
1317030 997.4
1317040 988.0
1317050 980.2
1317060 980.2
1317070 973.8
1317080 966.5
1317090 966.5
1317100 959.5
1317110 957.8
1317120 957.8
1317130 963.1
1317140 966.4
1317150 966.4
1317160 966.7
1317170 966.0
1317180 966.0
1317190 966.6
1317200 973.5
1317210 973.5
1317220 978.5
1317230 982.3
1317240 983.4
1317250 983.4
1317260 981.0
1317270 975.0
1317280 975.0
1317290 966.6
1317300 958.2
1317310 958.2
1317320 948.1
1317330 941.6
1317340 941.6
1317350 937.2
1317360 932.5
1317370 932.5
1317380 928.2
1317390 924.5
1317400 924.5
1317410 921.4
1317420 918.4
1317430 918.4
1317440 915.7
1317450 912.8
1317460 910.5
1317470 910.5
1317480 909.7
1317490 909.4
1317500 903.9
1317510 903.7
1317520 903.6
1317530 903.6
1317540 903.7
1317550 903.0
1317560 903.0
1317570 901.5
1317580 899.3
1317590 899.3
1317600 897.5
1317610 894.7
1317620 894.7
1317630 888.3
1317640 880.9
1317650 880.9
1317660 878.6
1317670 878.2
1317680 878.2
1317690 879.0
1317700 876.8
1317710 874.7
1317720 874.7
1317730 872.7
1317740 870.2
1317750 870.2
1317760 868.1
1317770 866.7
1317780 866.7
1317790 867.1
1317800 868.1
1317810 868.1
1317820 866.6
1317830 864.4
1317840 864.4
1317850 860.5
1317860 854.1
1317870 854.1
1317880 851.9
1317890 849.9
1317900 849.9
1317910 848.5
1317920 847.3
1317930 845.2
1317940 845.2
1317950 842.7
1317960 840.1
1317970 840.1
1317980 837.6
1317990 834.4
1318000 834.4
1318010 831.9
1318020 829.1
1318030 829.1
1318040 825.9
1318050 823.6
1318060 823.6
1318070 821.8
1318080 820.3
1318090 820.3
1318100 818.8
1318110 816.6
1318120 816.6
1318130 814.5
1318140 812.6
1318150 812.6
1318160 811.1
1318170 808.9
1318180 807.4
1318190 807.4
1318200 806.3
1318210 805.8
1318220 805.8
1318230 804.2
1318240 802.2
1318250 802.2
1318260 788.1
1318270 783.4
1318280 783.4
1318290 778.3
1318300 773.5
1318310 773.5
1318320 771.2
1318330 768.8
1318340 768.8
1318350 762.8
1318360 757.8
1318370 757.8
1318380 752.5
1318390 747.2
1318400 742.6
1318410 742.6
1318420 738.8
1318430 734.9
1318440 734.9
1318450 731.0
1318460 727.4
1318470 727.4
1318480 723.9
1318490 720.1
1318500 720.1
1318510 715.7
1318520 711.0
1318530 711.0
1318540 706.3
1318550 701.7
1318560 701.7
1318570 697.3
1318580 693.3
1318590 693.3
1318600 689.7
1318610 686.3
1318620 686.3
1318630 683.0
1318640 679.3
1318650 675.4
1318660 675.4
1318670 670.5
1318680 665.6
1318690 665.6
1318700 660.9
1318710 656.2
1318720 656.2
1318730 651.4
1318740 647.5
1318750 647.5
1318760 644.5
1318770 641.9
1318780 641.9
1318790 639.4
1318800 638.1
1318810 638.1
1318820 637.7
1318830 637.8
1318840 637.8
1318850 637.8
1318860 637.8
1318870 637.8
1318880 637.3
1318890 634.2
1318900 632.5
1318910 632.5
1318920 632.4
1318930 634.0
1318940 634.0
1318950 636.7
1318960 637.1
1318970 637.1
1318980 637.1
1318990 637.0
1319000 637.0
1319010 636.9
1319020 636.7
1319030 636.8
1319040 636.7
1319050 636.7
1319060 636.7
1319070 636.8
1319080 637.2
1319090 637.2
1319100 638.5
1319110 638.7
1319120 638.1
1319130 638.1
1319140 638.0
1319150 638.0
1319160 638.0
1319170 638.0
1319180 638.0
1319190 638.0
1319200 638.0
1319210 638.0
1319220 638.0
1319230 637.8
1319240 637.8
1319250 637.8
1319260 638.5
1319270 639.8
1319280 639.8
1319290 641.0
1319300 641.3
1319310 641.3
1319320 641.5
1319330 641.8
1319340 641.8
1319350 641.9
1319360 641.9
1319370 642.3
1319380 642.3
1319390 642.7
1319400 642.7
1319410 642.7
1319420 642.7
1319430 642.9
1319440 642.9
1319450 643.3
1319460 643.6
1319470 643.6
1319480 643.6
1319490 643.6
1319500 643.6
1319510 643.9
1319520 644.2
1319530 644.2
1319540 644.3
1319550 644.5
1319560 644.5
1319570 644.7
1319580 644.9
1319590 645.3
1319600 645.3
1319610 645.5
1319620 645.6
1319630 645.6
1319640 645.7
1319650 645.7
1319660 645.7
1319670 645.9
1319680 646.3
1319690 646.3
1319700 646.7
1319710 647.2
1319720 647.2
1319730 647.7
1319740 648.3
1319750 648.3
1319760 649.2
1319770 649.5
1319780 649.5
1319790 649.6
1319800 650.1
1319810 650.1
1319820 650.3
1319830 650.6
1319840 650.9
1319850 650.9
1319860 651.3
1319870 651.7
1319880 651.7
1319890 651.5
1319900 651.7
1319910 651.7
1319920 651.7
1319930 651.8
1319940 651.8
1319950 652.2
1319960 652.4
1319970 652.4
1319980 652.6
1319990 653.1
