1300000 2400.3
1300010 2399.0
1300020 2399.0
1300030 2397.2
1300040 2395.6
1300050 2395.6
1300060 2393.6
1300070 2391.7
1300080 2391.7
1300090 2390.0
1300100 2388.3
1300110 2388.3
1300120 2386.9
1300130 2385.3
1300140 2385.3
1300150 2383.8
1300160 2382.4
1300170 2382.4
1300180 2381.1
1300190 2380.0
1300200 2381.8
1300210 2381.8
1300220 2380.5
1300230 2378.0
1300240 2378.0
1300250 2375.9
1300260 2376.6
1300270 2376.6
1300280 2377.5
1300290 2374.9
1300300 2374.9
1300310 2373.5
1300320 2372.1
1300330 2372.1
1300340 2369.3
1300350 2364.4
1300360 2364.4
1300370 2359.6
1300380 2354.8
1300390 2354.8
1300400 2349.1
1300410 2346.0
1300420 2344.4
1300430 2344.4
1300440 2341.5
1300450 2339.4
1300460 2339.4
1300470 2338.2
1300480 2337.9
1300490 2337.9
1300500 2339.0
1300510 2341.3
1300520 2341.3
1300530 2344.2
1300540 2347.2
1300550 2347.2
1300560 2351.3
1300570 2356.8
1300580 2356.8
1300590 2362.0
1300600 2366.9
1300610 2366.9
1300620 2372.4
1300630 2378.3
1300640 2378.3
1300650 2385.6
1300660 2391.5
1300670 2396.7
1300680 2396.7
1300690 2402.6
1300700 2408.3
1300710 2408.3
1300720 2414.3
1300730 2421.1
1300740 2421.1
1300750 2428.7
1300760 2436.6
1300770 2436.6
1300780 2444.3
1300790 2451.6
1300800 2451.6
1300810 2458.9
1300820 2466.2
1300830 2466.2
1300840 2473.6
1300850 2479.1
1300860 2479.1
1300870 2474.1
1300880 2465.9
1300890 2458.7
1300900 2458.7
1300910 2450.7
1300920 2442.8
1300930 2442.8
1300940 2434.8
1300950 2427.7
1300960 2427.7
1300970 2420.5
1300980 2412.9
1300990 2412.9
1301000 2405.7
1301010 2396.9
1301020 2396.9
1301030 2386.6
1301040 2376.7
1301050 2376.7
1301060 2367.2
1301070 2357.6
1301080 2357.6
1301090 2348.3
1301100 2339.5
1301110 2339.5
1301120 2331.5
1301130 2323.6
1301140 2316.5
1301150 2316.5
1301160 2308.9
1301170 2300.7
1301180 2300.7
1301190 2292.5
1301200 2284.6
1301210 2284.6
1301220 2276.9
1301230 2269.0
1301240 2269.0
1301250 2260.5
1301260 2252.4
1301270 2252.4
1301280 2244.4
1301290 2234.4
1301300 2234.4
1301310 2223.5
1301320 2214.9
1301330 2214.9
1301340 2207.9
1301350 2202.1
1301360 2196.4
1301370 2196.4
1301380 2190.3
1301390 2184.4
1301400 2184.4
1301410 2179.5
1301420 2175.1
1301430 2175.1
1301440 2170.6
1301450 2166.2
1301460 2166.2
1301470 2161.8
1301480 2157.0
1301490 2157.0
1301500 2152.3
1301510 2147.7
1301520 2147.7
1301530 2142.9
1301540 2141.7
1301550 2141.7
1301560 2143.3
1301570 2145.1
1301580 2145.1
1301590 2153.3
1301600 2153.3
1301610 2153.0
1301620 2153.0
1301630 2154.2
1301640 2154.7
1301650 2154.7
1301660 2152.6
1301670 2150.8
1301680 2150.8
1301690 2149.7
1301700 2148.9
1301710 2148.9
1301720 2147.6
1301730 2145.6
1301740 2145.6
1301750 2146.9
1301760 2149.2
1301770 2149.2
1301780 2149.9
1301790 2150.6
1301800 2150.6
1301810 2152.1
1301820 2153.8
1301830 2153.8
1301840 2155.3
1301850 2156.1
1301860 2157.6
1301870 2157.6
1301880 2159.5
1301890 2161.8
1301900 2161.8
1301910 2163.8
1301920 2165.5
1301930 2165.5
1301940 2167.0
1301950 2168.8
1301960 2168.8
1301970 2170.5
1301980 2172.3
1301990 2172.3
1302000 2174.4
1302010 2176.3
1302020 2176.3
1302030 2177.7
1302040 2178.9
1302050 2178.9
1302060 2180.8
1302070 2183.0
1302080 2184.7
1302090 2184.7
1302100 2187.0
1302110 2189.0
1302120 2189.0
1302130 2190.5
1302140 2192.3
1302150 2192.3
1302160 2195.0
1302170 2196.4
1302180 2196.4
1302190 2196.8
1302200 2199.2
1302210 2199.2
1302220 2201.1
1302230 2203.2
1302240 2203.2
1302250 2205.9
1302260 2209.3
1302270 2209.3
1302280 2218.6
1302290 2222.4
1302300 2222.4
1302310 2226.3
1302320 2229.2
1302330 2226.6
1302340 2226.6
1302350 2223.9
1302360 2221.5
1302370 2221.5
1302380 2218.6
1302390 2215.7
1302400 2215.7
1302410 2212.4
1302420 2209.5
1302430 2209.5
1302440 2206.5
1302450 2202.2
1302460 2202.2
1302470 2197.4
1302480 2192.8
1302490 2192.8
1302500 2188.4
1302510 2184.1
1302520 2184.1
1302530 2179.8
1302540 2176.7
1302550 2174.5
1302560 2174.5
1302570 2171.4
1302580 2167.3
1302590 2167.3
1302600 2163.4
1302610 2159.6
1302620 2159.6
1302630 2155.9
1302640 2152.3
1302650 2152.3
1302660 2149.0
1302670 2145.6
1302680 2145.6
1302690 2141.8
1302700 2138.3
1302710 2138.3
1302720 2134.6
1302730 2131.8
1302740 2131.8
1302750 2129.8
1302760 2127.6
1302770 2127.6
1302780 2125.2
1302790 2122.0
1302800 2119.0
1302810 2119.0
1302820 2115.8
1302830 2112.9
1302840 2112.9
1302850 2110.0
1302860 2107.0
1302870 2107.0
1302880 2104.0
1302890 2101.2
1302900 2101.2
1302910 2098.5
1302920 2095.7
1302930 2095.7
1302940 2092.5
1302950 2089.1
1302960 2089.1
1302970 2085.7
1302980 2078.3
1302990 2078.3
1303000 2075.4
1303010 2072.4
1303020 2069.2
1303030 2069.2
1303040 2066.0
1303050 2062.8
1303060 2062.8
1303070 2059.6
1303080 2055.7
1303090 2055.7
1303100 2051.7
1303110 2048.2
1303120 2048.2
1303130 2045.4
1303140 2041.7
1303150 2041.7
1303160 2038.1
1303170 2035.3
1303180 2035.3
1303190 2033.3
1303200 2032.5
1303210 2032.5
1303220 2030.3
1303230 2027.6
1303240 2027.6
1303250 2024.1
1303260 2019.6
1303270 2016.3
1303280 2016.3
1303290 2013.5
1303300 2010.7
1303310 2010.7
1303320 2007.8
1303330 2005.2
1303340 2005.2
1303350 2003.1
1303360 2000.5
1303370 2000.5
1303380 1998.1
1303390 1995.8
1303400 1995.8
1303410 1994.3
1303420 1992.6
1303430 1992.6
1303440 1991.8
1303450 1990.8
1303460 1990.8
1303470 1991.1
1303480 1991.5
1303490 1990.0
1303500 1990.0
1303510 1987.7
1303520 1985.2
1303530 1985.2
1303540 1982.5
1303550 1979.7
1303560 1979.7
1303570 1976.5
1303580 1973.1
1303590 1973.1
1303600 1971.1
1303610 1969.7
1303620 1969.7
1303630 1968.2
1303640 1965.8
1303650 1965.8
1303660 1963.3
1303670 1960.7
1303680 1956.8
1303690 1954.6
1303700 1952.0
1303710 1952.0
1303720 1948.9
1303730 1947.9
1303740 1948.0
1303750 1948.0
1303760 1949.3
1303770 1950.4
1303780 1950.4
1303790 1949.6
1303800 1947.2
1303810 1947.2
1303820 1943.2
1303830 1939.4
1303840 1939.4
1303850 1936.1
1303860 1932.6
1303870 1932.6
1303880 1928.6
1303890 1925.2
1303900 1925.2
1303910 1921.5
1303920 1917.7
1303930 1917.7
1303940 1914.3
1303950 1911.1
1303960 1908.2
1303970 1908.2
1303980 1904.1
1303990 1899.1
1304000 1899.1
1304010 1893.6
1304020 1888.4
1304030 1888.4
1304040 1884.8
1304050 1880.5
1304060 1880.5
1304070 1876.8
1304080 1872.9
1304090 1872.9
1304100 1868.2
1304110 1863.9
1304120 1863.9
1304130 1859.9
1304140 1855.3
1304150 1855.3
1304160 1851.6
1304170 1849.6
1304180 1849.6
1304190 1847.7
1304200 1845.1
1304210 1841.7
1304220 1841.7
1304230 1838.4
1304240 1834.7
1304250 1834.7
1304260 1830.4
1304270 1826.6
1304280 1826.6
1304290 1823.2
1304300 1820.5
1304310 1820.5
1304320 1817.7
1304330 1814.9
1304340 1814.9
1304350 1812.5
1304360 1810.2
1304370 1810.2
1304380 1809.3
1304390 1806.3
1304400 1806.3
1304410 1801.7
1304420 1796.9
1304430 1792.9
1304440 1792.9
1304450 1788.8
1304460 1784.7
1304470 1784.7
1304480 1780.6
1304490 1776.6
1304500 1776.6
1304510 1772.5
1304520 1767.6
1304530 1767.6
1304540 1762.4
1304550 1757.1
1304560 1757.1
1304570 1752.0
1304580 1746.6
1304590 1746.6
1304600 1741.7
1304610 1738.0
1304620 1738.0
1304630 1734.0
1304640 1730.5
1304650 1730.5
1304660 1728.5
1304670 1725.7
1304680 1721.6
1304690 1721.6
1304700 1717.2
1304710 1711.3
1304720 1711.3
1304730 1705.8
1304740 1701.2
1304750 1701.2
1304760 1696.6
1304770 1693.7
1304780 1693.7
1304790 1690.2
1304800 1685.6
1304810 1685.6
1304820 1681.6
1304830 1677.5
1304840 1677.5
1304850 1672.8
1304860 1668.3
1304870 1668.3
1304880 1664.4
1304890 1661.0
1304900 1661.0
1304910 1658.3
1304920 1655.7
1304930 1654.1
1304940 1654.1
1304950 1652.7
1304960 1652.6
1304970 1652.6
1304980 1652.9
1304990 1653.1
1305000 1653.1
1305010 1652.4
1305020 1650.2
1305030 1650.2
1305040 1647.0
1305050 1643.3
1305060 1643.3
1305070 1639.7
1305080 1636.2
1305090 1635.0
1305100 1632.7
1305110 1629.8
1305120 1629.8
1305130 1626.4
1305140 1623.1
1305150 1619.1
1305160 1619.1
1305170 1615.3
1305180 1611.7
1305190 1611.7
1305200 1607.6
1305210 1603.8
1305220 1603.8
1305230 1599.8
1305240 1595.8
1305250 1595.8
1305260 1592.0
1305270 1588.5
1305280 1588.5
1305290 1585.2
1305300 1581.5
1305310 1581.5
1305320 1577.4
1305330 1573.5
1305340 1573.5
1305350 1569.8
1305360 1566.1
1305370 1566.1
1305380 1562.4
1305390 1558.9
1305400 1555.2
1305410 1555.2
1305420 1551.9
1305430 1548.5
1305440 1548.5
1305450 1544.6
1305460 1541.3
1305470 1541.3
1305480 1539.8
1305490 1538.1
1305500 1538.1
1305510 1535.0
1305520 1531.4
1305530 1531.4
1305540 1527.8
1305550 1524.2
1305560 1524.2
1305570 1520.8
1305580 1517.4
1305590 1517.4
1305600 1514.0
1305610 1510.7
1305620 1507.2
1305630 1507.2
1305640 1503.5
1305650 1499.8
1305660 1499.8
1305670 1496.4
1305680 1493.1
1305690 1493.1
1305700 1489.8
1305710 1486.3
1305720 1486.3
1305730 1482.8
1305740 1479.0
1305750 1479.0
1305760 1475.4
1305770 1472.1
1305780 1472.1
1305790 1468.6
1305800 1462.9
1305810 1462.9
1305820 1459.5
1305830 1456.4
1305840 1456.4
1305850 1453.7
1305860 1452.1
1305870 1449.3
1305880 1449.3
1305890 1446.1
1305900 1443.0
1305910 1443.0
1305920 1439.9
1305930 1437.4
1305940 1437.4
1305950 1434.9
1305960 1433.6
1305970 1433.6
1305980 1431.1
1305990 1428.0
1306000 1428.0
1306010 1424.8
1306020 1421.6
1306030 1421.6
1306040 1418.6
1306050 1415.3
1306060 1415.3
1306070 1412.0
1306080 1409.3
1306090 1406.6
1306100 1406.6
1306110 1403.9
1306120 1401.0
1306130 1401.0
1306140 1398.1
1306150 1395.5
1306160 1395.5
1306170 1392.9
1306180 1390.4
1306190 1390.4
1306200 1387.9
1306210 1385.6
1306220 1385.6
1306230 1383.5
1306240 1381.5
1306250 1381.5
1306260 1379.7
1306270 1378.1
1306280 1378.1
1306290 1376.6
1306300 1375.0
1306310 1375.0
1306320 1373.5
1306330 1372.0
1306340 1370.4
1306350 1370.4
1306360 1368.6
1306370 1366.6
1306380 1366.6
1306390 1364.1
1306400 1361.6
1306410 1361.6
1306420 1358.9
1306430 1355.9
1306440 1355.9
1306450 1353.1
1306460 1350.4
1306470 1350.4
1306480 1347.5
1306490 1345.0
1306500 1345.0
1306510 1335.8
1306520 1333.4
1306530 1333.4
1306540 1331.9
1306550 1330.8
1306560 1329.9
1306570 1329.9
1306580 1329.1
1306590 1328.2
1306600 1328.2
1306610 1327.1
1306620 1325.6
1306630 1325.6
1306640 1324.1
1306650 1323.4
1306660 1323.4
1306670 1323.0
1306680 1322.1
1306690 1322.1
1306700 1320.3
1306710 1318.7
1306720 1318.7
1306730 1318.1
1306740 1317.0
1306750 1317.0
1306760 1315.2
1306770 1313.1
1306780 1313.1
1306790 1310.8
1306800 1308.0
1306810 1306.1
1306820 1306.1
1306830 1304.8
1306840 1303.6
1306850 1303.6
1306860 1302.5
1306870 1301.1
1306880 1301.1
1306890 1299.6
1306900 1297.7
1306910 1297.7
1306920 1295.7
1306930 1294.3
1306940 1294.3
1306950 1292.8
1306960 1291.3
1306970 1291.3
1306980 1289.9
1306990 1287.8
1307000 1287.8
1307010 1283.2
1307020 1277.1
1307030 1272.7
1307040 1272.7
1307050 1269.8
1307060 1266.7
1307070 1266.7
1307080 1263.0
1307090 1259.0
1307100 1259.0
1307110 1255.5
1307120 1253.2
1307130 1253.2
1307140 1252.5
1307150 1252.7
1307160 1252.7
1307170 1252.8
1307180 1252.9
1307190 1252.9
1307200 1253.3
1307210 1253.9
1307220 1253.9
1307230 1253.4
1307240 1253.3
1307250 1253.3
1307260 1254.3
1307270 1255.5
1307280 1255.4
1307290 1255.4
1307300 1255.0
1307310 1254.8
1307320 1254.8
1307330 1254.9
1307340 1255.2
1307350 1255.2
1307360 1255.1
1307370 1254.1
1307380 1254.1
1307390 1252.5
1307400 1254.2
1307410 1254.2
1307420 1253.9
1307430 1253.7
1307440 1253.7
1307450 1253.3
1307460 1253.0
1307470 1253.0
1307480 1252.9
1307490 1252.8
1307500 1253.2
1307510 1253.2
1307520 1257.6
1307530 1260.1
1307540 1260.1
1307550 1260.4
1307560 1260.9
1307570 1260.9
1307580 1261.3
1307590 1261.8
1307600 1261.8
1307610 1262.3
1307620 1262.8
1307630 1262.8
1307640 1263.4
1307650 1264.0
1307660 1264.0
1307670 1264.3
1307680 1264.5
1307690 1264.5
1307700 1264.8
1307710 1265.0
1307720 1265.0
1307730 1265.3
1307740 1265.7
1307750 1265.9
1307760 1265.9
1307770 1266.0
1307780 1265.9
1307790 1265.9
1307800 1265.7
1307810 1265.8
1307820 1265.8
1307830 1266.0
1307840 1265.6
1307850 1265.6
1307860 1264.7
1307870 1264.3
1307880 1264.3
1307890 1264.4
1307900 1264.4
1307910 1264.4
1307920 1264.2
1307930 1264.4
1307940 1264.4
1307950 1263.1
1307960 1263.4
1307970 1263.4
1307980 1263.7
1307990 1264.1
1308000 1264.7
1308010 1264.7
1308020 1265.0
1308030 1265.1
1308040 1265.1
1308050 1265.0
1308060 1265.0
1308070 1265.0
1308080 1265.2
1308090 1265.0
1308100 1265.0
1308110 1264.8
1308120 1264.6
1308130 1264.6
1308140 1264.3
1308150 1263.8
1308160 1263.8
1308170 1263.6
1308180 1263.8
1308190 1263.8
1308200 1263.9
1308210 1263.4
1308220 1262.9
1308230 1262.9
1308240 1262.3
1308250 1259.2
1308260 1259.2
1308270 1259.2
1308280 1261.2
1308290 1261.2
1308300 1260.4
1308310 1259.5
1308320 1259.5
1308330 1258.3
1308340 1257.1
1308350 1257.1
1308360 1255.5
1308370 1254.2
1308380 1254.2
1308390 1253.7
1308400 1254.0
1308410 1254.0
1308420 1254.4
1308430 1254.0
1308440 1254.0
1308450 1252.9
1308460 1251.7
1308470 1251.4
1308480 1251.4
1308490 1251.8
1308500 1252.9
1308510 1252.9
1308520 1253.9
1308530 1254.1
1308540 1254.1
1308550 1251.8
1308560 1253.5
1308570 1253.5
1308580 1256.5
1308590 1259.0
1308600 1259.0
1308610 1262.1
1308620 1265.2
1308630 1265.2
1308640 1267.4
1308650 1268.1
1308660 1268.1
1308670 1262.6
1308680 1262.2
1308690 1262.6
1308700 1262.6
1308710 1263.7
1308720 1265.2
1308730 1265.2
1308740 1266.5
1308750 1266.9
1308760 1266.9
1308770 1265.9
1308780 1264.0
1308790 1264.0
1308800 1262.8
1308810 1262.3
1308820 1262.3
1308830 1263.0
1308840 1265.3
1308850 1265.3
1308860 1268.1
1308870 1270.9
1308880 1270.9
1308890 1269.9
1308900 1267.3
1308910 1267.3
1308920 1268.4
1308930 1270.4
1308940 1272.9
1308950 1272.9
1308960 1275.8
1308970 1278.2
1308980 1278.2
1308990 1280.6
1309000 1285.5
1309010 1285.5
1309020 1290.3
1309030 1294.8
1309040 1294.8
1309050 1298.3
1309060 1301.7
1309070 1301.7
1309080 1304.5
1309090 1307.2
1309100 1307.2
1309110 1309.4
1309120 1311.7
1309130 1311.7
1309140 1314.3
1309150 1317.1
1309160 1321.2
1309170 1321.2
1309180 1326.9
1309190 1331.2
1309200 1331.2
1309210 1334.4
1309220 1336.6
1309230 1336.6
1309240 1338.4
1309250 1340.4
1309260 1340.4
1309270 1342.2
1309280 1343.6
1309290 1343.6
1309300 1345.6
1309310 1346.2
1309320 1346.2
1309330 1347.8
1309340 1352.6
1309350 1352.6
1309360 1357.8
1309370 1359.8
1309380 1359.8
1309390 1342.9
1309400 1344.8
1309410 1345.6
1309420 1345.6
1309430 1349.2
1309440 1347.1
1309450 1347.1
1309460 1344.3
1309470 1343.4
1309480 1343.4
1309490 1345.6
1309500 1346.8
1309510 1346.8
1309520 1350.0
1309530 1354.8
1309540 1354.8
1309550 1359.3
1309560 1362.4
1309570 1362.4
1309580 1365.8
1309590 1369.2
1309600 1369.2
1309610 1371.0
1309620 1372.1
1309630 1374.1
1309640 1374.1
1309650 1376.2
1309660 1377.9
1309670 1377.9
1309680 1379.9
1309690 1381.9
1309700 1381.9
1309710 1383.4
1309720 1384.4
1309730 1384.4
1309740 1385.6
1309750 1387.2
1309760 1387.2
1309770 1388.4
1309780 1388.7
1309790 1388.7
1309800 1388.9
1309810 1390.2
1309820 1390.2
1309830 1392.1
1309840 1394.5
1309850 1394.5
1309860 1397.0
1309870 1399.6
1309880 1401.6
1309890 1401.6
1309900 1402.9
1309910 1404.8
1309920 1404.8
1309930 1407.7
1309940 1409.2
1309950 1409.2
1309960 1410.9
1309970 1413.8
1309980 1413.8
1309990 1416.1
1310000 1418.5
1310010 1418.5
1310020 1420.8
1310030 1423.5
1310040 1423.5
1310050 1427.0
1310060 1429.9
1310070 1429.9
1310080 1432.2
1310090 1433.9
1310100 1434.9
1310110 1434.9
1310120 1429.9
1310130 1431.4
1310140 1431.4
1310150 1434.1
1310160 1437.4
1310170 1437.4
1310180 1440.5
1310190 1443.5
1310200 1443.5
1310210 1446.4
1310220 1448.3
1310230 1448.3
1310240 1449.6
1310250 1450.8
1310260 1450.8
1310270 1453.6
1310280 1456.4
1310290 1456.4
1310300 1459.8
1310310 1464.1
1310320 1464.1
1310330 1468.2
1310340 1471.9
1310350 1476.8
1310360 1476.8
1310370 1481.7
1310380 1487.3
1310390 1487.3
1310400 1492.7
1310410 1495.2
1310420 1495.2
1310430 1497.9
1310440 1502.4
1310450 1502.4
1310460 1507.3
1310470 1512.1
1310480 1512.1
1310490 1516.5
1310500 1516.4
1310510 1516.4
1310520 1511.2
1310530 1505.3
1310540 1505.3
1310550 1500.8
1310560 1497.2
1310570 1495.9
1310580 1495.9
1310590 1498.5
1310600 1501.3
1310610 1501.3
1310620 1501.8
1310630 1503.1
1310640 1503.1
1310650 1503.0
1310660 1501.2
1310670 1501.2
1310680 1497.3
1310690 1495.8
1310700 1495.8
1310710 1495.5
1310720 1496.2
1310730 1496.2
1310740 1497.8
1310750 1500.4
1310760 1500.4
1310770 1503.3
1310780 1505.3
1310790 1505.3
1310800 1507.1
1310810 1509.2
1310820 1510.4
1310830 1510.4
1310840 1509.5
1310850 1509.4
1310860 1509.4
1310870 1511.6
1310880 1512.2
1310890 1512.2
1310900 1511.6
1310910 1511.0
1310920 1511.0
1310930 1511.3
1310940 1511.4
1310950 1511.4
1310960 1509.6
1310970 1504.3
1310980 1504.3
1310990 1506.6
1311000 1512.3
1311010 1512.3
1311020 1515.4
1311030 1517.8
1311040 1519.3
1311050 1519.3
1311060 1520.1
1311070 1519.7
1311080 1519.7
1311090 1519.8
1311100 1521.3
1311110 1521.3
1311120 1521.4
1311130 1520.7
1311140 1520.7
1311150 1519.8
1311160 1519.8
1311170 1519.8
1311180 1520.2
1311190 1520.7
1311200 1520.7
1311210 1521.9
1311220 1523.8
1311230 1523.8
1311240 1525.6
1311250 1527.4
1311260 1527.4
1311270 1527.7
1311280 1524.6
1311290 1526.2
1311300 1526.2
1311310 1527.9
1311320 1528.4
1311330 1528.4
1311340 1528.6
1311350 1528.6
1311360 1528.6
1311370 1528.5
1311380 1528.4
1311390 1528.4
1311400 1528.2
1311410 1527.9
1311420 1527.9
1311430 1527.5
1311440 1526.4
1311450 1526.4
1311460 1526.4
1311470 1527.1
1311480 1527.1
1311490 1527.5
1311500 1527.6
1311510 1527.6
1311520 1527.6
1311530 1528.3
1311540 1529.5
1311550 1529.5
1311560 1530.1
1311570 1529.8
1311580 1526.9
1311590 1526.9
1311600 1526.8
1311610 1526.8
1311620 1525.8
1311630 1524.5
1311640 1524.5
1311650 1523.8
1311660 1522.8
1311670 1522.8
1311680 1521.5
1311690 1520.0
1311700 1520.0
1311710 1518.5
1311720 1517.2
1311730 1517.2
1311740 1515.9
1311750 1514.7
1311760 1513.6
1311770 1513.6
1311780 1512.4
1311790 1511.0
1311800 1511.0
1311810 1510.2
1311820 1510.3
1311830 1510.3
1311840 1510.5
1311850 1510.0
1311860 1510.0
1311870 1509.3
1311880 1508.1
1311890 1508.1
1311900 1507.6
1311910 1509.6
1311920 1509.6
1311930 1508.8
1311940 1510.3
1311950 1510.3
1311960 1515.0
1311970 1518.3
1311980 1518.3
1311990 1521.0
1312000 1522.8
1312010 1525.1
1312020 1525.1
1312030 1528.9
1312040 1533.7
1312050 1533.7
1312060 1538.2
1312070 1542.0
1312080 1542.0
1312090 1544.9
1312100 1546.3
1312110 1546.3
1312120 1548.2
1312130 1550.7
1312140 1550.7
1312150 1553.3
1312160 1556.3
1312170 1556.3
1312180 1559.9
1312190 1563.4
1312200 1563.4
1312210 1567.6
1312220 1571.0
1312230 1573.3
1312240 1573.3
1312250 1575.1
1312260 1577.7
1312270 1577.7
1312280 1581.2
1312290 1584.9
1312300 1584.9
1312310 1587.6
1312320 1590.5
1312330 1590.5
1312340 1593.6
1312350 1597.2
1312360 1597.2
1312370 1599.4
1312380 1602.2
1312390 1602.2
1312400 1605.0
1312410 1608.7
1312420 1608.7
1312430 1613.2
1312440 1618.0
1312450 1618.0
1312460 1623.1
1312470 1627.6
1312480 1631.2
1312490 1631.2
1312500 1634.8
1312510 1638.8
1312520 1638.8
1312530 1642.8
1312540 1645.4
1312550 1645.4
1312560 1648.3
1312570 1651.4
1312580 1651.4
1312590 1654.5
1312600 1657.4
1312610 1657.4
1312620 1660.8
1312630 1665.3
1312640 1665.3
1312650 1669.5
1312660 1673.3
1312670 1673.3
1312680 1677.3
1312690 1681.8
1312700 1686.2
1312710 1686.2
1312720 1690.3
1312730 1693.7
1312740 1693.7
1312750 1696.7
1312760 1699.3
1312770 1699.3
1312780 1701.2
1312790 1703.0
1312800 1703.0
1312810 1704.7
1312820 1707.1
1312830 1707.1
1312840 1710.5
1312850 1713.2
1312860 1713.2
1312870 1715.6
1312880 1717.8
1312890 1717.8
1312900 1720.5
1312910 1723.6
1312920 1723.6
1312930 1726.7
1312940 1730.1
1312950 1734.1
1312960 1734.1
1312970 1738.0
1312980 1741.3
1312990 1741.3
1313000 1743.7
1313010 1746.1
1313020 1746.1
1313030 1748.5
1313040 1751.0
1313050 1749.6
1313060 1752.3
1313070 1755.9
1313080 1755.9
1313090 1760.0
1313100 1764.3
1313110 1764.3
1313120 1768.7
1313130 1772.9
1313140 1772.9
1313150 1776.9
1313160 1780.7
1313170 1784.3
1313180 1784.3
1313190 1787.4
1313200 1790.5
1313210 1790.5
1313220 1793.7
1313230 1796.7
1313240 1796.7
1313250 1799.5
1313260 1802.0
1313270 1802.0
1313280 1804.5
1313290 1806.9
1313300 1806.9
1313310 1809.0
1313320 1810.9
1313330 1810.9
1313340 1812.5
1313350 1814.1
1313360 1814.1
1313370 1815.9
1313380 1817.5
1313390 1817.5
1313400 1819.5
1313410 1822.0
1313420 1824.6
1313430 1824.6
1313440 1826.6
1313450 1829.0
1313460 1829.0
1313470 1831.4
1313480 1832.3
1313490 1832.3
1313500 1833.4
1313510 1834.7
1313520 1834.7
1313530 1835.3
1313540 1836.1
1313550 1836.1
1313560 1837.2
1313570 1838.2
1313580 1838.2
1313590 1838.9
1313600 1839.5
1313610 1839.5
1313620 1839.9
1313630 1840.2
1313640 1840.2
1313650 1840.2
1313660 1840.6
1313670 1841.0
1313680 1841.0
1313690 1841.3
1313700 1841.0
1313710 1841.0
1313720 1839.5
1313730 1838.1
1313740 1838.1
1313750 1836.8
1313760 1835.1
1313770 1835.1
1313780 1833.6
1313790 1830.4
1313800 1830.4
1313810 1828.4
1313820 1825.7
1313830 1825.7
1313840 1824.2
1313850 1822.8
1313860 1822.8
1313870 1821.2
1313880 1819.4
1313890 1817.6
1313900 1817.6
1313910 1816.0
1313920 1814.7
1313930 1814.7
1313940 1813.6
1313950 1812.5
1313960 1812.5
1313970 1811.6
1313980 1811.3
1313990 1811.3
1314000 1810.6
1314010 1808.6
1314020 1808.6
1314030 1806.7
1314040 1805.1
1314050 1805.1
1314060 1804.1
1314070 1803.3
1314080 1803.3
1314090 1802.9
1314100 1802.2
1314110 1801.4
1314120 1801.4
1314130 1800.4
1314140 1799.4
1314150 1799.4
1314160 1798.1
1314170 1796.8
1314180 1796.8
1314190 1795.6
1314200 1794.0
1314210 1794.0
1314220 1792.8
1314230 1791.0
1314240 1791.0
1314250 1788.9
1314260 1786.9
1314270 1786.9
1314280 1784.7
1314290 1782.2
1314300 1782.2
1314310 1779.8
1314320 1778.0
1314330 1778.0
1314340 1776.2
1314350 1773.6
1314360 1771.0
1314370 1771.0
1314380 1768.5
1314390 1766.0
1314400 1766.0
1314410 1764.3
1314420 1762.9
1314430 1762.9
1314440 1761.9
1314450 1761.5
1314460 1761.5
1314470 1760.7
1314480 1759.7
1314490 1759.7
1314500 1759.6
1314510 1759.1
1314520 1759.1
1314530 1758.3
1314540 1754.9
1314550 1754.9
1314560 1753.7
1314570 1752.3
1314580 1751.4
1314590 1751.4
1314600 1749.7
1314610 1745.0
1314620 1745.0
1314630 1737.9
1314640 1731.3
1314650 1731.3
1314660 1727.2
1314670 1724.3
1314680 1724.3
1314690 1722.3
1314700 1719.7
1314710 1719.7
1314720 1715.6
1314730 1712.0
1314740 1712.0
1314750 1708.0
1314760 1702.6
1314770 1702.6
1314780 1697.0
1314790 1690.8
1314800 1690.8
1314810 1683.4
1314820 1677.7
1314830 1672.6
1314840 1672.6
1314850 1667.6
1314860 1665.3
1314870 1665.3
1314880 1664.3
1314890 1664.7
1314900 1664.7
1314910 1662.1
1314920 1660.2
1314930 1660.2
1314940 1656.5
1314950 1648.5
1314960 1648.5
1314970 1641.6
1314980 1637.4
1314990 1637.4
1315000 1634.1
1315010 1631.0
1315020 1631.0
1315030 1627.9
1315040 1623.2
1315050 1617.7
1315060 1617.7
1315070 1611.9
1315080 1606.8
1315090 1606.8
1315100 1601.3
1315110 1595.7
1315120 1595.7
1315130 1587.9
1315140 1579.1
1315150 1579.1
1315160 1569.6
1315170 1559.7
1315180 1559.7
1315190 1550.9
1315200 1545.4
1315210 1545.4
1315220 1540.9
1315230 1535.4
1315240 1535.4
1315250 1529.8
1315260 1524.6
1315270 1524.6
1315280 1519.7
1315290 1510.3
1315300 1505.0
1315310 1505.0
1315320 1498.6
1315330 1493.3
1315340 1493.3
1315350 1492.1
1315360 1491.4
1315370 1491.4
1315380 1485.9
1315390 1481.9
1315400 1481.9
1315410 1476.7
1315420 1470.2
1315430 1470.2
1315440 1463.6
1315450 1456.6
1315460 1456.6
1315470 1449.4
1315480 1442.5
1315490 1442.5
1315500 1435.7
1315510 1429.9
1315520 1424.0
1315530 1424.0
1315540 1417.3
1315550 1411.6
1315560 1411.6
1315570 1408.0
1315580 1403.3
1315590 1403.3
1315600 1393.5
1315610 1384.8
1315620 1384.8
1315630 1376.1
1315640 1366.9
1315650 1366.9
1315660 1356.3
1315670 1344.0
1315680 1344.0
1315690 1327.9
1315700 1314.7
1315710 1314.7
1315720 1312.7
1315730 1319.5
1315740 1319.5
1315750 1324.4
1315760 1327.5
1315770 1329.4
1315780 1329.4
1315790 1333.4
1315800 1336.9
1315810 1336.9
1315820 1337.6
1315830 1335.3
1315840 1335.3
1315850 1331.6
1315860 1328.8
1315870 1328.8
1315880 1327.3
1315890 1323.3
1315900 1323.3
1315910 1318.4
1315920 1313.3
1315930 1313.3
1315940 1307.0
1315950 1302.3
1315960 1302.3
1315970 1297.8
1315980 1292.5
1315990 1287.8
1316000 1287.8
1316010 1283.3
1316020 1279.4
1316030 1279.4
1316040 1268.4
1316050 1263.9
1316060 1263.9
1316070 1259.6
1316080 1254.7
1316090 1254.7
1316100 1250.0
1316110 1245.6
1316120 1245.6
1316130 1241.0
1316140 1235.3
1316150 1235.3
1316160 1226.8
1316170 1218.4
1316180 1218.4
1316190 1214.5
1316200 1213.5
1316210 1213.5
1316220 1212.6
1316230 1208.9
1316240 1204.4
1316250 1204.4
1316260 1200.1
1316270 1197.2
1316280 1197.2
1316290 1196.4
1316300 1196.4
1316310 1196.4
1316320 1195.6
1316330 1196.0
1316340 1196.0
1316350 1197.0
1316360 1196.8
1316370 1196.8
1316380 1194.5
1316390 1191.5
1316400 1191.5
1316410 1188.5
1316420 1185.7
1316430 1185.7
1316440 1183.3
1316450 1181.4
1316460 1179.6
1316470 1179.6
1316480 1176.0
1316490 1170.4
1316500 1170.4
1316510 1164.4
1316520 1160.0
1316530 1160.0
1316540 1157.7
1316550 1156.5
1316560 1156.5
1316570 1153.9
1316580 1151.8
1316590 1151.8
1316600 1151.2
1316610 1149.2
1316620 1149.2
1316630 1147.9
1316640 1149.3
1316650 1149.3
1316660 1149.3
1316670 1147.4
1316680 1147.4
1316690 1142.2
1316700 1134.2
1316710 1127.5
1316720 1127.5
1316730 1122.6
1316740 1119.5
1316750 1119.5
1316760 1117.3
1316770 1114.8
1316780 1114.8
1316790 1111.0
1316800 1100.5
1316810 1100.5
1316820 1095.1
1316830 1091.8
1316840 1091.8
1316850 1089.2
1316860 1085.6
1316870 1085.6
1316880 1081.6
1316890 1077.5
1316900 1077.5
1316910 1072.5
1316920 1066.9
1316930 1066.9
1316940 1061.2
1316950 1055.8
1316960 1051.3
1316970 1051.3
1316980 1045.6
1316990 1039.3
1317000 1039.3
1317010 1029.1
1317020 1017.6
1317030 1017.6
1317040 1013.1
1317050 1010.2
1317060 1010.2
1317070 1000.2
1317080 989.3
1317090 989.3
1317100 987.8
1317110 991.4
1317120 991.4
1317130 995.8
1317140 999.2
1317150 999.2
1317160 1000.1
1317170 1000.6
1317180 1003.9
1317190 1003.9
1317200 1010.3
1317210 1018.0
1317220 1018.0
1317230 1022.3
1317240 1019.1
1317250 1019.1
1317260 1011.6
1317270 1004.0
1317280 1004.0
1317290 996.2
1317300 989.8
1317310 989.8
1317320 984.4
1317330 979.1
1317340 979.1
1317350 973.9
1317360 968.2
1317370 968.2
1317380 959.0
1317390 952.3
1317400 952.3
1317410 946.0
1317420 939.8
1317430 934.5
1317440 934.5
1317450 931.5
1317460 931.6
1317470 931.6
1317480 930.9
1317490 930.0
1317500 930.0
1317510 929.3
1317520 928.0
1317530 928.0
1317540 926.1
1317550 924.4
1317560 920.1
1317570 918.7
1317580 917.0
1317590 917.0
1317600 914.1
1317610 911.5
1317620 911.5
1317630 909.6
1317640 909.0
1317650 908.3
1317660 908.3
1317670 906.8
1317680 906.1
1317690 906.1
1317700 904.9
1317710 904.5
1317720 904.5
1317730 904.4
1317740 903.9
1317750 903.9
1317760 903.1
1317770 902.7
1317780 902.7
1317790 901.8
1317800 900.9
1317810 900.9
1317820 901.0
1317830 901.1
1317840 901.1
1317850 899.8
1317860 896.2
1317870 896.2
1317880 890.2
1317890 886.8
1317900 884.5
1317910 884.5
1317920 882.6
1317930 880.6
1317940 880.6
1317950 879.5
1317960 876.5
1317970 876.5
1317980 874.4
1317990 870.3
1318000 870.3
1318010 867.7
1318020 866.3
1318030 866.3
1318040 864.6
1318050 862.5
1318060 862.5
1318070 860.6
1318080 858.2
1318090 858.2
1318100 852.3
1318110 848.7
1318120 846.8
1318130 846.8
1318140 845.4
1318150 843.3
1318160 843.3
1318170 841.6
1318180 839.8
1318190 839.8
1318200 837.9
1318210 835.2
1318220 835.2
1318230 832.2
1318240 829.2
1318250 829.2
1318260 826.5
1318270 824.4
1318280 824.4
1318290 822.6
1318300 820.9
1318310 820.9
1318320 810.3
1318330 806.9
1318340 806.9
1318350 799.8
1318360 791.2
1318370 784.2
1318380 784.2
1318390 778.8
1318400 773.7
1318410 773.7
1318420 768.5
1318430 765.1
1318440 765.1
1318450 762.1
1318460 758.6
1318470 758.6
1318480 753.9
1318490 749.4
1318500 749.4
1318510 745.7
1318520 742.2
1318530 742.2
1318540 736.2
1318550 731.5
1318560 731.5
1318570 727.8
1318580 723.9
1318590 720.4
1318600 720.4
1318610 717.0
1318620 712.9
1318630 712.9
1318640 707.3
1318650 702.0
1318660 702.0
1318670 697.9
1318680 693.5
1318690 693.5
1318700 688.6
1318710 684.0
1318720 684.0
1318730 680.0
1318740 676.5
1318750 676.5
1318760 672.4
1318770 668.1
1318780 668.1
1318790 663.7
1318800 659.9
1318810 659.9
1318820 656.7
1318830 653.6
1318840 649.7
1318850 649.7
1318860 646.1
1318870 643.0
1318880 643.0
1318890 640.0
1318900 637.7
1318910 637.7
1318920 636.6
1318930 634.6
1318940 634.6
1318950 632.6
1318960 632.0
1318970 632.0
1318980 632.0
1318990 632.6
1319000 632.6
1319010 634.4
1319020 635.8
1319030 635.8
1319040 636.3
1319050 636.5
1319060 636.5
1319070 636.5
1319080 637.3
1319090 637.9
1319100 637.9
1319110 638.0
1319120 638.0
1319130 638.0
1319140 638.0
1319150 638.1
1319160 638.1
1319170 638.1
1319180 638.1
1319190 638.1
1319200 638.1
1319210 638.1
1319220 638.1
1319230 638.1
1319240 638.1
1319250 638.1
1319260 638.0
1319270 638.0
1319280 638.0
1319290 638.0
1319300 638.1
1319310 639.2
1319320 639.2
1319330 641.1
1319340 642.0
1319350 642.0
1319360 642.4
1319370 642.1
1319380 642.1
1319390 641.8
1319400 641.7
1319410 641.7
1319420 641.8
1319430 641.9
1319440 641.9
1319450 641.9
1319460 642.6
1319470 642.6
1319480 642.8
1319490 643.3
1319500 643.3
1319510 643.5
1319520 643.8
1319530 644.1
1319540 644.1
1319550 644.2
1319560 644.0
1319570 644.0
1319580 643.8
1319590 644.1
1319600 644.1
1319610 644.3
1319620 644.4
1319630 644.4
1319640 644.5
1319650 644.8
1319660 644.8
1319670 645.1
1319680 645.5
1319690 645.5
1319700 645.9
1319710 646.4
1319720 646.4
1319730 646.9
1319740 647.4
1319750 647.4
1319760 647.5
1319770 647.4
1319780 647.8
1319790 647.8
1319800 648.3
1319810 648.5
1319820 648.5
1319830 648.7
1319840 649.2
1319850 649.5
1319860 649.7
1319870 649.7
1319880 649.7
1319890 649.6
1319900 649.8
1319910 649.8
1319920 650.3
1319930 650.7
1319940 650.7
1319950 650.7
1319960 651.0
1319970 651.0
1319980 651.5
1319990 651.7
