1300000 2313.2
1300010 2313.2
1300020 2312.4
1300030 2312.2
1300040 2312.2
1300050 2312.0
1300060 2312.1
1300070 2311.9
1300080 2311.9
1300090 2311.9
1300100 2311.9
1300110 2311.9
1300120 2312.3
1300130 2313.1
1300140 2313.1
1300150 2314.0
1300160 2314.5
1300170 2314.5
1300180 2314.4
1300190 2314.3
1300200 2314.3
1300210 2313.0
1300220 2310.4
1300230 2310.4
1300240 2308.0
1300250 2306.4
1300260 2306.4
1300270 2298.1
1300280 2278.1
1300290 2253.0
1300300 2253.0
1300310 2237.2
1300320 2225.8
1300330 2225.8
1300340 2215.4
1300350 2206.4
1300360 2206.4
1300370 2191.4
1300380 2175.2
1300390 2175.2
1300400 2168.4
1300410 2163.5
1300420 2163.5
1300430 2157.6
1300440 2151.7
1300450 2151.7
1300460 2146.0
1300470 2140.6
1300480 2140.6
1300490 2136.5
1300500 2132.5
1300510 2132.5
1300520 2127.9
1300530 2124.0
1300540 2122.6
1300550 2122.6
1300560 2120.2
1300570 2118.2
1300580 2118.2
1300590 2115.9
1300600 2113.7
1300610 2113.7
1300620 2111.0
1300630 2108.2
1300640 2108.2
1300650 2105.0
1300660 2101.8
1300670 2099.4
1300680 2096.0
1300690 2092.4
1300700 2092.4
1300710 2089.9
1300720 2088.1
1300730 2088.1
1300740 2085.6
1300750 2083.5
1300760 2083.5
1300770 2081.4
1300780 2079.2
1300790 2077.2
1300800 2077.2
1300810 2075.5
1300820 2073.8
1300830 2073.8
1300840 2072.4
1300850 2071.3
1300860 2071.3
1300870 2070.1
1300880 2071.9
1300890 2071.9
1300900 2075.4
1300910 2078.9
1300920 2078.9
1300930 2082.8
1300940 2085.7
1300950 2085.7
1300960 2086.2
1300970 2085.1
1300980 2085.1
1300990 2080.0
1301000 2068.0
1301010 2054.2
1301020 2054.2
1301030 2046.7
1301040 2034.0
1301050 2034.0
1301060 2020.9
1301070 2007.0
1301080 2007.0
1301090 1991.1
1301100 1986.1
1301110 1986.1
1301120 1978.5
1301130 1958.2
1301140 1958.2
1301150 1942.7
1301160 1942.3
1301170 1942.3
1301180 1948.0
1301190 1942.6
1301200 1942.6
1301210 1932.0
1301220 1925.9
1301230 1925.9
1301240 1922.0
1301250 1921.7
1301260 1919.5
1301270 1919.5
1301280 1917.3
1301290 1913.7
1301300 1913.7
1301310 1908.2
1301320 1903.9
1301330 1903.9
1301340 1899.2
1301350 1899.1
1301360 1894.3
1301370 1894.6
1301380 1895.3
1301390 1895.3
1301400 1896.2
1301410 1899.4
1301420 1899.4
1301430 1897.2
1301440 1894.1
1301450 1894.1
1301460 1892.0
1301470 1888.8
1301480 1885.4
1301490 1885.4
1301500 1881.4
1301510 1878.2
1301520 1878.2
1301530 1874.8
1301540 1870.7
1301550 1870.7
1301560 1866.3
1301570 1859.4
1301580 1859.4
1301590 1857.5
1301600 1852.6
1301610 1852.6
1301620 1846.6
1301630 1840.0
1301640 1840.0
1301650 1834.2
1301660 1829.1
1301670 1829.1
1301680 1826.2
1301690 1823.0
1301700 1823.0
1301710 1819.2
1301720 1822.4
1301730 1827.4
1301740 1827.4
1301750 1832.0
1301760 1834.3
1301770 1834.3
1301780 1833.8
1301790 1832.1
1301800 1832.1
1301810 1830.2
1301820 1829.1
1301830 1829.1
1301840 1827.9
1301850 1824.7
1301860 1824.7
1301870 1820.5
1301880 1817.4
1301890 1817.4
1301900 1815.8
1301910 1815.1
1301920 1815.1
1301930 1814.5
1301940 1813.7
1301950 1813.7
1301960 1812.4
1301970 1810.3
1301980 1808.6
1301990 1808.6
1302000 1806.6
1302010 1804.5
1302020 1804.5
1302030 1803.3
1302040 1802.5
1302050 1802.5
1302060 1799.4
1302070 1794.7
1302080 1794.7
1302090 1788.6
1302100 1782.8
1302110 1782.8
1302120 1777.7
1302130 1773.9
1302140 1773.9
1302150 1770.6
1302160 1767.6
1302170 1767.6
1302180 1765.4
1302190 1762.2
1302200 1760.9
1302210 1760.9
1302220 1758.4
1302230 1754.9
1302240 1754.9
1302250 1752.5
1302260 1752.9
1302270 1752.9
1302280 1753.6
1302290 1753.1
1302300 1753.1
1302310 1752.1
1302320 1750.7
1302330 1750.7
1302340 1748.8
1302350 1746.7
1302360 1746.7
1302370 1744.4
1302380 1742.0
1302390 1742.0
1302400 1739.3
1302410 1736.3
1302420 1736.3
1302430 1733.2
1302440 1730.1
1302450 1727.0
1302460 1727.0
1302470 1723.5
1302480 1720.4
1302490 1720.4
1302500 1718.6
1302510 1716.9
1302520 1716.9
1302530 1715.2
1302540 1713.2
1302550 1713.2
1302560 1710.3
1302570 1707.0
1302580 1707.0
1302590 1704.1
1302600 1700.7
1302610 1700.7
1302620 1697.6
1302630 1693.9
1302640 1693.9
1302650 1689.9
1302660 1685.7
1302670 1685.7
1302680 1681.9
1302690 1678.7
1302700 1676.8
1302710 1676.8
1302720 1675.6
1302730 1674.0
1302740 1674.0
1302750 1672.1
1302760 1668.9
1302770 1668.9
1302780 1669.4
1302790 1668.5
1302800 1668.5
1302810 1667.1
1302820 1665.7
1302830 1665.7
1302840 1663.5
1302850 1660.3
1302860 1660.3
1302870 1659.5
1302880 1658.2
1302890 1658.2
1302900 1656.9
1302910 1655.9
1302920 1655.1
1302930 1655.1
1302940 1654.5
1302950 1653.4
1302960 1653.4
1302970 1651.9
1302980 1650.0
1302990 1650.0
1303000 1648.9
1303010 1647.5
1303020 1647.5
1303030 1646.2
1303040 1645.2
1303050 1645.2
1303060 1644.4
1303070 1643.0
1303080 1643.0
1303090 1641.4
1303100 1640.7
1303110 1640.7
1303120 1640.0
1303130 1639.6
1303140 1639.6
1303150 1639.9
1303160 1640.2
1303170 1640.1
1303180 1640.1
1303190 1639.9
1303200 1638.5
1303210 1638.5
1303220 1637.1
1303230 1635.5
1303240 1635.5
1303250 1634.3
1303260 1633.3
1303270 1633.3
1303280 1632.9
1303290 1633.5
1303300 1633.5
1303310 1634.9
1303320 1637.9
1303330 1637.9
1303340 1640.9
1303350 1644.2
1303360 1644.2
1303370 1648.0
1303380 1650.5
1303390 1652.1
1303400 1652.1
1303410 1653.5
1303420 1654.7
1303430 1654.7
1303440 1654.0
1303450 1653.5
1303460 1649.9
1303470 1650.1
1303480 1648.6
1303490 1648.6
1303500 1647.4
1303510 1647.3
1303520 1647.3
1303530 1647.9
1303540 1647.5
1303550 1647.5
1303560 1646.5
1303570 1645.5
1303580 1645.5
1303590 1644.3
1303600 1641.6
1303610 1641.6
1303620 1638.8
1303630 1636.4
1303640 1634.3
1303650 1634.3
1303660 1634.4
1303670 1634.8
1303680 1634.8
1303690 1635.3
1303700 1635.2
1303710 1635.2
1303720 1635.0
1303730 1634.9
1303740 1634.9
1303750 1634.0
1303760 1632.0
1303770 1632.0
1303780 1629.2
1303790 1626.7
1303800 1626.7
1303810 1625.3
1303820 1623.1
1303830 1623.1
1303840 1622.6
1303850 1625.6
1303860 1625.6
1303870 1627.0
1303880 1626.5
1303890 1625.3
1303900 1625.3
1303910 1625.3
1303920 1624.6
1303930 1624.6
1303940 1622.7
1303950 1619.0
1303960 1619.0
1303970 1614.8
1303980 1612.2
1303990 1612.2
1304000 1610.5
1304010 1607.8
1304020 1607.8
1304030 1604.0
1304040 1600.2
1304050 1600.2
1304060 1595.4
1304070 1590.4
1304080 1590.4
1304090 1583.6
1304100 1578.8
1304110 1579.9
1304120 1579.9
1304130 1584.6
1304140 1588.3
1304150 1588.3
1304160 1584.3
1304170 1582.1
1304180 1582.1
1304190 1579.5
1304200 1576.9
1304210 1576.9
1304220 1574.1
1304230 1571.3
1304240 1571.3
1304250 1569.2
1304260 1567.8
1304270 1567.8
1304280 1566.0
1304290 1564.6
1304300 1564.6
1304310 1562.2
1304320 1558.7
1304330 1558.7
1304340 1555.2
1304350 1552.0
1304360 1548.9
1304370 1548.9
1304380 1545.6
1304390 1543.5
1304400 1543.5
1304410 1541.8
1304420 1539.8
1304430 1539.8
1304440 1539.4
1304450 1538.5
1304460 1538.5
1304470 1538.0
1304480 1537.6
1304490 1537.6
1304500 1537.3
1304510 1537.4
1304520 1537.4
1304530 1537.8
1304540 1538.5
1304550 1538.5
1304560 1538.1
1304570 1538.8
1304580 1538.8
1304590 1539.9
1304600 1542.7
1304610 1544.2
1304620 1544.2
1304630 1542.7
1304640 1540.8
1304650 1540.8
1304660 1539.8
1304670 1539.0
1304680 1539.0
1304690 1539.4
1304700 1541.9
1304710 1541.9
1304720 1544.0
1304730 1540.8
1304740 1540.8
1304750 1538.0
1304760 1536.2
1304770 1536.2
1304780 1534.5
1304790 1532.4
1304800 1532.4
1304810 1531.7
1304820 1533.1
1304830 1538.4
1304840 1538.4
1304850 1546.4
1304860 1553.9
1304870 1551.6
1304880 1558.5
1304890 1564.5
1304900 1564.5
1304910 1569.7
1304920 1572.2
1304930 1572.2
1304940 1574.7
1304950 1576.7
1304960 1576.7
1304970 1576.0
1304980 1572.4
1304990 1572.4
1305000 1566.6
1305010 1561.2
1305020 1561.2
1305030 1556.1
1305040 1551.3
1305050 1551.3
1305060 1547.2
1305070 1543.7
1305080 1540.3
1305090 1540.3
1305100 1536.8
1305110 1532.4
1305120 1532.4
1305130 1526.0
1305140 1519.9
1305150 1519.9
1305160 1513.0
1305170 1508.5
1305180 1508.5
1305190 1507.3
1305200 1513.7
1305210 1513.7
1305220 1526.2
1305230 1534.7
1305240 1534.7
1305250 1539.3
1305260 1543.7
1305270 1543.7
1305280 1548.0
1305290 1552.1
1305300 1556.2
1305310 1556.2
1305320 1560.2
1305330 1564.2
1305340 1564.2
1305350 1568.3
1305360 1572.8
1305370 1572.8
1305380 1575.6
1305390 1577.0
1305400 1577.0
1305410 1583.5
1305420 1589.8
1305430 1589.8
1305440 1595.1
1305450 1599.9
1305460 1599.9
1305470 1604.7
1305480 1609.2
1305490 1609.2
1305500 1613.8
1305510 1618.4
1305520 1618.4
1305530 1623.1
1305540 1627.7
1305550 1632.4
1305560 1632.4
1305570 1636.6
1305580 1629.3
1305590 1629.3
1305600 1631.6
1305610 1633.2
1305620 1633.2
1305630 1634.8
1305640 1637.6
1305650 1637.6
1305660 1639.5
1305670 1642.9
1305680 1642.9
1305690 1648.3
1305700 1652.3
1305710 1652.3
1305720 1656.4
1305730 1661.8
1305740 1661.8
1305750 1668.2
1305760 1675.4
1305770 1675.4
1305780 1682.5
1305790 1689.4
1305800 1695.0
1305810 1695.0
1305820 1699.6
1305830 1705.6
1305840 1705.6
1305850 1712.4
1305860 1719.3
1305870 1719.3
1305880 1723.9
1305890 1726.5
1305900 1726.5
1305910 1729.0
1305920 1731.5
1305930 1731.5
1305940 1734.1
1305950 1736.4
1305960 1736.4
1305970 1738.6
1305980 1740.6
1305990 1740.6
1306000 1742.6
1306010 1744.3
1306020 1746.0
1306030 1746.0
1306040 1747.9
1306050 1749.3
1306060 1749.3
1306070 1749.6
1306080 1750.8
1306090 1750.8
1306100 1751.9
1306110 1752.6
1306120 1752.6
1306130 1752.3
1306140 1753.1
1306150 1753.1
1306160 1754.8
1306170 1755.7
1306180 1755.7
1306190 1755.9
1306200 1756.2
1306210 1756.2
1306220 1756.4
1306230 1756.4
1306240 1756.4
1306250 1756.2
1306260 1752.8
1306270 1746.8
1306280 1746.8
1306290 1737.4
1306300 1735.2
1306310 1735.2
1306320 1733.7
1306330 1731.9
1306340 1731.9
1306350 1730.3
1306360 1729.1
1306370 1729.1
1306380 1727.0
1306390 1723.0
1306400 1723.0
1306410 1717.6
1306420 1714.2
1306430 1714.2
1306440 1713.3
1306450 1712.6
1306460 1712.6
1306470 1711.6
1306480 1710.9
1306490 1710.9
1306500 1710.1
1306510 1709.2
1306520 1709.0
1306530 1709.0
1306540 1708.9
1306550 1707.9
1306560 1707.9
1306570 1707.2
1306580 1704.2
1306590 1704.2
1306600 1702.5
1306610 1702.5
1306620 1702.5
1306630 1702.8
1306640 1702.8
1306650 1702.8
1306660 1703.2
1306670 1703.0
1306680 1703.0
1306690 1701.3
1306700 1702.8
1306710 1702.8
1306720 1706.4
1306730 1708.7
1306740 1711.9
1306750 1711.9
1306760 1717.4
1306770 1723.7
1306780 1723.7
1306790 1731.1
1306800 1734.5
1306810 1734.5
1306820 1734.6
1306830 1734.8
1306840 1734.8
1306850 1734.4
1306860 1734.0
1306870 1734.0
1306880 1733.7
1306890 1732.8
1306900 1732.8
1306910 1731.8
1306920 1733.0
1306930 1733.0
1306940 1733.5
1306950 1732.9
1306960 1732.9
1306970 1730.7
1306980 1730.3
1306990 1734.7
1307000 1731.9
1307010 1736.9
1307020 1740.5
1307030 1740.5
1307040 1743.7
1307050 1745.8
1307060 1745.8
1307070 1747.2
1307080 1748.3
1307090 1748.3
1307100 1748.8
1307110 1747.4
1307120 1747.4
1307130 1747.1
1307140 1750.0
1307150 1750.0
1307160 1753.5
1307170 1755.4
1307180 1755.4
1307190 1756.4
1307200 1757.7
1307210 1759.0
1307220 1759.0
1307230 1760.0
1307240 1760.9
1307250 1760.9
1307260 1761.7
1307270 1762.6
1307280 1762.6
1307290 1763.3
1307300 1763.9
1307310 1763.9
1307320 1764.2
1307330 1764.3
1307340 1764.3
1307350 1764.5
1307360 1764.7
1307370 1764.7
1307380 1764.6
1307390 1764.7
1307400 1764.7
1307410 1765.1
1307420 1765.5
1307430 1765.5
1307440 1765.8
1307450 1765.7
1307460 1765.5
1307470 1765.5
1307480 1765.3
1307490 1764.6
1307500 1764.6
1307510 1763.4
1307520 1760.4
1307530 1760.4
1307540 1755.4
1307550 1749.6
1307560 1749.6
1307570 1743.4
1307580 1738.0
1307590 1738.0
1307600 1735.9
1307610 1734.9
1307620 1734.9
1307630 1732.6
1307640 1731.0
1307650 1731.0
1307660 1730.2
1307670 1729.6
1307680 1729.6
1307690 1726.9
1307700 1722.8
1307710 1720.2
1307720 1713.8
1307730 1710.1
1307740 1708.1
1307750 1708.1
1307760 1706.3
1307770 1701.3
1307780 1701.3
1307790 1694.2
1307800 1688.8
1307810 1688.8
1307820 1684.3
1307830 1681.8
1307840 1681.8
1307850 1679.0
1307860 1674.6
1307870 1674.6
1307880 1670.4
1307890 1667.7
1307900 1667.7
1307910 1668.6
1307920 1667.6
1307930 1666.1
1307940 1666.1
1307950 1662.2
1307960 1656.8
1307970 1656.8
1307980 1654.1
1307990 1651.6
1308000 1651.6
1308010 1645.2
1308020 1640.3
1308030 1640.3
1308040 1637.5
1308050 1635.8
1308060 1635.8
1308070 1632.0
1308080 1625.5
1308090 1625.5
1308100 1617.6
1308110 1612.3
1308120 1612.3
1308130 1612.2
1308140 1617.8
1308150 1617.8
1308160 1623.6
1308170 1631.2
1308180 1636.9
1308190 1636.9
1308200 1642.3
1308210 1648.2
1308220 1648.2
1308230 1652.0
1308240 1654.5
1308250 1654.5
1308260 1656.2
1308270 1658.9
1308280 1658.9
1308290 1662.1
1308300 1663.8
1308310 1663.8
1308320 1667.5
1308330 1670.6
1308340 1670.6
1308350 1673.3
1308360 1675.7
1308370 1675.7
1308380 1678.4
1308390 1680.8
1308400 1680.8
1308410 1684.4
1308420 1688.3
1308430 1693.0
1308440 1688.3
1308450 1692.6
1308460 1695.5
1308470 1695.5
1308480 1699.0
1308490 1703.8
1308500 1703.8
1308510 1708.2
1308520 1711.0
1308530 1711.0
1308540 1714.2
1308550 1716.9
1308560 1716.9
1308570 1718.6
1308580 1720.4
1308590 1720.4
1308600 1722.2
1308610 1724.5
1308620 1724.5
1308630 1727.1
1308640 1729.8
1308650 1730.7
1308660 1730.7
1308670 1732.3
1308680 1736.7
1308690 1736.7
1308700 1739.6
1308710 1742.8
1308720 1742.8
1308730 1745.1
1308740 1747.1
1308750 1747.1
1308760 1750.5
1308770 1753.1
1308780 1753.1
1308790 1756.0
1308800 1758.5
1308810 1758.5
1308820 1760.1
1308830 1761.4
1308840 1761.4
1308850 1762.9
1308860 1764.3
1308870 1764.3
1308880 1766.3
1308890 1768.5
1308900 1770.7
1308910 1770.7
1308920 1773.0
1308930 1775.5
1308940 1775.5
1308950 1778.5
1308960 1781.7
1308970 1781.7
1308980 1784.7
1308990 1786.4
1309000 1786.4
1309010 1786.8
1309020 1785.6
1309030 1785.6
1309040 1784.4
1309050 1782.1
1309060 1782.1
1309070 1779.5
1309080 1777.4
1309090 1777.4
1309100 1775.9
1309110 1774.6
1309120 1773.3
1309130 1773.3
1309140 1771.2
1309150 1770.0
1309160 1765.4
1309170 1764.0
1309180 1760.7
1309190 1760.7
1309200 1758.9
1309210 1759.8
1309220 1759.8
1309230 1760.9
1309240 1761.1
1309250 1761.1
1309260 1759.6
1309270 1754.9
1309280 1754.9
1309290 1753.2
1309300 1753.5
1309310 1753.5
1309320 1754.3
1309330 1754.5
1309340 1754.5
1309350 1754.3
1309360 1755.2
1309370 1756.8
1309380 1756.8
1309390 1759.3
1309400 1762.1
1309410 1762.1
1309420 1763.7
1309430 1764.5
1309440 1764.5
1309450 1766.5
1309460 1768.9
1309470 1768.9
1309480 1771.9
1309490 1775.6
1309500 1775.6
1309510 1779.1
1309520 1784.1
1309530 1784.1
1309540 1786.8
1309550 1787.2
1309560 1787.2
1309570 1788.7
1309580 1790.0
1309590 1790.0
1309600 1791.2
1309610 1792.5
1309620 1793.6
1309630 1793.6
1309640 1794.1
1309650 1793.7
1309660 1793.7
1309670 1794.6
1309680 1794.9
1309690 1794.9
1309700 1794.9
1309710 1796.1
1309720 1796.1
1309730 1798.5
1309740 1801.7
1309750 1801.7
1309760 1801.3
1309770 1796.2
1309780 1796.2
1309790 1787.2
1309800 1776.9
1309810 1776.9
1309820 1768.8
1309830 1769.5
1309840 1775.0
1309850 1775.0
1309860 1780.8
1309870 1788.1
1309880 1788.1
1309890 1794.4
1309900 1802.2
1309910 1802.2
1309920 1809.4
1309930 1815.8
1309940 1815.8
1309950 1823.2
1309960 1829.2
1309970 1829.2
1309980 1833.4
1309990 1835.2
1310000 1835.2
1310010 1834.5
1310020 1833.7
1310030 1833.7
1310040 1839.2
1310050 1847.9
1310060 1847.9
1310070 1855.6
1310080 1857.9
1310090 1859.1
1310100 1859.1
1310110 1863.1
1310120 1869.3
1310130 1869.3
1310140 1875.9
1310150 1880.3
1310160 1880.3
1310170 1881.9
1310180 1885.8
1310190 1885.8
1310200 1889.2
1310210 1890.2
1310220 1890.2
1310230 1891.3
1310240 1890.8
1310250 1890.8
1310260 1890.9
1310270 1891.6
1310280 1891.6
1310290 1891.0
1310300 1891.1
1310310 1891.1
1310320 1892.9
1310330 1894.8
1310340 1897.2
1310350 1897.2
1310360 1901.3
1310370 1904.3
1310380 1904.3
1310390 1903.9
1310400 1903.9
1310410 1903.9
1310420 1903.0
1310430 1906.0
1310440 1906.0
1310450 1908.5
1310460 1911.0
1310470 1911.0
1310480 1913.7
1310490 1914.1
1310500 1914.1
1310510 1911.7
1310520 1913.3
1310530 1913.3
1310540 1913.4
1310550 1914.1
1310560 1916.8
1310570 1916.8
1310580 1919.3
1310590 1922.6
1310600 1922.6
1310610 1922.5
1310620 1927.2
1310630 1927.2
1310640 1931.9
1310650 1937.4
1310660 1937.4
1310670 1944.4
1310680 1949.7
1310690 1949.7
1310700 1954.5
1310710 1958.2
1310720 1958.2
1310730 1961.3
1310740 1964.6
1310750 1964.6
1310760 1968.7
1310770 1972.9
1310780 1972.9
1310790 1978.2
1310800 1983.4
1310810 1988.5
1310820 1988.5
1310830 1991.5
1310840 1995.5
1310850 1995.5
1310860 2000.0
1310870 2006.6
1310880 2006.6
1310890 2014.8
1310900 2023.2
1310910 2023.2
1310920 2030.7
1310930 2035.4
1310940 2035.4
1310950 2032.9
1310960 2026.7
1310970 2026.7
1310980 2019.9
1310990 2011.5
1311000 2011.5
1311010 2004.2
1311020 1998.8
1311030 1993.2
1311040 1993.2
1311050 1990.0
1311060 1988.4
1311070 1988.4
1311080 1987.0
1311090 1985.4
1311100 1985.4
1311110 1982.8
1311120 1977.9
1311130 1977.9
1311140 1973.3
1311150 1970.7
1311160 1970.7
1311170 1968.2
1311180 1964.9
1311190 1964.9
1311200 1961.7
1311210 1959.2
1311220 1959.2
1311230 1956.1
1311240 1952.0
1311250 1952.0
1311260 1947.4
1311270 1941.7
1311280 1937.3
1311290 1937.3
1311300 1934.2
1311310 1932.8
1311320 1932.8
1311330 1930.5
1311340 1928.9
1311350 1924.8
1311360 1923.7
1311370 1923.5
1311380 1923.5
1311390 1923.3
1311400 1923.6
1311410 1923.6
1311420 1926.2
1311430 1928.9
1311440 1928.9
1311450 1930.7
1311460 1930.7
1311470 1930.7
1311480 1930.9
1311490 1931.9
1311500 1931.9
1311510 1931.3
1311520 1928.5
1311530 1925.6
1311540 1925.6
1311550 1922.4
1311560 1919.6
1311570 1919.6
1311580 1918.2
1311590 1917.8
1311600 1917.8
1311610 1917.7
1311620 1916.7
1311630 1916.7
1311640 1915.1
1311650 1914.8
1311660 1914.8
1311670 1914.7
1311680 1915.5
1311690 1915.5
1311700 1917.8
1311710 1919.2
1311720 1919.2
1311730 1924.0
1311740 1929.4
1311750 1934.4
1311760 1934.4
1311770 1941.0
1311780 1947.4
1311790 1947.4
1311800 1951.9
1311810 1951.9
1311820 1951.9
1311830 1956.7
1311840 1961.2
1311850 1961.2
1311860 1963.0
1311870 1965.0
1311880 1965.0
1311890 1965.4
1311900 1967.5
1311910 1967.5
1311920 1971.2
1311930 1977.1
1311940 1977.1
1311950 1984.2
1311960 1993.8
1311970 1993.8
1311980 2004.7
1311990 2013.4
1312000 2017.4
1312010 2017.4
1312020 2020.0
1312030 2019.0
1312040 2019.0
1312050 2019.3
1312060 2023.2
1312070 2023.2
1312080 2016.9
1312090 2024.7
1312100 2024.7
1312110 2025.8
1312120 2024.5
1312130 2024.5
1312140 2023.3
1312150 2020.8
1312160 2020.8
1312170 2016.5
1312180 2012.3
1312190 2012.3
1312200 2008.6
1312210 2005.8
1312220 2003.1
1312230 2003.1
1312240 2002.0
1312250 2004.3
1312260 2004.3
1312270 2007.3
1312280 2007.1
1312290 2007.1
1312300 2005.7
1312310 2004.0
1312320 2004.0
1312330 2002.3
1312340 2001.1
1312350 2001.1
1312360 1999.7
1312370 1998.3
1312380 1998.3
1312390 1997.1
1312400 1996.6
1312410 1996.6
1312420 1996.3
1312430 1995.6
1312440 1995.6
1312450 1993.7
1312460 1989.7
1312470 1986.9
1312480 1986.9
1312490 1985.2
1312500 1982.9
1312510 1982.9
1312520 1980.6
1312530 1977.8
1312540 1977.8
1312550 1974.8
1312560 1971.0
1312570 1971.0
1312580 1965.7
1312590 1959.1
1312600 1959.1
1312610 1952.5
1312620 1946.5
1312630 1946.5
1312640 1941.2
1312650 1937.3
1312660 1937.3
1312670 1934.1
1312680 1930.8
1312690 1930.8
1312700 1927.5
1312710 1924.3
1312720 1921.2
1312730 1921.2
1312740 1918.2
1312750 1916.1
1312760 1916.1
1312770 1914.1
1312780 1912.0
1312790 1912.0
1312800 1911.4
1312810 1909.9
1312820 1915.2
1312830 1913.7
1312840 1912.0
1312850 1912.0
1312860 1909.0
1312870 1905.0
1312880 1905.0
1312890 1900.7
1312900 1895.7
1312910 1895.7
1312920 1890.2
1312930 1885.4
1312940 1882.4
1312950 1882.4
1312960 1880.8
1312970 1879.3
1312980 1879.3
1312990 1877.2
1313000 1875.0
1313010 1875.0
1313020 1872.8
1313030 1870.7
1313040 1870.7
1313050 1869.0
1313060 1867.8
1313070 1867.8
1313080 1867.3
1313090 1867.1
1313100 1867.1
1313110 1866.7
1313120 1866.4
1313130 1866.4
1313140 1865.7
1313150 1864.5
1313160 1864.5
1313170 1863.0
1313180 1861.8
1313190 1861.2
1313200 1861.2
1313210 1859.4
1313220 1859.0
1313230 1859.0
1313240 1860.2
1313250 1860.1
1313260 1860.1
1313270 1859.9
1313280 1858.7
1313290 1858.7
1313300 1857.4
1313310 1857.1
1313320 1857.1
1313330 1857.5
1313340 1857.9
1313350 1857.9
1313360 1857.7
1313370 1857.2
1313380 1857.2
1313390 1857.0
1313400 1857.6
1313410 1857.7
1313420 1857.7
1313430 1857.3
1313440 1856.5
1313450 1856.5
1313460 1855.7
1313470 1854.8
1313480 1854.8
1313490 1854.1
1313500 1853.2
1313510 1853.2
1313520 1852.1
1313530 1850.9
1313540 1850.9
1313550 1849.8
1313560 1853.6
1313570 1853.6
1313580 1853.6
1313590 1853.2
1313600 1853.2
1313610 1852.9
1313620 1851.9
1313630 1851.9
1313640 1850.1
1313650 1850.0
1313660 1850.6
1313670 1850.6
1313680 1851.4
1313690 1852.2
1313700 1852.2
1313710 1852.3
1313720 1853.0
1313730 1853.0
1313740 1854.1
1313750 1855.3
1313760 1855.3
1313770 1856.1
1313780 1857.0
1313790 1857.0
1313800 1858.2
1313810 1858.9
1313820 1858.9
1313830 1858.6
1313840 1859.0
1313850 1859.0
1313860 1859.6
1313870 1861.2
1313880 1861.2
1313890 1862.4
1313900 1862.6
1313910 1862.5
1313920 1862.5
1313930 1862.6
1313940 1862.8
1313950 1862.8
1313960 1863.7
1313970 1864.8
1313980 1864.8
1313990 1864.9
1314000 1864.4
1314010 1864.4
1314020 1864.1
1314030 1863.8
1314040 1863.8
1314050 1864.2
1314060 1865.9
1314070 1865.9
1314080 1867.5
1314090 1870.8
1314100 1870.8
1314110 1874.3
1314120 1877.9
1314130 1880.8
1314140 1880.8
1314150 1882.8
1314160 1884.5
1314170 1884.5
1314180 1886.0
1314190 1888.6
1314200 1888.6
1314210 1891.3
1314220 1893.3
1314230 1893.3
1314240 1894.4
1314250 1895.2
1314260 1895.2
1314270 1896.0
1314280 1897.3
1314290 1897.3
1314300 1898.6
1314310 1905.2
1314320 1905.2
1314330 1907.1
1314340 1908.6
1314350 1908.6
1314360 1910.7
1314370 1912.7
1314380 1916.0
1314390 1916.0
1314400 1918.9
1314410 1921.6
1314420 1921.6
1314430 1924.5
1314440 1928.4
1314450 1928.4
1314460 1932.2
1314470 1935.0
1314480 1935.0
1314490 1938.4
1314500 1941.4
1314510 1941.4
1314520 1942.3
1314530 1942.7
1314540 1942.7
1314550 1942.9
1314560 1942.4
1314570 1942.4
1314580 1941.9
1314590 1941.8
1314600 1941.8
1314610 1942.5
1314620 1943.1
1314630 1944.0
1314640 1944.0
1314650 1945.2
1314660 1946.7
1314670 1946.7
1314680 1948.7
1314690 1950.8
1314700 1950.8
1314710 1952.7
1314720 1955.2
1314730 1955.2
1314740 1957.8
1314750 1960.4
1314760 1960.4
1314770 1963.3
1314780 1966.5
1314790 1966.5
1314800 1969.8
1314810 1972.8
1314820 1972.8
1314830 1975.5
1314840 1977.9
1314850 1979.9
1314860 1979.9
1314870 1981.5
1314880 1983.6
1314890 1983.6
1314900 1985.5
1314910 1987.3
1314920 1987.3
1314930 1988.7
1314940 1990.2
1314950 1990.2
1314960 1992.2
1314970 1993.4
1314980 1993.4
1314990 1995.0
1315000 1996.4
1315010 1996.4
1315020 1997.9
1315030 1998.6
1315040 1998.6
1315050 1999.6
1315060 1999.3
1315070 1999.3
1315080 1998.1
1315090 1996.5
1315100 1996.5
1315110 1996.5
1315120 1995.8
1315130 1993.6
1315140 1993.6
1315150 1991.9
1315160 1991.2
1315170 1991.2
1315180 1991.4
1315190 1991.8
1315200 1991.8
1315210 1992.8
1315220 1994.7
1315230 1994.7
1315240 1996.0
1315250 1995.9
1315260 1995.9
1315270 1995.1
1315280 1993.3
1315290 1993.3
1315300 1992.7
1315310 1991.9
1315320 1988.9
1315330 1988.9
1315340 1986.3
1315350 1986.0
1315360 1986.0
1315370 1986.1
1315380 1983.1
1315390 1983.1
1315400 1977.9
1315410 1974.6
1315420 1974.6
1315430 1971.1
1315440 1967.5
1315450 1967.5
1315460 1963.0
1315470 1956.8
1315480 1956.8
1315490 1950.5
1315500 1946.0
1315510 1946.0
1315520 1942.4
1315530 1938.8
1315540 1938.8
1315550 1935.0
1315560 1931.5
1315570 1928.9
1315580 1928.9
1315590 1926.4
1315600 1923.5
1315610 1923.5
1315620 1921.1
1315630 1919.5
1315640 1919.5
1315650 1917.7
1315660 1915.3
1315670 1915.3
1315680 1912.6
1315690 1911.2
1315700 1911.2
1315710 1909.6
1315720 1908.9
1315730 1908.9
1315740 1910.0
1315750 1910.4
1315760 1910.4
1315770 1910.8
1315780 1909.1
1315790 1909.1
1315800 1904.8
1315810 1898.5
1315820 1894.4
1315830 1894.4
1315840 1890.8
1315850 1887.7
1315860 1887.7
1315870 1885.4
1315880 1883.3
1315890 1883.3
1315900 1882.0
1315910 1881.1
1315920 1881.1
1315930 1879.4
1315940 1878.0
1315950 1878.0
1315960 1877.4
1315970 1875.8
1315980 1875.8
1315990 1871.5
1316000 1867.4
1316010 1867.4
1316020 1865.7
1316030 1864.0
1316040 1859.5
1316050 1859.5
1316060 1855.7
1316070 1851.5
1316080 1851.5
1316090 1848.3
1316100 1846.0
1316110 1846.0
1316120 1844.1
1316130 1842.9
1316140 1842.9
1316150 1840.5
1316160 1836.2
1316170 1836.2
1316180 1831.2
1316190 1827.3
1316200 1827.3
1316210 1825.0
1316220 1822.7
1316230 1822.7
1316240 1819.3
1316250 1816.6
1316260 1816.6
1316270 1814.7
1316280 1812.1
1316290 1809.2
1316300 1809.2
1316310 1806.0
1316320 1803.2
1316330 1803.2
1316340 1800.6
1316350 1797.9
1316360 1797.9
1316370 1795.5
1316380 1793.4
1316390 1793.4
1316400 1792.0
1316410 1790.8
1316420 1790.8
1316430 1789.7
1316440 1788.4
1316450 1788.4
1316460 1787.0
1316470 1785.7
1316480 1785.7
1316490 1784.6
1316500 1784.3
1316510 1783.7
1316520 1783.7
1316530 1783.6
1316540 1783.6
1316550 1783.6
1316560 1781.4
1316570 1780.5
1316580 1780.5
1316590 1779.4
1316600 1779.7
1316610 1779.7
1316620 1779.9
1316630 1778.8
1316640 1778.8
1316650 1776.9
1316660 1774.7
1316670 1774.7
1316680 1772.6
1316690 1771.7
1316700 1771.7
1316710 1771.0
1316720 1770.6
1316730 1770.6
1316740 1771.1
1316750 1772.1
1316760 1773.1
1316770 1773.1
1316780 1773.7
1316790 1773.9
1316800 1773.9
1316810 1774.5
1316820 1775.1
1316830 1775.1
1316840 1774.8
1316850 1774.0
1316860 1774.0
1316870 1774.0
1316880 1775.7
1316890 1775.7
1316900 1777.2
1316910 1777.8
1316920 1777.8
1316930 1778.0
1316940 1778.7
1316950 1778.7
1316960 1779.4
1316970 1779.7
1316980 1779.7
1316990 1778.8
1317000 1777.0
1317010 1775.7
1317020 1775.7
1317030 1775.8
1317040 1775.7
1317050 1775.7
1317060 1775.8
1317070 1775.9
1317080 1775.9
1317090 1775.1
1317100 1774.2
1317110 1774.2
1317120 1773.2
1317130 1772.8
1317140 1772.8
1317150 1773.4
1317160 1774.1
1317170 1774.1
1317180 1774.7
1317190 1775.3
1317200 1775.3
1317210 1774.1
1317220 1772.8
1317230 1771.6
1317240 1771.6
1317250 1771.4
1317260 1772.0
1317270 1772.0
1317280 1772.9
1317290 1774.2
1317300 1774.2
1317310 1775.6
1317320 1773.2
1317330 1773.2
1317340 1772.3
1317350 1772.1
1317360 1772.1
1317370 1769.7
1317380 1763.6
1317390 1763.6
1317400 1758.7
1317410 1755.3
1317420 1755.3
1317430 1753.7
1317440 1752.2
1317450 1752.2
1317460 1743.0
1317470 1726.4
1317480 1713.3
1317490 1713.3
1317500 1688.4
1317510 1668.5
1317520 1668.5
1317530 1649.7
1317540 1633.1
1317550 1633.1
1317560 1631.4
1317570 1622.3
1317580 1622.3
1317590 1614.9
1317600 1612.3
1317610 1612.3
1317620 1611.2
1317630 1604.7
1317640 1604.7
1317650 1599.4
1317660 1590.5
1317670 1590.5
1317680 1581.1
1317690 1576.1
1317700 1576.1
1317710 1567.8
1317720 1560.2
1317730 1554.2
1317740 1554.2
1317750 1547.6
1317760 1538.9
1317770 1538.9
1317780 1532.0
1317790 1525.1
1317800 1525.1
1317810 1519.6
1317820 1513.8
1317830 1513.8
1317840 1509.4
1317850 1506.2
1317860 1506.2
1317870 1501.1
1317880 1494.5
1317890 1494.5
1317900 1487.2
1317910 1480.9
1317920 1480.9
1317930 1475.5
1317940 1470.1
1317950 1465.4
1317960 1465.4
1317970 1460.3
1317980 1452.0
1317990 1452.0
1318000 1443.4
1318010 1436.7
1318020 1436.7
1318030 1428.0
1318040 1418.5
1318050 1418.5
1318060 1408.6
1318070 1398.3
1318080 1397.0
1318090 1390.7
1318100 1385.1
1318110 1385.1
1318120 1380.1
1318130 1374.5
1318140 1374.5
1318150 1364.4
1318160 1332.2
1318170 1332.2
1318180 1311.9
1318190 1301.0
1318200 1292.4
1318210 1292.4
1318220 1284.9
1318230 1277.6
1318240 1277.6
1318250 1270.1
1318260 1261.5
1318270 1261.5
1318280 1252.9
1318290 1245.7
1318300 1245.7
1318310 1238.9
1318320 1233.5
1318330 1233.5
1318340 1228.2
1318350 1221.5
1318360 1221.5
1318370 1214.7
1318380 1208.2
1318390 1208.2
1318400 1202.5
1318410 1195.9
1318420 1188.1
1318430 1188.1
1318440 1181.6
1318450 1175.3
1318460 1175.3
1318470 1170.6
1318480 1165.5
1318490 1165.5
1318500 1160.3
1318510 1155.2
1318520 1155.2
1318530 1150.5
1318540 1146.0
1318550 1146.0
1318560 1141.4
1318570 1136.6
1318580 1136.6
1318590 1132.2
1318600 1128.1
1318610 1128.1
1318620 1124.1
1318630 1119.3
1318640 1119.3
1318650 1114.7
1318660 1110.4
1318670 1106.3
1318680 1106.3
1318690 1102.3
1318700 1098.6
1318710 1098.6
1318720 1094.9
1318730 1091.3
1318740 1091.3
1318750 1087.9
1318760 1084.5
1318770 1084.5
1318780 1081.3
1318790 1078.8
1318800 1078.8
1318810 1076.4
1318820 1073.4
1318830 1073.4
1318840 1071.0
1318850 1068.8
1318860 1068.8
1318870 1066.9
1318880 1065.0
1318890 1065.0
1318900 1062.9
1318910 1060.9
1318920 1060.6
1318930 1060.6
1318940 1061.6
1318950 1062.0
1318960 1062.0
1318970 1062.4
1318980 1063.2
1318990 1063.2
1319000 1065.2
1319010 1066.1
1319020 1066.1
1319030 1066.9
1319040 1068.2
1319050 1068.2
1319060 1070.2
1319070 1073.4
1319080 1073.4
1319090 1077.6
1319100 1083.1
1319110 1083.1
1319120 1088.9
1319130 1094.0
1319140 1099.0
1319150 1099.0
1319160 1104.2
1319170 1108.9
1319180 1108.9
1319190 1115.3
1319200 1121.3
1319210 1121.3
1319220 1127.6
1319230 1129.6
1319240 1129.6
1319250 1130.7
1319260 1133.7
1319270 1133.7
1319280 1137.7
1319290 1142.0
1319300 1142.0
1319310 1147.3
1319320 1152.5
1319330 1152.5
1319340 1157.2
1319350 1160.6
1319360 1160.6
1319370 1158.1
1319380 1152.7
1319390 1152.1
1319400 1152.1
1319410 1152.1
1319420 1152.0
1319430 1152.0
1319440 1152.4
1319450 1153.1
1319460 1153.1
1319470 1148.7
1319480 1143.9
1319490 1143.9
1319500 1142.2
1319510 1143.0
1319520 1143.0
1319530 1143.0
1319540 1141.3
1319550 1141.3
1319560 1140.5
1319570 1140.3
1319580 1140.3
1319590 1140.8
1319600 1143.0
1319610 1146.1
1319620 1146.1
1319630 1144.9
1319640 1137.6
1319650 1137.6
1319660 1122.4
1319670 1112.3
1319680 1112.3
1319690 1104.1
1319700 1096.5
1319710 1096.5
1319720 1089.4
1319730 1082.9
1319740 1082.9
1319750 1077.2
1319760 1069.9
1319770 1069.9
1319780 1061.6
1319790 1054.1
1319800 1054.1
1319810 1041.5
1319820 1029.4
1319830 1029.4
1319840 1020.2
1319850 1010.3
1319860 992.3
1319870 992.3
1319880 977.4
1319890 967.3
1319900 967.3
1319910 958.1
1319920 949.1
1319930 949.1
1319940 942.0
1319950 935.9
1319960 935.9
1319970 928.6
1319980 916.5
1319990 916.5
