1300000 2460.6
1300010 2460.6
1300020 2453.8
1300030 2446.4
1300040 2446.4
1300050 2437.9
1300060 2428.7
1300070 2428.7
1300080 2418.5
1300090 2406.8
1300100 2406.8
1300110 2399.7
1300120 2394.3
1300130 2394.3
1300140 2389.5
1300150 2385.1
1300160 2380.6
1300170 2380.6
1300180 2374.8
1300190 2367.8
1300200 2367.8
1300210 2362.0
1300220 2353.3
1300230 2353.3
1300240 2348.6
1300250 2343.9
1300260 2343.9
1300270 2339.3
1300280 2334.5
1300290 2334.5
1300300 2330.1
1300310 2326.1
1300320 2326.1
1300330 2322.2
1300340 2318.2
1300350 2318.2
1300360 2314.5
1300370 2310.5
1300380 2310.5
1300390 2307.0
1300400 2304.4
1300410 2302.6
1300420 2302.6
1300430 2300.7
1300440 2299.5
1300450 2299.5
1300460 2298.5
1300470 2296.3
1300480 2296.3
1300490 2293.8
1300500 2292.6
1300510 2292.6
1300520 2292.1
1300530 2291.2
1300540 2291.2
1300550 2291.1
1300560 2289.6
1300570 2289.6
1300580 2286.2
1300590 2282.0
1300600 2282.0
1300610 2276.8
1300620 2271.0
1300630 2271.0
1300640 2264.3
1300650 2255.7
1300660 2244.6
1300670 2244.6
1300680 2236.2
1300690 2229.7
1300700 2229.7
1300710 2222.9
1300720 2215.0
1300730 2215.0
1300740 2206.4
1300750 2198.2
1300760 2198.2
1300770 2189.5
1300780 2178.7
1300790 2178.7
1300800 2168.9
1300810 2160.7
1300820 2160.7
1300830 2153.2
1300840 2146.4
1300850 2146.4
1300860 2139.6
1300870 2131.9
1300880 2124.8
1300890 2124.8
1300900 2121.0
1300910 2116.8
1300920 2116.8
1300930 2112.0
1300940 2105.9
1300950 2105.9
1300960 2100.2
1300970 2096.4
1300980 2096.4
1300990 2095.5
1301000 2093.3
1301010 2093.3
1301020 2091.5
1301030 2087.9
1301040 2087.9
1301050 2082.1
1301060 2076.3
1301070 2076.3
1301080 2072.5
1301090 2069.0
1301100 2069.0
1301110 2064.3
1301120 2059.5
1301130 2054.9
1301140 2054.9
1301150 2050.9
1301160 2047.6
1301170 2047.6
1301180 2044.3
1301190 2041.0
1301200 2041.0
1301210 2037.5
1301220 2033.2
1301230 2033.2
1301240 2027.4
1301250 2023.6
1301260 2023.6
1301270 2022.7
1301280 2022.4
1301290 2022.4
1301300 2021.7
1301310 2020.1
1301320 2020.1
1301330 2018.5
1301340 2015.1
1301350 2015.1
1301360 2015.1
1301370 2016.4
1301380 2016.2
1301390 2016.2
1301400 2017.7
1301410 2019.6
1301420 2019.6
1301430 2021.8
1301440 2020.9
1301450 2020.9
1301460 2017.6
1301470 2014.8
1301480 2014.8
1301490 2013.7
1301500 2013.7
1301510 2013.7
1301520 2013.6
1301530 2011.6
1301540 2011.6
1301550 2008.9
1301560 2005.3
1301570 2005.3
1301580 2002.8
1301590 2001.0
1301600 1998.9
1301610 1992.8
1301620 1989.2
1301630 1987.9
1301640 1987.9
1301650 1986.7
1301660 1984.8
1301670 1984.8
1301680 1981.0
1301690 1977.5
1301700 1977.5
1301710 1975.0
1301720 1972.5
1301730 1972.5
1301740 1967.4
1301750 1962.6
1301760 1962.6
1301770 1958.8
1301780 1955.0
1301790 1955.0
1301800 1949.7
1301810 1943.5
1301820 1943.5
1301830 1937.8
1301840 1933.6
1301850 1930.7
1301860 1930.7
1301870 1926.0
1301880 1921.1
1301890 1921.1
1301900 1919.6
1301910 1916.7
1301920 1916.7
1301930 1913.2
1301940 1911.3
1301950 1911.3
1301960 1909.9
1301970 1906.6
1301980 1906.6
1301990 1900.6
1302000 1893.5
1302010 1893.5
1302020 1887.2
1302030 1885.6
1302040 1885.6
1302050 1887.6
1302060 1890.4
1302070 1890.4
1302080 1888.0
1302090 1884.5
1302100 1881.0
1302110 1881.0
1302120 1878.2
1302130 1876.7
1302140 1876.7
1302150 1873.5
1302160 1869.5
1302170 1869.5
1302180 1869.0
1302190 1868.4
1302200 1868.4
1302210 1866.6
1302220 1862.8
1302230 1862.8
1302240 1859.5
1302250 1855.1
1302260 1855.1
1302270 1852.8
1302280 1850.9
1302290 1850.9
1302300 1849.5
1302310 1845.7
1302320 1845.5
1302330 1845.5
1302340 1844.0
1302350 1840.4
1302360 1840.4
1302370 1833.9
1302380 1829.4
1302390 1829.4
1302400 1828.7
1302410 1830.1
1302420 1830.1
1302430 1830.9
1302440 1830.3
1302450 1830.3
1302460 1828.0
1302470 1826.1
1302480 1826.1
1302490 1826.3
1302500 1825.3
1302510 1825.3
1302520 1823.8
1302530 1821.1
1302540 1821.1
1302550 1817.9
1302560 1816.4
1302570 1816.5
1302580 1816.5
1302590 1817.6
1302600 1818.5
1302610 1818.5
1302620 1818.1
1302630 1816.8
1302640 1816.8
1302650 1814.9
1302660 1813.5
1302670 1813.5
1302680 1811.6
1302690 1809.5
1302700 1809.5
1302710 1808.7
1302720 1807.9
1302730 1807.9
1302740 1807.1
1302750 1808.2
1302760 1808.2
1302770 1810.5
1302780 1812.2
1302790 1812.2
1302800 1814.4
1302810 1815.8
1302820 1816.4
1302830 1816.4
1302840 1816.7
1302850 1814.5
1302860 1814.5
1302870 1814.3
1302880 1816.3
1302890 1816.3
1302900 1816.2
1302910 1818.9
1302920 1818.9
1302930 1820.6
1302940 1820.5
1302950 1820.5
1302960 1817.9
1302970 1816.1
1302980 1816.1
1302990 1814.4
1303000 1808.3
1303010 1808.3
1303020 1806.9
1303030 1806.2
1303040 1806.2
1303050 1806.2
1303060 1806.2
1303070 1806.9
1303080 1806.9
1303090 1807.6
1303100 1809.0
1303110 1809.0
1303120 1810.5
1303130 1809.2
1303140 1809.2
1303150 1806.7
1303160 1804.8
1303170 1804.8
1303180 1804.2
1303190 1804.3
1303200 1804.3
1303210 1803.6
1303220 1803.6
1303230 1803.6
1303240 1802.6
1303250 1800.7
1303260 1800.7
1303270 1798.6
1303280 1795.4
1303290 1792.8
1303300 1792.8
1303310 1791.0
1303320 1788.7
1303330 1788.7
1303340 1786.8
1303350 1784.7
1303360 1784.7
1303370 1781.9
1303380 1781.1
1303390 1781.1
1303400 1783.5
1303410 1784.5
1303420 1784.5
1303430 1785.4
1303440 1786.7
1303450 1786.7
1303460 1786.4
1303470 1787.1
1303480 1787.1
1303490 1786.8
1303500 1785.5
1303510 1785.5
1303520 1783.9
1303530 1781.9
1303540 1777.5
1303550 1777.5
1303560 1774.9
1303570 1772.5
1303580 1772.5
1303590 1770.4
1303600 1770.9
1303610 1770.9
1303620 1769.7
1303630 1767.3
1303640 1767.3
1303650 1762.9
1303660 1759.1
1303670 1759.1
1303680 1755.3
1303690 1755.1
1303700 1755.1
1303710 1752.2
1303720 1752.3
1303730 1752.3
1303740 1752.7
1303750 1752.6
1303760 1752.2
1303770 1752.2
1303780 1751.5
1303790 1750.3
1303800 1750.3
1303810 1749.1
1303820 1747.9
1303830 1747.9
1303840 1747.5
1303850 1746.8
1303860 1746.8
1303870 1746.3
1303880 1745.8
1303890 1745.8
1303900 1746.0
1303910 1748.7
1303920 1748.7
1303930 1751.3
1303940 1750.3
1303950 1750.3
1303960 1746.2
1303970 1741.4
1303980 1741.4
1303990 1737.2
1304000 1732.4
1304010 1728.0
1304020 1728.0
1304030 1724.7
1304040 1723.1
1304050 1723.1
1304060 1722.8
1304070 1723.0
1304080 1723.0
1304090 1723.8
1304100 1724.6
1304110 1724.6
1304120 1725.1
1304130 1723.7
1304140 1723.7
1304150 1716.1
1304160 1708.5
1304170 1708.5
1304180 1711.1
1304190 1716.1
1304200 1716.1
1304210 1716.0
1304220 1713.3
1304230 1713.3
1304240 1712.2
1304250 1711.8
1304260 1712.9
1304270 1712.9
1304280 1714.8
1304290 1717.3
1304300 1717.3
1304310 1719.4
1304320 1721.3
1304330 1721.3
1304340 1724.6
1304350 1728.9
1304360 1728.9
1304370 1734.3
1304380 1739.5
1304390 1739.5
1304400 1744.9
1304410 1747.7
1304420 1747.7
1304430 1751.5
1304440 1754.6
1304450 1754.6
1304460 1756.5
1304470 1756.1
1304480 1754.4
1304490 1754.4
1304500 1752.6
1304510 1750.4
1304520 1750.4
1304530 1748.0
1304540 1744.2
1304550 1744.2
1304560 1740.3
1304570 1736.1
1304580 1736.1
1304590 1731.3
1304600 1725.9
1304610 1725.9
1304620 1720.2
1304630 1714.7
1304640 1714.7
1304650 1709.2
1304660 1703.8
1304670 1703.8
1304680 1698.4
1304690 1693.5
1304700 1693.5
1304710 1688.4
1304720 1683.2
1304730 1678.7
1304740 1678.7
1304750 1674.0
1304760 1669.3
1304770 1669.3
1304780 1665.5
1304790 1661.1
1304800 1661.1
1304810 1656.8
1304820 1653.4
1304830 1653.4
1304840 1650.6
1304850 1648.0
1304860 1648.0
1304870 1645.7
1304880 1644.3
1304890 1644.3
1304900 1643.8
1304910 1642.6
1304920 1642.6
1304930 1639.9
1304940 1636.0
1304950 1636.0
1304960 1635.1
1304970 1634.4
1304980 1633.4
1304990 1633.4
1305000 1632.3
1305010 1631.6
1305020 1631.6
1305030 1627.7
1305040 1621.6
1305050 1621.6
1305060 1613.6
1305070 1607.3
1305080 1607.3
1305090 1603.5
1305100 1599.1
1305110 1599.1
1305120 1593.0
1305130 1584.5
1305140 1584.5
1305150 1573.5
1305160 1564.4
1305170 1564.4
1305180 1561.8
1305190 1570.4
1305200 1580.4
1305210 1580.4
1305220 1587.5
1305230 1592.4
1305240 1592.4
1305250 1595.7
1305260 1599.1
1305270 1599.1
1305280 1603.6
1305290 1607.4
1305300 1607.4
1305310 1612.4
1305320 1617.1
1305330 1617.1
1305340 1621.4
1305350 1625.5
1305360 1625.5
1305370 1629.6
1305380 1634.1
1305390 1634.1
1305400 1638.4
1305410 1642.9
1305420 1642.9
1305430 1647.6
1305440 1653.3
1305450 1658.9
1305460 1658.9
1305470 1665.2
1305480 1672.3
1305490 1672.3
1305500 1679.1
1305510 1686.4
1305520 1686.4
1305530 1693.5
1305540 1700.5
1305550 1700.5
1305560 1707.4
1305570 1714.3
1305580 1714.3
1305590 1720.8
1305600 1726.9
1305610 1726.9
1305620 1732.2
1305630 1737.4
1305640 1737.4
1305650 1742.3
1305660 1747.9
1305670 1747.9
1305680 1753.8
1305690 1759.7
1305700 1765.5
1305710 1765.5
1305720 1771.3
1305730 1776.6
1305740 1776.6
1305750 1781.7
1305760 1786.8
1305770 1786.8
1305780 1791.2
1305790 1795.7
1305800 1795.7
1305810 1800.3
1305820 1805.0
1305830 1805.0
1305840 1809.1
1305850 1813.2
1305860 1813.2
1305870 1817.5
1305880 1821.6
1305890 1821.6
1305900 1825.4
1305910 1828.6
1305920 1831.6
1305930 1831.6
1305940 1834.2
1305950 1836.8
1305960 1836.8
1305970 1838.9
1305980 1840.2
1305990 1840.2
1306000 1841.0
1306010 1841.9
1306020 1841.9
1306030 1843.5
1306040 1845.3
1306050 1845.3
1306060 1847.1
1306070 1848.3
1306080 1848.3
1306090 1849.0
1306100 1849.5
1306110 1849.5
1306120 1849.5
1306130 1849.7
1306140 1849.7
1306150 1849.9
1306160 1850.2
1306170 1850.7
1306180 1850.7
1306190 1851.3
1306200 1851.8
1306210 1851.8
1306220 1852.4
1306230 1852.7
1306240 1852.7
1306250 1852.9
1306260 1853.3
1306270 1853.3
1306280 1853.3
1306290 1852.4
1306300 1852.4
1306310 1851.9
1306320 1851.5
1306330 1851.5
1306340 1850.7
1306350 1850.2
1306360 1850.2
1306370 1850.0
1306380 1850.0
1306390 1850.1
1306400 1850.1
1306410 1850.1
1306420 1850.1
1306430 1850.1
1306440 1849.4
1306450 1846.7
1306460 1846.7
1306470 1845.4
1306480 1844.4
1306490 1844.4
1306500 1843.7
1306510 1843.0
1306520 1843.0
1306530 1842.7
1306540 1840.2
1306550 1840.2
1306560 1840.3
1306570 1839.8
1306580 1839.8
1306590 1839.0
1306600 1839.0
1306610 1839.0
1306620 1837.1
1306630 1835.7
1306640 1835.3
1306650 1835.3
1306660 1835.5
1306670 1835.8
1306680 1835.8
1306690 1835.6
1306700 1835.9
1306710 1835.9
1306720 1836.3
1306730 1836.4
1306740 1836.4
1306750 1835.8
1306760 1835.8
1306770 1835.8
1306780 1836.0
1306790 1835.8
1306800 1835.8
1306810 1836.1
1306820 1836.6
1306830 1836.6
1306840 1836.9
1306850 1837.0
1306860 1837.0
1306870 1837.5
1306880 1837.9
1306890 1838.4
1306900 1838.4
1306910 1838.7
1306920 1838.9
1306930 1838.9
1306940 1839.6
1306950 1840.4
1306960 1840.4
1306970 1841.6
1306980 1842.8
1306990 1842.8
1307000 1843.3
1307010 1844.7
1307020 1844.7
1307030 1845.9
1307040 1845.7
1307050 1845.7
1307060 1845.9
1307070 1846.8
1307080 1846.8
1307090 1847.8
1307100 1849.6
1307110 1851.0
1307120 1851.0
1307130 1853.1
1307140 1855.6
1307150 1855.6
1307160 1857.6
1307170 1859.4
1307180 1859.4
1307190 1861.1
1307200 1864.5
1307210 1864.5
1307220 1868.2
1307230 1871.8
1307240 1871.8
1307250 1874.4
1307260 1872.7
1307270 1872.7
1307280 1875.5
1307290 1878.0
1307300 1878.0
1307310 1880.9
1307320 1883.9
1307330 1883.9
1307340 1886.6
1307350 1889.1
1307360 1891.7
1307370 1891.7
1307380 1893.9
1307390 1895.9
1307400 1895.9
1307410 1898.1
1307420 1900.0
1307430 1900.0
1307440 1901.8
1307450 1903.2
1307460 1903.2
1307470 1904.8
1307480 1906.3
1307490 1906.3
1307500 1907.6
1307510 1909.1
1307520 1909.1
1307530 1909.8
1307540 1908.9
1307550 1908.9
1307560 1909.1
1307570 1909.4
1307580 1909.4
1307590 1909.2
1307600 1912.5
1307610 1909.9
1307620 1909.9
1307630 1910.3
1307640 1905.5
1307650 1905.5
1307660 1902.7
1307670 1907.7
1307680 1907.7
1307690 1911.4
1307700 1916.4
1307710 1916.4
1307720 1922.1
1307730 1926.1
1307740 1926.1
1307750 1927.6
1307760 1928.2
1307770 1928.2
1307780 1927.0
1307790 1923.0
1307800 1923.0
1307810 1925.9
1307820 1922.4
1307830 1921.5
1307840 1921.5
1307850 1918.0
1307860 1912.3
1307870 1912.3
1307880 1908.3
1307890 1903.8
1307900 1903.8
1307910 1897.4
1307920 1892.7
1307930 1892.7
1307940 1888.4
1307950 1884.4
1307960 1884.4
1307970 1876.4
1307980 1873.3
1307990 1873.3
1308000 1872.4
1308010 1876.2
1308020 1876.2
1308030 1878.8
1308040 1880.9
1308050 1880.9
1308060 1882.1
1308070 1883.0
1308080 1884.3
1308090 1884.3
1308100 1881.2
1308110 1875.7
1308120 1875.7
1308130 1870.6
1308140 1863.4
1308150 1863.4
1308160 1854.9
1308170 1854.6
1308180 1854.6
1308190 1860.9
1308200 1867.3
1308210 1867.3
1308220 1863.5
1308230 1858.7
1308240 1858.7
1308250 1855.1
1308260 1853.3
1308270 1853.3
1308280 1849.7
1308290 1847.9
1308300 1847.9
1308310 1851.9
1308320 1855.0
1308330 1855.1
1308340 1855.1
1308350 1855.0
1308360 1854.4
1308370 1854.4
1308380 1853.5
1308390 1852.0
1308400 1852.0
1308410 1850.6
1308420 1849.2
1308430 1849.2
1308440 1847.6
1308450 1845.7
1308460 1845.7
1308470 1843.6
1308480 1842.1
1308490 1842.1
1308500 1842.7
1308510 1843.5
1308520 1843.5
1308530 1843.9
1308540 1844.1
1308550 1844.4
1308560 1844.4
1308570 1845.9
1308580 1846.8
1308590 1846.8
1308600 1846.8
1308610 1850.5
1308620 1850.5
1308630 1854.5
1308640 1855.7
1308650 1855.7
1308660 1856.1
1308670 1857.2
1308680 1857.2
1308690 1849.1
1308700 1848.6
1308710 1848.6
1308720 1852.2
1308730 1856.1
1308740 1856.1
1308750 1860.0
1308760 1863.4
1308770 1863.4
1308780 1865.9
1308790 1868.1
1308800 1871.8
1308810 1871.8
1308820 1875.2
1308830 1875.9
1308840 1875.9
1308850 1876.2
1308860 1876.1
1308870 1876.1
1308880 1875.9
1308890 1875.7
1308900 1875.7
1308910 1874.2
1308920 1871.9
1308930 1871.9
1308940 1870.3
1308950 1869.7
1308960 1869.7
1308970 1869.5
1308980 1869.2
1308990 1869.2
1309000 1872.7
1309010 1877.5
1309020 1877.5
1309030 1880.5
1309040 1882.3
1309050 1883.0
1309060 1883.0
1309070 1882.5
1309080 1880.9
1309090 1880.9
1309100 1877.8
1309110 1875.0
1309120 1875.0
1309130 1871.2
1309140 1870.0
1309150 1870.0
1309160 1870.5
1309170 1871.3
1309180 1871.3
1309190 1872.3
1309200 1873.5
1309210 1873.5
1309220 1875.0
1309230 1875.9
1309240 1875.9
1309250 1876.1
1309260 1877.6
1309270 1880.4
1309280 1880.4
1309290 1883.3
1309300 1885.1
1309310 1885.1
1309320 1888.6
1309330 1892.2
1309340 1892.2
1309350 1895.2
1309360 1897.2
1309370 1897.2
1309380 1898.6
1309390 1900.0
1309400 1900.0
1309410 1901.5
1309420 1902.0
1309430 1902.0
1309440 1905.6
1309450 1908.1
1309460 1908.1
1309470 1911.4
1309480 1916.5
1309490 1916.5
1309500 1920.6
1309510 1921.9
1309520 1924.1
1309530 1924.1
1309540 1927.0
1309550 1928.6
1309560 1928.6
1309570 1929.6
1309580 1931.2
1309590 1931.2
1309600 1933.6
1309610 1935.8
1309620 1935.8
1309630 1937.3
1309640 1938.8
1309650 1938.8
1309660 1940.1
1309670 1940.5
1309680 1940.5
1309690 1941.5
1309700 1942.0
1309710 1942.0
1309720 1942.6
1309730 1942.7
1309740 1942.7
1309750 1943.9
1309760 1946.3
1309770 1949.3
1309780 1949.3
1309790 1952.0
1309800 1956.2
1309810 1956.2
1309820 1958.7
1309830 1960.1
1309840 1960.1
1309850 1960.4
1309860 1960.7
1309870 1960.7
1309880 1958.2
1309890 1954.8
1309900 1954.8
1309910 1950.3
1309920 1948.4
1309930 1948.4
1309940 1950.1
1309950 1951.9
1309960 1951.9
1309970 1950.9
1309980 1950.8
1309990 1956.6
1310000 1956.6
1310010 1963.8
1310020 1970.8
1310030 1970.8
1310040 1977.2
1310050 1981.0
1310060 1981.0
1310070 1984.1
1310080 1987.2
1310090 1987.2
1310100 1992.1
1310110 1996.5
1310120 1996.5
1310130 1999.0
1310140 1999.1
1310150 1999.1
1310160 2001.7
1310170 2003.8
1310180 2003.8
1310190 2006.2
1310200 2008.4
1310210 2008.4
1310220 2010.8
1310230 2012.9
1310240 2015.8
1310250 2015.8
1310260 2017.7
1310270 2018.9
1310280 2018.9
1310290 2019.9
1310300 2021.0
1310310 2021.0
1310320 2023.0
1310330 2024.9
1310340 2024.9
1310350 2026.4
1310360 2026.8
1310370 2026.8
1310380 2026.3
1310390 2027.2
1310400 2027.2
1310410 2028.7
1310420 2031.2
1310430 2031.2
1310440 2034.3
1310450 2037.0
1310460 2037.0
1310470 2039.4
1310480 2039.2
1310490 2040.9
1310500 2040.9
1310510 2044.3
1310520 2049.1
1310530 2049.1
1310540 2054.2
1310550 2059.0
1310560 2059.0
1310570 2063.1
1310580 2067.8
1310590 2067.8
1310600 2072.3
1310610 2076.8
1310620 2076.8
1310630 2081.6
1310640 2086.1
1310650 2086.1
1310660 2090.8
1310670 2095.9
1310680 2095.9
1310690 2101.0
1310700 2105.8
1310710 2110.2
1310720 2110.2
1310730 2114.8
1310740 2119.2
1310750 2119.2
1310760 2123.2
1310770 2127.1
1310780 2127.1
1310790 2131.0
1310800 2134.6
1310810 2134.6
1310820 2138.0
1310830 2141.0
1310840 2141.0
1310850 2143.5
1310860 2145.7
1310870 2141.0
1310880 2145.6
1310890 2149.0
1310900 2149.0
1310910 2152.0
1310920 2155.8
1310930 2155.8
1310940 2159.3
1310950 2162.9
1310960 2166.7
1310970 2166.7
1310980 2170.4
1310990 2172.6
1311000 2172.6
1311010 2170.1
1311020 2168.0
1311030 2168.0
1311040 2165.8
1311050 2163.5
1311060 2163.5
1311070 2162.1
1311080 2161.8
1311090 2161.8
1311100 2156.9
1311110 2151.2
1311120 2151.2
1311130 2145.4
1311140 2141.0
1311150 2141.0
1311160 2140.3
1311170 2133.7
1311180 2123.0
1311190 2123.0
1311200 2115.7
1311210 2109.9
1311220 2109.9
1311230 2105.3
1311240 2101.1
1311250 2101.1
1311260 2096.5
1311270 2090.9
1311280 2090.9
1311290 2085.1
1311300 2079.5
1311310 2079.5
1311320 2074.8
1311330 2069.7
1311340 2069.7
1311350 2066.3
1311360 2061.9
1311370 2061.9
1311380 2058.9
1311390 2055.2
1311400 2055.2
1311410 2051.0
1311420 2046.6
1311430 2040.5
1311440 2040.5
1311450 2037.5
1311460 2038.5
1311470 2038.5
1311480 2037.9
1311490 2038.3
1311500 2038.3
1311510 2039.3
1311520 2039.7
1311530 2039.7
1311540 2040.5
1311550 2041.4
1311560 2041.4
1311570 2041.9
1311580 2041.2
1311590 2041.2
1311600 2040.8
1311610 2045.6
1311620 2045.6
1311630 2043.1
1311640 2038.8
1311650 2038.8
1311660 2034.9
1311670 2033.7
1311680 2032.9
1311690 2032.9
1311700 2030.8
1311710 2030.1
1311720 2030.1
1311730 2029.5
1311740 2027.2
1311750 2027.2
1311760 2024.4
1311770 2019.2
1311780 2019.2
1311790 2011.5
1311800 2004.7
1311810 2004.7
1311820 2000.8
1311830 1995.7
1311840 1995.7
1311850 1990.0
1311860 1982.9
1311870 1982.9
1311880 1975.5
1311890 1967.9
1311900 1959.8
1311910 1959.8
1311920 1950.6
1311930 1941.4
1311940 1941.4
1311950 1933.2
1311960 1925.0
1311970 1925.0
1311980 1916.8
1311990 1911.2
1312000 1911.2
1312010 1907.6
1312020 1904.5
1312030 1904.5
1312040 1900.8
1312050 1895.9
1312060 1895.9
1312070 1894.4
1312080 1893.1
1312090 1893.1
1312100 1889.2
1312110 1884.0
1312120 1884.0
1312130 1878.5
1312140 1873.3
1312150 1867.8
1312160 1867.8
1312170 1861.4
1312180 1854.5
1312190 1854.5
1312200 1846.9
1312210 1841.0
1312220 1841.0
1312230 1837.0
1312240 1833.4
1312250 1833.4
1312260 1829.1
1312270 1825.3
1312280 1825.3
1312290 1821.5
1312300 1817.9
1312310 1817.9
1312320 1814.7
1312330 1810.1
1312340 1812.4
1312350 1810.5
1312360 1807.8
1312370 1807.8
1312380 1804.4
1312390 1801.4
1312400 1799.2
1312410 1799.2
1312420 1796.9
1312430 1794.2
1312440 1794.2
1312450 1790.5
1312460 1785.8
1312470 1785.8
1312480 1781.1
1312490 1779.8
1312500 1779.8
1312510 1778.7
1312520 1775.9
1312530 1775.9
1312540 1772.9
1312550 1770.4
1312560 1770.4
1312570 1768.2
1312580 1765.2
1312590 1765.2
1312600 1761.9
1312610 1760.3
1312620 1758.1
1312630 1758.1
1312640 1755.9
1312650 1752.2
1312660 1752.2
1312670 1750.4
1312680 1750.8
1312690 1750.8
1312700 1748.3
1312710 1745.9
1312720 1745.9
1312730 1743.6
1312740 1741.6
1312750 1741.6
1312760 1739.3
1312770 1737.5
1312780 1737.5
1312790 1736.0
1312800 1734.8
1312810 1734.8
1312820 1734.2
1312830 1733.6
1312840 1733.6
1312850 1732.2
1312860 1730.2
1312870 1728.3
1312880 1728.3
1312890 1726.9
1312900 1726.2
1312910 1726.2
1312920 1725.8
1312930 1725.0
1312940 1725.0
1312950 1723.8
1312960 1722.3
1312970 1722.3
1312980 1719.4
1312990 1716.8
1313000 1716.8
1313010 1717.3
1313020 1717.4
1313030 1717.4
1313040 1717.3
1313050 1716.7
1313060 1716.7
1313070 1715.9
1313080 1717.6
1313090 1717.6
1313100 1716.5
1313110 1715.1
1313120 1714.1
1313130 1714.1
1313140 1713.3
1313150 1712.9
1313160 1712.9
1313170 1712.7
1313180 1712.3
1313190 1712.3
1313200 1711.4
1313210 1710.5
1313220 1710.5
1313230 1709.9
1313240 1709.6
1313250 1709.6
1313260 1709.5
1313270 1709.1
1313280 1709.1
1313290 1708.2
1313300 1707.3
1313310 1707.3
1313320 1707.4
1313330 1707.8
1313340 1708.1
1313350 1708.1
1313360 1708.3
1313370 1708.3
1313380 1708.3
1313390 1707.7
1313400 1707.5
1313410 1707.5
1313420 1707.3
1313430 1707.2
1313440 1707.2
1313450 1707.2
1313460 1706.9
1313470 1706.9
1313480 1706.8
1313490 1706.4
1313500 1706.4
1313510 1705.0
1313520 1702.4
1313530 1702.4
1313540 1703.2
1313550 1704.2
1313560 1704.2
1313570 1704.5
1313580 1704.1
1313590 1704.4
1313600 1704.4
1313610 1705.5
1313620 1706.1
1313630 1706.1
1313640 1706.5
1313650 1706.4
1313660 1706.4
1313670 1705.8
1313680 1705.6
1313690 1705.6
1313700 1706.3
1313710 1706.1
1313720 1706.1
1313730 1707.1
1313740 1708.2
1313750 1708.2
1313760 1708.1
1313770 1708.4
1313780 1708.4
1313790 1708.5
1313800 1709.4
1313810 1710.5
1313820 1712.3
1313830 1712.9
1313840 1713.7
1313850 1713.7
1313860 1714.4
1313870 1714.7
1313880 1714.7
1313890 1714.8
1313900 1715.6
1313910 1715.6
1313920 1717.0
1313930 1717.3
1313940 1717.3
1313950 1717.3
1313960 1718.7
1313970 1718.7
1313980 1719.9
1313990 1721.3
1314000 1721.3
1314010 1722.6
1314020 1723.7
1314030 1723.7
1314040 1724.9
1314050 1724.8
1314060 1725.6
1314070 1725.6
1314080 1726.6
1314090 1727.8
1314100 1727.8
1314110 1729.6
1314120 1731.4
1314130 1731.4
1314140 1733.3
1314150 1735.2
1314160 1735.2
1314170 1736.8
1314180 1738.9
1314190 1738.9
1314200 1740.9
1314210 1744.0
1314220 1744.0
1314230 1748.3
1314240 1750.6
1314250 1750.6
1314260 1752.3
1314270 1754.7
1314280 1754.7
1314290 1757.5
1314300 1760.8
1314310 1763.9
1314320 1763.9
1314330 1766.1
1314340 1767.3
1314350 1767.3
1314360 1768.1
1314370 1768.9
1314380 1768.9
1314390 1771.7
1314400 1775.4
1314410 1775.4
1314420 1777.9
1314430 1780.4
1314440 1780.4
1314450 1782.9
1314460 1785.8
1314470 1785.8
1314480 1789.0
1314490 1791.8
1314500 1791.8
1314510 1794.7
1314520 1797.7
1314530 1800.6
1314540 1800.6
1314550 1803.4
1314560 1805.8
1314570 1808.5
1314580 1810.7
1314590 1812.9
1314600 1812.9
1314610 1814.9
1314620 1817.1
1314630 1817.1
1314640 1819.4
1314650 1821.9
1314660 1821.9
1314670 1824.6
1314680 1826.0
1314690 1826.0
1314700 1827.8
1314710 1830.2
1314720 1830.2
1314730 1831.4
1314740 1832.3
1314750 1832.3
1314760 1832.8
1314770 1834.3
1314780 1836.5
1314790 1836.5
1314800 1838.1
1314810 1839.9
1314820 1839.9
1314830 1842.3
1314840 1844.5
1314850 1844.5
1314860 1846.5
1314870 1848.4
1314880 1848.4
1314890 1849.8
1314900 1851.5
1314910 1851.5
1314920 1853.1
1314930 1854.5
1314940 1854.5
1314950 1856.0
1314960 1858.2
1314970 1858.2
1314980 1860.5
1314990 1862.9
1315000 1862.9
1315010 1865.4
1315020 1867.6
1315030 1869.3
1315040 1869.3
1315050 1871.2
1315060 1872.8
1315070 1872.8
1315080 1874.3
1315090 1875.8
1315100 1875.8
1315110 1877.7
1315120 1879.3
1315130 1879.3
1315140 1880.9
1315150 1882.1
1315160 1882.1
1315170 1883.6
1315180 1885.9
1315190 1885.9
1315200 1888.2
1315210 1890.4
1315220 1890.4
1315230 1892.1
1315240 1893.7
1315250 1895.2
1315260 1895.2
1315270 1897.4
1315280 1899.6
1315290 1899.6
1315300 1901.8
1315310 1904.6
1315320 1911.8
1315330 1914.3
1315340 1914.2
1315350 1914.2
1315360 1912.7
1315370 1911.7
1315380 1911.7
1315390 1911.2
1315400 1910.9
1315410 1910.9
1315420 1910.8
1315430 1910.4
1315440 1910.4
1315450 1910.6
1315460 1911.9
1315470 1911.9
1315480 1913.3
1315490 1914.2
1315500 1915.1
1315510 1915.1
1315520 1915.4
1315530 1914.1
1315540 1914.1
1315550 1912.4
1315560 1911.1
1315570 1911.1
1315580 1909.7
1315590 1907.4
1315600 1907.4
1315610 1903.8
1315620 1899.8
1315630 1899.8
1315640 1896.6
1315650 1894.1
1315660 1894.1
1315670 1890.9
1315680 1886.1
1315690 1886.1
1315700 1881.4
1315710 1876.5
1315720 1876.5
1315730 1871.9
1315740 1868.5
1315750 1868.8
1315760 1868.8
1315770 1871.7
1315780 1872.9
1315790 1872.9
1315800 1870.5
1315810 1867.1
1315820 1867.1
1315830 1863.9
1315840 1861.0
1315850 1861.0
1315860 1858.5
1315870 1857.2
1315880 1857.2
1315890 1857.1
1315900 1856.9
1315910 1856.9
1315920 1855.0
1315930 1851.0
1315940 1851.0
1315950 1846.4
1315960 1842.9
1315970 1839.4
1315980 1839.4
1315990 1835.5
1316000 1831.9
1316010 1831.9
1316020 1829.0
1316030 1826.5
1316040 1826.5
1316050 1824.9
1316060 1822.9
1316070 1825.2
1316080 1824.3
1316090 1823.2
1316100 1823.2
1316110 1822.3
1316120 1821.5
1316130 1821.5
1316140 1819.8
1316150 1817.1
1316160 1817.1
1316170 1814.8
1316180 1814.5
1316190 1814.5
1316200 1815.5
1316210 1816.8
1316220 1818.4
1316230 1818.4
1316240 1820.0
1316250 1821.5
1316260 1821.5
1316270 1823.0
1316280 1824.3
1316290 1824.3
1316300 1825.2
1316310 1825.3
1316320 1825.3
1316330 1824.2
1316340 1821.7
1316350 1821.7
1316360 1818.7
1316370 1815.0
1316380 1815.0
1316390 1810.0
1316400 1805.2
1316410 1805.2
1316420 1800.8
1316430 1797.2
1316440 1793.9
1316450 1793.9
1316460 1790.2
1316470 1785.8
1316480 1785.8
1316490 1781.1
1316500 1776.6
1316510 1776.6
1316520 1770.7
1316530 1762.1
1316540 1762.1
1316550 1753.1
1316560 1745.7
1316570 1745.7
1316580 1740.0
1316590 1733.9
1316600 1733.9
1316610 1727.8
1316620 1721.9
1316630 1721.9
1316640 1716.3
1316650 1711.3
1316660 1711.3
1316670 1706.8
1316680 1703.3
1316690 1700.7
1316700 1700.7
1316710 1699.1
1316720 1697.3
1316730 1697.3
1316740 1694.9
1316750 1693.2
1316760 1693.2
1316770 1692.6
1316780 1693.0
1316790 1693.0
1316800 1694.3
1316810 1695.4
1316820 1695.4
1316830 1704.8
1316840 1704.6
1316850 1704.6
1316860 1703.0
1316870 1700.9
1316880 1700.9
1316890 1695.4
1316900 1691.0
1316910 1691.0
1316920 1690.2
1316930 1689.4
1316940 1689.1
1316950 1689.1
1316960 1689.4
1316970 1689.3
1316980 1689.3
1316990 1688.6
1317000 1687.5
1317010 1687.5
1317020 1685.1
1317030 1681.4
1317040 1681.4
1317050 1676.7
1317060 1671.0
1317070 1671.0
1317080 1667.0
1317090 1662.4
1317100 1662.4
1317110 1656.1
1317120 1652.4
1317130 1652.4
1317140 1645.6
1317150 1640.7
1317160 1636.8
1317170 1636.8
1317180 1635.3
1317190 1633.5
1317200 1633.5
1317210 1627.3
1317220 1622.1
1317230 1622.1
1317240 1617.2
1317250 1611.9
1317260 1611.9
1317270 1606.6
1317280 1603.9
1317290 1603.9
1317300 1600.9
1317310 1597.4
1317320 1597.4
1317330 1594.5
1317340 1591.7
1317350 1591.7
1317360 1588.7
1317370 1586.2
1317380 1586.2
1317390 1583.0
1317400 1579.1
1317410 1575.2
1317420 1575.2
1317430 1572.7
1317440 1569.9
1317450 1569.9
1317460 1566.6
1317470 1563.2
1317480 1563.2
1317490 1560.6
1317500 1559.8
1317510 1559.8
1317520 1558.9
1317530 1557.2
1317540 1557.2
1317550 1555.2
1317560 1553.3
1317570 1553.3
1317580 1551.5
1317590 1553.2
1317600 1553.2
1317610 1552.6
1317620 1553.6
1317630 1553.6
1317640 1554.9
1317650 1555.7
1317660 1556.2
1317670 1556.2
1317680 1557.8
1317690 1560.8
1317700 1560.8
1317710 1564.1
1317720 1566.8
1317730 1566.8
1317740 1568.8
1317750 1570.6
1317760 1570.6
1317770 1572.3
1317780 1574.7
1317790 1574.7
1317800 1576.7
1317810 1577.4
1317820 1577.4
1317830 1577.3
1317840 1576.9
1317850 1576.9
1317860 1576.5
1317870 1576.0
1317880 1575.4
1317890 1575.4
1317900 1574.8
1317910 1574.6
1317920 1574.6
1317930 1574.3
1317940 1573.8
1317950 1573.8
1317960 1573.0
1317970 1571.9
1317980 1571.9
1317990 1570.5
1318000 1569.0
1318010 1569.0
1318020 1567.6
1318030 1566.3
1318040 1566.3
1318050 1564.7
1318060 1563.1
1318070 1563.1
1318080 1561.3
1318090 1559.7
1318100 1559.7
1318110 1558.3
1318120 1557.1
1318130 1556.0
1318140 1556.0
1318150 1555.1
1318160 1554.2
1318170 1554.2
1318180 1554.1
1318190 1555.1
1318200 1555.1
1318210 1557.6
1318220 1559.5
1318230 1559.5
1318240 1559.9
1318250 1561.5
1318260 1561.5
1318270 1560.6
1318280 1560.1
1318290 1560.1
1318300 1560.5
1318310 1555.9
1318320 1555.9
1318330 1540.6
1318340 1521.4
1318350 1510.7
1318360 1478.5
1318370 1443.1
1318380 1424.8
1318390 1424.8
1318400 1405.7
1318410 1393.5
1318420 1393.5
1318430 1380.3
1318440 1362.0
1318450 1362.0
1318460 1340.9
1318470 1319.2
1318480 1319.2
1318490 1303.9
1318500 1297.5
1318510 1297.5
1318520 1290.5
1318530 1282.9
1318540 1282.9
1318550 1275.5
1318560 1268.4
1318570 1268.4
1318580 1261.4
1318590 1254.3
1318600 1247.0
1318610 1247.0
1318620 1239.3
1318630 1230.9
1318640 1230.9
1318650 1222.8
1318660 1214.9
1318670 1214.9
1318680 1206.3
1318690 1197.6
1318700 1197.6
1318710 1189.3
1318720 1181.2
1318730 1181.2
1318740 1173.7
1318750 1166.6
1318760 1166.6
1318770 1159.8
1318780 1152.9
1318790 1152.9
1318800 1146.4
1318810 1140.0
1318820 1140.0
1318830 1133.4
1318840 1127.3
1318850 1121.3
1318860 1121.3
1318870 1115.5
1318880 1109.9
1318890 1109.9
1318900 1104.4
1318910 1099.5
1318920 1099.5
1318930 1094.5
1318940 1089.3
1318950 1089.3
1318960 1083.9
1318970 1078.6
1318980 1078.6
1318990 1074.0
1319000 1068.7
1319010 1068.7
1319020 1063.6
1319030 1058.9
1319040 1058.9
1319050 1054.1
1319060 1049.4
1319070 1045.0
1319080 1045.0
1319090 1040.6
1319100 1035.9
1319110 1035.9
1319120 1030.7
1319130 1026.6
1319140 1026.6
1319150 1023.4
1319160 1020.0
1319170 1020.0
1319180 1016.6
1319190 1012.7
1319200 1012.7
1319210 1008.6
1319220 1004.7
1319230 1004.7
1319240 1000.0
1319250 994.5
1319260 994.5
1319270 989.9
1319280 986.5
1319290 986.5
1319300 982.7
1319310 978.9
1319320 975.7
1319330 975.7
1319340 972.6
1319350 970.5
1319360 970.5
1319370 971.4
1319380 974.2
1319390 974.2
1319400 975.9
1319410 976.4
1319420 976.4
1319430 977.5
1319440 978.2
1319450 978.2
1319460 978.2
1319470 977.8
1319480 977.8
1319490 977.7
1319500 978.6
1319510 978.6
1319520 979.2
1319530 979.8
1319540 979.8
1319550 982.1
1319560 984.7
1319570 987.5
1319580 987.5
1319590 991.4
1319600 993.8
1319610 993.8
1319620 994.7
1319630 996.1
1319640 996.1
1319650 997.8
1319660 997.6
1319670 997.6
1319680 989.4
1319690 980.7
1319700 980.7
1319710 971.5
1319720 965.4
1319730 965.4
1319740 962.6
1319750 962.2
1319760 962.2
1319770 962.9
1319780 962.9
1319790 949.0
1319800 949.0
1319810 915.7
1319820 885.1
1319830 885.1
1319840 860.9
1319850 847.5
1319860 847.5
1319870 840.6
1319880 833.8
1319890 836.1
1319900 829.8
1319910 824.2
1319920 824.2
1319930 818.8
1319940 812.3
1319950 812.3
1319960 802.0
1319970 790.6
1319980 790.6
1319990 779.2
