1300000 2464.5
1300010 2464.5
1300020 2457.6
1300030 2449.0
1300040 2449.0
1300050 2440.8
1300060 2432.3
1300070 2432.3
1300080 2420.6
1300090 2410.5
1300100 2410.5
1300110 2403.2
1300120 2397.3
1300130 2397.3
1300140 2391.5
1300150 2384.7
1300160 2384.7
1300170 2377.0
1300180 2367.8
1300190 2367.8
1300200 2360.9
1300210 2354.9
1300220 2349.1
1300230 2349.1
1300240 2343.1
1300250 2338.3
1300260 2338.3
1300270 2333.4
1300280 2328.3
1300290 2328.3
1300300 2323.3
1300310 2318.5
1300320 2318.5
1300330 2313.9
1300340 2309.7
1300350 2309.7
1300360 2305.9
1300370 2302.4
1300380 2302.4
1300390 2299.1
1300400 2296.6
1300410 2296.6
1300420 2291.0
1300430 2288.8
1300440 2288.0
1300450 2288.0
1300460 2287.5
1300470 2286.8
1300480 2286.8
1300490 2286.7
1300500 2285.9
1300510 2285.9
1300520 2284.2
1300530 2282.8
1300540 2282.8
1300550 2280.9
1300560 2277.6
1300570 2277.6
1300580 2273.2
1300590 2269.6
1300600 2269.6
1300610 2265.8
1300620 2261.6
1300630 2261.6
1300640 2257.7
1300650 2253.6
1300660 2253.6
1300670 2247.4
1300680 2239.7
1300690 2232.8
1300700 2232.8
1300710 2225.7
1300720 2217.0
1300730 2217.0
1300740 2208.4
1300750 2199.0
1300760 2199.0
1300770 2189.0
1300780 2180.7
1300790 2180.7
1300800 2171.4
1300810 2163.1
1300820 2163.1
1300830 2156.0
1300840 2149.8
1300850 2149.8
1300860 2143.2
1300870 2136.6
1300880 2136.6
1300890 2129.7
1300900 2123.2
1300910 2123.2
1300920 2116.1
1300930 2110.1
1300940 2104.9
1300950 2104.9
1300960 2099.9
1300970 2094.0
1300980 2094.0
1300990 2088.4
1301000 2083.4
1301010 2083.4
1301020 2081.4
1301030 2080.3
1301040 2080.3
1301050 2076.4
1301060 2071.4
1301070 2071.4
1301080 2066.3
1301090 2062.5
1301100 2062.5
1301110 2057.5
1301120 2054.8
1301130 2054.8
1301140 2051.6
1301150 2048.6
1301160 2045.8
1301170 2045.8
1301180 2042.7
1301190 2039.1
1301200 2039.1
1301210 2035.2
1301220 2030.9
1301230 2030.9
1301240 2026.5
1301250 2022.7
1301260 2022.7
1301270 2020.3
1301280 2018.7
1301290 2018.7
1301300 2017.9
1301310 2017.1
1301320 2017.1
1301330 2015.1
1301340 2012.4
1301350 2012.4
1301360 2010.8
1301370 2006.7
1301380 2006.7
1301390 2004.4
1301400 2008.6
1301410 2011.4
1301420 2011.4
1301430 2013.4
1301440 2014.1
1301450 2014.1
1301460 2014.2
1301470 2014.3
1301480 2014.3
1301490 2013.8
1301500 2013.6
1301510 2013.6
1301520 2010.3
1301530 2006.9
1301540 2006.9
1301550 2002.6
1301560 1996.9
1301570 1996.9
1301580 1990.8
1301590 1987.0
1301600 1987.0
1301610 1985.6
1301620 1984.8
1301630 1984.8
1301640 1984.5
1301650 1982.6
1301660 1980.3
1301670 1980.3
1301680 1976.9
1301690 1973.6
1301700 1973.6
1301710 1969.5
1301720 1964.4
1301730 1964.4
1301740 1959.6
1301750 1956.2
1301760 1956.2
1301770 1953.3
1301780 1950.1
1301790 1950.1
1301800 1946.0
1301810 1938.5
1301820 1938.5
1301830 1932.6
1301840 1926.3
1301850 1926.3
1301860 1920.9
1301870 1916.8
1301880 1912.9
1301890 1912.9
1301900 1908.0
1301910 1903.9
1301920 1903.9
1301930 1899.3
1301940 1895.5
1301950 1895.5
1301960 1893.9
1301970 1891.2
1301980 1891.2
1301990 1886.9
1302000 1883.5
1302010 1883.5
1302020 1880.9
1302030 1876.9
1302040 1876.9
1302050 1872.9
1302060 1871.9
1302070 1871.9
1302080 1873.9
1302090 1875.3
1302100 1875.3
1302110 1874.8
1302120 1874.6
1302130 1873.7
1302140 1873.7
1302150 1871.8
1302160 1867.2
1302170 1867.2
1302180 1862.6
1302190 1860.0
1302200 1860.0
1302210 1858.5
1302220 1855.8
1302230 1855.8
1302240 1852.4
1302250 1850.3
1302260 1850.3
1302270 1847.6
1302280 1845.7
1302290 1845.7
1302300 1844.3
1302310 1843.1
1302320 1843.1
1302330 1842.8
1302340 1842.5
1302350 1842.5
1302360 1842.1
1302370 1839.4
1302380 1832.5
1302390 1832.5
1302400 1826.5
1302410 1820.9
1302420 1820.9
1302430 1817.3
1302440 1819.4
1302450 1819.4
1302460 1820.5
1302470 1820.8
1302480 1820.8
1302490 1819.7
1302500 1816.8
1302510 1811.4
1302520 1808.7
1302530 1806.8
1302540 1806.8
1302550 1806.5
1302560 1808.2
1302570 1808.2
1302580 1807.8
1302590 1806.8
1302600 1806.5
1302610 1806.5
1302620 1808.2
1302630 1809.7
1302640 1809.7
1302650 1809.0
1302660 1808.0
1302670 1808.0
1302680 1805.9
1302690 1801.8
1302700 1801.8
1302710 1800.4
1302720 1800.3
1302730 1800.3
1302740 1799.1
1302750 1798.0
1302760 1798.0
1302770 1798.3
1302780 1801.7
1302790 1801.7
1302800 1804.2
1302810 1802.9
1302820 1802.9
1302830 1800.8
1302840 1799.5
1302850 1799.2
1302860 1799.2
1302870 1802.5
1302880 1804.6
1302890 1804.6
1302900 1807.6
1302910 1809.6
1302920 1809.6
1302930 1809.6
1302940 1807.2
1302950 1807.2
1302960 1803.9
1302970 1801.9
1302980 1801.9
1302990 1801.5
1303000 1800.7
1303010 1800.7
1303020 1798.2
1303030 1796.5
1303040 1796.5
1303050 1796.1
1303060 1796.3
1303070 1796.3
1303080 1797.1
1303090 1797.3
1303100 1798.9
1303110 1798.9
1303120 1802.0
1303130 1801.5
1303140 1801.5
1303150 1799.2
1303160 1797.4
1303170 1797.4
1303180 1796.0
1303190 1795.1
1303200 1795.1
1303210 1788.6
1303220 1784.9
1303230 1784.9
1303240 1781.1
1303250 1778.8
1303260 1778.8
1303270 1779.0
1303280 1778.2
1303290 1778.2
1303300 1777.4
1303310 1776.4
1303320 1775.8
1303330 1775.8
1303340 1775.8
1303350 1775.3
1303360 1775.3
1303370 1774.7
1303380 1773.1
1303390 1773.1
1303400 1771.7
1303410 1776.8
1303420 1776.8
1303430 1778.8
1303440 1780.4
1303450 1780.4
1303460 1780.7
1303470 1779.8
1303480 1779.8
1303490 1778.0
1303500 1775.9
1303510 1775.9
1303520 1773.4
1303530 1771.1
1303540 1771.1
1303550 1768.4
1303560 1767.3
1303570 1765.9
1303580 1765.9
1303590 1764.2
1303600 1762.3
1303610 1762.3
1303620 1760.6
1303630 1758.7
1303640 1758.7
1303650 1755.9
1303660 1752.7
1303670 1752.7
1303680 1749.7
1303690 1744.0
1303700 1744.0
1303710 1740.5
1303720 1741.4
1303730 1741.4
1303740 1740.5
1303750 1739.8
1303760 1739.8
1303770 1741.0
1303780 1741.4
1303790 1741.4
1303800 1738.6
1303810 1736.7
1303820 1736.0
1303830 1736.0
1303840 1735.6
1303850 1736.1
1303860 1736.1
1303870 1736.5
1303880 1736.1
1303890 1736.1
1303900 1735.5
1303910 1731.0
1303920 1731.0
1303930 1730.8
1303940 1732.1
1303950 1732.1
1303960 1732.8
1303970 1729.2
1303980 1729.2
1303990 1723.5
1304000 1719.2
1304010 1719.2
1304020 1715.1
1304030 1711.4
1304040 1711.0
1304050 1711.0
1304060 1712.5
1304070 1715.2
1304080 1715.2
1304090 1717.7
1304100 1719.4
1304110 1719.4
1304120 1720.4
1304130 1720.2
1304140 1720.2
1304150 1714.0
1304160 1707.4
1304170 1707.4
1304180 1701.3
1304190 1697.7
1304200 1697.7
1304210 1701.7
1304220 1703.3
1304230 1703.3
1304240 1703.3
1304250 1702.9
1304260 1702.9
1304270 1703.5
1304280 1705.8
1304290 1707.6
1304300 1707.6
1304310 1709.6
1304320 1711.3
1304330 1711.3
1304340 1714.0
1304350 1718.7
1304360 1718.7
1304370 1724.9
1304380 1729.6
1304390 1729.6
1304400 1733.2
1304410 1736.3
1304420 1736.3
1304430 1738.6
1304440 1741.0
1304450 1741.0
1304460 1743.8
1304470 1745.4
1304480 1745.4
1304490 1745.1
1304500 1743.6
1304510 1743.6
1304520 1742.0
1304530 1739.5
1304540 1736.1
1304550 1736.1
1304560 1732.6
1304570 1728.6
1304580 1728.6
1304590 1723.8
1304600 1718.5
1304610 1715.1
1304620 1709.3
1304630 1703.5
1304640 1703.5
1304650 1698.1
1304660 1692.7
1304670 1692.7
1304680 1687.3
1304690 1682.7
1304700 1682.7
1304710 1678.6
1304720 1674.1
1304730 1674.1
1304740 1669.5
1304750 1665.0
1304760 1660.9
1304770 1660.9
1304780 1657.1
1304790 1652.9
1304800 1652.9
1304810 1648.9
1304820 1645.6
1304830 1645.6
1304840 1642.6
1304850 1640.0
1304860 1640.0
1304870 1638.0
1304880 1636.5
1304890 1636.5
1304900 1635.6
1304910 1634.9
1304920 1634.9
1304930 1634.8
1304940 1635.0
1304950 1635.0
1304960 1634.5
1304970 1631.2
1304980 1631.2
1304990 1628.9
1305000 1629.3
1305010 1628.3
1305020 1628.3
1305030 1623.9
1305040 1618.2
1305050 1618.2
1305060 1611.4
1305070 1605.3
1305080 1605.3
1305090 1601.1
1305100 1597.1
1305110 1597.1
1305120 1592.8
1305130 1587.8
1305140 1587.8
1305150 1579.5
1305160 1567.4
1305170 1567.4
1305180 1558.5
1305190 1566.3
1305200 1566.3
1305210 1576.7
1305220 1581.5
1305230 1581.5
1305240 1584.7
1305250 1587.9
1305260 1593.1
1305270 1593.1
1305280 1597.3
1305290 1603.3
1305300 1603.3
1305310 1609.2
1305320 1611.4
1305330 1611.4
1305340 1615.6
1305350 1620.5
1305360 1620.5
1305370 1626.0
1305380 1631.6
1305390 1631.6
1305400 1635.6
1305410 1641.5
1305420 1641.5
1305430 1648.7
1305440 1654.8
1305450 1654.8
1305460 1661.1
1305470 1667.6
1305480 1674.1
1305490 1674.1
1305500 1680.6
1305510 1687.5
1305520 1687.5
1305530 1694.3
1305540 1701.1
1305550 1701.1
1305560 1707.9
1305570 1714.3
1305580 1714.3
1305590 1720.4
1305600 1726.3
1305610 1726.3
1305620 1732.1
1305630 1737.6
1305640 1737.6
1305650 1742.7
1305660 1747.9
1305670 1747.9
1305680 1752.7
1305690 1757.8
1305700 1757.8
1305710 1762.9
1305720 1768.0
1305730 1773.3
1305740 1773.3
1305750 1778.9
1305760 1784.8
1305770 1784.8
1305780 1790.0
1305790 1794.4
1305800 1794.4
1305810 1798.8
1305820 1803.2
1305830 1803.2
1305840 1807.5
1305850 1811.7
1305860 1811.7
1305870 1816.0
1305880 1819.9
1305890 1819.9
1305900 1823.3
1305910 1826.4
1305920 1826.4
1305930 1829.3
1305940 1831.9
1305950 1831.9
1305960 1834.3
1305970 1835.9
1305980 1837.5
1305990 1837.5
1306000 1839.1
1306010 1840.7
1306020 1840.7
1306030 1841.4
1306040 1842.5
1306050 1842.5
1306060 1843.0
1306070 1843.6
1306080 1843.6
1306090 1844.4
1306100 1845.3
1306110 1845.3
1306120 1846.1
1306130 1846.5
1306140 1846.5
1306150 1847.0
1306160 1847.5
1306170 1847.5
1306180 1847.6
1306190 1847.8
1306200 1848.1
1306210 1848.1
1306220 1848.3
1306230 1848.2
1306240 1848.2
1306250 1847.9
1306260 1848.0
1306270 1848.0
1306280 1847.8
1306290 1847.4
1306300 1847.4
1306310 1846.9
1306320 1846.5
1306330 1846.5
1306340 1846.4
1306350 1846.3
1306360 1846.3
1306370 1845.6
1306380 1844.8
1306390 1844.8
1306400 1843.8
1306410 1842.9
1306420 1842.9
1306430 1841.9
1306440 1840.2
1306450 1838.4
1306460 1838.4
1306470 1837.5
1306480 1837.2
1306490 1837.2
1306500 1836.9
1306510 1836.4
1306520 1836.4
1306530 1836.3
1306540 1836.3
1306550 1836.3
1306560 1836.0
1306570 1834.6
1306580 1834.6
1306590 1832.9
1306600 1832.7
1306610 1832.7
1306620 1831.0
1306630 1829.9
1306640 1829.9
1306650 1828.1
1306660 1826.3
1306670 1825.9
1306680 1825.9
1306690 1825.9
1306700 1827.6
1306710 1827.6
1306720 1829.1
1306730 1829.5
1306740 1825.9
1306750 1823.9
1306760 1822.4
1306770 1822.4
1306780 1821.8
1306790 1822.2
1306800 1822.2
1306810 1824.6
1306820 1827.0
1306830 1827.0
1306840 1827.8
1306850 1828.2
1306860 1828.2
1306870 1828.4
1306880 1828.7
1306890 1828.7
1306900 1829.2
1306910 1829.5
1306920 1829.5
1306930 1829.5
1306940 1830.0
1306950 1831.1
1306960 1831.1
1306970 1832.1
1306980 1832.7
1306990 1832.7
1307000 1833.4
1307010 1833.8
1307020 1833.8
1307030 1834.1
1307040 1835.7
1307050 1835.7
1307060 1837.4
1307070 1838.4
1307080 1838.4
1307090 1840.3
1307100 1841.9
1307110 1841.9
1307120 1843.5
1307130 1844.5
1307140 1844.5
1307150 1846.2
1307160 1848.2
1307170 1850.8
1307180 1850.8
1307190 1853.7
1307200 1856.5
1307210 1856.5
1307220 1858.9
1307230 1862.0
1307240 1862.0
1307250 1864.9
1307260 1867.2
1307270 1867.2
1307280 1869.9
1307290 1872.7
1307300 1872.7
1307310 1875.0
1307320 1876.8
1307330 1876.8
1307340 1878.8
1307350 1881.4
1307360 1881.4
1307370 1884.2
1307380 1887.0
1307390 1889.4
1307400 1889.4
1307410 1891.4
1307420 1892.5
1307430 1892.5
1307440 1893.9
1307450 1895.1
1307460 1890.4
1307470 1891.0
1307480 1892.5
1307490 1892.5
1307500 1893.8
1307510 1893.8
1307520 1893.8
1307530 1893.5
1307540 1888.9
1307550 1888.9
1307560 1881.9
1307570 1880.6
1307580 1880.6
1307590 1884.3
1307600 1884.7
1307610 1884.7
1307620 1881.9
1307630 1879.0
1307640 1878.0
1307650 1878.0
1307660 1875.1
1307670 1875.5
1307680 1875.5
1307690 1875.3
1307700 1873.7
1307710 1873.7
1307720 1873.1
1307730 1873.2
1307740 1873.2
1307750 1873.7
1307760 1875.8
1307770 1875.8
1307780 1876.8
1307790 1877.3
1307800 1877.3
1307810 1879.5
1307820 1881.4
1307830 1881.4
1307840 1884.3
1307850 1888.4
1307860 1888.4
1307870 1889.6
1307880 1884.0
1307890 1878.5
1307900 1878.5
1307910 1874.4
1307920 1872.0
1307930 1872.0
1307940 1870.9
1307950 1869.5
1307960 1869.5
1307970 1865.0
1307980 1861.1
1307990 1861.1
1308000 1859.2
1308010 1862.4
1308020 1862.4
1308030 1864.5
1308040 1866.6
1308050 1866.6
1308060 1869.3
1308070 1871.6
1308080 1871.6
1308090 1874.6
1308100 1872.1
1308110 1864.9
1308120 1864.9
1308130 1857.8
1308140 1850.5
1308150 1850.5
1308160 1843.5
1308170 1844.8
1308180 1841.4
1308190 1847.2
1308200 1844.7
1308210 1844.7
1308220 1840.4
1308230 1835.8
1308240 1835.8
1308250 1830.3
1308260 1830.0
1308270 1830.0
1308280 1823.4
1308290 1826.7
1308300 1826.7
1308310 1833.2
1308320 1833.7
1308330 1833.7
1308340 1834.3
1308350 1834.2
1308360 1833.7
1308370 1833.7
1308380 1832.8
1308390 1831.1
1308400 1831.1
1308410 1829.8
1308420 1829.3
1308430 1829.3
1308440 1829.0
1308450 1829.0
1308460 1829.0
1308470 1830.3
1308480 1831.9
1308490 1831.9
1308500 1833.8
1308510 1835.1
1308520 1835.1
1308530 1835.0
1308540 1834.7
1308550 1834.7
1308560 1834.9
1308570 1834.8
1308580 1834.8
1308590 1834.6
1308600 1834.9
1308610 1835.3
1308620 1835.3
1308630 1840.2
1308640 1843.5
1308650 1843.5
1308660 1843.0
1308670 1840.4
1308680 1840.4
1308690 1839.3
1308700 1842.6
1308710 1842.6
1308720 1847.1
1308730 1853.5
1308740 1853.5
1308750 1858.0
1308760 1859.2
1308770 1859.2
1308780 1863.2
1308790 1865.4
1308800 1865.4
1308810 1866.2
1308820 1868.1
1308830 1868.5
1308840 1868.5
1308850 1867.7
1308860 1868.2
1308870 1868.2
1308880 1868.2
1308890 1867.4
1308900 1863.5
1308910 1862.6
1308920 1862.6
1308930 1862.6
1308940 1863.2
1308950 1862.0
1308960 1862.0
1308970 1860.4
1308980 1861.6
1308990 1861.6
1309000 1863.3
1309010 1865.4
1309020 1865.4
1309030 1867.3
1309040 1867.9
1309050 1867.9
1309060 1868.1
1309070 1867.6
1309080 1866.9
1309090 1866.9
1309100 1866.2
1309110 1863.8
1309120 1863.8
1309130 1861.7
1309140 1862.8
1309150 1862.8
1309160 1862.8
1309170 1863.2
1309180 1863.2
1309190 1863.9
1309200 1864.0
1309210 1864.0
1309220 1864.7
1309230 1867.3
1309240 1867.3
1309250 1868.8
1309260 1869.1
1309270 1869.1
1309280 1870.6
1309290 1872.2
1309300 1872.2
1309310 1874.9
1309320 1877.0
1309330 1881.4
1309340 1881.4
1309350 1884.0
1309360 1885.1
1309370 1885.1
1309380 1886.8
1309390 1889.9
1309400 1889.9
1309410 1893.4
1309420 1896.7
1309430 1896.7
1309440 1900.1
1309450 1903.3
1309460 1903.3
1309470 1908.3
1309480 1912.2
1309490 1912.2
1309500 1915.0
1309510 1917.7
1309520 1917.7
1309530 1920.1
1309540 1921.8
1309550 1923.0
1309560 1923.0
1309570 1925.3
1309580 1927.0
1309590 1927.0
1309600 1928.7
1309610 1930.7
1309620 1926.8
1309630 1928.6
1309640 1929.6
1309650 1929.6
1309660 1930.8
1309670 1931.1
1309680 1931.1
1309690 1931.0
1309700 1930.8
1309710 1930.8
1309720 1930.6
1309730 1931.5
1309740 1931.5
1309750 1932.5
1309760 1933.5
1309770 1933.5
1309780 1935.6
1309790 1937.7
1309800 1940.9
1309810 1940.9
1309820 1941.8
1309830 1941.0
1309840 1941.0
1309850 1941.3
1309860 1943.4
1309870 1943.4
1309880 1940.3
1309890 1935.0
1309900 1935.0
1309910 1930.2
1309920 1930.2
1309930 1930.2
1309940 1937.9
1309950 1944.6
1309960 1944.6
1309970 1950.3
1309980 1955.7
1309990 1955.7
1310000 1960.8
1310010 1966.7
1310020 1966.7
1310030 1970.4
1310040 1973.8
1310050 1977.2
1310060 1977.2
1310070 1980.1
1310080 1982.8
1310090 1982.8
1310100 1985.1
1310110 1987.0
1310120 1987.0
1310130 1989.7
1310140 1992.5
1310150 1992.5
1310160 1994.6
1310170 1996.9
1310180 1996.9
1310190 1999.2
1310200 2000.8
1310210 2000.8
1310220 2002.0
1310230 2004.3
1310240 2004.3
1310250 2005.8
1310260 2006.8
1310270 2007.6
1310280 2007.6
1310290 2008.3
1310300 2010.8
1310310 2010.8
1310320 2012.5
1310330 2014.0
1310340 2014.0
1310350 2009.4
1310360 2010.0
1310370 2010.0
1310380 2011.0
1310390 2012.2
1310400 2012.2
1310410 2014.5
1310420 2018.7
1310430 2018.7
1310440 2019.2
1310450 2020.9
1310460 2020.9
1310470 2023.1
1310480 2028.5
1310490 2028.5
1310500 2034.3
1310510 2039.1
1310520 2043.6
1310530 2043.6
1310540 2047.7
1310550 2052.0
1310560 2052.0
1310570 2056.7
1310580 2061.5
1310590 2061.5
1310600 2065.6
1310610 2069.6
1310620 2069.6
1310630 2074.0
1310640 2078.4
1310650 2078.4
1310660 2082.6
1310670 2087.7
1310680 2087.7
1310690 2093.1
1310700 2097.9
1310710 2097.9
1310720 2101.8
1310730 2105.2
1310740 2108.1
1310750 2108.1
1310760 2110.9
1310770 2113.4
1310780 2113.4
1310790 2116.4
1310800 2119.4
1310810 2119.4
1310820 2122.2
1310830 2125.4
1310840 2125.4
1310850 2128.9
1310860 2132.5
1310870 2132.5
1310880 2136.3
1310890 2140.3
1310900 2140.3
1310910 2143.7
1310920 2146.6
1310930 2146.6
1310940 2150.2
1310950 2154.5
1310960 2154.5
1310970 2158.6
1310980 2162.4
1310990 2165.9
1311000 2165.9
1311010 2166.3
1311020 2162.5
1311030 2162.5
1311040 2159.6
1311050 2157.2
1311060 2157.2
1311070 2154.7
1311080 2148.3
1311090 2148.3
1311100 2145.3
1311110 2142.1
1311120 2142.1
1311130 2139.2
1311140 2133.9
1311150 2133.9
1311160 2126.7
1311170 2119.3
1311180 2119.3
1311190 2113.8
1311200 2110.7
1311210 2110.7
1311220 2107.2
1311230 2102.2
1311240 2098.3
1311250 2098.3
1311260 2093.1
1311270 2088.7
1311280 2088.7
1311290 2085.5
1311300 2084.9
1311310 2084.9
1311320 2083.2
1311330 2079.8
1311340 2079.8
1311350 2078.3
1311360 2077.0
1311370 2077.0
1311380 2070.4
1311390 2062.4
1311400 2062.4
1311410 2056.8
1311420 2053.3
1311430 2053.3
1311440 2051.7
1311450 2051.6
1311460 2051.8
1311470 2051.8
1311480 2052.5
1311490 2053.5
1311500 2053.5
1311510 2054.2
1311520 2055.9
1311530 2055.9
1311540 2057.7
1311550 2059.1
1311560 2059.1
1311570 2060.4
1311580 2060.8
1311590 2060.8
1311600 2059.8
1311610 2057.9
1311620 2057.9
1311630 2055.4
1311640 2052.6
1311650 2052.6
1311660 2050.0
1311670 2047.9
1311680 2047.9
1311690 2045.1
1311700 2041.3
1311710 2036.9
1311720 2036.9
1311730 2033.8
1311740 2031.4
1311750 2031.4
1311760 2029.3
1311770 2026.7
1311780 2026.7
1311790 2023.1
1311800 2017.9
1311810 2017.9
1311820 2011.9
1311830 2004.3
1311840 2004.3
1311850 1996.2
1311860 1988.1
1311870 1988.1
1311880 1980.2
1311890 1973.0
1311900 1973.0
1311910 1967.1
1311920 1960.8
1311930 1960.8
1311940 1953.3
1311950 1945.6
1311960 1936.7
1311970 1936.7
1311980 1928.7
1311990 1924.1
1312000 1924.1
1312010 1921.7
1312020 1918.6
1312030 1918.6
1312040 1916.3
1312050 1914.0
1312060 1914.0
1312070 1908.9
1312080 1902.9
1312090 1902.9
1312100 1896.9
1312110 1891.0
1312120 1891.0
1312130 1884.1
1312140 1877.6
1312150 1877.6
1312160 1872.2
1312170 1869.1
1312180 1865.4
1312190 1865.4
1312200 1860.5
1312210 1854.9
1312220 1854.9
1312230 1849.8
1312240 1845.6
1312250 1845.6
1312260 1841.4
1312270 1837.1
1312280 1837.1
1312290 1832.6
1312300 1827.2
1312310 1827.2
1312320 1823.8
1312330 1822.0
1312340 1822.0
1312350 1818.5
1312360 1814.9
1312370 1814.9
1312380 1812.1
1312390 1809.5
1312400 1809.5
1312410 1806.9
1312420 1803.8
1312430 1799.2
1312440 1799.2
1312450 1794.4
1312460 1793.4
1312470 1793.4
1312480 1791.6
1312490 1789.1
1312500 1789.1
1312510 1786.2
1312520 1783.2
1312530 1783.2
1312540 1779.8
1312550 1781.3
1312560 1781.3
1312570 1778.7
1312580 1775.8
1312590 1775.8
1312600 1772.3
1312610 1769.6
1312620 1769.6
1312630 1767.5
1312640 1765.0
1312650 1765.0
1312660 1764.5
1312670 1762.9
1312680 1760.1
1312690 1760.1
1312700 1757.3
1312710 1755.2
1312720 1755.2
1312730 1753.2
1312740 1750.9
1312750 1750.9
1312760 1748.5
1312770 1746.7
1312780 1746.7
1312790 1744.4
1312800 1742.0
1312810 1742.0
1312820 1740.1
1312830 1739.5
1312840 1739.5
1312850 1739.0
1312860 1738.1
1312870 1738.1
1312880 1736.8
1312890 1735.2
1312900 1733.7
1312910 1733.7
1312920 1732.6
1312930 1731.1
1312940 1731.1
1312950 1728.5
1312960 1727.2
1312970 1727.2
1312980 1726.5
1312990 1726.1
1313000 1726.1
1313010 1725.8
1313020 1725.2
1313030 1725.2
1313040 1724.4
1313050 1723.5
1313060 1723.5
1313070 1722.7
1313080 1721.7
1313090 1721.7
1313100 1720.6
1313110 1719.4
1313120 1719.4
1313130 1718.4
1313140 1718.1
1313150 1717.8
1313160 1717.8
1313170 1717.2
1313180 1716.5
1313190 1716.5
1313200 1715.8
1313210 1715.3
1313220 1715.3
1313230 1714.9
1313240 1714.6
1313250 1714.6
1313260 1714.0
1313270 1712.9
1313280 1712.9
1313290 1715.6
1313300 1715.9
1313310 1715.9
1313320 1715.7
1313330 1715.5
1313340 1715.5
1313350 1715.0
1313360 1714.0
1313370 1714.0
1313380 1714.0
1313390 1714.3
1313400 1714.3
1313410 1714.3
1313420 1714.0
1313430 1713.7
1313440 1713.7
1313450 1713.8
1313460 1713.6
1313470 1713.6
1313480 1713.1
1313490 1711.7
1313500 1711.7
1313510 1710.7
1313520 1710.1
1313530 1710.1
1313540 1709.5
1313550 1710.8
1313560 1710.8
1313570 1711.2
1313580 1710.5
1313590 1710.5
1313600 1710.3
1313610 1711.3
1313620 1711.5
1313630 1711.5
1313640 1711.7
1313650 1711.8
1313660 1711.8
1313670 1711.3
1313680 1712.2
1313690 1712.2
1313700 1713.0
1313710 1713.3
1313720 1713.3
1313730 1713.4
1313740 1713.9
1313750 1713.9
1313760 1714.9
1313770 1715.5
1313780 1715.5
1313790 1715.8
1313800 1716.0
1313810 1716.0
1313820 1716.8
1313830 1717.6
1313840 1717.6
1313850 1719.2
1313860 1719.9
1313870 1720.5
1313880 1720.5
1313890 1720.7
1313900 1721.7
1313910 1721.7
1313920 1722.6
1313930 1722.8
1313940 1722.8
1313950 1723.6
1313960 1724.9
1313970 1724.9
1313980 1726.4
1313990 1728.2
1314000 1728.2
1314010 1729.3
1314020 1731.2
1314030 1731.2
1314040 1737.0
1314050 1738.4
1314060 1738.4
1314070 1740.1
1314080 1742.5
1314090 1744.6
1314100 1744.6
1314110 1746.4
1314120 1748.2
1314130 1748.2
1314140 1750.4
1314150 1752.4
1314160 1752.4
1314170 1754.8
1314180 1755.7
1314190 1755.7
1314200 1756.5
1314210 1757.3
1314220 1757.3
1314230 1757.8
1314240 1759.4
1314250 1759.4
1314260 1761.6
1314270 1764.6
1314280 1764.6
1314290 1767.6
1314300 1770.3
1314310 1770.3
1314320 1772.9
1314330 1775.3
1314340 1778.1
1314350 1778.1
1314360 1780.4
1314370 1782.0
1314380 1782.0
1314390 1782.0
1314400 1783.1
1314410 1783.1
1314420 1785.7
1314430 1788.8
1314440 1788.8
1314450 1791.9
1314460 1795.2
1314470 1795.2
1314480 1798.2
1314490 1801.3
1314500 1801.3
1314510 1804.2
1314520 1806.6
1314530 1806.6
1314540 1809.1
1314550 1811.6
1314560 1811.6
1314570 1813.9
1314580 1816.3
1314590 1818.7
1314600 1818.7
1314610 1821.2
1314620 1823.4
1314630 1823.4
1314640 1825.3
1314650 1827.2
1314660 1827.2
1314670 1829.0
1314680 1831.1
1314690 1831.1
1314700 1832.9
1314710 1834.4
1314720 1834.4
1314730 1835.9
1314740 1837.2
1314750 1837.2
1314760 1838.7
1314770 1840.3
1314780 1844.4
1314790 1845.9
1314800 1847.3
1314810 1848.9
1314820 1848.9
1314830 1850.6
1314840 1852.3
1314850 1852.3
1314860 1854.2
1314870 1856.1
1314880 1856.1
1314890 1858.1
1314900 1860.1
1314910 1860.1
1314920 1861.9
1314930 1863.7
1314940 1863.7
1314950 1865.5
1314960 1867.3
1314970 1867.3
1314980 1869.0
1314990 1870.8
1315000 1870.8
1315010 1872.9
1315020 1875.2
1315030 1875.2
1315040 1877.6
1315050 1879.9
1315060 1882.3
1315070 1882.3
1315080 1885.4
1315090 1888.4
1315100 1888.4
1315110 1890.6
1315120 1892.3
1315130 1892.3
1315140 1893.8
1315150 1896.2
1315160 1896.2
1315170 1898.5
1315180 1900.7
1315190 1900.7
1315200 1903.3
1315210 1905.7
1315220 1905.7
1315230 1908.1
1315240 1910.7
1315250 1910.7
1315260 1913.6
1315270 1916.7
1315280 1916.7
1315290 1919.1
1315300 1920.4
1315310 1921.1
1315320 1921.1
1315330 1922.2
1315340 1923.1
1315350 1923.1
1315360 1923.5
1315370 1923.4
1315380 1923.4
1315390 1923.4
1315400 1923.9
1315410 1923.9
1315420 1923.5
1315430 1923.3
1315440 1923.3
1315450 1923.9
1315460 1924.9
1315470 1924.9
1315480 1926.3
1315490 1927.6
1315500 1927.6
1315510 1927.5
1315520 1926.1
1315530 1927.9
1315540 1927.9
1315550 1925.3
1315560 1923.3
1315570 1923.3
1315580 1921.9
1315590 1919.3
1315600 1919.3
1315610 1916.2
1315620 1913.2
1315630 1913.2
1315640 1908.2
1315650 1901.6
1315660 1901.6
1315670 1895.9
1315680 1891.2
1315690 1891.2
1315700 1886.9
1315710 1883.2
1315720 1883.2
1315730 1879.6
1315740 1877.7
1315750 1877.7
1315760 1877.5
1315770 1879.8
1315780 1881.5
1315790 1881.5
1315800 1879.7
1315810 1877.7
1315820 1877.7
1315830 1876.3
1315840 1875.4
1315850 1875.4
1315860 1875.4
1315870 1876.9
1315880 1876.9
1315890 1877.3
1315900 1874.7
1315910 1874.7
1315920 1871.9
1315930 1867.8
1315940 1867.8
1315950 1861.7
1315960 1855.7
1315970 1855.7
1315980 1850.2
1315990 1846.4
1316000 1842.7
1316010 1842.7
1316020 1839.4
1316030 1836.2
1316040 1836.2
1316050 1832.7
1316060 1830.7
1316070 1830.7
1316080 1830.3
1316090 1828.8
1316100 1828.8
1316110 1828.0
1316120 1827.3
1316130 1827.3
1316140 1825.8
1316150 1822.7
1316160 1822.7
1316170 1819.8
1316180 1820.6
1316190 1820.6
1316200 1822.5
1316210 1824.7
1316220 1824.7
1316230 1827.0
1316240 1829.6
1316250 1831.9
1316260 1831.9
1316270 1832.5
1316280 1832.4
1316290 1834.8
1316300 1833.0
1316310 1830.2
1316320 1830.2
1316330 1827.6
1316340 1824.8
1316350 1824.8
1316360 1821.0
1316370 1815.4
1316380 1815.4
1316390 1810.1
1316400 1806.5
1316410 1806.5
1316420 1804.1
1316430 1801.5
1316440 1801.5
1316450 1797.8
1316460 1794.0
1316470 1794.0
1316480 1791.2
1316490 1787.9
1316500 1779.8
1316510 1779.8
1316520 1769.6
1316530 1759.5
1316540 1759.5
1316550 1750.4
1316560 1742.6
1316570 1742.6
1316580 1735.7
1316590 1729.2
1316600 1729.2
1316610 1722.9
1316620 1717.6
1316630 1717.6
1316640 1713.2
1316650 1710.7
1316660 1710.7
1316670 1708.9
1316680 1707.7
1316690 1707.7
1316700 1707.3
1316710 1707.7
1316720 1707.4
1316730 1707.4
1316740 1706.8
1316750 1707.3
1316760 1707.3
1316770 1709.5
1316780 1712.3
1316790 1712.3
1316800 1714.0
1316810 1715.1
1316820 1715.1
1316830 1715.0
1316840 1713.7
1316850 1713.7
1316860 1712.9
1316870 1712.3
1316880 1712.3
1316890 1706.4
1316900 1701.0
1316910 1701.0
1316920 1699.6
1316930 1699.0
1316940 1699.0
1316950 1698.6
1316960 1699.2
1316970 1700.0
1316980 1700.0
1316990 1700.4
1317000 1699.9
1317010 1699.9
1317020 1696.8
1317030 1691.4
1317040 1691.4
1317050 1690.4
1317060 1685.0
1317070 1685.0
1317080 1680.7
1317090 1677.2
1317100 1677.2
1317110 1674.8
1317120 1671.9
1317130 1671.9
1317140 1667.9
1317150 1663.6
1317160 1663.6
1317170 1656.8
1317180 1652.1
1317190 1652.1
1317200 1648.6
1317210 1645.9
1317220 1642.7
1317230 1642.7
1317240 1638.9
1317250 1635.8
1317260 1635.8
1317270 1633.5
1317280 1629.8
1317290 1629.8
1317300 1625.5
1317310 1624.1
1317320 1624.1
1317330 1624.4
1317340 1623.2
1317350 1623.2
1317360 1617.7
1317370 1612.5
1317380 1612.5
1317390 1609.3
1317400 1602.9
1317410 1602.9
1317420 1598.0
1317430 1594.1
1317440 1590.7
1317450 1590.7
1317460 1587.4
1317470 1584.4
1317480 1584.4
1317490 1582.6
1317500 1580.6
1317510 1580.6
1317520 1578.7
1317530 1576.0
1317540 1576.0
1317550 1572.8
1317560 1569.9
1317570 1569.9
1317580 1567.1
1317590 1564.6
1317600 1564.6
1317610 1562.9
1317620 1561.8
1317630 1561.8
1317640 1561.8
1317650 1561.6
1317660 1561.6
1317670 1562.0
1317680 1562.6
1317690 1564.4
1317700 1564.4
1317710 1567.0
1317720 1569.8
1317730 1569.8
1317740 1572.6
1317750 1575.0
1317760 1575.0
1317770 1577.2
1317780 1579.1
1317790 1579.1
1317800 1580.5
1317810 1583.0
1317820 1583.0
1317830 1583.6
1317840 1583.9
1317850 1583.9
1317860 1583.7
1317870 1583.2
1317880 1583.2
1317890 1582.5
1317900 1581.4
1317910 1581.4
1317920 1580.1
1317930 1578.5
1317940 1576.9
1317950 1576.9
1317960 1575.1
1317970 1573.1
1317980 1573.1
1317990 1571.0
1318000 1569.0
1318010 1569.0
1318020 1567.1
1318030 1565.1
1318040 1565.1
1318050 1563.1
1318060 1561.0
1318070 1561.0
1318080 1559.1
1318090 1557.4
1318100 1557.4
1318110 1556.1
1318120 1555.2
1318130 1555.2
1318140 1554.8
1318150 1554.7
1318160 1554.7
1318170 1554.7
1318180 1554.9
1318190 1555.5
1318200 1555.5
1318210 1556.7
1318220 1558.2
1318230 1558.2
1318240 1559.1
1318250 1559.7
1318260 1559.7
1318270 1560.1
1318280 1560.7
1318290 1560.7
1318300 1561.0
1318310 1545.6
1318320 1545.6
1318330 1486.8
1318340 1452.8
1318350 1452.8
1318360 1441.8
1318370 1423.1
1318380 1423.1
1318390 1407.3
1318400 1394.1
1318410 1378.1
1318420 1378.1
1318430 1360.3
1318440 1338.6
1318450 1338.6
1318460 1316.9
1318470 1306.7
1318480 1306.7
1318490 1298.9
1318500 1291.6
1318510 1291.6
1318520 1284.3
1318530 1276.5
1318540 1276.5
1318550 1268.9
1318560 1261.7
1318570 1258.4
1318580 1251.3
1318590 1244.1
1318600 1244.1
1318610 1237.4
1318620 1230.5
1318630 1223.7
1318640 1223.7
1318650 1216.8
1318660 1209.4
1318670 1209.4
1318680 1200.9
1318690 1192.9
1318700 1192.9
1318710 1185.3
1318720 1178.2
1318730 1178.2
1318740 1170.9
1318750 1163.7
1318760 1163.7
1318770 1156.4
1318780 1149.6
1318790 1149.6
1318800 1142.8
1318810 1135.9
1318820 1135.9
1318830 1129.4
1318840 1123.1
1318850 1123.1
1318860 1116.7
1318870 1110.5
1318880 1104.4
1318890 1104.4
1318900 1098.5
1318910 1092.6
1318920 1092.6
1318930 1086.9
1318940 1081.6
1318950 1081.6
1318960 1077.0
1318970 1072.0
1318980 1072.0
1318990 1066.9
1319000 1062.2
1319010 1062.2
1319020 1057.3
1319030 1052.9
1319040 1052.9
1319050 1048.4
1319060 1044.1
1319070 1044.1
1319080 1040.0
1319090 1035.9
1319100 1035.9
1319110 1031.6
1319120 1027.8
1319130 1024.6
1319140 1024.6
1319150 1021.0
1319160 1017.7
1319170 1017.7
1319180 1014.2
1319190 1010.3
1319200 1010.3
1319210 1006.0
1319220 1001.5
1319230 1001.5
1319240 996.2
1319250 992.4
1319260 992.4
1319270 988.7
1319280 984.7
1319290 984.7
1319300 981.6
1319310 978.6
1319320 978.6
1319330 976.1
1319340 979.4
1319350 981.2
1319360 981.2
1319370 982.8
1319380 983.3
1319390 983.3
1319400 983.4
1319410 984.9
1319420 984.9
1319430 986.6
1319440 988.3
1319450 988.3
1319460 988.4
1319470 987.8
1319480 987.8
1319490 988.5
1319500 989.6
1319510 989.6
1319520 990.7
1319530 993.7
1319540 993.7
1319550 997.8
1319560 1001.8
1319570 1001.8
1319580 1005.0
1319590 1008.6
1319600 1012.2
1319610 1012.2
1319620 1012.5
1319630 1013.0
1319640 1013.0
1319650 1012.7
1319660 1006.5
1319670 1006.5
1319680 996.1
1319690 988.2
1319700 988.2
1319710 983.4
1319720 981.2
1319730 981.2
1319740 979.9
1319750 978.9
1319760 978.9
1319770 977.6
1319780 973.0
1319790 973.0
1319800 943.7
1319810 918.3
1319820 918.3
1319830 896.6
1319840 877.0
1319850 863.0
1319860 863.0
1319870 862.3
1319880 858.8
1319890 858.8
1319900 853.9
1319910 843.3
1319920 843.3
1319930 841.7
1319940 839.4
1319950 839.4
1319960 825.8
1319970 803.9
1319980 803.9
1319990 788.3
