1300000 2037.0
1300010 2032.5
1300020 2032.5
1300030 2028.0
1300040 2023.1
1300050 2023.1
1300060 2017.5
1300070 2012.7
1300080 2012.7
1300090 2008.6
1300100 2005.7
1300110 2003.0
1300120 2003.0
1300130 1999.6
1300140 1995.3
1300150 1995.3
1300160 1988.5
1300170 1984.0
1300180 1984.0
1300190 1981.9
1300200 1979.9
1300210 1979.9
1300220 1975.1
1300230 1968.3
1300240 1968.3
1300250 1961.8
1300260 1955.6
1300270 1955.6
1300280 1950.6
1300290 1945.9
1300300 1945.9
1300310 1941.2
1300320 1935.6
1300330 1935.6
1300340 1929.5
1300350 1924.3
1300360 1919.3
1300370 1919.3
1300380 1913.4
1300390 1909.1
1300400 1909.1
1300410 1905.5
1300420 1903.2
1300430 1903.2
1300440 1902.0
1300450 1900.7
1300460 1900.7
1300470 1897.6
1300480 1894.2
1300490 1894.2
1300500 1893.5
1300510 1894.1
1300520 1894.1
1300530 1895.2
1300540 1892.2
1300550 1892.2
1300560 1884.3
1300570 1876.1
1300580 1872.1
1300590 1864.4
1300600 1857.0
1300610 1847.9
1300620 1847.9
1300630 1840.2
1300640 1832.9
1300650 1832.9
1300660 1825.8
1300670 1817.8
1300680 1817.8
1300690 1810.2
1300700 1803.1
1300710 1803.1
1300720 1796.4
1300730 1790.1
1300740 1790.1
1300750 1783.5
1300760 1777.0
1300770 1777.0
1300780 1770.7
1300790 1765.4
1300800 1765.4
1300810 1760.8
1300820 1757.7
1300830 1757.7
1300840 1754.3
1300850 1751.1
1300860 1748.2
1300870 1748.2
1300880 1746.0
1300890 1744.2
1300900 1744.2
1300910 1742.2
1300920 1739.5
1300930 1739.5
1300940 1737.1
1300950 1735.6
1300960 1735.6
1300970 1734.2
1300980 1731.9
1300990 1731.9
1301000 1729.6
1301010 1727.6
1301020 1727.6
1301030 1725.6
1301040 1723.0
1301050 1723.0
1301060 1720.4
1301070 1718.3
1301080 1718.3
1301090 1716.8
1301100 1715.2
1301110 1713.4
1301120 1713.4
1301130 1711.3
1301140 1708.8
1301150 1708.8
1301160 1704.3
1301170 1701.9
1301180 1701.9
1301190 1706.4
1301200 1711.7
1301210 1711.7
1301220 1717.0
1301230 1721.3
1301240 1721.3
1301250 1725.4
1301260 1730.4
1301270 1734.0
1301280 1739.8
1301290 1743.5
1301300 1743.5
1301310 1747.5
1301320 1751.2
1301330 1751.2
1301340 1756.1
1301350 1762.8
1301360 1768.0
1301370 1768.0
1301380 1767.7
1301390 1769.2
1301400 1769.2
1301410 1774.2
1301420 1780.0
1301430 1780.0
1301440 1785.4
1301450 1790.2
1301460 1790.2
1301470 1796.4
1301480 1802.6
1301490 1802.6
1301500 1805.6
1301510 1808.4
1301520 1808.4
1301530 1812.1
1301540 1816.5
1301550 1816.5
1301560 1821.4
1301570 1826.8
1301580 1826.8
1301590 1831.6
1301600 1835.3
1301610 1837.9
1301620 1837.9
1301630 1841.1
1301640 1845.7
1301650 1845.7
1301660 1849.6
1301670 1852.7
1301680 1852.7
1301690 1854.7
1301700 1856.3
1301710 1856.3
1301720 1857.9
1301730 1858.9
1301740 1858.9
1301750 1860.5
1301760 1861.6
1301770 1861.6
1301780 1862.9
1301790 1865.1
1301800 1865.1
1301810 1870.6
1301820 1876.3
1301830 1876.3
1301840 1878.7
1301850 1880.0
1301860 1880.4
1301870 1880.4
1301880 1879.6
1301890 1878.6
1301900 1878.6
1301910 1878.4
1301920 1878.3
1301930 1878.3
1301940 1878.3
1301950 1878.3
1301960 1878.3
1301970 1885.0
1301980 1887.0
1301990 1887.0
1302000 1889.7
1302010 1892.2
1302020 1892.2
1302030 1894.0
1302040 1897.5
1302050 1897.5
1302060 1902.3
1302070 1907.1
1302080 1907.1
1302090 1911.6
1302100 1913.3
1302110 1913.5
1302120 1913.5
1302130 1915.6
1302140 1916.7
1302150 1916.7
1302160 1916.8
1302170 1918.4
1302180 1918.4
1302190 1918.1
1302200 1919.2
1302210 1919.2
1302220 1921.7
1302230 1923.0
1302240 1923.0
1302250 1923.4
1302260 1923.6
1302270 1923.6
1302280 1925.3
1302290 1928.6
1302300 1928.6
1302310 1932.7
1302320 1938.1
1302330 1938.1
1302340 1943.6
1302350 1947.4
1302360 1949.5
1302370 1949.5
1302380 1952.1
1302390 1954.8
1302400 1954.8
1302410 1958.7
1302420 1961.5
1302430 1961.5
1302440 1963.0
1302450 1964.1
1302460 1964.1
1302470 1964.0
1302480 1962.7
1302490 1962.7
1302500 1959.7
1302510 1956.4
1302520 1956.4
1302530 1955.5
1302540 1955.0
1302550 1955.0
1302560 1951.8
1302570 1949.0
1302580 1949.0
1302590 1949.1
1302600 1951.0
1302610 1954.2
1302620 1954.2
1302630 1958.5
1302640 1963.9
1302650 1963.9
1302660 1969.6
1302670 1981.5
1302680 1981.5
1302690 1985.8
1302700 1991.0
1302710 1991.0
1302720 1995.0
1302730 1999.3
1302740 1999.3
1302750 2002.0
1302760 2003.5
1302770 2003.5
1302780 2004.3
1302790 2003.3
1302800 2003.3
1302810 2003.4
1302820 2003.7
1302830 2003.7
1302840 2005.0
1302850 2006.8
1302860 2007.9
1302870 2007.9
1302880 2009.2
1302890 2010.0
1302900 2010.0
1302910 2008.8
1302920 2008.5
1302930 2008.5
1302940 2009.7
1302950 2010.8
1302960 2010.8
1302970 2011.4
1302980 2011.2
1302990 2011.2
1303000 2013.0
1303010 2013.3
1303020 2013.3
1303030 2012.4
1303040 2011.1
1303050 2011.1
1303060 2010.0
1303070 2008.5
1303080 2008.5
1303090 2007.3
1303100 2007.7
1303110 2009.3
1303120 2009.3
1303130 2011.8
1303140 2012.4
1303150 2012.4
1303160 2012.9
1303170 2013.1
1303180 2013.1
1303190 2010.8
1303200 2006.4
1303210 2006.4
1303220 2000.9
1303230 1998.5
1303240 1998.5
1303250 1997.2
1303260 1996.6
1303270 1996.6
1303280 1997.6
1303290 1998.3
1303300 1998.3
1303310 1997.6
1303320 1991.6
1303330 1991.6
1303340 1984.8
1303350 1979.2
1303360 1974.4
1303370 1980.7
1303380 1975.2
1303390 1970.9
1303400 1970.9
1303410 1968.3
1303420 1966.1
1303430 1966.1
1303440 1965.5
1303450 1964.3
1303460 1964.3
1303470 1962.3
1303480 1958.6
1303490 1958.6
1303500 1952.9
1303510 1946.5
1303520 1946.5
1303530 1940.0
1303540 1933.2
1303550 1933.2
1303560 1926.0
1303570 1919.4
1303580 1919.4
1303590 1914.0
1303600 1908.7
1303610 1902.9
1303620 1902.9
1303630 1897.6
1303640 1892.5
1303650 1892.5
1303660 1888.9
1303670 1885.1
1303680 1885.1
1303690 1881.7
1303700 1881.5
1303710 1881.5
1303720 1884.1
1303730 1883.9
1303740 1883.9
1303750 1881.6
1303760 1879.1
1303770 1879.1
1303780 1877.1
1303790 1872.3
1303800 1872.3
1303810 1867.6
1303820 1868.5
1303830 1868.5
1303840 1874.9
1303850 1881.8
1303860 1888.0
1303870 1888.0
1303880 1893.8
1303890 1898.1
1303900 1898.1
1303910 1903.0
1303920 1906.4
1303930 1906.4
1303940 1910.1
1303950 1914.6
1303960 1914.6
1303970 1920.1
1303980 1925.1
1303990 1925.1
1304000 1930.1
1304010 1934.3
1304020 1934.3
1304030 1937.9
1304040 1941.5
1304050 1941.5
1304060 1945.3
1304070 1952.4
1304080 1957.3
1304090 1957.3
1304100 1962.2
1304110 1967.0
1304120 1967.0
1304130 1972.1
1304140 1977.3
1304150 1977.3
1304160 1983.3
1304170 1990.3
1304180 1990.3
1304190 1997.4
1304200 2004.8
1304210 2004.8
1304220 2012.6
1304230 2020.6
1304240 2020.6
1304250 2028.4
1304260 2036.8
1304270 2036.8
1304280 2046.0
1304290 2054.9
1304300 2054.9
1304310 2062.7
1304320 2069.7
1304330 2077.5
1304340 2077.5
1304350 2085.4
1304360 2091.0
1304370 2091.0
1304380 2096.6
1304390 2102.3
1304400 2102.3
1304410 2108.5
1304420 2114.5
1304430 2114.5
1304440 2119.1
1304450 2122.7
1304460 2122.7
1304470 2126.7
1304480 2130.8
1304490 2130.8
1304500 2134.5
1304510 2138.8
1304520 2138.8
1304530 2143.4
1304540 2147.8
1304550 2147.8
1304560 2152.1
1304570 2155.8
1304580 2160.5
1304590 2160.5
1304600 2166.2
1304610 2171.7
1304620 2171.7
1304630 2177.6
1304640 2184.0
1304650 2184.0
1304660 2190.3
1304670 2196.5
1304680 2196.5
1304690 2202.6
1304700 2208.1
1304710 2208.1
1304720 2213.8
1304730 2219.5
1304740 2219.5
1304750 2224.4
1304760 2229.6
1304770 2229.6
1304780 2232.2
1304790 2237.5
1304800 2237.5
1304810 2242.8
1304820 2248.8
1304830 2255.1
1304840 2255.1
1304850 2261.3
1304860 2267.6
1304870 2267.6
1304880 2272.8
1304890 2276.9
1304900 2276.9
1304910 2281.5
1304920 2287.1
1304930 2287.1
1304940 2292.2
1304950 2297.5
1304960 2297.5
1304970 2303.3
1304980 2309.3
1304990 2309.3
1305000 2316.0
1305010 2323.2
1305020 2323.2
1305030 2329.5
1305040 2336.1
1305050 2336.1
1305060 2342.8
1305070 2349.5
1305080 2355.6
1305090 2355.6
1305100 2360.2
1305110 2365.8
1305120 2365.8
1305130 2371.7
1305140 2375.4
1305150 2375.4
1305160 2378.8
1305170 2382.4
1305180 2382.4
1305190 2386.5
1305200 2391.3
1305210 2391.3
1305220 2396.1
1305230 2401.2
1305240 2401.2
1305250 2406.4
1305260 2412.8
1305270 2412.8
1305280 2419.8
1305290 2426.2
1305300 2426.2
1305310 2432.2
1305320 2437.3
1305330 2439.6
1305340 2439.6
1305350 2438.9
1305360 2436.0
1305370 2436.0
1305380 2432.9
1305390 2429.4
1305400 2429.4
1305410 2424.7
1305420 2419.0
1305430 2419.0
1305440 2412.5
1305450 2406.2
1305460 2406.2
1305470 2399.5
1305480 2391.5
1305490 2391.5
1305500 2383.3
1305510 2375.3
1305520 2375.3
1305530 2367.7
1305540 2360.7
1305550 2360.7
1305560 2354.1
1305570 2347.3
1305580 2340.7
1305590 2340.7
1305600 2334.6
1305610 2328.5
1305620 2328.5
1305630 2322.3
1305640 2316.4
1305650 2316.4
1305660 2310.5
1305670 2304.7
1305680 2304.7
1305690 2298.9
1305700 2294.1
1305710 2294.1
1305720 2289.4
1305730 2285.7
1305740 2285.7
1305750 2282.3
1305760 2278.8
1305770 2278.8
1305780 2276.3
1305790 2273.9
1305800 2273.9
1305810 2273.0
1305820 2271.2
1305830 2265.9
1305840 2265.9
1305850 2260.1
1305860 2254.7
1305870 2254.7
1305880 2251.0
1305890 2249.3
1305900 2249.3
1305910 2248.3
1305920 2248.0
1305930 2248.0
1305940 2248.5
1305950 2248.8
1305960 2248.8
1305970 2245.9
1305980 2239.1
1305990 2239.1
1306000 2230.7
1306010 2223.5
1306020 2223.5
1306030 2217.3
1306040 2211.3
1306050 2211.3
1306060 2205.2
1306070 2199.0
1306080 2193.3
1306090 2193.3
1306100 2188.4
1306110 2184.9
1306120 2184.9
1306130 2182.2
1306140 2179.8
1306150 2179.8
1306160 2177.5
1306170 2174.4
1306180 2174.4
1306190 2174.7
1306200 2175.9
1306210 2175.9
1306220 2174.4
1306230 2172.2
1306240 2172.2
1306250 2168.7
1306260 2164.9
1306270 2164.9
1306280 2159.0
1306290 2152.3
1306300 2152.3
1306310 2146.5
1306320 2141.0
1306330 2134.5
1306340 2134.5
1306350 2127.4
1306360 2121.5
1306370 2121.5
1306380 2115.0
1306390 2108.6
1306400 2108.6
1306410 2102.4
1306420 2096.2
1306430 2096.2
1306440 2090.0
1306450 2085.5
1306460 2085.5
1306470 2082.2
1306480 2080.0
1306490 2080.0
1306500 2079.1
1306510 2076.3
1306520 2076.3
1306530 2076.4
1306540 2081.7
1306550 2081.7
1306560 2085.6
1306570 2085.8
1306580 2084.4
1306590 2084.4
1306600 2085.7
1306610 2088.2
1306620 2088.2
1306630 2092.8
1306640 2098.4
1306650 2098.4
1306660 2105.0
1306670 2111.5
1306680 2111.5
1306690 2117.4
1306700 2123.1
1306710 2123.1
1306720 2128.0
1306730 2132.3
1306740 2132.3
1306750 2137.4
1306760 2142.4
1306770 2142.4
1306780 2146.1
1306790 2149.4
1306800 2149.4
1306810 2151.6
1306820 2153.4
1306830 2156.0
1306840 2156.0
1306850 2160.4
1306860 2164.5
1306870 2164.5
1306880 2167.8
1306890 2171.0
1306900 2171.0
1306910 2176.4
1306920 2179.3
1306930 2179.3
1306940 2183.0
1306950 2187.1
1306960 2187.1
1306970 2191.6
1306980 2196.6
1306990 2196.6
1307000 2202.5
1307010 2208.3
1307020 2208.3
1307030 2212.9
1307040 2217.2
1307050 2217.2
1307060 2221.1
1307070 2225.2
1307080 2228.8
1307090 2228.8
1307100 2231.5
1307110 2234.4
1307120 2234.4
1307130 2236.3
1307140 2238.7
1307150 2238.7
1307160 2241.6
1307170 2244.7
1307180 2244.7
1307190 2247.6
1307200 2249.4
1307210 2249.4
1307220 2250.5
1307230 2251.2
1307240 2251.2
1307250 2251.9
1307260 2252.4
1307270 2252.4
1307280 2253.2
1307290 2255.2
1307300 2255.2
1307310 2257.3
1307320 2259.9
1307330 2263.6
1307340 2263.6
1307350 2268.0
1307360 2272.9
1307370 2272.9
1307380 2278.4
1307390 2284.5
1307400 2284.5
1307410 2290.5
1307420 2296.2
1307430 2296.2
1307440 2302.4
1307450 2308.8
1307460 2308.8
1307470 2315.5
1307480 2322.9
1307490 2322.9
1307500 2331.3
1307510 2338.7
1307520 2338.7
1307530 2343.7
1307540 2348.4
1307550 2348.4
1307560 2353.6
1307570 2359.3
1307580 2365.8
1307590 2365.8
1307600 2374.6
1307610 2381.9
1307620 2381.9
1307630 2388.3
1307640 2390.7
1307650 2390.7
1307660 2393.3
1307670 2396.4
1307680 2396.4
1307690 2399.0
1307700 2399.6
1307710 2399.6
1307720 2398.2
1307730 2396.8
1307740 2396.8
1307750 2396.7
1307760 2398.4
1307770 2398.4
1307780 2401.3
1307790 2404.9
1307800 2404.9
1307810 2408.9
1307820 2411.9
1307830 2412.5
1307840 2412.5
1307850 2411.6
1307860 2410.2
1307870 2410.2
1307880 2409.7
1307890 2411.2
1307900 2411.2
1307910 2412.9
1307920 2413.5
1307930 2413.5
1307940 2415.3
1307950 2418.5
1307960 2418.5
1307970 2422.8
1307980 2427.2
1307990 2427.2
1308000 2431.8
1308010 2437.1
1308020 2437.1
1308030 2443.0
1308040 2449.3
1308050 2449.3
1308060 2456.9
1308070 2465.1
1308080 2473.3
1308090 2473.3
1308100 2481.5
1308110 2489.9
1308120 2489.9
1308130 2498.8
1308140 2509.4
1308150 2509.4
1308160 2521.4
1308170 2519.6
1308180 2519.6
1308190 2511.6
1308200 2502.5
1308210 2502.5
1308220 2492.8
1308230 2483.8
1308240 2483.8
1308250 2473.5
1308260 2463.7
1308270 2463.7
1308280 2456.0
1308290 2449.6
1308300 2449.6
1308310 2443.3
1308320 2437.3
1308330 2431.1
1308340 2431.1
1308350 2424.6
1308360 2419.6
1308370 2419.6
1308380 2414.3
1308390 2408.2
1308400 2408.2
1308410 2401.7
1308420 2396.4
1308430 2396.4
1308440 2393.1
1308450 2389.6
1308460 2389.6
1308470 2386.2
1308480 2382.4
1308490 2382.4
1308500 2378.4
1308510 2375.2
1308520 2375.2
1308530 2372.6
1308540 2369.7
1308550 2369.7
1308560 2365.9
1308570 2360.2
1308580 2353.5
1308590 2353.5
1308600 2346.0
1308610 2339.6
1308620 2339.6
1308630 2335.5
1308640 2332.8
1308650 2332.8
1308660 2330.1
1308670 2326.4
1308680 2326.4
1308690 2322.1
1308700 2318.3
1308710 2318.3
1308720 2314.2
1308730 2310.9
1308740 2310.9
1308750 2309.5
1308760 2308.0
1308770 2308.0
1308780 2306.0
1308790 2304.6
1308800 2304.6
1308810 2302.6
1308820 2300.6
1308830 2299.6
1308840 2299.6
1308850 2298.6
1308860 2297.3
1308870 2297.3
1308880 2296.7
1308890 2296.2
1308900 2296.2
1308910 2296.0
1308920 2296.4
1308930 2296.4
1308940 2298.0
1308950 2300.2
1308960 2300.2
1308970 2300.6
1308980 2298.4
1308990 2298.4
1309000 2295.9
1309010 2291.3
1309020 2291.3
1309030 2287.8
1309040 2285.3
1309050 2285.3
1309060 2282.1
1309070 2279.9
1309080 2280.9
1309090 2280.9
1309100 2283.0
1309110 2283.1
1309120 2283.1
1309130 2280.9
1309140 2272.6
1309150 2272.6
1309160 2257.6
1309170 2245.3
1309180 2245.3
1309190 2236.9
1309200 2228.6
1309210 2228.6
1309220 2220.4
1309230 2212.4
1309240 2212.4
1309250 2204.5
1309260 2196.6
1309270 2196.6
1309280 2189.2
1309290 2183.4
1309300 2178.4
1309310 2178.4
1309320 2173.7
1309330 2170.1
1309340 2170.1
1309350 2168.6
1309360 2170.1
1309370 2170.1
1309380 2171.8
1309390 2173.1
1309400 2173.1
1309410 2175.3
1309420 2177.2
1309430 2177.2
1309440 2178.7
1309450 2180.6
1309460 2180.6
1309470 2182.4
1309480 2182.0
1309490 2182.0
1309500 2180.2
1309510 2177.8
1309520 2177.8
1309530 2174.4
1309540 2169.7
1309550 2166.0
1309560 2166.0
1309570 2164.4
1309580 2163.9
1309590 2163.9
1309600 2163.8
1309610 2163.4
1309620 2163.4
1309630 2159.0
1309640 2152.7
1309650 2152.7
1309660 2146.1
1309670 2137.9
1309680 2137.9
1309690 2127.1
1309700 2116.7
1309710 2116.7
1309720 2105.0
1309730 2096.5
1309740 2096.5
1309750 2089.0
1309760 2082.2
1309770 2082.2
1309780 2076.1
1309790 2070.1
1309800 2066.3
1309810 2066.3
1309820 2061.1
1309830 2056.0
1309840 2056.0
1309850 2051.5
1309860 2047.9
1309870 2047.9
1309880 2045.0
1309890 2042.2
1309900 2042.2
1309910 2039.6
1309920 2037.6
1309930 2037.6
1309940 2035.7
1309950 2032.1
1309960 2032.1
1309970 2028.1
1309980 2025.9
1309990 2025.9
1310000 2024.1
1310010 2021.9
1310020 2021.9
1310030 2018.5
1310040 2014.8
1310050 2011.3
1310060 2011.3
1310070 2008.7
1310080 2006.6
1310090 2006.6
1310100 2004.0
1310110 2000.8
1310120 2000.8
1310130 1997.2
1310140 1993.7
1310150 1993.7
1310160 1990.6
1310170 1987.3
1310180 1987.3
1310190 1984.4
1310200 1981.5
1310210 1981.5
1310220 1978.0
1310230 1974.8
1310240 1974.8
1310250 1970.8
1310260 1965.7
1310270 1965.7
1310280 1961.5
1310290 1958.1
1310300 1955.3
1310310 1955.3
1310320 1950.6
1310330 1946.3
1310340 1946.3
1310350 1945.2
1310360 1944.4
1310370 1944.4
1310380 1944.1
1310390 1944.1
1310400 1944.1
1310410 1944.0
1310420 1942.9
1310430 1942.9
1310440 1942.0
1310450 1940.6
1310460 1940.6
1310470 1939.0
1310480 1941.8
1310490 1941.8
1310500 1947.0
1310510 1948.8
1310520 1948.8
1310530 1950.6
1310540 1950.1
1310550 1950.0
1310560 1950.0
1310570 1950.7
1310580 1951.8
1310590 1951.8
1310600 1953.9
1310610 1957.8
1310620 1957.8
1310630 1961.7
1310640 1965.3
1310650 1965.3
1310660 1967.9
1310670 1971.9
1310680 1971.9
1310690 1976.9
1310700 1981.9
1310710 1981.9
1310720 1984.8
1310730 1988.5
1310740 1988.5
1310750 1993.5
1310760 1998.2
1310770 1998.2
1310780 2003.0
1310790 2008.2
1310800 2012.8
1310810 2012.8
1310820 2016.6
1310830 2017.4
1310840 2017.4
1310850 2015.2
1310860 2014.4
1310870 2014.4
1310880 2013.9
1310890 2013.7
1310900 2013.7
1310910 2013.8
1310920 2013.0
1310930 2013.0
1310940 2013.1
1310950 2012.6
1310960 2012.6
1310970 2009.3
1310980 2012.6
1310990 2012.6
1311000 2017.1
1311010 2021.4
1311020 2021.4
1311030 2023.4
1311040 2026.1
1311050 2030.1
1311060 2030.1
1311070 2035.1
1311080 2039.6
1311090 2039.6
1311100 2044.2
1311110 2049.6
1311120 2049.6
1311130 2054.0
1311140 2058.2
1311150 2058.2
1311160 2063.4
1311170 2069.3
1311180 2069.3
1311190 2075.5
1311200 2081.1
1311210 2081.1
1311220 2084.7
1311230 2086.6
1311240 2086.6
1311250 2088.0
1311260 2092.9
1311270 2092.9
1311280 2095.6
1311290 2099.0
1311300 2103.1
1311310 2103.1
1311320 2108.1
1311330 2110.2
1311340 2110.2
1311350 2113.2
1311360 2117.9
1311370 2117.9
1311380 2122.8
1311390 2127.6
1311400 2127.6
1311410 2133.3
1311420 2137.5
1311430 2137.5
1311440 2139.3
1311450 2142.2
1311460 2142.2
1311470 2144.5
1311480 2146.1
1311490 2146.1
1311500 2148.3
1311510 2151.9
1311520 2151.9
1311530 2156.5
1311540 2160.9
1311550 2164.3
1311560 2164.3
1311570 2165.8
1311580 2167.1
1311590 2167.1
1311600 2168.9
1311610 2171.3
1311620 2171.3
1311630 2173.9
1311640 2177.1
1311650 2177.1
1311660 2177.0
1311670 2175.5
1311680 2175.5
1311690 2172.1
1311700 2168.3
1311710 2168.3
1311720 2165.9
1311730 2163.4
1311740 2163.4
1311750 2156.8
1311760 2150.8
1311770 2150.8
1311780 2144.6
1311790 2137.2
1311800 2129.2
1311810 2129.2
1311820 2121.8
1311830 2114.0
1311840 2114.0
1311850 2107.7
1311860 2104.8
1311870 2104.8
1311880 2101.7
1311890 2097.4
1311900 2097.4
1311910 2092.8
1311920 2089.3
1311930 2089.3
1311940 2089.0
1311950 2081.9
1311960 2081.9
1311970 2077.9
1311980 2084.4
1311990 2096.7
1312000 2095.1
1312010 2092.2
1312020 2092.2
1312030 2087.1
1312040 2079.6
1312050 2071.4
1312060 2071.4
1312070 2064.6
1312080 2058.6
1312090 2058.6
1312100 2053.4
1312110 2048.0
1312120 2048.0
1312130 2040.1
1312140 2032.3
1312150 2032.3
1312160 2024.5
1312170 2014.6
1312180 2014.6
1312190 2005.2
1312200 1997.0
1312210 1997.0
1312220 1989.9
1312230 1985.5
1312240 1985.5
1312250 1982.5
1312260 1975.3
1312270 1975.3
1312280 1967.4
1312290 1958.8
1312300 1952.2
1312310 1952.2
1312320 1946.6
1312330 1940.8
1312340 1940.8
1312350 1934.7
1312360 1928.5
1312370 1928.5
1312380 1920.8
1312390 1913.3
1312400 1913.3
1312410 1906.6
1312420 1899.6
1312430 1899.6
1312440 1892.2
1312450 1885.5
1312460 1885.5
1312470 1878.0
1312480 1868.9
1312490 1868.9
1312500 1859.3
1312510 1847.0
1312520 1847.0
1312530 1838.0
1312540 1831.9
1312550 1826.9
1312560 1826.9
1312570 1821.7
1312580 1818.8
1312590 1818.8
1312600 1817.9
1312610 1817.8
1312620 1817.8
1312630 1815.7
1312640 1811.6
1312650 1811.6
1312660 1806.8
1312670 1802.7
1312680 1802.7
1312690 1799.1
1312700 1789.0
1312710 1789.0
1312720 1776.8
1312730 1771.0
1312740 1771.0
1312750 1768.4
1312760 1766.6
1312770 1766.6
1312780 1765.2
1312790 1763.4
1312800 1758.0
1312810 1758.0
1312820 1754.1
1312830 1746.8
1312840 1746.8
1312850 1734.7
1312860 1719.4
1312870 1719.4
1312880 1704.3
1312890 1689.6
1312900 1689.6
1312910 1675.1
1312920 1664.8
1312930 1664.8
1312940 1653.5
1312950 1643.8
1312960 1643.8
1312970 1636.9
1312980 1629.6
1312990 1629.6
1313000 1622.6
1313010 1616.8
1313020 1616.8
1313030 1611.2
1313040 1605.8
1313050 1600.6
1313060 1600.6
1313070 1595.3
1313080 1590.0
1313090 1590.0
1313100 1585.3
1313110 1581.1
1313120 1581.1
1313130 1578.3
1313140 1576.0
1313150 1576.0
1313160 1573.0
1313170 1569.8
1313180 1569.8
1313190 1566.3
1313200 1565.6
1313210 1565.6
1313220 1568.4
1313230 1571.7
1313240 1571.7
1313250 1578.9
1313260 1584.5
1313270 1584.5
1313280 1587.7
1313290 1590.0
1313300 1592.6
1313310 1592.6
1313320 1594.9
1313330 1596.3
1313340 1596.3
1313350 1598.6
1313360 1601.3
1313370 1601.3
1313380 1603.1
1313390 1605.1
1313400 1605.1
1313410 1606.1
1313420 1606.5
1313430 1606.5
1313440 1606.1
1313450 1604.3
1313460 1604.3
1313470 1602.6
1313480 1600.6
1313490 1600.6
1313500 1599.9
1313510 1597.9
1313520 1597.9
1313530 1597.2
1313540 1594.8
1313550 1592.9
1313560 1592.9
1313570 1593.9
1313580 1596.4
1313590 1596.4
1313600 1598.6
1313610 1599.1
1313620 1599.1
1313630 1599.3
1313640 1600.3
1313650 1600.3
1313660 1602.4
1313670 1603.1
1313680 1603.1
1313690 1604.6
1313700 1607.7
1313710 1607.7
1313720 1610.5
1313730 1611.5
1313740 1611.5
1313750 1612.3
1313760 1616.8
1313770 1616.8
1313780 1620.7
1313790 1622.5
1313800 1624.6
1313810 1624.6
1313820 1626.4
1313830 1628.4
1313840 1628.4
1313850 1630.6
1313860 1633.0
1313870 1633.0
1313880 1636.0
1313890 1640.8
1313900 1640.8
1313910 1644.4
1313920 1648.2
1313930 1648.2
1313940 1652.0
1313950 1655.4
1313960 1655.4
1313970 1659.3
1313980 1663.1
1313990 1663.1
1314000 1666.4
1314010 1668.8
1314020 1670.1
1314030 1670.1
1314040 1671.2
1314050 1674.0
1314060 1674.0
1314070 1676.9
1314080 1679.8
1314090 1679.8
1314100 1682.9
1314110 1686.3
1314120 1686.3
1314130 1689.5
1314140 1692.4
1314150 1692.4
1314160 1694.4
1314170 1695.6
1314180 1695.6
1314190 1697.2
1314200 1698.4
1314210 1698.4
1314220 1694.0
1314230 1696.2
1314240 1696.2
1314250 1697.8
1314260 1697.9
1314270 1697.9
1314280 1697.9
1314290 1698.5
1314300 1699.9
1314310 1699.9
1314320 1703.0
1314330 1706.1
1314340 1706.1
1314350 1707.9
1314360 1709.0
1314370 1709.0
1314380 1709.7
1314390 1709.8
1314400 1709.8
1314410 1709.8
1314420 1710.2
1314430 1710.2
1314440 1710.9
1314450 1711.4
1314460 1711.4
1314470 1712.3
1314480 1714.5
1314490 1714.5
1314500 1716.2
1314510 1718.0
1314520 1720.6
1314530 1720.6
1314540 1722.9
1314550 1725.5
1314560 1725.5
1314570 1728.6
1314580 1732.4
1314590 1732.4
1314600 1736.2
1314610 1738.6
1314620 1738.6
1314630 1741.5
1314640 1745.8
1314650 1745.8
1314660 1750.3
1314670 1754.8
1314680 1754.8
1314690 1758.0
1314700 1761.2
1314710 1761.2
1314720 1764.3
1314730 1768.0
1314740 1768.0
1314750 1771.7
1314760 1775.5
1314770 1778.8
1314780 1778.8
1314790 1782.5
1314800 1786.0
1314810 1786.0
1314820 1788.7
1314830 1790.7
1314840 1790.7
1314850 1793.0
1314860 1795.2
1314870 1795.2
1314880 1797.2
1314890 1798.8
1314900 1798.8
1314910 1799.9
1314920 1800.4
1314930 1800.4
1314940 1800.6
1314950 1801.6
1314960 1801.6
1314970 1798.9
1314980 1800.0
1314990 1800.0
1315000 1801.5
1315010 1802.6
1315020 1802.8
1315030 1802.8
1315040 1803.3
1315050 1803.7
1315060 1803.7
1315070 1804.1
1315080 1806.3
1315090 1806.3
1315100 1812.3
1315110 1817.5
1315120 1817.5
1315130 1820.3
1315140 1822.9
1315150 1822.9
1315160 1824.3
1315170 1825.4
1315180 1825.4
1315190 1827.5
1315200 1828.3
1315210 1828.3
1315220 1829.1
1315230 1830.8
1315240 1830.8
1315250 1833.2
1315260 1835.7
1315270 1839.6
1315280 1839.6
1315290 1844.5
1315300 1849.0
1315310 1849.0
1315320 1854.4
1315330 1859.3
1315340 1859.3
1315350 1864.2
1315360 1870.0
1315370 1870.0
1315380 1875.5
1315390 1879.4
1315400 1879.4
1315410 1882.4
1315420 1883.3
1315430 1883.3
1315440 1883.3
1315450 1883.8
1315460 1883.8
1315470 1886.0
1315480 1889.0
1315490 1889.0
1315500 1889.7
1315510 1890.9
1315520 1892.3
1315530 1892.3
1315540 1892.9
1315550 1892.9
1315560 1892.9
1315570 1894.2
1315580 1895.9
1315590 1895.9
1315600 1895.7
1315610 1896.5
1315620 1896.5
1315630 1897.8
1315640 1901.0
1315650 1901.0
1315660 1903.4
1315670 1905.8
1315680 1905.8
1315690 1907.9
1315700 1912.3
1315710 1912.3
1315720 1911.5
1315730 1916.9
1315740 1916.9
1315750 1921.0
1315760 1922.5
1315770 1923.6
1315780 1923.6
1315790 1924.0
1315800 1925.3
1315810 1925.3
1315820 1926.7
1315830 1928.0
1315840 1928.0
1315850 1929.0
1315860 1932.0
1315870 1932.0
1315880 1935.2
1315890 1937.6
1315900 1937.6
1315910 1938.5
1315920 1938.3
1315930 1938.3
1315940 1938.7
1315950 1940.8
1315960 1940.8
1315970 1942.3
1315980 1941.9
1315990 1941.9
1316000 1943.1
1316010 1946.8
1316020 1950.1
1316030 1950.1
1316040 1952.0
1316050 1953.6
1316060 1953.6
1316070 1957.3
1316080 1963.4
1316090 1963.4
1316100 1968.6
1316110 1974.0
1316120 1974.0
1316130 1979.0
1316140 1983.1
1316150 1983.1
1316160 1988.3
1316170 1995.2
1316180 1995.2
1316190 2000.7
1316200 2003.0
1316210 2003.0
1316220 2003.3
1316230 2003.6
1316240 2003.6
1316250 2003.4
1316260 2002.1
1316270 2000.6
1316280 2000.6
1316290 1998.9
1316300 1997.4
1316310 1997.4
1316320 1995.3
1316330 1992.6
1316340 1992.6
1316350 1990.4
1316360 1986.9
1316370 1986.9
1316380 1983.5
1316390 1980.5
1316400 1980.5
1316410 1977.0
1316420 1974.1
1316430 1974.1
1316440 1971.3
1316450 1967.9
1316460 1967.9
1316470 1964.3
1316480 1959.5
1316490 1959.5
1316500 1956.3
1316510 1952.6
1316520 1948.9
1316530 1948.9
1316540 1945.7
1316550 1942.6
1316560 1942.6
1316570 1939.5
1316580 1936.3
1316590 1936.3
1316600 1932.8
1316610 1929.5
1316620 1929.5
1316630 1926.1
1316640 1922.0
1316650 1922.0
1316660 1917.9
1316670 1914.0
1316680 1914.0
1316690 1909.8
1316700 1904.6
1316710 1904.6
1316720 1898.1
1316730 1891.9
1316740 1891.9
1316750 1886.4
1316760 1880.9
1316770 1875.5
1316780 1875.5
1316790 1870.8
1316800 1866.7
1316810 1866.7
1316820 1862.5
1316830 1858.3
1316840 1858.3
1316850 1854.1
1316860 1850.0
1316870 1850.0
1316880 1845.8
1316890 1842.0
1316900 1842.0
1316910 1837.8
1316920 1832.9
1316930 1832.9
1316940 1827.5
1316950 1822.2
1316960 1822.2
1316970 1816.8
1316980 1811.2
1316990 1811.2
1317000 1806.1
1317010 1801.1
1317020 1795.6
1317030 1795.6
1317040 1789.9
1317050 1784.8
1317060 1784.8
1317070 1779.0
1317080 1772.5
1317090 1772.5
1317100 1766.3
1317110 1759.9
1317120 1759.9
1317130 1753.0
1317140 1745.4
1317150 1745.4
1317160 1738.0
1317170 1731.3
1317180 1731.3
1317190 1727.0
1317200 1722.0
1317210 1722.0
1317220 1714.6
1317230 1716.4
1317240 1716.4
1317250 1712.7
1317260 1708.2
1317270 1703.3
1317280 1703.3
1317290 1697.5
1317300 1691.9
1317310 1691.9
1317320 1686.7
1317330 1682.3
1317340 1682.3
1317350 1678.0
1317360 1672.6
1317370 1672.6
1317380 1666.9
1317390 1661.7
1317400 1661.7
1317410 1657.3
1317420 1652.9
1317430 1652.9
1317440 1647.5
1317450 1640.8
1317460 1640.8
1317470 1632.9
1317480 1625.7
1317490 1625.7
1317500 1619.7
1317510 1613.5
1317520 1607.7
1317530 1607.7
1317540 1602.9
1317550 1597.0
1317560 1597.0
1317570 1590.8
1317580 1584.4
1317590 1584.4
1317600 1578.3
1317610 1572.0
1317620 1572.0
1317630 1565.6
1317640 1558.9
1317650 1558.9
1317660 1552.0
1317670 1545.4
1317680 1545.4
1317690 1538.8
1317700 1532.6
1317710 1532.6
1317720 1527.0
1317730 1521.6
1317740 1521.6
1317750 1515.8
1317760 1508.9
1317770 1502.2
1317780 1502.2
1317790 1496.4
1317800 1492.0
1317810 1492.0
1317820 1490.2
1317830 1488.0
1317840 1488.0
1317850 1483.5
1317860 1479.4
1317870 1479.4
1317880 1476.0
1317890 1473.6
1317900 1473.6
1317910 1471.8
1317920 1468.7
1317930 1468.7
1317940 1465.0
1317950 1459.7
1317960 1459.7
1317970 1454.3
1317980 1447.8
1317990 1447.8
1318000 1441.5
1318010 1436.2
1318020 1433.3
1318030 1433.3
1318040 1430.3
1318050 1425.4
1318060 1425.4
1318070 1420.3
1318080 1415.0
1318090 1415.0
1318100 1409.5
1318110 1405.2
1318120 1405.2
1318130 1400.1
1318140 1394.9
1318150 1394.9
1318160 1390.1
1318170 1385.0
1318180 1385.0
1318190 1380.6
1318200 1376.7
1318210 1376.7
1318220 1373.0
1318230 1368.4
1318240 1362.9
1318250 1362.9
1318260 1356.6
1318270 1350.3
1318280 1350.3
1318290 1344.2
1318300 1338.5
1318310 1338.5
1318320 1333.2
1318330 1328.0
1318340 1328.0
1318350 1323.8
1318360 1320.7
1318370 1320.7
1318380 1317.7
1318390 1314.8
1318400 1314.8
1318410 1310.9
1318420 1307.0
1318430 1307.0
1318440 1303.7
1318450 1300.7
1318460 1300.7
1318470 1295.2
1318480 1289.4
1318490 1283.3
1318500 1283.3
1318510 1279.9
1318520 1276.8
1318530 1276.8
1318540 1273.5
1318550 1270.4
1318560 1270.4
1318570 1264.4
1318580 1259.8
1318590 1259.8
1318600 1254.6
1318610 1249.8
1318620 1249.8
1318630 1244.8
1318640 1238.9
1318650 1238.9
1318660 1231.7
1318670 1224.5
1318680 1224.5
1318690 1218.0
1318700 1211.4
1318710 1211.4
1318720 1204.3
1318730 1199.4
1318740 1195.1
1318750 1195.1
1318760 1190.4
1318770 1186.2
1318780 1186.2
1318790 1181.1
1318800 1176.1
1318810 1176.1
1318820 1171.2
1318830 1166.8
1318840 1166.8
1318850 1162.6
1318860 1158.3
1318870 1158.3
1318880 1153.7
1318890 1149.5
1318900 1149.5
1318910 1145.8
1318920 1141.1
1318930 1141.1
1318940 1136.3
1318950 1133.1
1318960 1133.1
1318970 1129.7
1318980 1124.3
1318990 1118.4
1319000 1118.4
1319010 1111.9
1319020 1105.1
1319030 1105.1
1319040 1098.3
1319050 1092.2
1319060 1092.2
1319070 1086.5
1319080 1081.2
1319090 1081.2
1319100 1076.6
1319110 1071.9
1319120 1071.9
1319130 1067.9
1319140 1063.4
1319150 1063.4
1319160 1058.2
1319170 1051.7
1319180 1051.7
1319190 1044.9
1319200 1038.2
1319210 1038.2
1319220 1032.1
1319230 1026.2
1319240 1020.2
1319250 1020.2
1319260 1014.0
1319270 1007.2
1319280 1007.2
1319290 1001.2
1319300 995.7
1319310 995.7
1319320 991.3
1319330 986.8
1319340 986.8
1319350 980.1
1319360 966.6
1319370 966.6
1319380 952.4
1319390 940.6
1319400 940.6
1319410 929.1
1319420 918.2
1319430 918.2
1319440 908.7
1319450 907.2
1319460 907.2
1319470 909.4
1319480 906.3
1319490 889.0
1319500 889.0
1319510 871.9
1319520 861.8
1319530 865.0
1319540 864.2
1319550 863.1
1319560 863.1
1319570 861.0
1319580 861.7
1319590 861.7
1319600 864.1
1319610 859.9
1319620 859.9
1319630 852.8
1319640 842.0
1319650 842.0
1319660 825.9
1319670 810.6
1319680 810.6
1319690 799.5
1319700 788.4
1319710 788.4
1319720 772.0
1319730 768.8
1319740 764.3
1319750 764.3
1319760 752.7
1319770 739.2
1319780 739.2
1319790 727.7
1319800 719.5
1319810 719.5
1319820 714.0
1319830 705.2
1319840 705.2
1319850 697.8
1319860 693.7
1319870 693.7
1319880 691.7
1319890 690.9
1319900 690.9
1319910 688.7
1319920 686.1
1319930 686.1
1319940 684.1
1319950 682.0
1319960 682.0
1319970 679.3
1319980 676.7
1319990 674.4
