1300000 2347.3
1300010 2347.3
1300020 2344.7
1300030 2337.7
1300040 2337.7
1300050 2332.2
1300060 2325.4
1300070 2325.4
1300080 2316.8
1300090 2308.9
1300100 2308.9
1300110 2302.3
1300120 2294.6
1300130 2294.6
1300140 2287.4
1300150 2281.5
1300160 2281.5
1300170 2275.4
1300180 2270.0
1300190 2270.0
1300200 2264.6
1300210 2260.1
1300220 2255.2
1300230 2255.2
1300240 2250.1
1300250 2243.6
1300260 2243.6
1300270 2235.9
1300280 2228.8
1300290 2228.8
1300300 2221.2
1300310 2212.2
1300320 2212.2
1300330 2201.3
1300340 2193.2
1300350 2193.2
1300360 2186.0
1300370 2176.9
1300380 2176.9
1300390 2163.4
1300400 2148.7
1300410 2148.7
1300420 2136.7
1300430 2126.4
1300440 2126.4
1300450 2120.1
1300460 2111.1
1300470 2099.6
1300480 2099.6
1300490 2087.9
1300500 2077.2
1300510 2077.2
1300520 2065.9
1300530 2057.8
1300540 2057.8
1300550 2054.2
1300560 2050.9
1300570 2050.9
1300580 2052.9
1300590 2045.9
1300600 2045.9
1300610 2037.1
1300620 2027.2
1300630 2027.2
1300640 2015.0
1300650 2002.8
1300660 2002.8
1300670 1994.9
1300680 1996.4
1300690 1996.4
1300700 2002.6
1300710 1985.7
1300720 1984.4
1300730 1984.4
1300740 1976.9
1300750 1967.6
1300760 1967.6
1300770 1961.7
1300780 1952.0
1300790 1952.0
1300800 1942.2
1300810 1931.9
1300820 1931.9
1300830 1924.2
1300840 1919.5
1300850 1919.5
1300860 1918.9
1300870 1917.5
1300880 1917.5
1300890 1911.1
1300900 1898.4
1300910 1898.4
1300920 1882.6
1300930 1866.0
1300940 1866.0
1300950 1852.7
1300960 1844.4
1300970 1837.9
1300980 1837.9
1300990 1830.9
1301000 1823.3
1301010 1823.3
1301020 1815.0
1301030 1806.8
1301040 1806.8
1301050 1799.9
1301060 1793.5
1301070 1793.5
1301080 1786.8
1301090 1779.5
1301100 1779.5
1301110 1772.4
1301120 1765.6
1301130 1765.6
1301140 1758.7
1301150 1752.0
1301160 1752.0
1301170 1746.0
1301180 1740.1
1301190 1740.1
1301200 1733.9
1301210 1727.8
1301220 1722.2
1301230 1722.2
1301240 1716.7
1301250 1712.3
1301260 1712.3
1301270 1708.1
1301280 1704.0
1301290 1704.0
1301300 1699.9
1301310 1695.9
1301320 1695.9
1301330 1692.1
1301340 1688.4
1301350 1688.4
1301360 1684.7
1301370 1681.2
1301380 1681.2
1301390 1677.6
1301400 1672.5
1301410 1672.5
1301420 1669.5
1301430 1666.1
1301440 1666.1
1301450 1662.7
1301460 1659.3
1301470 1655.8
1301480 1655.8
1301490 1652.7
1301500 1649.6
1301510 1649.6
1301520 1646.7
1301530 1643.9
1301540 1643.9
1301550 1641.4
1301560 1639.3
1301570 1639.3
1301580 1637.9
1301590 1636.2
1301600 1636.2
1301610 1633.9
1301620 1631.2
1301630 1631.2
1301640 1628.9
1301650 1627.3
1301660 1627.3
1301670 1625.8
1301680 1624.3
1301690 1624.3
1301700 1622.4
1301710 1620.3
1301720 1617.6
1301730 1617.6
1301740 1612.7
1301750 1606.2
1301760 1606.2
1301770 1607.4
1301780 1611.9
1301790 1611.9
1301800 1614.4
1301810 1615.6
1301820 1615.6
1301830 1616.6
1301840 1618.0
1301850 1618.0
1301860 1621.6
1301870 1624.6
1301880 1624.6
1301890 1626.9
1301900 1628.5
1301910 1628.5
1301920 1630.2
1301930 1631.4
1301940 1631.4
1301950 1632.8
1301960 1632.7
1301970 1633.2
1301980 1633.2
1301990 1635.8
1302000 1639.1
1302010 1639.1
1302020 1642.1
1302030 1643.8
1302040 1643.8
1302050 1644.3
1302060 1645.0
1302070 1645.0
1302080 1645.1
1302090 1646.5
1302100 1652.2
1302110 1654.3
1302120 1658.1
1302130 1658.1
1302140 1659.7
1302150 1658.8
1302160 1658.8
1302170 1658.4
1302180 1657.9
1302190 1657.9
1302200 1658.0
1302210 1657.5
1302220 1656.5
1302230 1656.5
1302240 1655.7
1302250 1655.0
1302260 1655.0
1302270 1655.1
1302280 1654.0
1302290 1654.0
1302300 1652.3
1302310 1651.6
1302320 1651.6
1302330 1650.1
1302340 1647.4
1302350 1647.4
1302360 1643.1
1302370 1642.1
1302380 1642.1
1302390 1643.8
1302400 1646.6
1302410 1646.6
1302420 1648.2
1302430 1652.2
1302440 1652.2
1302450 1654.9
1302460 1656.4
1302470 1656.4
1302480 1656.4
1302490 1655.7
1302500 1654.1
1302510 1654.1
1302520 1651.1
1302530 1651.8
1302540 1651.8
1302550 1655.9
1302560 1658.2
1302570 1658.2
1302580 1660.4
1302590 1661.6
1302600 1661.6
1302610 1661.3
1302620 1662.4
1302630 1662.4
1302640 1663.9
1302650 1665.4
1302660 1665.4
1302670 1667.1
1302680 1665.9
1302690 1665.9
1302700 1666.1
1302710 1668.4
1302720 1668.7
1302730 1668.7
1302740 1668.9
1302750 1668.9
1302760 1668.9
1302770 1668.7
1302780 1668.7
1302790 1673.8
1302800 1674.6
1302810 1675.5
1302820 1675.5
1302830 1676.1
1302840 1676.6
1302850 1676.6
1302860 1676.2
1302870 1673.5
1302880 1673.5
1302890 1672.0
1302900 1674.2
1302910 1674.2
1302920 1674.6
1302930 1678.2
1302940 1678.2
1302950 1682.1
1302960 1685.6
1302970 1690.3
1302980 1690.3
1302990 1695.4
1303000 1698.3
1303010 1698.3
1303020 1698.9
1303030 1700.1
1303040 1700.1
1303050 1702.3
1303060 1705.3
1303070 1705.3
1303080 1707.8
1303090 1709.2
1303100 1709.2
1303110 1711.1
1303120 1715.2
1303130 1715.2
1303140 1721.3
1303150 1727.7
1303160 1727.7
1303170 1732.4
1303180 1735.9
1303190 1735.9
1303200 1738.3
1303210 1741.6
1303220 1744.4
1303230 1744.4
1303240 1748.8
1303250 1755.5
1303260 1755.5
1303270 1762.8
1303280 1771.1
1303290 1771.1
1303300 1778.3
1303310 1781.9
1303320 1781.9
1303330 1785.7
1303340 1789.2
1303350 1789.2
1303360 1792.6
1303370 1795.6
1303380 1795.6
1303390 1799.0
1303400 1802.7
1303410 1802.7
1303420 1807.1
1303430 1811.7
1303440 1811.7
1303450 1817.1
1303460 1820.5
1303470 1823.7
1303480 1823.7
1303490 1828.2
1303500 1833.2
1303510 1833.2
1303520 1837.8
1303530 1842.3
1303540 1842.3
1303550 1845.4
1303560 1849.5
1303570 1849.5
1303580 1852.9
1303590 1856.5
1303600 1856.5
1303610 1862.5
1303620 1867.7
1303630 1867.7
1303640 1871.4
1303650 1874.3
1303660 1874.3
1303670 1878.8
1303680 1884.9
1303690 1884.9
1303700 1890.4
1303710 1896.4
1303720 1904.3
1303730 1904.3
1303740 1911.5
1303750 1917.7
1303760 1917.7
1303770 1923.2
1303780 1927.9
1303790 1927.9
1303800 1932.7
1303810 1936.3
1303820 1936.3
1303830 1940.4
1303840 1945.0
1303850 1945.0
1303860 1950.5
1303870 1955.2
1303880 1955.2
1303890 1959.3
1303900 1963.5
1303910 1963.5
1303920 1967.8
1303930 1972.6
1303940 1972.6
1303950 1978.2
1303960 1984.6
1303970 1990.9
1303980 1990.9
1303990 1997.2
1304000 2003.5
1304010 2003.5
1304020 2009.6
1304030 2014.9
1304040 2014.9
1304050 2020.8
1304060 2027.4
1304070 2027.4
1304080 2033.6
1304090 2038.9
1304100 2038.9
1304110 2043.8
1304120 2048.2
1304130 2048.2
1304140 2051.3
1304150 2054.5
1304160 2054.5
1304170 2056.8
1304180 2059.7
1304190 2059.7
1304200 2065.3
1304210 2071.3
1304220 2077.1
1304230 2077.1
1304240 2082.1
1304250 2087.8
1304260 2087.8
1304270 2094.7
1304280 2100.5
1304290 2100.5
1304300 2104.8
1304310 2109.0
1304320 2109.0
1304330 2114.5
1304340 2120.3
1304350 2120.3
1304360 2127.2
1304370 2133.6
1304380 2133.6
1304390 2140.3
1304400 2147.7
1304410 2147.7
1304420 2153.9
1304430 2159.0
1304440 2159.0
1304450 2162.1
1304460 2164.7
1304470 2167.8
1304480 2167.8
1304490 2170.7
1304500 2173.6
1304510 2173.6
1304520 2178.5
1304530 2182.4
1304540 2182.4
1304550 2180.8
1304560 2182.7
1304570 2182.7
1304580 2185.8
1304590 2189.4
1304600 2189.4
1304610 2192.9
1304620 2199.9
1304630 2199.9
1304640 2208.1
1304650 2215.8
1304660 2215.8
1304670 2222.8
1304680 2230.5
1304690 2230.5
1304700 2239.8
1304710 2248.0
1304720 2251.9
1304730 2251.9
1304740 2255.7
1304750 2259.2
1304760 2259.2
1304770 2260.5
1304780 2261.3
1304790 2261.3
1304800 2264.2
1304810 2266.5
1304820 2266.5
1304830 2268.5
1304840 2269.8
1304850 2269.8
1304860 2271.0
1304870 2272.0
1304880 2272.0
1304890 2272.5
1304900 2273.0
1304910 2270.8
1304920 2270.3
1304930 2270.3
1304940 2270.3
1304950 2270.9
1304960 2271.8
1304970 2273.0
1304980 2273.0
1304990 2274.8
1305000 2278.1
1305010 2278.1
1305020 2282.2
1305030 2286.8
1305040 2286.8
1305050 2291.7
1305060 2294.6
1305070 2294.6
1305080 2295.5
1305090 2297.3
1305100 2297.3
1305110 2300.6
1305120 2303.3
1305130 2303.3
1305140 2307.6
1305150 2313.1
1305160 2313.1
1305170 2319.1
1305180 2323.3
1305190 2323.3
1305200 2326.0
1305210 2328.7
1305220 2331.8
1305230 2331.8
1305240 2331.8
1305250 2332.5
1305260 2332.5
1305270 2332.7
1305280 2332.0
1305290 2332.0
1305300 2331.9
1305310 2334.2
1305320 2334.2
1305330 2340.7
1305340 2348.2
1305350 2348.2
1305360 2349.6
1305370 2343.5
1305380 2343.5
1305390 2336.2
1305400 2329.9
1305410 2329.9
1305420 2323.7
1305430 2317.5
1305440 2317.5
1305450 2311.1
1305460 2305.0
1305470 2298.3
1305480 2298.3
1305490 2291.3
1305500 2283.7
1305510 2283.7
1305520 2275.6
1305530 2267.7
1305540 2267.7
1305550 2260.3
1305560 2252.9
1305570 2252.9
1305580 2245.5
1305590 2238.4
1305600 2238.4
1305610 2231.0
1305620 2224.8
1305630 2224.8
1305640 2218.8
1305650 2212.5
1305660 2212.5
1305670 2206.7
1305680 2200.8
1305690 2200.8
1305700 2195.3
1305710 2189.9
1305720 2184.9
1305730 2184.9
1305740 2180.3
1305750 2175.4
1305760 2175.4
1305770 2169.7
1305780 2164.4
1305790 2164.4
1305800 2160.2
1305810 2156.2
1305820 2156.2
1305830 2152.4
1305840 2148.3
1305850 2148.3
1305860 2143.5
1305870 2139.0
1305880 2139.0
1305890 2134.8
1305900 2131.1
1305910 2131.1
1305920 2130.1
1305930 2131.2
1305940 2131.2
1305950 2131.5
1305960 2130.2
1305970 2128.1
1305980 2128.1
1305990 2124.6
1306000 2122.3
1306010 2122.3
1306020 2120.7
1306030 2118.4
1306040 2118.4
1306050 2116.3
1306060 2114.8
1306070 2114.8
1306080 2115.4
1306090 2114.6
1306100 2114.6
1306110 2115.4
1306120 2119.9
1306130 2119.9
1306140 2125.3
1306150 2123.7
1306160 2123.7
1306170 2114.6
1306180 2108.5
1306190 2108.5
1306200 2100.6
1306210 2093.5
1306220 2085.4
1306230 2085.4
1306240 2079.0
1306250 2071.4
1306260 2071.4
1306270 2059.4
1306280 2047.2
1306290 2047.2
1306300 2039.0
1306310 2031.4
1306320 2031.4
1306330 2026.6
1306340 2021.8
1306350 2021.8
1306360 2017.6
1306370 2012.2
1306380 2012.2
1306390 2004.9
1306400 1997.7
1306410 1997.7
1306420 1992.5
1306430 1987.3
1306440 1987.3
1306450 1981.4
1306460 1974.9
1306470 1969.3
1306480 1969.3
1306490 1963.2
1306500 1958.1
1306510 1958.1
1306520 1953.2
1306530 1949.0
1306540 1949.0
1306550 1945.2
1306560 1944.2
1306570 1944.2
1306580 1944.5
1306590 1945.8
1306600 1945.8
1306610 1950.1
1306620 1956.7
1306630 1956.7
1306640 1964.0
1306650 1970.3
1306660 1970.3
1306670 1977.1
1306680 1984.1
1306690 1984.1
1306700 1992.8
1306710 2002.5
1306720 2011.7
1306730 2011.7
1306740 2017.6
1306750 2023.6
1306760 2023.6
1306770 2028.6
1306780 2033.8
1306790 2033.8
1306800 2039.7
1306810 2043.5
1306820 2043.5
1306830 2048.0
1306840 2053.4
1306850 2053.4
1306860 2060.0
1306870 2067.1
1306880 2067.1
1306890 2074.4
1306900 2081.6
1306910 2081.6
1306920 2088.4
1306930 2093.4
1306940 2093.4
1306950 2097.7
1306960 2101.6
1306970 2107.6
1306980 2107.6
1306990 2115.0
1307000 2123.7
1307010 2123.7
1307020 2133.0
1307030 2140.7
1307040 2140.1
1307050 2146.0
1307060 2151.6
1307070 2151.6
1307080 2156.9
1307090 2162.0
1307100 2162.0
1307110 2166.9
1307120 2172.8
1307130 2172.8
1307140 2179.9
1307150 2188.4
1307160 2188.4
1307170 2195.1
1307180 2198.3
1307190 2198.3
1307200 2201.9
1307210 2207.0
1307220 2212.8
1307230 2212.8
1307240 2220.2
1307250 2226.3
1307260 2226.3
1307270 2231.6
1307280 2236.4
1307290 2236.4
1307300 2241.3
1307310 2246.2
1307320 2246.2
1307330 2251.0
1307340 2254.8
1307350 2254.8
1307360 2259.8
1307370 2265.5
1307380 2265.5
1307390 2271.6
1307400 2276.6
1307410 2276.6
1307420 2281.4
1307430 2287.8
1307440 2287.8
1307450 2292.9
1307460 2297.8
1307470 2301.6
1307480 2301.6
1307490 2306.4
1307500 2311.4
1307510 2311.4
1307520 2317.2
1307530 2322.2
1307540 2322.2
1307550 2326.4
1307560 2331.3
1307570 2331.3
1307580 2336.3
1307590 2339.4
1307600 2339.4
1307610 2343.0
1307620 2346.5
1307630 2346.5
1307640 2349.3
1307650 2351.8
1307660 2351.8
1307670 2356.1
1307680 2358.9
1307690 2358.9
1307700 2361.2
1307710 2364.6
1307720 2369.2
1307730 2369.2
1307740 2371.8
1307750 2374.3
1307760 2378.4
1307770 2380.2
1307780 2383.5
1307790 2383.5
1307800 2389.4
1307810 2396.1
1307820 2396.1
1307830 2403.2
1307840 2409.4
1307850 2409.4
1307860 2416.2
1307870 2421.3
1307880 2421.3
1307890 2423.8
1307900 2425.7
1307910 2425.7
1307920 2428.7
1307930 2433.6
1307940 2433.6
1307950 2437.5
1307960 2442.5
1307970 2448.2
1307980 2448.2
1307990 2453.6
1308000 2457.8
1308010 2457.8
1308020 2460.8
1308030 2462.8
1308040 2462.8
1308050 2463.8
1308060 2465.2
1308070 2465.2
1308080 2464.6
1308090 2460.3
1308100 2460.3
1308110 2457.7
1308120 2453.5
1308130 2453.5
1308140 2449.9
1308150 2446.7
1308160 2446.7
1308170 2443.9
1308180 2443.9
1308190 2443.9
1308200 2441.7
1308210 2431.6
1308220 2426.8
1308230 2426.8
1308240 2415.7
1308250 2412.6
1308260 2412.6
1308270 2409.7
1308280 2407.5
1308290 2407.5
1308300 2404.6
1308310 2402.3
1308320 2402.3
1308330 2400.1
1308340 2399.1
1308350 2399.1
1308360 2399.3
1308370 2398.4
1308380 2398.4
1308390 2397.0
1308400 2394.6
1308410 2394.6
1308420 2392.6
1308430 2390.9
1308440 2390.9
1308450 2390.1
1308460 2390.2
1308470 2386.2
1308480 2390.2
1308490 2390.0
1308500 2391.1
1308510 2391.1
1308520 2391.5
1308530 2389.6
1308540 2389.6
1308550 2386.4
1308560 2383.1
1308570 2383.1
1308580 2381.0
1308590 2379.0
1308600 2379.0
1308610 2374.7
1308620 2370.1
1308630 2370.1
1308640 2366.4
1308650 2363.6
1308660 2363.6
1308670 2360.8
1308680 2357.2
1308690 2357.2
1308700 2354.0
1308710 2352.8
1308720 2353.2
1308730 2353.2
1308740 2355.6
1308750 2359.8
1308760 2359.8
1308770 2362.9
1308780 2363.6
1308790 2363.6
1308800 2365.1
1308810 2368.8
1308820 2368.8
1308830 2374.6
1308840 2378.1
1308850 2378.1
1308860 2380.7
1308870 2383.0
1308880 2383.0
1308890 2384.8
1308900 2383.0
1308910 2383.0
1308920 2377.0
1308930 2370.0
1308940 2370.0
1308950 2363.6
1308960 2358.9
1308970 2354.2
1308980 2354.2
1308990 2349.2
1309000 2343.5
1309010 2343.5
1309020 2337.3
1309030 2334.4
1309040 2334.4
1309050 2333.5
1309060 2332.0
1309070 2332.0
1309080 2328.5
1309090 2323.3
1309100 2323.3
1309110 2320.6
1309120 2319.5
1309130 2319.5
1309140 2318.8
1309150 2317.5
1309160 2317.5
1309170 2315.5
1309180 2313.3
1309190 2313.3
1309200 2307.4
1309210 2298.2
1309220 2289.5
1309230 2289.5
1309240 2280.1
1309250 2271.3
1309260 2271.3
1309270 2260.6
1309280 2247.8
1309290 2247.8
1309300 2237.3
1309310 2230.1
1309320 2230.1
1309330 2223.7
1309340 2217.7
1309350 2217.7
1309360 2211.8
1309370 2205.8
1309380 2205.8
1309390 2199.6
1309400 2193.8
1309410 2193.8
1309420 2188.4
1309430 2183.3
1309440 2183.3
1309450 2178.3
1309460 2173.8
1309470 2169.3
1309480 2169.3
1309490 2164.9
1309500 2160.5
1309510 2160.5
1309520 2156.6
1309530 2152.7
1309540 2152.7
1309550 2148.7
1309560 2144.2
1309570 2144.2
1309580 2140.4
1309590 2137.2
1309600 2137.2
1309610 2134.1
1309620 2131.0
1309630 2131.0
1309640 2127.6
1309650 2124.6
1309660 2124.6
1309670 2122.2
1309680 2120.1
1309690 2120.1
1309700 2117.8
1309710 2116.4
1309720 2116.7
1309730 2116.7
1309740 2115.3
1309750 2112.4
1309760 2112.4
1309770 2112.1
1309780 2111.8
1309790 2111.8
1309800 2110.2
1309810 2108.6
1309820 2108.6
1309830 2107.0
1309840 2105.2
1309850 2105.2
1309860 2103.6
1309870 2101.8
1309880 2101.8
1309890 2100.3
1309900 2099.0
1309910 2099.0
1309920 2098.0
1309930 2099.0
1309940 2099.0
1309950 2098.3
1309960 2097.9
1309970 2096.3
1309980 2096.3
1309990 2093.4
1310000 2090.6
1310010 2090.6
1310020 2087.8
1310030 2084.9
1310040 2084.9
1310050 2081.4
1310060 2077.6
1310070 2077.6
1310080 2071.7
1310090 2065.3
1310100 2065.3
1310110 2059.7
1310120 2054.0
1310130 2054.0
1310140 2048.3
1310150 2043.8
1310160 2043.8
1310170 2040.0
1310180 2036.3
1310190 2036.3
1310200 2031.4
1310210 2023.7
1310220 2013.8
1310230 2013.8
1310240 2000.4
1310250 1991.9
1310260 1991.9
1310270 1984.4
1310280 1977.9
1310290 1977.9
1310300 1971.0
1310310 1965.3
1310320 1965.3
1310330 1960.4
1310340 1953.9
1310350 1953.9
1310360 1946.9
1310370 1940.0
1310380 1940.0
1310390 1933.2
1310400 1928.4
1310410 1928.4
1310420 1924.6
1310430 1919.0
1310440 1919.0
1310450 1912.1
1310460 1906.6
1310470 1900.9
1310480 1900.9
1310490 1895.3
1310500 1889.3
1310510 1889.3
1310520 1883.0
1310530 1877.1
1310540 1877.1
1310550 1871.1
1310560 1865.2
1310570 1865.2
1310580 1858.1
1310590 1852.3
1310600 1852.3
1310610 1847.4
1310620 1841.8
1310630 1841.8
1310640 1834.6
1310650 1830.1
1310660 1827.3
1310670 1821.3
1310680 1819.2
1310690 1819.2
1310700 1817.5
1310710 1815.0
1310720 1818.5
1310730 1818.5
1310740 1818.0
1310750 1815.8
1310760 1815.8
1310770 1812.1
1310780 1806.8
1310790 1806.8
1310800 1802.1
1310810 1798.9
1310820 1798.9
1310830 1796.1
1310840 1794.5
1310850 1794.5
1310860 1793.1
1310870 1791.8
1310880 1791.8
1310890 1790.0
1310900 1787.6
1310910 1787.6
1310920 1786.1
1310930 1783.4
1310940 1783.4
1310950 1779.2
1310960 1773.9
1310970 1769.6
1310980 1769.6
1310990 1767.3
1311000 1764.0
1311010 1764.0
1311020 1759.5
1311030 1756.0
1311040 1756.0
1311050 1754.4
1311060 1753.5
1311070 1753.5
1311080 1753.7
1311090 1755.7
1311100 1755.7
1311110 1755.7
1311120 1754.3
1311130 1754.3
1311140 1753.6
1311150 1752.1
1311160 1752.1
1311170 1750.4
1311180 1749.8
1311190 1749.8
1311200 1749.7
1311210 1747.7
1311220 1745.0
1311230 1745.0
1311240 1743.5
1311250 1742.1
1311260 1742.1
1311270 1741.2
1311280 1740.7
1311290 1740.7
1311300 1740.2
1311310 1739.7
1311320 1739.7
1311330 1738.7
1311340 1737.5
1311350 1737.5
1311360 1738.1
1311370 1741.5
1311380 1741.5
1311390 1753.1
1311400 1756.3
1311410 1756.3
1311420 1759.4
1311430 1762.0
1311440 1762.0
1311450 1765.2
1311460 1767.9
1311470 1770.1
1311480 1770.1
1311490 1771.8
1311500 1773.2
1311510 1773.2
1311520 1773.5
1311530 1773.7
1311540 1773.7
1311550 1773.6
1311560 1774.1
1311570 1774.1
1311580 1773.6
1311590 1772.2
1311600 1772.2
1311610 1771.2
1311620 1771.0
1311630 1771.0
1311640 1770.4
1311650 1768.0
1311660 1768.0
1311670 1764.8
1311680 1760.9
1311690 1760.9
1311700 1757.1
1311710 1753.8
1311720 1750.2
1311730 1750.2
1311740 1745.6
1311750 1740.3
1311760 1740.3
1311770 1735.0
1311780 1732.2
1311790 1732.2
1311800 1729.8
1311810 1726.7
1311820 1726.7
1311830 1723.7
1311840 1720.4
1311850 1720.4
1311860 1718.2
1311870 1717.9
1311880 1717.9
1311890 1714.9
1311900 1712.6
1311910 1712.6
1311920 1711.0
1311930 1709.9
1311940 1709.9
1311950 1708.3
1311960 1707.3
1311970 1707.3
1311980 1707.3
1311990 1704.9
1312000 1703.8
1312010 1703.8
1312020 1705.3
1312030 1706.9
1312040 1706.9
1312050 1710.2
1312060 1709.2
1312070 1709.2
1312080 1708.4
1312090 1707.2
1312100 1707.2
1312110 1705.1
1312120 1703.9
1312130 1699.1
1312140 1699.2
1312150 1699.5
1312160 1699.5
1312170 1698.7
1312180 1696.7
1312190 1696.7
1312200 1695.4
1312210 1696.2
1312220 1697.6
1312230 1697.6
1312240 1697.2
1312250 1697.0
1312260 1697.0
1312270 1699.1
1312280 1701.9
1312290 1701.9
1312300 1704.2
1312310 1705.9
1312320 1705.9
1312330 1707.0
1312340 1709.9
1312350 1709.9
1312360 1716.0
1312370 1721.0
1312380 1721.0
1312390 1726.1
1312400 1730.3
1312410 1730.3
1312420 1731.8
1312430 1733.4
1312440 1733.4
1312450 1737.4
1312460 1740.0
1312470 1739.7
1312480 1739.7
1312490 1741.9
1312500 1744.1
1312510 1744.1
1312520 1745.3
1312530 1747.2
1312540 1747.2
1312550 1749.7
1312560 1751.5
1312570 1751.5
1312580 1752.4
1312590 1754.0
1312600 1754.0
1312610 1757.4
1312620 1760.7
1312630 1760.7
1312640 1763.7
1312650 1766.4
1312660 1766.4
1312670 1768.7
1312680 1769.8
1312690 1769.8
1312700 1769.4
1312710 1769.2
1312720 1770.8
1312730 1770.8
1312740 1772.0
1312750 1771.3
1312760 1771.3
1312770 1771.7
1312780 1773.0
1312790 1773.0
1312800 1773.9
1312810 1774.3
1312820 1774.3
1312830 1776.0
1312840 1777.1
1312850 1777.1
1312860 1777.1
1312870 1771.3
1312880 1771.3
1312890 1773.2
1312900 1776.6
1312910 1776.6
1312920 1778.5
1312930 1777.3
1312940 1777.3
1312950 1776.8
1312960 1777.4
1312970 1778.5
1312980 1778.5
1312990 1779.9
1313000 1780.9
1313010 1780.9
1313020 1781.6
1313030 1784.7
1313040 1784.7
1313050 1787.0
1313060 1787.6
1313070 1787.6
1313080 1789.9
1313090 1793.8
1313100 1793.8
1313110 1797.8
1313120 1800.8
1313130 1800.8
1313140 1802.5
1313150 1805.7
1313160 1805.7
1313170 1809.9
1313180 1812.1
1313190 1812.1
1313200 1812.6
1313210 1813.2
1313220 1814.7
1313230 1814.7
1313240 1817.2
1313250 1819.3
1313260 1819.3
1313270 1820.6
1313280 1822.4
1313290 1822.4
1313300 1823.6
1313310 1823.6
1313320 1823.6
1313330 1824.7
1313340 1827.8
1313350 1827.8
1313360 1831.6
1313370 1835.5
1313380 1835.5
1313390 1839.5
1313400 1844.3
1313410 1844.3
1313420 1848.8
1313430 1851.9
1313440 1851.9
1313450 1855.3
1313460 1858.2
1313470 1860.4
1313480 1860.4
1313490 1863.7
1313500 1867.1
1313510 1867.1
1313520 1870.2
1313530 1873.3
1313540 1873.3
1313550 1876.1
1313560 1878.7
1313570 1878.7
1313580 1881.1
1313590 1883.9
1313600 1883.9
1313610 1883.1
1313620 1883.9
1313630 1883.9
1313640 1883.6
1313650 1882.4
1313660 1882.4
1313670 1882.9
1313680 1883.5
1313690 1883.5
1313700 1884.8
1313710 1886.4
1313720 1887.4
1313730 1887.4
1313740 1887.6
1313750 1892.1
1313760 1892.1
1313770 1897.9
1313780 1903.6
1313790 1903.6
1313800 1909.1
1313810 1913.4
1313820 1913.4
1313830 1915.9
1313840 1917.6
1313850 1917.6
1313860 1920.0
1313870 1923.9
1313880 1923.9
1313890 1927.3
1313900 1930.4
1313910 1930.4
1313920 1934.0
1313930 1936.8
1313940 1936.8
1313950 1938.7
1313960 1940.7
1313970 1942.8
1313980 1942.8
1313990 1945.0
1314000 1946.9
1314010 1946.9
1314020 1948.4
1314030 1950.2
1314040 1950.2
1314050 1952.3
1314060 1954.6
1314070 1954.6
1314080 1956.0
1314090 1957.1
1314100 1957.1
1314110 1957.5
1314120 1959.0
1314130 1959.0
1314140 1962.0
1314150 1964.3
1314160 1964.3
1314170 1966.3
1314180 1968.1
1314190 1968.1
1314200 1969.4
1314210 1971.0
1314220 1973.2
1314230 1973.2
1314240 1973.8
1314250 1973.7
1314260 1973.7
1314270 1975.0
1314280 1976.6
1314290 1976.6
1314300 1978.4
1314310 1980.6
1314320 1980.6
1314330 1983.5
1314340 1986.6
1314350 1986.6
1314360 1987.4
1314370 1988.8
1314380 1988.8
1314390 1990.3
1314400 1992.1
1314410 1992.1
1314420 1994.7
1314430 1996.8
1314440 1996.8
1314450 1998.2
1314460 1999.4
1314470 2000.3
1314480 2000.3
1314490 2001.1
1314500 2002.7
1314510 2002.7
1314520 2005.0
1314530 2007.4
1314540 2007.4
1314550 2009.6
1314560 2011.3
1314570 2011.3
1314580 2012.5
1314590 2015.4
1314600 2015.4
1314610 2018.6
1314620 2021.7
1314630 2021.7
1314640 2024.2
1314650 2027.1
1314660 2027.1
1314670 2029.3
1314680 2030.6
1314690 2030.6
1314700 2030.2
1314710 2031.3
1314720 2033.1
1314730 2033.1
1314740 2034.9
1314750 2037.4
1314760 2037.4
1314770 2039.0
1314780 2039.3
1314790 2039.3
1314800 2040.2
1314810 2041.3
1314820 2041.3
1314830 2043.3
1314840 2045.6
1314850 2045.6
1314860 2047.8
1314870 2048.7
1314880 2048.7
1314890 2047.4
1314900 2047.1
1314910 2047.1
1314920 2045.0
1314930 2042.8
1314940 2042.8
1314950 2042.0
1314960 2046.0
1314970 2050.6
1314980 2050.6
1314990 2053.9
1315000 2057.3
1315010 2057.3
1315020 2061.2
1315030 2064.1
1315040 2064.1
1315050 2067.9
1315060 2072.4
1315070 2072.4
1315080 2076.6
1315090 2080.3
1315100 2080.3
1315110 2076.5
1315120 2080.4
1315130 2080.4
1315140 2084.3
1315150 2087.2
1315160 2087.2
1315170 2090.0
1315180 2092.6
1315190 2092.6
1315200 2094.8
1315210 2097.7
1315220 2100.2
1315230 2100.2
1315240 2101.5
1315250 2103.3
1315260 2103.3
1315270 2105.5
1315280 2106.7
1315290 2106.7
1315300 2106.4
1315310 2106.0
1315320 2106.0
1315330 2108.7
1315340 2114.0
1315350 2114.0
1315360 2118.3
1315370 2121.8
1315380 2121.8
1315390 2126.2
1315400 2131.0
1315410 2131.0
1315420 2135.9
1315430 2139.9
1315440 2139.9
1315450 2144.3
1315460 2148.3
1315470 2151.3
1315480 2151.3
1315490 2154.1
1315500 2157.3
1315510 2157.3
1315520 2159.7
1315530 2162.4
1315540 2162.4
1315550 2164.8
1315560 2167.6
1315570 2167.6
1315580 2171.2
1315590 2174.1
1315600 2174.1
1315610 2178.1
1315620 2182.5
1315630 2182.5
1315640 2184.8
1315650 2182.8
1315660 2182.8
1315670 2179.7
1315680 2177.2
1315690 2177.2
1315700 2174.5
1315710 2172.2
1315720 2167.8
1315730 2167.8
1315740 2162.7
1315750 2161.8
1315760 2161.8
1315770 2160.5
1315780 2158.0
1315790 2158.0
1315800 2153.2
1315810 2148.6
1315820 2148.6
1315830 2142.2
1315840 2134.9
1315850 2134.9
1315860 2124.7
1315870 2119.5
1315880 2119.5
1315890 2114.6
1315900 2110.0
1315910 2110.0
1315920 2105.3
1315930 2100.7
1315940 2100.7
1315950 2096.2
1315960 2092.0
1315970 2088.9
1315980 2088.9
1315990 2085.9
1316000 2083.6
1316010 2083.6
1316020 2081.5
1316030 2079.2
1316040 2079.2
1316050 2076.5
1316060 2073.9
1316070 2073.9
1316080 2070.8
1316090 2067.4
1316100 2067.4
1316110 2064.8
1316120 2062.0
1316130 2062.0
1316140 2058.6
1316150 2054.5
1316160 2054.5
1316170 2051.3
1316180 2048.9
1316190 2048.9
1316200 2046.4
1316210 2042.6
1316220 2038.4
1316230 2038.4
1316240 2035.5
1316250 2033.1
1316260 2033.1
1316270 2030.3
1316280 2027.0
1316290 2027.0
1316300 2024.0
1316310 2020.6
1316320 2020.6
1316330 2016.4
1316340 2012.3
1316350 2012.3
1316360 2009.3
1316370 2006.6
1316380 2006.6
1316390 2003.5
1316400 2001.1
1316410 2001.1
1316420 1998.6
1316430 1995.9
1316440 1995.9
1316450 1993.2
1316460 1989.6
1316470 1984.7
1316480 1984.7
1316490 1981.2
1316500 1977.0
1316510 1977.0
1316520 1972.1
1316530 1967.2
1316540 1967.2
1316550 1962.4
1316560 1957.7
1316570 1957.7
1316580 1955.6
1316590 1953.2
1316600 1953.2
1316610 1949.6
1316620 1948.1
1316630 1948.1
1316640 1944.1
1316650 1940.4
1316660 1940.4
1316670 1935.7
1316680 1931.2
1316690 1931.2
1316700 1927.9
1316710 1925.3
1316720 1921.0
1316730 1921.0
1316740 1914.8
1316750 1908.2
1316760 1908.2
1316770 1902.3
1316780 1896.6
1316790 1896.6
1316800 1891.2
1316810 1885.6
1316820 1885.6
1316830 1880.5
1316840 1875.0
1316850 1875.0
1316860 1868.3
1316870 1861.2
1316880 1861.2
1316890 1853.9
1316900 1847.1
1316910 1847.1
1316920 1841.1
1316930 1835.4
1316940 1835.4
1316950 1829.6
1316960 1824.2
1316970 1818.5
1316980 1818.5
1316990 1813.1
1317000 1808.3
1317010 1808.3
1317020 1803.2
1317030 1798.2
1317040 1798.2
1317050 1792.4
1317060 1787.1
1317070 1787.1
1317080 1781.8
1317090 1777.0
1317100 1777.0
1317110 1772.0
1317120 1766.7
1317130 1766.7
1317140 1760.5
1317150 1754.7
1317160 1754.7
1317170 1749.2
1317180 1743.8
1317190 1743.8
1317200 1738.2
1317210 1732.5
1317220 1727.2
1317230 1727.2
1317240 1722.0
1317250 1716.4
1317260 1716.4
1317270 1710.7
1317280 1705.1
1317290 1705.1
1317300 1699.5
1317310 1693.4
1317320 1693.4
1317330 1687.1
1317340 1679.3
1317350 1679.3
1317360 1670.6
1317370 1662.6
1317380 1662.4
1317390 1655.4
1317400 1648.2
1317410 1648.2
1317420 1641.6
1317430 1635.3
1317440 1635.3
1317450 1628.9
1317460 1622.7
1317470 1616.6
1317480 1616.6
1317490 1612.5
1317500 1608.6
1317510 1608.6
1317520 1601.7
1317530 1595.2
1317540 1595.2
1317550 1589.2
1317560 1583.6
1317570 1583.6
1317580 1578.9
1317590 1575.8
1317600 1575.8
1317610 1573.3
1317620 1567.3
1317630 1567.3
1317640 1560.0
1317650 1550.9
1317660 1550.9
1317670 1543.5
1317680 1537.3
1317690 1537.3
1317700 1531.6
1317710 1525.2
1317720 1519.1
1317730 1519.1
1317740 1513.5
1317750 1507.7
1317760 1507.7
1317770 1502.3
1317780 1496.8
1317790 1496.8
1317800 1490.2
1317810 1486.4
1317820 1486.4
1317830 1483.9
1317840 1475.6
1317850 1475.6
1317860 1469.9
1317870 1466.2
1317880 1466.2
1317890 1462.8
1317900 1461.7
1317910 1461.7
1317920 1459.2
1317930 1456.7
1317940 1456.7
1317950 1456.8
1317960 1456.1
1317970 1455.6
1317980 1455.6
1317990 1453.7
1318000 1447.2
1318010 1447.2
1318020 1438.9
1318030 1430.4
1318040 1430.4
1318050 1421.3
1318060 1411.6
1318070 1411.6
1318080 1400.1
1318090 1389.5
1318100 1389.5
1318110 1378.3
1318120 1366.7
1318130 1366.7
1318140 1362.8
1318150 1355.4
1318160 1355.4
1318170 1347.4
1318180 1349.2
1318190 1349.2
1318200 1352.1
1318210 1346.6
1318220 1343.1
1318230 1343.1
1318240 1338.3
1318250 1333.7
1318260 1333.7
1318270 1332.7
1318280 1332.4
1318290 1332.4
1318300 1329.7
1318310 1326.1
1318320 1326.1
1318330 1322.7
1318340 1319.1
1318350 1319.1
1318360 1315.4
1318370 1310.3
1318380 1310.3
1318390 1303.8
1318400 1299.8
1318410 1299.8
1318420 1296.7
1318430 1292.1
1318440 1292.1
1318450 1288.7
1318460 1287.0
1318470 1286.2
1318480 1286.2
1318490 1286.9
1318500 1288.1
1318510 1288.1
1318520 1285.4
1318530 1281.3
1318540 1281.3
1318550 1276.0
1318560 1270.5
1318570 1270.5
1318580 1265.2
1318590 1260.4
1318600 1260.4
1318610 1257.0
1318620 1254.9
1318630 1254.9
1318640 1251.4
1318650 1246.4
1318660 1246.4
1318670 1240.6
1318680 1234.1
1318690 1234.1
1318700 1229.8
1318710 1228.7
1318720 1226.4
1318730 1226.4
1318740 1223.3
1318750 1220.1
1318760 1220.1
1318770 1215.6
1318780 1210.8
1318790 1210.8
1318800 1206.4
1318810 1201.8
1318820 1201.8
1318830 1197.2
1318840 1192.2
1318850 1192.2
1318860 1188.1
1318870 1184.4
1318880 1184.4
1318890 1180.7
1318900 1175.1
1318910 1175.1
1318920 1170.9
1318930 1167.0
1318940 1167.0
1318950 1161.8
1318960 1154.9
1318970 1149.4
1318980 1149.4
1318990 1144.2
1319000 1140.2
1319010 1140.2
1319020 1135.8
1319030 1131.5
1319040 1131.5
1319050 1127.3
1319060 1124.0
1319070 1124.0
1319080 1121.9
1319090 1118.9
1319100 1118.9
1319110 1112.6
1319120 1105.7
1319130 1105.7
1319140 1100.4
1319150 1096.5
1319160 1096.5
1319170 1092.8
1319180 1089.6
1319190 1089.6
1319200 1083.7
1319210 1077.3
1319220 1070.6
1319230 1070.6
1319240 1064.1
1319250 1057.7
1319260 1057.7
1319270 1051.4
1319280 1045.6
1319290 1045.6
1319300 1040.7
1319310 1034.5
1319320 1034.5
1319330 1031.2
1319340 1029.1
1319350 1029.1
1319360 1024.2
1319370 1018.8
1319380 1018.8
1319390 1012.8
1319400 1007.9
1319410 1007.9
1319420 1002.3
1319430 996.3
1319440 996.3
1319450 990.8
1319460 985.0
1319470 978.2
1319480 978.2
1319490 971.8
1319500 965.2
1319510 965.2
1319520 958.2
1319530 950.1
1319540 950.1
1319550 942.6
1319560 935.8
1319570 935.8
1319580 930.1
1319590 924.0
1319600 924.0
1319610 917.5
1319620 912.0
1319630 912.0
1319640 906.5
1319650 900.8
1319660 900.8
1319670 900.8
1319680 896.2
1319690 896.2
1319700 891.2
1319710 886.8
1319720 883.9
1319730 883.9
1319740 881.0
1319750 877.5
1319760 877.5
1319770 873.5
1319780 869.8
1319790 869.8
1319800 866.4
1319810 862.6
1319820 862.6
1319830 856.6
1319840 849.2
1319850 849.2
1319860 841.9
1319870 835.2
1319880 835.2
1319890 829.9
1319900 826.6
1319910 826.6
1319920 822.3
1319930 815.7
1319940 815.7
1319950 808.4
1319960 801.1
1319970 794.7
1319980 794.7
1319990 788.4
