1300000 2271.1
1300010 2257.4
1300020 2246.1
1300030 2246.1
1300040 2235.5
1300050 2224.7
1300060 2224.7
1300070 2216.6
1300080 2208.6
1300090 2200.8
1300100 2200.8
1300110 2193.2
1300120 2186.1
1300130 2186.1
1300140 2179.3
1300150 2173.1
1300160 2173.1
1300170 2166.7
1300180 2160.4
1300190 2160.4
1300200 2154.4
1300210 2148.4
1300220 2148.4
1300230 2142.5
1300240 2137.0
1300250 2137.0
1300260 2131.3
1300270 2125.4
1300280 2125.4
1300290 2120.2
1300300 2115.0
1300310 2115.0
1300320 2110.0
1300330 2105.5
1300340 2101.1
1300350 2101.1
1300360 2096.9
1300370 2093.3
1300380 2093.3
1300390 2090.2
1300400 2087.3
1300410 2087.3
1300420 2084.7
1300430 2083.1
1300440 2083.1
1300450 2081.0
1300460 2078.5
1300470 2078.5
1300480 2069.5
1300490 2066.7
1300500 2066.7
1300510 2063.8
1300520 2060.9
1300530 2060.9
1300540 2058.1
1300550 2055.8
1300560 2055.8
1300570 2055.1
1300580 2054.7
1300590 2051.9
1300600 2051.9
1300610 2047.4
1300620 2043.7
1300630 2043.7
1300640 2043.3
1300650 2043.3
1300660 2043.3
1300670 2045.5
1300680 2046.1
1300690 2046.1
1300700 2043.7
1300710 2035.8
1300720 2035.8
1300730 2030.6
1300740 2027.6
1300750 2027.6
1300760 2026.4
1300770 2022.8
1300780 2022.8
1300790 2018.5
1300800 2014.2
1300810 2014.2
1300820 2011.1
1300830 2008.4
1300840 2006.9
1300850 2006.9
1300860 2006.9
1300870 2006.3
1300880 2006.3
1300890 2002.8
1300900 1997.5
1300910 1997.5
1300920 1991.4
1300930 1985.8
1300940 1985.8
1300950 1980.4
1300960 1973.3
1300970 1973.3
1300980 1964.8
1300990 1956.5
1301000 1956.5
1301010 1948.0
1301020 1940.1
1301030 1940.1
1301040 1932.7
1301050 1925.3
1301060 1925.3
1301070 1917.6
1301080 1910.0
1301090 1901.6
1301100 1901.6
1301110 1893.3
1301120 1884.6
1301130 1884.6
1301140 1875.0
1301150 1864.7
1301160 1864.7
1301170 1858.7
1301180 1852.2
1301190 1852.2
1301200 1847.3
1301210 1843.5
1301220 1843.5
1301230 1839.0
1301240 1833.7
1301250 1833.7
1301260 1826.9
1301270 1819.6
1301280 1819.6
1301290 1812.8
1301300 1806.6
1301310 1806.6
1301320 1799.6
1301330 1794.3
1301340 1790.2
1301350 1790.2
1301360 1786.6
1301370 1783.0
1301380 1783.0
1301390 1778.7
1301400 1774.5
1301410 1774.5
1301420 1771.2
1301430 1767.7
1301440 1767.7
1301450 1764.0
1301460 1759.5
1301470 1759.5
1301480 1755.0
1301490 1750.6
1301500 1750.6
1301510 1746.4
1301520 1741.4
1301530 1741.4
1301540 1735.6
1301550 1729.7
1301560 1729.7
1301570 1724.0
1301580 1716.3
1301590 1706.7
1301600 1706.7
1301610 1700.1
1301620 1694.9
1301630 1694.9
1301640 1689.4
1301650 1682.8
1301660 1682.8
1301670 1675.8
1301680 1667.9
1301690 1667.9
1301700 1660.2
1301710 1653.3
1301720 1653.3
1301730 1647.4
1301740 1642.7
1301750 1642.7
1301760 1639.1
1301770 1634.7
1301780 1634.7
1301790 1629.5
1301800 1625.3
1301810 1625.3
1301820 1621.0
1301830 1616.4
1301840 1611.6
1301850 1611.6
1301860 1606.5
1301870 1598.0
1301880 1598.0
1301890 1593.5
1301900 1588.8
1301910 1588.8
1301920 1583.3
1301930 1577.9
1301940 1577.9
1301950 1571.2
1301960 1564.6
1301970 1564.6
1301980 1556.8
1301990 1549.4
1302000 1549.4
1302010 1542.5
1302020 1537.1
1302030 1537.1
1302040 1534.5
1302050 1534.4
1302060 1534.4
1302070 1535.4
1302080 1536.4
1302090 1536.3
1302100 1536.3
1302110 1536.4
1302120 1537.0
1302130 1537.0
1302140 1537.2
1302150 1536.7
1302160 1536.7
1302170 1537.2
1302180 1537.4
1302190 1537.4
1302200 1537.6
1302210 1538.4
1302220 1538.4
1302230 1539.3
1302240 1539.8
1302250 1539.8
1302260 1539.4
1302270 1540.5
1302280 1540.5
1302290 1542.1
1302300 1544.2
1302310 1544.2
1302320 1546.6
1302330 1547.7
1302340 1548.6
1302350 1548.6
1302360 1549.8
1302370 1551.8
1302380 1551.8
1302390 1553.6
1302400 1555.9
1302410 1555.9
1302420 1559.3
1302430 1562.4
1302440 1562.4
1302450 1565.0
1302460 1567.6
1302470 1567.6
1302480 1570.6
1302490 1576.0
1302500 1576.0
1302510 1581.1
1302520 1583.9
1302530 1583.9
1302540 1587.6
1302550 1591.5
1302560 1591.5
1302570 1595.2
1302580 1599.6
1302590 1603.9
1302600 1603.9
1302610 1608.4
1302620 1613.3
1302630 1613.3
1302640 1618.5
1302650 1623.9
1302660 1623.9
1302670 1628.9
1302680 1633.5
1302690 1633.5
1302700 1639.8
1302710 1645.6
1302720 1645.6
1302730 1649.5
1302740 1653.2
1302750 1653.2
1302760 1657.7
1302770 1663.5
1302780 1663.5
1302790 1669.6
1302800 1674.8
1302810 1674.8
1302820 1678.4
1302830 1681.5
1302840 1685.5
1302850 1685.5
1302860 1689.5
1302870 1693.7
1302880 1693.7
1302890 1699.2
1302900 1705.1
1302910 1705.1
1302920 1709.8
1302930 1714.0
1302940 1714.0
1302950 1718.2
1302960 1722.6
1302970 1722.6
1302980 1726.3
1302990 1729.8
1303000 1729.8
1303010 1734.1
1303020 1740.4
1303030 1740.4
1303040 1746.6
1303050 1752.1
1303060 1752.1
1303070 1756.7
1303080 1760.0
1303090 1763.5
1303100 1763.5
1303110 1767.7
1303120 1771.1
1303130 1771.1
1303140 1772.8
1303150 1776.8
1303160 1776.8
1303170 1780.3
1303180 1783.2
1303190 1783.2
1303200 1786.5
1303210 1789.8
1303220 1789.8
1303230 1792.8
1303240 1795.4
1303250 1795.4
1303260 1799.1
1303270 1803.1
1303280 1803.1
1303290 1808.3
1303300 1815.3
1303310 1815.3
1303320 1823.5
1303330 1830.9
1303340 1837.9
1303350 1837.9
1303360 1843.5
1303370 1848.2
1303380 1848.2
1303390 1852.3
1303400 1856.3
1303410 1856.3
1303420 1859.0
1303430 1862.3
1303440 1862.3
1303450 1865.7
1303460 1869.9
1303470 1869.9
1303480 1874.8
1303490 1880.4
1303500 1880.4
1303510 1886.5
1303520 1892.9
1303530 1892.9
1303540 1897.7
1303550 1902.3
1303560 1902.3
1303570 1906.9
1303580 1911.0
1303590 1915.8
1303600 1915.8
1303610 1922.2
1303620 1928.0
1303630 1928.0
1303640 1932.4
1303650 1936.2
1303660 1936.2
1303670 1941.1
1303680 1946.7
1303690 1946.7
1303700 1951.8
1303710 1957.0
1303720 1957.0
1303730 1962.5
1303740 1969.1
1303750 1969.1
1303760 1973.3
1303770 1975.9
1303780 1975.9
1303790 1977.9
1303800 1979.9
1303810 1979.9
1303820 1982.2
1303830 1984.5
1303840 1986.8
1303850 1986.8
1303860 1988.5
1303870 1990.2
1303880 1990.2
1303890 1992.1
1303900 1994.9
1303910 1994.9
1303920 1998.5
1303930 2001.5
1303940 2001.5
1303950 2004.4
1303960 2007.0
1303970 2006.8
1303980 2009.2
1303990 2011.6
1304000 2011.6
1304010 2015.3
1304020 2018.2
1304030 2018.2
1304040 2021.1
1304050 2024.0
1304060 2024.0
1304070 2027.5
1304080 2031.5
1304090 2038.5
1304100 2038.5
1304110 2046.7
1304120 2054.0
1304130 2054.0
1304140 2057.6
1304150 2060.3
1304160 2060.3
1304170 2062.2
1304180 2063.4
1304190 2063.4
1304200 2065.0
1304210 2068.1
1304220 2068.1
1304230 2072.0
1304240 2076.2
1304250 2076.2
1304260 2080.2
1304270 2084.7
1304280 2084.7
1304290 2088.5
1304300 2092.9
1304310 2092.9
1304320 2096.4
1304330 2099.6
1304340 2103.4
1304350 2103.4
1304360 2108.3
1304370 2112.2
1304380 2112.2
1304390 2117.4
1304400 2121.5
1304410 2121.5
1304420 2123.9
1304430 2128.1
1304440 2128.1
1304450 2132.3
1304460 2137.4
1304470 2137.4
1304480 2142.3
1304490 2146.8
1304500 2146.8
1304510 2153.0
1304520 2158.6
1304530 2158.6
1304540 2163.1
1304550 2166.5
1304560 2166.5
1304570 2170.0
1304580 2171.2
1304590 2172.3
1304600 2172.3
1304610 2175.0
1304620 2178.1
1304630 2178.1
1304640 2181.3
1304650 2185.6
1304660 2185.6
1304670 2189.3
1304680 2192.0
1304690 2192.0
1304700 2195.0
1304710 2198.3
1304720 2198.3
1304730 2202.1
1304740 2205.7
1304750 2205.7
1304760 2207.5
1304770 2208.9
1304780 2208.9
1304790 2211.9
1304800 2214.3
1304810 2214.3
1304820 2216.1
1304830 2217.2
1304840 2217.8
1304850 2217.8
1304860 2219.1
1304870 2221.1
1304880 2221.1
1304890 2222.9
1304900 2224.4
1304910 2224.4
1304920 2226.1
1304930 2228.5
1304940 2228.5
1304950 2230.8
1304960 2234.8
1304970 2234.8
1304980 2241.2
1304990 2247.7
1305000 2247.7
1305010 2254.3
1305020 2260.6
1305030 2260.6
1305040 2264.5
1305050 2267.1
1305060 2267.1
1305070 2269.9
1305080 2273.4
1305090 2276.7
1305100 2276.7
1305110 2279.9
1305120 2283.8
1305130 2283.8
1305140 2289.1
1305150 2292.1
1305160 2292.1
1305170 2296.9
1305180 2302.5
1305190 2302.5
1305200 2306.0
1305210 2308.6
1305220 2308.6
1305230 2311.6
1305240 2316.8
1305250 2316.8
1305260 2323.5
1305270 2330.5
1305280 2330.5
1305290 2336.0
1305300 2339.1
1305310 2339.1
1305320 2340.1
1305330 2335.8
1305340 2331.0
1305350 2331.0
1305360 2334.4
1305370 2340.7
1305380 2339.3
1305390 2346.0
1305400 2352.9
1305410 2352.9
1305420 2358.0
1305430 2357.9
1305440 2357.9
1305450 2355.2
1305460 2358.9
1305470 2358.9
1305480 2360.4
1305490 2358.5
1305500 2358.5
1305510 2357.1
1305520 2362.2
1305530 2362.2
1305540 2367.5
1305550 2366.5
1305560 2366.5
1305570 2360.7
1305580 2353.4
1305590 2347.3
1305600 2347.3
1305610 2341.0
1305620 2334.0
1305630 2334.0
1305640 2326.9
1305650 2319.7
1305660 2319.7
1305670 2312.7
1305680 2306.0
1305690 2306.0
1305700 2299.1
1305710 2292.4
1305720 2292.4
1305730 2286.0
1305740 2279.5
1305750 2279.5
1305760 2273.0
1305770 2266.1
1305780 2266.1
1305790 2259.7
1305800 2252.1
1305810 2252.1
1305820 2244.7
1305830 2237.9
1305840 2230.5
1305850 2230.5
1305860 2223.7
1305870 2216.7
1305880 2216.7
1305890 2209.8
1305900 2203.1
1305910 2203.1
1305920 2196.1
1305930 2188.3
1305940 2188.3
1305950 2181.3
1305960 2173.8
1305970 2173.8
1305980 2166.5
1305990 2158.8
1306000 2158.8
1306010 2152.2
1306020 2146.2
1306030 2146.2
1306040 2141.0
1306050 2135.3
1306060 2135.3
1306070 2127.0
1306080 2119.3
1306090 2112.9
1306100 2112.9
1306110 2104.5
1306120 2095.5
1306130 2095.5
1306140 2087.7
1306150 2081.5
1306160 2081.5
1306170 2075.8
1306180 2068.1
1306190 2068.1
1306200 2060.8
1306210 2054.2
1306220 2054.2
1306230 2048.8
1306240 2043.7
1306250 2043.7
1306260 2038.8
1306270 2029.5
1306280 2029.5
1306290 2017.6
1306300 2000.9
1306310 2000.9
1306320 1987.4
1306330 1982.1
1306340 1976.8
1306350 1976.8
1306360 1971.6
1306370 1966.6
1306380 1966.6
1306390 1962.1
1306400 1956.8
1306410 1956.8
1306420 1951.6
1306430 1946.9
1306440 1946.9
1306450 1942.2
1306460 1936.5
1306470 1936.5
1306480 1928.6
1306490 1928.0
1306500 1928.0
1306510 1934.5
1306520 1940.8
1306530 1940.8
1306540 1946.4
1306550 1949.7
1306560 1949.7
1306570 1952.5
1306580 1955.9
1306590 1961.0
1306600 1961.0
1306610 1964.9
1306620 1969.2
1306630 1969.2
1306640 1974.7
1306650 1977.9
1306660 1977.9
1306670 1982.6
1306680 1989.0
1306690 1989.0
1306700 1995.0
1306710 1999.1
1306720 1999.1
1306730 2003.0
1306740 2006.4
1306750 2006.4
1306760 2010.6
1306770 2017.3
1306780 2017.3
1306790 2024.0
1306800 2029.8
1306810 2029.4
1306820 2036.2
1306830 2042.8
1306840 2046.7
1306850 2046.7
1306860 2051.2
1306870 2055.7
1306880 2055.7
1306890 2061.1
1306900 2068.2
1306910 2068.2
1306920 2072.8
1306930 2077.9
1306940 2077.9
1306950 2082.4
1306960 2086.5
1306970 2086.5
1306980 2090.5
1306990 2097.4
1307000 2097.4
1307010 2102.0
1307020 2104.6
1307030 2104.6
1307040 2107.8
1307050 2111.6
1307060 2111.6
1307070 2116.1
1307080 2120.8
1307090 2120.8
1307100 2123.9
1307110 2126.7
1307120 2130.2
1307130 2130.2
1307140 2134.1
1307150 2136.5
1307160 2136.5
1307170 2140.1
1307180 2145.2
1307190 2145.2
1307200 2149.7
1307210 2154.0
1307220 2154.0
1307230 2158.0
1307240 2164.1
1307250 2164.1
1307260 2170.8
1307270 2178.0
1307280 2178.0
1307290 2182.6
1307300 2185.2
1307310 2185.2
1307320 2188.2
1307330 2190.4
1307340 2190.4
1307350 2192.3
1307360 2194.7
1307370 2196.5
1307380 2196.5
1307390 2201.0
1307400 2206.4
1307410 2206.4
1307420 2209.8
1307430 2211.7
1307440 2211.7
1307450 2215.0
1307460 2218.4
1307470 2218.4
1307480 2221.3
1307490 2224.0
1307500 2224.0
1307510 2226.1
1307520 2231.7
1307530 2231.7
1307540 2235.0
1307550 2238.9
1307560 2238.9
1307570 2243.9
1307580 2250.4
1307590 2250.4
1307600 2256.9
1307610 2264.5
1307620 2272.3
1307630 2272.3
1307640 2279.2
1307650 2286.1
1307660 2286.1
1307670 2292.7
1307680 2298.0
1307690 2298.0
1307700 2303.2
1307710 2308.1
1307720 2308.1
1307730 2312.8
1307740 2317.1
1307750 2317.1
1307760 2320.4
1307770 2323.9
1307780 2323.9
1307790 2327.4
1307800 2331.4
1307810 2331.4
1307820 2335.4
1307830 2340.0
1307840 2340.0
1307850 2346.0
1307860 2351.2
1307870 2355.4
1307880 2355.4
1307890 2360.7
1307900 2365.6
1307910 2365.6
1307920 2370.0
1307930 2374.2
1307940 2374.2
1307950 2376.3
1307960 2373.0
1307970 2373.0
1307980 2374.9
1307990 2376.5
1308000 2376.5
1308010 2374.3
1308020 2366.8
1308030 2366.8
1308040 2360.4
1308050 2356.1
1308060 2356.1
1308070 2352.6
1308080 2349.8
1308090 2349.8
1308100 2345.3
1308110 2338.4
1308120 2331.4
1308130 2331.4
1308140 2324.9
1308150 2319.4
1308160 2319.4
1308170 2315.6
1308180 2312.9
1308190 2312.9
1308200 2308.9
1308210 2304.8
1308220 2304.8
1308230 2303.1
1308240 2301.7
1308250 2301.7
1308260 2302.6
1308270 2301.4
1308280 2301.4
1308290 2300.2
1308300 2299.1
1308310 2299.1
1308320 2297.7
1308330 2296.1
1308340 2296.1
1308350 2294.0
1308360 2292.1
1308370 2290.3
1308380 2290.3
1308390 2287.1
1308400 2285.3
1308410 2285.3
1308420 2286.6
1308430 2287.9
1308440 2287.9
1308450 2287.0
1308460 2283.6
1308470 2283.6
1308480 2279.4
1308490 2275.7
1308500 2275.7
1308510 2274.2
1308520 2273.3
1308530 2273.3
1308540 2272.0
1308550 2270.3
1308560 2270.3
1308570 2268.2
1308580 2265.9
1308590 2265.9
1308600 2263.8
1308610 2262.0
1308620 2260.7
1308630 2260.7
1308640 2259.2
1308650 2257.9
1308660 2257.9
1308670 2255.8
1308680 2253.1
1308690 2253.1
1308700 2250.5
1308710 2247.5
1308720 2247.5
1308730 2244.2
1308740 2241.0
1308750 2241.0
1308760 2238.4
1308770 2235.9
1308780 2235.9
1308790 2232.2
1308800 2228.4
1308810 2228.4
1308820 2225.5
1308830 2222.4
1308840 2222.4
1308850 2219.3
1308860 2217.6
1308870 2216.3
1308880 2216.3
1308890 2215.5
1308900 2215.3
1308910 2215.3
1308920 2215.4
1308930 2215.0
1308940 2215.0
1308950 2214.9
1308960 2215.2
1308970 2215.8
1308980 2216.0
1308990 2216.4
1309000 2216.4
1309010 2216.9
1309020 2217.2
1309030 2217.2
1309040 2217.8
1309050 2218.0
1309060 2218.0
1309070 2218.1
1309080 2218.5
1309090 2218.5
1309100 2220.0
1309110 2222.6
1309120 2226.3
1309130 2226.3
1309140 2229.2
1309150 2231.7
1309160 2231.7
1309170 2233.2
1309180 2233.3
1309190 2233.3
1309200 2232.7
1309210 2231.6
1309220 2231.6
1309230 2230.7
1309240 2229.8
1309250 2229.8
1309260 2229.3
1309270 2228.8
1309280 2228.8
1309290 2227.3
1309300 2224.2
1309310 2224.2
1309320 2221.2
1309330 2217.2
1309340 2217.2
1309350 2214.2
1309360 2213.0
1309370 2211.4
1309380 2211.4
1309390 2209.6
1309400 2206.3
1309410 2206.3
1309420 2201.0
1309430 2197.2
1309440 2197.2
1309450 2194.6
1309460 2193.0
1309470 2193.0
1309480 2192.5
1309490 2193.5
1309500 2193.5
1309510 2194.5
1309520 2195.5
1309530 2195.5
1309540 2197.1
1309550 2198.5
1309560 2198.5
1309570 2202.0
1309580 2206.4
1309590 2206.4
1309600 2211.6
1309610 2217.0
1309620 2221.7
1309630 2221.7
1309640 2224.8
1309650 2228.1
1309660 2228.1
1309670 2231.4
1309680 2232.8
1309690 2232.9
1309700 2234.4
1309710 2236.9
1309720 2236.9
1309730 2238.3
1309740 2238.8
1309750 2238.8
1309760 2238.5
1309770 2237.4
1309780 2237.4
1309790 2234.8
1309800 2232.5
1309810 2232.5
1309820 2231.2
1309830 2229.6
1309840 2229.6
1309850 2226.5
1309860 2225.1
1309870 2223.6
1309880 2223.6
1309890 2220.3
1309900 2216.0
1309910 2216.0
1309920 2211.1
1309930 2204.9
1309940 2204.9
1309950 2199.7
1309960 2195.4
1309970 2195.4
1309980 2190.8
1309990 2186.2
1310000 2186.2
1310010 2181.2
1310020 2176.4
1310030 2176.4
1310040 2172.9
1310050 2169.5
1310060 2169.5
1310070 2165.2
1310080 2161.1
1310090 2161.1
1310100 2156.9
1310110 2152.2
1310120 2147.7
1310130 2147.7
1310140 2143.1
1310150 2137.9
1310160 2137.9
1310170 2134.6
1310180 2131.1
1310190 2131.1
1310200 2126.6
1310210 2121.3
1310220 2121.3
1310230 2117.2
1310240 2112.7
1310250 2112.7
1310260 2106.7
1310270 2101.6
1310280 2101.6
1310290 2098.1
1310300 2092.6
1310310 2092.6
1310320 2086.0
1310330 2080.0
1310340 2080.0
1310350 2076.0
1310360 2073.4
1310370 2070.7
1310380 2070.7
1310390 2067.2
1310400 2064.9
1310410 2064.9
1310420 2059.0
1310430 2055.4
1310440 2055.4
1310450 2050.7
1310460 2042.5
1310470 2042.5
1310480 2036.2
1310490 2031.7
1310500 2031.7
1310510 2028.5
1310520 2025.9
1310530 2025.9
1310540 2026.1
1310550 2026.6
1310560 2026.6
1310570 2026.8
1310580 2025.8
1310590 2025.8
1310600 2024.5
1310610 2021.8
1310620 2018.6
1310630 2018.6
1310640 2017.4
1310650 2016.5
1310660 2016.5
1310670 2013.2
1310680 2008.3
1310690 2008.3
1310700 2003.5
1310710 1998.8
1310720 1998.8
1310730 1994.9
1310740 1991.7
1310750 1991.7
1310760 1987.4
1310770 1981.5
1310780 1981.5
1310790 1975.8
1310800 1970.7
1310810 1970.7
1310820 1966.9
1310830 1964.0
1310840 1964.0
1310850 1961.4
1310860 1959.0
1310870 1959.1
1310880 1959.1
1310890 1959.7
1310900 1958.8
1310910 1958.8
1310920 1957.4
1310930 1956.3
1310940 1956.3
1310950 1954.9
1310960 1953.3
1310970 1953.3
1310980 1951.5
1310990 1951.1
1311000 1951.1
1311010 1949.8
1311020 1947.4
1311030 1947.4
1311040 1945.5
1311050 1944.0
1311060 1944.0
1311070 1941.1
1311080 1939.2
1311090 1939.2
1311100 1936.4
1311110 1933.7
1311120 1932.2
1311130 1932.2
1311140 1931.2
1311150 1926.2
1311160 1926.2
1311170 1924.9
1311180 1923.6
1311190 1923.6
1311200 1921.9
1311210 1919.8
1311220 1919.8
1311230 1918.0
1311240 1916.5
1311250 1916.5
1311260 1914.9
1311270 1913.1
1311280 1913.1
1311290 1912.2
1311300 1910.4
1311310 1910.4
1311320 1907.7
1311330 1904.6
1311340 1904.6
1311350 1901.7
1311360 1903.7
1311370 1904.6
1311380 1904.6
1311390 1904.6
1311400 1904.0
1311410 1904.0
1311420 1902.9
1311430 1903.0
1311440 1903.0
1311450 1903.6
1311460 1903.4
1311470 1903.4
1311480 1903.2
1311490 1903.3
1311500 1903.3
1311510 1902.5
1311520 1898.4
1311530 1898.4
1311540 1894.1
1311550 1889.9
1311560 1889.9
1311570 1888.4
1311580 1890.3
1311590 1890.3
1311600 1890.8
1311610 1890.9
1311620 1890.9
1311630 1890.9
1311640 1890.3
1311650 1888.6
1311660 1888.6
1311670 1887.9
1311680 1887.6
1311690 1887.6
1311700 1886.5
1311710 1885.8
1311720 1885.8
1311730 1885.5
1311740 1884.3
1311750 1884.3
1311760 1885.1
1311770 1885.4
1311780 1885.4
1311790 1886.5
1311800 1887.8
1311810 1887.8
1311820 1888.4
1311830 1889.1
1311840 1889.1
1311850 1891.1
1311860 1892.0
1311870 1891.0
1311880 1891.0
1311890 1888.5
1311900 1888.2
1311910 1888.2
1311920 1885.9
1311930 1885.3
1311940 1885.3
1311950 1886.1
1311960 1887.7
1311970 1887.7
1311980 1889.8
1311990 1892.2
1312000 1892.2
1312010 1894.2
1312020 1895.2
1312030 1895.2
1312040 1894.5
1312050 1893.5
1312060 1893.5
1312070 1892.4
1312080 1891.5
1312090 1891.5
1312100 1891.4
1312110 1892.8
1312120 1892.5
1312130 1892.5
1312140 1892.5
1312150 1892.5
1312160 1892.5
1312170 1894.0
1312180 1896.7
1312190 1896.7
1312200 1898.3
1312210 1898.4
1312220 1898.4
1312230 1898.0
1312240 1898.8
1312250 1898.8
1312260 1899.8
1312270 1899.5
1312280 1899.5
1312290 1900.7
1312300 1901.9
1312310 1901.9
1312320 1902.2
1312330 1902.4
1312340 1902.4
1312350 1902.9
1312360 1903.6
1312370 1904.1
1312380 1904.1
1312390 1904.3
1312400 1904.5
1312410 1904.5
1312420 1904.7
1312430 1905.0
1312440 1905.0
1312450 1904.5
1312460 1903.8
1312470 1903.8
1312480 1904.5
1312490 1905.2
1312500 1905.2
1312510 1905.6
1312520 1906.8
1312530 1906.8
1312540 1909.0
1312550 1911.9
1312560 1911.9
1312570 1915.6
1312580 1918.8
1312590 1918.8
1312600 1922.5
1312610 1927.6
1312620 1932.5
1312630 1926.1
1312640 1930.2
1312650 1934.2
1312660 1934.2
1312670 1937.5
1312680 1940.0
1312690 1940.0
1312700 1943.9
1312710 1947.9
1312720 1947.9
1312730 1951.5
1312740 1954.2
1312750 1954.2
1312760 1955.8
1312770 1956.8
1312780 1956.8
1312790 1957.9
1312800 1958.5
1312810 1958.5
1312820 1959.7
1312830 1961.0
1312840 1961.0
1312850 1961.4
1312860 1961.0
1312870 1960.4
1312880 1960.4
1312890 1960.6
1312900 1961.1
1312910 1961.1
1312920 1961.8
1312930 1961.9
1312940 1961.9
1312950 1962.4
1312960 1963.7
1312970 1963.7
1312980 1964.8
1312990 1965.4
1313000 1965.4
1313010 1965.7
1313020 1966.1
1313030 1966.1
1313040 1966.0
1313050 1967.0
1313060 1967.0
1313070 1968.7
1313080 1970.2
1313090 1970.2
1313100 1971.3
1313110 1972.5
1313120 1975.1
1313130 1975.1
1313140 1978.2
1313150 1981.8
1313160 1981.8
1313170 1984.7
1313180 1987.1
1313190 1987.1
1313200 1989.2
1313210 1991.3
1313220 1991.3
1313230 1993.4
1313240 1996.2
1313250 1996.2
1313260 1999.1
1313270 2001.7
1313280 2001.7
1313290 2004.1
1313300 2006.1
1313310 2006.1
1313320 2007.3
1313330 2008.8
1313340 2008.8
1313350 2010.0
1313360 2010.7
1313370 2009.8
1313380 2009.8
1313390 2011.7
1313400 2013.0
1313410 2013.0
1313420 2013.8
1313430 2013.9
1313440 2013.9
1313450 2013.7
1313460 2013.5
1313470 2013.5
1313480 2012.8
1313490 2011.8
1313500 2011.8
1313510 2010.0
1313520 2007.6
1313530 2007.6
1313540 2006.6
1313550 2006.0
1313560 2006.0
1313570 2005.3
1313580 2004.9
1313590 2004.9
1313600 2005.6
1313610 2007.4
1313620 2009.7
1313630 2009.7
1313640 2013.6
1313650 2015.5
1313660 2015.5
1313670 2016.7
1313680 2018.1
1313690 2018.1
1313700 2020.0
1313710 2022.3
1313720 2022.3
1313730 2025.9
1313740 2027.2
1313750 2027.2
1313760 2027.6
1313770 2033.0
1313780 2033.0
1313790 2037.7
1313800 2040.4
1313810 2040.4
1313820 2042.3
1313830 2043.0
1313840 2043.0
1313850 2044.5
1313860 2046.9
1313870 2049.0
1313880 2049.0
1313890 2050.7
1313900 2052.6
1313910 2052.6
1313920 2055.1
1313930 2058.5
1313940 2058.5
1313950 2061.9
1313960 2064.8
1313970 2064.8
1313980 2066.7
1313990 2068.0
1314000 2068.0
1314010 2068.8
1314020 2069.7
1314030 2069.7
1314040 2070.5
1314050 2071.7
1314060 2071.7
1314070 2074.5
1314080 2077.9
1314090 2077.9
1314100 2081.0
1314110 2082.5
1314120 2084.9
1314130 2084.9
1314140 2086.1
1314150 2087.5
1314160 2087.5
1314170 2089.8
1314180 2091.8
1314190 2091.8
1314200 2094.4
1314210 2096.4
1314220 2096.4
1314230 2098.9
1314240 2101.8
1314250 2101.8
1314260 2104.2
1314270 2105.9
1314280 2105.9
1314290 2107.1
1314300 2109.4
1314310 2109.4
1314320 2111.7
1314330 2116.2
1314340 2116.2
1314350 2120.8
1314360 2123.8
1314370 2126.4
1314380 2126.4
1314390 2128.2
1314400 2129.9
1314410 2129.9
1314420 2132.9
1314430 2135.5
1314440 2135.5
1314450 2137.7
1314460 2140.0
1314470 2140.0
1314480 2142.7
1314490 2145.3
1314500 2145.3
1314510 2147.6
1314520 2150.2
1314530 2150.2
1314540 2152.5
1314550 2153.7
1314560 2153.7
1314570 2153.8
1314580 2153.1
1314590 2153.1
1314600 2153.9
1314610 2157.1
1314620 2160.7
1314630 2160.7
1314640 2163.8
1314650 2165.5
1314660 2165.5
1314670 2166.2
1314680 2166.0
1314690 2166.0
1314700 2165.6
1314710 2166.3
1314720 2166.3
1314730 2170.5
1314740 2174.3
1314750 2174.3
1314760 2177.7
1314770 2181.3
1314780 2181.3
1314790 2184.2
1314800 2186.9
1314810 2186.9
1314820 2188.6
1314830 2191.0
1314840 2191.0
1314850 2193.9
1314860 2191.3
1314870 2195.2
1314880 2195.2
1314890 2198.1
1314900 2199.9
1314910 2199.9
1314920 2202.6
1314930 2206.9
1314940 2206.9
1314950 2211.2
1314960 2216.4
1314970 2216.4
1314980 2220.4
1314990 2218.9
1315000 2218.9
1315010 2218.4
1315020 2218.3
1315030 2218.3
1315040 2218.0
1315050 2215.9
1315060 2215.9
1315070 2214.6
1315080 2214.7
1315090 2214.7
1315100 2215.0
1315110 2215.5
1315120 2216.1
1315130 2216.1
1315140 2215.8
1315150 2214.9
1315160 2214.9
1315170 2213.6
1315180 2212.2
1315190 2212.2
1315200 2211.5
1315210 2211.4
1315220 2211.4
1315230 2211.8
1315240 2213.0
1315250 2213.0
1315260 2213.4
1315270 2214.2
1315280 2214.2
1315290 2214.8
1315300 2214.9
1315310 2214.9
1315320 2215.6
1315330 2217.4
1315340 2217.4
1315350 2219.8
1315360 2221.3
1315370 2221.8
1315380 2221.8
1315390 2222.0
1315400 2221.9
1315410 2221.9
1315420 2221.3
1315430 2222.7
1315440 2222.7
1315450 2224.6
1315460 2223.3
1315470 2223.3
1315480 2221.8
1315490 2222.1
1315500 2222.1
1315510 2222.8
1315520 2224.0
1315530 2224.0
1315540 2225.8
1315550 2229.1
1315560 2229.1
1315570 2230.3
1315580 2231.0
1315590 2231.0
1315600 2232.5
1315610 2236.8
1315620 2238.5
1315630 2238.5
1315640 2240.7
1315650 2242.6
1315660 2242.6
1315670 2244.4
1315680 2244.6
1315690 2244.6
1315700 2241.2
1315710 2236.3
1315720 2236.3
1315730 2232.1
1315740 2229.8
1315750 2229.8
1315760 2229.3
1315770 2228.5
1315780 2228.5
1315790 2226.0
1315800 2223.5
1315810 2223.5
1315820 2221.3
1315830 2220.3
1315840 2220.3
1315850 2220.1
1315860 2219.8
1315870 2219.5
1315880 2219.5
1315890 2219.9
1315900 2220.9
1315910 2220.9
1315920 2221.3
1315930 2221.0
1315940 2221.0
1315950 2220.0
1315960 2218.4
1315970 2218.4
1315980 2216.2
1315990 2213.9
1316000 2213.9
1316010 2213.9
1316020 2213.0
1316030 2213.0
1316040 2212.1
1316050 2209.5
1316060 2209.5
1316070 2207.2
1316080 2201.6
1316090 2201.6
1316100 2192.7
1316110 2185.5
1316120 2185.5
1316130 2182.5
1316140 2180.8
1316150 2177.1
1316160 2177.1
1316170 2171.2
1316180 2163.9
1316190 2163.9
1316200 2156.6
1316210 2150.2
1316220 2150.2
1316230 2144.3
1316240 2139.0
1316250 2139.0
1316260 2133.5
1316270 2128.3
1316280 2128.3
1316290 2123.6
1316300 2119.1
1316310 2119.1
1316320 2114.7
1316330 2109.6
1316340 2109.6
1316350 2103.9
1316360 2098.2
1316370 2094.6
1316380 2089.4
1316390 2084.3
1316400 2079.1
1316410 2079.1
1316420 2074.7
1316430 2070.9
1316440 2070.9
1316450 2066.8
1316460 2061.9
1316470 2061.9
1316480 2056.0
1316490 2049.7
1316500 2049.7
1316510 2043.6
1316520 2037.6
1316530 2037.6
1316540 2030.3
1316550 2023.8
1316560 2023.8
1316570 2019.2
1316580 2015.0
1316590 2015.0
1316600 2010.6
1316610 2006.4
1316620 2006.4
1316630 2002.0
1316640 1997.7
1316650 1993.1
1316660 1993.1
1316670 1986.0
1316680 1978.9
1316690 1978.9
1316700 1972.9
1316710 1967.0
1316720 1967.0
1316730 1962.0
1316740 1954.5
1316750 1954.5
1316760 1947.8
1316770 1940.6
1316780 1940.6
1316790 1933.2
1316800 1927.0
1316810 1927.0
1316820 1921.7
1316830 1918.1
1316840 1918.1
1316850 1914.3
1316860 1909.4
1316870 1909.4
1316880 1903.8
1316890 1898.8
1316900 1892.5
1316910 1892.5
1316920 1885.1
1316930 1876.7
1316940 1876.7
1316950 1871.5
1316960 1867.2
1316970 1867.2
1316980 1862.3
1316990 1855.9
1317000 1855.9
1317010 1847.4
1317020 1843.4
1317030 1843.4
1317040 1838.7
1317050 1832.0
1317060 1832.0
1317070 1824.8
1317080 1818.0
1317090 1818.0
1317100 1811.9
1317110 1807.1
1317120 1807.1
1317130 1800.0
1317140 1792.8
1317150 1784.0
1317160 1784.0
1317170 1775.7
1317180 1764.2
1317190 1764.2
1317200 1755.0
1317210 1746.4
1317220 1746.4
1317230 1737.3
1317240 1729.6
1317250 1729.6
1317260 1721.8
1317270 1714.8
1317280 1714.8
1317290 1709.8
1317300 1706.2
1317310 1706.2
1317320 1702.0
1317330 1695.8
1317340 1695.8
1317350 1690.7
1317360 1683.4
1317370 1683.4
1317380 1677.3
1317390 1671.0
1317400 1664.8
1317410 1664.8
1317420 1659.0
1317430 1653.6
1317440 1653.6
1317450 1649.3
1317460 1644.3
1317470 1644.3
1317480 1638.6
1317490 1633.6
1317500 1633.6
1317510 1628.2
1317520 1622.6
1317530 1622.6
1317540 1618.2
1317550 1614.9
1317560 1614.9
1317570 1611.7
1317580 1607.6
1317590 1607.6
1317600 1602.9
1317610 1597.3
1317620 1597.3
1317630 1589.8
1317640 1583.2
1317650 1576.0
1317660 1576.0
1317670 1569.0
1317680 1562.6
1317690 1562.6
1317700 1555.6
1317710 1547.6
1317720 1547.6
1317730 1541.3
1317740 1537.5
1317750 1537.5
1317760 1531.2
1317770 1523.8
1317780 1523.8
1317790 1515.9
1317800 1506.0
1317810 1506.0
1317820 1495.8
1317830 1484.7
1317840 1484.7
1317850 1475.2
1317860 1469.8
1317870 1469.8
1317880 1465.6
1317890 1457.2
1317900 1452.1
1317910 1452.1
1317920 1446.7
1317930 1442.6
1317940 1442.6
1317950 1439.4
1317960 1436.6
1317970 1436.6
1317980 1433.9
1317990 1430.9
1318000 1430.9
1318010 1426.9
1318020 1420.4
1318030 1420.4
1318040 1416.3
1318050 1413.7
1318060 1413.7
1318070 1411.1
1318080 1407.6
1318090 1407.6
1318100 1404.0
1318110 1400.6
1318120 1400.6
1318130 1396.8
1318140 1393.1
1318150 1389.1
1318160 1389.1
1318170 1387.0
1318180 1385.0
1318190 1385.0
1318200 1383.5
1318210 1381.3
1318220 1381.3
1318230 1378.5
1318240 1375.0
1318250 1375.0
1318260 1370.7
1318270 1366.2
1318280 1366.2
1318290 1362.0
1318300 1358.3
1318310 1358.3
1318320 1355.5
1318330 1352.3
1318340 1352.3
1318350 1347.0
1318360 1342.0
1318370 1342.0
1318380 1339.0
1318390 1335.6
1318400 1332.1
1318410 1332.1
1318420 1329.5
1318430 1326.8
1318440 1326.8
1318450 1323.1
1318460 1320.0
1318470 1320.0
1318480 1315.5
1318490 1310.0
1318500 1310.0
1318510 1305.3
1318520 1300.4
1318530 1300.4
1318540 1295.4
1318550 1290.3
1318560 1290.3
1318570 1284.8
1318580 1279.7
1318590 1279.7
1318600 1275.4
1318610 1272.1
1318620 1272.1
1318630 1268.7
1318640 1263.4
1318650 1253.8
1318660 1253.8
1318670 1246.9
1318680 1241.5
1318690 1241.5
1318700 1240.4
1318710 1238.5
1318720 1238.5
1318730 1234.2
1318740 1228.9
1318750 1228.9
1318760 1224.2
1318770 1216.9
1318780 1216.9
1318790 1209.1
1318800 1200.4
1318810 1200.4
1318820 1193.0
1318830 1186.2
1318840 1186.2
1318850 1180.1
1318860 1174.4
1318870 1174.4
1318880 1173.5
1318890 1173.6
1318900 1173.3
1318910 1173.3
1318920 1175.0
1318930 1174.1
1318940 1174.1
1318950 1173.9
1318960 1175.5
1318970 1175.5
1318980 1177.6
1318990 1177.5
1319000 1177.5
1319010 1175.2
1319020 1172.5
1319030 1172.5
1319040 1169.4
1319050 1165.6
1319060 1165.6
1319070 1161.3
1319080 1156.2
1319090 1156.2
1319100 1151.2
1319110 1146.5
1319120 1146.5
1319130 1142.5
1319140 1138.3
1319150 1133.9
1319160 1133.9
1319170 1129.5
1319180 1125.3
1319190 1125.3
1319200 1121.4
1319210 1117.6
1319220 1117.6
1319230 1113.6
1319240 1109.1
1319250 1109.1
1319260 1104.4
1319270 1099.8
1319280 1099.8
1319290 1095.6
1319300 1091.9
1319310 1091.9
1319320 1088.8
1319330 1085.9
1319340 1085.9
1319350 1083.0
1319360 1078.7
1319370 1078.7
1319380 1073.0
1319390 1067.4
1319400 1062.8
1319410 1062.8
1319420 1054.8
1319430 1049.7
1319440 1049.7
1319450 1045.1
1319460 1040.8
1319470 1040.8
1319480 1036.6
1319490 1032.2
1319500 1032.2
1319510 1027.6
1319520 1022.7
1319530 1022.7
1319540 1017.7
1319550 1012.8
1319560 1012.8
1319570 1007.9
1319580 1003.3
1319590 1003.3
1319600 999.1
1319610 994.8
1319620 994.8
1319630 989.7
1319640 984.4
1319650 979.9
1319660 979.9
1319670 975.2
1319680 970.0
1319690 970.0
1319700 967.5
1319710 965.4
1319720 965.4
1319730 961.7
1319740 958.8
1319750 958.8
1319760 954.7
1319770 951.4
1319780 951.4
1319790 948.2
1319800 943.6
1319810 943.6
1319820 938.4
1319830 932.8
1319840 932.8
1319850 928.5
1319860 922.4
1319870 922.4
1319880 912.5
1319890 899.1
1319900 888.8
1319910 888.8
1319920 878.6
1319930 866.6
1319940 866.6
1319950 856.0
1319960 846.7
1319970 846.7
1319980 837.7
1319990 831.8
