1300000 2182.3
1300010 2180.0
1300020 2176.6
1300030 2179.3
1300040 2175.4
1300050 2171.4
1300060 2171.4
1300070 2165.8
1300080 2159.2
1300090 2159.2
1300100 2153.4
1300110 2148.6
1300120 2148.6
1300130 2145.2
1300140 2142.3
1300150 2142.3
1300160 2139.2
1300170 2137.2
1300180 2134.3
1300190 2134.3
1300200 2130.3
1300210 2126.1
1300220 2126.1
1300230 2122.8
1300240 2120.5
1300250 2120.5
1300260 2118.0
1300270 2113.4
1300280 2113.4
1300290 2109.3
1300300 2103.9
1300310 2103.9
1300320 2098.2
1300330 2092.7
1300340 2092.7
1300350 2086.2
1300360 2079.5
1300370 2079.5
1300380 2073.6
1300390 2067.6
1300400 2067.6
1300410 2061.7
1300420 2055.6
1300430 2050.1
1300440 2050.1
1300450 2045.6
1300460 2041.2
1300470 2041.2
1300480 2036.2
1300490 2031.5
1300500 2031.5
1300510 2026.4
1300520 2022.0
1300530 2022.0
1300540 2017.8
1300550 2016.2
1300560 2016.2
1300570 2015.0
1300580 2012.2
1300590 2012.2
1300600 2007.7
1300610 1999.9
1300620 1999.9
1300630 1992.0
1300640 1985.0
1300650 1985.0
1300660 1978.7
1300670 1973.3
1300680 1969.9
1300690 1969.9
1300700 1965.5
1300710 1959.5
1300720 1964.3
1300730 1958.9
1300740 1954.3
1300750 1954.3
1300760 1951.6
1300770 1947.8
1300780 1947.8
1300790 1945.5
1300800 1943.6
1300810 1943.6
1300820 1941.0
1300830 1938.1
1300840 1938.1
1300850 1934.7
1300860 1930.9
1300870 1930.9
1300880 1926.1
1300890 1920.9
1300900 1920.9
1300910 1914.2
1300920 1906.6
1300930 1898.9
1300940 1898.9
1300950 1891.3
1300960 1884.7
1300970 1884.7
1300980 1879.8
1300990 1874.8
1301000 1874.8
1301010 1868.7
1301020 1860.8
1301030 1860.8
1301040 1854.2
1301050 1849.5
1301060 1849.5
1301070 1844.9
1301080 1839.6
1301090 1839.6
1301100 1832.3
1301110 1825.6
1301120 1825.6
1301130 1822.2
1301140 1821.8
1301150 1821.8
1301160 1821.0
1301170 1819.6
1301180 1818.2
1301190 1818.2
1301200 1816.2
1301210 1811.7
1301220 1811.7
1301230 1807.8
1301240 1803.3
1301250 1803.3
1301260 1798.7
1301270 1794.4
1301280 1794.4
1301290 1790.4
1301300 1787.8
1301310 1787.8
1301320 1786.3
1301330 1784.0
1301340 1784.0
1301350 1780.4
1301360 1775.8
1301370 1775.8
1301380 1771.5
1301390 1766.4
1301400 1766.4
1301410 1760.8
1301420 1760.6
1301430 1755.5
1301440 1755.5
1301450 1749.7
1301460 1743.2
1301470 1743.2
1301480 1737.6
1301490 1732.2
1301500 1732.2
1301510 1727.2
1301520 1722.2
1301530 1722.2
1301540 1717.6
1301550 1713.3
1301560 1713.3
1301570 1708.5
1301580 1703.5
1301590 1703.5
1301600 1698.4
1301610 1693.7
1301620 1693.7
1301630 1688.5
1301640 1683.2
1301650 1683.2
1301660 1678.0
1301670 1671.0
1301680 1663.8
1301690 1663.8
1301700 1656.8
1301710 1648.9
1301720 1648.9
1301730 1640.5
1301740 1632.9
1301750 1632.9
1301760 1625.5
1301770 1618.8
1301780 1618.8
1301790 1612.5
1301800 1606.2
1301810 1606.2
1301820 1599.4
1301830 1592.3
1301840 1592.3
1301850 1586.0
1301860 1582.5
1301870 1582.5
1301880 1579.8
1301890 1576.9
1301900 1576.9
1301910 1574.4
1301920 1571.5
1301930 1568.8
1301940 1568.8
1301950 1567.5
1301960 1565.0
1301970 1565.0
1301980 1562.4
1301990 1559.7
1302000 1559.7
1302010 1556.3
1302020 1552.7
1302030 1552.7
1302040 1548.1
1302050 1543.5
1302060 1543.5
1302070 1539.7
1302080 1535.5
1302090 1535.5
1302100 1529.5
1302110 1525.7
1302120 1525.7
1302130 1519.9
1302140 1515.5
1302150 1515.5
1302160 1512.4
1302170 1511.1
1302180 1511.3
1302190 1511.3
1302200 1510.3
1302210 1512.4
1302220 1512.4
1302230 1517.6
1302240 1523.6
1302250 1523.6
1302260 1527.3
1302270 1529.3
1302280 1529.3
1302290 1532.2
1302300 1536.0
1302310 1536.0
1302320 1539.6
1302330 1542.8
1302340 1542.8
1302350 1546.3
1302360 1550.0
1302370 1550.0
1302380 1554.5
1302390 1559.0
1302400 1559.0
1302410 1563.3
1302420 1568.0
1302430 1573.5
1302440 1573.5
1302450 1578.5
1302460 1581.6
1302470 1581.6
1302480 1585.2
1302490 1590.9
1302500 1590.9
1302510 1597.0
1302520 1601.7
1302530 1601.7
1302540 1605.3
1302550 1608.3
1302560 1608.3
1302570 1611.2
1302580 1614.2
1302590 1614.2
1302600 1619.4
1302610 1627.1
1302620 1627.1
1302630 1633.3
1302640 1637.2
1302650 1637.2
1302660 1639.7
1302670 1643.2
1302680 1647.0
1302690 1647.0
1302700 1651.1
1302710 1653.9
1302720 1653.9
1302730 1655.6
1302740 1658.9
1302750 1658.9
1302760 1663.8
1302770 1668.1
1302780 1668.1
1302790 1673.2
1302800 1676.0
1302810 1675.8
1302820 1677.7
1302830 1680.1
1302840 1680.1
1302850 1683.0
1302860 1687.4
1302870 1687.4
1302880 1693.2
1302890 1698.6
1302900 1698.6
1302910 1703.6
1302920 1707.3
1302930 1712.0
1302940 1712.0
1302950 1717.8
1302960 1722.6
1302970 1722.6
1302980 1726.6
1302990 1729.4
1303000 1729.4
1303010 1732.3
1303020 1735.0
1303030 1735.0
1303040 1737.8
1303050 1740.4
1303060 1740.4
1303070 1742.7
1303080 1747.1
1303090 1747.1
1303100 1753.3
1303110 1756.9
1303120 1756.9
1303130 1760.8
1303140 1765.1
1303150 1765.1
1303160 1768.9
1303170 1771.5
1303180 1774.1
1303190 1774.1
1303200 1776.7
1303210 1779.6
1303220 1779.6
1303230 1782.8
1303240 1786.6
1303250 1786.6
1303260 1791.5
1303270 1797.2
1303280 1797.2
1303290 1801.9
1303300 1805.4
1303310 1805.4
1303320 1807.8
1303330 1810.9
1303340 1810.9
1303350 1815.1
1303360 1819.4
1303370 1819.4
1303380 1823.7
1303390 1827.6
1303400 1827.6
1303410 1832.7
1303420 1838.8
1303430 1844.1
1303440 1844.1
1303450 1849.0
1303460 1853.6
1303470 1853.6
1303480 1857.4
1303490 1860.1
1303500 1860.1
1303510 1866.9
1303520 1869.7
1303530 1869.7
1303540 1872.4
1303550 1875.7
1303560 1875.7
1303570 1879.8
1303580 1884.1
1303590 1884.1
1303600 1887.9
1303610 1890.7
1303620 1890.7
1303630 1894.1
1303640 1899.9
1303650 1899.9
1303660 1905.6
1303670 1909.6
1303680 1912.0
1303690 1912.0
1303700 1914.8
1303710 1917.6
1303720 1917.6
1303730 1921.8
1303740 1926.8
1303750 1926.8
1303760 1932.6
1303770 1938.1
1303780 1938.1
1303790 1942.4
1303800 1946.6
1303810 1946.6
1303820 1950.5
1303830 1954.4
1303840 1954.4
1303850 1959.0
1303860 1963.8
1303870 1963.8
1303880 1969.1
1303890 1974.5
1303900 1974.5
1303910 1980.3
1303920 1984.7
1303930 1988.4
1303940 1988.4
1303950 1991.9
1303960 1995.1
1303970 1995.1
1303980 1998.3
1303990 2001.7
1304000 2001.7
1304010 2005.3
1304020 2008.2
1304030 2008.2
1304040 2010.6
1304050 2012.8
1304060 2012.8
1304070 2017.5
1304080 2023.7
1304090 2023.7
1304100 2027.9
1304110 2031.1
1304120 2031.1
1304130 2035.8
1304140 2041.4
1304150 2041.4
1304160 2045.9
1304170 2048.4
1304180 2048.4
1304190 2052.1
1304200 2054.6
1304210 2056.0
1304220 2056.0
1304230 2057.5
1304240 2057.9
1304250 2057.9
1304260 2059.6
1304270 2063.2
1304280 2063.2
1304290 2067.4
1304300 2071.0
1304310 2071.0
1304320 2074.6
1304330 2078.2
1304340 2078.2
1304350 2083.1
1304360 2088.5
1304370 2088.5
1304380 2093.6
1304390 2100.0
1304400 2100.0
1304410 2106.4
1304420 2111.2
1304430 2111.2
1304440 2114.9
1304450 2117.8
1304460 2120.9
1304470 2120.9
1304480 2125.7
1304490 2130.8
1304500 2130.8
1304510 2135.4
1304520 2135.6
1304530 2135.6
1304540 2133.4
1304550 2132.5
1304560 2132.5
1304570 2132.8
1304580 2136.3
1304590 2136.3
1304600 2138.7
1304610 2139.3
1304620 2139.3
1304630 2144.2
1304640 2148.8
1304650 2148.8
1304660 2150.5
1304670 2152.1
1304680 2152.1
1304690 2155.0
1304700 2156.8
1304710 2157.2
1304720 2157.2
1304730 2160.1
1304740 2163.6
1304750 2163.6
1304760 2166.5
1304770 2167.9
1304780 2167.9
1304790 2170.3
1304800 2172.1
1304810 2172.1
1304820 2173.0
1304830 2175.7
1304840 2175.7
1304850 2179.2
1304860 2182.6
1304870 2182.6
1304880 2185.0
1304890 2186.0
1304900 2186.0
1304910 2189.2
1304920 2195.9
1304930 2195.9
1304940 2200.8
1304950 2204.5
1304960 2208.3
1304970 2208.3
1304980 2213.0
1304990 2217.8
1305000 2217.8
1305010 2220.4
1305020 2222.8
1305030 2222.8
1305040 2225.9
1305050 2227.9
1305060 2227.9
1305070 2228.3
1305080 2229.1
1305090 2229.1
1305100 2231.1
1305110 2228.6
1305120 2228.6
1305130 2222.7
1305140 2220.0
1305150 2220.0
1305160 2221.6
1305170 2223.2
1305180 2223.2
1305190 2225.0
1305200 2226.9
1305210 2228.1
1305220 2228.1
1305230 2230.6
1305240 2232.6
1305250 2232.6
1305260 2233.8
1305270 2234.7
1305280 2234.7
1305290 2230.2
1305300 2228.7
1305310 2228.7
1305320 2230.0
1305330 2233.2
1305340 2233.2
1305350 2235.4
1305360 2235.0
1305370 2235.0
1305380 2233.9
1305390 2232.3
1305400 2232.3
1305410 2229.8
1305420 2225.8
1305430 2225.8
1305440 2220.8
1305450 2216.6
1305460 2214.0
1305470 2214.0
1305480 2213.9
1305490 2216.4
1305500 2216.4
1305510 2219.6
1305520 2223.8
1305530 2223.8
1305540 2229.6
1305550 2235.0
1305560 2235.0
1305570 2239.9
1305580 2245.8
1305590 2245.8
1305600 2249.8
1305610 2250.0
1305620 2250.0
1305630 2245.3
1305640 2238.1
1305650 2238.1
1305660 2231.1
1305670 2223.4
1305680 2223.4
1305690 2215.3
1305700 2206.7
1305710 2198.8
1305720 2198.8
1305730 2193.6
1305740 2188.8
1305750 2188.8
1305760 2184.1
1305770 2177.9
1305780 2177.9
1305790 2171.2
1305800 2165.4
1305810 2165.4
1305820 2158.7
1305830 2154.0
1305840 2154.0
1305850 2151.8
1305860 2148.4
1305870 2148.4
1305880 2144.2
1305890 2141.3
1305900 2141.3
1305910 2138.8
1305920 2137.0
1305930 2137.0
1305940 2135.5
1305950 2132.4
1305960 2128.5
1305970 2128.5
1305980 2125.4
1305990 2122.5
1306000 2122.5
1306010 2120.1
1306020 2118.4
1306030 2118.4
1306040 2115.0
1306050 2108.5
1306060 2108.5
1306070 2102.0
1306080 2095.5
1306090 2095.5
1306100 2087.7
1306110 2079.2
1306120 2079.2
1306130 2072.5
1306140 2070.0
1306150 2070.0
1306160 2065.8
1306170 2058.5
1306180 2058.5
1306190 2050.5
1306200 2044.1
1306210 2037.2
1306220 2037.2
1306230 2031.4
1306240 2026.0
1306250 2026.0
1306260 2020.1
1306270 2014.3
1306280 2014.3
1306290 2010.5
1306300 2006.3
1306310 2006.3
1306320 2000.6
1306330 1994.8
1306340 1996.6
1306350 1991.4
1306360 1986.8
1306370 1986.8
1306380 1981.7
1306390 1976.5
1306400 1976.5
1306410 1970.8
1306420 1964.8
1306430 1964.8
1306440 1958.3
1306450 1951.6
1306460 1945.2
1306470 1945.2
1306480 1939.6
1306490 1934.3
1306500 1934.3
1306510 1927.5
1306520 1921.7
1306530 1921.7
1306540 1916.9
1306550 1911.6
1306560 1911.6
1306570 1905.9
1306580 1898.6
1306590 1898.6
1306600 1891.4
1306610 1885.5
1306620 1885.5
1306630 1881.3
1306640 1878.0
1306650 1878.0
1306660 1880.1
1306670 1884.3
1306680 1884.3
1306690 1886.4
1306700 1889.8
1306710 1894.4
1306720 1894.4
1306730 1899.3
1306740 1905.4
1306750 1905.4
1306760 1912.6
1306770 1919.7
1306780 1919.7
1306790 1927.3
1306800 1934.4
1306810 1934.4
1306820 1941.1
1306830 1947.6
1306840 1947.6
1306850 1952.9
1306860 1957.7
1306870 1957.7
1306880 1963.9
1306890 1971.1
1306900 1971.1
1306910 1977.2
1306920 1982.3
1306930 1982.3
1306940 1986.4
1306950 1990.0
1306960 1993.2
1306970 1993.2
1306980 1998.0
1306990 2005.4
1307000 2005.4
1307010 2011.9
1307020 2016.3
1307030 2016.3
1307040 2020.4
1307050 2025.7
1307060 2026.7
1307070 2030.7
1307080 2035.5
1307090 2035.5
1307100 2039.1
1307110 2042.5
1307120 2042.5
1307130 2046.9
1307140 2052.4
1307150 2052.4
1307160 2057.0
1307170 2062.7
1307180 2062.7
1307190 2068.0
1307200 2071.1
1307210 2072.6
1307220 2072.6
1307230 2075.7
1307240 2081.1
1307250 2081.1
1307260 2087.1
1307270 2093.8
1307280 2093.8
1307290 2098.1
1307300 2100.7
1307310 2100.7
1307320 2104.0
1307330 2108.7
1307340 2108.7
1307350 2113.9
1307360 2119.8
1307370 2119.8
1307380 2126.2
1307390 2132.2
1307400 2132.2
1307410 2134.9
1307420 2138.3
1307430 2138.3
1307440 2142.5
1307450 2145.8
1307460 2149.1
1307470 2149.1
1307480 2152.4
1307490 2155.7
1307500 2155.7
1307510 2159.0
1307520 2163.0
1307530 2163.0
1307540 2168.1
1307550 2172.8
1307560 2172.8
1307570 2176.4
1307580 2177.7
1307590 2177.7
1307600 2179.3
1307610 2180.9
1307620 2180.9
1307630 2183.5
1307640 2187.9
1307650 2187.9
1307660 2193.7
1307670 2196.2
1307680 2196.2
1307690 2196.3
1307700 2197.6
1307710 2199.4
1307720 2199.4
1307730 2201.8
1307740 2206.0
1307750 2206.0
1307760 2209.8
1307770 2215.0
1307780 2215.0
1307790 2216.8
1307800 2219.7
1307810 2219.7
1307820 2225.3
1307830 2232.3
1307840 2232.3
1307850 2239.7
1307860 2249.3
1307870 2249.3
1307880 2258.3
1307890 2261.2
1307900 2261.2
1307910 2261.8
1307920 2262.9
1307930 2262.9
1307940 2263.2
1307950 2262.3
1307960 2262.3
1307970 2261.8
1307980 2261.9
1307990 2261.1
1308000 2261.1
1308010 2262.4
1308020 2265.4
1308030 2265.4
1308040 2269.9
1308050 2275.1
1308060 2275.1
1308070 2280.5
1308080 2286.3
1308090 2286.3
1308100 2291.9
1308110 2298.0
1308120 2298.0
1308130 2305.0
1308140 2311.8
1308150 2311.8
1308160 2318.9
1308170 2327.0
1308180 2327.0
1308190 2333.8
1308200 2339.8
1308210 2339.8
1308220 2344.7
1308230 2349.5
1308240 2354.0
1308250 2354.0
1308260 2358.3
1308270 2363.3
1308280 2363.3
1308290 2367.8
1308300 2369.8
1308310 2369.8
1308320 2365.2
1308330 2361.9
1308340 2361.9
1308350 2353.3
1308360 2345.2
1308370 2345.2
1308380 2337.4
1308390 2327.5
1308400 2327.5
1308410 2317.8
1308420 2310.7
1308430 2310.7
1308440 2304.8
1308450 2300.2
1308460 2300.2
1308470 2296.1
1308480 2292.9
1308490 2287.4
1308500 2287.4
1308510 2283.9
1308520 2280.3
1308530 2280.3
1308540 2276.3
1308550 2272.2
1308560 2272.2
1308570 2266.9
1308580 2261.5
1308590 2261.5
1308600 2258.2
1308610 2255.9
1308620 2255.9
1308630 2255.6
1308640 2251.7
1308650 2251.7
1308660 2244.4
1308670 2237.2
1308680 2237.2
1308690 2230.9
1308700 2223.7
1308710 2223.7
1308720 2207.5
1308730 2195.9
1308740 2187.9
1308750 2187.9
1308760 2180.7
1308770 2174.0
1308780 2174.0
1308790 2167.9
1308800 2161.7
1308810 2161.7
1308820 2155.9
1308830 2152.1
1308840 2152.1
1308850 2150.8
1308860 2150.6
1308870 2150.6
1308880 2150.4
1308890 2150.7
1308900 2150.7
1308910 2150.8
1308920 2150.8
1308930 2150.8
1308940 2150.7
1308950 2150.1
1308960 2150.1
1308970 2149.5
1308980 2148.7
1308990 2147.5
1309000 2147.5
1309010 2146.4
1309020 2145.8
1309030 2145.8
1309040 2144.4
1309050 2143.4
1309060 2143.4
1309070 2143.3
1309080 2143.2
1309090 2143.2
1309100 2143.5
1309110 2143.9
1309120 2143.9
1309130 2144.3
1309140 2145.3
1309150 2145.3
1309160 2146.3
1309170 2147.4
1309180 2147.4
1309190 2148.0
1309200 2148.7
1309210 2148.7
1309220 2147.3
1309230 2144.3
1309240 2141.2
1309250 2141.2
1309260 2138.5
1309270 2136.6
1309280 2136.6
1309290 2135.3
1309300 2133.4
1309310 2133.4
1309320 2131.6
1309330 2129.6
1309340 2129.6
1309350 2126.9
1309360 2124.0
1309370 2124.0
1309380 2121.8
1309390 2120.9
1309400 2120.9
1309410 2119.8
1309420 2118.4
1309430 2118.4
1309440 2113.6
1309450 2109.9
1309460 2109.9
1309470 2112.6
1309480 2115.3
1309490 2115.3
1309500 2115.3
1309510 2115.4
1309520 2115.1
1309530 2115.1
1309540 2115.8
1309550 2116.3
1309560 2116.3
1309570 2115.7
1309580 2114.9
1309590 2114.9
1309600 2116.1
1309610 2117.5
1309620 2117.5
1309630 2119.1
1309640 2121.3
1309650 2121.3
1309660 2123.5
1309670 2124.3
1309680 2124.3
1309690 2125.4
1309700 2126.4
1309710 2126.4
1309720 2129.1
1309730 2131.5
1309740 2133.6
1309750 2133.6
1309760 2135.8
1309770 2137.6
1309780 2137.6
1309790 2138.6
1309800 2138.4
1309810 2138.4
1309820 2136.9
1309830 2134.8
1309840 2134.8
1309850 2133.4
1309860 2132.4
1309870 2132.4
1309880 2130.7
1309890 2128.9
1309900 2128.9
1309910 2126.9
1309920 2127.9
1309930 2127.9
1309940 2131.1
1309950 2138.1
1309960 2138.1
1309970 2140.7
1309980 2143.2
1309990 2145.8
1310000 2145.8
1310010 2149.4
1310020 2152.8
1310030 2152.8
1310040 2156.4
1310050 2158.9
1310060 2158.9
1310070 2162.1
1310080 2165.9
1310090 2165.9
1310100 2170.0
1310110 2173.0
1310120 2173.0
1310130 2174.8
1310140 2175.8
1310150 2175.8
1310160 2175.3
1310170 2173.6
1310180 2173.6
1310190 2173.5
1310200 2173.3
1310210 2173.3
1310220 2174.0
1310230 2175.7
1310240 2175.4
1310250 2175.4
1310260 2171.6
1310270 2169.9
1310280 2169.9
1310290 2169.1
1310300 2167.6
1310310 2167.6
1310320 2165.5
1310330 2163.3
1310340 2163.3
1310350 2161.4
1310360 2159.9
1310370 2159.9
1310380 2158.5
1310390 2156.6
1310400 2156.6
1310410 2155.4
1310420 2154.8
1310430 2154.8
1310440 2155.0
1310450 2154.9
1310460 2154.9
1310470 2153.7
1310480 2152.7
1310490 2153.0
1310500 2153.0
1310510 2154.9
1310520 2156.5
1310530 2156.5
1310540 2156.3
1310550 2154.7
1310560 2154.7
1310570 2153.3
1310580 2151.2
1310590 2151.2
1310600 2148.9
1310610 2147.1
1310620 2147.1
1310630 2146.6
1310640 2145.4
1310650 2145.4
1310660 2143.6
1310670 2142.1
1310680 2144.2
1310690 2143.2
1310700 2142.2
1310710 2142.2
1310720 2141.0
1310730 2138.6
1310740 2137.0
1310750 2137.0
1310760 2136.0
1310770 2133.4
1310780 2133.4
1310790 2129.9
1310800 2126.1
1310810 2126.1
1310820 2122.7
1310830 2120.5
1310840 2120.5
1310850 2119.6
1310860 2118.6
1310870 2118.6
1310880 2119.0
1310890 2117.1
1310900 2117.1
1310910 2113.9
1310920 2111.4
1310930 2111.4
1310940 2109.8
1310950 2106.9
1310960 2106.9
1310970 2106.4
1310980 2105.7
1310990 2104.3
1311000 2104.3
1311010 2102.3
1311020 2100.3
1311030 2100.3
1311040 2097.8
1311050 2095.0
1311060 2095.0
1311070 2091.5
1311080 2089.1
1311090 2089.1
1311100 2086.9
1311110 2084.5
1311120 2084.5
1311130 2082.4
1311140 2080.4
1311150 2080.4
1311160 2079.5
1311170 2078.1
1311180 2078.1
1311190 2075.4
1311200 2073.9
1311210 2073.9
1311220 2073.6
1311230 2072.4
1311240 2070.3
1311250 2070.3
1311260 2067.7
1311270 2065.0
1311280 2065.0
1311290 2062.7
1311300 2060.1
1311310 2060.1
1311320 2056.8
1311330 2053.0
1311340 2053.0
1311350 2049.2
1311360 2046.3
1311370 2046.3
1311380 2044.5
1311390 2044.4
1311400 2044.4
1311410 2045.3
1311420 2045.5
1311430 2045.5
1311440 2043.1
1311450 2041.5
1311460 2041.5
1311470 2041.7
1311480 2042.4
1311490 2043.0
1311500 2043.0
1311510 2042.6
1311520 2042.0
1311530 2042.0
1311540 2041.5
1311550 2040.9
1311560 2040.9
1311570 2041.5
1311580 2042.1
1311590 2042.1
1311600 2042.0
1311610 2042.7
1311620 2042.7
1311630 2043.4
1311640 2044.0
1311650 2044.0
1311660 2044.7
1311670 2045.1
1311680 2045.1
1311690 2044.4
1311700 2043.6
1311710 2043.6
1311720 2044.4
1311730 2045.9
1311740 2048.9
1311750 2048.9
1311760 2049.1
1311770 2048.6
1311780 2048.6
1311790 2050.0
1311800 2053.1
1311810 2053.1
1311820 2055.9
1311830 2057.1
1311840 2057.1
1311850 2057.9
1311860 2057.7
1311870 2057.7
1311880 2057.1
1311890 2056.8
1311900 2056.8
1311910 2056.5
1311920 2055.1
1311930 2055.1
1311940 2052.9
1311950 2051.0
1311960 2051.0
1311970 2049.7
1311980 2049.6
1311990 2050.7
1312000 2050.7
1312010 2053.9
1312020 2058.6
1312030 2058.6
1312040 2062.7
1312050 2066.1
1312060 2066.1
1312070 2069.6
1312080 2072.8
1312090 2072.8
1312100 2076.3
1312110 2079.3
1312120 2079.3
1312130 2081.7
1312140 2083.4
1312150 2081.6
1312160 2084.6
1312170 2086.0
1312180 2086.0
1312190 2086.3
1312200 2086.3
1312210 2086.3
1312220 2086.0
1312230 2085.3
1312240 2085.3
1312250 2084.0
1312260 2082.1
1312270 2080.8
1312280 2080.8
1312290 2079.6
1312300 2078.5
1312310 2078.5
1312320 2077.3
1312330 2076.8
1312340 2076.8
1312350 2077.9
1312360 2079.9
1312370 2079.9
1312380 2081.8
1312390 2082.6
1312400 2082.6
1312410 2082.4
1312420 2083.6
1312430 2083.6
1312440 2086.7
1312450 2091.2
1312460 2091.2
1312470 2093.5
1312480 2093.5
1312490 2093.5
1312500 2093.7
1312510 2094.7
1312520 2095.8
1312530 2095.8
1312540 2096.7
1312550 2097.0
1312560 2097.0
1312570 2097.3
1312580 2097.5
1312590 2097.5
1312600 2097.3
1312610 2096.4
1312620 2096.4
1312630 2096.3
1312640 2097.2
1312650 2097.2
1312660 2098.4
1312670 2099.0
1312680 2099.0
1312690 2099.3
1312700 2099.7
1312710 2099.7
1312720 2100.2
1312730 2100.3
1312740 2100.3
1312750 2099.8
1312760 2098.7
1312770 2097.9
1312780 2097.9
1312790 2097.1
1312800 2096.0
1312810 2096.0
1312820 2095.1
1312830 2096.0
1312840 2096.0
1312850 2097.4
1312860 2099.5
1312870 2099.5
1312880 2101.3
1312890 2099.1
1312900 2099.1
1312910 2100.4
1312920 2103.3
1312930 2103.3
1312940 2105.3
1312950 2105.0
1312960 2105.0
1312970 2106.8
1312980 2109.5
1312990 2109.5
1313000 2110.6
1313010 2111.4
1313020 2113.2
1313030 2113.2
1313040 2115.0
1313050 2117.1
1313060 2117.1
1313070 2120.1
1313080 2120.7
1313090 2120.7
1313100 2121.2
1313110 2122.6
1313120 2122.6
1313130 2125.0
1313140 2126.4
1313150 2126.4
1313160 2126.7
1313170 2126.1
1313180 2126.1
1313190 2125.2
1313200 2125.0
1313210 2125.0
1313220 2125.2
1313230 2125.4
1313240 2125.4
1313250 2126.0
1313260 2128.5
1313270 2131.0
1313280 2131.0
1313290 2131.7
1313300 2132.8
1313310 2132.8
1313320 2134.3
1313330 2136.8
1313340 2136.8
1313350 2139.5
1313360 2142.3
1313370 2142.3
1313380 2144.9
1313390 2148.3
1313400 2148.3
1313410 2151.6
1313420 2154.4
1313430 2154.4
1313440 2158.1
1313450 2161.7
1313460 2161.7
1313470 2166.1
1313480 2169.8
1313490 2169.8
1313500 2173.8
1313510 2180.3
1313520 2185.8
1313530 2185.8
1313540 2190.6
1313550 2193.9
1313560 2193.9
1313570 2195.9
1313580 2197.3
1313590 2197.3
1313600 2198.4
1313610 2199.1
1313620 2199.1
1313630 2195.5
1313640 2198.1
1313650 2198.1
1313660 2200.0
1313670 2201.7
1313680 2201.7
1313690 2202.2
1313700 2204.0
1313710 2204.0
1313720 2205.3
1313730 2208.0
1313740 2208.0
1313750 2213.3
1313760 2217.5
1313770 2220.3
1313780 2220.3
1313790 2223.0
1313800 2225.5
1313810 2225.5
1313820 2227.1
1313830 2229.2
1313840 2229.2
1313850 2233.4
1313860 2239.0
1313870 2239.0
1313880 2243.7
1313890 2247.9
1313900 2247.9
1313910 2252.2
1313920 2256.9
1313930 2256.9
1313940 2261.9
1313950 2267.3
1313960 2267.3
1313970 2272.3
1313980 2274.9
1313990 2274.9
1314000 2275.2
1314010 2271.3
1314020 2266.0
1314030 2266.0
1314040 2261.8
1314050 2258.2
1314060 2258.2
1314070 2256.1
1314080 2255.3
1314090 2255.3
1314100 2254.5
1314110 2255.0
1314120 2255.0
1314130 2255.8
1314140 2256.5
1314150 2256.5
1314160 2257.7
1314170 2258.8
1314180 2258.8
1314190 2259.3
1314200 2259.5
1314210 2259.5
1314220 2259.4
1314230 2259.4
1314240 2259.4
1314250 2259.8
1314260 2260.6
1314270 2261.5
1314280 2261.5
1314290 2262.3
1314300 2263.3
1314310 2263.3
1314320 2264.4
1314330 2265.8
1314340 2265.8
1314350 2264.7
1314360 2258.7
1314370 2260.2
1314380 2251.3
1314390 2242.4
1314400 2242.4
1314410 2235.4
1314420 2229.1
1314430 2229.1
1314440 2222.3
1314450 2216.6
1314460 2216.6
1314470 2211.5
1314480 2208.7
1314490 2208.7
1314500 2208.9
1314510 2211.8
1314520 2214.1
1314530 2214.1
1314540 2213.9
1314550 2214.1
1314560 2214.1
1314570 2214.1
1314580 2213.0
1314590 2213.0
1314600 2208.4
1314610 2203.4
1314620 2203.4
1314630 2199.1
1314640 2194.9
1314650 2194.9
1314660 2190.4
1314670 2187.1
1314680 2187.1
1314690 2187.0
1314700 2186.3
1314710 2186.3
1314720 2185.4
1314730 2183.0
1314740 2183.0
1314750 2181.5
1314760 2180.1
1314770 2179.6
1314780 2179.6
1314790 2180.6
1314800 2181.3
1314810 2181.3
1314820 2179.1
1314830 2173.6
1314840 2173.6
1314850 2169.1
1314860 2166.1
1314870 2166.1
1314880 2164.2
1314890 2162.2
1314900 2162.2
1314910 2159.0
1314920 2160.8
1314930 2160.8
1314940 2164.3
1314950 2162.6
1314960 2162.6
1314970 2158.4
1314980 2158.9
1314990 2158.9
1315000 2159.5
1315010 2161.4
1315020 2162.9
1315030 2162.9
1315040 2163.2
1315050 2165.0
1315060 2165.0
1315070 2167.0
1315080 2169.0
1315090 2169.0
1315100 2171.8
1315110 2173.9
1315120 2177.9
1315130 2181.2
1315140 2181.4
1315150 2181.4
1315160 2181.2
1315170 2181.7
1315180 2181.7
1315190 2181.7
1315200 2181.0
1315210 2181.0
1315220 2181.8
1315230 2183.5
1315240 2183.5
1315250 2183.3
1315260 2182.0
1315270 2183.0
1315280 2183.0
1315290 2184.8
1315300 2186.6
1315310 2186.6
1315320 2188.1
1315330 2186.6
1315340 2186.6
1315350 2183.2
1315360 2179.1
1315370 2179.1
1315380 2178.1
1315390 2175.3
1315400 2175.3
1315410 2169.9
1315420 2164.5
1315430 2164.5
1315440 2161.8
1315450 2158.2
1315460 2158.2
1315470 2156.5
1315480 2154.6
1315490 2154.6
1315500 2151.3
1315510 2149.3
1315520 2148.2
1315530 2148.2
1315540 2145.9
1315550 2144.5
1315560 2144.5
1315570 2146.3
1315580 2144.1
1315590 2144.1
1315600 2144.0
1315610 2140.2
1315620 2140.2
1315630 2133.4
1315640 2126.2
1315650 2126.2
1315660 2121.9
1315670 2119.2
1315680 2119.2
1315690 2117.4
1315700 2117.4
1315710 2117.4
1315720 2116.8
1315730 2116.9
1315740 2116.9
1315750 2115.5
1315760 2113.3
1315770 2114.5
1315780 2114.5
1315790 2116.4
1315800 2118.5
1315810 2118.5
1315820 2120.8
1315830 2123.4
1315840 2123.4
1315850 2125.0
1315860 2124.3
1315870 2124.3
1315880 2126.6
1315890 2126.6
1315900 2126.6
1315910 2125.9
1315920 2124.9
1315930 2124.9
1315940 2121.9
1315950 2116.4
1315960 2116.4
1315970 2112.2
1315980 2106.6
1315990 2106.6
1316000 2103.1
1316010 2101.3
1316020 2100.2
1316030 2100.2
1316040 2100.2
1316050 2101.5
1316060 2101.5
1316070 2103.6
1316080 2105.4
1316090 2105.4
1316100 2108.5
1316110 2112.2
1316120 2112.2
1316130 2114.9
1316140 2117.3
1316150 2117.3
1316160 2119.6
1316170 2122.0
1316180 2122.0
1316190 2124.7
1316200 2126.5
1316210 2126.5
1316220 2126.7
1316230 2125.4
1316240 2125.4
1316250 2123.8
1316260 2121.8
1316270 2117.1
1316280 2117.1
1316290 2112.1
1316300 2109.0
1316310 2109.0
1316320 2107.0
1316330 2104.8
1316340 2104.8
1316350 2102.8
1316360 2102.9
1316370 2102.9
1316380 2103.8
1316390 2104.6
1316400 2104.6
1316410 2105.5
1316420 2104.3
1316430 2104.3
1316440 2100.7
1316450 2095.8
1316460 2095.8
1316470 2092.1
1316480 2087.5
1316490 2087.5
1316500 2082.5
1316510 2078.5
1316520 2076.2
1316530 2076.2
1316540 2073.0
1316550 2067.7
1316560 2067.7
1316570 2061.8
1316580 2055.1
1316590 2055.1
1316600 2047.0
1316610 2038.2
1316620 2038.2
1316630 2027.9
1316640 2021.9
1316650 2021.9
1316660 2014.3
1316670 2007.5
1316680 2007.5
1316690 1998.2
1316700 1991.6
1316710 1991.6
1316720 1987.8
1316730 1983.1
1316740 1983.1
1316750 1975.6
1316760 1971.3
1316770 1971.3
1316780 1963.5
1316790 1954.4
1316800 1948.5
1316810 1948.5
1316820 1943.5
1316830 1938.1
1316840 1938.1
1316850 1930.5
1316860 1923.1
1316870 1923.1
1316880 1915.2
1316890 1909.4
1316900 1909.4
1316910 1903.9
1316920 1897.5
1316930 1897.5
1316940 1891.0
1316950 1885.0
1316960 1885.0
1316970 1874.6
1316980 1863.0
1316990 1863.0
1317000 1856.4
1317010 1853.5
1317020 1853.5
1317030 1849.1
1317040 1843.6
1317050 1838.0
1317060 1838.0
1317070 1832.8
1317080 1827.5
1317090 1827.5
1317100 1822.2
1317110 1817.7
1317120 1817.7
1317130 1813.3
1317140 1810.4
1317150 1810.4
1317160 1808.7
1317170 1805.9
1317180 1805.9
1317190 1802.8
1317200 1801.0
1317210 1801.0
1317220 1796.7
1317230 1792.2
1317240 1792.2
1317250 1787.9
1317260 1784.0
1317270 1784.0
1317280 1778.3
1317290 1771.9
1317300 1765.8
1317310 1765.8
1317320 1760.0
1317330 1753.9
1317340 1753.9
1317350 1746.4
1317360 1739.9
1317370 1739.9
1317380 1732.8
1317390 1724.0
1317400 1724.0
1317410 1717.4
1317420 1711.9
1317430 1711.9
1317440 1707.4
1317450 1702.5
1317460 1702.5
1317470 1696.5
1317480 1690.2
1317490 1690.2
1317500 1684.3
1317510 1680.4
1317520 1680.4
1317530 1677.2
1317540 1674.4
1317550 1672.4
1317560 1672.4
1317570 1670.1
1317580 1665.7
1317590 1665.7
1317600 1659.9
1317610 1655.5
1317620 1655.5
1317630 1652.5
1317640 1648.0
1317650 1648.0
1317660 1644.4
1317670 1639.1
1317680 1639.1
1317690 1633.5
1317700 1628.5
1317710 1628.5
1317720 1623.0
1317730 1618.6
1317740 1618.6
1317750 1615.6
1317760 1612.9
1317770 1612.9
1317780 1612.7
1317790 1614.0
1317800 1616.3
1317810 1616.3
1317820 1617.2
1317830 1616.6
1317840 1616.6
1317850 1612.9
1317860 1610.0
1317870 1610.0
1317880 1608.4
1317890 1605.6
1317900 1605.6
1317910 1601.1
1317920 1595.8
1317930 1595.8
1317940 1592.3
1317950 1589.8
1317960 1589.8
1317970 1586.3
1317980 1583.1
1317990 1583.1
1318000 1579.9
1318010 1574.7
1318020 1574.7
1318030 1569.3
1318040 1565.7
1318050 1562.9
1318060 1562.9
1318070 1560.1
1318080 1557.6
1318090 1557.6
1318100 1555.0
1318110 1552.2
1318120 1552.2
1318130 1549.4
1318140 1546.6
1318150 1546.6
1318160 1538.3
1318170 1536.1
1318180 1536.1
1318190 1533.9
1318200 1531.5
1318210 1531.5
1318220 1529.0
1318230 1527.6
1318240 1527.6
1318250 1526.7
1318260 1521.8
1318270 1521.8
1318280 1514.1
1318290 1505.9
1318300 1500.0
1318310 1500.0
1318320 1495.4
1318330 1490.8
1318340 1490.8
1318350 1485.5
1318360 1479.4
1318370 1479.4
1318380 1472.7
1318390 1467.0
1318400 1467.0
1318410 1462.9
1318420 1458.2
1318430 1458.2
1318440 1452.2
1318450 1443.9
1318460 1443.9
1318470 1435.6
1318480 1427.1
1318490 1427.1
1318500 1418.8
1318510 1412.4
1318520 1412.4
1318530 1406.9
1318540 1401.5
1318550 1396.8
1318560 1396.8
1318570 1392.4
1318580 1386.4
1318590 1386.4
1318600 1376.7
1318610 1368.4
1318620 1368.4
1318630 1362.7
1318640 1358.4
1318650 1358.4
1318660 1355.4
1318670 1351.5
1318680 1351.5
1318690 1346.7
1318700 1342.9
1318710 1342.9
1318720 1339.3
1318730 1335.2
1318740 1335.2
1318750 1331.1
1318760 1328.6
1318770 1328.6
1318780 1327.3
1318790 1325.2
1318800 1320.6
1318810 1320.6
1318820 1313.3
1318830 1305.1
1318840 1305.1
1318850 1299.7
1318860 1298.1
1318870 1298.1
1318880 1294.2
1318890 1287.2
1318900 1287.2
1318910 1283.8
1318920 1281.0
1318930 1281.0
1318940 1276.9
1318950 1273.1
1318960 1273.1
1318970 1268.7
1318980 1263.1
1318990 1263.1
1319000 1256.8
1319010 1248.4
1319020 1248.4
1319030 1236.9
1319040 1226.0
1319050 1216.0
1319060 1216.0
1319070 1206.9
1319080 1200.0
1319090 1200.0
1319100 1194.5
1319110 1193.6
1319120 1193.6
1319130 1191.6
1319140 1182.5
1319150 1182.5
1319160 1172.2
1319170 1166.8
1319180 1166.8
1319190 1166.6
1319200 1166.4
1319210 1166.4
1319220 1167.6
1319230 1168.7
1319240 1168.7
1319250 1169.7
1319260 1170.2
1319270 1170.2
1319280 1168.6
1319290 1171.4
1319300 1173.5
1319310 1173.5
1319320 1178.1
1319330 1175.4
1319340 1175.4
1319350 1171.0
1319360 1166.1
1319370 1166.1
1319380 1160.6
1319390 1155.2
1319400 1155.2
1319410 1151.0
1319420 1147.5
1319430 1147.5
1319440 1144.5
1319450 1143.7
1319460 1143.7
1319470 1143.8
1319480 1145.4
1319490 1145.4
1319500 1146.8
1319510 1146.4
1319520 1146.4
1319530 1144.2
1319540 1142.8
1319550 1142.3
1319560 1142.3
1319570 1140.1
1319580 1137.5
1319590 1137.5
1319600 1136.4
1319610 1135.3
1319620 1135.3
1319630 1134.3
1319640 1134.4
1319650 1134.4
1319660 1133.3
1319670 1130.9
1319680 1130.9
1319690 1123.1
1319700 1119.6
1319710 1119.6
1319720 1116.7
1319730 1114.2
1319740 1114.2
1319750 1112.0
1319760 1110.4
1319770 1110.4
1319780 1109.9
1319790 1109.7
1319800 1108.3
1319810 1108.3
1319820 1106.2
1319830 1100.9
1319840 1100.9
1319850 1092.1
1319860 1086.9
1319870 1086.9
1319880 1083.1
1319890 1080.3
1319900 1080.3
1319910 1076.8
1319920 1072.5
1319930 1072.5
1319940 1067.8
1319950 1062.5
1319960 1062.5
1319970 1056.7
1319980 1051.6
1319990 1051.6
