1300000 2140.6
1300010 2140.6
1300020 2138.0
1300030 2134.5
1300040 2134.5
1300050 2130.1
1300060 2124.9
1300070 2124.9
1300080 2118.6
1300090 2112.8
1300100 2112.8
1300110 2108.3
1300120 2105.0
1300130 2105.0
1300140 2102.9
1300150 2100.3
1300160 2097.0
1300170 2097.0
1300180 2093.2
1300190 2088.4
1300200 2088.4
1300210 2083.4
1300220 2079.3
1300230 2079.3
1300240 2075.7
1300250 2071.6
1300260 2071.6
1300270 2067.0
1300280 2062.5
1300290 2062.5
1300300 2057.1
1300310 2051.8
1300320 2051.8
1300330 2046.3
1300340 2042.0
1300350 2042.0
1300360 2038.1
1300370 2034.1
1300380 2034.1
1300390 2029.3
1300400 2025.5
1300410 2021.8
1300420 2021.8
1300430 2017.6
1300440 2012.8
1300450 2012.8
1300460 2007.6
1300470 2002.7
1300480 2002.7
1300490 1997.3
1300500 1991.5
1300510 1991.5
1300520 1985.4
1300530 1979.0
1300540 1979.0
1300550 1972.1
1300560 1965.2
1300570 1965.2
1300580 1958.3
1300590 1952.1
1300600 1952.1
1300610 1946.0
1300620 1940.5
1300630 1940.5
1300640 1935.1
1300650 1929.9
1300660 1924.8
1300670 1924.8
1300680 1920.0
1300690 1915.0
1300700 1915.0
1300710 1910.3
1300720 1905.9
1300730 1905.9
1300740 1901.6
1300750 1897.1
1300760 1897.1
1300770 1892.7
1300780 1888.2
1300790 1888.2
1300800 1883.3
1300810 1878.9
1300820 1878.9
1300830 1874.4
1300840 1869.2
1300850 1869.2
1300860 1864.7
1300870 1861.1
1300880 1861.1
1300890 1857.5
1300900 1853.3
1300910 1849.5
1300920 1849.5
1300930 1845.9
1300940 1841.6
1300950 1841.6
1300960 1837.5
1300970 1832.8
1300980 1832.8
1300990 1827.5
1301000 1823.8
1301010 1823.8
1301020 1821.2
1301030 1819.0
1301040 1819.0
1301050 1816.5
1301060 1813.6
1301070 1813.6
1301080 1810.4
1301090 1807.0
1301100 1807.0
1301110 1803.2
1301120 1800.4
1301130 1805.3
1301140 1802.2
1301150 1798.6
1301160 1798.6
1301170 1793.7
1301180 1788.2
1301190 1782.6
1301200 1782.6
1301210 1777.8
1301220 1772.6
1301230 1772.6
1301240 1767.7
1301250 1762.0
1301260 1762.0
1301270 1757.4
1301280 1753.8
1301290 1753.8
1301300 1751.0
1301310 1747.9
1301320 1747.9
1301330 1744.4
1301340 1740.6
1301350 1740.6
1301360 1736.7
1301370 1731.2
1301380 1731.2
1301390 1725.3
1301400 1720.5
1301410 1720.5
1301420 1715.5
1301430 1709.8
1301440 1704.0
1301450 1704.0
1301460 1699.3
1301470 1696.4
1301480 1696.4
1301490 1693.8
1301500 1692.1
1301510 1692.1
1301520 1691.0
1301530 1689.7
1301540 1689.7
1301550 1688.0
1301560 1685.3
1301570 1685.3
1301580 1682.2
1301590 1679.2
1301600 1679.2
1301610 1674.5
1301620 1668.7
1301630 1668.7
1301640 1664.0
1301650 1657.8
1301660 1657.8
1301670 1651.4
1301680 1646.3
1301690 1641.5
1301700 1641.5
1301710 1636.5
1301720 1630.9
1301730 1630.9
1301740 1625.6
1301750 1621.9
1301760 1621.9
1301770 1618.8
1301780 1615.6
1301790 1615.6
1301800 1611.7
1301810 1607.5
1301820 1608.3
1301830 1604.2
1301840 1600.1
1301850 1600.1
1301860 1595.2
1301870 1590.6
1301880 1590.6
1301890 1586.6
1301900 1582.7
1301910 1582.7
1301920 1578.8
1301930 1574.2
1301940 1570.0
1301950 1570.0
1301960 1566.4
1301970 1563.6
1301980 1563.6
1301990 1561.1
1302000 1558.2
1302010 1558.2
1302020 1553.9
1302030 1548.3
1302040 1548.3
1302050 1541.7
1302060 1535.1
1302070 1535.1
1302080 1528.8
1302090 1523.2
1302100 1523.2
1302110 1519.2
1302120 1515.4
1302130 1515.4
1302140 1509.5
1302150 1503.7
1302160 1503.7
1302170 1501.3
1302180 1504.9
1302190 1511.6
1302200 1511.6
1302210 1516.9
1302220 1519.5
1302230 1519.5
1302240 1522.1
1302250 1525.7
1302260 1525.7
1302270 1529.3
1302280 1532.8
1302290 1532.8
1302300 1537.4
1302310 1542.9
1302320 1542.9
1302330 1548.3
1302340 1553.1
1302350 1553.1
1302360 1557.2
1302370 1561.9
1302380 1561.9
1302390 1566.7
1302400 1571.9
1302410 1571.9
1302420 1575.7
1302430 1577.8
1302440 1579.2
1302450 1579.2
1302460 1580.4
1302470 1582.0
1302480 1582.0
1302490 1583.7
1302500 1586.0
1302510 1586.0
1302520 1589.2
1302530 1592.6
1302540 1592.6
1302550 1596.2
1302560 1601.0
1302570 1601.0
1302580 1604.1
1302590 1607.2
1302600 1607.2
1302610 1610.4
1302620 1614.5
1302630 1614.5
1302640 1620.3
1302650 1625.8
1302660 1625.8
1302670 1629.0
1302680 1632.8
1302690 1637.6
1302700 1637.6
1302710 1643.8
1302720 1650.9
1302730 1650.9
1302740 1658.6
1302750 1666.1
1302760 1666.1
1302770 1672.5
1302780 1675.5
1302790 1675.5
1302800 1678.4
1302810 1680.8
1302820 1680.8
1302830 1682.3
1302840 1684.3
1302850 1684.3
1302860 1684.9
1302870 1685.3
1302880 1685.3
1302890 1689.5
1302900 1693.0
1302910 1693.0
1302920 1697.4
1302930 1699.3
1302940 1702.2
1302950 1702.2
1302960 1704.7
1302970 1710.0
1302980 1710.0
1302990 1716.2
1303000 1721.4
1303010 1721.4
1303020 1726.4
1303030 1731.5
1303040 1731.5
1303050 1736.1
1303060 1740.0
1303070 1740.0
1303080 1743.0
1303090 1745.2
1303100 1745.2
1303110 1747.9
1303120 1749.9
1303130 1749.9
1303140 1751.1
1303150 1754.0
1303160 1754.0
1303170 1756.6
1303180 1758.0
1303190 1760.4
1303200 1760.4
1303210 1764.7
1303220 1767.8
1303230 1767.8
1303240 1772.7
1303250 1778.1
1303260 1778.1
1303270 1782.5
1303280 1784.3
1303290 1784.3
1303300 1786.2
1303310 1788.6
1303320 1788.6
1303330 1793.6
1303340 1799.7
1303350 1799.7
1303360 1803.8
1303370 1807.0
1303380 1807.0
1303390 1814.3
1303400 1821.8
1303410 1821.8
1303420 1827.6
1303430 1836.1
1303440 1844.6
1303450 1844.6
1303460 1850.2
1303470 1854.2
1303480 1854.2
1303490 1858.6
1303500 1863.0
1303510 1863.0
1303520 1866.0
1303530 1868.4
1303540 1868.4
1303550 1870.9
1303560 1874.1
1303570 1874.1
1303580 1879.6
1303590 1885.4
1303600 1885.4
1303610 1890.2
1303620 1895.8
1303630 1895.8
1303640 1899.7
1303650 1902.0
1303660 1902.0
1303670 1903.5
1303680 1905.2
1303690 1906.6
1303700 1906.6
1303710 1907.5
1303720 1907.6
1303730 1907.6
1303740 1908.4
1303750 1910.9
1303760 1910.9
1303770 1914.4
1303780 1918.7
1303790 1918.7
1303800 1925.3
1303810 1932.1
1303820 1932.1
1303830 1938.1
1303840 1943.4
1303850 1943.4
1303860 1946.8
1303870 1949.7
1303880 1949.7
1303890 1954.6
1303900 1960.2
1303910 1960.2
1303920 1963.7
1303930 1968.6
1303940 1973.1
1303950 1973.1
1303960 1977.5
1303970 1981.5
1303980 1981.5
1303990 1984.8
1304000 1988.4
1304010 1988.4
1304020 1992.4
1304030 1996.0
1304040 1996.0
1304050 1998.6
1304060 2000.0
1304070 2000.0
1304080 2002.3
1304090 2004.2
1304100 2004.2
1304110 2006.3
1304120 2010.1
1304130 2010.1
1304140 2016.9
1304150 2023.3
1304160 2023.3
1304170 2028.5
1304180 2032.9
1304190 2040.0
1304200 2040.0
1304210 2045.8
1304220 2049.9
1304230 2049.9
1304240 2051.7
1304250 2053.4
1304260 2053.4
1304270 2056.1
1304280 2060.3
1304290 2060.3
1304300 2065.0
1304310 2070.1
1304320 2070.1
1304330 2076.0
1304340 2080.6
1304350 2080.6
1304360 2082.0
1304370 2083.0
1304380 2083.0
1304390 2086.9
1304400 2091.2
1304410 2091.2
1304420 2093.9
1304430 2097.4
1304440 2097.9
1304450 2097.9
1304460 2098.4
1304470 2099.0
1304480 2099.0
1304490 2101.3
1304500 2102.3
1304510 2102.3
1304520 2100.7
1304530 2099.9
1304540 2099.9
1304550 2102.8
1304560 2106.9
1304570 2106.9
1304580 2109.1
1304590 2110.0
1304600 2110.0
1304610 2110.5
1304620 2114.5
1304630 2116.4
1304640 2119.6
1304650 2121.3
1304660 2121.3
1304670 2123.9
1304680 2127.6
1304690 2127.6
1304700 2130.8
1304710 2133.3
1304720 2136.6
1304730 2136.6
1304740 2141.2
1304750 2145.8
1304760 2145.8
1304770 2150.8
1304780 2155.7
1304790 2155.7
1304800 2161.3
1304810 2167.0
1304820 2167.0
1304830 2171.2
1304840 2174.8
1304850 2174.8
1304860 2177.5
1304870 2180.0
1304880 2180.0
1304890 2182.1
1304900 2183.8
1304910 2183.8
1304920 2182.5
1304930 2176.7
1304940 2176.7
1304950 2171.5
1304960 2171.7
1304970 2178.7
1304980 2178.7
1304990 2185.1
1305000 2191.0
1305010 2191.0
1305020 2195.0
1305030 2197.6
1305040 2197.6
1305050 2199.5
1305060 2200.7
1305070 2200.7
1305080 2201.0
1305090 2199.6
1305100 2199.6
1305110 2199.1
1305120 2202.0
1305130 2202.0
1305140 2198.3
1305150 2196.4
1305160 2196.4
1305170 2199.0
1305180 2204.4
1305190 2204.4
1305200 2208.3
1305210 2206.9
1305220 2201.6
1305230 2201.6
1305240 2197.2
1305250 2192.8
1305260 2192.8
1305270 2188.2
1305280 2184.3
1305290 2184.3
1305300 2179.9
1305310 2176.7
1305320 2176.7
1305330 2175.7
1305340 2173.8
1305350 2173.8
1305360 2171.2
1305370 2168.2
1305380 2168.2
1305390 2164.9
1305400 2161.4
1305410 2161.4
1305420 2158.5
1305430 2156.5
1305440 2156.5
1305450 2155.5
1305460 2154.1
1305470 2152.0
1305480 2152.0
1305490 2149.8
1305500 2148.1
1305510 2148.1
1305520 2148.5
1305530 2151.0
1305540 2151.0
1305550 2153.1
1305560 2154.7
1305570 2154.7
1305580 2156.5
1305590 2158.6
1305600 2158.6
1305610 2161.0
1305620 2163.2
1305630 2163.2
1305640 2166.4
1305650 2169.3
1305660 2169.3
1305670 2172.2
1305680 2174.3
1305690 2174.3
1305700 2176.9
1305710 2178.3
1305720 2176.2
1305730 2176.2
1305740 2173.6
1305750 2172.0
1305760 2172.0
1305770 2170.9
1305780 2168.3
1305790 2168.3
1305800 2161.4
1305810 2153.5
1305820 2153.5
1305830 2145.8
1305840 2138.9
1305850 2138.9
1305860 2132.5
1305870 2125.8
1305880 2125.8
1305890 2119.7
1305900 2115.7
1305910 2115.7
1305920 2113.3
1305930 2109.5
1305940 2109.5
1305950 2105.9
1305960 2102.3
1305970 2099.7
1305980 2099.7
1305990 2094.9
1306000 2090.2
1306010 2090.2
1306020 2084.4
1306030 2077.4
1306040 2077.4
1306050 2073.3
1306060 2069.9
1306070 2069.9
1306080 2065.7
1306090 2059.7
1306100 2059.7
1306110 2054.9
1306120 2050.6
1306130 2050.6
1306140 2044.7
1306150 2036.8
1306160 2036.8
1306170 2031.4
1306180 2028.2
1306190 2028.2
1306200 2025.4
1306210 2020.8
1306220 2017.5
1306230 2017.5
1306240 2012.6
1306250 2004.2
1306260 2004.2
1306270 1997.0
1306280 1990.7
1306290 1990.7
1306300 1984.7
1306310 1980.0
1306320 1980.0
1306330 1972.1
1306340 1964.6
1306350 1964.6
1306360 1958.7
1306370 1952.2
1306380 1952.2
1306390 1945.1
1306400 1938.8
1306410 1938.8
1306420 1932.6
1306430 1927.5
1306440 1927.5
1306450 1921.8
1306460 1915.5
1306470 1908.1
1306480 1908.1
1306490 1899.3
1306500 1891.6
1306510 1891.6
1306520 1886.9
1306530 1881.4
1306540 1881.4
1306550 1876.5
1306560 1872.8
1306570 1872.8
1306580 1869.3
1306590 1865.6
1306600 1865.6
1306610 1860.5
1306620 1861.1
1306630 1861.1
1306640 1869.8
1306650 1878.9
1306660 1878.9
1306670 1885.4
1306680 1890.3
1306690 1890.3
1306700 1895.3
1306710 1900.1
1306720 1904.4
1306730 1904.4
1306740 1908.8
1306750 1913.1
1306760 1913.6
1306770 1918.5
1306780 1923.3
1306790 1923.3
1306800 1928.2
1306810 1933.8
1306820 1933.8
1306830 1939.3
1306840 1943.5
1306850 1943.5
1306860 1947.8
1306870 1954.4
1306880 1954.4
1306890 1960.9
1306900 1965.8
1306910 1965.8
1306920 1968.6
1306930 1972.6
1306940 1972.6
1306950 1978.2
1306960 1984.2
1306970 1988.7
1306980 1988.7
1306990 1994.7
1307000 2000.2
1307010 2000.2
1307020 2005.5
1307030 2009.1
1307040 2009.1
1307050 2010.7
1307060 2012.7
1307070 2012.7
1307080 2016.4
1307090 2019.2
1307100 2019.2
1307110 2021.5
1307120 2025.4
1307130 2025.4
1307140 2030.1
1307150 2035.1
1307160 2035.1
1307170 2040.8
1307180 2045.2
1307190 2045.2
1307200 2048.7
1307210 2052.4
1307220 2056.1
1307230 2056.1
1307240 2058.5
1307250 2061.2
1307260 2061.2
1307270 2062.7
1307280 2067.2
1307290 2067.2
1307300 2073.4
1307310 2078.2
1307320 2078.2
1307330 2083.1
1307340 2088.0
1307350 2088.0
1307360 2091.4
1307370 2094.7
1307380 2094.7
1307390 2096.8
1307400 2099.1
1307410 2099.1
1307420 2102.4
1307430 2105.3
1307440 2105.3
1307450 2108.1
1307460 2110.4
1307470 2113.1
1307480 2114.6
1307490 2118.3
1307500 2123.9
1307510 2123.9
1307520 2130.5
1307530 2136.6
1307540 2136.6
1307550 2142.2
1307560 2147.7
1307570 2147.7
1307580 2152.0
1307590 2156.3
1307600 2156.3
1307610 2161.4
1307620 2166.6
1307630 2166.6
1307640 2171.1
1307650 2173.6
1307660 2173.6
1307670 2174.3
1307680 2174.5
1307690 2174.5
1307700 2175.6
1307710 2176.5
1307720 2178.9
1307730 2178.9
1307740 2185.4
1307750 2194.5
1307760 2194.5
1307770 2201.3
1307780 2207.3
1307790 2207.3
1307800 2212.0
1307810 2216.2
1307820 2216.2
1307830 2220.6
1307840 2224.2
1307850 2224.2
1307860 2225.4
1307870 2225.1
1307880 2225.1
1307890 2224.5
1307900 2223.3
1307910 2223.3
1307920 2222.8
1307930 2222.2
1307940 2222.2
1307950 2220.7
1307960 2218.5
1307970 2218.5
1307980 2217.9
1307990 2219.4
1308000 2221.6
1308010 2221.6
1308020 2224.1
1308030 2227.2
1308040 2227.2
1308050 2229.2
1308060 2230.9
1308070 2230.9
1308080 2232.2
1308090 2234.8
1308100 2234.8
1308110 2237.8
1308120 2240.9
1308130 2240.9
1308140 2245.5
1308150 2250.1
1308160 2250.1
1308170 2254.1
1308180 2258.2
1308190 2258.2
1308200 2267.9
1308210 2272.6
1308220 2272.6
1308230 2278.2
1308240 2283.7
1308250 2289.4
1308260 2289.4
1308270 2294.9
1308280 2300.3
1308290 2300.3
1308300 2305.1
1308310 2309.6
1308320 2309.6
1308330 2314.2
1308340 2318.7
1308350 2318.7
1308360 2323.4
1308370 2327.3
1308380 2327.3
1308390 2331.1
1308400 2335.1
1308410 2335.1
1308420 2338.4
1308430 2338.7
1308440 2338.7
1308450 2335.1
1308460 2333.0
1308470 2333.0
1308480 2332.2
1308490 2327.0
1308500 2320.8
1308510 2320.8
1308520 2313.3
1308530 2297.8
1308540 2297.8
1308550 2285.3
1308560 2278.1
1308570 2278.1
1308580 2272.4
1308590 2267.2
1308600 2267.2
1308610 2262.5
1308620 2258.6
1308630 2258.6
1308640 2256.6
1308650 2255.7
1308660 2255.7
1308670 2253.8
1308680 2245.4
1308690 2245.4
1308700 2233.6
1308710 2224.0
1308720 2224.0
1308730 2214.1
1308740 2204.6
1308750 2196.8
1308760 2196.8
1308770 2189.6
1308780 2183.6
1308790 2183.6
1308800 2179.2
1308810 2174.8
1308820 2174.8
1308830 2169.9
1308840 2165.3
1308850 2165.3
1308860 2161.3
1308870 2157.7
1308880 2157.7
1308890 2153.3
1308900 2148.4
1308910 2148.4
1308920 2140.2
1308930 2137.9
1308940 2137.9
1308950 2135.7
1308960 2133.1
1308970 2133.1
1308980 2129.8
1308990 2126.0
1309000 2124.0
1309010 2124.0
1309020 2122.8
1309030 2122.5
1309040 2122.5
1309050 2123.4
1309060 2124.6
1309070 2124.6
1309080 2124.8
1309090 2124.1
1309100 2124.1
1309110 2123.1
1309120 2120.9
1309130 2120.9
1309140 2122.0
1309150 2123.0
1309160 2123.0
1309170 2123.9
1309180 2123.6
1309190 2123.6
1309200 2122.0
1309210 2120.2
1309220 2120.2
1309230 2119.0
1309240 2117.7
1309250 2116.7
1309260 2116.7
1309270 2116.8
1309280 2118.2
1309290 2118.2
1309300 2119.3
1309310 2119.7
1309320 2119.7
1309330 2118.5
1309340 2117.4
1309350 2117.4
1309360 2115.1
1309370 2109.9
1309380 2109.9
1309390 2103.9
1309400 2095.5
1309410 2095.5
1309420 2086.5
1309430 2078.9
1309440 2078.9
1309450 2073.1
1309460 2068.1
1309470 2068.1
1309480 2068.9
1309490 2070.2
1309500 2071.9
1309510 2071.9
1309520 2073.9
1309530 2076.6
1309540 2076.6
1309550 2077.6
1309560 2076.3
1309570 2076.3
1309580 2072.6
1309590 2065.1
1309600 2065.1
1309610 2056.7
1309620 2052.1
1309630 2052.1
1309640 2055.3
1309650 2066.6
1309660 2066.6
1309670 2071.2
1309680 2075.0
1309690 2075.0
1309700 2078.6
1309710 2082.8
1309720 2082.8
1309730 2086.7
1309740 2088.9
1309750 2090.0
1309760 2090.0
1309770 2088.1
1309780 2087.7
1309790 2087.7
1309800 2088.8
1309810 2088.3
1309820 2088.3
1309830 2088.2
1309840 2088.4
1309850 2088.4
1309860 2086.6
1309870 2084.5
1309880 2084.5
1309890 2080.6
1309900 2078.6
1309910 2078.6
1309920 2076.0
1309930 2068.9
1309940 2068.9
1309950 2063.4
1309960 2061.1
1309970 2061.1
1309980 2059.7
1309990 2057.5
1310000 2055.2
1310010 2055.2
1310020 2053.9
1310030 2051.8
1310040 2051.8
1310050 2050.9
1310060 2049.8
1310070 2049.8
1310080 2050.2
1310090 2054.3
1310100 2054.3
1310110 2058.3
1310120 2061.9
1310130 2061.9
1310140 2066.3
1310150 2070.0
1310160 2070.0
1310170 2072.2
1310180 2073.6
1310190 2073.6
1310200 2074.5
1310210 2075.6
1310220 2075.6
1310230 2076.8
1310240 2078.3
1310250 2080.0
1310260 2080.0
1310270 2081.2
1310280 2081.0
1310290 2081.0
1310300 2080.8
1310310 2081.6
1310320 2081.6
1310330 2082.8
1310340 2084.9
1310350 2084.9
1310360 2087.3
1310370 2088.0
1310380 2093.3
1310390 2093.5
1310400 2093.6
1310410 2093.6
1310420 2092.7
1310430 2091.7
1310440 2091.7
1310450 2090.7
1310460 2090.7
1310470 2090.7
1310480 2089.4
1310490 2087.6
1310500 2087.4
1310510 2087.4
1310520 2085.4
1310530 2084.3
1310540 2084.3
1310550 2083.5
1310560 2082.8
1310570 2082.8
1310580 2082.7
1310590 2082.8
1310600 2082.8
1310610 2081.5
1310620 2082.7
1310630 2082.7
1310640 2085.5
1310650 2087.9
1310660 2087.9
1310670 2090.2
1310680 2091.7
1310690 2091.7
1310700 2091.6
1310710 2091.4
1310720 2091.4
1310730 2092.5
1310740 2094.0
1310750 2095.0
1310760 2095.0
1310770 2095.9
1310780 2097.9
1310790 2097.9
1310800 2100.2
1310810 2102.0
1310820 2102.0
1310830 2103.2
1310840 2104.6
1310850 2104.6
1310860 2106.2
1310870 2108.2
1310880 2108.2
1310890 2109.8
1310900 2111.7
1310910 2111.7
1310920 2113.6
1310930 2114.3
1310940 2114.3
1310950 2114.3
1310960 2113.9
1310970 2113.9
1310980 2115.3
1310990 2116.5
1311000 2118.1
1311010 2118.1
1311020 2120.2
1311030 2122.3
1311040 2122.3
1311050 2124.1
1311060 2124.9
1311070 2124.9
1311080 2124.6
1311090 2124.2
1311100 2124.2
1311110 2125.7
1311120 2126.6
1311130 2126.6
1311140 2127.4
1311150 2128.0
1311160 2128.0
1311170 2128.9
1311180 2129.1
1311190 2129.1
1311200 2131.4
1311210 2135.1
1311220 2135.1
1311230 2136.1
1311240 2135.9
1311250 2135.9
1311260 2136.3
1311270 2136.2
1311280 2135.7
1311290 2135.7
1311300 2134.5
1311310 2133.8
1311320 2133.8
1311330 2132.9
1311340 2132.3
1311350 2132.3
1311360 2131.3
1311370 2129.9
1311380 2129.9
1311390 2128.6
1311400 2129.8
1311410 2129.8
1311420 2132.9
1311430 2135.0
1311440 2135.0
1311450 2136.4
1311460 2136.0
1311470 2136.0
1311480 2136.2
1311490 2138.0
1311500 2138.0
1311510 2141.6
1311520 2143.5
1311530 2144.4
1311540 2144.4
1311550 2146.1
1311560 2149.0
1311570 2149.0
1311580 2151.2
1311590 2151.4
1311600 2151.4
1311610 2149.4
1311620 2145.8
1311630 2145.8
1311640 2144.0
1311650 2142.5
1311660 2142.5
1311670 2141.3
1311680 2140.0
1311690 2140.0
1311700 2138.7
1311710 2138.7
1311720 2138.7
1311730 2141.6
1311740 2143.4
1311750 2143.4
1311760 2144.5
1311770 2144.3
1311780 2142.6
1311790 2142.6
1311800 2138.0
1311810 2131.6
1311820 2131.6
1311830 2128.7
1311840 2121.5
1311850 2121.5
1311860 2119.9
1311870 2118.9
1311880 2118.9
1311890 2116.8
1311900 2114.1
1311910 2114.1
1311920 2111.2
1311930 2110.8
1311940 2110.8
1311950 2109.7
1311960 2109.1
1311970 2109.1
1311980 2108.5
1311990 2108.6
1312000 2108.6
1312010 2110.9
1312020 2113.7
1312030 2115.4
1312040 2115.4
1312050 2116.6
1312060 2117.4
1312070 2117.4
1312080 2118.3
1312090 2120.2
1312100 2120.2
1312110 2121.4
1312120 2122.0
1312130 2122.0
1312140 2122.4
1312150 2122.3
1312160 2122.3
1312170 2123.1
1312180 2125.1
1312190 2125.1
1312200 2126.6
1312210 2127.8
1312220 2127.8
1312230 2129.1
1312240 2129.2
1312250 2129.2
1312260 2129.0
1312270 2131.0
1312280 2132.8
1312290 2132.8
1312300 2133.4
1312310 2135.0
1312320 2135.0
1312330 2137.7
1312340 2139.3
1312350 2139.3
1312360 2140.1
1312370 2141.9
1312380 2141.9
1312390 2144.5
1312400 2145.4
1312410 2145.4
1312420 2144.4
1312430 2144.5
1312440 2144.5
1312450 2144.3
1312460 2144.5
1312470 2144.5
1312480 2144.6
1312490 2144.5
1312500 2144.5
1312510 2144.9
1312520 2145.4
1312530 2145.3
1312540 2145.3
1312550 2144.3
1312560 2143.4
1312570 2143.4
1312580 2138.6
1312590 2139.9
1312600 2139.9
1312610 2139.6
1312620 2139.2
1312630 2139.2
1312640 2143.8
1312650 2149.8
1312660 2149.8
1312670 2154.9
1312680 2159.2
1312690 2159.2
1312700 2162.9
1312710 2165.8
1312720 2165.8
1312730 2167.4
1312740 2169.1
1312750 2169.1
1312760 2169.6
1312770 2169.3
1312780 2169.5
1312790 2169.5
1312800 2170.9
1312810 2172.5
1312820 2172.5
1312830 2174.1
1312840 2174.9
1312850 2174.9
1312860 2176.0
1312870 2177.9
1312880 2177.9
1312890 2179.6
1312900 2181.2
1312910 2181.2
1312920 2182.2
1312930 2182.5
1312940 2182.5
1312950 2183.6
1312960 2185.2
1312970 2185.2
1312980 2186.8
1312990 2188.4
1313000 2188.4
1313010 2191.0
1313020 2193.5
1313030 2195.2
1313040 2195.2
1313050 2195.4
1313060 2195.5
1313070 2195.5
1313080 2195.6
1313090 2196.1
1313100 2196.1
1313110 2196.7
1313120 2196.5
1313130 2196.5
1313140 2197.6
1313150 2201.7
1313160 2201.7
1313170 2206.9
1313180 2211.8
1313190 2211.8
1313200 2215.4
1313210 2217.0
1313220 2217.0
1313230 2218.9
1313240 2222.4
1313250 2222.4
1313260 2224.8
1313270 2226.9
1313280 2230.6
1313290 2230.6
1313300 2233.7
1313310 2237.1
1313320 2233.0
1313330 2236.3
1313340 2240.3
1313350 2240.3
1313360 2244.4
1313370 2248.5
1313380 2248.5
1313390 2251.9
1313400 2255.0
1313410 2255.0
1313420 2258.4
1313430 2262.2
1313440 2262.2
1313450 2268.0
1313460 2276.6
1313470 2276.6
1313480 2286.2
1313490 2292.6
1313500 2292.6
1313510 2295.5
1313520 2297.5
1313530 2298.9
1313540 2298.9
1313550 2302.1
1313560 2306.5
1313570 2306.5
1313580 2310.4
1313590 2314.9
1313600 2314.9
1313610 2319.3
1313620 2321.9
1313630 2321.9
1313640 2323.3
1313650 2325.8
1313660 2325.8
1313670 2328.6
1313680 2330.4
1313690 2330.4
1313700 2330.4
1313710 2330.5
1313720 2330.5
1313730 2331.0
1313740 2330.8
1313750 2330.8
1313760 2328.9
1313770 2323.2
1313780 2312.8
1313790 2312.8
1313800 2301.1
1313810 2293.1
1313820 2293.1
1313830 2285.3
1313840 2277.8
1313850 2277.8
1313860 2272.5
1313870 2269.3
1313880 2269.3
1313890 2264.3
1313900 2258.4
1313910 2258.4
1313920 2252.1
1313930 2244.1
1313940 2244.1
1313950 2234.4
1313960 2227.5
1313970 2227.5
1313980 2221.3
1313990 2216.5
1314000 2216.5
1314010 2213.4
1314020 2208.7
1314030 2203.9
1314040 2203.9
1314050 2202.3
1314060 2203.3
1314070 2206.9
1314080 2207.9
1314090 2210.2
1314100 2210.2
1314110 2212.4
1314120 2213.1
1314130 2213.1
1314140 2213.0
1314150 2212.6
1314160 2212.6
1314170 2215.0
1314180 2217.3
1314190 2217.3
1314200 2218.9
1314210 2219.6
1314220 2219.6
1314230 2220.9
1314240 2222.9
1314250 2222.9
1314260 2224.6
1314270 2225.6
1314280 2222.2
1314290 2222.2
1314300 2216.4
1314310 2213.3
1314320 2213.3
1314330 2211.5
1314340 2209.6
1314350 2209.6
1314360 2207.4
1314370 2203.0
1314380 2203.0
1314390 2199.3
1314400 2196.1
1314410 2196.1
1314420 2191.4
1314430 2183.9
1314440 2183.9
1314450 2176.1
1314460 2170.2
1314470 2170.2
1314480 2164.9
1314490 2161.1
1314500 2161.1
1314510 2158.8
1314520 2158.8
1314530 2157.8
1314540 2157.8
1314550 2157.2
1314560 2156.9
1314570 2156.9
1314580 2154.6
1314590 2152.6
1314600 2152.6
1314610 2152.8
1314620 2154.4
1314630 2154.4
1314640 2155.4
1314650 2155.8
1314660 2155.8
1314670 2155.7
1314680 2154.2
1314690 2154.2
1314700 2151.4
1314710 2148.9
1314720 2148.9
1314730 2147.2
1314740 2145.7
1314750 2145.7
1314760 2144.4
1314770 2142.5
1314780 2141.3
1314790 2141.3
1314800 2141.6
1314810 2142.4
1314820 2143.9
1314830 2144.7
1314840 2146.0
1314850 2146.0
1314860 2147.8
1314870 2149.7
1314880 2149.7
1314890 2150.9
1314900 2151.3
1314910 2151.3
1314920 2151.3
1314930 2150.9
1314940 2150.9
1314950 2150.6
1314960 2150.0
1314970 2150.0
1314980 2149.3
1314990 2149.2
1315000 2149.2
1315010 2149.9
1315020 2151.4
1315030 2153.6
1315040 2153.6
1315050 2155.9
1315060 2157.8
1315070 2157.8
1315080 2161.1
1315090 2164.5
1315100 2164.5
1315110 2167.5
1315120 2170.1
1315130 2170.1
1315140 2172.0
1315150 2171.7
1315160 2171.7
1315170 2170.5
1315180 2168.8
1315190 2168.8
1315200 2165.9
1315210 2161.0
1315220 2161.0
1315230 2155.7
1315240 2151.3
1315250 2151.3
1315260 2148.0
1315270 2147.6
1315280 2147.6
1315290 2149.2
1315300 2150.2
1315310 2149.3
1315320 2149.3
1315330 2145.0
1315340 2141.6
1315350 2141.6
1315360 2141.9
1315370 2143.2
1315380 2143.2
1315390 2144.0
1315400 2142.1
1315410 2142.1
1315420 2138.3
1315430 2134.4
1315440 2134.4
1315450 2130.9
1315460 2127.9
1315470 2127.9
1315480 2125.5
1315490 2124.3
1315500 2124.3
1315510 2122.8
1315520 2120.6
1315530 2120.6
1315540 2118.4
1315550 2116.5
1315560 2114.1
1315570 2112.0
1315580 2109.8
1315590 2107.6
1315600 2107.6
1315610 2105.7
1315620 2103.8
1315630 2103.8
1315640 2101.4
1315650 2100.7
1315660 2100.7
1315670 2096.2
1315680 2088.0
1315690 2088.0
1315700 2081.4
1315710 2082.7
1315720 2082.7
1315730 2084.9
1315740 2087.7
1315750 2087.7
1315760 2087.8
1315770 2086.3
1315780 2086.3
1315790 2084.2
1315800 2081.9
1315810 2079.4
1315820 2079.4
1315830 2076.7
1315840 2073.2
1315850 2073.2
1315860 2069.9
1315870 2068.2
1315880 2068.2
1315890 2066.3
1315900 2063.6
1315910 2063.6
1315920 2059.5
1315930 2055.5
1315940 2055.5
1315950 2052.0
1315960 2048.5
1315970 2048.5
1315980 2045.0
1315990 2041.9
1316000 2041.9
1316010 2040.2
1316020 2038.9
1316030 2038.9
1316040 2037.3
1316050 2036.0
1316060 2034.9
1316070 2034.9
1316080 2033.7
1316090 2032.2
1316100 2032.2
1316110 2030.7
1316120 2029.9
1316130 2029.9
1316140 2029.4
1316150 2029.2
1316160 2029.2
1316170 2028.8
1316180 2028.7
1316190 2028.7
1316200 2028.2
1316210 2028.2
1316220 2028.2
1316230 2028.5
1316240 2029.2
1316250 2029.2
1316260 2030.4
1316270 2032.5
1316280 2032.5
1316290 2035.8
1316300 2039.6
1316310 2042.9
1316320 2046.5
1316330 2048.0
1316340 2049.9
1316350 2049.9
1316360 2052.0
1316370 2054.2
1316380 2054.2
1316390 2056.0
1316400 2058.4
1316410 2058.4
1316420 2060.2
1316430 2061.3
1316440 2061.3
1316450 2062.6
1316460 2063.8
1316470 2063.8
1316480 2064.6
1316490 2065.8
1316500 2065.8
1316510 2068.1
1316520 2070.6
1316530 2070.6
1316540 2072.4
1316550 2073.9
1316560 2073.5
1316570 2073.5
1316580 2069.0
1316590 2060.0
1316600 2060.0
1316610 2047.2
1316620 2037.6
1316630 2037.6
1316640 2029.7
1316650 2023.2
1316660 2023.2
1316670 2020.3
1316680 2017.9
1316690 2017.9
1316700 2014.7
1316710 2010.8
1316720 2010.8
1316730 2007.1
1316740 2003.9
1316750 2003.9
1316760 2000.0
1316770 1997.5
1316780 1997.5
1316790 1995.6
1316800 1991.8
1316810 1986.4
1316820 1986.4
1316830 1981.3
1316840 1976.1
1316850 1976.1
1316860 1970.4
1316870 1965.9
1316880 1965.9
1316890 1961.4
1316900 1956.7
1316910 1956.7
1316920 1952.2
1316930 1946.6
1316940 1946.6
1316950 1940.1
1316960 1933.9
1316970 1933.9
1316980 1928.5
1316990 1924.6
1317000 1924.6
1317010 1921.2
1317020 1917.4
1317030 1917.4
1317040 1914.1
1317050 1907.3
1317060 1899.4
1317070 1899.4
1317080 1892.9
1317090 1884.9
1317100 1884.9
1317110 1877.6
1317120 1869.8
1317130 1869.8
1317140 1862.9
1317150 1856.0
1317160 1856.0
1317170 1848.5
1317180 1840.4
1317190 1840.4
1317200 1833.5
1317210 1828.6
1317220 1828.6
1317230 1823.8
1317240 1819.0
1317250 1819.0
1317260 1815.2
1317270 1811.8
1317280 1811.8
1317290 1808.7
1317300 1805.6
1317310 1804.5
1317320 1804.5
1317330 1803.1
1317340 1800.6
1317350 1800.6
1317360 1796.2
1317370 1791.4
1317380 1791.4
1317390 1787.3
1317400 1783.3
1317410 1783.3
1317420 1778.8
1317430 1776.5
1317440 1776.5
1317450 1775.1
1317460 1771.7
1317470 1771.7
1317480 1767.6
1317490 1764.5
1317500 1764.5
1317510 1763.6
1317520 1762.3
1317530 1762.3
1317540 1760.3
1317550 1757.9
1317560 1754.2
1317570 1754.2
1317580 1749.3
1317590 1743.5
1317600 1743.5
1317610 1739.9
1317620 1735.5
1317630 1735.5
1317640 1730.5
1317650 1726.7
1317660 1726.7
1317670 1725.6
1317680 1724.9
1317690 1724.9
1317700 1721.3
1317710 1716.0
1317720 1716.0
1317730 1710.1
1317740 1704.3
1317750 1704.3
1317760 1699.1
1317770 1695.3
1317780 1695.3
1317790 1691.6
1317800 1688.1
1317810 1685.1
1317820 1685.1
1317830 1682.6
1317840 1676.2
1317850 1676.2
1317860 1672.2
1317870 1668.5
1317880 1668.5
1317890 1664.6
1317900 1660.7
1317910 1660.7
1317920 1657.8
1317930 1653.0
1317940 1653.0
1317950 1646.3
1317960 1639.5
1317970 1639.5
1317980 1633.5
1317990 1627.1
1318000 1627.1
1318010 1621.0
1318020 1614.3
1318030 1614.3
1318040 1607.8
1318050 1603.1
1318060 1598.6
1318070 1598.6
1318080 1593.9
1318090 1588.7
1318100 1588.7
1318110 1582.2
1318120 1574.2
1318130 1574.2
1318140 1563.3
1318150 1556.0
1318160 1556.0
1318170 1550.6
1318180 1544.5
1318190 1544.5
1318200 1537.9
1318210 1530.4
1318220 1530.4
1318230 1524.1
1318240 1519.5
1318250 1519.5
1318260 1510.6
1318270 1498.1
1318280 1498.1
1318290 1486.8
1318300 1479.1
1318310 1471.1
1318320 1471.1
1318330 1459.3
1318340 1450.5
1318350 1450.5
1318360 1442.1
1318370 1433.9
1318380 1433.9
1318390 1426.7
1318400 1421.4
1318410 1421.4
1318420 1416.3
1318430 1411.0
1318440 1411.0
1318450 1405.7
1318460 1399.7
1318470 1399.7
1318480 1392.4
1318490 1386.9
1318500 1386.9
1318510 1380.5
1318520 1376.5
1318530 1376.5
1318540 1371.1
1318550 1365.3
1318560 1360.6
1318570 1360.6
1318580 1354.7
1318590 1347.4
1318600 1347.4
1318610 1348.2
1318620 1342.5
1318630 1342.5
1318640 1336.4
1318650 1331.8
1318660 1331.8
1318670 1329.5
1318680 1326.3
1318690 1326.3
1318700 1321.2
1318710 1316.1
1318720 1316.1
1318730 1310.6
1318740 1304.3
1318750 1304.3
1318760 1297.1
1318770 1285.1
1318780 1285.1
1318790 1274.4
1318800 1271.1
1318810 1271.1
1318820 1272.2
1318830 1273.5
1318840 1273.4
1318850 1273.4
1318860 1274.9
1318870 1275.3
1318880 1275.3
1318890 1274.1
1318900 1272.4
1318910 1272.4
1318920 1268.2
1318930 1267.5
1318940 1267.5
1318950 1268.8
1318960 1269.2
1318970 1269.2
1318980 1269.5
1318990 1271.5
1319000 1271.5
1319010 1273.2
1319020 1274.7
1319030 1274.7
1319040 1277.2
1319050 1280.7
1319060 1280.7
1319070 1284.0
1319080 1286.5
1319090 1288.8
1319100 1288.8
1319110 1290.9
1319120 1293.1
1319130 1293.1
1319140 1296.2
1319150 1299.6
1319160 1299.6
1319170 1301.8
1319180 1302.0
1319190 1302.0
1319200 1302.4
1319210 1302.7
1319220 1302.7
1319230 1302.9
1319240 1302.7
1319250 1302.7
1319260 1302.2
1319270 1301.3
1319280 1301.3
1319290 1299.2
1319300 1296.2
1319310 1296.2
1319320 1294.0
1319330 1294.3
1319340 1293.5
1319350 1293.5
1319360 1290.4
1319370 1286.9
1319380 1282.9
1319390 1279.3
1319400 1275.7
1319410 1275.7
1319420 1271.6
1319430 1266.5
1319440 1266.5
1319450 1261.1
1319460 1255.7
1319470 1255.7
1319480 1250.4
1319490 1245.4
1319500 1245.4
1319510 1238.8
1319520 1229.3
1319530 1229.3
1319540 1216.7
1319550 1207.7
1319560 1207.7
1319570 1200.2
1319580 1194.8
1319590 1192.7
1319600 1192.7
1319610 1191.2
1319620 1191.0
1319630 1191.0
1319640 1189.4
1319650 1187.0
1319660 1187.0
1319670 1184.9
1319680 1182.2
1319690 1182.2
1319700 1177.3
1319710 1171.9
1319720 1171.9
1319730 1166.5
1319740 1162.2
1319750 1162.2
1319760 1159.0
1319770 1154.3
1319780 1154.3
1319790 1148.7
1319800 1142.1
1319810 1142.1
1319820 1136.2
1319830 1130.7
1319840 1126.0
1319850 1126.0
1319860 1120.1
1319870 1112.2
1319880 1112.2
1319890 1104.9
1319900 1098.3
1319910 1098.3
1319920 1092.5
1319930 1086.0
1319940 1086.0
1319950 1077.0
1319960 1067.9
1319970 1067.9
1319980 1058.6
1319990 1050.1
