1300000 2068.6
1300010 2070.5
1300020 2068.7
1300030 2068.7
1300040 2068.1
1300050 2070.5
1300060 2070.5
1300070 2073.3
1300080 2077.0
1300090 2079.2
1300100 2079.2
1300110 2078.2
1300120 2072.9
1300130 2072.9
1300140 2065.5
1300150 2058.8
1300160 2058.8
1300170 2052.1
1300180 2046.0
1300190 2046.0
1300200 2042.3
1300210 2039.2
1300220 2039.2
1300230 2036.3
1300240 2032.3
1300250 2032.3
1300260 2028.2
1300270 2025.2
1300280 2025.2
1300290 2021.9
1300300 2017.7
1300310 2017.7
1300320 2013.4
1300330 2008.7
1300340 2008.7
1300350 2003.6
1300360 1998.2
1300370 1992.4
1300380 1992.4
1300390 1985.9
1300400 1979.5
1300410 1979.5
1300420 1972.3
1300430 1964.7
1300440 1967.4
1300450 1960.3
1300460 1954.4
1300470 1954.4
1300480 1949.2
1300490 1943.5
1300500 1943.5
1300510 1935.9
1300520 1929.0
1300530 1929.0
1300540 1923.3
1300550 1918.2
1300560 1918.2
1300570 1913.7
1300580 1909.7
1300590 1909.7
1300600 1905.8
1300610 1901.5
1300620 1897.8
1300630 1897.8
1300640 1894.4
1300650 1890.6
1300660 1890.6
1300670 1885.7
1300680 1879.8
1300690 1879.8
1300700 1872.5
1300710 1864.3
1300720 1864.3
1300730 1856.6
1300740 1848.7
1300750 1848.7
1300760 1842.0
1300770 1836.8
1300780 1836.8
1300790 1832.7
1300800 1827.7
1300810 1827.7
1300820 1822.1
1300830 1817.0
1300840 1817.0
1300850 1813.9
1300860 1810.4
1300870 1805.1
1300880 1805.1
1300890 1799.2
1300900 1795.2
1300910 1795.2
1300920 1792.1
1300930 1789.2
1300940 1789.2
1300950 1785.5
1300960 1782.1
1300970 1782.1
1300980 1779.1
1300990 1776.5
1301000 1776.5
1301010 1773.7
1301020 1770.2
1301030 1770.2
1301040 1767.2
1301050 1764.2
1301060 1764.2
1301070 1760.7
1301080 1756.3
1301090 1756.3
1301100 1749.9
1301110 1744.6
1301120 1740.2
1301130 1741.3
1301140 1736.9
1301150 1732.1
1301160 1732.1
1301170 1726.5
1301180 1721.3
1301190 1721.3
1301200 1716.5
1301210 1713.1
1301220 1713.1
1301230 1711.2
1301240 1707.6
1301250 1707.6
1301260 1702.7
1301270 1698.6
1301280 1698.6
1301290 1694.4
1301300 1691.1
1301310 1691.1
1301320 1686.6
1301330 1681.9
1301340 1681.9
1301350 1677.9
1301360 1674.3
1301370 1668.1
1301380 1668.1
1301390 1662.3
1301400 1658.5
1301410 1658.5
1301420 1655.4
1301430 1651.4
1301440 1651.4
1301450 1647.1
1301460 1642.6
1301470 1642.6
1301480 1637.9
1301490 1632.9
1301500 1632.9
1301510 1626.8
1301520 1619.5
1301530 1619.5
1301540 1614.2
1301550 1610.5
1301560 1610.5
1301570 1607.3
1301580 1603.8
1301590 1603.8
1301600 1599.9
1301610 1595.5
1301620 1590.3
1301630 1590.3
1301640 1584.5
1301650 1576.6
1301660 1576.6
1301670 1568.2
1301680 1561.2
1301690 1561.2
1301700 1556.2
1301710 1552.8
1301720 1552.8
1301730 1549.4
1301740 1546.3
1301750 1546.3
1301760 1542.2
1301770 1539.0
1301780 1539.0
1301790 1535.1
1301800 1530.6
1301810 1530.6
1301820 1524.6
1301830 1518.4
1301840 1518.4
1301850 1513.4
1301860 1510.8
1301870 1508.6
1301880 1508.6
1301890 1505.7
1301900 1502.7
1301910 1502.7
1301920 1499.9
1301930 1497.5
1301940 1497.5
1301950 1494.4
1301960 1492.6
1301970 1492.6
1301980 1489.5
1301990 1484.6
1302000 1484.6
1302010 1480.4
1302020 1477.2
1302030 1477.2
1302040 1475.4
1302050 1472.6
1302060 1472.6
1302070 1468.6
1302080 1464.2
1302090 1464.2
1302100 1460.1
1302110 1455.2
1302120 1448.9
1302130 1448.9
1302140 1444.3
1302150 1438.6
1302160 1438.6
1302170 1429.7
1302180 1422.6
1302190 1422.6
1302200 1416.0
1302210 1411.1
1302220 1411.1
1302230 1409.5
1302240 1411.0
1302250 1411.0
1302260 1412.9
1302270 1417.9
1302280 1417.9
1302290 1424.9
1302300 1432.5
1302310 1432.5
1302320 1439.6
1302330 1445.8
1302340 1445.8
1302350 1452.6
1302360 1457.3
1302370 1457.3
1302380 1460.3
1302390 1464.4
1302400 1469.6
1302410 1469.6
1302420 1473.9
1302430 1475.3
1302440 1475.3
1302450 1477.9
1302460 1480.6
1302470 1480.6
1302480 1484.8
1302490 1489.8
1302500 1489.8
1302510 1494.1
1302520 1499.0
1302530 1501.7
1302540 1506.4
1302550 1511.8
1302560 1511.8
1302570 1516.8
1302580 1519.9
1302590 1519.9
1302600 1523.4
1302610 1527.8
1302620 1527.8
1302630 1531.6
1302640 1534.8
1302650 1538.0
1302660 1538.0
1302670 1541.8
1302680 1545.5
1302690 1545.5
1302700 1547.5
1302710 1549.8
1302720 1549.8
1302730 1552.7
1302740 1556.3
1302750 1556.3
1302760 1560.4
1302770 1564.5
1302780 1564.5
1302790 1570.6
1302800 1578.0
1302810 1578.0
1302820 1585.8
1302830 1592.3
1302840 1592.3
1302850 1597.6
1302860 1602.4
1302870 1602.4
1302880 1607.2
1302890 1612.0
1302900 1616.3
1302910 1616.3
1302920 1620.1
1302930 1625.2
1302940 1625.2
1302950 1631.0
1302960 1637.3
1302970 1637.3
1302980 1643.1
1302990 1648.8
1303000 1648.8
1303010 1654.9
1303020 1659.5
1303030 1659.5
1303040 1664.1
1303050 1667.8
1303060 1667.8
1303070 1672.7
1303080 1677.6
1303090 1677.6
1303100 1681.5
1303110 1684.3
1303120 1684.3
1303130 1687.3
1303140 1690.7
1303150 1694.2
1303160 1694.2
1303170 1698.3
1303180 1703.0
1303190 1703.0
1303200 1709.0
1303210 1715.5
1303220 1713.3
1303230 1719.2
1303240 1725.3
1303250 1725.3
1303260 1730.9
1303270 1736.2
1303280 1736.2
1303290 1741.4
1303300 1746.7
1303310 1746.7
1303320 1752.0
1303330 1756.4
1303340 1756.4
1303350 1760.9
1303360 1765.7
1303370 1765.7
1303380 1769.4
1303390 1771.9
1303400 1775.0
1303410 1775.0
1303420 1780.0
1303430 1785.7
1303440 1785.7
1303450 1791.5
1303460 1796.1
1303470 1796.1
1303480 1798.7
1303490 1801.7
1303500 1801.7
1303510 1806.0
1303520 1811.9
1303530 1811.9
1303540 1818.4
1303550 1825.3
1303560 1825.3
1303570 1832.6
1303580 1838.7
1303590 1838.7
1303600 1844.5
1303610 1849.3
1303620 1849.3
1303630 1852.9
1303640 1855.9
1303650 1860.1
1303660 1860.1
1303670 1864.6
1303680 1868.5
1303690 1868.5
1303700 1872.4
1303710 1876.1
1303720 1876.1
1303730 1879.1
1303740 1881.4
1303750 1881.4
1303760 1884.3
1303770 1888.6
1303780 1888.6
1303790 1893.7
1303800 1898.3
1303810 1898.3
1303820 1903.1
1303830 1907.3
1303840 1907.3
1303850 1910.9
1303860 1913.8
1303870 1913.8
1303880 1918.7
1303890 1923.5
1303900 1930.7
1303910 1930.7
1303920 1937.8
1303930 1943.1
1303940 1943.1
1303950 1947.1
1303960 1950.1
1303970 1950.1
1303980 1953.4
1303990 1957.0
1304000 1957.0
1304010 1960.9
1304020 1964.7
1304030 1964.7
1304040 1968.9
1304050 1973.4
1304060 1973.4
1304070 1977.9
1304080 1982.0
1304090 1982.0
1304100 1986.7
1304110 1990.6
1304120 1990.6
1304130 1993.8
1304140 1996.2
1304150 1996.2
1304160 1999.0
1304170 2001.8
1304180 2005.0
1304190 2005.0
1304200 2007.8
1304210 2011.6
1304220 2011.6
1304230 2015.6
1304240 2019.4
1304250 2019.4
1304260 2022.7
1304270 2026.6
1304280 2026.6
1304290 2030.8
1304300 2035.3
1304310 2035.3
1304320 2039.7
1304330 2043.7
1304340 2043.7
1304350 2047.8
1304360 2053.0
1304370 2053.0
1304380 2059.0
1304390 2064.2
1304400 2064.2
1304410 2068.2
1304420 2072.3
1304430 2075.6
1304440 2075.6
1304450 2079.4
1304460 2083.9
1304470 2083.9
1304480 2089.1
1304490 2094.7
1304500 2094.7
1304510 2101.2
1304520 2107.2
1304530 2107.2
1304540 2111.6
1304550 2115.8
1304560 2115.8
1304570 2120.5
1304580 2125.5
1304590 2125.5
1304600 2128.6
1304610 2132.2
1304620 2132.2
1304630 2136.8
1304640 2139.1
1304650 2139.1
1304660 2140.7
1304670 2143.3
1304680 2146.8
1304690 2146.8
1304700 2151.7
1304710 2158.1
1304720 2158.1
1304730 2165.3
1304740 2170.2
1304750 2170.2
1304760 2172.9
1304770 2177.2
1304780 2177.2
1304790 2184.2
1304800 2191.1
1304810 2191.1
1304820 2198.3
1304830 2202.1
1304840 2202.1
1304850 2200.6
1304860 2200.3
1304870 2200.3
1304880 2199.1
1304890 2197.7
1304900 2197.7
1304910 2199.6
1304920 2202.9
1304930 2206.2
1304940 2206.2
1304950 2208.6
1304960 2211.2
1304970 2211.2
1304980 2209.7
1304990 2208.7
1305000 2208.7
1305010 2207.6
1305020 2205.2
1305030 2205.2
1305040 2200.9
1305050 2195.1
1305060 2195.1
1305070 2186.4
1305080 2179.8
1305090 2179.8
1305100 2175.3
1305110 2171.5
1305120 2171.5
1305130 2168.1
1305140 2164.4
1305150 2164.4
1305160 2163.5
1305170 2161.5
1305180 2158.7
1305190 2158.7
1305200 2155.7
1305210 2152.8
1305220 2152.8
1305230 2149.7
1305240 2146.3
1305250 2146.3
1305260 2145.1
1305270 2143.4
1305280 2143.4
1305290 2140.6
1305300 2137.7
1305310 2137.7
1305320 2134.8
1305330 2131.9
1305340 2136.2
1305350 2133.5
1305360 2131.7
1305370 2131.7
1305380 2129.9
1305390 2128.6
1305400 2128.6
1305410 2129.5
1305420 2130.4
1305430 2129.2
1305440 2129.2
1305450 2125.3
1305460 2120.5
1305470 2120.5
1305480 2115.9
1305490 2111.3
1305500 2111.3
1305510 2106.4
1305520 2101.5
1305530 2101.5
1305540 2097.1
1305550 2093.1
1305560 2093.1
1305570 2088.9
1305580 2083.9
1305590 2083.9
1305600 2078.9
1305610 2073.0
1305620 2073.0
1305630 2067.2
1305640 2060.9
1305650 2060.9
1305660 2054.2
1305670 2047.8
1305680 2042.3
1305690 2042.3
1305700 2036.9
1305710 2030.7
1305720 2030.7
1305730 2025.5
1305740 2020.6
1305750 2020.6
1305760 2015.2
1305770 2009.5
1305780 2009.5
1305790 2004.7
1305800 2000.2
1305810 2000.2
1305820 1995.4
1305830 1990.3
1305840 1990.3
1305850 1985.8
1305860 1982.2
1305870 1982.2
1305880 1978.7
1305890 1975.4
1305900 1975.4
1305910 1972.3
1305920 1968.9
1305930 1968.9
1305940 1965.2
1305950 1960.7
1305960 1956.2
1305970 1956.2
1305980 1951.5
1305990 1946.5
1306000 1946.5
1306010 1941.0
1306020 1934.1
1306030 1934.1
1306040 1928.4
1306050 1931.6
1306060 1931.6
1306070 1927.4
1306080 1922.8
1306090 1922.8
1306100 1917.7
1306110 1913.1
1306120 1913.1
1306130 1907.9
1306140 1903.0
1306150 1903.0
1306160 1898.2
1306170 1891.9
1306180 1891.9
1306190 1886.6
1306200 1884.3
1306210 1882.1
1306220 1882.1
1306230 1878.2
1306240 1870.8
1306250 1870.8
1306260 1863.6
1306270 1857.2
1306280 1857.2
1306290 1850.7
1306300 1843.9
1306310 1843.9
1306320 1837.3
1306330 1831.4
1306340 1831.4
1306350 1825.0
1306360 1818.6
1306370 1818.6
1306380 1813.5
1306390 1807.9
1306400 1807.9
1306410 1802.3
1306420 1796.9
1306430 1796.9
1306440 1792.1
1306450 1788.2
1306460 1784.8
1306470 1784.8
1306480 1781.2
1306490 1778.3
1306500 1778.3
1306510 1778.2
1306520 1779.3
1306530 1779.3
1306540 1782.4
1306550 1787.9
1306560 1787.9
1306570 1794.5
1306580 1800.3
1306590 1800.3
1306600 1805.2
1306610 1809.8
1306620 1809.8
1306630 1815.4
1306640 1821.7
1306650 1821.7
1306660 1827.2
1306670 1832.2
1306680 1832.2
1306690 1836.9
1306700 1840.5
1306710 1843.1
1306720 1843.1
1306730 1844.4
1306740 1846.5
1306750 1846.5
1306760 1849.6
1306770 1857.4
1306780 1857.4
1306790 1863.1
1306800 1867.1
1306810 1867.1
1306820 1870.3
1306830 1873.6
1306840 1873.6
1306850 1877.5
1306860 1882.1
1306870 1882.1
1306880 1887.4
1306890 1893.9
1306900 1893.9
1306910 1900.2
1306920 1905.8
1306930 1905.8
1306940 1910.8
1306950 1915.8
1306960 1920.2
1306970 1920.2
1306980 1925.0
1306990 1929.2
1307000 1929.2
1307010 1933.5
1307020 1938.1
1307030 1938.1
1307040 1942.0
1307050 1945.4
1307060 1945.4
1307070 1950.4
1307080 1956.3
1307090 1956.3
1307100 1960.0
1307110 1963.9
1307120 1963.9
1307130 1969.0
1307140 1974.5
1307150 1974.5
1307160 1981.0
1307170 1985.9
1307180 1985.9
1307190 1990.4
1307200 1994.2
1307210 1997.3
1307220 1997.3
1307230 1999.6
1307240 2002.0
1307250 2002.0
1307260 2004.7
1307270 2007.8
1307280 2007.8
1307290 2011.4
1307300 2016.0
1307310 2016.0
1307320 2020.4
1307330 2025.8
1307340 2025.8
1307350 2030.9
1307360 2035.1
1307370 2035.1
1307380 2038.5
1307390 2041.8
1307400 2041.8
1307410 2046.2
1307420 2050.3
1307430 2050.3
1307440 2054.0
1307450 2058.6
1307460 2062.0
1307470 2062.0
1307480 2064.3
1307490 2068.0
1307500 2068.0
1307510 2071.4
1307520 2073.8
1307530 2073.8
1307540 2077.6
1307550 2082.0
1307560 2082.0
1307570 2085.5
1307580 2090.1
1307590 2090.1
1307600 2096.0
1307610 2102.0
1307620 2102.0
1307630 2108.3
1307640 2114.6
1307650 2114.6
1307660 2120.4
1307670 2125.9
1307680 2125.9
1307690 2130.9
1307700 2135.6
1307710 2135.6
1307720 2140.0
1307730 2143.3
1307740 2145.9
1307750 2145.9
1307760 2148.2
1307770 2150.1
1307780 2150.1
1307790 2151.5
1307800 2153.0
1307810 2153.0
1307820 2156.0
1307830 2159.8
1307840 2159.8
1307850 2160.9
1307860 2162.3
1307870 2162.3
1307880 2164.0
1307890 2166.2
1307900 2166.2
1307910 2168.4
1307920 2170.9
1307930 2170.9
1307940 2173.5
1307950 2175.4
1307960 2175.4
1307970 2176.3
1307980 2176.7
1307990 2178.4
1308000 2178.4
1308010 2180.9
1308020 2184.1
1308030 2184.1
1308040 2187.9
1308050 2192.3
1308060 2192.3
1308070 2196.8
1308080 2200.8
1308090 2200.8
1308100 2204.0
1308110 2205.8
1308120 2205.8
1308130 2208.6
1308140 2213.1
1308150 2213.1
1308160 2219.8
1308170 2227.6
1308180 2227.6
1308190 2234.3
1308200 2242.8
1308210 2242.8
1308220 2250.8
1308230 2259.5
1308240 2266.8
1308250 2266.8
1308260 2271.6
1308270 2275.8
1308280 2275.8
1308290 2282.5
1308300 2288.1
1308310 2288.1
1308320 2294.4
1308330 2299.7
1308340 2299.7
1308350 2306.0
1308360 2312.6
1308370 2312.6
1308380 2318.8
1308390 2325.7
1308400 2325.7
1308410 2333.2
1308420 2340.1
1308430 2340.1
1308440 2347.1
1308450 2353.9
1308460 2353.9
1308470 2360.9
1308480 2368.7
1308490 2376.4
1308500 2376.4
1308510 2383.6
1308520 2391.0
1308530 2391.0
1308540 2400.5
1308550 2406.4
1308560 2406.4
1308570 2411.7
1308580 2411.2
1308590 2411.2
1308600 2406.0
1308610 2402.8
1308620 2402.8
1308630 2401.4
1308640 2398.6
1308650 2398.6
1308660 2400.2
1308670 2400.2
1308680 2400.2
1308690 2387.6
1308700 2356.5
1308710 2356.5
1308720 2344.7
1308730 2337.4
1308740 2328.8
1308750 2328.8
1308760 2317.9
1308770 2305.8
1308780 2305.8
1308790 2296.2
1308800 2289.3
1308810 2289.3
1308820 2284.4
1308830 2279.8
1308840 2279.8
1308850 2277.4
1308860 2275.9
1308870 2275.9
1308880 2273.8
1308890 2270.7
1308900 2270.7
1308910 2265.3
1308920 2264.6
1308930 2264.6
1308940 2258.4
1308950 2252.3
1308960 2252.3
1308970 2247.2
1308980 2243.5
1308990 2241.1
1309000 2241.1
1309010 2239.9
1309020 2239.0
1309030 2239.0
1309040 2235.8
1309050 2232.3
1309060 2232.3
1309070 2229.3
1309080 2226.1
1309090 2226.1
1309100 2221.6
1309110 2216.0
1309120 2216.0
1309130 2209.6
1309140 2203.1
1309150 2203.1
1309160 2196.5
1309170 2189.7
1309180 2189.7
1309190 2182.8
1309200 2176.0
1309210 2176.0
1309220 2170.0
1309230 2164.8
1309240 2158.2
1309250 2158.2
1309260 2150.7
1309270 2143.8
1309280 2143.8
1309290 2137.9
1309300 2131.9
1309310 2131.9
1309320 2125.9
1309330 2120.0
1309340 2120.0
1309350 2114.1
1309360 2108.5
1309370 2108.5
1309380 2102.8
1309390 2097.6
1309400 2097.6
1309410 2092.4
1309420 2087.8
1309430 2087.8
1309440 2083.6
1309450 2079.2
1309460 2079.2
1309470 2073.8
1309480 2068.3
1309490 2063.6
1309500 2063.6
1309510 2058.9
1309520 2054.3
1309530 2054.3
1309540 2049.1
1309550 2044.2
1309560 2044.2
1309570 2039.5
1309580 2034.8
1309590 2034.8
1309600 2029.2
1309610 2022.6
1309620 2022.6
1309630 2016.5
1309640 2012.1
1309650 2010.8
1309660 2007.6
1309670 2004.7
1309680 2004.7
1309690 2001.1
1309700 1997.4
1309710 1997.4
1309720 1993.7
1309730 1989.0
1309740 1989.0
1309750 1984.1
1309760 1979.3
1309770 1974.6
1309780 1974.6
1309790 1970.3
1309800 1966.8
1309810 1966.8
1309820 1962.3
1309830 1958.4
1309840 1958.4
1309850 1954.5
1309860 1950.7
1309870 1950.7
1309880 1946.8
1309890 1942.8
1309900 1942.8
1309910 1939.8
1309920 1937.9
1309930 1937.9
1309940 1934.5
1309950 1929.9
1309960 1929.9
1309970 1925.8
1309980 1922.3
1309990 1922.3
1310000 1918.9
1310010 1914.8
1310020 1910.1
1310030 1910.1
1310040 1905.6
1310050 1902.1
1310060 1902.1
1310070 1899.3
1310080 1896.9
1310090 1896.9
1310100 1894.3
1310110 1891.7
1310120 1891.7
1310130 1888.2
1310140 1883.1
1310150 1883.1
1310160 1878.8
1310170 1876.6
1310180 1876.6
1310190 1874.7
1310200 1872.1
1310210 1872.1
1310220 1868.5
1310230 1864.8
1310240 1864.8
1310250 1861.3
1310260 1857.7
1310270 1852.5
1310280 1852.5
1310290 1847.1
1310300 1844.9
1310310 1844.9
1310320 1843.5
1310330 1840.7
1310340 1840.7
1310350 1838.5
1310360 1835.5
1310370 1835.5
1310380 1829.2
1310390 1828.1
1310400 1828.1
1310410 1827.0
1310420 1825.8
1310430 1825.8
1310440 1822.8
1310450 1818.3
1310460 1818.3
1310470 1813.4
1310480 1807.4
1310490 1807.4
1310500 1801.9
1310510 1797.4
1310520 1793.8
1310530 1793.8
1310540 1789.3
1310550 1784.4
1310560 1784.4
1310570 1780.3
1310580 1777.6
1310590 1777.6
1310600 1774.6
1310610 1771.7
1310620 1771.7
1310630 1769.3
1310640 1766.8
1310650 1766.8
1310660 1763.7
1310670 1758.8
1310680 1758.8
1310690 1753.0
1310700 1748.2
1310710 1748.2
1310720 1742.0
1310730 1735.8
1310740 1735.8
1310750 1732.2
1310760 1731.5
1310770 1732.1
1310780 1732.1
1310790 1736.3
1310800 1739.3
1310810 1739.3
1310820 1739.3
1310830 1736.6
1310840 1736.6
1310850 1737.9
1310860 1742.3
1310870 1742.3
1310880 1750.5
1310890 1758.0
1310900 1758.0
1310910 1765.9
1310920 1770.8
1310930 1770.8
1310940 1771.4
1310950 1771.6
1310960 1771.6
1310970 1773.9
1310980 1778.1
1310990 1778.1
1311000 1783.0
1311010 1787.7
1311020 1792.4
1311030 1792.4
1311040 1797.5
1311050 1802.3
1311060 1802.3
1311070 1806.0
1311080 1808.3
1311090 1808.3
1311100 1808.4
1311110 1815.5
1311120 1815.5
1311130 1812.7
1311140 1811.0
1311150 1811.0
1311160 1809.7
1311170 1809.0
1311180 1809.0
1311190 1811.9
1311200 1818.5
1311210 1818.5
1311220 1827.6
1311230 1836.8
1311240 1836.8
1311250 1843.7
1311260 1850.5
1311270 1856.2
1311280 1856.2
1311290 1861.2
1311300 1868.5
1311310 1868.5
1311320 1875.7
1311330 1880.1
1311340 1880.1
1311350 1883.8
1311360 1887.9
1311370 1887.9
1311380 1892.6
1311390 1897.2
1311400 1897.2
1311410 1903.3
1311420 1909.9
1311430 1909.9
1311440 1915.8
1311450 1920.9
1311460 1920.9
1311470 1927.7
1311480 1934.8
1311490 1934.8
1311500 1942.0
1311510 1948.2
1311520 1948.2
1311530 1953.4
1311540 1957.5
1311550 1961.7
1311560 1961.7
1311570 1966.7
1311580 1973.4
1311590 1973.4
1311600 1978.9
1311610 1985.4
1311620 1985.4
1311630 1992.5
1311640 1996.6
1311650 1996.6
1311660 1998.8
1311670 2002.6
1311680 2002.6
1311690 2007.8
1311700 2009.9
1311710 2009.9
1311720 2012.6
1311730 2016.3
1311740 2016.3
1311750 2018.4
1311760 2018.9
1311770 2018.9
1311780 2020.3
1311790 2020.2
1311800 2020.8
1311810 2020.8
1311820 2024.3
1311830 2029.7
1311840 2029.7
1311850 2032.5
1311860 2034.6
1311870 2034.6
1311880 2037.9
1311890 2041.3
1311900 2041.3
1311910 2044.9
1311920 2048.7
1311930 2048.7
1311940 2051.2
1311950 2052.1
1311960 2052.1
1311970 2054.1
1311980 2057.5
1311990 2057.5
1312000 2060.5
1312010 2063.6
1312020 2063.6
1312030 2066.7
1312040 2069.0
1312050 2071.2
1312060 2071.2
1312070 2074.3
1312080 2077.2
1312090 2077.2
1312100 2079.3
1312110 2081.8
1312120 2081.8
1312130 2084.8
1312140 2087.5
1312150 2087.5
1312160 2089.6
1312170 2091.7
1312180 2091.7
1312190 2093.7
1312200 2095.9
1312210 2095.9
1312220 2098.0
1312230 2100.3
1312240 2100.3
1312250 2103.4
1312260 2106.6
1312270 2106.6
1312280 2109.3
1312290 2112.2
1312300 2114.5
1312310 2114.5
1312320 2116.5
1312330 2118.9
1312340 2118.9
1312350 2121.6
1312360 2123.4
1312370 2123.4
1312380 2125.5
1312390 2128.2
1312400 2128.2
1312410 2131.1
1312420 2133.6
1312430 2133.6
1312440 2137.4
1312450 2142.3
1312460 2142.3
1312470 2147.2
1312480 2152.2
1312490 2152.2
1312500 2157.9
1312510 2164.8
1312520 2164.8
1312530 2173.1
1312540 2180.1
1312550 2185.3
1312560 2185.3
1312570 2192.1
1312580 2199.1
1312590 2195.0
1312600 2201.6
1312610 2208.3
1312620 2208.3
1312630 2214.3
1312640 2220.7
1312650 2220.7
1312660 2227.5
1312670 2234.7
1312680 2234.7
1312690 2242.0
1312700 2249.7
1312710 2249.7
1312720 2260.4
1312730 2270.7
1312740 2270.7
1312750 2276.3
1312760 2283.5
1312770 2283.5
1312780 2291.3
1312790 2297.9
1312800 2306.4
1312810 2306.4
1312820 2317.3
1312830 2326.8
1312840 2326.8
1312850 2333.2
1312860 2338.1
1312870 2338.1
1312880 2342.2
1312890 2347.4
1312900 2347.4
1312910 2354.5
1312920 2361.9
1312930 2361.9
1312940 2369.5
1312950 2376.5
1312960 2376.5
1312970 2381.6
1312980 2385.2
1312990 2385.2
1313000 2389.2
1313010 2392.9
1313020 2392.9
1313030 2394.8
1313040 2395.9
1313050 2396.9
1313060 2396.9
1313070 2398.8
1313080 2401.0
1313090 2401.0
1313100 2404.8
1313110 2408.6
1313120 2408.6
1313130 2412.3
1313140 2415.4
1313150 2415.4
1313160 2418.2
1313170 2416.0
1313180 2416.0
1313190 2408.6
1313200 2399.4
1313210 2399.4
1313220 2390.7
1313230 2383.2
1313240 2383.2
1313250 2376.5
1313260 2368.6
1313270 2368.6
1313280 2358.8
1313290 2346.2
1313300 2336.7
1313310 2336.7
1313320 2330.5
1313330 2323.7
1313340 2323.7
1313350 2318.4
1313360 2313.1
1313370 2313.1
1313380 2307.6
1313390 2302.4
1313400 2302.4
1313410 2297.5
1313420 2293.0
1313430 2293.0
1313440 2289.6
1313450 2287.3
1313460 2287.3
1313470 2285.6
1313480 2284.3
1313490 2284.3
1313500 2284.2
1313510 2284.0
1313520 2284.0
1313530 2282.9
1313540 2284.0
1313550 2284.0
1313560 2285.9
1313570 2287.9
1313580 2289.7
1313590 2289.7
1313600 2291.7
1313610 2293.2
1313620 2293.2
1313630 2295.0
1313640 2296.9
1313650 2296.9
1313660 2298.9
1313670 2299.6
1313680 2299.6
1313690 2300.4
1313700 2301.6
1313710 2301.6
1313720 2302.3
1313730 2302.4
1313740 2302.4
1313750 2303.1
1313760 2305.2
1313770 2305.2
1313780 2308.2
1313790 2310.5
1313800 2310.5
1313810 2312.4
1313820 2314.2
1313830 2316.2
1313840 2316.2
1313850 2317.7
1313860 2317.6
1313870 2317.6
1313880 2315.0
1313890 2311.0
1313900 2311.0
1313910 2307.0
1313920 2303.3
1313930 2303.3
1313940 2299.4
1313950 2298.2
1313960 2298.2
1313970 2297.8
1313980 2298.6
1313990 2298.6
1314000 2301.0
1314010 2304.5
1314020 2304.5
1314030 2308.6
1314040 2312.4
1314050 2312.4
1314060 2313.2
1314070 2307.3
1314080 2303.6
1314090 2303.6
1314100 2298.7
1314110 2294.6
1314120 2294.6
1314130 2288.7
1314140 2284.3
1314150 2284.3
1314160 2277.3
1314170 2272.6
1314180 2272.6
1314190 2267.4
1314200 2259.6
1314210 2259.6
1314220 2252.1
1314230 2242.4
1314240 2242.4
1314250 2232.8
1314260 2225.3
1314270 2225.3
1314280 2217.5
1314290 2209.9
1314300 2209.9
1314310 2202.4
1314320 2195.8
1314330 2189.7
1314340 2189.7
1314350 2183.3
1314360 2176.3
1314370 2176.3
1314380 2169.3
1314390 2164.0
1314400 2164.0
1314410 2157.6
1314420 2150.2
1314430 2150.2
1314440 2143.4
1314450 2138.1
1314460 2138.1
1314470 2133.0
1314480 2127.5
1314490 2127.5
1314500 2122.0
1314510 2116.8
1314520 2116.8
1314530 2111.1
1314540 2105.4
1314550 2105.4
1314560 2100.0
1314570 2094.8
1314580 2089.9
1314590 2089.9
1314600 2085.8
1314610 2082.6
1314620 2082.6
1314630 2079.2
1314640 2075.8
1314650 2075.8
1314660 2072.9
1314670 2069.5
1314680 2069.5
1314690 2066.4
1314700 2062.9
1314710 2062.9
1314720 2059.0
1314730 2054.9
1314740 2054.9
1314750 2051.0
1314760 2047.1
1314770 2047.1
1314780 2043.6
1314790 2040.1
1314800 2040.1
1314810 2036.9
1314820 2033.6
1314830 2030.0
1314840 2030.0
1314850 2025.5
1314860 2020.5
1314870 2020.5
1314880 2016.3
1314890 2013.8
1314900 2013.8
1314910 2012.0
1314920 2011.8
1314930 2011.8
1314940 2012.5
1314950 2011.4
1314960 2011.4
1314970 2010.2
1314980 2009.0
1314990 2009.0
1315000 2007.8
1315010 2006.4
1315020 2006.4
1315030 2005.3
1315040 2004.5
1315050 2004.5
1315060 2003.8
1315070 2003.1
1315080 2002.5
1315090 2002.5
1315100 2002.0
1315110 2001.6
1315120 2001.6
1315130 2000.9
1315140 1999.9
1315150 1999.9
1315160 1998.6
1315170 1997.2
1315180 1997.2
1315190 1995.8
1315200 1994.3
1315210 1994.3
1315220 1992.8
1315230 1991.4
1315240 1991.4
1315250 1990.2
1315260 1988.8
1315270 1988.8
1315280 1987.3
1315290 1985.3
1315300 1985.3
1315310 1983.2
1315320 1981.2
1315330 1979.5
1315340 1979.5
1315350 1978.7
1315360 1977.5
1315370 1977.5
1315380 1976.2
1315390 1974.1
1315400 1974.1
1315410 1971.7
1315420 1968.5
1315430 1968.5
1315440 1964.9
1315450 1958.3
1315460 1958.3
1315470 1949.4
1315480 1941.3
1315490 1941.3
1315500 1934.3
1315510 1927.7
1315520 1927.7
1315530 1921.0
1315540 1914.8
1315550 1914.8
1315560 1909.6
1315570 1904.6
1315580 1904.6
1315590 1899.5
1315600 1894.7
1315610 1890.5
1315620 1890.5
1315630 1886.9
1315640 1884.1
1315650 1884.1
1315660 1881.8
1315670 1880.0
1315680 1880.0
1315690 1878.8
1315700 1877.8
1315710 1877.8
1315720 1876.6
1315730 1874.8
1315740 1874.8
1315750 1872.2
1315760 1869.0
1315770 1869.0
1315780 1865.9
1315790 1862.7
1315800 1862.7
1315810 1858.9
1315820 1854.6
1315830 1854.6
1315840 1850.2
1315850 1845.8
1315860 1841.0
1315870 1841.0
1315880 1836.6
1315890 1832.1
1315900 1832.1
1315910 1827.7
1315920 1823.8
1315930 1823.8
1315940 1820.4
1315950 1817.0
1315960 1817.0
1315970 1813.4
1315980 1810.1
1315990 1810.1
1316000 1807.3
1316010 1804.6
1316020 1804.6
1316030 1802.1
1316040 1800.3
1316050 1800.3
1316060 1798.6
1316070 1797.3
1316080 1797.3
1316090 1795.9
1316100 1794.6
1316110 1793.0
1316120 1793.0
1316130 1791.6
1316140 1790.1
1316150 1790.1
1316160 1786.8
1316170 1782.9
1316180 1782.9
1316190 1779.5
1316200 1781.2
1316210 1781.2
1316220 1783.5
1316230 1786.3
1316240 1786.3
1316250 1788.9
1316260 1790.4
1316270 1790.4
1316280 1790.2
1316290 1789.7
1316300 1789.7
1316310 1789.4
1316320 1788.8
1316330 1782.2
1316340 1781.3
1316350 1780.8
1316360 1780.2
1316370 1780.2
1316380 1780.6
1316390 1781.0
1316400 1781.0
1316410 1781.6
1316420 1782.2
1316430 1782.2
1316440 1782.3
1316450 1781.2
1316460 1781.2
1316470 1779.9
1316480 1778.7
1316490 1778.7
1316500 1778.4
1316510 1778.4
1316520 1778.4
1316530 1778.0
1316540 1777.4
1316550 1777.4
1316560 1776.2
1316570 1774.9
1316580 1774.9
1316590 1773.5
1316600 1771.6
1316610 1768.0
1316620 1768.0
1316630 1763.8
1316640 1761.4
1316650 1761.4
1316660 1761.7
1316670 1763.1
1316680 1763.1
1316690 1764.2
1316700 1763.4
1316710 1763.4
1316720 1761.1
1316730 1758.3
1316740 1758.3
1316750 1757.8
1316760 1758.6
1316770 1758.6
1316780 1759.9
1316790 1759.0
1316800 1759.0
1316810 1756.5
1316820 1753.6
1316830 1753.6
1316840 1751.6
1316850 1748.0
1316860 1746.6
1316870 1746.6
1316880 1746.8
1316890 1746.8
1316900 1746.8
1316910 1746.6
1316920 1746.3
1316930 1746.3
1316940 1746.7
1316950 1747.3
1316960 1747.3
1316970 1746.7
1316980 1746.0
1316990 1746.0
1317000 1745.4
1317010 1744.6
1317020 1744.6
1317030 1743.7
1317040 1742.8
1317050 1742.8
1317060 1741.8
1317070 1740.6
1317080 1735.8
1317090 1734.2
1317100 1733.0
1317110 1731.2
1317120 1731.2
1317130 1728.4
1317140 1724.7
1317150 1724.7
1317160 1718.9
1317170 1709.3
1317180 1709.3
1317190 1700.4
1317200 1694.0
1317210 1694.0
1317220 1689.0
1317230 1685.3
1317240 1685.3
1317250 1680.9
1317260 1675.2
1317270 1675.2
1317280 1670.3
1317290 1666.3
1317300 1666.3
1317310 1662.6
1317320 1659.6
1317330 1659.6
1317340 1658.9
1317350 1659.2
1317360 1659.2
1317370 1659.0
1317380 1657.8
1317390 1655.6
1317400 1655.6
1317410 1653.0
1317420 1650.4
1317430 1650.4
1317440 1647.1
1317450 1646.9
1317460 1646.9
1317470 1649.5
1317480 1653.4
1317490 1653.4
1317500 1656.5
1317510 1658.8
1317520 1658.8
1317530 1660.0
1317540 1660.9
1317550 1660.9
1317560 1660.5
1317570 1659.4
1317580 1659.4
1317590 1657.4
1317600 1654.5
1317610 1654.5
1317620 1651.1
1317630 1649.9
1317640 1650.0
1317650 1650.0
1317660 1651.6
1317670 1650.5
1317680 1650.5
1317690 1649.3
1317700 1648.5
1317710 1648.5
1317720 1649.6
1317730 1652.6
1317740 1652.6
1317750 1655.7
1317760 1658.2
1317770 1658.2
1317780 1661.1
1317790 1664.3
1317800 1664.3
1317810 1667.7
1317820 1672.3
1317830 1672.3
1317840 1676.5
1317850 1676.7
1317860 1676.7
1317870 1679.0
1317880 1680.7
1317890 1681.7
1317900 1681.7
1317910 1681.7
1317920 1680.3
1317930 1680.3
1317940 1679.5
1317950 1679.6
1317960 1679.6
1317970 1680.6
1317980 1682.3
1317990 1682.3
1318000 1686.1
1318010 1689.6
1318020 1689.6
1318030 1691.8
1318040 1693.5
1318050 1693.5
1318060 1694.6
1318070 1694.8
1318080 1694.8
1318090 1695.9
1318100 1697.2
1318110 1697.2
1318120 1699.7
1318130 1702.0
1318140 1703.6
1318150 1703.6
1318160 1705.6
1318170 1706.3
1318180 1706.3
1318190 1705.4
1318200 1705.0
1318210 1705.0
1318220 1704.8
1318230 1704.4
1318240 1704.4
1318250 1705.6
1318260 1707.9
1318270 1707.9
1318280 1709.6
1318290 1709.8
1318300 1709.8
1318310 1710.0
1318320 1708.1
1318330 1708.1
1318340 1704.5
1318350 1701.4
1318360 1701.4
1318370 1700.4
1318380 1701.0
1318390 1701.9
1318400 1701.9
1318410 1702.5
1318420 1702.0
1318430 1702.0
1318440 1700.6
1318450 1699.0
1318460 1699.0
1318470 1697.7
1318480 1697.5
1318490 1697.5
1318500 1700.0
1318510 1705.1
1318520 1705.1
1318530 1711.4
1318540 1718.0
1318550 1718.0
1318560 1724.0
1318570 1728.4
1318580 1728.4
1318590 1735.8
1318600 1740.1
1318610 1734.3
1318620 1734.1
1318630 1733.8
1318640 1733.6
1318650 1733.6
1318660 1733.0
1318670 1732.2
1318680 1732.2
1318690 1730.6
1318700 1728.3
1318710 1728.3
1318720 1724.7
1318730 1721.1
1318740 1721.1
1318750 1717.8
1318760 1715.7
1318770 1715.7
1318780 1713.3
1318790 1706.4
1318800 1706.4
1318810 1696.8
1318820 1689.9
1318830 1689.9
1318840 1683.2
1318850 1678.0
1318860 1678.0
1318870 1673.1
1318880 1668.3
1318890 1662.6
1318900 1662.6
1318910 1654.6
1318920 1645.2
1318930 1645.2
1318940 1635.6
1318950 1625.2
1318960 1625.2
1318970 1616.5
1318980 1608.5
1318990 1608.5
1319000 1600.4
1319010 1594.0
1319020 1594.0
1319030 1589.6
1319040 1584.5
1319050 1584.5
1319060 1576.4
1319070 1570.0
1319080 1570.0
1319090 1564.7
1319100 1558.5
1319110 1558.5
1319120 1552.2
1319130 1545.3
1319140 1540.0
1319150 1540.0
1319160 1535.1
1319170 1531.5
1319180 1531.5
1319190 1528.2
1319200 1525.4
1319210 1525.4
1319220 1522.5
1319230 1519.6
1319240 1519.6
1319250 1516.8
1319260 1513.4
1319270 1513.4
1319280 1510.1
1319290 1506.9
1319300 1506.9
1319310 1503.3
1319320 1500.6
1319330 1500.6
1319340 1497.0
1319350 1492.4
1319360 1492.4
1319370 1488.4
1319380 1482.9
1319390 1482.9
1319400 1475.4
1319410 1469.3
1319420 1467.3
1319430 1467.3
1319440 1465.6
1319450 1463.6
1319460 1463.6
1319470 1461.0
1319480 1459.5
1319490 1459.5
1319500 1457.7
1319510 1453.5
1319520 1453.5
1319530 1447.7
1319540 1446.3
1319550 1446.3
1319560 1448.7
1319570 1449.0
1319580 1449.0
1319590 1449.6
1319600 1449.2
1319610 1449.2
1319620 1448.3
1319630 1446.6
1319640 1446.6
1319650 1444.4
1319660 1443.2
1319670 1442.3
1319680 1442.3
1319690 1443.6
1319700 1445.7
1319710 1445.7
1319720 1447.3
1319730 1445.8
1319740 1445.8
1319750 1441.9
1319760 1437.4
1319770 1437.4
1319780 1432.5
1319790 1427.1
1319800 1427.1
1319810 1421.8
1319820 1416.4
1319830 1416.4
1319840 1411.6
1319850 1407.4
1319860 1407.4
1319870 1404.4
1319880 1400.2
1319890 1400.2
1319900 1392.8
1319910 1388.3
1319920 1385.4
1319930 1385.4
1319940 1382.1
1319950 1378.0
1319960 1378.0
1319970 1373.9
1319980 1370.1
1319990 1370.1
