1300000 2121.8
1300010 2115.2
1300020 2115.2
1300030 2109.2
1300040 2103.1
1300050 2103.1
1300060 2097.0
1300070 2091.1
1300080 2091.1
1300090 2085.4
1300100 2080.3
1300110 2080.3
1300120 2075.3
1300130 2070.6
1300140 2070.6
1300150 2066.2
1300160 2063.0
1300170 2059.4
1300180 2059.4
1300190 2054.7
1300200 2048.7
1300210 2048.1
1300220 2044.0
1300230 2040.5
1300240 2040.5
1300250 2035.5
1300260 2029.6
1300270 2029.6
1300280 2023.3
1300290 2018.4
1300300 2018.4
1300310 2014.4
1300320 2007.8
1300330 2007.8
1300340 1999.9
1300350 1994.1
1300360 1994.1
1300370 1989.0
1300380 1984.1
1300390 1984.1
1300400 1980.0
1300410 1976.1
1300420 1971.9
1300430 1971.9
1300440 1965.8
1300450 1960.1
1300460 1960.1
1300470 1955.9
1300480 1952.3
1300490 1952.3
1300500 1947.6
1300510 1942.5
1300520 1942.5
1300530 1937.8
1300540 1932.3
1300550 1932.3
1300560 1927.2
1300570 1922.8
1300580 1922.8
1300590 1919.1
1300600 1915.4
1300610 1915.4
1300620 1911.4
1300630 1906.9
1300640 1906.9
1300650 1902.0
1300660 1897.0
1300670 1897.0
1300680 1892.5
1300690 1887.4
1300700 1883.2
1300710 1883.2
1300720 1878.8
1300730 1873.3
1300740 1873.3
1300750 1869.2
1300760 1866.0
1300770 1866.0
1300780 1862.5
1300790 1857.1
1300800 1857.1
1300810 1851.4
1300820 1845.6
1300830 1845.6
1300840 1840.1
1300850 1835.3
1300860 1835.3
1300870 1830.8
1300880 1825.9
1300890 1825.9
1300900 1820.7
1300910 1816.3
1300920 1816.3
1300930 1812.0
1300940 1807.9
1300950 1804.5
1300960 1804.5
1300970 1800.3
1300980 1795.8
1300990 1795.8
1301000 1791.3
1301010 1786.9
1301020 1786.9
1301030 1783.3
1301040 1779.6
1301050 1779.6
1301060 1776.8
1301070 1774.2
1301080 1774.2
1301090 1770.9
1301100 1767.4
1301110 1767.4
1301120 1763.6
1301130 1759.2
1301140 1759.2
1301150 1755.0
1301160 1750.4
1301170 1750.4
1301180 1745.4
1301190 1741.1
1301200 1736.6
1301210 1736.6
1301220 1732.8
1301230 1728.8
1301240 1728.8
1301250 1724.5
1301260 1719.7
1301270 1719.7
1301280 1715.7
1301290 1711.8
1301300 1711.8
1301310 1708.0
1301320 1703.0
1301330 1703.0
1301340 1697.5
1301350 1691.7
1301360 1691.7
1301370 1686.5
1301380 1681.4
1301390 1681.4
1301400 1675.8
1301410 1670.4
1301420 1670.4
1301430 1666.5
1301440 1663.2
1301450 1660.1
1301460 1660.1
1301470 1657.0
1301480 1653.9
1301490 1653.9
1301500 1651.5
1301510 1649.0
1301520 1649.0
1301530 1645.7
1301540 1642.4
1301550 1642.4
1301560 1638.0
1301570 1634.2
1301580 1634.2
1301590 1629.8
1301600 1621.7
1301610 1621.7
1301620 1616.2
1301630 1610.8
1301640 1610.8
1301650 1606.1
1301660 1602.5
1301670 1602.5
1301680 1600.5
1301690 1597.7
1301700 1594.4
1301710 1594.4
1301720 1590.8
1301730 1588.0
1301740 1588.0
1301750 1585.4
1301760 1582.1
1301770 1582.1
1301780 1579.2
1301790 1576.9
1301800 1576.9
1301810 1573.1
1301820 1570.9
1301830 1570.9
1301840 1568.9
1301850 1565.3
1301860 1565.3
1301870 1561.0
1301880 1556.1
1301890 1556.1
1301900 1551.1
1301910 1546.4
1301920 1546.4
1301930 1541.5
1301940 1537.1
1301950 1533.7
1301960 1533.7
1301970 1531.2
1301980 1528.7
1301990 1528.7
1302000 1525.6
1302010 1521.2
1302020 1521.2
1302030 1515.4
1302040 1510.4
1302050 1510.4
1302060 1505.3
1302070 1501.4
1302080 1501.4
1302090 1497.6
1302100 1493.9
1302110 1493.9
1302120 1489.9
1302130 1486.3
1302140 1486.3
1302150 1483.5
1302160 1480.2
1302170 1480.2
1302180 1475.6
1302190 1469.3
1302200 1463.7
1302210 1463.7
1302220 1457.7
1302230 1451.2
1302240 1451.2
1302250 1450.1
1302260 1456.3
1302270 1456.3
1302280 1462.0
1302290 1471.1
1302300 1471.1
1302310 1475.0
1302320 1476.9
1302330 1476.9
1302340 1480.5
1302350 1483.9
1302360 1483.9
1302370 1487.0
1302380 1490.6
1302390 1490.6
1302400 1493.4
1302410 1496.1
1302420 1496.1
1302430 1499.5
1302440 1503.9
1302450 1508.9
1302460 1508.9
1302470 1514.3
1302480 1519.3
1302490 1519.3
1302500 1524.0
1302510 1528.2
1302520 1528.2
1302530 1531.8
1302540 1536.3
1302550 1536.3
1302560 1540.7
1302570 1545.0
1302580 1545.0
1302590 1549.4
1302600 1554.1
1302610 1554.1
1302620 1557.7
1302630 1561.7
1302640 1561.7
1302650 1566.0
1302660 1569.7
1302670 1569.7
1302680 1572.6
1302690 1575.2
1302700 1578.4
1302710 1578.4
1302720 1582.3
1302730 1587.3
1302740 1587.3
1302750 1592.2
1302760 1596.9
1302770 1596.9
1302780 1602.1
1302790 1607.0
1302800 1607.0
1302810 1610.8
1302820 1614.6
1302830 1614.6
1302840 1617.9
1302850 1620.2
1302860 1620.2
1302870 1623.2
1302880 1626.7
1302890 1626.7
1302900 1630.9
1302910 1636.0
1302920 1636.0
1302930 1640.4
1302940 1644.4
1302950 1644.4
1302960 1648.3
1302970 1653.2
1302980 1658.1
1302990 1660.2
1303000 1664.5
1303010 1669.6
1303020 1669.6
1303030 1674.8
1303040 1678.7
1303050 1678.7
1303060 1682.4
1303070 1687.0
1303080 1687.0
1303090 1692.4
1303100 1698.5
1303110 1698.5
1303120 1704.5
1303130 1710.4
1303140 1710.4
1303150 1717.7
1303160 1725.5
1303170 1725.5
1303180 1731.6
1303190 1735.2
1303200 1735.2
1303210 1737.8
1303220 1740.0
1303230 1741.6
1303240 1741.6
1303250 1744.5
1303260 1746.6
1303270 1746.6
1303280 1749.1
1303290 1751.4
1303300 1751.4
1303310 1754.1
1303320 1758.0
1303330 1758.0
1303340 1762.7
1303350 1766.5
1303360 1766.5
1303370 1769.6
1303380 1772.9
1303390 1772.9
1303400 1777.1
1303410 1781.5
1303420 1781.5
1303430 1785.6
1303440 1790.2
1303450 1790.2
1303460 1794.9
1303470 1799.0
1303480 1802.8
1303490 1802.8
1303500 1806.7
1303510 1810.3
1303520 1810.3
1303530 1813.3
1303540 1816.6
1303550 1816.6
1303560 1819.6
1303570 1822.1
1303580 1822.1
1303590 1824.8
1303600 1829.2
1303610 1829.2
1303620 1833.4
1303630 1837.1
1303640 1837.1
1303650 1841.1
1303660 1846.4
1303670 1846.4
1303680 1851.6
1303690 1858.6
1303700 1858.6
1303710 1863.8
1303720 1869.8
1303730 1875.5
1303740 1875.5
1303750 1880.0
1303760 1885.1
1303770 1885.1
1303780 1890.0
1303790 1892.9
1303800 1892.9
1303810 1895.9
1303820 1897.8
1303830 1897.8
1303840 1900.6
1303850 1905.1
1303860 1905.1
1303870 1908.2
1303880 1910.3
1303890 1910.3
1303900 1914.0
1303910 1919.1
1303920 1919.1
1303930 1923.7
1303940 1927.7
1303950 1927.7
1303960 1931.9
1303970 1936.8
1303980 1942.4
1303990 1942.4
1304000 1947.5
1304010 1951.2
1304020 1951.2
1304030 1955.6
1304040 1960.6
1304050 1960.6
1304060 1966.0
1304070 1968.8
1304080 1968.8
1304090 1971.6
1304100 1976.0
1304110 1976.0
1304120 1980.2
1304130 1982.8
1304140 1982.8
1304150 1985.5
1304160 1988.2
1304170 1988.2
1304180 1991.4
1304190 1994.3
1304200 1994.3
1304210 1997.6
1304220 2002.5
1304230 2008.9
1304240 2008.9
1304250 2013.1
1304260 2017.7
1304270 2017.7
1304280 2021.5
1304290 2024.0
1304300 2024.0
1304310 2028.4
1304320 2034.4
1304330 2034.4
1304340 2039.4
1304350 2044.3
1304360 2044.3
1304370 2047.8
1304380 2051.9
1304390 2051.9
1304400 2056.1
1304410 2060.7
1304420 2060.7
1304430 2066.8
1304440 2070.9
1304450 2070.9
1304460 2073.2
1304470 2077.5
1304480 2083.0
1304490 2083.0
1304500 2088.4
1304510 2094.9
1304520 2094.9
1304530 2100.1
1304540 2103.3
1304550 2103.3
1304560 2107.2
1304570 2109.6
1304580 2109.6
1304590 2113.3
1304600 2117.0
1304610 2117.0
1304620 2120.1
1304630 2123.4
1304640 2123.4
1304650 2126.9
1304660 2130.1
1304670 2130.1
1304680 2133.8
1304690 2137.7
1304700 2137.7
1304710 2142.4
1304720 2147.2
1304730 2151.4
1304740 2151.4
1304750 2156.8
1304760 2160.2
1304770 2160.2
1304780 2162.9
1304790 2165.6
1304800 2165.6
1304810 2169.5
1304820 2171.7
1304830 2171.7
1304840 2171.0
1304850 2174.3
1304860 2174.3
1304870 2177.4
1304880 2180.3
1304890 2180.3
1304900 2183.1
1304910 2182.4
1304920 2182.4
1304930 2181.7
1304940 2183.7
1304950 2183.7
1304960 2185.0
1304970 2183.9
1304980 2183.9
1304990 2184.8
1305000 2189.8
1305010 2195.5
1305020 2195.5
1305030 2201.8
1305040 2208.0
1305050 2208.0
1305060 2213.6
1305070 2216.6
1305080 2216.6
1305090 2215.2
1305100 2212.1
1305110 2212.1
1305120 2217.9
1305130 2225.7
1305140 2225.7
1305150 2232.9
1305160 2239.1
1305170 2239.1
1305180 2241.2
1305190 2237.3
1305200 2237.3
1305210 2231.4
1305220 2225.8
1305230 2225.8
1305240 2221.7
1305250 2218.3
1305260 2214.3
1305270 2214.3
1305280 2211.0
1305290 2206.9
1305300 2206.9
1305310 2202.7
1305320 2200.2
1305330 2200.2
1305340 2195.9
1305350 2190.4
1305360 2190.4
1305370 2184.7
1305380 2178.1
1305390 2178.1
1305400 2171.3
1305410 2165.9
1305420 2165.9
1305430 2159.3
1305440 2150.2
1305450 2150.2
1305460 2141.8
1305470 2134.6
1305480 2134.6
1305490 2126.2
1305500 2118.0
1305510 2108.9
1305520 2108.9
1305530 2100.6
1305540 2094.2
1305550 2094.2
1305560 2088.8
1305570 2082.0
1305580 2082.0
1305590 2075.9
1305600 2071.5
1305610 2071.5
1305620 2067.7
1305630 2063.9
1305640 2063.9
1305650 2059.8
1305660 2055.8
1305670 2055.8
1305680 2052.2
1305690 2047.9
1305700 2047.9
1305710 2043.9
1305720 2039.8
1305730 2039.8
1305740 2036.0
1305750 2033.2
1305760 2030.0
1305770 2030.0
1305780 2026.5
1305790 2023.2
1305800 2023.2
1305810 2019.2
1305820 2020.4
1305830 2020.4
1305840 2017.2
1305850 2014.0
1305860 2014.0
1305870 2011.0
1305880 2007.1
1305890 2007.1
1305900 2002.5
1305910 1997.7
1305920 1997.7
1305930 1993.5
1305940 1990.3
1305950 1990.3
1305960 1985.8
1305970 1979.4
1305980 1979.4
1305990 1972.7
1306000 1967.0
1306010 1964.2
1306020 1964.2
1306030 1963.4
1306040 1962.2
1306050 1962.2
1306060 1959.6
1306070 1957.0
1306080 1957.0
1306090 1953.3
1306100 1946.8
1306110 1946.8
1306120 1939.9
1306130 1933.8
1306140 1933.8
1306150 1929.7
1306160 1927.8
1306170 1927.8
1306180 1923.7
1306190 1902.3
1306200 1902.3
1306210 1889.7
1306220 1883.2
1306230 1883.2
1306240 1876.1
1306250 1869.3
1306260 1863.1
1306270 1863.1
1306280 1856.9
1306290 1847.9
1306300 1847.9
1306310 1835.8
1306320 1827.4
1306330 1827.4
1306340 1820.5
1306350 1815.7
1306360 1815.7
1306370 1811.7
1306380 1808.0
1306390 1808.0
1306400 1804.6
1306410 1801.1
1306420 1801.1
1306430 1797.2
1306440 1792.4
1306450 1792.4
1306460 1788.6
1306470 1788.0
1306480 1788.0
1306490 1793.7
1306500 1801.0
1306510 1804.5
1306520 1804.5
1306530 1806.7
1306540 1808.7
1306550 1808.7
1306560 1811.1
1306570 1815.7
1306580 1815.7
1306590 1821.8
1306600 1826.5
1306610 1826.5
1306620 1831.3
1306630 1835.9
1306640 1835.9
1306650 1840.9
1306660 1845.9
1306670 1845.9
1306680 1849.9
1306690 1854.1
1306700 1854.1
1306710 1858.6
1306720 1863.1
1306730 1863.1
1306740 1867.1
1306750 1870.7
1306760 1874.6
1306770 1874.6
1306780 1878.7
1306790 1883.3
1306800 1883.3
1306810 1887.9
1306820 1893.1
1306830 1893.1
1306840 1898.8
1306850 1904.6
1306860 1904.6
1306870 1910.4
1306880 1915.4
1306890 1915.4
1306900 1919.0
1306910 1922.1
1306920 1922.1
1306930 1925.9
1306940 1929.0
1306950 1929.0
1306960 1931.4
1306970 1933.9
1306980 1933.9
1306990 1936.9
1307000 1940.6
1307010 1940.6
1307020 1945.2
1307030 1950.4
1307040 1957.0
1307050 1957.0
1307060 1963.4
1307070 1968.3
1307080 1968.3
1307090 1972.9
1307100 1977.6
1307110 1977.6
1307120 1983.4
1307130 1988.6
1307140 1988.6
1307150 1992.3
1307160 1997.0
1307170 1997.0
1307180 2002.9
1307190 2009.4
1307200 2009.4
1307210 2015.6
1307220 2021.9
1307230 2021.9
1307240 2027.4
1307250 2029.4
1307260 2029.4
1307270 2030.8
1307280 2033.6
1307290 2037.1
1307300 2037.1
1307310 2041.6
1307320 2046.6
1307330 2046.6
1307340 2051.7
1307350 2057.5
1307360 2057.5
1307370 2063.2
1307380 2069.0
1307390 2069.0
1307400 2074.4
1307410 2080.0
1307420 2080.0
1307430 2086.3
1307440 2091.7
1307450 2091.7
1307460 2095.7
1307470 2099.4
1307480 2099.4
1307490 2104.4
1307500 2110.6
1307510 2110.6
1307520 2118.4
1307530 2127.9
1307540 2137.7
1307550 2137.7
1307560 2144.9
1307570 2147.8
1307580 2147.8
1307590 2145.4
1307600 2146.9
1307610 2146.9
1307620 2151.2
1307630 2152.7
1307640 2152.7
1307650 2157.2
1307660 2161.7
1307670 2161.7
1307680 2164.6
1307690 2168.4
1307700 2168.4
1307710 2173.0
1307720 2175.1
1307730 2175.1
1307740 2178.0
1307750 2180.1
1307760 2180.1
1307770 2184.6
1307780 2190.5
1307790 2193.7
1307800 2193.7
1307810 2197.7
1307820 2200.7
1307830 2200.7
1307840 2202.1
1307850 2202.4
1307860 2202.4
1307870 2202.3
1307880 2203.8
1307890 2203.8
1307900 2204.5
1307910 2208.3
1307920 2208.3
1307930 2212.8
1307940 2216.6
1307950 2216.6
1307960 2221.4
1307970 2224.0
1307980 2224.0
1307990 2225.1
1308000 2225.7
1308010 2225.7
1308020 2227.7
1308030 2229.4
1308040 2230.2
1308050 2230.2
1308060 2234.6
1308070 2239.4
1308080 2239.4
1308090 2244.2
1308100 2247.3
1308110 2247.3
1308120 2250.1
1308130 2252.4
1308140 2252.4
1308150 2255.2
1308160 2258.1
1308170 2258.1
1308180 2261.9
1308190 2264.9
1308200 2264.9
1308210 2269.5
1308220 2275.9
1308230 2275.9
1308240 2282.0
1308250 2287.5
1308260 2287.5
1308270 2291.1
1308280 2295.3
1308290 2300.4
1308300 2300.4
1308310 2305.6
1308320 2310.8
1308330 2310.8
1308340 2315.5
1308350 2323.4
1308360 2323.4
1308370 2331.6
1308380 2336.3
1308390 2336.3
1308400 2339.6
1308410 2343.5
1308420 2343.5
1308430 2346.4
1308440 2350.0
1308450 2350.0
1308460 2354.1
1308470 2360.4
1308480 2360.4
1308490 2364.9
1308500 2367.8
1308510 2367.8
1308520 2368.0
1308530 2363.7
1308540 2359.6
1308550 2359.6
1308560 2356.4
1308570 2351.0
1308580 2351.0
1308590 2347.3
1308600 2344.8
1308610 2344.8
1308620 2340.9
1308630 2335.2
1308640 2335.2
1308650 2332.5
1308660 2331.2
1308670 2331.2
1308680 2323.2
1308690 2320.1
1308700 2320.1
1308710 2317.2
1308720 2313.3
1308730 2313.3
1308740 2308.1
1308750 2302.1
1308760 2302.1
1308770 2297.1
1308780 2291.6
1308790 2283.6
1308800 2283.6
1308810 2276.0
1308820 2269.9
1308830 2269.9
1308840 2263.1
1308850 2257.0
1308860 2257.0
1308870 2251.1
1308880 2245.7
1308890 2245.7
1308900 2241.1
1308910 2236.8
1308920 2236.8
1308930 2232.9
1308940 2228.9
1308950 2228.9
1308960 2224.7
1308970 2219.3
1308980 2219.3
1308990 2212.7
1309000 2207.3
1309010 2207.3
1309020 2202.6
1309030 2198.4
1309040 2198.4
1309050 2194.8
1309060 2191.2
1309070 2187.6
1309080 2187.6
1309090 2184.1
1309100 2180.5
1309110 2180.5
1309120 2177.0
1309130 2173.1
1309140 2173.1
1309150 2168.3
1309160 2162.1
1309170 2162.1
1309180 2156.1
1309190 2151.7
1309200 2151.7
1309210 2147.2
1309220 2144.6
1309230 2144.6
1309240 2142.6
1309250 2141.0
1309260 2141.0
1309270 2138.5
1309280 2135.5
1309290 2135.5
1309300 2131.1
1309310 2126.4
1309320 2122.1
1309330 2122.1
1309340 2121.2
1309350 2122.1
1309360 2122.1
1309370 2122.5
1309380 2119.2
1309390 2119.2
1309400 2114.5
1309410 2110.1
1309420 2110.1
1309430 2106.5
1309440 2103.1
1309450 2103.1
1309460 2099.0
1309470 2095.6
1309480 2095.6
1309490 2091.8
1309500 2087.8
1309510 2087.8
1309520 2082.7
1309530 2077.2
1309540 2077.2
1309550 2072.2
1309560 2066.8
1309570 2060.5
1309580 2060.5
1309590 2054.3
1309600 2048.1
1309610 2048.1
1309620 2042.8
1309630 2037.4
1309640 2037.4
1309650 2031.6
1309660 2025.9
1309670 2025.9
1309680 2020.3
1309690 2014.2
1309700 2014.2
1309710 2006.9
1309720 1999.4
1309730 1999.4
1309740 1993.4
1309750 1987.8
1309760 1987.8
1309770 1981.8
1309780 1975.5
1309790 1975.5
1309800 1968.4
1309810 1961.1
1309820 1954.2
1309830 1954.2
1309840 1947.9
1309850 1941.8
1309860 1941.8
1309870 1935.5
1309880 1930.1
1309890 1930.1
1309900 1925.4
1309910 1921.6
1309920 1921.6
1309930 1916.9
1309940 1912.1
1309950 1912.1
1309960 1907.2
1309970 1902.4
1309980 1902.4
1309990 1896.9
1310000 1892.0
1310010 1892.0
1310020 1886.0
1310030 1880.8
1310040 1880.8
1310050 1875.6
1310060 1872.3
1310070 1868.4
1310080 1868.4
1310090 1865.2
1310100 1861.9
1310110 1861.9
1310120 1857.3
1310130 1852.7
1310140 1851.9
1310150 1847.9
1310160 1843.2
1310170 1843.2
1310180 1838.2
1310190 1833.4
1310200 1833.4
1310210 1828.3
1310220 1823.9
1310230 1823.9
1310240 1820.0
1310250 1816.5
1310260 1816.5
1310270 1813.2
1310280 1810.9
1310290 1810.9
1310300 1808.0
1310310 1804.4
1310320 1799.6
1310330 1799.6
1310340 1793.0
1310350 1786.8
1310360 1786.8
1310370 1781.0
1310380 1777.8
1310390 1777.8
1310400 1779.5
1310410 1783.3
1310420 1783.3
1310430 1783.0
1310440 1787.8
1310450 1787.8
1310460 1794.1
1310470 1797.6
1310480 1797.6
1310490 1801.1
1310500 1804.5
1310510 1804.5
1310520 1807.8
1310530 1810.5
1310540 1810.5
1310550 1810.9
1310560 1806.8
1310570 1804.4
1310580 1804.4
1310590 1808.2
1310600 1813.7
1310610 1813.7
1310620 1818.2
1310630 1821.2
1310640 1821.2
1310650 1824.2
1310660 1826.7
1310670 1826.7
1310680 1828.1
1310690 1829.3
1310700 1829.3
1310710 1830.8
1310720 1832.1
1310730 1832.1
1310740 1832.7
1310750 1833.4
1310760 1833.4
1310770 1834.0
1310780 1834.9
1310790 1834.9
1310800 1835.9
1310810 1836.0
1310820 1836.3
1310830 1836.3
1310840 1837.5
1310850 1841.6
1310860 1841.6
1310870 1847.1
1310880 1850.5
1310890 1850.5
1310900 1854.8
1310910 1857.2
1310920 1857.2
1310930 1860.4
1310940 1865.3
1310950 1865.3
1310960 1869.1
1310970 1871.6
1310980 1871.6
1310990 1873.9
1311000 1876.5
1311010 1876.5
1311020 1878.4
1311030 1878.7
1311040 1878.7
1311050 1879.5
1311060 1882.0
1311070 1882.0
1311080 1885.1
1311090 1887.6
1311100 1890.8
1311110 1890.8
1311120 1895.3
1311130 1899.0
1311140 1899.0
1311150 1902.1
1311160 1905.0
1311170 1905.0
1311180 1906.8
1311190 1908.0
1311200 1908.0
1311210 1908.7
1311220 1909.5
1311230 1909.5
1311240 1911.8
1311250 1912.8
1311260 1912.8
1311270 1914.7
1311280 1918.0
1311290 1918.0
1311300 1921.9
1311310 1925.8
1311320 1925.8
1311330 1929.1
1311340 1932.1
1311350 1935.0
1311360 1935.0
1311370 1937.5
1311380 1939.6
1311390 1939.6
1311400 1943.3
1311410 1948.5
1311420 1948.5
1311430 1953.0
1311440 1959.6
1311450 1959.6
1311460 1966.8
1311470 1971.7
1311480 1971.7
1311490 1972.6
1311500 1975.1
1311510 1975.1
1311520 1979.5
1311530 1983.6
1311540 1983.6
1311550 1989.2
1311560 1994.5
1311570 1994.5
1311580 2002.5
1311590 2009.4
1311600 2020.2
1311610 2020.2
1311620 2027.0
1311630 2034.3
1311640 2034.3
1311650 2042.3
1311660 2052.0
1311670 2052.0
1311680 2061.3
1311690 2069.2
1311700 2069.2
1311710 2076.3
1311720 2081.3
1311730 2081.3
1311740 2083.5
1311750 2084.8
1311760 2084.8
1311770 2087.3
1311780 2088.8
1311790 2088.8
1311800 2090.7
1311810 2093.2
1311820 2093.2
1311830 2095.6
1311840 2096.4
1311850 2097.0
1311860 2097.0
1311870 2098.0
1311880 2099.0
1311890 2099.0
1311900 2100.8
1311910 2102.4
1311920 2102.4
1311930 2104.1
1311940 2106.6
1311950 2106.6
1311960 2109.7
1311970 2111.7
1311980 2111.7
1311990 2114.6
1312000 2118.2
1312010 2118.2
1312020 2122.0
1312030 2124.3
1312040 2124.3
1312050 2126.4
1312060 2129.1
1312070 2129.1
1312080 2131.3
1312090 2133.7
1312100 2135.6
1312110 2135.6
1312120 2137.6
1312130 2139.3
1312140 2139.3
1312150 2143.7
1312160 2151.0
1312170 2151.0
1312180 2158.3
1312190 2164.1
1312200 2164.1
1312210 2168.4
1312220 2170.3
1312230 2170.3
1312240 2171.5
1312250 2173.2
1312260 2173.2
1312270 2174.9
1312280 2176.6
1312290 2176.6
1312300 2178.8
1312310 2180.4
1312320 2180.4
1312330 2181.5
1312340 2185.7
1312350 2188.8
1312360 2188.8
1312370 2192.9
1312380 2195.9
1312390 2195.9
1312400 2199.2
1312410 2202.8
1312420 2202.8
1312430 2204.6
1312440 2204.8
1312450 2204.8
1312460 2205.2
1312470 2207.1
1312480 2207.1
1312490 2209.7
1312500 2212.6
1312510 2212.6
1312520 2215.6
1312530 2220.3
1312540 2220.3
1312550 2226.4
1312560 2231.8
1312570 2231.8
1312580 2237.1
1312590 2242.4
1312600 2247.7
1312610 2247.7
1312620 2251.5
1312630 2254.5
1312640 2254.5
1312650 2257.4
1312660 2260.1
1312670 2260.1
1312680 2262.4
1312690 2264.3
1312700 2264.3
1312710 2266.5
1312720 2268.1
1312730 2268.1
1312740 2269.5
1312750 2270.0
1312760 2270.0
1312770 2270.1
1312780 2271.7
1312790 2271.7
1312800 2273.4
1312810 2275.0
1312820 2275.0
1312830 2278.7
1312840 2282.7
1312850 2288.0
1312860 2288.0
1312870 2291.6
1312880 2294.9
1312890 2294.9
1312900 2296.5
1312910 2297.5
1312920 2297.5
1312930 2299.8
1312940 2303.4
1312950 2303.4
1312960 2308.3
1312970 2315.0
1312980 2315.0
1312990 2322.3
1313000 2328.9
1313010 2328.9
1313020 2334.0
1313030 2339.3
1313040 2339.3
1313050 2344.4
1313060 2349.8
1313070 2349.8
1313080 2356.0
1313090 2361.8
1313100 2366.6
1313110 2366.6
1313120 2369.5
1313130 2372.0
1313140 2372.0
1313150 2375.1
1313160 2378.2
1313170 2378.2
1313180 2378.5
1313190 2371.7
1313200 2371.7
1313210 2357.9
1313220 2343.5
1313230 2343.5
1313240 2332.3
1313250 2322.4
1313260 2322.4
1313270 2310.3
1313280 2302.8
1313290 2302.8
1313300 2296.1
1313310 2289.6
1313320 2289.6
1313330 2283.3
1313340 2277.9
1313350 2277.9
1313360 2272.5
1313370 2267.9
1313380 2264.1
1313390 2264.1
1313400 2259.0
1313410 2254.8
1313420 2254.8
1313430 2253.2
1313440 2252.3
1313450 2252.3
1313460 2251.3
1313470 2250.4
1313480 2250.4
1313490 2248.2
1313500 2246.0
1313510 2246.0
1313520 2244.8
1313530 2244.7
1313540 2244.7
1313550 2245.5
1313560 2245.8
1313570 2245.8
1313580 2246.0
1313590 2246.7
1313600 2246.7
1313610 2247.3
1313620 2247.4
1313630 2246.9
1313640 2246.9
1313650 2246.6
1313660 2246.8
1313670 2246.8
1313680 2247.3
1313690 2247.9
1313700 2247.9
1313710 2247.7
1313720 2247.3
1313730 2247.3
1313740 2246.7
1313750 2246.9
1313760 2246.9
1313770 2247.0
1313780 2246.9
1313790 2246.9
1313800 2246.3
1313810 2245.2
1313820 2245.2
1313830 2238.6
1313840 2237.0
1313850 2237.0
1313860 2235.3
1313870 2233.1
1313880 2230.4
1313890 2230.4
1313900 2227.7
1313910 2223.4
1313920 2223.4
1313930 2219.0
1313940 2215.7
1313950 2215.7
1313960 2213.6
1313970 2212.2
1313980 2212.2
1313990 2211.9
1314000 2212.2
1314010 2212.2
1314020 2213.3
1314030 2215.1
1314040 2215.1
1314050 2217.0
1314060 2218.5
1314070 2218.5
1314080 2219.9
1314090 2221.4
1314100 2221.4
1314110 2222.7
1314120 2223.1
1314130 2223.5
1314140 2223.5
1314150 2224.3
1314160 2224.2
1314170 2224.2
1314180 2223.9
1314190 2223.6
1314200 2223.6
1314210 2220.8
1314220 2215.6
1314230 2215.6
1314240 2211.1
1314250 2207.9
1314260 2207.9
1314270 2206.2
1314280 2205.4
1314290 2205.4
1314300 2204.9
1314310 2204.8
1314320 2204.8
1314330 2205.7
1314340 2207.1
1314350 2207.1
1314360 2208.2
1314370 2209.0
1314380 2209.0
1314390 2209.0
1314400 2207.9
1314410 2205.8
1314420 2205.8
1314430 2203.2
1314440 2200.1
1314450 2200.1
1314460 2197.1
1314470 2194.2
1314480 2194.2
1314490 2190.3
1314500 2186.4
1314510 2186.4
1314520 2183.4
1314530 2178.0
1314540 2178.0
1314550 2171.1
1314560 2168.3
1314570 2168.2
1314580 2166.8
1314590 2164.1
1314600 2164.1
1314610 2159.7
1314620 2154.4
1314630 2148.7
1314640 2148.7
1314650 2143.2
1314660 2139.2
1314670 2139.2
1314680 2136.6
1314690 2135.9
1314700 2135.9
1314710 2136.4
1314720 2135.9
1314730 2135.9
1314740 2134.4
1314750 2132.1
1314760 2132.1
1314770 2128.2
1314780 2123.7
1314790 2123.7
1314800 2119.3
1314810 2116.6
1314820 2116.6
1314830 2115.0
1314840 2111.8
1314850 2111.8
1314860 2108.6
1314870 2104.6
1314880 2100.4
1314890 2100.4
1314900 2094.8
1314910 2088.7
1314920 2088.7
1314930 2084.4
1314940 2080.3
1314950 2080.3
1314960 2073.6
1314970 2064.8
1314980 2064.8
1314990 2058.3
1315000 2051.9
1315010 2051.9
1315020 2046.2
1315030 2041.1
1315040 2041.1
1315050 2036.5
1315060 2032.5
1315070 2032.5
1315080 2027.3
1315090 2023.4
1315100 2023.4
1315110 2019.3
1315120 2014.7
1315130 2010.7
1315140 2010.7
1315150 2005.6
1315160 2000.3
1315170 2000.3
1315180 1994.0
1315190 1987.4
1315200 1987.4
1315210 1981.8
1315220 1977.4
1315230 1977.4
1315240 1973.0
1315250 1967.6
1315260 1967.6
1315270 1963.5
1315280 1961.4
1315290 1961.4
1315300 1959.7
1315310 1958.4
1315320 1959.9
1315330 1957.8
1315340 1956.0
1315350 1956.0
1315360 1954.2
1315370 1952.2
1315380 1949.9
1315390 1949.9
1315400 1947.7
1315410 1945.8
1315420 1945.8
1315430 1944.4
1315440 1942.6
1315450 1942.6
1315460 1940.1
1315470 1939.3
1315480 1939.3
1315490 1939.8
1315500 1940.9
1315510 1940.9
1315520 1941.1
1315530 1940.9
1315540 1940.9
1315550 1939.6
1315560 1937.1
1315570 1937.1
1315580 1935.2
1315590 1932.1
1315600 1932.1
1315610 1928.4
1315620 1924.2
1315630 1924.2
1315640 1919.3
1315650 1914.4
1315660 1908.2
1315670 1908.2
1315680 1902.1
1315690 1897.5
1315700 1897.5
1315710 1892.5
1315720 1888.2
1315730 1888.2
1315740 1884.6
1315750 1880.7
1315760 1880.7
1315770 1877.0
1315780 1873.1
1315790 1873.1
1315800 1869.0
1315810 1864.8
1315820 1864.8
1315830 1860.6
1315840 1856.4
1315850 1856.4
1315860 1852.4
1315870 1846.7
1315880 1846.7
1315890 1842.2
1315900 1839.3
1315910 1836.9
1315920 1836.9
1315930 1834.4
1315940 1832.2
1315950 1832.2
1315960 1829.3
1315970 1825.7
1315980 1825.7
1315990 1822.2
1316000 1819.5
1316010 1819.5
1316020 1817.5
1316030 1815.2
1316040 1815.2
1316050 1814.0
1316060 1812.4
1316070 1812.4
1316080 1813.0
1316090 1811.4
1316100 1811.4
1316110 1809.4
1316120 1807.4
1316130 1807.4
1316140 1804.3
1316150 1801.1
1316160 1796.1
1316170 1796.1
1316180 1789.9
1316190 1785.7
1316200 1785.7
1316210 1783.6
1316220 1779.8
1316230 1779.8
1316240 1777.6
1316250 1776.5
1316260 1776.5
1316270 1777.9
1316280 1782.4
1316290 1782.4
1316300 1787.0
1316310 1791.3
1316320 1791.3
1316330 1794.8
1316340 1797.9
1316350 1797.9
1316360 1800.3
1316370 1802.1
1316380 1802.1
1316390 1803.8
1316400 1805.5
1316410 1806.8
1316420 1806.8
1316430 1808.2
1316440 1809.4
1316450 1809.4
1316460 1810.3
1316470 1810.4
1316480 1810.4
1316490 1810.7
1316500 1811.2
1316510 1811.2
1316520 1810.8
1316530 1810.5
1316540 1810.5
1316550 1810.0
1316560 1808.9
1316570 1808.9
1316580 1808.1
1316590 1807.5
1316600 1807.5
1316610 1806.3
1316620 1806.0
1316630 1806.0
1316640 1806.2
1316650 1806.2
1316660 1806.7
1316670 1806.7
1316680 1806.7
1316690 1806.5
1316700 1806.5
1316710 1806.2
1316720 1805.9
1316730 1805.9
1316740 1805.5
1316750 1805.3
1316760 1805.3
1316770 1804.2
1316780 1802.4
1316790 1802.4
1316800 1801.7
1316810 1801.0
1316820 1801.0
1316830 1803.4
1316840 1802.1
1316850 1802.1
1316860 1800.8
1316870 1799.3
1316880 1799.3
1316890 1797.9
1316900 1796.8
1316910 1796.5
1316920 1796.5
1316930 1796.5
1316940 1796.3
1316950 1796.3
1316960 1796.5
1316970 1795.1
1316980 1795.1
1316990 1791.8
1317000 1788.7
1317010 1788.7
1317020 1785.8
1317030 1783.5
1317040 1783.5
1317050 1777.5
1317060 1771.6
1317070 1771.6
1317080 1767.4
1317090 1763.0
1317100 1763.0
1317110 1756.6
1317120 1749.9
1317130 1749.9
1317140 1743.8
1317150 1738.0
1317160 1732.7
1317170 1732.7
1317180 1729.2
1317190 1724.4
1317200 1724.4
1317210 1718.5
1317220 1715.6
1317230 1715.6
1317240 1712.3
1317250 1706.8
1317260 1706.8
1317270 1701.9
1317280 1698.0
1317290 1698.0
1317300 1695.8
1317310 1694.9
1317320 1694.9
1317330 1693.4
1317340 1691.0
1317350 1691.0
1317360 1688.9
1317370 1686.6
1317380 1686.6
1317390 1683.9
1317400 1680.2
1317410 1674.8
1317420 1674.8
1317430 1670.6
1317440 1666.9
1317450 1666.9
1317460 1662.9
1317470 1660.5
1317480 1660.5
1317490 1657.3
1317500 1653.0
1317510 1653.0
1317520 1648.7
1317530 1644.3
1317540 1644.3
1317550 1639.8
1317560 1635.6
1317570 1635.6
1317580 1631.3
1317590 1629.2
1317600 1629.2
1317610 1622.2
1317620 1616.7
1317630 1616.7
1317640 1612.1
1317650 1607.1
1317660 1601.8
1317670 1601.8
1317680 1596.4
1317690 1589.7
1317700 1589.7
1317710 1581.5
1317720 1573.4
1317730 1573.4
1317740 1565.9
1317750 1558.6
1317760 1558.6
1317770 1549.0
1317780 1540.8
1317790 1540.8
1317800 1538.4
1317810 1535.9
1317820 1535.9
1317830 1534.2
1317840 1531.6
1317850 1531.6
1317860 1528.8
1317870 1526.3
1317880 1526.3
1317890 1524.4
1317900 1525.4
1317910 1525.4
1317920 1526.3
1317930 1525.8
1317940 1526.5
1317950 1526.5
1317960 1527.6
1317970 1529.8
1317980 1529.8
1317990 1533.1
1318000 1535.5
1318010 1535.5
1318020 1534.8
1318030 1536.2
1318040 1536.2
1318050 1539.0
1318060 1543.4
1318070 1543.4
1318080 1549.0
1318090 1555.0
1318100 1555.0
1318110 1559.5
1318120 1563.2
1318130 1563.2
1318140 1567.4
1318150 1570.1
1318160 1570.1
1318170 1573.4
1318180 1576.8
1318190 1579.9
1318200 1579.9
1318210 1582.6
1318220 1585.4
1318230 1585.4
1318240 1588.4
1318250 1590.8
1318260 1590.8
1318270 1593.4
1318280 1595.5
1318290 1595.5
1318300 1597.2
1318310 1599.4
1318320 1599.4
1318330 1601.3
1318340 1601.9
1318350 1601.9
1318360 1598.3
1318370 1599.8
1318380 1599.8
1318390 1600.9
1318400 1601.9
1318410 1601.9
1318420 1602.1
1318430 1601.8
1318440 1602.1
1318450 1602.1
1318460 1603.8
1318470 1604.2
1318480 1604.2
1318490 1602.9
1318500 1601.8
1318510 1601.8
1318520 1601.2
1318530 1600.9
1318540 1600.9
1318550 1599.4
1318560 1598.0
1318570 1598.0
1318580 1598.4
1318590 1601.4
1318600 1601.4
1318610 1607.2
1318620 1617.4
1318630 1617.4
1318640 1626.4
1318650 1630.1
1318660 1630.1
1318670 1631.7
1318680 1631.4
1318690 1631.3
1318700 1631.3
1318710 1631.3
1318720 1630.7
1318730 1630.7
1318740 1629.1
1318750 1627.9
1318760 1627.9
1318770 1626.9
1318780 1626.1
1318790 1626.1
1318800 1625.8
1318810 1624.4
1318820 1624.4
1318830 1622.9
1318840 1621.6
1318850 1621.6
1318860 1620.7
1318870 1619.8
1318880 1619.8
1318890 1618.6
1318900 1617.5
1318910 1617.5
1318920 1615.8
1318930 1613.6
1318940 1610.8
1318950 1610.8
1318960 1606.8
1318970 1602.1
1318980 1602.1
1318990 1597.7
1319000 1594.9
1319010 1594.9
1319020 1591.8
1319030 1588.7
1319040 1588.7
1319050 1584.9
1319060 1580.9
1319070 1580.9
1319080 1577.1
1319090 1572.4
1319100 1572.4
1319110 1567.5
1319120 1563.5
1319130 1560.2
1319140 1557.9
1319150 1555.6
1319160 1555.6
1319170 1553.8
1319180 1552.2
1319190 1550.1
1319200 1550.1
1319210 1545.1
1319220 1535.0
1319230 1535.0
1319240 1522.9
1319250 1512.4
1319260 1512.4
1319270 1503.2
1319280 1494.2
1319290 1494.2
1319300 1485.0
1319310 1476.4
1319320 1476.4
1319330 1468.4
1319340 1460.6
1319350 1460.6
1319360 1452.1
1319370 1443.2
1319380 1443.2
1319390 1435.6
1319400 1426.8
1319410 1426.8
1319420 1417.7
1319430 1409.1
1319440 1400.3
1319450 1400.3
1319460 1391.1
1319470 1380.4
1319480 1380.4
1319490 1370.1
1319500 1362.0
1319510 1362.0
1319520 1358.2
1319530 1357.0
1319540 1357.0
1319550 1354.4
1319560 1351.2
1319570 1351.2
1319580 1348.4
1319590 1344.6
1319600 1344.6
1319610 1340.6
1319620 1336.8
1319630 1336.8
1319640 1331.5
1319650 1327.1
1319660 1327.1
1319670 1329.0
1319680 1331.8
1319690 1334.7
1319700 1334.7
1319710 1336.0
1319720 1336.0
1319730 1336.0
1319740 1335.9
1319750 1335.0
1319760 1335.0
1319770 1332.5
1319780 1332.5
1319790 1332.5
1319800 1332.6
1319810 1330.3
1319820 1330.3
1319830 1330.5
1319840 1334.2
1319850 1334.2
1319860 1336.4
1319870 1335.5
1319880 1335.5
1319890 1333.6
1319900 1327.6
1319910 1327.6
1319920 1324.5
1319930 1318.3
1319940 1311.4
1319950 1311.4
1319960 1306.7
1319970 1302.7
1319980 1302.7
1319990 1296.7
