1300000 2069.3
1300010 2070.4
1300020 2073.7
1300030 2073.7
1300040 2076.0
1300050 2078.7
1300060 2078.7
1300070 2081.6
1300080 2083.4
1300090 2083.4
1300100 2084.1
1300110 2083.8
1300120 2083.8
1300130 2078.2
1300140 2072.0
1300150 2066.6
1300160 2066.6
1300170 2059.6
1300180 2052.7
1300190 2052.7
1300200 2047.1
1300210 2043.2
1300220 2043.2
1300230 2038.9
1300240 2033.6
1300250 2033.6
1300260 2029.1
1300270 2025.5
1300280 2025.5
1300290 2022.0
1300300 2018.0
1300310 2018.0
1300320 2013.7
1300330 2009.6
1300340 2009.6
1300350 2005.5
1300360 2001.7
1300370 2001.7
1300380 1996.8
1300390 1991.4
1300400 1984.2
1300410 1984.2
1300420 1980.2
1300430 1974.0
1300440 1974.0
1300450 1967.9
1300460 1962.2
1300470 1962.2
1300480 1957.0
1300490 1951.6
1300500 1951.6
1300510 1946.3
1300520 1940.4
1300530 1940.4
1300540 1935.2
1300550 1931.0
1300560 1931.0
1300570 1927.7
1300580 1924.0
1300590 1924.0
1300600 1918.5
1300610 1909.1
1300620 1909.1
1300630 1900.6
1300640 1893.5
1300650 1886.5
1300660 1886.5
1300670 1879.7
1300680 1872.5
1300690 1872.5
1300700 1865.9
1300710 1859.5
1300720 1859.5
1300730 1853.5
1300740 1847.9
1300750 1847.9
1300760 1842.8
1300770 1837.3
1300780 1837.3
1300790 1831.9
1300800 1826.6
1300810 1826.6
1300820 1822.4
1300830 1818.9
1300840 1818.9
1300850 1816.4
1300860 1813.9
1300870 1813.9
1300880 1810.5
1300890 1805.9
1300900 1802.0
1300910 1802.0
1300920 1798.2
1300930 1794.7
1300940 1794.7
1300950 1790.9
1300960 1787.1
1300970 1787.1
1300980 1783.2
1300990 1779.2
1301000 1779.2
1301010 1775.4
1301020 1771.7
1301030 1771.7
1301040 1767.4
1301050 1763.6
1301060 1763.6
1301070 1759.7
1301080 1755.4
1301090 1755.4
1301100 1750.9
1301110 1746.7
1301120 1746.7
1301130 1741.8
1301140 1737.5
1301150 1733.2
1301160 1733.2
1301170 1728.0
1301180 1723.0
1301190 1723.0
1301200 1719.0
1301210 1715.3
1301220 1715.3
1301230 1712.3
1301240 1708.8
1301250 1708.8
1301260 1705.0
1301270 1700.6
1301280 1700.6
1301290 1696.2
1301300 1692.1
1301310 1692.1
1301320 1688.3
1301330 1684.3
1301340 1684.3
1301350 1680.1
1301360 1675.5
1301370 1675.5
1301380 1671.5
1301390 1667.1
1301400 1663.5
1301410 1663.5
1301420 1659.8
1301430 1655.5
1301440 1655.5
1301450 1650.4
1301460 1645.6
1301470 1645.6
1301480 1641.3
1301490 1636.2
1301500 1636.2
1301510 1630.4
1301520 1623.7
1301530 1623.7
1301540 1617.6
1301550 1613.0
1301560 1613.0
1301570 1608.4
1301580 1603.9
1301590 1603.9
1301600 1598.7
1301610 1593.9
1301620 1593.9
1301630 1588.6
1301640 1583.0
1301650 1577.3
1301660 1577.3
1301670 1571.2
1301680 1564.4
1301690 1564.4
1301700 1559.5
1301710 1556.0
1301720 1556.0
1301730 1552.5
1301740 1549.2
1301750 1549.2
1301760 1544.8
1301770 1539.5
1301780 1539.5
1301790 1535.2
1301800 1532.2
1301810 1533.0
1301820 1529.4
1301830 1524.8
1301840 1524.8
1301850 1520.1
1301860 1515.7
1301870 1515.7
1301880 1513.8
1301890 1510.8
1301900 1506.7
1301910 1506.7
1301920 1504.1
1301930 1500.8
1301940 1500.8
1301950 1497.9
1301960 1495.0
1301970 1495.0
1301980 1491.0
1301990 1485.6
1302000 1485.6
1302010 1482.1
1302020 1479.9
1302030 1479.9
1302040 1477.1
1302050 1473.8
1302060 1473.8
1302070 1469.9
1302080 1465.7
1302090 1465.7
1302100 1461.5
1302110 1457.3
1302120 1457.3
1302130 1452.9
1302140 1447.2
1302150 1447.2
1302160 1441.3
1302170 1433.1
1302180 1425.2
1302190 1425.2
1302200 1418.3
1302210 1413.2
1302220 1413.2
1302230 1412.1
1302240 1414.7
1302250 1414.7
1302260 1418.9
1302270 1423.3
1302280 1423.3
1302290 1429.0
1302300 1435.5
1302310 1435.5
1302320 1441.8
1302330 1448.5
1302340 1448.5
1302350 1456.7
1302360 1463.8
1302370 1463.8
1302380 1469.4
1302390 1474.2
1302400 1474.2
1302410 1478.9
1302420 1483.4
1302430 1486.0
1302440 1486.0
1302450 1487.6
1302460 1490.5
1302470 1490.5
1302480 1494.1
1302490 1499.2
1302500 1499.9
1302510 1503.8
1302520 1508.3
1302530 1508.3
1302540 1512.1
1302550 1515.9
1302560 1515.9
1302570 1518.8
1302580 1521.2
1302590 1521.2
1302600 1524.5
1302610 1528.0
1302620 1528.0
1302630 1533.1
1302640 1539.3
1302650 1539.3
1302660 1543.9
1302670 1547.3
1302680 1550.7
1302690 1550.7
1302700 1554.8
1302710 1558.4
1302720 1558.4
1302730 1561.5
1302740 1564.0
1302750 1564.0
1302760 1566.3
1302770 1568.7
1302780 1568.7
1302790 1573.6
1302800 1579.0
1302810 1579.0
1302820 1583.9
1302830 1589.2
1302840 1589.2
1302850 1594.3
1302860 1599.8
1302870 1599.8
1302880 1605.7
1302890 1610.2
1302900 1610.2
1302910 1614.9
1302920 1619.0
1302930 1624.2
1302940 1624.2
1302950 1630.7
1302960 1636.8
1302970 1636.8
1302980 1642.0
1302990 1647.7
1303000 1647.7
1303010 1652.9
1303020 1657.7
1303030 1657.7
1303040 1663.8
1303050 1668.6
1303060 1668.6
1303070 1672.5
1303080 1676.2
1303090 1676.2
1303100 1679.4
1303110 1682.1
1303120 1682.1
1303130 1685.0
1303140 1687.5
1303150 1687.5
1303160 1691.1
1303170 1695.8
1303180 1700.6
1303190 1700.6
1303200 1703.0
1303210 1707.8
1303220 1707.8
1303230 1712.7
1303240 1717.9
1303250 1717.9
1303260 1723.0
1303270 1728.4
1303280 1728.4
1303290 1733.7
1303300 1738.3
1303310 1738.3
1303320 1742.3
1303330 1746.3
1303340 1746.3
1303350 1750.3
1303360 1755.5
1303370 1755.5
1303380 1762.2
1303390 1767.8
1303400 1767.8
1303410 1772.3
1303420 1776.2
1303430 1780.0
1303440 1780.0
1303450 1783.6
1303460 1788.0
1303470 1788.0
1303480 1792.9
1303490 1798.7
1303500 1798.7
1303510 1804.2
1303520 1810.7
1303530 1810.7
1303540 1817.7
1303550 1824.3
1303560 1824.3
1303570 1830.9
1303580 1836.3
1303590 1836.3
1303600 1840.4
1303610 1844.1
1303620 1844.1
1303630 1847.9
1303640 1851.6
1303650 1851.6
1303660 1855.3
1303670 1860.4
1303680 1866.1
1303690 1866.1
1303700 1870.0
1303710 1874.2
1303720 1874.2
1303730 1878.4
1303740 1881.5
1303750 1881.5
1303760 1884.3
1303770 1887.9
1303780 1887.9
1303790 1893.3
1303800 1899.1
1303810 1899.1
1303820 1903.5
1303830 1905.2
1303840 1905.2
1303850 1907.7
1303860 1910.6
1303870 1910.6
1303880 1915.9
1303890 1923.0
1303900 1922.4
1303910 1929.5
1303920 1935.9
1303930 1935.9
1303940 1940.9
1303950 1944.2
1303960 1948.6
1303970 1948.6
1303980 1951.4
1303990 1953.9
1304000 1953.9
1304010 1957.6
1304020 1960.8
1304030 1960.8
1304040 1963.6
1304050 1967.4
1304060 1967.4
1304070 1971.7
1304080 1975.6
1304090 1975.6
1304100 1979.0
1304110 1983.2
1304120 1983.2
1304130 1988.0
1304140 1991.9
1304150 1991.9
1304160 1995.6
1304170 1997.9
1304180 1997.9
1304190 2000.7
1304200 2003.0
1304210 2005.4
1304220 2005.4
1304230 2009.1
1304240 2013.3
1304250 2013.3
1304260 2017.9
1304270 2023.7
1304280 2023.7
1304290 2028.6
1304300 2032.2
1304310 2032.2
1304320 2035.8
1304330 2040.5
1304340 2040.5
1304350 2045.0
1304360 2049.3
1304370 2049.3
1304380 2053.4
1304390 2057.4
1304400 2057.4
1304410 2062.1
1304420 2067.1
1304430 2067.1
1304440 2071.9
1304450 2076.3
1304460 2081.0
1304470 2081.0
1304480 2085.9
1304490 2091.7
1304500 2091.7
1304510 2097.4
1304520 2103.1
1304530 2103.1
1304540 2108.4
1304550 2113.8
1304560 2113.8
1304570 2118.2
1304580 2122.4
1304590 2122.4
1304600 2127.0
1304610 2129.2
1304620 2129.2
1304630 2131.9
1304640 2135.2
1304650 2135.2
1304660 2139.6
1304670 2143.8
1304680 2143.8
1304690 2147.8
1304700 2152.4
1304710 2158.0
1304720 2158.0
1304730 2164.9
1304740 2172.1
1304750 2172.1
1304760 2177.1
1304770 2178.4
1304780 2178.4
1304790 2183.8
1304800 2190.4
1304810 2190.4
1304820 2198.2
1304830 2202.3
1304840 2202.3
1304850 2202.6
1304860 2202.4
1304870 2202.4
1304880 2201.8
1304890 2200.1
1304900 2200.1
1304910 2201.4
1304920 2205.0
1304930 2205.0
1304940 2210.2
1304950 2213.4
1304960 2215.7
1304970 2215.7
1304980 2218.3
1304990 2217.5
1305000 2217.5
1305010 2211.9
1305020 2206.8
1305030 2206.8
1305040 2206.9
1305050 2203.7
1305060 2203.7
1305070 2197.6
1305080 2193.1
1305090 2193.1
1305100 2188.7
1305110 2183.0
1305120 2183.0
1305130 2177.5
1305140 2174.6
1305150 2174.6
1305160 2171.9
1305170 2169.1
1305180 2169.1
1305190 2166.6
1305200 2163.1
1305210 2157.4
1305220 2157.4
1305230 2153.5
1305240 2153.3
1305250 2153.3
1305260 2153.6
1305270 2153.1
1305280 2153.1
1305290 2151.2
1305300 2147.4
1305310 2147.4
1305320 2146.3
1305330 2142.3
1305340 2142.3
1305350 2139.6
1305360 2139.5
1305370 2139.5
1305380 2139.1
1305390 2139.2
1305400 2139.2
1305410 2141.0
1305420 2139.7
1305430 2139.7
1305440 2133.4
1305450 2126.6
1305460 2120.5
1305470 2120.5
1305480 2113.8
1305490 2107.3
1305500 2107.3
1305510 2102.2
1305520 2097.9
1305530 2097.9
1305540 2093.2
1305550 2088.3
1305560 2088.3
1305570 2082.8
1305580 2077.7
1305590 2077.7
1305600 2072.7
1305610 2067.3
1305620 2067.3
1305630 2061.9
1305640 2056.7
1305650 2056.7
1305660 2051.8
1305670 2046.6
1305680 2046.6
1305690 2040.9
1305700 2035.0
1305710 2029.4
1305720 2029.4
1305730 2023.5
1305740 2018.1
1305750 2018.1
1305760 2012.5
1305770 2007.6
1305780 2007.6
1305790 2003.8
1305800 2000.0
1305810 2000.0
1305820 1995.6
1305830 1990.8
1305840 1990.8
1305850 1985.9
1305860 1981.5
1305870 1981.5
1305880 1978.0
1305890 1974.5
1305900 1974.5
1305910 1970.7
1305920 1966.9
1305930 1966.9
1305940 1963.0
1305950 1959.7
1305960 1959.7
1305970 1956.1
1305980 1951.6
1305990 1947.1
1306000 1947.1
1306010 1945.1
1306020 1942.1
1306030 1943.6
1306040 1939.6
1306050 1935.7
1306060 1935.7
1306070 1932.0
1306080 1927.8
1306090 1927.8
1306100 1923.3
1306110 1918.5
1306120 1918.5
1306130 1913.1
1306140 1906.9
1306150 1906.9
1306160 1900.9
1306170 1895.5
1306180 1895.5
1306190 1890.7
1306200 1887.4
1306210 1887.4
1306220 1884.0
1306230 1879.0
1306240 1872.9
1306250 1872.9
1306260 1864.7
1306270 1856.7
1306280 1856.7
1306290 1849.9
1306300 1844.1
1306310 1844.1
1306320 1839.1
1306330 1833.6
1306340 1833.6
1306350 1826.9
1306360 1819.6
1306370 1819.6
1306380 1812.8
1306390 1806.5
1306400 1806.5
1306410 1801.0
1306420 1796.1
1306430 1796.1
1306440 1791.5
1306450 1787.6
1306460 1787.6
1306470 1783.5
1306480 1780.1
1306490 1778.5
1306500 1778.5
1306510 1779.4
1306520 1781.3
1306530 1781.3
1306540 1784.6
1306550 1789.4
1306560 1789.4
1306570 1794.7
1306580 1800.5
1306590 1800.5
1306600 1805.9
1306610 1811.5
1306620 1811.5
1306630 1816.1
1306640 1821.4
1306650 1821.4
1306660 1826.9
1306670 1832.5
1306680 1832.5
1306690 1838.1
1306700 1842.8
1306710 1842.8
1306720 1846.5
1306730 1848.9
1306740 1851.7
1306750 1851.7
1306760 1855.3
1306770 1859.8
1306780 1859.8
1306790 1864.0
1306800 1869.7
1306810 1869.7
1306820 1873.8
1306830 1876.6
1306840 1876.6
1306850 1879.8
1306860 1884.2
1306870 1884.2
1306880 1888.8
1306890 1894.2
1306900 1894.2
1306910 1898.7
1306920 1903.2
1306930 1903.2
1306940 1909.4
1306950 1914.4
1306960 1914.4
1306970 1920.0
1306980 1926.2
1306990 1932.3
1307000 1932.3
1307010 1938.3
1307020 1943.2
1307030 1943.2
1307040 1947.4
1307050 1951.3
1307060 1951.3
1307070 1956.2
1307080 1961.0
1307090 1961.0
1307100 1964.8
1307110 1969.6
1307120 1969.6
1307130 1974.7
1307140 1979.5
1307150 1979.5
1307160 1983.6
1307170 1987.6
1307180 1987.6
1307190 1991.3
1307200 1994.6
1307210 1994.6
1307220 1997.6
1307230 2000.6
1307240 2003.7
1307250 2003.7
1307260 2006.5
1307270 2009.9
1307280 2009.9
1307290 2013.1
1307300 2015.9
1307310 2015.9
1307320 2018.8
1307330 2022.3
1307340 2022.3
1307350 2027.5
1307360 2033.3
1307370 2033.3
1307380 2039.5
1307390 2044.6
1307400 2044.6
1307410 2049.0
1307420 2052.6
1307430 2052.6
1307440 2056.0
1307450 2058.8
1307460 2060.2
1307470 2064.3
1307480 2068.1
1307490 2071.5
1307500 2071.5
1307510 2074.3
1307520 2077.2
1307530 2077.2
1307540 2080.8
1307550 2084.7
1307560 2084.7
1307570 2089.1
1307580 2094.4
1307590 2094.4
1307600 2100.2
1307610 2106.0
1307620 2106.0
1307630 2111.0
1307640 2116.1
1307650 2116.1
1307660 2121.5
1307670 2128.1
1307680 2128.1
1307690 2133.2
1307700 2136.7
1307710 2136.7
1307720 2140.0
1307730 2143.1
1307740 2143.1
1307750 2145.8
1307760 2148.3
1307770 2150.9
1307780 2150.9
1307790 2154.0
1307800 2157.0
1307810 2157.0
1307820 2160.1
1307830 2163.2
1307840 2163.2
1307850 2165.7
1307860 2166.9
1307870 2166.9
1307880 2168.9
1307890 2170.7
1307900 2170.7
1307910 2170.8
1307920 2173.5
1307930 2173.5
1307940 2176.7
1307950 2179.6
1307960 2179.6
1307970 2182.3
1307980 2184.7
1307990 2184.7
1308000 2186.1
1308010 2186.6
1308020 2188.2
1308030 2188.2
1308040 2192.0
1308050 2196.5
1308060 2196.5
1308070 2201.2
1308080 2204.9
1308090 2204.9
1308100 2206.6
1308110 2209.6
1308120 2209.6
1308130 2214.0
1308140 2218.3
1308150 2218.3
1308160 2222.5
1308170 2228.5
1308180 2230.0
1308190 2237.0
1308200 2245.5
1308210 2245.5
1308220 2253.7
1308230 2261.9
1308240 2261.9
1308250 2268.2
1308260 2272.1
1308270 2278.3
1308280 2278.3
1308290 2286.3
1308300 2293.4
1308310 2293.4
1308320 2298.9
1308330 2302.9
1308340 2302.9
1308350 2308.3
1308360 2312.7
1308370 2312.7
1308380 2318.0
1308390 2323.7
1308400 2323.7
1308410 2330.6
1308420 2338.0
1308430 2338.0
1308440 2345.5
1308450 2353.1
1308460 2353.1
1308470 2361.0
1308480 2370.7
1308490 2370.7
1308500 2378.9
1308510 2386.3
1308520 2393.5
1308530 2393.5
1308540 2400.2
1308550 2407.0
1308560 2407.0
1308570 2410.7
1308580 2411.8
1308590 2411.8
1308600 2408.6
1308610 2403.3
1308620 2403.3
1308630 2400.6
1308640 2398.7
1308650 2398.7
1308660 2397.7
1308670 2398.1
1308680 2398.1
1308690 2393.5
1308700 2374.9
1308710 2374.9
1308720 2360.2
1308730 2350.8
1308740 2350.8
1308750 2343.6
1308760 2338.2
1308770 2327.5
1308780 2327.5
1308790 2313.1
1308800 2299.0
1308810 2299.0
1308820 2292.9
1308830 2288.5
1308840 2288.5
1308850 2286.0
1308860 2283.7
1308870 2283.7
1308880 2281.7
1308890 2279.9
1308900 2284.7
1308910 2281.9
1308920 2277.6
1308930 2277.6
1308940 2271.8
1308950 2265.8
1308960 2265.8
1308970 2261.6
1308980 2259.5
1308990 2259.5
1309000 2255.9
1309010 2253.3
1309020 2250.4
1309030 2250.4
1309040 2247.1
1309050 2241.7
1309060 2241.7
1309070 2236.1
1309080 2230.7
1309090 2230.7
1309100 2224.9
1309110 2218.2
1309120 2218.2
1309130 2210.9
1309140 2202.9
1309150 2202.9
1309160 2195.4
1309170 2188.9
1309180 2188.9
1309190 2183.2
1309200 2177.2
1309210 2177.2
1309220 2171.1
1309230 2164.8
1309240 2164.8
1309250 2158.5
1309260 2151.8
1309270 2145.2
1309280 2145.2
1309290 2138.7
1309300 2131.4
1309310 2131.4
1309320 2125.6
1309330 2119.1
1309340 2119.1
1309350 2112.1
1309360 2105.8
1309370 2105.8
1309380 2101.4
1309390 2098.6
1309400 2098.6
1309410 2096.2
1309420 2093.1
1309430 2093.1
1309440 2089.8
1309450 2086.1
1309460 2086.1
1309470 2081.4
1309480 2075.9
1309490 2075.9
1309500 2071.0
1309510 2066.8
1309520 2066.8
1309530 2061.1
1309540 2054.9
1309550 2048.1
1309560 2048.1
1309570 2041.3
1309580 2035.2
1309590 2035.2
1309600 2029.1
1309610 2023.0
1309620 2023.0
1309630 2021.2
1309640 2015.5
1309650 2015.5
1309660 2009.6
1309670 2003.8
1309680 2003.8
1309690 1998.5
1309700 1994.6
1309710 1994.6
1309720 1991.3
1309730 1987.4
1309740 1987.4
1309750 1983.2
1309760 1979.7
1309770 1979.7
1309780 1976.5
1309790 1972.7
1309800 1970.1
1309810 1970.1
1309820 1966.7
1309830 1963.2
1309840 1963.2
1309850 1959.5
1309860 1955.4
1309870 1955.4
1309880 1951.0
1309890 1946.4
1309900 1946.4
1309910 1941.4
1309920 1937.0
1309930 1937.0
1309940 1933.4
1309950 1929.8
1309960 1929.8
1309970 1925.6
1309980 1920.4
1309990 1920.4
1310000 1915.0
1310010 1909.2
1310020 1909.2
1310030 1904.8
1310040 1901.6
1310050 1898.5
1310060 1898.5
1310070 1895.1
1310080 1892.4
1310090 1892.4
1310100 1890.4
1310110 1887.1
1310120 1887.1
1310130 1883.8
1310140 1880.5
1310150 1880.5
1310160 1875.8
1310170 1870.0
1310180 1870.0
1310190 1864.6
1310200 1861.2
1310210 1861.2
1310220 1860.5
1310230 1857.7
1310240 1857.7
1310250 1854.4
1310260 1850.8
1310270 1850.8
1310280 1847.6
1310290 1843.8
1310300 1840.7
1310310 1840.7
1310320 1837.5
1310330 1833.3
1310340 1833.3
1310350 1829.8
1310360 1824.9
1310370 1824.9
1310380 1821.9
1310390 1820.2
1310400 1820.2
1310410 1819.8
1310420 1818.5
1310430 1818.5
1310440 1815.4
1310450 1811.0
1310460 1811.0
1310470 1805.4
1310480 1800.5
1310490 1800.5
1310500 1796.7
1310510 1793.1
1310520 1793.1
1310530 1788.9
1310540 1783.7
1310550 1779.7
1310560 1779.7
1310570 1775.8
1310580 1772.1
1310590 1772.1
1310600 1768.7
1310610 1765.1
1310620 1765.1
1310630 1761.0
1310640 1757.2
1310650 1757.2
1310660 1753.0
1310670 1748.1
1310680 1748.1
1310690 1742.4
1310700 1738.7
1310710 1738.7
1310720 1739.8
1310730 1742.1
1310740 1742.1
1310750 1744.8
1310760 1747.6
1310770 1747.6
1310780 1747.7
1310790 1751.9
1310800 1755.2
1310810 1755.2
1310820 1754.9
1310830 1750.1
1310840 1750.1
1310850 1750.8
1310860 1755.0
1310870 1755.0
1310880 1758.4
1310890 1762.4
1310900 1762.4
1310910 1770.3
1310920 1779.1
1310930 1779.1
1310940 1783.1
1310950 1784.1
1310960 1784.1
1310970 1785.1
1310980 1786.2
1310990 1786.2
1311000 1787.6
1311010 1791.4
1311020 1791.4
1311030 1799.0
1311040 1806.4
1311050 1812.7
1311060 1812.7
1311070 1817.3
1311080 1820.3
1311090 1825.2
1311100 1827.5
1311110 1829.8
1311120 1829.8
1311130 1830.7
1311140 1829.5
1311150 1829.5
1311160 1827.1
1311170 1825.8
1311180 1825.8
1311190 1824.6
1311200 1822.6
1311210 1822.6
1311220 1827.1
1311230 1836.1
1311240 1836.1
1311250 1844.3
1311260 1853.0
1311270 1853.0
1311280 1859.5
1311290 1866.0
1311300 1873.1
1311310 1873.1
1311320 1880.8
1311330 1885.9
1311340 1885.9
1311350 1890.4
1311360 1894.9
1311370 1894.9
1311380 1900.3
1311390 1906.7
1311400 1906.7
1311410 1911.4
1311420 1915.2
1311430 1915.2
1311440 1919.4
1311450 1923.9
1311460 1923.9
1311470 1930.6
1311480 1937.1
1311490 1937.1
1311500 1943.1
1311510 1950.6
1311520 1950.6
1311530 1956.5
1311540 1962.7
1311550 1962.7
1311560 1967.6
1311570 1971.2
1311580 1976.1
1311590 1976.1
1311600 1981.1
1311610 1985.3
1311620 1985.3
1311630 1989.0
1311640 1994.6
1311650 1994.6
1311660 2000.7
1311670 2004.0
1311680 2004.0
1311690 2006.5
1311700 2009.6
1311710 2009.6
1311720 2012.5
1311730 2016.2
1311740 2016.2
1311750 2018.4
1311760 2020.7
1311770 2020.7
1311780 2023.0
1311790 2024.0
1311800 2024.0
1311810 2025.9
1311820 2032.0
1311830 2034.2
1311840 2034.2
1311850 2036.4
1311860 2039.3
1311870 2039.3
1311880 2042.3
1311890 2044.7
1311900 2044.7
1311910 2048.1
1311920 2051.2
1311930 2051.2
1311940 2053.3
1311950 2055.3
1311960 2055.3
1311970 2057.5
1311980 2060.0
1311990 2060.0
1312000 2062.9
1312010 2065.7
1312020 2065.7
1312030 2068.9
1312040 2072.4
1312050 2072.4
1312060 2075.7
1312070 2078.8
1312080 2082.0
1312090 2082.0
1312100 2084.7
1312110 2087.3
1312120 2087.3
1312130 2089.9
1312140 2092.3
1312150 2092.3
1312160 2094.0
1312170 2096.0
1312180 2096.0
1312190 2097.9
1312200 2100.2
1312210 2100.2
1312220 2102.4
1312230 2105.4
1312240 2105.4
1312250 2108.7
1312260 2111.8
1312270 2111.8
1312280 2116.2
1312290 2120.3
1312300 2120.3
1312310 2123.6
1312320 2126.6
1312330 2127.9
1312340 2127.9
1312350 2127.9
1312360 2129.2
1312370 2129.2
1312380 2131.2
1312390 2133.4
1312400 2133.4
1312410 2135.7
1312420 2138.8
1312430 2138.8
1312440 2143.1
1312450 2148.7
1312460 2148.7
1312470 2154.0
1312480 2157.1
1312490 2157.1
1312500 2161.4
1312510 2165.5
1312520 2165.5
1312530 2171.0
1312540 2175.8
1312550 2175.8
1312560 2181.7
1312570 2187.3
1312580 2192.8
1312590 2192.8
1312600 2198.3
1312610 2204.4
1312620 2204.4
1312630 2211.0
1312640 2218.3
1312650 2218.3
1312660 2225.6
1312670 2232.4
1312680 2232.4
1312690 2239.1
1312700 2245.5
1312710 2245.5
1312720 2252.4
1312730 2259.3
1312740 2259.3
1312750 2266.1
1312760 2273.2
1312770 2273.2
1312780 2280.5
1312790 2287.9
1312800 2287.9
1312810 2296.0
1312820 2303.8
1312830 2310.7
1312840 2310.7
1312850 2316.7
1312860 2323.2
1312870 2323.2
1312880 2330.2
1312890 2337.5
1312900 2337.5
1312910 2346.4
1312920 2356.2
1312930 2356.2
1312940 2361.5
1312950 2365.9
1312960 2365.9
1312970 2372.9
1312980 2378.3
1312990 2378.3
1313000 2382.2
1313010 2385.7
1313020 2385.7
1313030 2390.2
1313040 2394.7
1313050 2394.7
1313060 2398.5
1313070 2402.0
1313080 2405.3
1313090 2405.3
1313100 2408.1
1313110 2411.4
1313120 2411.4
1313130 2414.9
1313140 2417.6
1313150 2417.6
1313160 2418.8
1313170 2417.1
1313180 2417.1
1313190 2406.1
1313200 2396.0
1313210 2396.0
1313220 2388.2
1313230 2381.0
1313240 2381.0
1313250 2373.4
1313260 2365.4
1313270 2365.4
1313280 2354.9
1313290 2342.4
1313300 2340.8
1313310 2332.4
1313320 2325.1
1313330 2318.7
1313340 2318.7
1313350 2313.1
1313360 2307.9
1313370 2307.9
1313380 2302.6
1313390 2297.6
1313400 2297.6
1313410 2293.4
1313420 2289.3
1313430 2289.3
1313440 2285.8
1313450 2283.4
1313460 2283.4
1313470 2281.5
1313480 2280.5
1313490 2280.5
1313500 2280.6
1313510 2281.1
1313520 2281.1
1313530 2280.7
1313540 2280.9
1313550 2280.9
1313560 2282.7
1313570 2285.0
1313580 2285.0
1313590 2288.3
1313600 2291.6
1313610 2291.8
1313620 2291.8
1313630 2293.6
1313640 2296.1
1313650 2296.1
1313660 2299.0
1313670 2299.9
1313680 2299.9
1313690 2300.2
1313700 2300.8
1313710 2300.8
1313720 2301.6
1313730 2302.6
1313740 2302.6
1313750 2303.4
1313760 2305.2
1313770 2305.2
1313780 2307.8
1313790 2310.8
1313800 2310.8
1313810 2313.6
1313820 2316.3
1313830 2316.3
1313840 2316.7
1313850 2312.7
1313860 2306.6
1313870 2306.6
1313880 2300.0
1313890 2295.9
1313900 2295.9
1313910 2293.7
1313920 2291.4
1313930 2291.4
1313940 2288.6
1313950 2286.3
1313960 2286.3
1313970 2285.7
1313980 2286.9
1313990 2286.9
1314000 2289.1
1314010 2291.6
1314020 2291.6
1314030 2293.8
1314040 2296.6
1314050 2288.7
1314060 2292.0
1314070 2295.8
1314080 2295.8
1314090 2298.9
1314100 2301.9
1314110 2304.7
1314120 2304.7
1314130 2304.6
1314140 2302.6
1314150 2302.6
1314160 2297.2
1314170 2289.6
1314180 2289.6
1314190 2279.9
1314200 2267.3
1314210 2267.3
1314220 2255.4
1314230 2244.1
1314240 2244.1
1314250 2233.8
1314260 2226.4
1314270 2226.4
1314280 2219.5
1314290 2213.4
1314300 2213.4
1314310 2208.3
1314320 2203.6
1314330 2203.6
1314340 2198.3
1314350 2191.7
1314360 2184.2
1314370 2184.2
1314380 2176.8
1314390 2170.2
1314400 2170.2
1314410 2163.0
1314420 2155.4
1314430 2155.4
1314440 2149.8
1314450 2143.3
1314460 2143.3
1314470 2136.6
1314480 2130.6
1314490 2130.6
1314500 2125.0
1314510 2119.7
1314520 2119.7
1314530 2114.4
1314540 2109.0
1314550 2109.0
1314560 2103.3
1314570 2097.5
1314580 2097.5
1314590 2091.8
1314600 2086.9
1314610 2082.8
1314620 2082.8
1314630 2079.6
1314640 2075.9
1314650 2075.9
1314660 2072.0
1314670 2068.3
1314680 2068.3
1314690 2064.6
1314700 2061.1
1314710 2061.1
1314720 2057.7
1314730 2054.0
1314740 2054.0
1314750 2050.5
1314760 2047.2
1314770 2047.2
1314780 2044.1
1314790 2041.1
1314800 2041.1
1314810 2037.5
1314820 2033.8
1314830 2033.8
1314840 2030.1
1314850 2026.0
1314860 2022.2
1314870 2022.2
1314880 2018.7
1314890 2015.7
1314900 2015.7
1314910 2012.6
1314920 2008.8
1314930 2008.8
1314940 2006.7
1314950 2005.7
1314960 2005.7
1314970 2003.9
1314980 2003.0
1314990 2003.0
1315000 2002.8
1315010 2001.9
1315020 2001.9
1315030 2001.0
1315040 2000.2
1315050 2000.2
1315060 1999.5
1315070 1999.1
1315080 1999.1
1315090 1998.9
1315100 1998.5
1315110 1998.2
1315120 1998.2
1315130 1997.6
1315140 1996.8
1315150 1996.8
1315160 1995.7
1315170 1994.4
1315180 1994.4
1315190 1993.2
1315200 1992.3
1315210 1992.3
1315220 1991.5
1315230 1991.1
1315240 1991.1
1315250 1990.7
1315260 1990.4
1315270 1990.4
1315280 1989.6
1315290 1988.2
1315300 1988.2
1315310 1986.8
1315320 1985.7
1315330 1985.7
1315340 1984.6
1315350 1983.9
1315360 1982.7
1315370 1982.7
1315380 1980.1
1315390 1976.8
1315400 1976.8
1315410 1973.0
1315420 1968.2
1315430 1968.2
1315440 1962.9
1315450 1957.2
1315460 1957.2
1315470 1950.0
1315480 1941.6
1315490 1941.6
1315500 1934.2
1315510 1927.7
1315520 1927.7
1315530 1921.7
1315540 1916.3
1315550 1918.5
1315560 1913.0
1315570 1907.0
1315580 1907.0
1315590 1901.8
1315600 1897.3
1315610 1897.3
1315620 1893.5
1315630 1890.2
1315640 1887.4
1315650 1887.4
1315660 1884.5
1315670 1881.3
1315680 1881.3
1315690 1878.0
1315700 1875.0
1315710 1875.0
1315720 1872.0
1315730 1868.9
1315740 1868.9
1315750 1866.3
1315760 1864.0
1315770 1864.0
1315780 1861.6
1315790 1858.7
1315800 1858.7
1315810 1855.1
1315820 1851.1
1315830 1851.1
1315840 1847.2
1315850 1843.0
1315860 1843.0
1315870 1838.7
1315880 1834.5
1315890 1830.4
1315900 1830.4
1315910 1826.7
1315920 1823.1
1315930 1823.1
1315940 1819.4
1315950 1815.3
1315960 1815.3
1315970 1811.9
1315980 1808.8
1315990 1808.8
1316000 1806.1
1316010 1803.6
1316020 1803.6
1316030 1801.6
1316040 1799.9
1316050 1799.9
1316060 1798.0
1316070 1796.3
1316080 1796.3
1316090 1795.0
1316100 1793.4
1316110 1793.4
1316120 1792.4
1316130 1791.9
1316140 1791.4
1316150 1791.4
1316160 1790.4
1316170 1789.1
1316180 1789.1
1316190 1786.6
1316200 1779.8
1316210 1779.8
1316220 1774.4
1316230 1774.4
1316240 1774.4
1316250 1775.7
1316260 1777.5
1316270 1777.5
1316280 1777.9
1316290 1778.0
1316300 1773.5
1316310 1773.5
1316320 1772.2
1316330 1772.2
1316340 1771.8
1316350 1771.8
1316360 1771.8
1316370 1770.0
1316380 1769.3
1316390 1769.8
1316400 1769.8
1316410 1770.4
1316420 1770.7
1316430 1770.7
1316440 1771.7
1316450 1771.8
1316460 1771.8
1316470 1771.8
1316480 1771.5
1316490 1771.5
1316500 1770.0
1316510 1769.0
1316520 1769.0
1316530 1768.6
1316540 1768.1
1316550 1768.1
1316560 1767.5
1316570 1766.7
1316580 1766.7
1316590 1765.4
1316600 1764.2
1316610 1764.2
1316620 1762.6
1316630 1760.0
1316640 1756.7
1316650 1756.7
1316660 1753.9
1316670 1755.1
1316680 1755.1
1316690 1756.3
1316700 1752.2
1316710 1752.2
1316720 1749.4
1316730 1746.7
1316740 1746.7
1316750 1745.7
1316760 1745.3
1316770 1745.3
1316780 1745.4
1316790 1743.6
1316800 1743.6
1316810 1742.4
1316820 1740.8
1316830 1740.8
1316840 1737.5
1316850 1735.3
1316860 1735.3
1316870 1735.0
1316880 1734.7
1316890 1734.1
1316900 1734.1
1316910 1734.3
1316920 1734.3
1316930 1734.3
1316940 1733.9
1316950 1733.7
1316960 1733.7
1316970 1733.6
1316980 1733.6
1316990 1733.6
1317000 1733.5
1317010 1733.2
1317020 1733.2
1317030 1732.8
1317040 1731.9
1317050 1731.9
1317060 1724.4
1317070 1722.9
1317080 1722.9
1317090 1722.0
1317100 1720.5
1317110 1720.5
1317120 1718.7
1317130 1716.9
1317140 1714.2
1317150 1714.2
1317160 1711.2
1317170 1708.6
1317180 1708.6
1317190 1705.8
1317200 1700.3
1317210 1700.3
1317220 1691.3
1317230 1682.0
1317240 1682.0
1317250 1674.1
1317260 1668.1
1317270 1668.1
1317280 1663.6
1317290 1660.5
1317300 1660.5
1317310 1657.5
1317320 1655.0
1317330 1655.0
1317340 1653.1
1317350 1651.7
1317360 1651.7
1317370 1650.9
1317380 1650.7
1317390 1650.7
1317400 1648.9
1317410 1645.2
1317420 1642.5
1317430 1642.5
1317440 1640.1
1317450 1641.4
1317460 1641.4
1317470 1643.5
1317480 1644.5
1317490 1644.5
1317500 1646.6
1317510 1649.8
1317520 1649.8
1317530 1651.8
1317540 1653.2
1317550 1653.2
1317560 1653.8
1317570 1654.2
1317580 1654.2
1317590 1653.1
1317600 1649.5
1317610 1649.5
1317620 1644.7
1317630 1641.8
1317640 1641.8
1317650 1641.2
1317660 1639.6
1317670 1636.6
1317680 1636.6
1317690 1636.2
1317700 1638.5
1317710 1638.5
1317720 1641.0
1317730 1644.0
1317740 1644.0
1317750 1647.3
1317760 1649.9
1317770 1649.9
1317780 1652.1
1317790 1654.4
1317800 1654.4
1317810 1658.6
1317820 1659.6
1317830 1659.6
1317840 1662.8
1317850 1666.4
1317860 1666.4
1317870 1669.7
1317880 1670.3
1317890 1670.3
1317900 1671.0
1317910 1671.5
1317920 1669.5
1317930 1669.5
1317940 1667.7
1317950 1667.6
1317960 1667.6
1317970 1669.0
1317980 1671.2
1317990 1671.2
1318000 1673.7
1318010 1675.6
1318020 1675.6
1318030 1677.4
1318040 1678.3
1318050 1678.3
1318060 1679.5
1318070 1680.4
1318080 1680.4
1318090 1680.9
1318100 1681.9
1318110 1681.9
1318120 1683.3
1318130 1685.1
1318140 1685.1
1318150 1687.1
1318160 1688.4
1318170 1689.6
1318180 1689.6
1318190 1690.2
1318200 1690.1
1318210 1690.1
1318220 1689.9
1318230 1689.8
1318240 1689.8
1318250 1690.6
1318260 1692.5
1318270 1692.5
1318280 1693.5
1318290 1697.2
1318300 1697.2
1318310 1697.8
1318320 1692.0
1318330 1692.0
1318340 1687.5
1318350 1684.7
1318360 1684.7
1318370 1683.8
1318380 1683.3
1318390 1683.3
1318400 1684.1
1318410 1685.7
1318420 1685.6
1318430 1685.6
1318440 1683.8
1318450 1681.4
1318460 1681.4
1318470 1681.0
1318480 1682.6
1318490 1682.6
1318500 1687.4
1318510 1693.6
1318520 1693.6
1318530 1699.4
1318540 1705.1
1318550 1705.1
1318560 1711.5
1318570 1718.6
1318580 1718.6
1318590 1717.6
1318600 1721.8
1318610 1721.8
1318620 1723.8
1318630 1724.2
1318640 1724.2
1318650 1724.3
1318660 1723.9
1318670 1722.6
1318680 1722.6
1318690 1720.6
1318700 1717.7
1318710 1717.7
1318720 1714.2
1318730 1710.9
1318740 1710.9
1318750 1708.8
1318760 1707.2
1318770 1707.2
1318780 1705.6
1318790 1703.6
1318800 1703.6
1318810 1700.8
1318820 1696.4
1318830 1696.4
1318840 1694.3
1318850 1691.3
1318860 1691.3
1318870 1686.4
1318880 1681.5
1318890 1681.5
1318900 1675.0
1318910 1666.3
1318920 1652.2
1318930 1652.2
1318940 1638.8
1318950 1624.7
1318960 1624.7
1318970 1610.9
1318980 1602.2
1318990 1602.2
1319000 1594.7
1319010 1588.4
1319020 1588.4
1319030 1582.8
1319040 1577.4
1319050 1577.4
1319060 1572.0
1319070 1566.8
1319080 1566.8
1319090 1560.2
1319100 1553.5
1319110 1553.5
1319120 1549.3
1319130 1545.1
1319140 1545.1
1319150 1538.2
1319160 1532.7
1319170 1528.6
1319180 1528.6
1319190 1524.2
1319200 1519.4
1319210 1519.4
1319220 1515.4
1319230 1513.9
1319240 1513.9
1319250 1512.2
1319260 1509.9
1319270 1509.9
1319280 1507.7
1319290 1505.0
1319300 1505.0
1319310 1501.8
1319320 1498.9
1319330 1498.9
1319340 1494.3
1319350 1489.9
1319360 1488.8
1319370 1484.7
1319380 1479.4
1319390 1479.4
1319400 1473.1
1319410 1466.6
1319420 1462.2
1319430 1462.2
1319440 1459.6
1319450 1456.3
1319460 1456.3
1319470 1454.1
1319480 1453.2
1319490 1453.2
1319500 1450.9
1319510 1447.0
1319520 1447.0
1319530 1441.1
1319540 1435.7
1319550 1435.7
1319560 1436.2
1319570 1438.5
1319580 1438.5
1319590 1440.0
1319600 1439.3
1319610 1439.3
1319620 1437.9
1319630 1436.4
1319640 1436.4
1319650 1434.1
1319660 1432.0
1319670 1432.0
1319680 1430.4
1319690 1429.7
1319700 1430.2
1319710 1430.2
1319720 1431.0
1319730 1432.4
1319740 1432.4
1319750 1432.6
1319760 1431.5
1319770 1431.5
1319780 1428.6
1319790 1423.1
1319800 1423.1
1319810 1416.7
1319820 1409.9
1319830 1409.9
1319840 1404.2
1319850 1400.0
1319860 1400.0
1319870 1395.4
1319880 1390.1
1319890 1390.1
1319900 1384.9
1319910 1381.2
1319920 1381.2
1319930 1377.4
1319940 1373.4
1319950 1369.6
1319960 1369.6
1319970 1366.0
1319980 1363.0
1319990 1363.0
