1300000 1849.8
1300010 1854.4
1300020 1857.0
1300030 1859.2
1300040 1859.2
1300050 1862.4
1300060 1857.5
1300070 1857.5
1300080 1848.1
1300090 1840.7
1300100 1840.7
1300110 1833.4
1300120 1828.3
1300130 1828.3
1300140 1823.9
1300150 1819.3
1300160 1819.3
1300170 1814.4
1300180 1809.7
1300190 1809.7
1300200 1805.5
1300210 1800.4
1300220 1800.4
1300230 1794.1
1300240 1788.3
1300250 1788.3
1300260 1786.0
1300270 1785.2
1300280 1784.0
1300290 1784.0
1300300 1781.9
1300310 1780.7
1300320 1780.7
1300330 1779.1
1300340 1776.0
1300350 1776.0
1300360 1772.1
1300370 1768.1
1300380 1768.1
1300390 1765.7
1300400 1764.3
1300410 1764.3
1300420 1762.8
1300430 1761.4
1300440 1761.4
1300450 1757.8
1300460 1751.5
1300470 1751.5
1300480 1745.7
1300490 1742.7
1300500 1742.7
1300510 1739.1
1300520 1735.2
1300530 1730.5
1300540 1730.5
1300550 1725.9
1300560 1722.4
1300570 1722.4
1300580 1720.3
1300590 1717.0
1300600 1717.0
1300610 1714.2
1300620 1716.0
1300630 1716.0
1300640 1716.1
1300650 1714.4
1300660 1714.4
1300670 1711.7
1300680 1708.4
1300690 1708.4
1300700 1705.3
1300710 1701.9
1300720 1701.9
1300730 1698.1
1300740 1693.6
1300750 1693.6
1300760 1692.3
1300770 1691.2
1300780 1691.2
1300790 1690.0
1300800 1689.0
1300810 1685.5
1300820 1685.5
1300830 1681.1
1300840 1676.7
1300850 1676.7
1300860 1672.7
1300870 1668.6
1300880 1668.6
1300890 1663.0
1300900 1657.4
1300910 1657.4
1300920 1650.8
1300930 1645.8
1300940 1645.8
1300950 1640.5
1300960 1634.0
1300970 1634.0
1300980 1629.2
1300990 1626.5
1301000 1626.5
1301010 1622.8
1301020 1618.2
1301030 1618.2
1301040 1611.8
1301050 1606.3
1301060 1602.5
1301070 1602.5
1301080 1599.2
1301090 1594.6
1301100 1594.6
1301110 1588.5
1301120 1582.4
1301130 1582.4
1301140 1576.9
1301150 1571.4
1301160 1571.4
1301170 1565.7
1301180 1559.6
1301190 1559.6
1301200 1554.1
1301210 1549.7
1301220 1549.7
1301230 1545.4
1301240 1538.8
1301250 1538.8
1301260 1531.1
1301270 1523.2
1301280 1523.2
1301290 1515.4
1301300 1509.4
1301310 1506.8
1301320 1506.8
1301330 1500.9
1301340 1494.7
1301350 1494.7
1301360 1486.9
1301370 1480.2
1301380 1480.2
1301390 1473.7
1301400 1467.4
1301410 1467.4
1301420 1460.8
1301430 1454.4
1301440 1454.4
1301450 1448.3
1301460 1441.1
1301470 1441.1
1301480 1433.3
1301490 1428.6
1301500 1428.6
1301510 1425.5
1301520 1422.6
1301530 1422.6
1301540 1418.2
1301550 1413.7
1301560 1410.6
1301570 1410.6
1301580 1408.2
1301590 1405.2
1301600 1405.2
1301610 1402.2
1301620 1399.3
1301630 1399.3
1301640 1395.9
1301650 1391.9
1301660 1391.9
1301670 1386.3
1301680 1380.8
1301690 1380.8
1301700 1377.5
1301710 1376.4
1301720 1376.4
1301730 1375.0
1301740 1372.3
1301750 1372.3
1301760 1368.8
1301770 1364.7
1301780 1364.7
1301790 1361.1
1301800 1357.8
1301810 1355.1
1301820 1355.1
1301830 1350.3
1301840 1344.2
1301850 1344.2
1301860 1339.4
1301870 1336.5
1301880 1336.5
1301890 1333.0
1301900 1329.2
1301910 1329.2
1301920 1326.1
1301930 1323.1
1301940 1323.1
1301950 1318.9
1301960 1318.9
1301970 1318.9
1301980 1323.5
1301990 1328.7
1302000 1328.7
1302010 1328.6
1302020 1334.2
1302030 1334.2
1302040 1338.5
1302050 1343.5
1302060 1343.5
1302070 1349.3
1302080 1355.1
1302090 1361.0
1302100 1361.0
1302110 1366.7
1302120 1371.6
1302130 1371.6
1302140 1376.4
1302150 1382.0
1302160 1382.0
1302170 1387.5
1302180 1392.6
1302190 1392.6
1302200 1398.5
1302210 1404.0
1302220 1404.0
1302230 1409.6
1302240 1415.2
1302250 1415.2
1302260 1420.6
1302270 1426.1
1302280 1426.1
1302290 1431.8
1302300 1437.4
1302310 1437.4
1302320 1443.5
1302330 1450.9
1302340 1457.1
1302350 1457.1
1302360 1462.6
1302370 1468.7
1302380 1468.7
1302390 1475.3
1302400 1481.2
1302410 1481.2
1302420 1487.7
1302430 1494.3
1302440 1494.3
1302450 1501.2
1302460 1508.0
1302470 1508.0
1302480 1514.7
1302490 1521.2
1302500 1521.2
1302510 1528.0
1302520 1534.9
1302530 1534.9
1302540 1541.6
1302550 1548.2
1302560 1548.2
1302570 1554.5
1302580 1560.2
1302590 1566.2
1302600 1566.2
1302610 1572.3
1302620 1578.3
1302630 1578.3
1302640 1583.8
1302650 1588.7
1302660 1588.7
1302670 1593.3
1302680 1597.7
1302690 1597.7
1302700 1603.0
1302710 1607.1
1302720 1607.1
1302730 1611.2
1302740 1615.2
1302750 1615.2
1302760 1619.6
1302770 1624.6
1302780 1624.6
1302790 1629.4
1302800 1634.3
1302810 1634.3
1302820 1639.3
1302830 1644.4
1302840 1649.5
1302850 1649.5
1302860 1654.6
1302870 1659.3
1302880 1659.3
1302890 1665.3
1302900 1671.1
1302910 1671.1
1302920 1676.9
1302930 1682.3
1302940 1682.3
1302950 1687.6
1302960 1693.0
1302970 1693.0
1302980 1698.4
1302990 1701.7
1303000 1701.7
1303010 1704.1
1303020 1707.8
1303030 1707.8
1303040 1711.6
1303050 1716.1
1303060 1716.1
1303070 1721.1
1303080 1726.5
1303090 1731.1
1303100 1731.1
1303110 1736.7
1303120 1741.2
1303130 1741.2
1303140 1745.7
1303150 1749.1
1303160 1749.1
1303170 1753.4
1303180 1758.0
1303190 1758.0
1303200 1761.6
1303210 1765.8
1303220 1765.8
1303230 1770.0
1303240 1775.4
1303250 1775.4
1303260 1783.2
1303270 1791.6
1303280 1791.6
1303290 1801.2
1303300 1809.1
1303310 1809.1
1303320 1815.9
1303330 1823.1
1303340 1823.1
1303350 1829.8
1303360 1839.7
1303370 1849.2
1303380 1849.2
1303390 1855.5
1303400 1857.0
1303410 1857.0
1303420 1864.6
1303430 1869.5
1303440 1869.5
1303450 1872.8
1303460 1876.8
1303470 1876.8
1303480 1880.9
1303490 1885.8
1303500 1885.8
1303510 1892.3
1303520 1899.3
1303530 1899.3
1303540 1904.5
1303550 1907.4
1303560 1907.4
1303570 1910.6
1303580 1913.8
1303590 1913.8
1303600 1919.0
1303610 1924.4
1303620 1930.8
1303630 1930.8
1303640 1937.5
1303650 1943.6
1303660 1943.6
1303670 1947.0
1303680 1949.3
1303690 1949.3
1303700 1953.1
1303710 1956.5
1303720 1956.5
1303730 1956.9
1303740 1957.2
1303750 1957.2
1303760 1959.9
1303770 1962.3
1303780 1962.3
1303790 1965.0
1303800 1967.4
1303810 1967.4
1303820 1969.5
1303830 1970.8
1303840 1970.8
1303850 1970.8
1303860 1970.3
1303870 1970.6
1303880 1970.6
1303890 1972.7
1303900 1975.4
1303910 1975.4
1303920 1978.3
1303930 1979.9
1303940 1979.9
1303950 1980.9
1303960 1982.3
1303970 1982.3
1303980 1984.8
1303990 1985.9
1304000 1985.9
1304010 1984.6
1304020 1983.9
1304030 1983.9
1304040 1983.8
1304050 1979.8
1304060 1979.8
1304070 1975.6
1304080 1973.3
1304090 1973.3
1304100 1970.4
1304110 1973.4
1304120 1970.9
1304130 1970.9
1304140 1967.3
1304150 1965.2
1304160 1965.2
1304170 1963.9
1304180 1964.3
1304190 1964.3
1304200 1967.5
1304210 1971.1
1304220 1971.1
1304230 1974.3
1304240 1976.3
1304250 1976.3
1304260 1975.5
1304270 1972.7
1304280 1972.7
1304290 1968.3
1304300 1965.2
1304310 1965.2
1304320 1962.7
1304330 1961.4
1304340 1961.4
1304350 1962.3
1304360 1961.7
1304370 1959.1
1304380 1959.1
1304390 1953.9
1304400 1949.1
1304410 1949.1
1304420 1944.7
1304430 1939.8
1304440 1939.8
1304450 1934.5
1304460 1930.4
1304470 1930.4
1304480 1928.5
1304490 1927.6
1304500 1927.6
1304510 1928.7
1304520 1927.3
1304530 1927.3
1304540 1919.9
1304550 1915.1
1304560 1915.1
1304570 1910.7
1304580 1907.2
1304590 1907.2
1304600 1905.8
1304610 1904.0
1304620 1904.0
1304630 1902.8
1304640 1902.5
1304650 1901.4
1304660 1901.4
1304670 1899.4
1304680 1896.8
1304690 1896.8
1304700 1895.8
1304710 1897.7
1304720 1897.7
1304730 1898.8
1304740 1898.8
1304750 1898.8
1304760 1894.5
1304770 1889.5
1304780 1889.5
1304790 1885.0
1304800 1880.1
1304810 1884.3
1304820 1878.9
1304830 1872.7
1304840 1872.7
1304850 1867.8
1304860 1866.9
1304870 1866.9
1304880 1865.8
1304890 1863.2
1304900 1859.9
1304910 1859.9
1304920 1856.4
1304930 1852.6
1304940 1852.6
1304950 1849.4
1304960 1846.9
1304970 1846.9
1304980 1843.8
1304990 1840.4
1305000 1840.4
1305010 1838.0
1305020 1836.6
1305030 1836.6
1305040 1835.8
1305050 1834.5
1305060 1834.5
1305070 1832.3
1305080 1829.9
1305090 1829.9
1305100 1827.6
1305110 1825.1
1305120 1825.1
1305130 1822.2
1305140 1819.6
1305150 1817.3
1305160 1817.3
1305170 1814.8
1305180 1812.1
1305190 1812.1
1305200 1808.9
1305210 1804.9
1305220 1804.9
1305230 1800.0
1305240 1795.5
1305250 1795.5
1305260 1792.8
1305270 1791.4
1305280 1791.4
1305290 1788.9
1305300 1786.4
1305310 1786.4
1305320 1784.3
1305330 1782.2
1305340 1782.2
1305350 1782.0
1305360 1783.8
1305370 1783.8
1305380 1785.1
1305390 1783.3
1305400 1778.8
1305410 1778.8
1305420 1774.2
1305430 1770.4
1305440 1770.4
1305450 1767.0
1305460 1763.5
1305470 1763.5
1305480 1760.7
1305490 1758.7
1305500 1758.7
1305510 1755.8
1305520 1755.2
1305530 1755.2
1305540 1753.4
1305550 1749.8
1305560 1749.8
1305570 1746.1
1305580 1741.7
1305590 1741.7
1305600 1738.3
1305610 1736.0
1305620 1736.0
1305630 1732.8
1305640 1729.4
1305650 1729.4
1305660 1725.0
1305670 1720.8
1305680 1715.0
1305690 1715.0
1305700 1711.4
1305710 1710.5
1305720 1710.5
1305730 1714.6
1305740 1719.9
1305750 1719.9
1305760 1724.7
1305770 1728.9
1305780 1728.9
1305790 1733.2
1305800 1738.1
1305810 1738.1
1305820 1744.2
1305830 1750.4
1305840 1750.4
1305850 1757.2
1305860 1764.5
1305870 1764.5
1305880 1773.1
1305890 1782.2
1305900 1782.2
1305910 1789.4
1305920 1797.0
1305930 1805.5
1305940 1805.5
1305950 1814.0
1305960 1821.6
1305970 1821.6
1305980 1828.2
1305990 1834.6
1306000 1834.6
1306010 1843.4
1306020 1852.0
1306030 1852.0
1306040 1859.5
1306050 1867.0
1306060 1867.0
1306070 1874.0
1306080 1879.6
1306090 1879.6
1306100 1884.5
1306110 1888.1
1306120 1888.1
1306130 1890.9
1306140 1894.0
1306150 1894.0
1306160 1897.6
1306170 1901.7
1306180 1906.1
1306190 1906.1
1306200 1910.3
1306210 1914.2
1306220 1914.2
1306230 1915.6
1306240 1919.5
1306250 1919.5
1306260 1923.4
1306270 1928.1
1306280 1928.1
1306290 1933.1
1306300 1938.6
1306310 1938.6
1306320 1945.5
1306330 1950.8
1306340 1950.8
1306350 1955.6
1306360 1961.3
1306370 1961.3
1306380 1967.3
1306390 1972.5
1306400 1972.5
1306410 1977.4
1306420 1983.5
1306430 1989.9
1306440 1989.9
1306450 1996.7
1306460 2003.8
1306470 2003.8
1306480 2010.0
1306490 2015.6
1306500 2015.6
1306510 2020.4
1306520 2026.6
1306530 2026.6
1306540 2032.5
1306550 2038.3
1306560 2038.3
1306570 2043.8
1306580 2049.0
1306590 2049.0
1306600 2053.4
1306610 2057.9
1306620 2057.9
1306630 2062.5
1306640 2067.8
1306650 2067.8
1306660 2073.3
1306670 2079.5
1306680 2085.5
1306690 2085.5
1306700 2090.6
1306710 2096.4
1306720 2096.4
1306730 2101.7
1306740 2106.1
1306750 2106.1
1306760 2110.2
1306770 2114.7
1306780 2114.7
1306790 2119.3
1306800 2124.0
1306810 2124.0
1306820 2128.7
1306830 2132.7
1306840 2132.7
1306850 2136.7
1306860 2140.0
1306870 2140.0
1306880 2142.5
1306890 2145.0
1306900 2145.0
1306910 2147.6
1306920 2150.4
1306930 2150.4
1306940 2153.1
1306950 2153.9
1306960 2156.6
1306970 2156.6
1306980 2159.6
1306990 2163.3
1307000 2163.3
1307010 2166.5
1307020 2170.4
1307030 2170.4
1307040 2175.0
1307050 2178.8
1307060 2178.8
1307070 2183.5
1307080 2188.6
1307090 2188.6
1307100 2193.8
1307110 2199.4
1307120 2199.4
1307130 2205.1
1307140 2210.2
1307150 2210.2
1307160 2214.8
1307170 2218.8
1307180 2218.8
1307190 2222.5
1307200 2225.7
1307210 2228.9
1307220 2228.9
1307230 2231.9
1307240 2234.8
1307250 2234.8
1307260 2238.3
1307270 2241.4
1307280 2241.4
1307290 2244.4
1307300 2249.0
1307310 2249.0
1307320 2254.6
1307330 2258.3
1307340 2258.3
1307350 2261.2
1307360 2263.8
1307370 2263.8
1307380 2267.2
1307390 2269.7
1307400 2269.7
1307410 2273.0
1307420 2276.5
1307430 2276.5
1307440 2279.1
1307450 2281.6
1307460 2285.3
1307470 2285.3
1307480 2289.2
1307490 2293.8
1307500 2293.8
1307510 2299.0
1307520 2304.3
1307530 2304.3
1307540 2309.5
1307550 2314.3
1307560 2314.3
1307570 2317.8
1307580 2319.5
1307590 2319.5
1307600 2322.1
1307610 2325.2
1307620 2325.2
1307630 2328.0
1307640 2330.5
1307650 2330.5
1307660 2332.9
1307670 2332.7
1307680 2332.7
1307690 2334.4
1307700 2333.2
1307710 2328.9
1307720 2328.9
1307730 2324.4
1307740 2319.3
1307750 2319.3
1307760 2314.6
1307770 2310.4
1307780 2310.4
1307790 2306.7
1307800 2300.3
1307810 2300.3
1307820 2292.0
1307830 2286.2
1307840 2286.2
1307850 2280.4
1307860 2273.9
1307870 2273.9
1307880 2266.8
1307890 2258.5
1307900 2258.5
1307910 2250.7
1307920 2241.2
1307930 2241.2
1307940 2229.9
1307950 2222.3
1307960 2216.3
1307970 2216.3
1307980 2210.2
1307990 2203.1
1308000 2203.1
1308010 2194.1
1308020 2183.6
1308030 2183.6
1308040 2174.7
1308050 2166.4
1308060 2166.4
1308070 2158.2
1308080 2151.7
1308090 2151.7
1308100 2144.5
1308110 2137.0
1308120 2137.0
1308130 2129.9
1308140 2124.2
1308150 2124.2
1308160 2121.2
1308170 2120.5
1308180 2120.5
1308190 2119.6
1308200 2117.2
1308210 2117.2
1308220 2116.0
1308230 2114.8
1308240 2114.5
1308250 2114.5
1308260 2114.6
1308270 2114.7
1308280 2114.7
1308290 2116.4
1308300 2113.1
1308310 2113.1
1308320 2099.7
1308330 2090.5
1308340 2090.5
1308350 2085.4
1308360 2082.1
1308370 2082.1
1308380 2077.7
1308390 2082.4
1308400 2082.4
1308410 2084.9
1308420 2087.5
1308430 2087.5
1308440 2089.3
1308450 2090.9
1308460 2090.9
1308470 2091.7
1308480 2091.5
1308490 2090.0
1308500 2090.0
1308510 2086.2
1308520 2081.8
1308530 2081.8
1308540 2080.8
1308550 2079.3
1308560 2079.3
1308570 2078.2
1308580 2078.8
1308590 2078.8
1308600 2080.5
1308610 2084.4
1308620 2084.4
1308630 2086.4
1308640 2087.4
1308650 2087.4
1308660 2089.0
1308670 2090.7
1308680 2090.7
1308690 2092.5
1308700 2095.0
1308710 2095.0
1308720 2099.7
1308730 2105.7
1308740 2110.4
1308750 2110.4
1308760 2113.8
1308770 2115.6
1308780 2115.6
1308790 2116.9
1308800 2118.2
1308810 2118.2
1308820 2119.7
1308830 2121.8
1308840 2121.8
1308850 2123.7
1308860 2126.0
1308870 2126.0
1308880 2128.5
1308890 2128.6
1308900 2128.6
1308910 2128.5
1308920 2128.5
1308930 2128.5
1308940 2128.1
1308950 2127.8
1308960 2127.8
1308970 2126.7
1308980 2125.5
1308990 2124.1
1309000 2124.1
1309010 2122.8
1309020 2121.8
1309030 2121.8
1309040 2120.8
1309050 2120.1
1309060 2120.1
1309070 2119.5
1309080 2119.0
1309090 2119.0
1309100 2118.5
1309110 2119.8
1309120 2119.8
1309130 2119.2
1309140 2118.5
1309150 2118.5
1309160 2118.8
1309170 2119.6
1309180 2119.6
1309190 2122.1
1309200 2124.3
1309210 2124.3
1309220 2126.2
1309230 2128.7
1309240 2134.7
1309250 2134.7
1309260 2142.7
1309270 2146.0
1309280 2146.0
1309290 2152.2
1309300 2159.7
1309310 2159.7
1309320 2165.6
1309330 2171.3
1309340 2171.3
1309350 2176.2
1309360 2180.2
1309370 2180.2
1309380 2184.1
1309390 2186.7
1309400 2186.7
1309410 2190.1
1309420 2194.7
1309430 2194.7
1309440 2199.2
1309450 2202.8
1309460 2202.8
1309470 2206.1
1309480 2209.2
1309490 2209.2
1309500 2210.7
1309510 2211.7
1309520 2211.3
1309530 2211.3
1309540 2210.7
1309550 2211.8
1309560 2211.8
1309570 2213.3
1309580 2214.9
1309590 2214.9
1309600 2218.4
1309610 2222.3
1309620 2222.3
1309630 2222.4
1309640 2220.6
1309650 2220.6
1309660 2221.3
1309670 2223.7
1309680 2223.7
1309690 2225.9
1309700 2227.8
1309710 2227.8
1309720 2228.4
1309730 2228.7
1309740 2228.7
1309750 2227.1
1309760 2228.5
1309770 2227.6
1309780 2227.6
1309790 2226.8
1309800 2225.3
1309810 2225.3
1309820 2221.2
1309830 2216.5
1309840 2212.0
1309850 2208.4
1309860 2207.0
1309870 2207.0
1309880 2205.1
1309890 2200.5
1309900 2200.5
1309910 2196.9
1309920 2196.3
1309930 2196.3
1309940 2195.0
1309950 2192.0
1309960 2192.0
1309970 2189.1
1309980 2186.1
1309990 2186.1
1310000 2183.9
1310010 2182.4
1310020 2179.4
1310030 2179.4
1310040 2172.9
1310050 2168.3
1310060 2168.3
1310070 2161.3
1310080 2157.2
1310090 2157.2
1310100 2150.0
1310110 2142.3
1310120 2142.3
1310130 2136.8
1310140 2132.0
1310150 2132.0
1310160 2127.1
1310170 2121.4
1310180 2121.4
1310190 2115.6
1310200 2111.0
1310210 2111.0
1310220 2107.1
1310230 2104.1
1310240 2104.1
1310250 2101.9
1310260 2099.9
1310270 2097.7
1310280 2097.7
1310290 2094.7
1310300 2088.7
1310310 2088.7
1310320 2081.0
1310330 2072.4
1310340 2072.4
1310350 2062.2
1310360 2052.0
1310370 2052.0
1310380 2041.6
1310390 2032.0
1310400 2032.0
1310410 2022.4
1310420 2015.6
1310430 2015.6
1310440 2008.8
1310450 2004.7
1310460 2004.7
1310470 2001.1
1310480 1995.5
1310490 1995.5
1310500 1987.0
1310510 1977.7
1310520 1968.4
1310530 1968.4
1310540 1958.4
1310550 1945.9
1310560 1945.9
1310570 1922.8
1310580 1913.4
1310590 1913.4
1310600 1905.4
1310610 1899.3
1310620 1899.3
1310630 1891.2
1310640 1881.4
1310650 1881.4
1310660 1872.2
1310670 1863.2
1310680 1863.2
1310690 1854.0
1310700 1845.2
1310710 1845.2
1310720 1838.5
1310730 1832.9
1310740 1832.9
1310750 1830.5
1310760 1827.2
1310770 1827.2
1310780 1821.7
1310790 1815.9
1310800 1805.5
1310810 1805.5
1310820 1793.3
1310830 1781.6
1310840 1781.6
1310850 1770.1
1310860 1760.9
1310870 1760.9
1310880 1749.5
1310890 1738.8
1310900 1738.8
1310910 1726.7
1310920 1718.8
1310930 1718.8
1310940 1711.6
1310950 1704.6
1310960 1704.6
1310970 1698.7
1310980 1693.4
1310990 1693.4
1311000 1688.2
1311010 1683.7
1311020 1683.7
1311030 1679.3
1311040 1675.2
1311050 1670.2
1311060 1670.2
1311070 1664.6
1311080 1659.0
1311090 1659.0
1311100 1653.5
1311110 1648.3
1311120 1648.3
1311130 1644.7
1311140 1643.7
1311150 1643.7
1311160 1643.8
1311170 1643.8
1311180 1643.8
1311190 1643.5
1311200 1643.4
1311210 1643.4
1311220 1643.2
1311230 1643.2
1311240 1643.2
1311250 1643.7
1311260 1644.4
1311270 1644.4
1311280 1646.3
1311290 1648.7
1311300 1651.7
1311310 1651.7
1311320 1654.1
1311330 1656.4
1311340 1656.4
1311350 1658.1
1311360 1660.8
1311370 1660.8
1311380 1665.5
1311390 1671.6
1311400 1671.6
1311410 1678.3
1311420 1684.7
1311430 1684.7
1311440 1690.8
1311450 1696.5
1311460 1696.5
1311470 1702.0
1311480 1707.7
1311490 1707.7
1311500 1714.3
1311510 1722.6
1311520 1722.6
1311530 1730.8
1311540 1737.8
1311550 1742.7
1311560 1742.7
1311570 1747.9
1311580 1753.7
1311590 1753.7
1311600 1761.1
1311610 1769.1
1311620 1769.1
1311630 1776.1
1311640 1781.5
1311650 1781.5
1311660 1786.1
1311670 1790.5
1311680 1790.5
1311690 1794.7
1311700 1798.6
1311710 1798.6
1311720 1802.9
1311730 1807.7
1311740 1807.7
1311750 1812.2
1311760 1816.1
1311770 1816.1
1311780 1819.9
1311790 1823.0
1311800 1823.0
1311810 1826.4
1311820 1830.6
1311830 1833.9
1311840 1833.9
1311850 1837.6
1311860 1841.6
1311870 1841.6
1311880 1844.8
1311890 1848.0
1311900 1848.0
1311910 1851.6
1311920 1856.8
1311930 1856.8
1311940 1861.6
1311950 1866.3
1311960 1866.3
1311970 1870.3
1311980 1875.0
1311990 1875.0
1312000 1880.4
1312010 1884.2
1312020 1884.2
1312030 1889.6
1312040 1894.1
1312050 1894.1
1312060 1901.7
1312070 1908.3
1312080 1912.8
1312090 1912.8
1312100 1916.5
1312110 1921.3
1312120 1921.3
1312130 1926.9
1312140 1931.5
1312150 1931.5
1312160 1934.6
1312170 1937.4
1312180 1937.4
1312190 1940.8
1312200 1944.9
1312210 1944.9
1312220 1949.0
1312230 1954.2
1312240 1954.2
1312250 1960.3
1312260 1965.2
1312270 1965.2
1312280 1968.9
1312290 1973.1
1312300 1973.1
1312310 1979.7
1312320 1987.0
1312330 1995.0
1312340 1995.0
1312350 2002.2
1312360 2007.7
1312370 2007.7
1312380 2011.9
1312390 2015.5
1312400 2015.5
1312410 2019.0
1312420 2023.6
1312430 2023.6
1312440 2028.6
1312450 2032.8
1312460 2032.8
1312470 2036.9
1312480 2040.0
1312490 2040.0
1312500 2043.3
1312510 2048.3
1312520 2048.3
1312530 2054.5
1312540 2059.5
1312550 2059.5
1312560 2064.4
1312570 2068.6
1312580 2074.5
1312590 2074.5
1312600 2081.6
1312610 2085.7
1312620 2085.7
1312630 2087.6
1312640 2090.6
1312650 2090.6
1312660 2096.3
1312670 2102.0
1312680 2102.0
1312690 2104.4
1312700 2110.7
1312710 2110.7
1312720 2117.0
1312730 2119.7
1312740 2119.7
1312750 2121.5
1312760 2123.2
1312770 2123.2
1312780 2126.2
1312790 2129.3
1312800 2129.3
1312810 2132.4
1312820 2135.3
1312830 2140.6
1312840 2140.6
1312850 2147.8
1312860 2155.9
1312870 2155.9
1312880 2162.2
1312890 2167.5
1312900 2167.5
1312910 2173.4
1312920 2181.6
1312930 2181.6
1312940 2190.1
1312950 2197.2
1312960 2197.2
1312970 2205.3
1312980 2209.9
1312990 2209.9
1313000 2214.0
1313010 2218.5
1313020 2218.5
1313030 2223.5
1313040 2227.9
1313050 2227.9
1313060 2232.7
1313070 2238.5
1313080 2238.5
1313090 2244.8
1313100 2247.5
1313110 2250.5
1313120 2250.5
1313130 2254.8
1313140 2260.3
1313150 2260.3
1313160 2265.7
1313170 2269.7
1313180 2269.7
1313190 2273.5
1313200 2275.9
1313210 2275.9
1313220 2277.4
1313230 2279.9
1313240 2279.9
1313250 2283.5
1313260 2285.9
1313270 2285.9
1313280 2287.2
1313290 2290.4
1313300 2290.4
1313310 2295.7
1313320 2303.0
1313330 2303.0
1313340 2311.5
1313350 2318.7
1313360 2324.5
1313370 2324.5
1313380 2328.6
1313390 2331.9
1313400 2331.9
1313410 2336.0
1313420 2340.1
1313430 2340.1
1313440 2342.5
1313450 2346.4
1313460 2346.4
1313470 2351.1
1313480 2357.5
1313490 2357.5
1313500 2364.4
1313510 2372.6
1313520 2371.4
1313530 2379.7
1313540 2387.1
1313550 2387.1
1313560 2392.8
1313570 2396.7
1313580 2396.7
1313590 2400.7
1313600 2403.7
1313610 2404.2
1313620 2404.2
1313630 2402.1
1313640 2402.1
1313650 2402.1
1313660 2404.9
1313670 2408.8
1313680 2408.8
1313690 2412.5
1313700 2413.9
1313710 2413.9
1313720 2414.3
1313730 2412.2
1313740 2412.2
1313750 2409.2
1313760 2405.6
1313770 2405.6
1313780 2402.3
1313790 2399.3
1313800 2399.3
1313810 2396.7
1313820 2394.4
1313830 2394.4
1313840 2392.5
1313850 2392.9
1313860 2394.1
1313870 2394.1
1313880 2394.0
1313890 2394.5
1313900 2394.5
1313910 2395.5
1313920 2396.6
1313930 2396.6
1313940 2397.5
1313950 2398.6
1313960 2398.6
1313970 2400.7
1313980 2402.5
1313990 2402.5
1314000 2404.2
1314010 2405.5
1314020 2405.5
1314030 2406.0
1314040 2405.6
1314050 2405.6
1314060 2406.0
1314070 2407.0
1314080 2407.0
1314090 2407.0
1314100 2405.4
1314110 2402.7
1314120 2402.7
1314130 2399.8
1314140 2396.4
1314150 2396.4
1314160 2392.1
1314170 2387.9
1314180 2387.9
1314190 2384.2
1314200 2380.6
1314210 2380.6
1314220 2379.7
1314230 2379.4
1314240 2379.4
1314250 2378.2
1314260 2376.3
1314270 2370.9
1314280 2368.6
1314290 2365.6
1314300 2365.6
1314310 2362.9
1314320 2360.5
1314330 2360.5
1314340 2359.0
1314350 2357.5
1314360 2357.5
1314370 2356.7
1314380 2356.8
1314390 2357.6
1314400 2357.6
1314410 2357.9
1314420 2357.6
1314430 2357.6
1314440 2356.6
1314450 2357.4
1314460 2357.4
1314470 2359.3
1314480 2360.6
1314490 2360.6
1314500 2363.4
1314510 2366.3
1314520 2366.3
1314530 2367.8
1314540 2370.0
1314550 2370.0
1314560 2372.5
1314570 2369.1
1314580 2369.1
1314590 2361.8
1314600 2352.6
1314610 2352.6
1314620 2342.4
1314630 2333.7
1314640 2326.0
1314650 2326.0
1314660 2321.9
1314670 2317.3
1314680 2317.3
1314690 2311.5
1314700 2307.7
1314710 2307.7
1314720 2302.2
1314730 2295.7
1314740 2295.7
1314750 2287.2
1314760 2276.6
1314770 2276.6
1314780 2265.8
1314790 2255.0
1314800 2255.0
1314810 2242.4
1314820 2232.5
1314830 2232.5
1314840 2223.8
1314850 2214.8
1314860 2214.8
1314870 2203.8
1314880 2196.6
1314890 2190.5
1314900 2190.5
1314910 2184.4
1314920 2179.1
1314930 2179.1
1314940 2174.4
1314950 2169.8
1314960 2169.8
1314970 2165.2
1314980 2161.0
1314990 2161.0
1315000 2157.1
1315010 2155.5
1315020 2155.5
1315030 2152.1
1315040 2148.6
1315050 2148.6
1315060 2144.5
1315070 2141.3
1315080 2141.3
1315090 2138.9
1315100 2137.4
1315110 2137.4
1315120 2134.4
1315130 2132.0
1315140 2131.2
1315150 2131.2
1315160 2131.1
1315170 2129.0
1315180 2129.0
1315190 2126.2
1315200 2123.6
1315210 2123.6
1315220 2121.7
1315230 2118.9
1315240 2118.9
1315250 2111.9
1315260 2104.8
1315270 2104.8
1315280 2098.7
1315290 2095.3
1315300 2095.3
1315310 2093.5
1315320 2091.5
1315330 2091.5
1315340 2090.6
1315350 2089.7
1315360 2089.7
1315370 2088.2
1315380 2087.1
1315390 2085.9
1315400 2085.9
1315410 2085.0
1315420 2084.2
1315430 2084.2
1315440 2083.6
1315450 2083.5
1315460 2083.5
1315470 2082.9
1315480 2083.0
1315490 2083.0
1315500 2083.3
1315510 2082.5
1315520 2082.5
1315530 2080.0
1315540 2079.9
1315550 2079.9
1315560 2079.7
1315570 2078.8
1315580 2078.8
1315590 2079.3
1315600 2081.7
1315610 2081.7
1315620 2083.9
1315630 2084.9
1315640 2084.9
1315650 2085.5
1315660 2087.1
1315670 2089.7
1315680 2089.7
1315690 2090.8
1315700 2092.2
1315710 2092.2
1315720 2094.4
1315730 2096.3
1315740 2096.3
1315750 2097.6
1315760 2097.8
1315770 2093.9
1315780 2095.8
1315790 2097.1
1315800 2097.1
1315810 2097.8
1315820 2100.1
1315830 2100.1
1315840 2103.5
1315850 2106.0
1315860 2106.0
1315870 2107.7
1315880 2111.0
1315890 2111.0
1315900 2114.7
1315910 2118.5
1315920 2121.8
1315930 2121.8
1315940 2124.2
1315950 2126.4
1315960 2126.4
1315970 2129.4
1315980 2132.2
1315990 2132.2
1316000 2135.3
1316010 2138.8
1316020 2138.8
1316030 2142.2
1316040 2145.7
1316050 2145.7
1316060 2149.7
1316070 2154.5
1316080 2154.5
1316090 2159.6
1316100 2165.4
1316110 2165.4
1316120 2170.4
1316130 2175.6
1316140 2175.6
1316150 2182.4
1316160 2189.7
1316170 2194.6
1316180 2194.6
1316190 2193.6
1316200 2191.6
1316210 2191.6
1316220 2189.0
1316230 2187.1
1316240 2187.1
1316250 2186.5
1316260 2185.8
1316270 2185.8
1316280 2186.2
1316290 2185.4
1316300 2185.4
1316310 2183.6
1316320 2182.6
1316330 2182.6
1316340 2181.7
1316350 2181.0
1316360 2181.0
1316370 2180.9
1316380 2181.0
1316390 2181.0
1316400 2181.4
1316410 2180.6
1316420 2180.0
1316430 2180.0
1316440 2179.9
1316450 2178.9
1316460 2178.9
1316470 2177.6
1316480 2176.4
1316490 2176.4
1316500 2174.7
1316510 2172.9
1316520 2166.7
1316530 2164.5
1316540 2161.6
1316550 2161.6
1316560 2158.6
1316570 2158.0
1316580 2158.0
1316590 2155.9
1316600 2150.4
1316610 2150.4
1316620 2145.6
1316630 2141.2
1316640 2141.2
1316650 2135.7
1316660 2129.7
1316670 2124.2
1316680 2124.2
1316690 2118.5
1316700 2112.8
1316710 2112.8
1316720 2108.4
1316730 2104.3
1316740 2104.3
1316750 2099.7
1316760 2094.8
1316770 2094.8
1316780 2090.1
1316790 2084.8
1316800 2084.8
1316810 2078.5
1316820 2072.5
1316830 2072.5
1316840 2067.0
1316850 2062.0
1316860 2062.0
1316870 2056.8
1316880 2050.9
1316890 2050.9
1316900 2045.5
1316910 2040.0
1316920 2040.0
1316930 2034.4
1316940 2029.1
1316950 2024.2
1316960 2024.2
1316970 2019.6
1316980 2015.5
1316990 2015.5
1317000 2011.6
1317010 2006.7
1317020 2006.7
1317030 2002.7
1317040 1999.4
1317050 1999.4
1317060 1996.6
1317070 1993.6
1317080 1993.6
1317090 1991.0
1317100 1990.1
1317110 1990.1
1317120 1990.0
1317130 1990.3
1317140 1990.3
1317150 1990.8
1317160 1991.7
1317170 1991.7
1317180 1993.2
1317190 1995.2
1317200 1998.3
1317210 1998.3
1317220 2000.7
1317230 2002.5
1317240 2002.5
1317250 2004.7
1317260 2006.3
1317270 2006.3
1317280 2005.0
1317290 2006.5
1317300 2006.5
1317310 2006.9
1317320 2007.3
1317330 2007.3
1317340 2009.6
1317350 2015.5
1317360 2015.5
1317370 2019.5
1317380 2023.0
1317390 2023.0
1317400 2028.6
1317410 2034.2
1317420 2034.2
1317430 2039.0
1317440 2041.8
1317450 2042.6
1317460 2042.6
1317470 2044.0
1317480 2045.5
1317490 2045.5
1317500 2046.5
1317510 2046.2
1317520 2046.2
1317530 2045.8
1317540 2045.6
1317550 2045.6
1317560 2045.9
1317570 2046.0
1317580 2046.0
1317590 2046.3
1317600 2047.4
1317610 2047.4
1317620 2048.3
1317630 2050.5
1317640 2050.5
1317650 2056.1
1317660 2062.3
1317670 2062.3
1317680 2069.6
1317690 2077.2
1317700 2083.6
1317710 2083.6
1317720 2088.8
1317730 2093.1
1317740 2093.1
1317750 2098.0
1317760 2101.8
1317770 2101.8
1317780 2103.8
1317790 2106.2
1317800 2106.2
1317810 2110.4
1317820 2114.8
1317830 2114.8
1317840 2117.6
1317850 2119.1
1317860 2119.1
1317870 2120.4
1317880 2120.6
1317890 2120.6
1317900 2120.1
1317910 2119.7
1317920 2119.7
1317930 2119.1
1317940 2118.8
1317950 2117.7
1317960 2117.7
1317970 2117.2
1317980 2115.3
1317990 2115.3
1318000 2114.1
1318010 2112.7
1318020 2112.7
1318030 2110.5
1318040 2105.5
1318050 2105.5
1318060 2103.2
1318070 2101.3
1318080 2101.3
1318090 2099.6
1318100 2097.7
1318110 2097.7
1318120 2095.4
1318130 2093.1
1318140 2093.1
1318150 2091.0
1318160 2089.3
1318170 2089.3
1318180 2088.4
1318190 2087.7
1318200 2087.7
1318210 2087.2
1318220 2087.5
1318230 2087.9
1318240 2087.9
1318250 2087.6
1318260 2086.7
1318270 2086.7
1318280 2085.6
1318290 2084.3
1318300 2084.3
1318310 2081.5
1318320 2078.0
1318330 2078.0
1318340 2074.0
1318350 2070.3
1318360 2070.3
1318370 2066.3
1318380 2061.0
1318390 2061.0
1318400 2056.9
1318410 2053.2
1318420 2053.2
1318430 2049.1
1318440 2044.0
1318450 2044.0
1318460 2039.4
1318470 2033.8
1318480 2028.4
1318490 2028.4
1318500 2022.6
1318510 2016.4
1318520 2016.4
1318530 2012.9
1318540 2010.7
1318550 2010.7
1318560 2008.5
1318570 2005.6
1318580 2005.6
1318590 2004.2
1318600 2000.9
1318610 2000.9
1318620 1997.4
1318630 1995.0
1318640 1995.0
1318650 1991.5
1318660 1988.1
1318670 1988.1
1318680 1985.5
1318690 1983.6
1318700 1983.6
1318710 1980.8
1318720 1975.8
1318730 1970.6
1318740 1970.6
1318750 1967.1
1318760 1963.9
1318770 1963.9
1318780 1959.8
1318790 1954.4
1318800 1954.4
1318810 1940.5
1318820 1937.1
1318830 1937.1
1318840 1932.0
1318850 1927.5
1318860 1927.5
1318870 1923.6
1318880 1919.0
1318890 1919.0
1318900 1913.2
1318910 1909.0
1318920 1909.0
1318930 1905.9
1318940 1902.6
1318950 1902.6
1318960 1899.3
1318970 1896.9
1318980 1895.4
1318990 1895.4
1319000 1892.9
1319010 1890.1
1319020 1890.1
1319030 1888.0
1319040 1885.6
1319050 1885.6
1319060 1882.3
1319070 1876.9
1319080 1876.9
1319090 1870.7
1319100 1864.3
1319110 1864.3
1319120 1857.0
1319130 1851.6
1319140 1851.6
1319150 1847.0
1319160 1842.7
1319170 1842.7
1319180 1839.9
1319190 1837.5
1319200 1837.5
1319210 1834.3
1319220 1831.3
1319230 1828.6
1319240 1828.6
1319250 1824.2
1319260 1820.8
1319270 1820.8
1319280 1818.2
1319290 1814.9
1319300 1814.9
1319310 1810.2
1319320 1805.9
1319330 1805.9
1319340 1803.0
1319350 1799.8
1319360 1799.8
1319370 1796.8
1319380 1792.3
1319390 1792.3
1319400 1786.9
1319410 1782.5
1319420 1782.5
1319430 1778.3
1319440 1774.7
1319450 1774.7
1319460 1770.9
1319470 1765.3
1319480 1765.3
1319490 1760.6
1319500 1758.0
1319510 1754.7
1319520 1754.7
1319530 1751.1
1319540 1747.8
1319550 1747.8
1319560 1744.7
1319570 1740.7
1319580 1738.4
1319590 1737.3
1319600 1733.5
1319610 1733.5
1319620 1729.1
1319630 1725.3
1319640 1725.3
1319650 1720.7
1319660 1716.1
1319670 1716.1
1319680 1713.1
1319690 1712.1
1319700 1712.1
1319710 1710.8
1319720 1710.3
1319730 1710.3
1319740 1711.7
1319750 1713.2
1319760 1713.9
1319770 1713.9
1319780 1714.3
1319790 1713.7
1319800 1713.7
1319810 1711.8
1319820 1709.3
1319830 1709.3
1319840 1705.7
1319850 1701.9
1319860 1701.9
1319870 1699.1
1319880 1697.2
1319890 1697.2
1319900 1694.6
1319910 1690.1
1319920 1690.1
1319930 1685.6
1319940 1682.0
1319950 1682.0
1319960 1679.5
1319970 1676.4
1319980 1676.4
1319990 1673.3
