1300000 1957.1
1300010 1958.1
1300020 1959.0
1300030 1959.0
1300040 1959.1
1300050 1961.1
1300060 1961.1
1300070 1963.4
1300080 1966.4
1300090 1966.4
1300100 1969.7
1300110 1968.9
1300120 1968.9
1300130 1967.8
1300140 1964.6
1300150 1964.6
1300160 1962.2
1300170 1960.0
1300180 1955.5
1300190 1955.5
1300200 1952.2
1300210 1947.0
1300220 1947.0
1300230 1943.1
1300240 1938.6
1300250 1938.6
1300260 1933.6
1300270 1931.1
1300280 1931.1
1300290 1927.4
1300300 1923.6
1300310 1923.6
1300320 1918.6
1300330 1913.7
1300340 1913.7
1300350 1908.7
1300360 1903.9
1300370 1903.9
1300380 1901.9
1300390 1902.2
1300400 1902.2
1300410 1901.0
1300420 1897.7
1300430 1894.0
1300440 1894.0
1300450 1890.9
1300460 1889.1
1300470 1889.1
1300480 1886.9
1300490 1880.2
1300500 1880.2
1300510 1874.6
1300520 1870.0
1300530 1870.0
1300540 1864.9
1300550 1860.4
1300560 1860.4
1300570 1855.7
1300580 1852.1
1300590 1852.1
1300600 1847.8
1300610 1843.3
1300620 1843.3
1300630 1838.4
1300640 1831.9
1300650 1831.9
1300660 1825.3
1300670 1819.9
1300680 1815.8
1300690 1815.8
1300700 1811.7
1300710 1806.7
1300720 1806.7
1300730 1801.1
1300740 1795.0
1300750 1795.0
1300760 1787.8
1300770 1780.4
1300780 1780.4
1300790 1775.3
1300800 1772.6
1300810 1772.6
1300820 1769.1
1300830 1765.5
1300840 1765.5
1300850 1762.9
1300860 1758.8
1300870 1758.8
1300880 1753.1
1300890 1744.0
1300900 1744.0
1300910 1736.4
1300920 1732.5
1300930 1727.4
1300940 1727.4
1300950 1724.3
1300960 1721.3
1300970 1721.3
1300980 1717.5
1300990 1713.1
1301000 1713.1
1301010 1707.2
1301020 1700.8
1301030 1700.8
1301040 1694.5
1301050 1688.3
1301060 1688.3
1301070 1682.4
1301080 1677.3
1301090 1677.3
1301100 1673.3
1301110 1670.1
1301120 1670.1
1301130 1666.2
1301140 1660.0
1301150 1660.0
1301160 1656.0
1301170 1651.7
1301180 1649.0
1301190 1649.0
1301200 1647.9
1301210 1649.8
1301220 1649.8
1301230 1651.5
1301240 1650.9
1301250 1650.9
1301260 1649.1
1301270 1646.8
1301280 1646.8
1301290 1644.2
1301300 1640.8
1301310 1640.8
1301320 1636.3
1301330 1630.6
1301340 1630.6
1301350 1624.9
1301360 1620.0
1301370 1620.0
1301380 1615.2
1301390 1609.9
1301400 1609.9
1301410 1603.1
1301420 1596.2
1301430 1596.2
1301440 1590.3
1301450 1584.7
1301460 1579.0
1301470 1579.0
1301480 1572.7
1301490 1567.5
1301500 1567.5
1301510 1562.8
1301520 1557.6
1301530 1557.6
1301540 1551.8
1301550 1545.7
1301560 1545.7
1301570 1539.6
1301580 1533.1
1301590 1533.1
1301600 1527.5
1301610 1523.6
1301620 1523.6
1301630 1518.9
1301640 1513.4
1301650 1513.4
1301660 1507.9
1301670 1503.8
1301680 1503.8
1301690 1499.7
1301700 1494.8
1301710 1488.6
1301720 1488.6
1301730 1481.9
1301740 1476.1
1301750 1476.1
1301760 1469.9
1301770 1464.1
1301780 1464.1
1301790 1459.2
1301800 1454.0
1301810 1454.0
1301820 1450.2
1301830 1448.3
1301840 1448.3
1301850 1446.6
1301860 1444.7
1301870 1444.7
1301880 1441.1
1301890 1436.1
1301900 1436.1
1301910 1430.1
1301920 1424.3
1301930 1424.3
1301940 1419.4
1301950 1413.9
1301960 1408.1
1301970 1408.1
1301980 1402.2
1301990 1397.7
1302000 1397.7
1302010 1394.2
1302020 1388.9
1302030 1388.9
1302040 1383.2
1302050 1378.7
1302060 1378.7
1302070 1373.4
1302080 1372.1
1302090 1372.1
1302100 1373.2
1302110 1376.1
1302120 1376.1
1302130 1381.7
1302140 1388.6
1302150 1388.6
1302160 1394.9
1302170 1400.6
1302180 1400.6
1302190 1403.8
1302200 1406.4
1302210 1409.9
1302220 1409.9
1302230 1413.7
1302240 1417.4
1302250 1417.4
1302260 1421.7
1302270 1427.5
1302280 1427.5
1302290 1434.8
1302300 1440.9
1302310 1440.2
1302320 1445.7
1302330 1452.4
1302340 1452.4
1302350 1458.6
1302360 1464.3
1302370 1464.3
1302380 1470.8
1302390 1477.5
1302400 1477.5
1302410 1484.3
1302420 1488.8
1302430 1488.8
1302440 1493.2
1302450 1498.5
1302460 1502.7
1302470 1502.7
1302480 1505.8
1302490 1510.6
1302500 1510.6
1302510 1516.6
1302520 1523.7
1302530 1523.7
1302540 1529.7
1302550 1531.7
1302560 1531.7
1302570 1535.6
1302580 1540.8
1302590 1540.8
1302600 1546.4
1302610 1552.7
1302620 1552.7
1302630 1558.9
1302640 1564.5
1302650 1564.5
1302660 1570.0
1302670 1575.5
1302680 1575.5
1302690 1581.2
1302700 1587.0
1302710 1593.3
1302720 1593.3
1302730 1599.3
1302740 1605.4
1302750 1605.4
1302760 1611.8
1302770 1618.2
1302780 1618.2
1302790 1624.7
1302800 1630.4
1302810 1630.4
1302820 1636.0
1302830 1642.8
1302840 1642.8
1302850 1649.1
1302860 1655.0
1302870 1655.0
1302880 1660.1
1302890 1665.2
1302900 1665.2
1302910 1671.2
1302920 1677.3
1302930 1677.3
1302940 1682.0
1302950 1687.0
1302960 1691.9
1302970 1691.9
1302980 1698.2
1302990 1704.7
1303000 1704.7
1303010 1713.0
1303020 1720.0
1303030 1720.0
1303040 1726.4
1303050 1732.4
1303060 1732.4
1303070 1739.1
1303080 1744.3
1303090 1744.3
1303100 1748.7
1303110 1755.7
1303120 1755.7
1303130 1764.7
1303140 1770.7
1303150 1770.7
1303160 1774.6
1303170 1778.2
1303180 1778.2
1303190 1782.9
1303200 1787.7
1303210 1787.7
1303220 1793.2
1303230 1798.4
1303240 1803.4
1303250 1803.4
1303260 1810.9
1303270 1818.6
1303280 1818.6
1303290 1825.5
1303300 1829.7
1303310 1829.7
1303320 1835.0
1303330 1840.9
1303340 1840.9
1303350 1844.7
1303360 1849.6
1303370 1849.6
1303380 1853.6
1303390 1856.8
1303400 1856.8
1303410 1862.9
1303420 1866.3
1303430 1866.3
1303440 1868.5
1303450 1871.6
1303460 1871.6
1303470 1874.8
1303480 1877.5
1303490 1881.8
1303500 1881.8
1303510 1884.5
1303520 1888.6
1303530 1888.6
1303540 1893.2
1303550 1897.3
1303560 1897.3
1303570 1900.9
1303580 1904.8
1303590 1904.8
1303600 1909.0
1303610 1910.9
1303620 1910.9
1303630 1913.3
1303640 1916.9
1303650 1916.9
1303660 1920.4
1303670 1924.5
1303680 1924.5
1303690 1928.3
1303700 1931.2
1303710 1931.8
1303720 1935.0
1303730 1937.0
1303740 1940.1
1303750 1940.1
1303760 1944.6
1303770 1947.8
1303780 1947.8
1303790 1950.4
1303800 1953.7
1303810 1953.7
1303820 1955.7
1303830 1960.0
1303840 1960.0
1303850 1967.7
1303860 1975.9
1303870 1975.9
1303880 1983.2
1303890 1989.2
1303900 1989.2
1303910 1994.4
1303920 1998.5
1303930 1998.5
1303940 2003.1
1303950 2006.4
1303960 2006.4
1303970 2008.4
1303980 2010.0
1303990 2013.4
1304000 2013.4
1304010 2018.6
1304020 2023.8
1304030 2023.8
1304040 2028.1
1304050 2033.6
1304060 2033.6
1304070 2040.2
1304080 2045.9
1304090 2045.9
1304100 2051.8
1304110 2057.7
1304120 2057.7
1304130 2063.8
1304140 2070.0
1304150 2070.0
1304160 2075.2
1304170 2080.3
1304180 2080.3
1304190 2086.5
1304200 2092.9
1304210 2092.9
1304220 2098.0
1304230 2102.4
1304240 2107.6
1304250 2107.6
1304260 2112.1
1304270 2117.6
1304280 2117.6
1304290 2121.0
1304300 2123.3
1304310 2123.3
1304320 2127.7
1304330 2132.4
1304340 2132.4
1304350 2135.7
1304360 2139.3
1304370 2139.3
1304380 2141.6
1304390 2145.3
1304400 2145.3
1304410 2149.0
1304420 2151.6
1304430 2151.6
1304440 2153.8
1304450 2155.6
1304460 2155.6
1304470 2159.8
1304480 2162.9
1304490 2162.9
1304500 2162.7
1304510 2159.8
1304520 2158.4
1304530 2158.4
1304540 2158.5
1304550 2158.2
1304560 2158.2
1304570 2156.2
1304580 2154.4
1304590 2154.4
1304600 2153.5
1304610 2150.7
1304620 2150.7
1304630 2147.3
1304640 2144.4
1304650 2144.4
1304660 2139.9
1304670 2136.7
1304680 2136.7
1304690 2135.3
1304700 2133.4
1304710 2133.4
1304720 2132.6
1304730 2132.3
1304740 2132.3
1304750 2130.9
1304760 2127.3
1304770 2123.4
1304780 2123.4
1304790 2120.2
1304800 2117.8
1304810 2117.8
1304820 2115.0
1304830 2113.8
1304840 2113.8
1304850 2111.1
1304860 2107.5
1304870 2107.5
1304880 2105.4
1304890 2104.3
1304900 2104.3
1304910 2101.5
1304920 2096.8
1304930 2096.8
1304940 2090.9
1304950 2086.7
1304960 2086.7
1304970 2081.7
1304980 2074.6
1304990 2074.6
1305000 2068.9
1305010 2063.9
1305020 2057.6
1305030 2057.6
1305040 2051.4
1305050 2046.4
1305060 2046.4
1305070 2041.6
1305080 2039.6
1305090 2039.6
1305100 2038.3
1305110 2035.7
1305120 2039.1
1305130 2036.1
1305140 2033.4
1305150 2033.4
1305160 2031.4
1305170 2030.6
1305180 2030.6
1305190 2029.1
1305200 2026.8
1305210 2026.8
1305220 2024.3
1305230 2021.5
1305240 2021.5
1305250 2017.8
1305260 2014.4
1305270 2010.2
1305280 2010.2
1305290 2004.4
1305300 2001.1
1305310 2001.1
1305320 1998.4
1305330 1994.2
1305340 1994.2
1305350 1990.4
1305360 1986.4
1305370 1986.4
1305380 1982.2
1305390 1978.5
1305400 1978.5
1305410 1976.0
1305420 1974.2
1305430 1974.2
1305440 1972.0
1305450 1969.5
1305460 1969.5
1305470 1966.7
1305480 1963.4
1305490 1963.4
1305500 1959.8
1305510 1956.7
1305520 1953.2
1305530 1953.2
1305540 1949.8
1305550 1946.8
1305560 1946.8
1305570 1945.4
1305580 1943.8
1305590 1943.8
1305600 1941.1
1305610 1937.6
1305620 1937.6
1305630 1934.1
1305640 1930.3
1305650 1930.3
1305660 1926.7
1305670 1923.5
1305680 1923.5
1305690 1918.9
1305700 1914.6
1305710 1914.6
1305720 1910.2
1305730 1904.2
1305740 1904.2
1305750 1898.9
1305760 1895.6
1305770 1892.5
1305780 1892.5
1305790 1888.0
1305800 1883.1
1305810 1883.1
1305820 1879.2
1305830 1878.7
1305840 1878.7
1305850 1875.3
1305860 1872.3
1305870 1872.3
1305880 1869.1
1305890 1865.3
1305900 1865.3
1305910 1860.0
1305920 1856.7
1305930 1856.7
1305940 1851.3
1305950 1844.6
1305960 1844.6
1305970 1839.8
1305980 1835.5
1305990 1835.5
1306000 1831.0
1306010 1825.0
1306020 1825.0
1306030 1818.3
1306040 1811.2
1306050 1803.9
1306060 1803.9
1306070 1796.3
1306080 1789.5
1306090 1789.5
1306100 1785.6
1306110 1781.4
1306120 1781.4
1306130 1778.9
1306140 1776.1
1306150 1776.1
1306160 1773.5
1306170 1769.5
1306180 1769.5
1306190 1765.8
1306200 1765.6
1306210 1765.6
1306220 1765.7
1306230 1765.7
1306240 1765.7
1306250 1765.8
1306260 1766.5
1306270 1766.5
1306280 1768.0
1306290 1770.5
1306300 1773.5
1306310 1773.5
1306320 1775.9
1306330 1779.5
1306340 1779.5
1306350 1784.2
1306360 1789.3
1306370 1789.3
1306380 1795.0
1306390 1799.8
1306400 1799.8
1306410 1806.5
1306420 1813.8
1306430 1813.8
1306440 1819.4
1306450 1824.8
1306460 1824.8
1306470 1830.5
1306480 1836.8
1306490 1836.8
1306500 1842.4
1306510 1846.9
1306520 1846.9
1306530 1850.3
1306540 1852.9
1306550 1856.5
1306560 1856.5
1306570 1860.0
1306580 1863.1
1306590 1863.1
1306600 1866.4
1306610 1872.0
1306620 1872.0
1306630 1878.3
1306640 1883.9
1306650 1883.9
1306660 1890.7
1306670 1895.9
1306680 1895.9
1306690 1900.5
1306700 1905.0
1306710 1905.0
1306720 1910.1
1306730 1914.7
1306740 1914.7
1306750 1919.7
1306760 1924.1
1306770 1924.1
1306780 1926.7
1306790 1930.4
1306800 1935.3
1306810 1935.3
1306820 1942.1
1306830 1947.5
1306840 1947.5
1306850 1951.2
1306860 1954.1
1306870 1954.1
1306880 1956.7
1306890 1959.2
1306900 1959.2
1306910 1962.2
1306920 1965.6
1306930 1965.6
1306940 1971.3
1306950 1977.2
1306960 1977.2
1306970 1979.7
1306980 1982.1
1306990 1982.1
1307000 1985.5
1307010 1989.5
1307020 1989.5
1307030 1993.7
1307040 1999.6
1307050 2007.1
1307060 2007.1
1307070 2014.9
1307080 2022.1
1307090 2022.1
1307100 2028.2
1307110 2033.7
1307120 2033.7
1307130 2038.4
1307140 2042.5
1307150 2042.5
1307160 2046.5
1307170 2050.7
1307180 2050.7
1307190 2053.8
1307200 2056.5
1307210 2056.5
1307220 2059.7
1307230 2063.8
1307240 2063.8
1307250 2068.5
1307260 2069.1
1307270 2069.1
1307280 2072.8
1307290 2076.1
1307300 2080.4
1307310 2080.4
1307320 2085.0
1307330 2088.5
1307340 2088.5
1307350 2091.0
1307360 2092.9
1307370 2092.9
1307380 2094.0
1307390 2096.9
1307400 2096.9
1307410 2100.3
1307420 2103.2
1307430 2103.2
1307440 2106.5
1307450 2108.9
1307460 2108.9
1307470 2112.6
1307480 2117.6
1307490 2117.6
1307500 2121.9
1307510 2124.6
1307520 2124.6
1307530 2127.7
1307540 2130.7
1307550 2130.7
1307560 2134.3
1307570 2137.4
1307580 2140.6
1307590 2140.6
1307600 2143.6
1307610 2145.8
1307620 2145.8
1307630 2147.8
1307640 2150.3
1307650 2150.3
1307660 2151.3
1307670 2150.8
1307680 2150.8
1307690 2150.1
1307700 2149.3
1307710 2149.3
1307720 2150.4
1307730 2152.1
1307740 2152.1
1307750 2154.5
1307760 2158.3
1307770 2158.3
1307780 2160.5
1307790 2160.6
1307800 2160.6
1307810 2161.3
1307820 2163.6
1307830 2165.9
1307840 2165.9
1307850 2168.4
1307860 2171.6
1307870 2171.6
1307880 2175.2
1307890 2178.6
1307900 2178.6
1307910 2181.0
1307920 2183.7
1307930 2183.7
1307940 2186.9
1307950 2190.1
1307960 2190.1
1307970 2192.5
1307980 2192.2
1307990 2192.2
1308000 2196.4
1308010 2201.1
1308020 2201.1
1308030 2205.5
1308040 2209.8
1308050 2209.8
1308060 2214.6
1308070 2219.7
1308080 2225.3
1308090 2225.3
1308100 2231.5
1308110 2237.4
1308120 2237.4
1308130 2243.3
1308140 2249.6
1308150 2249.6
1308160 2255.1
1308170 2259.8
1308180 2259.8
1308190 2264.5
1308200 2268.6
1308210 2268.6
1308220 2272.4
1308230 2276.6
1308240 2276.6
1308250 2280.8
1308260 2285.4
1308270 2285.4
1308280 2290.2
1308290 2295.1
1308300 2295.1
1308310 2299.6
1308320 2303.2
1308330 2300.3
1308340 2300.3
1308350 2298.0
1308360 2295.9
1308370 2295.9
1308380 2292.5
1308390 2288.6
1308400 2288.6
1308410 2285.2
1308420 2283.0
1308430 2283.0
1308440 2282.4
1308450 2282.3
1308460 2282.3
1308470 2282.0
1308480 2280.7
1308490 2280.7
1308500 2279.0
1308510 2277.0
1308520 2277.0
1308530 2275.1
1308540 2273.1
1308550 2273.1
1308560 2271.2
1308570 2269.2
1308580 2267.1
1308590 2267.1
1308600 2265.0
1308610 2262.8
1308620 2262.8
1308630 2259.8
1308640 2256.6
1308650 2256.6
1308660 2254.9
1308670 2252.9
1308680 2252.9
1308690 2251.4
1308700 2254.4
1308710 2254.4
1308720 2253.7
1308730 2252.0
1308740 2252.0
1308750 2249.6
1308760 2250.0
1308770 2250.0
1308780 2250.1
1308790 2250.7
1308800 2250.7
1308810 2252.3
1308820 2253.5
1308830 2254.6
1308840 2254.6
1308850 2255.7
1308860 2257.1
1308870 2257.1
1308880 2259.4
1308890 2261.8
1308900 2261.8
1308910 2263.5
1308920 2263.5
1308930 2263.5
1308940 2262.3
1308950 2262.8
1308960 2262.8
1308970 2262.6
1308980 2265.2
1308990 2265.2
1309000 2268.5
1309010 2271.8
1309020 2271.8
1309030 2275.3
1309040 2278.0
1309050 2278.0
1309060 2279.6
1309070 2281.7
1309080 2281.7
1309090 2284.2
1309100 2286.2
1309110 2287.9
1309120 2287.9
1309130 2288.6
1309140 2288.8
1309150 2288.8
1309160 2288.7
1309170 2287.4
1309180 2287.4
1309190 2281.9
1309200 2276.2
1309210 2276.2
1309220 2270.3
1309230 2264.7
1309240 2264.7
1309250 2257.6
1309260 2248.2
1309270 2248.2
1309280 2241.3
1309290 2235.8
1309300 2235.8
1309310 2230.2
1309320 2224.2
1309330 2224.2
1309340 2217.7
1309350 2210.9
1309360 2204.8
1309370 2204.8
1309380 2199.2
1309390 2194.1
1309400 2194.1
1309410 2189.4
1309420 2184.4
1309430 2182.5
1309440 2178.1
1309450 2175.5
1309460 2175.5
1309470 2174.4
1309480 2174.9
1309490 2174.9
1309500 2175.9
1309510 2177.4
1309520 2177.4
1309530 2178.9
1309540 2179.2
1309550 2179.2
1309560 2176.0
1309570 2170.3
1309580 2170.3
1309590 2166.3
1309600 2161.1
1309610 2157.8
1309620 2157.8
1309630 2153.7
1309640 2150.7
1309650 2150.7
1309660 2150.6
1309670 2150.9
1309680 2150.9
1309690 2150.9
1309700 2149.0
1309710 2149.0
1309720 2145.7
1309730 2142.2
1309740 2142.2
1309750 2136.3
1309760 2129.6
1309770 2129.6
1309780 2124.0
1309790 2116.8
1309800 2116.8
1309810 2107.8
1309820 2100.2
1309830 2100.2
1309840 2093.3
1309850 2087.4
1309860 2083.6
1309870 2083.6
1309880 2082.2
1309890 2081.2
1309900 2081.2
1309910 2081.7
1309920 2083.4
1309930 2083.4
1309940 2084.3
1309950 2085.2
1309960 2085.2
1309970 2086.3
1309980 2087.5
1309990 2087.5
1310000 2089.7
1310010 2086.9
1310020 2086.9
1310030 2084.5
1310040 2082.6
1310050 2082.6
1310060 2078.5
1310070 2077.7
1310080 2077.7
1310090 2078.4
1310100 2078.9
1310110 2078.0
1310120 2078.0
1310130 2077.2
1310140 2076.1
1310150 2076.1
1310160 2068.4
1310170 2070.4
1310180 2070.4
1310190 2073.3
1310200 2073.4
1310210 2073.4
1310220 2068.1
1310230 2063.0
1310240 2063.0
1310250 2058.9
1310260 2054.9
1310270 2054.9
1310280 2050.8
1310290 2046.7
1310300 2046.7
1310310 2042.5
1310320 2038.2
1310330 2038.2
1310340 2033.1
1310350 2026.6
1310360 2020.3
1310370 2020.3
1310380 2015.4
1310390 2009.2
1310400 2009.2
1310410 2001.5
1310420 1997.0
1310430 1997.0
1310440 1992.6
1310450 1984.5
1310460 1984.5
1310470 1977.5
1310480 1970.4
1310490 1970.4
1310500 1964.0
1310510 1955.2
1310520 1955.2
1310530 1946.1
1310540 1933.3
1310550 1933.3
1310560 1925.0
1310570 1918.0
1310580 1918.0
1310590 1907.0
1310600 1897.9
1310610 1897.9
1310620 1889.2
1310630 1878.8
1310640 1870.2
1310650 1870.2
1310660 1860.9
1310670 1851.3
1310680 1851.3
1310690 1842.3
1310700 1833.8
1310710 1833.8
1310720 1822.3
1310730 1812.0
1310740 1812.0
1310750 1800.3
1310760 1781.3
1310770 1781.3
1310780 1770.0
1310790 1762.6
1310800 1762.6
1310810 1757.7
1310820 1752.2
1310830 1752.2
1310840 1747.2
1310850 1741.1
1310860 1741.1
1310870 1735.3
1310880 1729.2
1310890 1721.1
1310900 1721.1
1310910 1715.6
1310920 1710.5
1310930 1710.5
1310940 1705.9
1310950 1702.2
1310960 1702.2
1310970 1697.6
1310980 1693.4
1310990 1693.4
1311000 1689.3
1311010 1686.1
1311020 1686.1
1311030 1682.9
1311040 1679.9
1311050 1679.9
1311060 1677.3
1311070 1676.8
1311080 1676.8
1311090 1676.3
1311100 1678.1
1311110 1678.1
1311120 1680.5
1311130 1683.0
1311140 1685.0
1311150 1685.0
1311160 1688.1
1311170 1694.8
1311180 1694.8
1311190 1700.9
1311200 1706.8
1311210 1706.8
1311220 1713.0
1311230 1718.8
1311240 1718.8
1311250 1724.9
1311260 1732.0
1311270 1732.0
1311280 1739.7
1311290 1748.5
1311300 1748.5
1311310 1757.4
1311320 1765.5
1311330 1765.5
1311340 1773.9
1311350 1780.3
1311360 1780.3
1311370 1783.6
1311380 1786.4
1311390 1791.0
1311400 1791.0
1311410 1797.3
1311420 1804.2
1311430 1804.2
1311440 1812.3
1311450 1821.0
1311460 1821.0
1311470 1828.8
1311480 1837.0
1311490 1837.0
1311500 1845.6
1311510 1854.4
1311520 1854.4
1311530 1862.6
1311540 1869.5
1311550 1869.5
1311560 1875.7
1311570 1881.9
1311580 1881.9
1311590 1888.1
1311600 1894.5
1311610 1894.5
1311620 1900.9
1311630 1905.4
1311640 1908.7
1311650 1908.7
1311660 1913.4
1311670 1915.5
1311680 1915.5
1311690 1917.3
1311700 1920.4
1311710 1920.4
1311720 1928.3
1311730 1936.1
1311740 1936.1
1311750 1940.9
1311760 1944.5
1311770 1944.5
1311780 1949.4
1311790 1955.0
1311800 1955.0
1311810 1961.8
1311820 1969.6
1311830 1969.6
1311840 1976.9
1311850 1983.0
1311860 1983.0
1311870 1990.7
1311880 1998.1
1311890 2005.2
1311900 2005.2
1311910 2012.1
1311920 2017.7
1311930 2017.7
1311940 2022.3
1311950 2026.5
1311960 2026.5
1311970 2030.0
1311980 2032.5
1311990 2032.5
1312000 2035.1
1312010 2036.6
1312020 2036.6
1312030 2037.6
1312040 2037.7
1312050 2037.7
1312060 2035.1
1312070 2031.3
1312080 2031.3
1312090 2029.5
1312100 2027.5
1312110 2027.5
1312120 2025.5
1312130 2025.9
1312140 2025.9
1312150 2027.5
1312160 2029.4
1312170 2031.4
1312180 2031.4
1312190 2032.3
1312200 2032.3
1312210 2032.3
1312220 2034.7
1312230 2038.8
1312240 2038.8
1312250 2043.3
1312260 2047.3
1312270 2047.3
1312280 2051.0
1312290 2055.2
1312300 2055.2
1312310 2058.5
1312320 2062.9
1312330 2062.9
1312340 2068.7
1312350 2073.3
1312360 2075.5
1312370 2080.7
1312380 2084.6
1312390 2084.6
1312400 2085.9
1312410 2086.6
1312420 2088.4
1312430 2088.4
1312440 2090.1
1312450 2091.6
1312460 2091.6
1312470 2093.8
1312480 2095.8
1312490 2095.8
1312500 2097.5
1312510 2100.0
1312520 2100.0
1312530 2102.6
1312540 2104.4
1312550 2104.4
1312560 2105.9
1312570 2108.6
1312580 2108.6
1312590 2112.3
1312600 2117.3
1312610 2117.3
1312620 2121.0
1312630 2126.5
1312640 2126.5
1312650 2132.6
1312660 2136.1
1312670 2138.3
1312680 2138.3
1312690 2139.9
1312700 2141.5
1312710 2141.5
1312720 2143.5
1312730 2145.2
1312740 2145.2
1312750 2146.4
1312760 2147.4
1312770 2147.4
1312780 2148.7
1312790 2150.3
1312800 2150.3
1312810 2151.8
1312820 2153.4
1312830 2153.4
1312840 2155.4
1312850 2157.1
1312860 2157.1
1312870 2159.4
1312880 2160.5
1312890 2160.5
1312900 2162.0
1312910 2162.3
1312920 2162.3
1312930 2162.3
1312940 2163.2
1312950 2165.8
1312960 2165.8
1312970 2170.3
1312980 2176.3
1312990 2176.3
1313000 2183.7
1313010 2194.0
1313020 2194.0
1313030 2203.2
1313040 2211.9
1313050 2211.9
1313060 2219.0
1313070 2224.5
1313080 2224.5
1313090 2229.4
1313100 2237.9
1313110 2237.9
1313120 2241.7
1313130 2245.1
1313140 2245.1
1313150 2245.8
1313160 2243.1
1313170 2239.2
1313180 2239.2
1313190 2237.1
1313200 2236.5
1313210 2236.5
1313220 2236.3
1313230 2236.8
1313240 2236.8
1313250 2238.3
1313260 2241.3
1313270 2241.3
1313280 2245.3
1313290 2249.6
1313300 2249.6
1313310 2254.6
1313320 2261.1
1313330 2261.1
1313340 2268.6
1313350 2278.1
1313360 2278.1
1313370 2288.0
1313380 2295.5
1313390 2295.5
1313400 2302.8
1313410 2309.5
1313420 2316.3
1313430 2316.3
1313440 2323.2
1313450 2329.5
1313460 2329.5
1313470 2335.2
1313480 2339.4
1313490 2339.4
1313500 2342.9
1313510 2346.4
1313520 2346.4
1313530 2351.7
1313540 2359.0
1313550 2359.0
1313560 2366.9
1313570 2374.6
1313580 2374.6
1313590 2380.3
1313600 2386.6
1313610 2386.6
1313620 2392.9
1313630 2398.0
1313640 2398.0
1313650 2402.6
1313660 2408.8
1313670 2414.7
1313680 2414.7
1313690 2415.2
1313700 2413.6
1313710 2413.6
1313720 2410.2
1313730 2406.1
1313740 2406.1
1313750 2401.4
1313760 2399.2
1313770 2399.2
1313780 2398.3
1313790 2400.0
1313800 2400.0
1313810 2401.6
1313820 2401.4
1313830 2401.4
1313840 2405.5
1313850 2403.1
1313860 2403.1
1313870 2397.2
1313880 2388.8
1313890 2388.8
1313900 2382.4
1313910 2378.4
1313920 2378.4
1313930 2373.3
1313940 2362.5
1313950 2353.9
1313960 2353.9
1313970 2349.4
1313980 2347.9
1313990 2347.9
1314000 2344.7
1314010 2336.6
1314020 2336.6
1314030 2327.6
1314040 2320.8
1314050 2320.8
1314060 2316.7
1314070 2312.9
1314080 2312.9
1314090 2307.5
1314100 2301.6
1314110 2301.6
1314120 2297.4
1314130 2293.6
1314140 2293.6
1314150 2286.9
1314160 2280.6
1314170 2280.6
1314180 2275.2
1314190 2269.7
1314200 2265.0
1314210 2265.0
1314220 2260.0
1314230 2255.0
1314240 2255.0
1314250 2251.2
1314260 2246.2
1314270 2246.2
1314280 2232.2
1314290 2216.4
1314300 2216.4
1314310 2205.8
1314320 2198.9
1314330 2198.9
1314340 2192.2
1314350 2184.7
1314360 2184.7
1314370 2175.0
1314380 2166.4
1314390 2166.4
1314400 2157.8
1314410 2149.2
1314420 2149.2
1314430 2141.2
1314440 2136.0
1314450 2132.6
1314460 2132.6
1314470 2130.4
1314480 2130.8
1314490 2130.8
1314500 2131.8
1314510 2132.7
1314520 2132.7
1314530 2133.7
1314540 2135.0
1314550 2135.0
1314560 2136.7
1314570 2138.6
1314580 2138.6
1314590 2137.7
1314600 2140.9
1314610 2140.9
1314620 2143.5
1314630 2145.4
1314640 2145.4
1314650 2148.2
1314660 2152.3
1314670 2152.3
1314680 2156.2
1314690 2160.2
1314700 2164.0
1314710 2164.0
1314720 2166.8
1314730 2168.4
1314740 2168.4
1314750 2168.5
1314760 2167.6
1314770 2167.6
1314780 2167.0
1314790 2165.9
1314800 2165.9
1314810 2164.8
1314820 2163.3
1314830 2163.3
1314840 2161.4
1314850 2158.9
1314860 2158.9
1314870 2155.9
1314880 2152.8
1314890 2152.8
1314900 2150.6
1314910 2147.2
1314920 2147.2
1314930 2143.6
1314940 2139.7
1314950 2136.3
1314960 2136.3
1314970 2133.5
1314980 2130.9
1314990 2130.9
1315000 2128.2
1315010 2125.3
1315020 2125.3
1315030 2121.9
1315040 2119.2
1315050 2119.2
1315060 2116.6
1315070 2113.6
1315080 2113.6
1315090 2110.1
1315100 2105.8
1315110 2105.8
1315120 2100.7
1315130 2096.5
1315140 2096.5
1315150 2093.1
1315160 2089.8
1315170 2089.8
1315180 2086.8
1315190 2083.7
1315200 2080.8
1315210 2080.8
1315220 2077.7
1315230 2074.8
1315240 2074.8
1315250 2072.1
1315260 2069.2
1315270 2069.2
1315280 2065.6
1315290 2061.6
1315300 2061.6
1315310 2057.9
1315320 2053.3
1315330 2053.3
1315340 2047.6
1315350 2045.4
1315360 2045.4
1315370 2043.3
1315380 2040.7
1315390 2040.7
1315400 2037.5
1315410 2033.4
1315420 2033.4
1315430 2029.6
1315440 2025.5
1315450 2025.5
1315460 2022.1
1315470 2018.9
1315480 2015.2
1315490 2015.2
1315500 2011.8
1315510 2010.0
1315520 2010.0
1315530 2007.9
1315540 2005.0
1315550 2005.0
1315560 2003.2
1315570 2000.5
1315580 2000.5
1315590 1998.1
1315600 1996.0
1315610 1996.0
1315620 1994.2
1315630 1991.8
1315640 1991.8
1315650 1989.1
1315660 1987.2
1315670 1987.2
1315680 1985.3
1315690 1983.6
1315700 1983.6
1315710 1981.2
1315720 1978.5
1315730 1975.9
1315740 1975.9
1315750 1972.8
1315760 1969.2
1315770 1969.2
1315780 1965.2
1315790 1961.8
1315800 1961.8
1315810 1958.3
1315820 1955.6
1315830 1955.6
1315840 1953.0
1315850 1949.0
1315860 1949.0
1315870 1944.4
1315880 1940.0
1315890 1940.0
1315900 1936.2
1315910 1933.0
1315920 1933.0
1315930 1928.9
1315940 1925.5
1315950 1925.5
1315960 1924.7
1315970 1922.3
1315980 1922.6
1315990 1922.6
1316000 1925.7
1316010 1928.8
1316020 1928.8
1316030 1931.4
1316040 1933.4
1316050 1933.4
1316060 1933.3
1316070 1933.6
1316080 1933.6
1316090 1934.3
1316100 1931.4
1316110 1931.4
1316120 1933.4
1316130 1937.0
1316140 1937.0
1316150 1941.1
1316160 1944.6
1316170 1944.6
1316180 1947.3
1316190 1949.8
1316200 1949.8
1316210 1952.1
1316220 1950.6
1316230 1949.6
1316240 1949.6
1316250 1949.0
1316260 1948.9
1316270 1948.9
1316280 1948.5
1316290 1948.2
1316300 1948.2
1316310 1948.9
1316320 1949.8
1316330 1949.8
1316340 1950.5
1316350 1951.5
1316360 1951.5
1316370 1952.7
1316380 1954.0
1316390 1954.0
1316400 1954.7
1316410 1953.9
1316420 1953.9
1316430 1952.1
1316440 1950.1
1316450 1950.1
1316460 1948.1
1316470 1947.4
1316480 1948.4
1316490 1948.4
1316500 1949.3
1316510 1950.4
1316520 1950.4
1316530 1951.8
1316540 1953.7
1316550 1953.7
1316560 1955.6
1316570 1956.6
1316580 1956.6
1316590 1958.0
1316600 1960.0
1316610 1960.0
1316620 1961.2
1316630 1961.0
1316640 1961.0
1316650 1960.8
1316660 1960.6
1316670 1960.6
1316680 1960.5
1316690 1958.5
1316700 1958.5
1316710 1955.6
1316720 1952.3
1316730 1949.6
1316740 1949.6
1316750 1949.3
1316760 1947.9
1316770 1947.9
1316780 1946.7
1316790 1945.4
1316800 1945.4
1316810 1944.6
1316820 1943.3
1316830 1943.3
1316840 1939.7
1316850 1930.1
1316860 1930.1
1316870 1926.5
1316880 1922.3
1316890 1922.3
1316900 1920.0
1316910 1919.1
1316920 1919.1
1316930 1916.9
1316940 1911.9
1316950 1911.9
1316960 1905.8
1316970 1899.8
1316980 1899.8
1316990 1892.7
1317000 1885.3
1317010 1879.0
1317020 1879.0
1317030 1869.8
1317040 1864.1
1317050 1864.1
1317060 1862.3
1317070 1860.9
1317080 1860.9
1317090 1860.0
1317100 1859.2
1317110 1859.2
1317120 1858.0
1317130 1854.7
1317140 1854.7
1317150 1847.9
1317160 1841.8
1317170 1841.8
1317180 1836.6
1317190 1831.8
1317200 1831.8
1317210 1826.7
1317220 1821.1
1317230 1821.1
1317240 1820.3
1317250 1825.4
1317260 1830.2
1317270 1830.2
1317280 1835.4
1317290 1840.2
1317300 1840.2
1317310 1844.4
1317320 1848.1
1317330 1848.1
1317340 1852.5
1317350 1855.1
1317360 1855.1
1317370 1855.6
1317380 1855.7
1317390 1855.7
1317400 1856.7
1317410 1858.1
1317420 1858.1
1317430 1859.6
1317440 1861.1
1317450 1861.1
1317460 1862.3
1317470 1863.0
1317480 1863.0
1317490 1863.7
1317500 1864.8
1317510 1866.2
1317520 1866.2
1317530 1867.9
1317540 1869.9
1317550 1869.9
1317560 1871.8
1317570 1872.6
1317580 1872.6
1317590 1873.0
1317600 1873.0
1317610 1869.4
1317620 1870.8
1317630 1871.5
1317640 1871.5
1317650 1871.1
1317660 1870.8
1317670 1870.8
1317680 1870.6
1317690 1870.3
1317700 1870.3
1317710 1870.7
1317720 1871.8
1317730 1871.8
1317740 1872.8
1317750 1874.4
1317760 1875.7
1317770 1875.7
1317780 1877.8
1317790 1880.9
1317800 1880.9
1317810 1883.5
1317820 1885.1
1317830 1885.1
1317840 1885.6
1317850 1886.5
1317860 1886.5
1317870 1887.8
1317880 1888.9
1317890 1888.9
1317900 1889.9
1317910 1891.0
1317920 1891.0
1317930 1892.6
1317940 1893.7
1317950 1893.7
1317960 1894.1
1317970 1894.9
1317980 1894.9
1317990 1896.1
1318000 1896.8
1318010 1897.3
1318020 1897.3
1318030 1898.3
1318040 1898.2
1318050 1898.2
1318060 1898.1
1318070 1897.5
1318080 1897.5
1318090 1896.6
1318100 1895.4
1318110 1895.4
1318120 1895.2
1318130 1895.4
1318140 1895.4
1318150 1895.9
1318160 1896.4
1318170 1896.4
1318180 1897.2
1318190 1898.0
1318200 1898.0
1318210 1898.0
1318220 1897.5
1318230 1897.5
1318240 1896.8
1318250 1898.2
1318260 1898.8
1318270 1898.8
1318280 1899.2
1318290 1899.1
1318300 1899.1
1318310 1899.1
1318320 1899.5
1318330 1899.5
1318340 1900.8
1318350 1902.1
1318360 1902.1
1318370 1903.1
1318380 1901.6
1318390 1901.6
1318400 1902.3
1318410 1901.9
1318420 1901.9
1318430 1900.3
1318440 1896.4
1318450 1896.4
1318460 1893.9
1318470 1891.5
1318480 1891.5
1318490 1885.7
1318500 1878.9
1318510 1878.9
1318520 1874.5
1318530 1870.9
1318540 1866.5
1318550 1866.5
1318560 1862.6
1318570 1862.7
1318580 1862.7
1318590 1857.6
1318600 1851.6
1318610 1851.6
1318620 1847.1
1318630 1841.6
1318640 1841.6
1318650 1836.2
1318660 1830.8
1318670 1830.8
1318680 1825.0
1318690 1818.6
1318700 1818.6
1318710 1813.1
1318720 1807.5
1318730 1807.5
1318740 1802.5
1318750 1797.8
1318760 1797.8
1318770 1792.8
1318780 1787.5
1318790 1783.3
1318800 1783.3
1318810 1778.4
1318820 1774.2
1318830 1774.2
1318840 1769.6
1318850 1765.6
1318860 1765.6
1318870 1763.5
1318880 1761.5
1318890 1761.5
1318900 1756.6
1318910 1749.9
1318920 1749.9
1318930 1744.4
1318940 1741.5
1318950 1741.5
1318960 1742.4
1318970 1739.4
1318980 1739.4
1318990 1735.0
1319000 1730.1
1319010 1730.1
1319020 1725.3
1319030 1722.8
1319040 1721.1
1319050 1721.1
1319060 1719.6
1319070 1716.4
1319080 1716.4
1319090 1713.7
1319100 1710.9
1319110 1710.9
1319120 1708.7
1319130 1707.3
1319140 1707.3
1319150 1699.4
1319160 1699.1
1319170 1699.1
1319180 1698.8
1319190 1696.6
1319200 1696.6
1319210 1693.2
1319220 1689.8
1319230 1689.8
1319240 1686.9
1319250 1683.9
1319260 1683.9
1319270 1680.1
1319280 1675.5
1319290 1670.1
1319300 1670.1
1319310 1665.7
1319320 1662.0
1319330 1662.0
1319340 1658.7
1319350 1655.5
1319360 1655.5
1319370 1652.8
1319380 1649.3
1319390 1649.3
1319400 1646.6
1319410 1644.8
1319420 1644.8
1319430 1644.0
1319440 1643.1
1319450 1643.1
1319460 1641.5
1319470 1639.0
1319480 1639.0
1319490 1635.3
1319500 1633.1
1319510 1633.1
1319520 1633.1
1319530 1632.8
1319540 1630.8
1319550 1630.8
1319560 1626.6
1319570 1620.9
1319580 1620.9
1319590 1616.7
1319600 1615.1
1319610 1615.1
1319620 1611.6
1319630 1608.1
1319640 1608.1
1319650 1603.8
1319660 1599.1
1319670 1599.1
1319680 1594.8
1319690 1590.1
1319700 1590.1
1319710 1586.8
1319720 1584.3
1319730 1584.3
1319740 1581.4
1319750 1577.2
1319760 1577.2
1319770 1571.1
1319780 1563.9
1319790 1556.6
1319800 1556.6
1319810 1550.3
1319820 1544.6
1319830 1544.6
1319840 1540.4
1319850 1536.7
1319860 1536.7
1319870 1533.9
1319880 1532.2
1319890 1532.2
1319900 1531.2
1319910 1531.4
1319920 1528.3
1319930 1529.3
1319940 1528.9
1319950 1528.9
1319960 1527.8
1319970 1525.8
1319980 1525.8
1319990 1521.2
