1300000 1835.9
1300010 1835.9
1300020 1837.9
1300030 1834.2
1300040 1834.2
1300050 1827.7
1300060 1824.9
1300070 1824.9
1300080 1821.1
1300090 1814.7
1300100 1814.7
1300110 1809.7
1300120 1803.6
1300130 1803.6
1300140 1797.6
1300150 1794.4
1300160 1794.4
1300170 1792.4
1300180 1789.1
1300190 1785.5
1300200 1785.5
1300210 1780.9
1300220 1775.6
1300230 1775.6
1300240 1769.8
1300250 1765.8
1300260 1765.8
1300270 1764.0
1300280 1764.0
1300290 1764.0
1300300 1762.4
1300310 1759.0
1300320 1759.0
1300330 1756.6
1300340 1754.7
1300350 1754.7
1300360 1751.8
1300370 1748.4
1300380 1748.4
1300390 1745.4
1300400 1741.9
1300410 1741.9
1300420 1738.5
1300430 1736.7
1300440 1731.5
1300450 1731.5
1300460 1725.0
1300470 1719.9
1300480 1719.9
1300490 1717.5
1300500 1713.2
1300510 1713.2
1300520 1708.3
1300530 1703.3
1300540 1703.3
1300550 1699.7
1300560 1696.9
1300570 1696.9
1300580 1693.7
1300590 1689.2
1300600 1689.2
1300610 1683.6
1300620 1678.4
1300630 1678.4
1300640 1673.7
1300650 1669.8
1300660 1669.8
1300670 1665.4
1300680 1662.5
1300690 1667.1
1300700 1667.1
1300710 1665.0
1300720 1664.3
1300730 1664.3
1300740 1666.1
1300750 1666.3
1300760 1666.3
1300770 1664.0
1300780 1661.4
1300790 1661.4
1300800 1658.9
1300810 1656.6
1300820 1656.6
1300830 1654.6
1300840 1651.1
1300850 1651.1
1300860 1646.8
1300870 1642.9
1300880 1642.9
1300890 1638.4
1300900 1633.3
1300910 1633.3
1300920 1628.8
1300930 1624.4
1300940 1620.3
1300950 1620.3
1300960 1613.6
1300970 1607.5
1300980 1607.5
1300990 1605.0
1301000 1603.4
1301010 1603.4
1301020 1599.8
1301030 1594.5
1301040 1594.5
1301050 1588.3
1301060 1582.9
1301070 1582.9
1301080 1576.6
1301090 1570.7
1301100 1570.7
1301110 1565.5
1301120 1561.6
1301130 1561.6
1301140 1557.5
1301150 1554.1
1301160 1554.1
1301170 1550.5
1301180 1546.3
1301190 1546.3
1301200 1540.6
1301210 1533.1
1301220 1526.8
1301230 1526.8
1301240 1518.2
1301250 1511.9
1301260 1511.9
1301270 1505.7
1301280 1500.4
1301290 1500.4
1301300 1495.2
1301310 1489.3
1301320 1489.3
1301330 1483.7
1301340 1478.1
1301350 1478.1
1301360 1473.0
1301370 1467.4
1301380 1468.2
1301390 1462.8
1301400 1456.4
1301410 1456.4
1301420 1450.7
1301430 1446.4
1301440 1446.4
1301450 1440.7
1301460 1434.6
1301470 1429.2
1301480 1429.2
1301490 1423.2
1301500 1416.9
1301510 1416.9
1301520 1410.8
1301530 1404.5
1301540 1404.5
1301550 1398.8
1301560 1393.9
1301570 1393.9
1301580 1388.8
1301590 1384.7
1301600 1384.7
1301610 1382.3
1301620 1379.2
1301630 1379.2
1301640 1376.4
1301650 1373.9
1301660 1373.9
1301670 1369.3
1301680 1364.6
1301690 1364.6
1301700 1361.4
1301710 1357.4
1301720 1352.7
1301730 1352.7
1301740 1348.0
1301750 1344.4
1301760 1344.4
1301770 1342.9
1301780 1340.3
1301790 1340.3
1301800 1337.3
1301810 1334.9
1301820 1334.9
1301830 1332.7
1301840 1328.9
1301850 1328.9
1301860 1324.8
1301870 1318.9
1301880 1318.9
1301890 1313.3
1301900 1314.8
1301910 1314.8
1301920 1323.0
1301930 1328.8
1301940 1328.8
1301950 1332.3
1301960 1334.9
1301970 1336.9
1301980 1336.9
1301990 1341.3
1302000 1345.4
1302010 1345.4
1302020 1348.8
1302030 1351.4
1302040 1351.4
1302050 1353.9
1302060 1356.5
1302070 1355.9
1302080 1360.4
1302090 1365.2
1302100 1365.2
1302110 1369.3
1302120 1373.7
1302130 1373.7
1302140 1379.0
1302150 1385.7
1302160 1385.7
1302170 1391.5
1302180 1396.7
1302190 1396.7
1302200 1401.7
1302210 1406.8
1302220 1406.8
1302230 1412.4
1302240 1417.9
1302250 1424.2
1302260 1424.2
1302270 1431.0
1302280 1438.3
1302290 1438.3
1302300 1444.6
1302310 1449.9
1302320 1449.9
1302330 1454.9
1302340 1458.9
1302350 1458.9
1302360 1464.2
1302370 1469.5
1302380 1469.5
1302390 1474.7
1302400 1479.9
1302410 1479.9
1302420 1484.4
1302430 1488.9
1302440 1488.9
1302450 1492.8
1302460 1498.1
1302470 1498.1
1302480 1503.4
1302490 1507.5
1302500 1511.7
1302510 1511.7
1302520 1516.0
1302530 1521.0
1302540 1521.0
1302550 1526.6
1302560 1532.4
1302570 1532.4
1302580 1539.3
1302590 1546.4
1302600 1546.4
1302610 1552.7
1302620 1558.4
1302630 1558.4
1302640 1563.7
1302650 1568.2
1302660 1568.2
1302670 1572.0
1302680 1576.0
1302690 1576.0
1302700 1580.1
1302710 1585.6
1302720 1585.6
1302730 1590.9
1302740 1595.4
1302750 1600.7
1302760 1600.7
1302770 1610.5
1302780 1616.0
1302790 1616.0
1302800 1619.9
1302810 1623.7
1302820 1623.7
1302830 1627.8
1302840 1631.7
1302850 1631.7
1302860 1636.0
1302870 1641.6
1302880 1641.6
1302890 1648.0
1302900 1652.6
1302910 1652.6
1302920 1657.2
1302930 1662.6
1302940 1662.6
1302950 1667.4
1302960 1671.7
1302970 1671.7
1302980 1677.1
1302990 1682.1
1303000 1686.6
1303010 1686.6
1303020 1689.7
1303030 1692.0
1303040 1692.0
1303050 1695.8
1303060 1701.4
1303070 1701.4
1303080 1707.3
1303090 1712.0
1303100 1712.0
1303110 1716.6
1303120 1721.5
1303130 1721.5
1303140 1727.1
1303150 1733.4
1303160 1733.4
1303170 1739.7
1303180 1746.2
1303190 1746.2
1303200 1753.7
1303210 1762.0
1303220 1762.0
1303230 1770.4
1303240 1780.4
1303250 1790.4
1303260 1790.4
1303270 1799.7
1303280 1807.7
1303290 1807.7
1303300 1815.5
1303310 1822.9
1303320 1822.9
1303330 1827.3
1303340 1833.2
1303350 1833.2
1303360 1839.7
1303370 1845.6
1303380 1845.6
1303390 1850.4
1303400 1853.6
1303410 1853.6
1303420 1857.2
1303430 1861.5
1303440 1861.5
1303450 1865.0
1303460 1868.5
1303470 1869.7
1303480 1873.1
1303490 1877.9
1303500 1877.9
1303510 1882.0
1303520 1885.7
1303530 1888.4
1303540 1888.4
1303550 1891.2
1303560 1893.5
1303570 1893.5
1303580 1895.7
1303590 1900.8
1303600 1900.8
1303610 1907.5
1303620 1913.2
1303630 1913.2
1303640 1918.3
1303650 1922.5
1303660 1922.5
1303670 1925.8
1303680 1928.6
1303690 1928.6
1303700 1931.0
1303710 1932.3
1303720 1932.3
1303730 1934.7
1303740 1938.3
1303750 1938.3
1303760 1942.3
1303770 1945.4
1303780 1946.8
1303790 1946.8
1303800 1946.6
1303810 1947.0
1303820 1947.0
1303830 1950.4
1303840 1951.7
1303850 1951.7
1303860 1953.4
1303870 1955.7
1303880 1955.7
1303890 1956.4
1303900 1956.4
1303910 1956.4
1303920 1956.4
1303930 1958.1
1303940 1958.1
1303950 1959.5
1303960 1960.4
1303970 1960.4
1303980 1960.8
1303990 1961.7
1304000 1961.7
1304010 1963.4
1304020 1964.1
1304030 1961.7
1304040 1961.7
1304050 1955.7
1304060 1951.0
1304070 1951.0
1304080 1948.3
1304090 1947.6
1304100 1947.6
1304110 1947.7
1304120 1947.9
1304130 1947.9
1304140 1947.0
1304150 1945.6
1304160 1945.6
1304170 1944.3
1304180 1947.5
1304190 1947.5
1304200 1948.3
1304210 1947.6
1304220 1947.6
1304230 1945.4
1304240 1942.7
1304250 1942.7
1304260 1943.0
1304270 1945.4
1304280 1945.3
1304290 1945.3
1304300 1944.9
1304310 1944.1
1304320 1944.1
1304330 1940.6
1304340 1935.9
1304350 1935.9
1304360 1932.8
1304370 1928.2
1304380 1928.2
1304390 1919.0
1304400 1914.2
1304410 1914.2
1304420 1910.6
1304430 1908.8
1304440 1908.8
1304450 1910.8
1304460 1914.2
1304470 1914.2
1304480 1913.1
1304490 1902.8
1304500 1902.8
1304510 1895.6
1304520 1890.5
1304530 1886.5
1304540 1886.5
1304550 1883.9
1304560 1883.5
1304570 1883.5
1304580 1882.7
1304590 1881.0
1304600 1881.0
1304610 1880.1
1304620 1879.1
1304630 1879.1
1304640 1877.7
1304650 1875.7
1304660 1875.7
1304670 1873.4
1304680 1871.4
1304690 1871.4
1304700 1869.1
1304710 1867.0
1304720 1867.0
1304730 1866.8
1304740 1866.2
1304750 1866.2
1304760 1864.5
1304770 1862.0
1304780 1862.0
1304790 1858.2
1304800 1853.2
1304810 1847.4
1304820 1847.4
1304830 1843.3
1304840 1840.8
1304850 1840.8
1304860 1839.9
1304870 1838.2
1304880 1839.8
1304890 1836.9
1304900 1834.4
1304910 1834.4
1304920 1830.2
1304930 1824.5
1304940 1824.5
1304950 1820.6
1304960 1817.7
1304970 1817.7
1304980 1815.2
1304990 1813.0
1305000 1813.0
1305010 1811.1
1305020 1808.1
1305030 1808.1
1305040 1805.5
1305050 1802.9
1305060 1798.8
1305070 1798.8
1305080 1794.9
1305090 1792.0
1305100 1792.0
1305110 1790.4
1305120 1789.2
1305130 1789.2
1305140 1787.8
1305150 1786.7
1305160 1786.7
1305170 1785.6
1305180 1784.3
1305190 1784.3
1305200 1782.7
1305210 1780.5
1305220 1780.5
1305230 1777.4
1305240 1773.3
1305250 1773.3
1305260 1769.2
1305270 1766.2
1305280 1766.2
1305290 1762.6
1305300 1758.3
1305310 1754.4
1305320 1754.4
1305330 1751.7
1305340 1749.4
1305350 1749.4
1305360 1747.6
1305370 1746.2
1305380 1746.2
1305390 1746.2
1305400 1746.2
1305410 1746.2
1305420 1743.9
1305430 1741.5
1305440 1741.5
1305450 1738.5
1305460 1735.1
1305470 1735.1
1305480 1731.4
1305490 1728.6
1305500 1728.6
1305510 1726.6
1305520 1724.3
1305530 1724.3
1305540 1723.2
1305550 1721.4
1305560 1719.5
1305570 1719.5
1305580 1716.9
1305590 1717.8
1305600 1717.8
1305610 1712.5
1305620 1707.0
1305630 1707.0
1305640 1702.8
1305650 1706.6
1305660 1706.6
1305670 1712.6
1305680 1717.2
1305690 1717.2
1305700 1720.5
1305710 1722.6
1305720 1722.6
1305730 1725.3
1305740 1728.7
1305750 1728.7
1305760 1733.8
1305770 1738.9
1305780 1738.9
1305790 1744.5
1305800 1750.7
1305810 1757.1
1305820 1757.1
1305830 1763.5
1305840 1768.5
1305850 1768.5
1305860 1773.0
1305870 1778.1
1305880 1778.1
1305890 1783.6
1305900 1789.2
1305910 1789.2
1305920 1794.8
1305930 1800.3
1305940 1800.3
1305950 1806.0
1305960 1812.1
1305970 1812.1
1305980 1818.7
1305990 1826.8
1306000 1826.8
1306010 1834.4
1306020 1844.2
1306030 1844.2
1306040 1853.6
1306050 1861.3
1306060 1861.3
1306070 1870.5
1306080 1881.4
1306090 1892.8
1306100 1892.8
1306110 1900.5
1306120 1907.0
1306130 1907.0
1306140 1911.4
1306150 1915.8
1306160 1915.8
1306170 1920.2
1306180 1925.0
1306190 1925.0
1306200 1930.4
1306210 1936.1
1306220 1936.1
1306230 1941.1
1306240 1946.0
1306250 1946.0
1306260 1951.2
1306270 1956.6
1306280 1956.6
1306290 1962.3
1306300 1963.7
1306310 1963.7
1306320 1967.8
1306330 1972.9
1306340 1977.9
1306350 1977.9
1306360 1983.0
1306370 1987.8
1306380 1987.8
1306390 1993.4
1306400 1998.5
1306410 1998.5
1306420 2003.4
1306430 2008.3
1306440 2008.3
1306450 2012.8
1306460 2018.0
1306470 2018.0
1306480 2023.7
1306490 2029.6
1306500 2029.6
1306510 2035.4
1306520 2040.2
1306530 2040.2
1306540 2045.6
1306550 2051.2
1306560 2051.2
1306570 2056.5
1306580 2061.7
1306590 2065.7
1306600 2065.7
1306610 2069.1
1306620 2075.1
1306630 2075.1
1306640 2080.9
1306650 2086.7
1306660 2086.7
1306670 2092.5
1306680 2098.3
1306690 2098.3
1306700 2104.2
1306710 2109.6
1306720 2109.6
1306730 2114.6
1306740 2118.7
1306750 2118.7
1306760 2122.3
1306770 2125.7
1306780 2125.7
1306790 2128.7
1306800 2132.5
1306810 2132.5
1306820 2136.2
1306830 2140.3
1306840 2143.4
1306850 2143.4
1306860 2146.4
1306870 2149.6
1306880 2149.6
1306890 2152.7
1306900 2155.9
1306910 2155.9
1306920 2159.1
1306930 2162.3
1306940 2162.3
1306950 2165.4
1306960 2168.9
1306970 2168.9
1306980 2172.6
1306990 2176.3
1307000 2176.3
1307010 2180.1
1307020 2183.4
1307030 2183.4
1307040 2187.2
1307050 2191.0
1307060 2191.0
1307070 2195.1
1307080 2199.0
1307090 2199.0
1307100 2203.9
1307110 2209.1
1307120 2213.9
1307130 2213.9
1307140 2218.6
1307150 2223.0
1307160 2223.0
1307170 2226.3
1307180 2229.3
1307190 2229.3
1307200 2233.7
1307210 2238.7
1307220 2238.7
1307230 2243.2
1307240 2247.2
1307250 2247.2
1307260 2251.5
1307270 2256.8
1307280 2256.8
1307290 2261.6
1307300 2265.4
1307310 2265.4
1307320 2269.0
1307330 2272.0
1307340 2272.0
1307350 2275.0
1307360 2278.5
1307370 2281.4
1307380 2281.4
1307390 2282.9
1307400 2285.5
1307410 2285.5
1307420 2290.1
1307430 2295.3
1307440 2295.3
1307450 2300.9
1307460 2306.2
1307470 2306.2
1307480 2311.3
1307490 2315.1
1307500 2315.1
1307510 2317.5
1307520 2320.6
1307530 2320.6
1307540 2323.9
1307550 2327.5
1307560 2327.5
1307570 2330.8
1307580 2333.6
1307590 2333.6
1307600 2335.9
1307610 2338.6
1307620 2341.2
1307630 2341.2
1307640 2344.3
1307650 2341.3
1307660 2341.3
1307670 2333.1
1307680 2326.4
1307690 2326.4
1307700 2320.8
1307710 2316.1
1307720 2316.1
1307730 2311.8
1307740 2309.6
1307750 2309.6
1307760 2307.0
1307770 2304.4
1307780 2304.4
1307790 2300.7
1307800 2293.4
1307810 2293.4
1307820 2286.2
1307830 2281.6
1307840 2281.6
1307850 2279.1
1307860 2277.2
1307870 2270.8
1307880 2270.8
1307890 2264.0
1307900 2257.0
1307910 2257.0
1307920 2250.6
1307930 2243.4
1307940 2243.4
1307950 2239.6
1307960 2237.1
1307970 2237.1
1307980 2232.1
1307990 2225.6
1308000 2225.6
1308010 2218.5
1308020 2210.2
1308030 2210.2
1308040 2200.5
1308050 2189.2
1308060 2189.2
1308070 2177.8
1308080 2163.0
1308090 2163.0
1308100 2152.6
1308110 2143.7
1308120 2131.6
1308130 2131.6
1308140 2121.9
1308150 2113.8
1308160 2113.8
1308170 2106.7
1308180 2100.2
1308190 2100.2
1308200 2094.9
1308210 2092.0
1308220 2092.0
1308230 2088.8
1308240 2084.3
1308250 2084.3
1308260 2080.5
1308270 2076.8
1308280 2076.8
1308290 2073.0
1308300 2069.9
1308310 2069.9
1308320 2065.9
1308330 2062.6
1308340 2062.6
1308350 2061.2
1308360 2060.6
1308370 2060.6
1308380 2059.5
1308390 2058.3
1308400 2057.5
1308410 2057.5
1308420 2055.8
1308430 2057.5
1308440 2057.5
1308450 2058.1
1308460 2060.7
1308470 2060.7
1308480 2061.0
1308490 2060.1
1308500 2060.1
1308510 2057.7
1308520 2055.3
1308530 2055.3
1308540 2054.2
1308550 2058.3
1308560 2058.3
1308570 2063.1
1308580 2066.2
1308590 2066.2
1308600 2068.8
1308610 2071.9
1308620 2071.9
1308630 2074.2
1308640 2075.0
1308650 2075.7
1308660 2075.7
1308670 2076.6
1308680 2077.0
1308690 2077.0
1308700 2078.2
1308710 2080.3
1308720 2080.3
1308730 2082.9
1308740 2087.4
1308750 2087.4
1308760 2092.4
1308770 2098.6
1308780 2098.6
1308790 2105.4
1308800 2111.3
1308810 2111.3
1308820 2115.7
1308830 2116.2
1308840 2116.2
1308850 2112.9
1308860 2109.7
1308870 2109.7
1308880 2109.0
1308890 2109.0
1308900 2108.4
1308910 2108.4
1308920 2107.6
1308930 2108.4
1308940 2108.4
1308950 2109.3
1308960 2109.9
1308970 2109.9
1308980 2110.2
1308990 2110.3
1309000 2110.3
1309010 2110.1
1309020 2109.8
1309030 2109.8
1309040 2108.6
1309050 2104.9
1309060 2104.9
1309070 2103.4
1309080 2104.5
1309090 2104.5
1309100 2106.7
1309110 2106.6
1309120 2106.6
1309130 2106.1
1309140 2105.8
1309150 2106.0
1309160 2106.0
1309170 2106.3
1309180 2112.2
1309190 2112.2
1309200 2117.7
1309210 2119.5
1309220 2119.5
1309230 2122.1
1309240 2126.0
1309250 2126.0
1309260 2129.2
1309270 2131.7
1309280 2131.7
1309290 2135.6
1309300 2139.9
1309310 2139.9
1309320 2143.2
1309330 2146.3
1309340 2146.3
1309350 2148.3
1309360 2150.1
1309370 2150.1
1309380 2153.1
1309390 2157.1
1309400 2161.1
1309410 2161.1
1309420 2164.0
1309430 2167.6
1309440 2167.6
1309450 2171.6
1309460 2175.1
1309470 2175.1
1309480 2175.6
1309490 2176.8
1309500 2176.8
1309510 2179.4
1309520 2181.7
1309530 2181.7
1309540 2182.2
1309550 2182.1
1309560 2182.1
1309570 2181.3
1309580 2180.9
1309590 2180.9
1309600 2183.1
1309610 2185.4
1309620 2185.4
1309630 2187.8
1309640 2190.9
1309650 2190.9
1309660 2194.6
1309670 2197.4
1309680 2200.7
1309690 2200.7
1309700 2204.0
1309710 2206.4
1309720 2206.4
1309730 2208.1
1309740 2210.4
1309750 2210.4
1309760 2214.1
1309770 2216.1
1309780 2216.1
1309790 2217.4
1309800 2213.5
1309810 2213.5
1309820 2204.8
1309830 2197.8
1309840 2197.8
1309850 2194.4
1309860 2193.9
1309870 2193.9
1309880 2189.9
1309890 2183.9
1309900 2183.9
1309910 2183.7
1309920 2179.3
1309930 2176.3
1309940 2176.3
1309950 2172.5
1309960 2169.8
1309970 2169.8
1309980 2166.7
1309990 2164.2
1310000 2164.2
1310010 2161.3
1310020 2158.7
1310030 2158.7
1310040 2150.6
1310050 2132.7
1310060 2132.7
1310070 2120.0
1310080 2114.1
1310090 2114.1
1310100 2110.3
1310110 2107.4
1310120 2107.4
1310130 2105.1
1310140 2103.0
1310150 2103.0
1310160 2099.7
1310170 2094.4
1310180 2089.8
1310190 2089.8
1310200 2085.7
1310210 2080.4
1310220 2080.4
1310230 2075.3
1310240 2069.9
1310250 2069.9
1310260 2064.7
1310270 2059.7
1310280 2059.7
1310290 2054.4
1310300 2049.5
1310310 2049.5
1310320 2045.6
1310330 2042.8
1310340 2042.8
1310350 2038.9
1310360 2036.8
1310370 2036.8
1310380 2034.3
1310390 2032.7
1310400 2032.7
1310410 2032.9
1310420 2031.5
1310430 2027.2
1310440 2027.2
1310450 2022.5
1310460 2017.7
1310470 2017.7
1310480 2011.0
1310490 2002.7
1310500 2002.7
1310510 1996.1
1310520 1987.7
1310530 1987.7
1310540 1977.9
1310550 1968.5
1310560 1968.5
1310570 1959.5
1310580 1949.7
1310590 1949.7
1310600 1941.0
1310610 1927.3
1310620 1927.3
1310630 1912.6
1310640 1902.8
1310650 1902.8
1310660 1893.7
1310670 1884.0
1310680 1884.0
1310690 1874.9
1310700 1867.6
1310710 1860.0
1310720 1860.0
1310730 1852.6
1310740 1845.3
1310750 1845.3
1310760 1836.9
1310770 1827.5
1310780 1827.5
1310790 1818.8
1310800 1810.6
1310810 1810.6
1310820 1801.8
1310830 1793.3
1310840 1793.3
1310850 1784.4
1310860 1773.2
1310870 1773.2
1310880 1760.3
1310890 1747.3
1310900 1747.3
1310910 1736.6
1310920 1728.3
1310930 1728.3
1310940 1721.1
1310950 1714.2
1310960 1707.6
1310970 1707.6
1310980 1701.0
1310990 1694.0
1311000 1694.0
1311010 1687.2
1311020 1680.2
1311030 1680.2
1311040 1673.7
1311050 1667.7
1311060 1667.7
1311070 1662.3
1311080 1657.8
1311090 1657.8
1311100 1653.4
1311110 1649.2
1311120 1649.2
1311130 1644.1
1311140 1641.8
1311150 1641.8
1311160 1641.7
1311170 1641.5
1311180 1641.5
1311190 1641.0
1311200 1641.6
1311210 1642.1
1311220 1642.1
1311230 1643.0
1311240 1644.1
1311250 1644.1
1311260 1649.2
1311270 1653.7
1311280 1653.7
1311290 1657.3
1311300 1661.7
1311310 1661.7
1311320 1666.3
1311330 1670.5
1311340 1670.5
1311350 1674.8
1311360 1680.3
1311370 1678.4
1311380 1683.9
1311390 1689.6
1311400 1689.6
1311410 1695.4
1311420 1702.0
1311430 1702.0
1311440 1708.2
1311450 1713.4
1311460 1718.7
1311470 1718.7
1311480 1724.2
1311490 1729.4
1311500 1729.4
1311510 1734.6
1311520 1737.4
1311530 1737.4
1311540 1740.8
1311550 1744.1
1311560 1744.1
1311570 1746.7
1311580 1750.4
1311590 1750.4
1311600 1754.0
1311610 1758.6
1311620 1758.6
1311630 1764.6
1311640 1771.7
1311650 1771.7
1311660 1779.6
1311670 1786.8
1311680 1786.8
1311690 1792.7
1311700 1796.2
1311710 1798.9
1311720 1798.9
1311730 1802.0
1311740 1806.1
1311750 1806.1
1311760 1808.7
1311770 1811.3
1311780 1811.3
1311790 1814.9
1311800 1819.2
1311810 1819.2
1311820 1823.6
1311830 1828.0
1311840 1828.0
1311850 1832.8
1311860 1838.1
1311870 1838.1
1311880 1842.2
1311890 1845.4
1311900 1845.4
1311910 1848.9
1311920 1853.0
1311930 1853.0
1311940 1857.6
1311950 1861.6
1311960 1861.6
1311970 1868.8
1311980 1875.8
1311990 1883.3
1312000 1883.3
1312010 1890.7
1312020 1896.2
1312030 1896.2
1312040 1899.5
1312050 1900.6
1312060 1900.6
1312070 1903.6
1312080 1907.5
1312090 1907.5
1312100 1912.1
1312110 1917.8
1312120 1917.8
1312130 1920.4
1312140 1923.3
1312150 1923.3
1312160 1925.1
1312170 1926.8
1312180 1926.8
1312190 1930.3
1312200 1932.5
1312210 1932.5
1312220 1937.3
1312230 1945.3
1312240 1952.3
1312250 1952.3
1312260 1958.2
1312270 1963.7
1312280 1963.7
1312290 1967.7
1312300 1970.9
1312310 1970.9
1312320 1975.7
1312330 1980.2
1312340 1980.2
1312350 1986.2
1312360 1993.1
1312370 1993.1
1312380 1998.2
1312390 2003.4
1312400 2003.4
1312410 2007.8
1312420 2012.2
1312430 2012.2
1312440 2016.2
1312450 2021.2
1312460 2021.2
1312470 2027.2
1312480 2033.7
1312490 2040.0
1312500 2040.0
1312510 2045.1
1312520 2049.5
1312530 2049.5
1312540 2053.3
1312550 2056.5
1312560 2056.5
1312570 2059.4
1312580 2063.6
1312590 2063.6
1312600 2067.4
1312610 2070.7
1312620 2070.7
1312630 2074.5
1312640 2081.7
1312650 2081.7
1312660 2089.3
1312670 2096.6
1312680 2096.6
1312690 2104.3
1312700 2109.0
1312710 2109.0
1312720 2114.7
1312730 2120.4
1312740 2126.4
1312750 2126.4
1312760 2131.0
1312770 2135.1
1312780 2135.1
1312790 2139.4
1312800 2141.8
1312810 2141.8
1312820 2145.1
1312830 2148.0
1312840 2148.0
1312850 2146.1
1312860 2148.0
1312870 2148.0
1312880 2152.2
1312890 2158.5
1312900 2158.5
1312910 2165.3
1312920 2172.2
1312930 2172.2
1312940 2180.8
1312950 2191.4
1312960 2191.4
1312970 2199.6
1312980 2203.2
1312990 2205.7
1313000 2205.7
1313010 2210.2
1313020 2215.2
1313030 2215.2
1313040 2220.3
1313050 2225.7
1313060 2225.7
1313070 2232.1
1313080 2239.0
1313090 2239.0
1313100 2245.7
1313110 2252.1
1313120 2252.1
1313130 2257.6
1313140 2263.4
1313150 2263.4
1313160 2268.5
1313170 2272.6
1313180 2272.6
1313190 2275.0
1313200 2276.5
1313210 2276.5
1313220 2279.5
1313230 2284.3
1313240 2284.3
1313250 2289.3
1313260 2294.5
1313270 2296.7
1313280 2296.7
1313290 2300.0
1313300 2302.8
1313310 2302.8
1313320 2305.9
1313330 2311.6
1313340 2311.6
1313350 2319.9
1313360 2329.5
1313370 2329.5
1313380 2335.7
1313390 2338.6
1313400 2338.6
1313410 2341.2
1313420 2343.3
1313430 2343.3
1313440 2346.5
1313450 2350.0
1313460 2350.0
1313470 2355.6
1313480 2362.9
1313490 2362.9
1313500 2371.7
1313510 2382.0
1313520 2387.6
1313530 2387.6
1313540 2391.0
1313550 2393.3
1313560 2393.3
1313570 2395.1
1313580 2397.6
1313590 2397.9
1313600 2401.1
1313610 2403.9
1313620 2403.9
1313630 2406.7
1313640 2408.8
1313650 2408.8
1313660 2411.3
1313670 2413.2
1313680 2413.2
1313690 2414.0
1313700 2415.3
1313710 2415.3
1313720 2417.2
1313730 2419.1
1313740 2419.1
1313750 2420.5
1313760 2422.6
1313770 2423.4
1313780 2423.4
1313790 2423.1
1313800 2421.3
1313810 2421.3
1313820 2419.4
1313830 2418.0
1313840 2418.0
1313850 2417.8
1313860 2417.9
1313870 2417.9
1313880 2418.0
1313890 2418.2
1313900 2418.2
1313910 2419.7
1313920 2421.8
1313930 2421.8
1313940 2424.1
1313950 2426.7
1313960 2426.7
1313970 2428.9
1313980 2429.6
1313990 2429.6
1314000 2429.9
1314010 2431.0
1314020 2432.3
1314030 2432.3
1314040 2432.0
1314050 2430.5
1314060 2430.5
1314070 2428.2
1314080 2425.5
1314090 2425.5
1314100 2422.8
1314110 2420.2
1314120 2420.2
1314130 2419.6
1314140 2420.7
1314150 2420.7
1314160 2419.9
1314170 2419.0
1314180 2419.0
1314190 2417.4
1314200 2415.5
1314210 2415.5
1314220 2414.8
1314230 2414.6
1314240 2414.6
1314250 2414.5
1314260 2415.0
1314270 2415.0
1314280 2415.2
1314290 2415.5
1314300 2416.1
1314310 2416.1
1314320 2414.6
1314330 2412.8
1314340 2405.1
1314350 2404.8
1314360 2403.3
1314370 2403.3
1314380 2399.7
1314390 2396.4
1314400 2396.4
1314410 2394.9
1314420 2395.4
1314430 2395.4
1314440 2398.1
1314450 2398.0
1314460 2398.0
1314470 2397.3
1314480 2395.0
1314490 2395.0
1314500 2391.5
1314510 2388.1
1314520 2388.1
1314530 2382.0
1314540 2376.1
1314550 2367.2
1314560 2367.2
1314570 2354.9
1314580 2343.0
1314590 2343.0
1314600 2332.1
1314610 2323.1
1314620 2323.1
1314630 2315.6
1314640 2308.7
1314650 2308.7
1314660 2298.5
1314670 2290.2
1314680 2290.2
1314690 2284.8
1314700 2279.4
1314710 2279.4
1314720 2274.0
1314730 2268.9
1314740 2268.9
1314750 2265.2
1314760 2260.7
1314770 2260.7
1314780 2254.5
1314790 2247.0
1314800 2239.1
1314810 2239.1
1314820 2231.3
1314830 2224.3
1314840 2224.3
1314850 2216.9
1314860 2209.1
1314870 2209.1
1314880 2202.1
1314890 2194.3
1314900 2194.3
1314910 2181.2
1314920 2170.5
1314930 2170.5
1314940 2162.6
1314950 2156.9
1314960 2156.9
1314970 2151.8
1314980 2146.9
1314990 2146.9
1315000 2142.9
1315010 2140.6
1315020 2140.6
1315030 2138.7
1315040 2137.3
1315050 2137.3
1315060 2137.3
1315070 2136.4
1315080 2137.7
1315090 2138.3
1315100 2140.4
1315110 2137.3
1315120 2137.3
1315130 2134.1
1315140 2129.1
1315150 2129.1
1315160 2124.3
1315170 2120.9
1315180 2120.9
1315190 2119.4
1315200 2118.8
1315210 2118.8
1315220 2113.5
1315230 2107.8
1315240 2107.8
1315250 2105.6
1315260 2105.8
1315270 2105.8
1315280 2105.5
1315290 2104.4
1315300 2103.0
1315310 2103.0
1315320 2101.6
1315330 2101.2
1315340 2101.2
1315350 2101.7
1315360 2102.8
1315370 2102.8
1315380 2104.8
1315390 2107.7
1315400 2107.7
1315410 2107.5
1315420 2106.8
1315430 2106.8
1315440 2106.9
1315450 2106.7
1315460 2106.7
1315470 2105.1
1315480 2103.8
1315490 2103.8
1315500 2102.3
1315510 2103.0
1315520 2103.0
1315530 2103.4
1315540 2104.2
1315550 2104.2
1315560 2106.2
1315570 2108.5
1315580 2110.2
1315590 2110.2
1315600 2112.0
1315610 2113.7
1315620 2113.7
1315630 2114.4
1315640 2114.9
1315650 2114.9
1315660 2115.7
1315670 2117.4
1315680 2117.4
1315690 2120.2
1315700 2122.4
1315710 2122.4
1315720 2124.2
1315730 2125.9
1315740 2125.9
1315750 2127.2
1315760 2129.2
1315770 2129.2
1315780 2131.5
1315790 2133.7
1315800 2133.7
1315810 2135.9
1315820 2137.7
1315830 2140.0
1315840 2134.8
1315850 2137.9
1315860 2141.5
1315870 2141.5
1315880 2143.5
1315890 2145.5
1315900 2145.5
1315910 2148.9
1315920 2153.6
1315930 2153.6
1315940 2157.4
1315950 2159.8
1315960 2159.8
1315970 2163.0
1315980 2166.9
1315990 2166.9
1316000 2169.5
1316010 2172.0
1316020 2172.0
1316030 2174.5
1316040 2178.2
1316050 2178.2
1316060 2182.1
1316070 2186.0
1316080 2190.6
1316090 2190.6
1316100 2195.2
1316110 2200.1
1316120 2200.1
1316130 2205.1
1316140 2209.4
1316150 2209.4
1316160 2213.0
1316170 2215.6
1316180 2215.6
1316190 2217.2
1316200 2218.1
1316210 2218.1
1316220 2219.6
1316230 2219.1
1316240 2219.1
1316250 2216.4
1316260 2215.1
1316270 2215.1
1316280 2214.2
1316290 2214.0
1316300 2214.0
1316310 2214.2
1316320 2214.5
1316330 2214.9
1316340 2214.9
1316350 2216.7
1316360 2219.7
1316370 2219.7
1316380 2222.8
1316390 2223.6
1316400 2223.6
1316410 2222.6
1316420 2221.7
1316430 2221.7
1316440 2220.5
1316450 2219.1
1316460 2219.1
1316470 2217.8
1316480 2216.0
1316490 2216.0
1316500 2214.0
1316510 2210.8
1316520 2210.8
1316530 2205.6
1316540 2201.7
1316550 2201.7
1316560 2197.7
1316570 2192.9
1316580 2187.9
1316590 2187.9
1316600 2177.1
1316610 2172.2
1316620 2172.2
1316630 2166.2
1316640 2159.5
1316650 2159.5
1316660 2153.2
1316670 2148.4
1316680 2148.4
1316690 2143.9
1316700 2138.9
1316710 2138.9
1316720 2133.7
1316730 2129.2
1316740 2129.2
1316750 2124.2
1316760 2117.9
1316770 2117.9
1316780 2111.9
1316790 2106.3
1316800 2106.3
1316810 2100.2
1316820 2094.1
1316830 2094.1
1316840 2089.7
1316850 2085.1
1316860 2080.2
1316870 2080.2
1316880 2075.1
1316890 2070.3
1316900 2070.3
1316910 2064.8
1316920 2059.2
1316930 2059.2
1316940 2054.0
1316950 2048.9
1316960 2048.9
1316970 2044.0
1316980 2039.5
1316990 2039.5
1317000 2034.8
1317010 2030.4
1317020 2030.4
1317030 2025.8
1317040 2021.8
1317050 2021.8
1317060 2018.6
1317070 2016.1
1317080 2016.1
1317090 2014.0
1317100 2012.0
1317110 2011.6
1317120 2011.6
1317130 2011.9
1317140 2013.3
1317150 2013.3
1317160 2015.2
1317170 2017.3
1317180 2017.3
1317190 2020.0
1317200 2022.6
1317210 2022.6
1317220 2025.2
1317230 2028.1
1317240 2028.1
1317250 2030.5
1317260 2031.8
1317270 2031.8
1317280 2031.8
1317290 2032.4
1317300 2032.4
1317310 2035.2
1317320 2038.1
1317330 2038.1
1317340 2041.0
1317350 2043.4
1317360 2040.7
1317370 2040.7
1317380 2042.8
1317390 2044.4
1317400 2044.4
1317410 2042.4
1317420 2046.1
1317430 2046.1
1317440 2052.1
1317450 2054.7
1317460 2054.7
1317470 2055.6
1317480 2055.8
1317490 2055.8
1317500 2055.0
1317510 2053.7
1317520 2053.7
1317530 2053.5
1317540 2053.8
1317550 2053.8
1317560 2054.3
1317570 2056.0
1317580 2056.0
1317590 2058.0
1317600 2058.1
1317610 2056.8
1317620 2056.8
1317630 2057.0
1317640 2060.6
1317650 2060.6
1317660 2065.7
1317670 2070.7
1317680 2070.7
1317690 2076.3
1317700 2082.5
1317710 2082.5
1317720 2088.8
1317730 2095.1
1317740 2095.1
1317750 2101.1
1317760 2107.1
1317770 2107.1
1317780 2112.3
1317790 2117.1
1317800 2117.1
1317810 2121.5
1317820 2124.0
1317830 2124.0
1317840 2127.4
1317850 2130.8
1317860 2134.4
1317870 2134.4
1317880 2136.2
1317890 2136.5
1317900 2136.5
1317910 2136.7
1317920 2136.3
1317930 2136.3
1317940 2134.7
1317950 2132.3
1317960 2132.3
1317970 2130.3
1317980 2127.8
1317990 2127.8
1318000 2126.1
1318010 2125.3
1318020 2125.3
1318030 2124.4
1318040 2123.5
1318050 2123.5
1318060 2122.2
1318070 2120.4
1318080 2120.4
1318090 2118.1
1318100 2115.4
1318110 2115.4
1318120 2108.9
1318130 2106.9
1318140 2104.7
1318150 2104.7
1318160 2102.9
1318170 2100.6
1318180 2100.6
1318190 2098.4
1318200 2097.1
1318210 2097.1
1318220 2095.7
1318230 2093.5
1318240 2093.5
1318250 2092.5
1318260 2091.8
1318270 2091.8
1318280 2091.0
1318290 2090.6
1318300 2090.6
1318310 2089.4
1318320 2087.8
1318330 2087.8
1318340 2085.5
1318350 2082.9
1318360 2082.9
1318370 2080.2
1318380 2076.8
1318390 2072.1
1318400 2072.1
1318410 2067.1
1318420 2062.5
1318430 2062.5
1318440 2057.4
1318450 2052.8
1318460 2052.8
1318470 2047.1
1318480 2042.3
1318490 2042.3
1318500 2037.9
1318510 2033.1
1318520 2033.1
1318530 2029.3
1318540 2026.5
1318550 2026.5
1318560 2022.3
1318570 2017.4
1318580 2017.4
1318590 2013.1
1318600 2010.0
1318610 2010.0
1318620 2007.6
1318630 2004.0
1318640 2001.1
1318650 2001.1
1318660 1999.2
1318670 1996.5
1318680 1996.5
1318690 1993.8
1318700 1992.0
1318710 1992.0
1318720 1989.8
1318730 1987.4
1318740 1987.4
1318750 1986.2
1318760 1985.4
1318770 1985.4
1318780 1985.4
1318790 1984.7
1318800 1984.7
1318810 1977.2
1318820 1969.2
1318830 1969.2
1318840 1963.3
1318850 1958.6
1318860 1958.6
1318870 1953.4
1318880 1950.0
1318890 1943.7
1318900 1943.7
1318910 1940.2
1318920 1936.5
1318930 1936.5
1318940 1932.7
1318950 1928.2
1318960 1928.2
1318970 1923.6
1318980 1919.2
1318990 1919.2
1319000 1913.4
1319010 1909.0
1319020 1909.0
1319030 1906.4
1319040 1904.0
1319050 1904.0
1319060 1900.1
1319070 1895.1
1319080 1895.1
1319090 1889.8
1319100 1884.5
1319110 1884.5
1319120 1879.3
1319130 1875.2
1319140 1871.0
1319150 1871.0
1319160 1868.9
1319170 1864.4
1319180 1864.4
1319190 1860.0
1319200 1855.3
1319210 1855.3
1319220 1850.0
1319230 1845.3
1319240 1845.3
1319250 1840.3
1319260 1837.0
1319270 1837.0
1319280 1833.1
1319290 1828.2
1319300 1828.2
1319310 1823.6
1319320 1819.3
1319330 1819.3
1319340 1814.3
1319350 1810.6
1319360 1810.6
1319370 1805.1
1319380 1800.9
1319390 1800.9
1319400 1797.9
1319410 1794.7
1319420 1790.8
1319430 1790.8
1319440 1786.9
1319450 1781.8
1319460 1781.8
1319470 1778.1
1319480 1773.7
1319490 1773.7
1319500 1770.1
1319510 1767.4
1319520 1767.4
1319530 1764.2
1319540 1760.9
1319550 1760.9
1319560 1756.8
1319570 1751.3
1319580 1751.3
1319590 1746.9
1319600 1743.0
1319610 1743.0
1319620 1738.6
1319630 1735.1
1319640 1735.1
1319650 1732.6
1319660 1727.6
1319670 1725.1
1319680 1725.1
1319690 1723.6
1319700 1722.3
1319710 1722.3
1319720 1722.1
1319730 1723.0
1319740 1723.0
1319750 1724.5
1319760 1725.5
1319770 1725.5
1319780 1725.2
1319790 1724.5
1319800 1724.5
1319810 1722.4
1319820 1719.4
1319830 1719.4
1319840 1717.3
1319850 1714.2
1319860 1714.2
1319870 1710.4
1319880 1708.3
1319890 1708.3
1319900 1706.5
1319910 1705.3
1319920 1704.0
1319930 1704.0
1319940 1701.9
1319950 1699.0
1319960 1699.0
1319970 1695.1
1319980 1692.0
1319990 1692.0
