1300000 1853.1
1300010 1857.5
1300020 1864.3
1300030 1864.3
1300040 1871.6
1300050 1876.6
1300060 1876.6
1300070 1877.4
1300080 1873.5
1300090 1873.5
1300100 1867.9
1300110 1861.4
1300120 1855.3
1300130 1855.3
1300140 1850.1
1300150 1845.0
1300160 1845.0
1300170 1838.6
1300180 1832.7
1300190 1832.7
1300200 1827.2
1300210 1821.9
1300220 1821.9
1300230 1818.0
1300240 1814.2
1300250 1814.2
1300260 1812.3
1300270 1810.2
1300280 1810.2
1300290 1808.1
1300300 1807.2
1300310 1807.2
1300320 1806.0
1300330 1803.4
1300340 1803.4
1300350 1799.6
1300360 1796.7
1300370 1794.7
1300380 1794.7
1300390 1792.2
1300400 1790.1
1300410 1790.1
1300420 1787.4
1300430 1785.1
1300440 1785.1
1300450 1781.7
1300460 1778.4
1300470 1778.4
1300480 1774.0
1300490 1770.8
1300500 1770.8
1300510 1768.6
1300520 1764.7
1300530 1764.7
1300540 1760.3
1300550 1763.5
1300560 1763.5
1300570 1758.6
1300580 1753.4
1300590 1753.4
1300600 1750.7
1300610 1747.2
1300620 1747.2
1300630 1743.8
1300640 1740.9
1300650 1737.9
1300660 1737.9
1300670 1733.2
1300680 1729.1
1300690 1729.1
1300700 1726.3
1300710 1724.1
1300720 1724.1
1300730 1720.7
1300740 1716.1
1300750 1716.1
1300760 1711.6
1300770 1706.8
1300780 1706.8
1300790 1703.8
1300800 1702.1
1300810 1702.1
1300820 1699.4
1300830 1696.3
1300840 1696.3
1300850 1694.2
1300860 1692.3
1300870 1692.3
1300880 1689.8
1300890 1686.0
1300900 1681.7
1300910 1681.7
1300920 1676.8
1300930 1670.6
1300940 1670.6
1300950 1665.2
1300960 1661.4
1300970 1661.4
1300980 1655.0
1300990 1648.2
1301000 1648.2
1301010 1639.5
1301020 1631.5
1301030 1631.5
1301040 1625.3
1301050 1618.8
1301060 1618.8
1301070 1612.2
1301080 1605.2
1301090 1605.2
1301100 1599.3
1301110 1592.8
1301120 1592.8
1301130 1588.3
1301140 1582.3
1301150 1576.5
1301160 1576.5
1301170 1570.7
1301180 1565.3
1301190 1565.3
1301200 1559.8
1301210 1555.0
1301220 1555.0
1301230 1549.6
1301240 1541.9
1301250 1541.9
1301260 1536.8
1301270 1531.6
1301280 1531.6
1301290 1526.6
1301300 1518.4
1301310 1518.4
1301320 1511.0
1301330 1503.9
1301340 1503.9
1301350 1496.7
1301360 1489.8
1301370 1489.8
1301380 1483.5
1301390 1477.5
1301400 1472.6
1301410 1472.6
1301420 1468.0
1301430 1463.7
1301440 1463.7
1301450 1459.7
1301460 1455.7
1301470 1455.7
1301480 1451.6
1301490 1446.4
1301500 1446.4
1301510 1441.7
1301520 1438.1
1301530 1438.1
1301540 1435.2
1301550 1432.4
1301560 1432.4
1301570 1429.2
1301580 1426.3
1301590 1426.3
1301600 1424.6
1301610 1423.4
1301620 1423.4
1301630 1420.8
1301640 1417.6
1301650 1415.4
1301660 1415.4
1301670 1412.9
1301680 1410.6
1301690 1410.6
1301700 1408.0
1301710 1407.1
1301720 1407.1
1301730 1408.1
1301740 1406.4
1301750 1406.4
1301760 1402.4
1301770 1398.0
1301780 1398.0
1301790 1393.5
1301800 1389.1
1301810 1389.1
1301820 1384.8
1301830 1380.0
1301840 1380.0
1301850 1374.3
1301860 1368.9
1301870 1368.9
1301880 1363.1
1301890 1357.9
1301900 1357.9
1301910 1352.8
1301920 1348.0
1301930 1343.0
1301940 1349.0
1301950 1343.3
1301960 1336.3
1301970 1336.3
1301980 1331.7
1301990 1326.4
1302000 1326.4
1302010 1322.2
1302020 1323.8
1302030 1323.8
1302040 1327.6
1302050 1332.1
1302060 1332.1
1302070 1338.2
1302080 1344.2
1302090 1344.2
1302100 1349.8
1302110 1355.1
1302120 1355.1
1302130 1360.6
1302140 1366.4
1302150 1366.4
1302160 1372.8
1302170 1380.3
1302180 1387.3
1302190 1387.3
1302200 1392.9
1302210 1397.9
1302220 1397.9
1302230 1404.3
1302240 1411.8
1302250 1411.8
1302260 1419.8
1302270 1427.0
1302280 1427.0
1302290 1433.8
1302300 1440.7
1302310 1440.7
1302320 1447.3
1302330 1454.2
1302340 1454.2
1302350 1461.4
1302360 1469.0
1302370 1469.0
1302380 1473.0
1302390 1480.3
1302400 1480.3
1302410 1488.0
1302420 1495.9
1302430 1503.1
1302440 1503.1
1302450 1511.1
1302460 1519.8
1302470 1519.8
1302480 1527.9
1302490 1534.9
1302500 1534.9
1302510 1540.3
1302520 1545.5
1302530 1545.5
1302540 1550.6
1302550 1556.3
1302560 1556.3
1302570 1562.9
1302580 1569.5
1302590 1569.5
1302600 1575.0
1302610 1579.4
1302620 1579.4
1302630 1583.6
1302640 1587.5
1302650 1587.5
1302660 1592.8
1302670 1598.0
1302680 1603.4
1302690 1603.4
1302700 1609.5
1302710 1615.9
1302720 1615.9
1302730 1622.1
1302740 1628.2
1302750 1628.2
1302760 1634.8
1302770 1641.1
1302780 1641.1
1302790 1647.9
1302800 1653.9
1302810 1653.9
1302820 1658.7
1302830 1663.3
1302840 1663.3
1302850 1668.0
1302860 1673.1
1302870 1673.1
1302880 1678.4
1302890 1684.0
1302900 1684.0
1302910 1688.8
1302920 1692.6
1302930 1695.7
1302940 1695.7
1302950 1698.4
1302960 1701.8
1302970 1701.8
1302980 1705.2
1302990 1709.4
1303000 1709.4
1303010 1715.8
1303020 1722.2
1303030 1722.2
1303040 1728.8
1303050 1734.1
1303060 1734.1
1303070 1738.0
1303080 1741.8
1303090 1741.8
1303100 1745.8
1303110 1749.7
1303120 1749.7
1303130 1753.3
1303140 1757.7
1303150 1757.7
1303160 1762.2
1303170 1767.4
1303180 1767.4
1303190 1771.6
1303200 1775.9
1303210 1780.6
1303220 1780.6
1303230 1784.8
1303240 1789.6
1303250 1789.6
1303260 1794.4
1303270 1798.9
1303280 1798.9
1303290 1803.8
1303300 1808.2
1303310 1808.2
1303320 1812.4
1303330 1816.1
1303340 1818.8
1303350 1821.7
1303360 1824.4
1303370 1824.4
1303380 1828.4
1303390 1832.2
1303400 1832.2
1303410 1835.7
1303420 1840.4
1303430 1840.4
1303440 1846.1
1303450 1852.2
1303460 1859.0
1303470 1859.0
1303480 1866.1
1303490 1872.8
1303500 1872.8
1303510 1879.4
1303520 1886.4
1303530 1886.4
1303540 1894.4
1303550 1902.9
1303560 1902.9
1303570 1909.1
1303580 1914.1
1303590 1914.1
1303600 1920.4
1303610 1926.8
1303620 1926.8
1303630 1933.6
1303640 1940.9
1303650 1940.9
1303660 1947.4
1303670 1954.8
1303680 1954.8
1303690 1960.7
1303700 1965.8
1303710 1970.3
1303720 1970.3
1303730 1972.1
1303740 1979.0
1303750 1979.0
1303760 1981.0
1303770 1982.5
1303780 1982.5
1303790 1985.1
1303800 1988.9
1303810 1988.9
1303820 1993.3
1303830 1996.6
1303840 1996.6
1303850 1997.1
1303860 1994.8
1303870 1994.8
1303880 1992.6
1303890 1992.3
1303900 1992.3
1303910 1993.0
1303920 1994.6
1303930 1994.6
1303940 1996.4
1303950 1998.2
1303960 1999.7
1303970 1999.7
1303980 1999.0
1303990 1999.8
1304000 1999.8
1304010 2002.9
1304020 2006.1
1304030 2006.1
1304040 2009.2
1304050 2012.1
1304060 2012.1
1304070 2012.5
1304080 2010.0
1304090 2010.0
1304100 2005.5
1304110 1999.2
1304120 1999.2
1304130 1992.6
1304140 1987.1
1304150 1987.1
1304160 1982.6
1304170 1980.2
1304180 1980.2
1304190 1978.5
1304200 1976.7
1304210 1976.7
1304220 1977.5
1304230 1980.4
1304240 1984.4
1304250 1984.4
1304260 1987.3
1304270 1989.0
1304280 1989.0
1304290 1991.1
1304300 1993.1
1304310 1993.1
1304320 1996.1
1304330 1993.3
1304340 1993.3
1304350 1986.5
1304360 1982.0
1304370 1982.0
1304380 1978.7
1304390 1975.4
1304400 1975.4
1304410 1971.5
1304420 1968.7
1304430 1968.7
1304440 1967.0
1304450 1965.3
1304460 1965.3
1304470 1961.8
1304480 1958.6
1304490 1957.0
1304500 1957.0
1304510 1955.0
1304520 1952.7
1304530 1952.7
1304540 1949.8
1304550 1946.3
1304560 1946.3
1304570 1942.8
1304580 1941.0
1304590 1941.0
1304600 1939.0
1304610 1935.2
1304620 1935.2
1304630 1931.5
1304640 1928.5
1304650 1928.5
1304660 1926.5
1304670 1925.3
1304680 1925.3
1304690 1924.7
1304700 1924.2
1304710 1924.2
1304720 1920.6
1304730 1917.0
1304740 1917.8
1304750 1917.8
1304760 1914.6
1304770 1911.9
1304780 1911.9
1304790 1908.1
1304800 1902.3
1304810 1902.3
1304820 1895.8
1304830 1893.8
1304840 1893.8
1304850 1893.1
1304860 1891.1
1304870 1891.1
1304880 1888.4
1304890 1885.5
1304900 1885.5
1304910 1883.1
1304920 1880.0
1304930 1880.0
1304940 1876.9
1304950 1873.6
1304960 1873.6
1304970 1870.3
1304980 1867.4
1304990 1864.6
1305000 1864.6
1305010 1861.8
1305020 1859.3
1305030 1859.3
1305040 1857.0
1305050 1854.3
1305060 1854.3
1305070 1852.0
1305080 1849.4
1305090 1849.4
1305100 1845.0
1305110 1840.4
1305120 1840.4
1305130 1834.9
1305140 1829.8
1305150 1829.8
1305160 1827.2
1305170 1824.9
1305180 1824.9
1305190 1821.2
1305200 1817.1
1305210 1817.1
1305220 1813.3
1305230 1809.7
1305240 1805.9
1305250 1805.9
1305260 1801.6
1305270 1800.1
1305280 1800.1
1305290 1798.9
1305300 1797.3
1305310 1797.3
1305320 1796.3
1305330 1795.6
1305340 1795.6
1305350 1794.8
1305360 1794.0
1305370 1794.0
1305380 1793.1
1305390 1792.2
1305400 1792.2
1305410 1791.1
1305420 1788.5
1305430 1788.5
1305440 1784.8
1305450 1786.3
1305460 1786.3
1305470 1783.2
1305480 1781.0
1305490 1781.0
1305500 1778.4
1305510 1775.9
1305520 1771.9
1305530 1771.9
1305540 1766.8
1305550 1764.2
1305560 1764.2
1305570 1761.5
1305580 1758.3
1305590 1758.3
1305600 1754.1
1305610 1748.9
1305620 1748.9
1305630 1745.3
1305640 1743.6
1305650 1743.6
1305660 1742.2
1305670 1738.9
1305680 1738.9
1305690 1734.9
1305700 1732.0
1305710 1732.0
1305720 1729.8
1305730 1727.0
1305740 1727.0
1305750 1727.5
1305760 1726.3
1305770 1720.8
1305780 1720.8
1305790 1717.8
1305800 1721.4
1305810 1721.4
1305820 1728.6
1305830 1734.2
1305840 1734.2
1305850 1738.4
1305860 1744.6
1305870 1744.6
1305880 1753.3
1305890 1764.4
1305900 1764.4
1305910 1774.2
1305920 1780.0
1305930 1780.0
1305940 1787.9
1305950 1795.0
1305960 1795.0
1305970 1803.5
1305980 1807.6
1305990 1807.6
1306000 1806.5
1306010 1807.4
1306020 1810.7
1306030 1810.7
1306040 1818.5
1306050 1828.7
1306060 1828.7
1306070 1837.7
1306080 1845.8
1306090 1845.8
1306100 1853.9
1306110 1862.2
1306120 1862.2
1306130 1870.6
1306140 1878.2
1306150 1878.2
1306160 1877.7
1306170 1879.0
1306180 1879.0
1306190 1881.2
1306200 1885.6
1306210 1885.6
1306220 1893.2
1306230 1899.3
1306240 1899.3
1306250 1904.6
1306260 1910.5
1306270 1917.1
1306280 1917.1
1306290 1922.4
1306300 1926.6
1306310 1926.6
1306320 1931.3
1306330 1935.8
1306340 1935.8
1306350 1939.6
1306360 1944.4
1306370 1944.4
1306380 1950.6
1306390 1956.5
1306400 1956.5
1306410 1961.4
1306420 1967.0
1306430 1967.0
1306440 1973.4
1306450 1980.3
1306460 1980.3
1306470 1986.3
1306480 1991.4
1306490 1991.4
1306500 1996.6
1306510 2003.5
1306520 2010.2
1306530 2010.2
1306540 2015.8
1306550 2020.6
1306560 2020.6
1306570 2027.0
1306580 2033.7
1306590 2033.7
1306600 2039.3
1306610 2044.9
1306620 2044.9
1306630 2051.0
1306640 2056.3
1306650 2056.3
1306660 2062.1
1306670 2067.6
1306680 2067.6
1306690 2073.1
1306700 2078.3
1306710 2078.3
1306720 2082.6
1306730 2086.8
1306740 2086.8
1306750 2091.3
1306760 2096.3
1306770 2096.3
1306780 2101.5
1306790 2106.5
1306800 2111.2
1306810 2111.2
1306820 2116.1
1306830 2120.4
1306840 2120.4
1306850 2123.2
1306860 2126.3
1306870 2126.3
1306880 2125.4
1306890 2127.6
1306900 2127.6
1306910 2129.2
1306920 2130.9
1306930 2130.9
1306940 2133.4
1306950 2136.2
1306960 2136.2
1306970 2139.0
1306980 2142.3
1306990 2142.3
1307000 2146.5
1307010 2150.7
1307020 2150.7
1307030 2155.5
1307040 2160.0
1307050 2163.8
1307060 2163.8
1307070 2167.8
1307080 2171.9
1307090 2171.9
1307100 2175.5
1307110 2179.6
1307120 2179.6
1307130 2184.1
1307140 2188.6
1307150 2188.6
1307160 2192.8
1307170 2197.2
1307180 2197.2
1307190 2201.3
1307200 2205.7
1307210 2205.7
1307220 2210.7
1307230 2215.5
1307240 2215.5
1307250 2219.5
1307260 2222.5
1307270 2222.5
1307280 2225.2
1307290 2228.1
1307300 2231.3
1307310 2231.3
1307320 2233.9
1307330 2236.5
1307340 2236.5
1307350 2239.1
1307360 2241.6
1307370 2241.6
1307380 2244.6
1307390 2247.1
1307400 2247.1
1307410 2248.7
1307420 2251.9
1307430 2251.9
1307440 2256.7
1307450 2261.9
1307460 2261.9
1307470 2266.6
1307480 2270.4
1307490 2270.4
1307500 2274.8
1307510 2278.3
1307520 2278.3
1307530 2282.3
1307540 2286.5
1307550 2291.1
1307560 2291.1
1307570 2295.6
1307580 2299.4
1307590 2299.4
1307600 2296.9
1307610 2300.6
1307620 2300.6
1307630 2304.2
1307640 2307.2
1307650 2307.2
1307660 2308.9
1307670 2311.6
1307680 2311.6
1307690 2314.5
1307700 2316.7
1307710 2316.7
1307720 2315.8
1307730 2312.2
1307740 2312.2
1307750 2305.5
1307760 2297.6
1307770 2297.6
1307780 2290.1
1307790 2283.9
1307800 2279.5
1307810 2279.5
1307820 2273.4
1307830 2266.6
1307840 2266.6
1307850 2262.5
1307860 2258.9
1307870 2258.9
1307880 2254.6
1307890 2249.0
1307900 2249.0
1307910 2241.6
1307920 2234.0
1307930 2234.0
1307940 2225.4
1307950 2214.7
1307960 2214.7
1307970 2204.3
1307980 2195.9
1307990 2195.9
1308000 2187.2
1308010 2179.5
1308020 2179.5
1308030 2172.4
1308040 2165.1
1308050 2165.1
1308060 2157.2
1308070 2149.9
1308080 2144.2
1308090 2144.2
1308100 2139.5
1308110 2136.4
1308120 2136.4
1308130 2134.3
1308140 2130.8
1308150 2130.8
1308160 2129.1
1308170 2128.5
1308180 2128.5
1308190 2127.8
1308200 2125.9
1308210 2125.9
1308220 2124.0
1308230 2120.2
1308240 2120.2
1308250 2117.1
1308260 2114.6
1308270 2114.6
1308280 2112.0
1308290 2109.6
1308300 2109.6
1308310 2107.9
1308320 2109.2
1308330 2108.0
1308340 2108.0
1308350 2107.3
1308360 2107.6
1308370 2107.6
1308380 2108.0
1308390 2109.1
1308400 2109.1
1308410 2109.9
1308420 2110.7
1308430 2110.7
1308440 2109.4
1308450 2106.7
1308460 2106.7
1308470 2105.2
1308480 2105.8
1308490 2105.8
1308500 2104.6
1308510 2102.9
1308520 2102.9
1308530 2103.1
1308540 2103.3
1308550 2103.3
1308560 2102.9
1308570 2101.7
1308580 2101.7
1308590 2101.7
1308600 2099.4
1308610 2097.8
1308620 2097.8
1308630 2098.6
1308640 2101.0
1308650 2101.0
1308660 2103.3
1308670 2105.1
1308680 2105.1
1308690 2106.7
1308700 2109.0
1308710 2109.0
1308720 2111.4
1308730 2113.4
1308740 2113.4
1308750 2115.3
1308760 2117.0
1308770 2117.0
1308780 2118.7
1308790 2120.2
1308800 2120.2
1308810 2121.8
1308820 2122.9
1308830 2124.1
1308840 2124.1
1308850 2125.9
1308860 2128.4
1308870 2128.4
1308880 2131.0
1308890 2132.3
1308900 2132.3
1308910 2132.4
1308920 2132.1
1308930 2132.1
1308940 2131.2
1308950 2129.2
1308960 2129.2
1308970 2127.7
1308980 2127.1
1308990 2127.1
1309000 2127.1
1309010 2127.4
1309020 2127.4
1309030 2128.0
1309040 2129.4
1309050 2129.4
1309060 2129.6
1309070 2130.1
1309080 2130.0
1309090 2130.0
1309100 2129.7
1309110 2129.6
1309120 2129.6
1309130 2128.9
1309140 2129.5
1309150 2129.5
1309160 2128.1
1309170 2126.2
1309180 2126.2
1309190 2125.5
1309200 2127.4
1309210 2127.4
1309220 2129.2
1309230 2131.4
1309240 2131.4
1309250 2133.9
1309260 2136.6
1309270 2136.6
1309280 2139.8
1309290 2143.1
1309300 2143.1
1309310 2147.1
1309320 2151.5
1309330 2151.5
1309340 2156.8
1309350 2163.3
1309360 2169.7
1309370 2169.7
1309380 2175.1
1309390 2179.6
1309400 2179.6
1309410 2184.3
1309420 2190.1
1309430 2190.1
1309440 2195.7
1309450 2201.1
1309460 2201.1
1309470 2206.7
1309480 2212.2
1309490 2212.2
1309500 2217.6
1309510 2223.1
1309520 2223.1
1309530 2228.1
1309540 2232.5
1309550 2232.5
1309560 2234.7
1309570 2235.0
1309580 2235.0
1309590 2236.8
1309600 2237.2
1309610 2233.5
1309620 2233.5
1309630 2231.9
1309640 2230.8
1309650 2230.8
1309660 2230.3
1309670 2231.6
1309680 2231.6
1309690 2231.9
1309700 2230.5
1309710 2230.5
1309720 2229.2
1309730 2226.5
1309740 2226.5
1309750 2222.7
1309760 2219.6
1309770 2213.4
1309780 2213.1
1309790 2211.7
1309800 2211.7
1309810 2208.1
1309820 2203.5
1309830 2203.5
1309840 2196.4
1309850 2188.9
1309860 2183.6
1309870 2183.6
1309880 2170.4
1309890 2161.4
1309900 2161.4
1309910 2155.4
1309920 2150.9
1309930 2150.9
1309940 2144.5
1309950 2140.8
1309960 2140.8
1309970 2138.7
1309980 2136.8
1309990 2136.8
1310000 2134.3
1310010 2133.3
1310020 2133.3
1310030 2132.3
1310040 2131.0
1310050 2131.0
1310060 2130.8
1310070 2130.1
1310080 2130.1
1310090 2129.3
1310100 2129.2
1310110 2127.7
1310120 2127.7
1310130 2124.9
1310140 2122.3
1310150 2122.3
1310160 2120.0
1310170 2117.3
1310180 2117.3
1310190 2113.6
1310200 2109.0
1310210 2109.0
1310220 2104.5
1310230 2100.5
1310240 2100.5
1310250 2093.9
1310260 2086.3
1310270 2086.3
1310280 2079.6
1310290 2073.7
1310300 2073.7
1310310 2065.8
1310320 2055.5
1310330 2055.5
1310340 2045.6
1310350 2037.9
1310360 2033.5
1310370 2033.5
1310380 2028.9
1310390 2021.5
1310400 2021.5
1310410 2013.5
1310420 2004.7
1310430 2004.7
1310440 1997.7
1310450 1990.5
1310460 1990.5
1310470 1979.7
1310480 1964.2
1310490 1964.2
1310500 1952.7
1310510 1939.3
1310520 1939.3
1310530 1927.6
1310540 1920.9
1310550 1920.9
1310560 1918.1
1310570 1906.4
1310580 1906.4
1310590 1893.5
1310600 1885.1
1310610 1885.1
1310620 1875.8
1310630 1867.3
1310640 1859.5
1310650 1859.5
1310660 1851.3
1310670 1842.8
1310680 1842.8
1310690 1834.0
1310700 1826.1
1310710 1826.1
1310720 1818.7
1310730 1811.2
1310740 1811.2
1310750 1804.5
1310760 1798.6
1310770 1798.6
1310780 1792.3
1310790 1785.3
1310800 1785.3
1310810 1778.1
1310820 1770.7
1310830 1770.7
1310840 1762.9
1310850 1755.4
1310860 1755.4
1310870 1748.9
1310880 1742.2
1310890 1736.2
1310900 1736.2
1310910 1730.1
1310920 1724.3
1310930 1724.3
1310940 1718.4
1310950 1713.1
1310960 1713.1
1310970 1707.7
1310980 1702.0
1310990 1702.0
1311000 1696.2
1311010 1690.6
1311020 1690.6
1311030 1685.4
1311040 1679.9
1311050 1679.9
1311060 1673.9
1311070 1667.7
1311080 1667.7
1311090 1661.7
1311100 1656.2
1311110 1656.2
1311120 1652.0
1311130 1648.4
1311140 1646.5
1311150 1646.5
1311160 1646.2
1311170 1646.0
1311180 1646.0
1311190 1645.8
1311200 1645.0
1311210 1645.0
1311220 1645.2
1311230 1646.0
1311240 1646.0
1311250 1646.4
1311260 1647.1
1311270 1647.1
1311280 1648.4
1311290 1650.4
1311300 1650.4
1311310 1652.5
1311320 1654.6
1311330 1654.6
1311340 1656.5
1311350 1658.6
1311360 1658.6
1311370 1663.4
1311380 1670.0
1311390 1676.8
1311400 1676.8
1311410 1684.0
1311420 1690.7
1311430 1690.7
1311440 1696.5
1311450 1700.7
1311460 1700.7
1311470 1704.1
1311480 1708.4
1311490 1708.4
1311500 1712.4
1311510 1716.4
1311520 1716.4
1311530 1720.2
1311540 1724.3
1311550 1724.3
1311560 1731.1
1311570 1737.4
1311580 1737.4
1311590 1743.8
1311600 1750.9
1311610 1750.9
1311620 1757.8
1311630 1765.2
1311640 1771.6
1311650 1771.6
1311660 1776.6
1311670 1781.4
1311680 1781.4
1311690 1786.7
1311700 1792.3
1311710 1792.3
1311720 1796.9
1311730 1801.5
1311740 1801.5
1311750 1806.1
1311760 1811.4
1311770 1811.4
1311780 1817.1
1311790 1822.3
1311800 1822.3
1311810 1826.9
1311820 1831.0
1311830 1831.0
1311840 1835.4
1311850 1839.8
1311860 1839.8
1311870 1842.2
1311880 1844.3
1311890 1844.3
1311900 1847.5
1311910 1851.7
1311920 1857.0
1311930 1857.0
1311940 1863.0
1311950 1868.0
1311960 1868.0
1311970 1873.2
1311980 1877.4
1311990 1877.4
1312000 1881.8
1312010 1886.4
1312020 1886.4
1312030 1891.3
1312040 1897.0
1312050 1897.0
1312060 1903.3
1312070 1909.8
1312080 1909.8
1312090 1914.5
1312100 1918.1
1312110 1918.1
1312120 1922.4
1312130 1927.9
1312140 1927.9
1312150 1932.5
1312160 1937.4
1312170 1943.1
1312180 1943.1
1312190 1948.2
1312200 1951.8
1312210 1951.8
1312220 1954.8
1312230 1960.3
1312240 1960.3
1312250 1965.7
1312260 1971.6
1312270 1971.6
1312280 1977.8
1312290 1983.6
1312300 1983.6
1312310 1989.9
1312320 1996.3
1312330 1996.3
1312340 2002.5
1312350 2010.3
1312360 2010.3
1312370 2019.1
1312380 2025.9
1312390 2025.9
1312400 2032.4
1312410 2036.4
1312420 2038.6
1312430 2038.6
1312440 2040.2
1312450 2041.8
1312460 2041.8
1312470 2045.0
1312480 2048.4
1312490 2048.4
1312500 2051.1
1312510 2054.1
1312520 2054.1
1312530 2056.8
1312540 2060.9
1312550 2060.9
1312560 2065.1
1312570 2069.1
1312580 2069.1
1312590 2073.7
1312600 2078.4
1312610 2078.4
1312620 2084.5
1312630 2090.9
1312640 2090.9
1312650 2097.1
1312660 2103.2
1312670 2108.4
1312680 2108.4
1312690 2112.0
1312700 2118.3
1312710 2118.3
1312720 2120.8
1312730 2124.2
1312740 2124.2
1312750 2127.6
1312760 2134.0
1312770 2134.0
1312780 2141.1
1312790 2145.1
1312800 2145.1
1312810 2149.9
1312820 2156.1
1312830 2156.1
1312840 2161.9
1312850 2168.5
1312860 2168.5
1312870 2176.2
1312880 2181.6
1312890 2181.6
1312900 2186.6
1312910 2192.2
1312920 2195.9
1312930 2195.9
1312940 2196.7
1312950 2198.7
1312960 2198.7
1312970 2202.3
1312980 2205.3
1312990 2205.3
1313000 2209.2
1313010 2213.6
1313020 2213.6
1313030 2218.0
1313040 2222.7
1313050 2222.7
1313060 2227.1
1313070 2231.0
1313080 2231.0
1313090 2234.7
1313100 2238.6
1313110 2238.6
1313120 2242.6
1313130 2247.5
1313140 2247.5
1313150 2253.7
1313160 2259.7
1313170 2259.7
1313180 2265.3
1313190 2270.1
1313200 2274.5
1313210 2274.5
1313220 2278.6
1313230 2282.9
1313240 2282.9
1313250 2286.3
1313260 2288.6
1313270 2288.6
1313280 2291.1
1313290 2295.0
1313300 2295.0
1313310 2299.4
1313320 2304.7
1313330 2304.7
1313340 2309.0
1313350 2311.2
1313360 2311.2
1313370 2315.4
1313380 2319.8
1313390 2319.8
1313400 2323.4
1313410 2328.8
1313420 2328.8
1313430 2334.7
1313440 2341.4
1313450 2348.5
1313460 2348.5
1313470 2354.3
1313480 2356.7
1313490 2356.7
1313500 2358.4
1313510 2360.9
1313520 2360.9
1313530 2364.1
1313540 2367.4
1313550 2367.4
1313560 2371.9
1313570 2377.2
1313580 2377.2
1313590 2381.0
1313600 2383.2
1313610 2383.2
1313620 2385.1
1313630 2389.0
1313640 2389.0
1313650 2395.0
1313660 2400.7
1313670 2400.7
1313680 2400.8
1313690 2396.9
1313700 2392.3
1313710 2392.3
1313720 2388.3
1313730 2384.7
1313740 2384.7
1313750 2381.2
1313760 2378.3
1313770 2378.3
1313780 2375.9
1313790 2374.2
1313800 2374.2
1313810 2373.2
1313820 2372.3
1313830 2372.3
1313840 2372.5
1313850 2372.6
1313860 2372.6
1313870 2371.5
1313880 2369.9
1313890 2369.9
1313900 2371.2
1313910 2372.1
1313920 2372.1
1313930 2373.6
1313940 2373.7
1313950 2373.3
1313960 2373.3
1313970 2374.9
1313980 2375.8
1313990 2375.8
1314000 2376.5
1314010 2377.1
1314020 2377.1
1314030 2377.1
1314040 2376.5
1314050 2376.5
1314060 2376.0
1314070 2375.9
1314080 2375.9
1314090 2376.2
1314100 2375.9
1314110 2375.9
1314120 2374.5
1314130 2371.9
1314140 2371.9
1314150 2368.7
1314160 2365.1
1314170 2365.1
1314180 2361.2
1314190 2352.8
1314200 2349.4
1314210 2349.4
1314220 2347.2
1314230 2345.6
1314240 2345.6
1314250 2344.9
1314260 2344.1
1314270 2344.1
1314280 2341.9
1314290 2339.5
1314300 2339.5
1314310 2337.5
1314320 2335.4
1314330 2335.4
1314340 2332.3
1314350 2329.6
1314360 2329.6
1314370 2326.2
1314380 2322.9
1314390 2322.9
1314400 2320.4
1314410 2318.7
1314420 2318.7
1314430 2316.8
1314440 2314.1
1314450 2314.1
1314460 2312.7
1314470 2312.6
1314480 2313.1
1314490 2313.1
1314500 2313.8
1314510 2316.7
1314520 2316.7
1314530 2320.8
1314540 2323.9
1314550 2323.9
1314560 2328.7
1314570 2336.3
1314580 2336.3
1314590 2342.6
1314600 2348.8
1314610 2348.8
1314620 2353.2
1314630 2353.5
1314640 2353.5
1314650 2353.7
1314660 2352.7
1314670 2352.7
1314680 2347.3
1314690 2335.9
1314700 2335.9
1314710 2324.9
1314720 2315.1
1314730 2305.7
1314740 2305.7
1314750 2294.6
1314760 2282.4
1314770 2282.4
1314780 2271.0
1314790 2260.8
1314800 2260.8
1314810 2252.2
1314820 2244.4
1314830 2244.4
1314840 2235.1
1314850 2227.3
1314860 2227.3
1314870 2219.9
1314880 2212.7
1314890 2212.7
1314900 2206.3
1314910 2200.5
1314920 2200.5
1314930 2194.7
1314940 2192.9
1314950 2192.9
1314960 2187.7
1314970 2183.3
1314980 2179.2
1314990 2179.2
1315000 2174.7
1315010 2170.8
1315020 2170.8
1315030 2167.0
1315040 2163.5
1315050 2163.5
1315060 2160.4
1315070 2157.7
1315080 2157.7
1315090 2154.8
1315100 2151.9
1315110 2151.9
1315120 2148.9
1315130 2144.9
1315140 2144.9
1315150 2141.1
1315160 2138.3
1315170 2138.3
1315180 2135.7
1315190 2132.5
1315200 2132.5
1315210 2130.4
1315220 2126.8
1315230 2122.0
1315240 2122.0
1315250 2116.9
1315260 2111.3
1315270 2111.3
1315280 2106.4
1315290 2102.4
1315300 2102.4
1315310 2098.6
1315320 2094.7
1315330 2094.7
1315340 2090.4
1315350 2086.1
1315360 2086.1
1315370 2082.2
1315380 2078.6
1315390 2078.6
1315400 2075.3
1315410 2072.1
1315420 2072.1
1315430 2068.7
1315440 2064.6
1315450 2064.6
1315460 2061.6
1315470 2059.5
1315480 2059.1
1315490 2059.1
1315500 2058.5
1315510 2056.0
1315520 2056.0
1315530 2054.1
1315540 2054.4
1315550 2054.4
1315560 2055.0
1315570 2054.4
1315580 2054.4
1315590 2054.4
1315600 2056.4
1315610 2056.4
1315620 2057.2
1315630 2057.9
1315640 2057.9
1315650 2060.1
1315660 2061.5
1315670 2061.5
1315680 2062.5
1315690 2060.5
1315700 2060.5
1315710 2062.4
1315720 2066.9
1315730 2066.9
1315740 2070.6
1315750 2073.1
1315760 2074.4
1315770 2074.4
1315780 2075.6
1315790 2077.2
1315800 2077.2
1315810 2078.9
1315820 2080.4
1315830 2080.4
1315840 2081.3
1315850 2081.8
1315860 2081.8
1315870 2081.4
1315880 2082.1
1315890 2082.1
1315900 2083.7
1315910 2086.1
1315920 2086.1
1315930 2089.2
1315940 2092.1
1315950 2092.1
1315960 2094.9
1315970 2097.9
1315980 2097.9
1315990 2100.9
1316000 2103.8
1316010 2107.3
1316020 2107.3
1316030 2111.1
1316040 2115.1
1316050 2115.1
1316060 2119.1
1316070 2123.2
1316080 2123.2
1316090 2128.0
1316100 2133.5
1316110 2133.5
1316120 2139.4
1316130 2145.2
1316140 2145.2
1316150 2151.0
1316160 2156.8
1316170 2156.8
1316180 2162.7
1316190 2168.9
1316200 2168.9
1316210 2175.2
1316220 2180.3
1316230 2180.3
1316240 2182.5
1316250 2181.0
1316260 2178.3
1316270 2178.3
1316280 2176.4
1316290 2175.2
1316300 2175.2
1316310 2174.3
1316320 2174.0
1316330 2174.0
1316340 2173.3
1316350 2171.8
1316360 2171.8
1316370 2171.2
1316380 2171.1
1316390 2171.1
1316400 2170.2
1316410 2169.2
1316420 2169.2
1316430 2168.4
1316440 2166.2
1316450 2163.4
1316460 2160.1
1316470 2156.6
1316480 2156.6
1316490 2153.3
1316500 2149.7
1316510 2146.1
1316520 2146.1
1316530 2142.6
1316540 2138.8
1316550 2138.8
1316560 2134.6
1316570 2129.5
1316580 2129.5
1316590 2123.9
1316600 2119.4
1316610 2119.4
1316620 2115.4
1316630 2110.5
1316640 2110.5
1316650 2104.5
1316660 2099.4
1316670 2099.4
1316680 2094.8
1316690 2089.8
1316700 2089.8
1316710 2085.5
1316720 2081.1
1316730 2081.1
1316740 2077.0
1316750 2074.7
1316760 2074.7
1316770 2072.7
1316780 2069.0
1316790 2065.4
1316800 2065.4
1316810 2060.4
1316820 2055.9
1316830 2055.9
1316840 2051.4
1316850 2046.1
1316860 2046.1
1316870 2040.2
1316880 2034.8
1316890 2034.8
1316900 2029.6
1316910 2024.3
1316920 2024.3
1316930 2019.2
1316940 2014.5
1316950 2014.5
1316960 2009.7
1316970 2004.8
1316980 2004.8
1316990 1999.4
1317000 1994.2
1317010 1994.2
1317020 1989.8
1317030 1985.5
1317040 1981.4
1317050 1981.4
1317060 1978.4
1317070 1976.0
1317080 1976.0
1317090 1974.4
1317100 1974.3
1317110 1974.3
1317120 1973.7
1317130 1973.4
1317140 1973.4
1317150 1973.4
1317160 1973.9
1317170 1973.9
1317180 1975.4
1317190 1977.7
1317200 1977.7
1317210 1977.5
1317220 1979.6
1317230 1979.6
1317240 1980.8
1317250 1978.8
1317260 1978.8
1317270 1978.7
1317280 1982.9
1317290 1990.0
1317300 1990.0
1317310 1993.8
1317320 1995.8
1317330 1995.8
1317340 1999.5
1317350 2004.9
1317360 2004.9
1317370 2010.1
1317380 2014.8
1317390 2014.8
1317400 2018.9
1317410 2022.4
1317420 2022.4
1317430 2024.5
1317440 2026.7
1317450 2026.7
1317460 2029.5
1317470 2032.5
1317480 2032.5
1317490 2035.2
1317500 2036.8
1317510 2036.8
1317520 2037.0
1317530 2035.9
1317540 2034.4
1317550 2034.4
1317560 2034.3
1317570 2034.4
1317580 2034.4
1317590 2037.7
1317600 2041.0
1317610 2041.0
1317620 2051.8
1317630 2061.4
1317640 2061.4
1317650 2064.7
1317660 2065.3
1317670 2065.3
1317680 2067.1
1317690 2070.9
1317700 2070.9
1317710 2073.9
1317720 2078.2
1317730 2078.2
1317740 2081.0
1317750 2082.2
1317760 2082.2
1317770 2083.9
1317780 2085.8
1317790 2087.2
1317800 2087.2
1317810 2089.6
1317820 2092.0
1317830 2092.0
1317840 2093.8
1317850 2095.2
1317860 2095.2
1317870 2096.6
1317880 2098.3
1317890 2098.3
1317900 2100.1
1317910 2100.8
1317920 2100.8
1317930 2100.7
1317940 2101.4
1317950 2101.4
1317960 2100.3
1317970 2095.0
1317980 2095.0
1317990 2095.1
1318000 2094.7
1318010 2094.7
1318020 2093.2
1318030 2090.9
1318040 2085.9
1318050 2085.9
1318060 2082.0
1318070 2080.0
1318080 2080.0
1318090 2077.6
1318100 2077.6
1318110 2077.6
1318120 2077.3
1318130 2076.6
1318140 2076.6
1318150 2076.3
1318160 2075.9
1318170 2075.9
1318180 2075.4
1318190 2074.6
1318200 2074.6
1318210 2073.7
1318220 2072.8
1318230 2072.8
1318240 2072.1
1318250 2071.2
1318260 2071.2
1318270 2068.5
1318280 2064.5
1318290 2064.5
1318300 2061.8
1318310 2058.3
1318320 2054.6
1318330 2054.6
1318340 2050.6
1318350 2046.5
1318360 2046.5
1318370 2042.6
1318380 2038.5
1318390 2038.5
1318400 2033.9
1318410 2029.5
1318420 2029.5
1318430 2025.4
1318440 2022.2
1318450 2022.2
1318460 2019.5
1318470 2016.5
1318480 2016.5
1318490 2012.3
1318500 2007.7
1318510 2007.7
1318520 2003.3
1318530 1999.9
1318540 1999.9
1318550 1996.8
1318560 1993.6
1318570 1991.4
1318580 1991.4
1318590 1988.6
1318600 1983.9
1318610 1983.9
1318620 1979.6
1318630 1974.2
1318640 1974.2
1318650 1969.8
1318660 1965.7
1318670 1965.7
1318680 1962.0
1318690 1957.6
1318700 1957.6
1318710 1953.3
1318720 1948.5
1318730 1948.5
1318740 1938.0
1318750 1933.1
1318760 1933.1
1318770 1928.8
1318780 1924.8
1318790 1924.8
1318800 1920.5
1318810 1915.6
1318820 1910.9
1318830 1910.9
1318840 1908.8
1318850 1906.0
1318860 1906.0
1318870 1901.0
1318880 1895.0
1318890 1895.0
1318900 1890.5
1318910 1886.6
1318920 1886.6
1318930 1882.8
1318940 1879.2
1318950 1879.2
1318960 1874.9
1318970 1870.6
1318980 1870.6
1318990 1866.2
1319000 1862.7
1319010 1862.7
1319020 1857.5
1319030 1852.9
1319040 1852.9
1319050 1849.0
1319060 1846.2
1319070 1842.8
1319080 1842.8
1319090 1840.1
1319100 1837.9
1319110 1837.9
1319120 1835.3
1319130 1831.0
1319140 1831.0
1319150 1825.8
1319160 1821.1
1319170 1821.1
1319180 1818.3
1319190 1816.1
1319200 1816.1
1319210 1814.2
1319220 1810.4
1319230 1810.4
1319240 1805.3
1319250 1799.8
1319260 1799.8
1319270 1794.6
1319280 1791.5
1319290 1791.5
1319300 1788.5
1319310 1785.5
1319320 1782.9
1319330 1782.9
1319340 1781.9
1319350 1780.7
1319360 1780.7
1319370 1777.8
1319380 1774.1
1319390 1774.1
1319400 1770.9
1319410 1767.3
1319420 1767.3
1319430 1763.7
1319440 1759.8
1319450 1759.8
1319460 1755.2
1319470 1750.5
1319480 1750.5
1319490 1746.5
1319500 1743.0
1319510 1740.9
1319520 1736.5
1319530 1732.6
1319540 1732.6
1319550 1730.5
1319560 1729.6
1319570 1729.6
1319580 1725.4
1319590 1720.8
1319600 1717.0
1319610 1717.0
1319620 1712.7
1319630 1709.9
1319640 1709.9
1319650 1708.3
1319660 1704.9
1319670 1704.9
1319680 1700.8
1319690 1698.0
1319700 1698.0
1319710 1696.3
1319720 1694.8
1319730 1694.8
1319740 1693.3
1319750 1694.2
1319760 1694.2
1319770 1695.1
1319780 1695.2
1319790 1695.2
1319800 1694.1
1319810 1691.6
1319820 1691.6
1319830 1688.7
1319840 1686.1
1319850 1683.7
1319860 1683.7
1319870 1681.0
1319880 1678.8
1319890 1678.8
1319900 1676.2
1319910 1673.5
1319920 1673.5
1319930 1669.2
1319940 1664.2
1319950 1664.2
1319960 1659.7
1319970 1656.4
1319980 1656.4
1319990 1654.3
