1300000 1671.6
1300010 1670.7
1300020 1667.3
1300030 1667.3
1300040 1665.8
1300050 1663.6
1300060 1663.6
1300070 1660.1
1300080 1657.0
1300090 1657.0
1300100 1655.6
1300110 1654.3
1300120 1654.3
1300130 1656.2
1300140 1656.8
1300150 1656.4
1300160 1656.4
1300170 1654.6
1300180 1651.9
1300190 1651.9
1300200 1649.7
1300210 1648.5
1300220 1648.5
1300230 1647.1
1300240 1646.4
1300250 1646.4
1300260 1647.1
1300270 1647.3
1300280 1647.3
1300290 1646.3
1300300 1645.1
1300310 1645.1
1300320 1644.1
1300330 1643.2
1300340 1643.2
1300350 1640.8
1300360 1638.2
1300370 1638.2
1300380 1636.5
1300390 1634.5
1300400 1632.2
1300410 1632.2
1300420 1629.6
1300430 1627.2
1300440 1627.2
1300450 1623.7
1300460 1620.4
1300470 1620.4
1300480 1617.3
1300490 1614.8
1300500 1614.8
1300510 1613.2
1300520 1610.9
1300530 1610.9
1300540 1608.0
1300550 1604.4
1300560 1604.4
1300570 1600.2
1300580 1596.0
1300590 1596.0
1300600 1591.9
1300610 1587.3
1300620 1587.3
1300630 1581.8
1300640 1576.0
1300650 1576.0
1300660 1571.2
1300670 1566.8
1300680 1560.4
1300690 1560.4
1300700 1554.3
1300710 1548.8
1300720 1548.8
1300730 1542.2
1300740 1535.7
1300750 1535.7
1300760 1529.4
1300770 1524.8
1300780 1524.8
1300790 1520.2
1300800 1515.4
1300810 1515.4
1300820 1513.5
1300830 1514.9
1300840 1514.9
1300850 1512.2
1300860 1508.8
1300870 1508.8
1300880 1504.6
1300890 1501.2
1300900 1501.2
1300910 1496.5
1300920 1494.1
1300930 1492.5
1300940 1492.5
1300950 1490.0
1300960 1486.8
1300970 1486.8
1300980 1482.8
1300990 1478.3
1301000 1478.3
1301010 1474.4
1301020 1470.7
1301030 1470.7
1301040 1465.2
1301050 1458.4
1301060 1458.4
1301070 1451.3
1301080 1446.3
1301090 1446.3
1301100 1443.6
1301110 1441.2
1301120 1441.2
1301130 1438.8
1301140 1436.3
1301150 1436.3
1301160 1433.6
1301170 1430.8
1301180 1428.2
1301190 1428.2
1301200 1425.5
1301210 1423.3
1301220 1423.3
1301230 1420.3
1301240 1417.3
1301250 1417.3
1301260 1414.6
1301270 1411.4
1301280 1411.4
1301290 1407.9
1301300 1404.6
1301310 1404.6
1301320 1401.8
1301330 1398.2
1301340 1398.2
1301350 1394.3
1301360 1391.3
1301370 1391.3
1301380 1386.9
1301390 1381.0
1301400 1381.0
1301410 1375.9
1301420 1371.2
1301430 1365.8
1301440 1365.8
1301450 1358.8
1301460 1352.7
1301470 1352.7
1301480 1346.1
1301490 1339.3
1301500 1339.3
1301510 1332.3
1301520 1322.4
1301530 1322.4
1301540 1315.5
1301550 1308.2
1301560 1308.2
1301570 1301.1
1301580 1295.1
1301590 1295.1
1301600 1290.6
1301610 1285.3
1301620 1285.3
1301630 1280.5
1301640 1275.5
1301650 1275.5
1301660 1271.1
1301670 1266.4
1301680 1266.4
1301690 1261.5
1301700 1257.3
1301710 1253.1
1301720 1253.1
1301730 1248.8
1301740 1243.7
1301750 1243.7
1301760 1238.5
1301770 1233.2
1301780 1233.2
1301790 1227.5
1301800 1226.9
1301810 1226.9
1301820 1228.9
1301830 1234.9
1301840 1234.9
1301850 1240.6
1301860 1245.0
1301870 1245.0
1301880 1250.0
1301890 1255.4
1301900 1255.4
1301910 1260.2
1301920 1264.3
1301930 1264.3
1301940 1268.2
1301950 1272.6
1301960 1278.6
1301970 1278.6
1301980 1285.3
1301990 1292.5
1302000 1292.5
1302010 1299.7
1302020 1307.2
1302030 1307.2
1302040 1313.7
1302050 1320.6
1302060 1320.6
1302070 1327.3
1302080 1333.5
1302090 1333.5
1302100 1338.6
1302110 1343.7
1302120 1343.7
1302130 1348.5
1302140 1353.1
1302150 1353.1
1302160 1358.1
1302170 1363.5
1302180 1363.5
1302190 1369.1
1302200 1374.4
1302210 1382.0
1302220 1382.0
1302230 1389.2
1302240 1396.4
1302250 1396.4
1302260 1402.8
1302270 1409.0
1302280 1409.0
1302290 1415.6
1302300 1421.0
1302310 1421.0
1302320 1427.1
1302330 1433.6
1302340 1433.6
1302350 1440.3
1302360 1446.8
1302370 1446.8
1302380 1453.0
1302390 1459.6
1302400 1459.6
1302410 1466.6
1302420 1474.6
1302430 1474.6
1302440 1481.1
1302450 1485.9
1302460 1490.1
1302470 1490.1
1302480 1496.5
1302490 1504.2
1302500 1504.2
1302510 1511.7
1302520 1520.6
1302530 1520.6
1302540 1528.5
1302550 1537.0
1302560 1537.0
1302570 1544.1
1302580 1551.0
1302590 1551.0
1302600 1556.9
1302610 1561.7
1302620 1561.7
1302630 1566.0
1302640 1570.2
1302650 1570.2
1302660 1575.6
1302670 1582.0
1302680 1582.0
1302690 1589.3
1302700 1596.4
1302710 1603.2
1302720 1603.2
1302730 1609.8
1302740 1615.7
1302750 1615.7
1302760 1620.7
1302770 1625.6
1302780 1625.6
1302790 1630.6
1302800 1635.3
1302810 1635.3
1302820 1640.3
1302830 1645.4
1302840 1645.4
1302850 1650.7
1302860 1656.0
1302870 1656.0
1302880 1661.3
1302890 1666.2
1302900 1666.2
1302910 1673.8
1302920 1678.5
1302930 1678.5
1302940 1682.9
1302950 1687.7
1302960 1687.7
1302970 1692.7
1302980 1697.1
1302990 1700.7
1303000 1700.7
1303010 1704.4
1303020 1708.0
1303030 1708.0
1303040 1711.8
1303050 1716.1
1303060 1716.1
1303070 1719.8
1303080 1723.1
1303090 1723.1
1303100 1726.3
1303110 1728.1
1303120 1728.1
1303130 1729.0
1303140 1731.4
1303150 1731.4
1303160 1734.0
1303170 1737.8
1303180 1737.8
1303190 1741.4
1303200 1743.8
1303210 1743.8
1303220 1746.0
1303230 1749.2
1303240 1752.6
1303250 1752.6
1303260 1755.8
1303270 1758.8
1303280 1758.8
1303290 1761.7
1303300 1763.5
1303310 1763.5
1303320 1764.1
1303330 1764.1
1303340 1764.1
1303350 1764.5
1303360 1766.5
1303370 1766.5
1303380 1769.7
1303390 1773.2
1303400 1773.2
1303410 1776.5
1303420 1778.1
1303430 1778.1
1303440 1780.5
1303450 1784.4
1303460 1784.4
1303470 1787.6
1303480 1790.8
1303490 1796.1
1303500 1796.1
1303510 1800.0
1303520 1804.3
1303530 1804.3
1303540 1808.1
1303550 1811.1
1303560 1811.1
1303570 1812.1
1303580 1811.5
1303590 1811.5
1303600 1811.0
1303610 1814.5
1303620 1814.5
1303630 1815.3
1303640 1815.8
1303650 1815.8
1303660 1817.1
1303670 1818.4
1303680 1818.4
1303690 1819.1
1303700 1821.1
1303710 1821.1
1303720 1821.8
1303730 1822.4
1303740 1823.6
1303750 1823.6
1303760 1824.5
1303770 1824.7
1303780 1824.7
1303790 1824.7
1303800 1823.7
1303810 1823.7
1303820 1823.1
1303830 1823.4
1303840 1823.4
1303850 1824.6
1303860 1824.9
1303870 1824.9
1303880 1821.9
1303890 1821.6
1303900 1821.6
1303910 1822.0
1303920 1821.5
1303930 1821.5
1303940 1820.0
1303950 1818.8
1303960 1818.8
1303970 1819.4
1303980 1820.2
1303990 1820.2
1304000 1819.9
1304010 1819.5
1304020 1818.4
1304030 1818.4
1304040 1817.6
1304050 1817.5
1304060 1817.5
1304070 1816.4
1304080 1814.7
1304090 1814.7
1304100 1813.9
1304110 1814.3
1304120 1814.3
1304130 1816.7
1304140 1819.5
1304150 1819.5
1304160 1817.2
1304170 1812.8
1304180 1812.8
1304190 1812.6
1304200 1810.2
1304210 1810.2
1304220 1806.3
1304230 1801.3
1304240 1801.3
1304250 1795.3
1304260 1791.1
1304270 1788.2
1304280 1788.2
1304290 1784.7
1304300 1780.6
1304310 1780.6
1304320 1781.1
1304330 1778.1
1304340 1778.1
1304350 1776.1
1304360 1772.6
1304370 1772.6
1304380 1768.0
1304390 1762.4
1304400 1762.4
1304410 1757.2
1304420 1754.7
1304430 1754.7
1304440 1753.6
1304450 1751.8
1304460 1751.8
1304470 1749.1
1304480 1745.3
1304490 1745.3
1304500 1741.7
1304510 1737.8
1304520 1733.8
1304530 1733.8
1304540 1730.0
1304550 1725.5
1304560 1725.5
1304570 1724.1
1304580 1721.7
1304590 1721.7
1304600 1716.8
1304610 1712.1
1304620 1712.1
1304630 1709.7
1304640 1708.0
1304650 1708.0
1304660 1705.2
1304670 1701.4
1304680 1701.4
1304690 1700.6
1304700 1699.5
1304710 1699.5
1304720 1696.1
1304730 1690.8
1304740 1690.8
1304750 1685.6
1304760 1680.2
1304770 1674.8
1304780 1674.8
1304790 1670.5
1304800 1667.8
1304810 1667.8
1304820 1666.3
1304830 1664.5
1304840 1664.5
1304850 1662.5
1304860 1659.8
1304870 1659.8
1304880 1656.4
1304890 1654.0
1304900 1654.0
1304910 1652.6
1304920 1649.1
1304930 1649.1
1304940 1645.2
1304950 1643.5
1304960 1643.5
1304970 1643.2
1304980 1642.6
1304990 1642.6
1305000 1641.1
1305010 1638.8
1305020 1645.0
1305030 1643.1
1305040 1642.1
1305050 1640.8
1305060 1640.8
1305070 1639.4
1305080 1636.6
1305090 1636.6
1305100 1634.8
1305110 1634.0
1305120 1634.0
1305130 1633.0
1305140 1631.3
1305150 1631.3
1305160 1630.5
1305170 1628.8
1305180 1628.8
1305190 1626.7
1305200 1627.7
1305210 1627.7
1305220 1629.6
1305230 1631.5
1305240 1631.5
1305250 1634.2
1305260 1632.7
1305270 1632.7
1305280 1627.9
1305290 1627.6
1305300 1628.0
1305310 1628.0
1305320 1628.5
1305330 1629.8
1305340 1629.8
1305350 1634.3
1305360 1640.2
1305370 1640.2
1305380 1644.3
1305390 1648.0
1305400 1648.0
1305410 1652.5
1305420 1655.5
1305430 1655.5
1305440 1657.7
1305450 1660.0
1305460 1660.0
1305470 1661.5
1305480 1662.5
1305490 1662.5
1305500 1664.3
1305510 1667.4
1305520 1667.4
1305530 1671.7
1305540 1677.4
1305550 1682.2
1305560 1682.2
1305570 1685.6
1305580 1687.1
1305590 1687.1
1305600 1688.9
1305610 1690.7
1305620 1690.7
1305630 1695.8
1305640 1700.2
1305650 1700.2
1305660 1703.7
1305670 1708.0
1305680 1708.0
1305690 1713.6
1305700 1719.4
1305710 1719.4
1305720 1725.5
1305730 1723.4
1305740 1723.4
1305750 1726.9
1305760 1731.2
1305770 1731.2
1305780 1738.1
1305790 1746.2
1305800 1753.2
1305810 1753.2
1305820 1761.3
1305830 1768.3
1305840 1768.3
1305850 1775.2
1305860 1781.5
1305870 1781.5
1305880 1787.4
1305890 1793.6
1305900 1793.6
1305910 1800.8
1305920 1808.8
1305930 1808.8
1305940 1817.0
1305950 1825.0
1305960 1825.0
1305970 1833.3
1305980 1842.7
1305990 1842.7
1306000 1852.2
1306010 1861.1
1306020 1861.1
1306030 1868.7
1306040 1875.1
1306050 1875.1
1306060 1881.0
1306070 1887.2
1306080 1894.6
1306090 1894.6
1306100 1901.4
1306110 1908.3
1306120 1908.3
1306130 1914.6
1306140 1919.2
1306150 1919.2
1306160 1923.1
1306170 1927.8
1306180 1927.8
1306190 1932.8
1306200 1938.1
1306210 1938.1
1306220 1942.7
1306230 1948.8
1306240 1948.8
1306250 1957.7
1306260 1964.4
1306270 1964.4
1306280 1970.5
1306290 1975.8
1306300 1975.8
1306310 1979.9
1306320 1983.6
1306330 1987.3
1306340 1987.3
1306350 1990.9
1306360 1993.6
1306370 1993.6
1306380 1995.2
1306390 1997.0
1306400 1997.0
1306410 1999.4
1306420 2001.1
1306430 2001.1
1306440 2002.8
1306450 2001.1
1306460 2001.1
1306470 2004.0
1306480 2006.7
1306490 2006.7
1306500 2010.3
1306510 2013.7
1306520 2013.7
1306530 2017.0
1306540 2019.4
1306550 2019.4
1306560 2022.0
1306570 2023.8
1306580 2025.9
1306590 2025.9
1306600 2028.9
1306610 2031.8
1306620 2031.8
1306630 2034.4
1306640 2037.1
1306650 2037.1
1306660 2039.2
1306670 2041.4
1306680 2041.4
1306690 2043.5
1306700 2045.7
1306710 2045.7
1306720 2048.3
1306730 2050.9
1306740 2050.9
1306750 2052.8
1306760 2054.6
1306770 2054.6
1306780 2057.2
1306790 2059.8
1306800 2059.8
1306810 2062.1
1306820 2064.7
1306830 2067.7
1306840 2067.7
1306850 2071.3
1306860 2075.5
1306870 2075.5
1306880 2080.7
1306890 2085.7
1306900 2085.7
1306910 2090.8
1306920 2095.1
1306930 2095.1
1306940 2099.5
1306950 2104.6
1306960 2104.6
1306970 2110.7
1306980 2116.8
1306990 2116.8
1307000 2122.4
1307010 2126.3
1307020 2126.3
1307030 2129.7
1307040 2133.7
1307050 2133.7
1307060 2138.7
1307070 2144.5
1307080 2144.5
1307090 2151.8
1307100 2159.6
1307110 2167.2
1307120 2167.2
1307130 2174.7
1307140 2183.4
1307150 2183.4
1307160 2195.9
1307170 2211.5
1307180 2211.5
1307190 2225.9
1307200 2235.3
1307210 2235.3
1307220 2241.8
1307230 2247.7
1307240 2247.7
1307250 2253.6
1307260 2258.5
1307270 2258.5
1307280 2262.3
1307290 2265.8
1307300 2265.8
1307310 2269.7
1307320 2273.7
1307330 2273.7
1307340 2277.7
1307350 2282.2
1307360 2286.1
1307370 2286.1
1307380 2289.6
1307390 2293.2
1307400 2293.2
1307410 2297.1
1307420 2301.1
1307430 2301.1
1307440 2305.6
1307450 2309.6
1307460 2309.6
1307470 2309.6
1307480 2301.1
1307490 2301.1
1307500 2291.6
1307510 2282.2
1307520 2282.2
1307530 2274.8
1307540 2268.3
1307550 2268.3
1307560 2261.9
1307570 2255.1
1307580 2255.1
1307590 2248.7
1307600 2242.1
1307610 2236.9
1307620 2236.9
1307630 2233.4
1307640 2230.6
1307650 2230.6
1307660 2227.8
1307670 2224.9
1307680 2224.9
1307690 2220.9
1307700 2216.4
1307710 2216.4
1307720 2210.5
1307730 2204.9
1307740 2204.9
1307750 2199.5
1307760 2194.8
1307770 2194.8
1307780 2189.9
1307790 2185.3
1307800 2185.3
1307810 2180.9
1307820 2177.0
1307830 2177.0
1307840 2174.1
1307850 2172.7
1307860 2164.1
1307870 2164.1
1307880 2162.0
1307890 2154.4
1307900 2154.4
1307910 2145.5
1307920 2134.2
1307930 2134.2
1307940 2122.1
1307950 2113.7
1307960 2113.7
1307970 2106.8
1307980 2099.8
1307990 2099.8
1308000 2092.7
1308010 2085.3
1308020 2085.3
1308030 2078.0
1308040 2070.8
1308050 2070.8
1308060 2064.6
1308070 2058.4
1308080 2058.4
1308090 2049.6
1308100 2041.1
1308110 2034.3
1308120 2034.3
1308130 2028.6
1308140 2022.3
1308150 2022.3
1308160 2016.4
1308170 2011.1
1308180 2011.1
1308190 2006.5
1308200 2002.4
1308210 2002.4
1308220 1998.7
1308230 1995.8
1308240 1995.8
1308250 1993.9
1308260 1992.2
1308270 1992.2
1308280 1991.4
1308290 1990.5
1308300 1990.5
1308310 1989.9
1308320 1989.4
1308330 1989.4
1308340 1989.9
1308350 1990.1
1308360 1990.1
1308370 1988.8
1308380 1992.3
1308390 1996.8
1308400 1996.8
1308410 2000.4
1308420 2002.1
1308430 2002.1
1308440 2001.7
1308450 2001.2
1308460 2001.2
1308470 2000.1
1308480 1998.4
1308490 1998.4
1308500 1996.5
1308510 1994.8
1308520 1994.8
1308530 1993.5
1308540 1992.5
1308550 1992.5
1308560 1992.0
1308570 1993.9
1308580 1993.9
1308590 1996.0
1308600 1998.0
1308610 1998.0
1308620 2001.1
1308630 2003.3
1308640 2005.2
1308650 2005.2
1308660 2006.9
1308670 2008.1
1308680 2008.1
1308690 2005.2
1308700 2000.7
1308710 2000.7
1308720 1997.7
1308730 1996.1
1308740 1996.1
1308750 1996.0
1308760 1993.7
1308770 1993.7
1308780 1988.2
1308790 1983.2
1308800 1983.2
1308810 1979.0
1308820 1976.8
1308830 1976.8
1308840 1976.1
1308850 1975.8
1308860 1975.8
1308870 1977.7
1308880 1980.5
1308890 1981.1
1308900 1981.1
1308910 1982.8
1308920 1984.3
1308930 1984.3
1308940 1981.0
1308950 1979.7
1308960 1979.7
1308970 1976.9
1308980 1971.7
1308990 1971.7
1309000 1969.4
1309010 1967.7
1309020 1967.7
1309030 1967.0
1309040 1966.7
1309050 1966.7
1309060 1968.4
1309070 1969.1
1309080 1969.1
1309090 1968.6
1309100 1969.5
1309110 1969.5
1309120 1970.8
1309130 1971.3
1309140 1970.1
1309150 1970.1
1309160 1969.6
1309170 1968.3
1309180 1968.3
1309190 1967.8
1309200 1966.3
1309210 1966.3
1309220 1963.4
1309230 1961.2
1309240 1961.2
1309250 1963.0
1309260 1968.2
1309270 1968.2
1309280 1972.2
1309290 1975.4
1309300 1975.4
1309310 1976.5
1309320 1975.3
1309330 1981.8
1309340 1979.2
1309350 1978.2
1309360 1978.2
1309370 1979.3
1309380 1980.3
1309390 1980.3
1309400 1982.5
1309410 1984.1
1309420 1985.4
1309430 1985.4
1309440 1986.3
1309450 1987.7
1309460 1987.7
1309470 1989.4
1309480 1993.0
1309490 1993.0
1309500 1997.5
1309510 2001.9
1309520 2001.9
1309530 2004.4
1309540 2006.8
1309550 2006.8
1309560 2010.8
1309570 2013.4
1309580 2013.4
1309590 2015.9
1309600 2019.5
1309610 2019.5
1309620 2022.6
1309630 2025.5
1309640 2025.5
1309650 2028.0
1309660 2029.7
1309670 2032.1
1309680 2032.1
1309690 2033.3
1309700 2034.5
1309710 2034.5
1309720 2035.7
1309730 2038.6
1309740 2038.6
1309750 2041.8
1309760 2043.2
1309770 2043.2
1309780 2041.8
1309790 2040.0
1309800 2040.0
1309810 2038.4
1309820 2036.8
1309830 2036.8
1309840 2035.9
1309850 2036.6
1309860 2036.6
1309870 2037.5
1309880 2040.1
1309890 2040.1
1309900 2043.0
1309910 2047.1
1309920 2051.3
1309930 2051.3
1309940 2055.0
1309950 2057.9
1309960 2057.9
1309970 2061.0
1309980 2063.8
1309990 2063.8
1310000 2065.1
1310010 2065.3
1310020 2065.3
1310030 2062.8
1310040 2056.6
1310050 2058.1
1310060 2050.5
1310070 2047.4
1310080 2047.4
1310090 2047.9
1310100 2049.3
1310110 2049.3
1310120 2052.7
1310130 2054.5
1310140 2054.5
1310150 2056.4
1310160 2057.5
1310170 2058.0
1310180 2058.0
1310190 2058.5
1310200 2054.0
1310210 2054.0
1310220 2044.5
1310230 2033.5
1310240 2033.5
1310250 2024.7
1310260 2012.2
1310270 2012.2
1310280 1998.4
1310290 1986.8
1310300 1986.8
1310310 1976.1
1310320 1969.6
1310330 1969.6
1310340 1961.3
1310350 1953.9
1310360 1953.9
1310370 1946.8
1310380 1937.7
1310390 1937.7
1310400 1929.4
1310410 1919.2
1310420 1919.2
1310430 1907.5
1310440 1901.3
1310450 1895.8
1310460 1895.8
1310470 1890.8
1310480 1886.2
1310490 1886.2
1310500 1881.7
1310510 1876.8
1310520 1876.8
1310530 1871.5
1310540 1866.2
1310550 1866.2
1310560 1861.1
1310570 1855.6
1310580 1855.6
1310590 1850.6
1310600 1845.5
1310610 1845.5
1310620 1840.5
1310630 1835.7
1310640 1835.7
1310650 1831.4
1310660 1827.1
1310670 1827.1
1310680 1822.9
1310690 1818.3
1310700 1813.6
1310710 1813.6
1310720 1809.8
1310730 1806.7
1310740 1806.7
1310750 1802.5
1310760 1798.8
1310770 1798.8
1310780 1793.8
1310790 1789.3
1310800 1789.3
1310810 1781.8
1310820 1774.9
1310830 1774.9
1310840 1768.9
1310850 1763.8
1310860 1763.8
1310870 1759.0
1310880 1754.7
1310890 1754.7
1310900 1748.5
1310910 1740.8
1310920 1740.8
1310930 1733.0
1310940 1724.7
1310950 1716.3
1310960 1716.3
1310970 1708.6
1310980 1700.5
1310990 1700.5
1311000 1691.1
1311010 1683.0
1311020 1683.0
1311030 1675.4
1311040 1667.5
1311050 1667.5
1311060 1660.4
1311070 1654.3
1311080 1654.3
1311090 1648.5
1311100 1642.5
1311110 1642.5
1311120 1637.7
1311130 1633.3
1311140 1633.3
1311150 1630.4
1311160 1627.7
1311170 1627.7
1311180 1620.8
1311190 1613.2
1311200 1611.6
1311210 1611.6
1311220 1616.0
1311230 1623.6
1311240 1623.6
1311250 1625.8
1311260 1625.3
1311270 1625.3
1311280 1626.8
1311290 1631.5
1311300 1631.5
1311310 1635.9
1311320 1640.2
1311330 1640.2
1311340 1642.8
1311350 1644.3
1311360 1644.3
1311370 1645.0
1311380 1643.7
1311390 1643.7
1311400 1642.1
1311410 1641.8
1311420 1641.8
1311430 1645.5
1311440 1652.3
1311450 1652.3
1311460 1659.8
1311470 1666.7
1311480 1673.0
1311490 1673.0
1311500 1677.8
1311510 1681.1
1311520 1684.1
1311530 1686.9
1311540 1689.1
1311550 1689.1
1311560 1690.9
1311570 1693.2
1311580 1693.2
1311590 1695.2
1311600 1697.8
1311610 1697.8
1311620 1701.3
1311630 1706.1
1311640 1706.1
1311650 1711.5
1311660 1717.2
1311670 1717.2
1311680 1722.3
1311690 1727.1
1311700 1727.1
1311710 1731.5
1311720 1735.6
1311730 1740.4
1311740 1740.4
1311750 1744.6
1311760 1749.8
1311770 1749.8
1311780 1755.6
1311790 1761.5
1311800 1761.5
1311810 1767.9
1311820 1774.4
1311830 1774.4
1311840 1780.9
1311850 1787.8
1311860 1787.8
1311870 1793.8
1311880 1800.4
1311890 1800.4
1311900 1807.4
1311910 1812.9
1311920 1812.9
1311930 1818.2
1311940 1824.4
1311950 1824.4
1311960 1830.5
1311970 1837.2
1311980 1842.9
1311990 1842.9
1312000 1845.6
1312010 1848.3
1312020 1848.3
1312030 1850.6
1312040 1853.3
1312050 1853.3
1312060 1855.7
1312070 1859.4
1312080 1859.4
1312090 1864.7
1312100 1869.1
1312110 1869.1
1312120 1873.8
1312130 1879.5
1312140 1879.5
1312150 1886.2
1312160 1893.7
1312170 1893.7
1312180 1900.8
1312190 1908.1
1312200 1908.1
1312210 1915.4
1312220 1923.1
1312230 1928.8
1312240 1928.8
1312250 1932.0
1312260 1937.2
1312270 1937.2
1312280 1942.1
1312290 1947.3
1312300 1947.3
1312310 1952.8
1312320 1958.2
1312330 1958.2
1312340 1963.7
1312350 1968.5
1312360 1968.5
1312370 1972.3
1312380 1975.1
1312390 1975.1
1312400 1977.9
1312410 1981.2
1312420 1981.2
1312430 1984.5
1312440 1988.0
1312450 1988.0
1312460 1992.2
1312470 1996.9
1312480 1996.9
1312490 2002.1
1312500 2007.7
1312510 2013.1
1312520 2013.1
1312530 2016.7
1312540 2018.1
1312550 2018.1
1312560 2022.1
1312570 2029.5
1312580 2029.5
1312590 2036.3
1312600 2042.9
1312610 2042.9
1312620 2050.0
1312630 2055.9
1312640 2055.9
1312650 2060.6
1312660 2062.6
1312670 2062.6
1312680 2065.4
1312690 2068.0
1312700 2068.0
1312710 2070.3
1312720 2074.6
1312730 2074.6
1312740 2079.0
1312750 2082.5
1312760 2086.6
1312770 2086.6
1312780 2090.7
1312790 2095.2
1312800 2095.2
1312810 2099.6
1312820 2102.3
1312830 2102.3
1312840 2103.6
1312850 2104.5
1312860 2104.5
1312870 2106.2
1312880 2108.6
1312890 2108.6
1312900 2111.3
1312910 2116.4
1312920 2116.4
1312930 2123.2
1312940 2130.1
1312950 2130.1
1312960 2136.3
1312970 2140.9
1312980 2140.9
1312990 2144.9
1313000 2149.9
1313010 2156.5
1313020 2156.5
1313030 2161.9
1313040 2164.6
1313050 2164.6
1313060 2166.6
1313070 2170.5
1313080 2170.5
1313090 2175.6
1313100 2180.7
1313110 2180.7
1313120 2184.6
1313130 2188.1
1313140 2188.1
1313150 2193.5
1313160 2196.3
1313170 2196.3
1313180 2198.9
1313190 2201.3
1313200 2201.3
1313210 2202.2
1313220 2201.3
1313230 2201.3
1313240 2200.8
1313250 2201.2
1313260 2202.2
1313270 2202.2
1313280 2203.7
1313290 2205.3
1313300 2205.3
1313310 2206.4
1313320 2208.2
1313330 2208.2
1313340 2210.6
1313350 2212.6
1313360 2212.6
1313370 2215.3
1313380 2217.6
1313390 2217.6
1313400 2220.3
1313410 2225.7
1313420 2225.7
1313430 2234.5
1313440 2244.2
1313450 2244.2
1313460 2248.2
1313470 2249.5
1313480 2249.5
1313490 2249.8
1313500 2248.4
1313510 2245.3
1313520 2245.3
1313530 2243.2
1313540 2241.3
1313550 2241.3
1313560 2240.6
1313570 2241.6
1313580 2241.6
1313590 2242.8
1313600 2244.6
1313610 2244.6
1313620 2246.9
1313630 2249.0
1313640 2249.0
1313650 2250.5
1313660 2255.7
1313670 2255.7
1313680 2261.9
1313690 2267.1
1313700 2267.1
1313710 2269.5
1313720 2269.9
1313730 2269.9
1313740 2272.2
1313750 2273.0
1313760 2273.0
1313770 2273.9
1313780 2276.9
1313790 2279.8
1313800 2279.8
1313810 2282.4
1313820 2283.8
1313830 2283.8
1313840 2284.1
1313850 2282.7
1313860 2282.7
1313870 2279.6
1313880 2276.9
1313890 2276.9
1313900 2276.3
1313910 2277.8
1313920 2277.8
1313930 2280.6
1313940 2284.2
1313950 2284.2
1313960 2288.6
1313970 2291.3
1313980 2291.3
1313990 2294.9
1314000 2298.9
1314010 2298.9
1314020 2303.5
1314030 2308.1
1314040 2313.2
1314050 2313.2
1314060 2319.8
1314070 2326.2
1314080 2326.2
1314090 2330.9
1314100 2335.9
1314110 2335.9
1314120 2341.8
1314130 2345.8
1314140 2345.8
1314150 2349.0
1314160 2351.8
1314170 2351.8
1314180 2355.6
1314190 2360.3
1314200 2360.3
1314210 2368.2
1314220 2376.0
1314230 2376.0
1314240 2383.3
1314250 2391.4
1314260 2391.4
1314270 2398.3
1314280 2404.4
1314290 2411.9
1314300 2411.9
1314310 2419.9
1314320 2426.3
1314330 2426.3
1314340 2432.8
1314350 2434.6
1314360 2434.6
1314370 2426.2
1314380 2413.2
1314390 2413.2
1314400 2401.9
1314410 2394.0
1314420 2394.0
1314430 2385.1
1314440 2378.9
1314450 2378.9
1314460 2373.5
1314470 2367.7
1314480 2367.7
1314490 2357.1
1314500 2349.8
1314510 2349.8
1314520 2342.8
1314530 2337.5
1314540 2333.3
1314550 2333.3
1314560 2327.3
1314570 2319.5
1314580 2319.5
1314590 2315.6
1314600 2313.5
1314610 2313.5
1314620 2311.1
1314630 2307.8
1314640 2307.8
1314650 2305.7
1314660 2305.2
1314670 2305.2
1314680 2308.3
1314690 2310.6
1314700 2310.6
1314710 2305.0
1314720 2292.7
1314730 2292.7
1314740 2275.9
1314750 2265.3
1314760 2265.3
1314770 2256.0
1314780 2244.6
1314790 2244.6
1314800 2232.8
1314810 2224.9
1314820 2219.4
1314830 2219.4
1314840 2214.6
1314850 2209.9
1314860 2209.9
1314870 2206.5
1314880 2205.6
1314890 2205.6
1314900 2204.5
1314910 2198.8
1314920 2198.8
1314930 2195.3
1314940 2193.6
1314950 2193.6
1314960 2194.3
1314970 2196.8
1314980 2196.8
1314990 2199.4
1315000 2202.1
1315010 2202.1
1315020 2202.3
1315030 2204.6
1315040 2204.6
1315050 2207.3
1315060 2207.0
1315070 2207.4
1315080 2207.4
1315090 2208.6
1315100 2211.0
1315110 2211.0
1315120 2214.4
1315130 2217.2
1315140 2217.2
1315150 2219.6
1315160 2221.0
1315170 2221.0
1315180 2223.5
1315190 2226.0
1315200 2226.0
1315210 2227.3
1315220 2228.2
1315230 2228.2
1315240 2222.3
1315250 2223.6
1315260 2223.6
1315270 2225.2
1315280 2227.6
1315290 2227.6
1315300 2230.7
1315310 2234.9
1315320 2238.9
1315330 2238.9
1315340 2243.0
1315350 2247.8
1315360 2247.8
1315370 2252.8
1315380 2257.6
1315390 2257.6
1315400 2261.6
1315410 2265.8
1315420 2265.8
1315430 2270.3
1315440 2274.9
1315450 2274.9
1315460 2278.4
1315470 2281.1
1315480 2281.1
1315490 2283.9
1315500 2287.4
1315510 2287.4
1315520 2290.0
1315530 2292.8
1315540 2292.8
1315550 2296.3
1315560 2300.3
1315570 2303.7
1315580 2303.7
1315590 2308.4
1315600 2312.4
1315610 2312.4
1315620 2314.2
1315630 2313.8
1315640 2313.8
1315650 2313.7
1315660 2314.0
1315670 2314.0
1315680 2315.4
1315690 2316.9
1315700 2316.9
1315710 2319.6
1315720 2324.8
1315730 2324.8
1315740 2327.0
1315750 2327.8
1315760 2327.8
1315770 2329.0
1315780 2330.3
1315790 2330.3
1315800 2329.0
1315810 2325.6
1315820 2325.6
1315830 2321.4
1315840 2317.7
1315850 2313.7
1315860 2313.7
1315870 2307.8
1315880 2302.4
1315890 2302.4
1315900 2300.1
1315910 2300.6
1315920 2300.6
1315930 2300.0
1315940 2296.6
1315950 2296.6
1315960 2291.3
1315970 2285.8
1315980 2285.8
1315990 2279.5
1316000 2277.3
1316010 2277.3
1316020 2274.9
1316030 2272.2
1316040 2272.2
1316050 2270.2
1316060 2268.7
1316070 2268.7
1316080 2267.0
1316090 2268.0
1316100 2271.1
1316110 2271.1
1316120 2274.1
1316130 2275.4
1316140 2275.4
1316150 2272.1
1316160 2268.7
1316170 2268.7
1316180 2266.5
1316190 2265.6
1316200 2265.6
1316210 2267.0
1316220 2267.7
1316230 2267.7
1316240 2265.8
1316250 2262.1
1316260 2262.1
1316270 2260.9
1316280 2256.8
1316290 2256.8
1316300 2248.8
1316310 2239.8
1316320 2239.8
1316330 2231.8
1316340 2221.3
1316350 2214.1
1316360 2214.1
1316370 2207.5
1316380 2201.6
1316390 2201.6
1316400 2196.9
1316410 2193.3
1316420 2193.3
1316430 2186.8
1316440 2181.4
1316450 2181.4
1316460 2178.9
1316470 2177.2
1316480 2177.2
1316490 2176.5
1316500 2175.4
1316510 2175.4
1316520 2171.9
1316530 2170.8
1316540 2170.8
1316550 2169.1
1316560 2170.0
1316570 2170.0
1316580 2169.6
1316590 2167.2
1316600 2165.4
1316610 2165.4
1316620 2164.7
1316630 2164.4
1316640 2164.4
1316650 2163.8
1316660 2163.4
1316670 2163.4
1316680 2164.3
1316690 2161.5
1316700 2161.5
1316710 2156.7
1316720 2152.3
1316730 2152.3
1316740 2149.8
1316750 2145.5
1316760 2145.5
1316770 2143.7
1316780 2141.4
1316790 2141.4
1316800 2136.9
1316810 2132.3
1316820 2132.3
1316830 2129.9
1316840 2127.6
1316850 2127.6
1316860 2124.5
1316870 2121.6
1316880 2120.3
1316890 2120.3
1316900 2119.7
1316910 2119.3
1316920 2119.3
1316930 2119.6
1316940 2120.2
1316950 2120.2
1316960 2119.7
1316970 2117.8
1316980 2117.8
1316990 2115.5
1317000 2113.1
1317010 2113.1
1317020 2111.1
1317030 2107.8
1317040 2107.8
1317050 2105.0
1317060 2103.8
1317070 2103.8
1317080 2103.3
1317090 2099.3
1317100 2099.3
1317110 2096.3
1317120 2095.5
1317130 2094.5
1317140 2094.5
1317150 2093.1
1317160 2091.4
1317170 2091.4
1317180 2091.3
1317190 2091.0
1317200 2091.0
1317210 2090.4
1317220 2090.0
1317230 2090.0
1317240 2089.8
1317250 2090.0
1317260 2090.0
1317270 2089.7
1317280 2089.2
1317290 2089.2
1317300 2089.5
1317310 2089.8
1317320 2089.8
1317330 2090.2
1317340 2090.4
1317350 2090.4
1317360 2090.6
1317370 2092.1
1317380 2094.4
1317390 2094.4
1317400 2096.5
1317410 2098.5
1317420 2098.5
1317430 2100.6
1317440 2101.9
1317450 2101.9
1317460 2102.5
1317470 2103.3
1317480 2103.3
1317490 2105.1
1317500 2106.1
1317510 2104.5
1317520 2105.3
1317530 2106.4
1317540 2106.4
1317550 2106.9
1317560 2106.9
1317570 2106.9
1317580 2106.1
1317590 2105.8
1317600 2105.8
1317610 2107.8
1317620 2113.5
1317630 2120.0
1317640 2120.0
1317650 2126.9
1317660 2135.2
1317670 2135.2
1317680 2140.3
1317690 2140.4
1317700 2140.4
1317710 2140.0
1317720 2139.5
1317730 2139.5
1317740 2138.8
1317750 2136.1
1317760 2136.1
1317770 2132.7
1317780 2130.0
1317790 2130.0
1317800 2126.7
1317810 2123.3
1317820 2123.3
1317830 2119.8
1317840 2116.3
1317850 2116.3
1317860 2112.7
1317870 2109.3
1317880 2106.2
1317890 2106.2
1317900 2103.5
1317910 2101.1
1317920 2101.1
1317930 2099.0
1317940 2097.4
1317950 2097.4
1317960 2095.8
1317970 2094.0
1317980 2094.0
1317990 2091.9
1318000 2089.4
1318010 2089.4
1318020 2086.6
1318030 2084.0
1318040 2084.0
1318050 2081.7
1318060 2079.8
1318070 2079.8
1318080 2077.8
1318090 2076.1
1318100 2076.1
1318110 2075.4
1318120 2074.2
1318130 2074.2
1318140 2072.0
1318150 2069.0
1318160 2065.6
1318170 2065.6
1318180 2062.4
1318190 2059.8
1318200 2059.8
1318210 2057.5
1318220 2055.4
1318230 2055.4
1318240 2052.6
1318250 2049.3
1318260 2049.3
1318270 2046.3
1318280 2042.7
1318290 2042.7
1318300 2038.8
1318310 2035.1
1318320 2035.1
1318330 2031.3
1318340 2028.1
1318350 2028.1
1318360 2025.7
1318370 2024.3
1318380 2024.3
1318390 2023.2
1318400 2021.9
1318410 2020.4
1318420 2020.4
1318430 2018.6
1318440 2016.5
1318450 2016.5
1318460 2014.4
1318470 2012.3
1318480 2012.3
1318490 2009.6
1318500 2006.1
1318510 2006.1
1318520 2003.1
1318530 2001.3
1318540 2001.3
1318550 2000.6
1318560 1999.8
1318570 1999.8
1318580 1998.9
1318590 1997.7
1318600 1997.7
1318610 1995.9
1318620 1993.6
1318630 1993.6
1318640 1991.2
1318650 1989.0
1318660 1987.0
1318670 1987.0
1318680 1984.9
1318690 1982.9
1318700 1982.9
1318710 1981.4
1318720 1980.0
1318730 1980.0
1318740 1978.7
1318750 1977.5
1318760 1977.5
1318770 1976.3
1318780 1975.3
1318790 1975.3
1318800 1974.7
1318810 1974.7
1318820 1974.7
1318830 1974.5
1318840 1973.3
1318850 1973.3
1318860 1971.2
1318870 1968.3
1318880 1968.3
1318890 1965.1
1318900 1961.5
1318910 1958.0
1318920 1958.0
1318930 1955.0
1318940 1952.5
1318950 1952.5
1318960 1952.2
1318970 1953.5
1318980 1953.5
1318990 1953.4
1319000 1950.5
1319010 1950.5
1319020 1945.1
1319030 1939.7
1319040 1939.7
1319050 1937.2
1319060 1932.7
1319070 1932.7
1319080 1933.0
1319090 1933.9
1319100 1933.9
1319110 1932.8
1319120 1929.7
1319130 1929.7
1319140 1924.7
1319150 1918.5
1319160 1918.5
1319170 1911.1
1319180 1903.4
1319190 1898.2
1319200 1898.2
1319210 1894.3
1319220 1889.6
1319230 1889.6
1319240 1883.5
1319250 1879.3
1319260 1879.3
1319270 1877.2
1319280 1876.0
1319290 1876.0
1319300 1873.4
1319310 1869.2
1319320 1869.2
1319330 1872.0
1319340 1870.7
1319350 1870.7
1319360 1866.5
1319370 1860.1
1319380 1860.1
1319390 1849.9
1319400 1843.2
1319410 1843.2
1319420 1838.0
1319430 1832.5
1319440 1829.6
1319450 1829.6
1319460 1826.3
1319470 1822.9
1319480 1822.9
1319490 1821.2
1319500 1818.6
1319510 1818.6
1319520 1815.3
1319530 1812.0
1319540 1812.0
1319550 1808.6
1319560 1805.5
1319570 1805.5
1319580 1802.7
1319590 1798.9
1319600 1798.9
1319610 1795.4
1319620 1791.7
1319630 1791.7
1319640 1787.7
1319650 1784.0
1319660 1784.0
1319670 1779.9
1319680 1776.4
1319690 1773.9
1319700 1773.9
1319710 1771.9
1319720 1770.1
1319730 1770.1
1319740 1767.8
1319750 1766.5
1319760 1766.5
1319770 1765.4
1319780 1763.1
1319790 1763.1
1319800 1761.0
1319810 1757.9
1319820 1757.9
1319830 1756.7
1319840 1755.6
1319850 1755.6
1319860 1754.0
1319870 1751.5
1319880 1751.5
1319890 1750.3
1319900 1750.9
1319910 1750.9
1319920 1756.1
1319930 1759.8
1319940 1761.0
1319950 1761.0
1319960 1758.8
1319970 1755.2
1319980 1755.2
1319990 1751.5
