1300000 1482.2
1300010 1481.0
1300020 1479.4
1300030 1479.4
1300040 1477.0
1300050 1472.6
1300060 1472.6
1300070 1467.6
1300080 1465.0
1300090 1465.0
1300100 1463.1
1300110 1460.5
1300120 1460.5
1300130 1459.3
1300140 1459.4
1300150 1459.4
1300160 1461.1
1300170 1461.2
1300180 1461.2
1300190 1461.4
1300200 1460.1
1300210 1459.0
1300220 1459.0
1300230 1458.7
1300240 1458.9
1300250 1458.9
1300260 1458.9
1300270 1458.6
1300280 1458.6
1300290 1458.3
1300300 1458.3
1300310 1458.3
1300320 1457.3
1300330 1457.7
1300340 1457.7
1300350 1457.5
1300360 1456.8
1300370 1456.8
1300380 1455.5
1300390 1453.4
1300400 1453.4
1300410 1451.1
1300420 1448.4
1300430 1448.4
1300440 1446.3
1300450 1444.2
1300460 1441.2
1300470 1441.2
1300480 1438.4
1300490 1436.3
1300500 1436.3
1300510 1434.8
1300520 1433.1
1300530 1433.1
1300540 1430.8
1300550 1428.4
1300560 1428.4
1300570 1425.8
1300580 1423.3
1300590 1423.3
1300600 1421.3
1300610 1418.7
1300620 1418.7
1300630 1416.1
1300640 1413.6
1300650 1413.6
1300660 1411.1
1300670 1408.5
1300680 1408.5
1300690 1405.5
1300700 1402.6
1300710 1400.4
1300720 1400.4
1300730 1397.4
1300740 1392.9
1300750 1392.9
1300760 1388.3
1300770 1382.9
1300780 1382.9
1300790 1378.2
1300800 1374.6
1300810 1374.6
1300820 1371.7
1300830 1368.3
1300840 1368.3
1300850 1367.2
1300860 1363.2
1300870 1363.2
1300880 1358.9
1300890 1354.3
1300900 1354.3
1300910 1350.8
1300920 1347.8
1300930 1347.8
1300940 1344.4
1300950 1341.6
1300960 1341.6
1300970 1338.6
1300980 1335.3
1300990 1332.3
1301000 1332.3
1301010 1330.6
1301020 1330.8
1301030 1330.8
1301040 1331.3
1301050 1331.7
1301060 1331.7
1301070 1332.2
1301080 1331.3
1301090 1331.3
1301100 1330.0
1301110 1327.7
1301120 1327.7
1301130 1323.8
1301140 1319.8
1301150 1319.8
1301160 1317.6
1301170 1317.4
1301180 1317.4
1301190 1316.7
1301200 1314.3
1301210 1314.3
1301220 1313.1
1301230 1312.5
1301240 1310.0
1301250 1310.0
1301260 1305.0
1301270 1299.8
1301280 1299.8
1301290 1293.9
1301300 1287.8
1301310 1287.8
1301320 1281.1
1301330 1276.7
1301340 1276.7
1301350 1274.8
1301360 1273.4
1301370 1273.4
1301380 1269.8
1301390 1263.8
1301400 1263.8
1301410 1258.0
1301420 1253.6
1301430 1253.6
1301440 1248.5
1301450 1242.0
1301460 1242.0
1301470 1237.1
1301480 1230.5
1301490 1221.9
1301500 1221.9
1301510 1215.7
1301520 1210.1
1301530 1210.1
1301540 1210.3
1301550 1205.4
1301560 1205.4
1301570 1201.4
1301580 1197.8
1301590 1197.8
1301600 1194.6
1301610 1190.8
1301620 1190.8
1301630 1186.9
1301640 1183.6
1301650 1183.6
1301660 1180.4
1301670 1178.5
1301680 1178.5
1301690 1177.8
1301700 1176.9
1301710 1176.9
1301720 1177.1
1301730 1177.8
1301740 1171.7
1301750 1171.7
1301760 1164.7
1301770 1159.4
1301780 1159.4
1301790 1159.2
1301800 1161.7
1301810 1161.7
1301820 1168.4
1301830 1177.0
1301840 1177.0
1301850 1186.5
1301860 1194.8
1301870 1194.8
1301880 1201.8
1301890 1208.9
1301900 1208.9
1301910 1216.7
1301920 1224.8
1301930 1224.8
1301940 1233.1
1301950 1240.1
1301960 1240.1
1301970 1246.2
1301980 1252.1
1301990 1252.1
1302000 1257.2
1302010 1262.4
1302020 1267.0
1302030 1267.0
1302040 1270.6
1302050 1274.4
1302060 1274.4
1302070 1278.0
1302080 1281.4
1302090 1281.4
1302100 1284.5
1302110 1288.5
1302120 1288.5
1302130 1293.3
1302140 1298.1
1302150 1298.1
1302160 1302.6
1302170 1307.1
1302180 1307.1
1302190 1311.3
1302200 1313.8
1302210 1313.8
1302220 1316.7
1302230 1318.4
1302240 1325.3
1302250 1327.5
1302260 1328.7
1302270 1331.0
1302280 1331.0
1302290 1334.5
1302300 1340.6
1302310 1340.6
1302320 1347.8
1302330 1354.5
1302340 1354.5
1302350 1361.0
1302360 1366.5
1302370 1366.5
1302380 1371.8
1302390 1376.7
1302400 1376.7
1302410 1380.7
1302420 1385.4
1302430 1385.4
1302440 1390.6
1302450 1397.4
1302460 1397.4
1302470 1403.6
1302480 1407.9
1302490 1407.9
1302500 1413.4
1302510 1418.3
1302520 1421.4
1302530 1421.4
1302540 1424.0
1302550 1426.9
1302560 1426.9
1302570 1429.8
1302580 1431.4
1302590 1431.4
1302600 1433.3
1302610 1436.1
1302620 1436.1
1302630 1439.7
1302640 1444.6
1302650 1444.6
1302660 1448.7
1302670 1450.5
1302680 1450.5
1302690 1452.0
1302700 1456.1
1302710 1456.1
1302720 1460.4
1302730 1462.7
1302740 1462.7
1302750 1466.1
1302760 1471.5
1302770 1476.0
1302780 1476.0
1302790 1479.3
1302800 1481.7
1302810 1481.7
1302820 1483.1
1302830 1486.1
1302840 1486.1
1302850 1489.9
1302860 1491.5
1302870 1491.5
1302880 1489.3
1302890 1486.8
1302900 1486.8
1302910 1486.2
1302920 1487.8
1302930 1487.8
1302940 1494.4
1302950 1494.1
1302960 1494.1
1302970 1492.0
1302980 1491.8
1302990 1491.8
1303000 1493.9
1303010 1495.9
1303020 1495.9
1303030 1497.0
1303040 1498.9
1303050 1502.3
1303060 1502.3
1303070 1504.2
1303080 1505.6
1303090 1505.6
1303100 1508.2
1303110 1511.3
1303120 1511.3
1303130 1513.6
1303140 1515.8
1303150 1515.8
1303160 1518.1
1303170 1521.9
1303180 1521.9
1303190 1526.1
1303200 1530.9
1303210 1530.9
1303220 1535.3
1303230 1539.6
1303240 1539.6
1303250 1544.1
1303260 1548.7
1303270 1548.7
1303280 1553.4
1303290 1558.0
1303300 1562.5
1303310 1562.5
1303320 1567.6
1303330 1573.8
1303340 1573.8
1303350 1579.0
1303360 1584.9
1303370 1584.9
1303380 1589.8
1303390 1593.5
1303400 1593.5
1303410 1596.3
1303420 1598.8
1303430 1598.8
1303440 1601.5
1303450 1604.0
1303460 1604.0
1303470 1606.1
1303480 1607.5
1303490 1607.5
1303500 1609.0
1303510 1610.6
1303520 1610.6
1303530 1611.8
1303540 1612.7
1303550 1613.4
1303560 1613.4
1303570 1613.2
1303580 1611.6
1303590 1611.6
1303600 1610.8
1303610 1607.8
1303620 1607.8
1303630 1605.5
1303640 1609.4
1303650 1609.4
1303660 1606.7
1303670 1604.4
1303680 1604.4
1303690 1601.3
1303700 1599.6
1303710 1599.6
1303720 1599.8
1303730 1600.5
1303740 1600.5
1303750 1600.9
1303760 1599.7
1303770 1599.7
1303780 1597.8
1303790 1596.4
1303800 1594.8
1303810 1594.8
1303820 1592.7
1303830 1591.7
1303840 1591.7
1303850 1590.3
1303860 1589.1
1303870 1589.1
1303880 1589.3
1303890 1590.7
1303900 1590.7
1303910 1592.3
1303920 1593.8
1303930 1593.8
1303940 1595.0
1303950 1595.2
1303960 1595.2
1303970 1595.5
1303980 1595.2
1303990 1595.2
1304000 1595.5
1304010 1595.7
1304020 1595.7
1304030 1595.1
1304040 1594.4
1304050 1594.4
1304060 1593.4
1304070 1591.8
1304080 1588.8
1304090 1588.8
1304100 1585.6
1304110 1583.8
1304120 1583.8
1304130 1581.7
1304140 1578.9
1304150 1578.9
1304160 1574.8
1304170 1571.1
1304180 1571.1
1304190 1568.6
1304200 1566.5
1304210 1566.5
1304220 1563.8
1304230 1560.6
1304240 1560.6
1304250 1557.3
1304260 1553.4
1304270 1553.4
1304280 1549.6
1304290 1546.2
1304300 1546.2
1304310 1542.8
1304320 1539.1
1304330 1535.3
1304340 1540.4
1304350 1535.9
1304360 1530.4
1304370 1530.4
1304380 1526.7
1304390 1523.1
1304400 1523.1
1304410 1517.8
1304420 1511.5
1304430 1511.5
1304440 1509.3
1304450 1508.7
1304460 1508.7
1304470 1507.4
1304480 1506.4
1304490 1506.4
1304500 1506.0
1304510 1504.5
1304520 1504.5
1304530 1505.6
1304540 1506.3
1304550 1506.3
1304560 1506.6
1304570 1507.4
1304580 1508.4
1304590 1508.4
1304600 1509.2
1304610 1509.9
1304620 1509.9
1304630 1511.0
1304640 1512.4
1304650 1512.4
1304660 1513.7
1304670 1515.0
1304680 1515.0
1304690 1516.2
1304700 1517.6
1304710 1517.6
1304720 1519.1
1304730 1520.8
1304740 1520.8
1304750 1523.0
1304760 1525.4
1304770 1525.4
1304780 1528.1
1304790 1530.4
1304800 1530.4
1304810 1532.8
1304820 1535.2
1304830 1535.2
1304840 1536.8
1304850 1538.3
1304860 1538.8
1304870 1538.8
1304880 1540.3
1304890 1542.2
1304900 1542.2
1304910 1544.0
1304920 1546.2
1304930 1546.2
1304940 1549.8
1304950 1555.2
1304960 1555.2
1304970 1560.7
1304980 1567.4
1304990 1567.4
1305000 1573.3
1305010 1579.5
1305020 1579.5
1305030 1584.8
1305040 1592.2
1305050 1593.3
1305060 1600.9
1305070 1608.7
1305080 1608.7
1305090 1616.9
1305100 1625.2
1305110 1632.3
1305120 1632.3
1305130 1639.3
1305140 1646.5
1305150 1646.5
1305160 1653.6
1305170 1660.7
1305180 1660.7
1305190 1668.5
1305200 1674.7
1305210 1674.7
1305220 1679.9
1305230 1684.8
1305240 1684.8
1305250 1689.3
1305260 1694.5
1305270 1694.5
1305280 1700.3
1305290 1706.2
1305300 1706.2
1305310 1711.8
1305320 1716.6
1305330 1716.6
1305340 1720.5
1305350 1723.0
1305360 1725.8
1305370 1725.8
1305380 1731.3
1305390 1736.5
1305400 1736.5
1305410 1740.6
1305420 1744.8
1305430 1744.8
1305440 1750.2
1305450 1756.8
1305460 1756.8
1305470 1762.7
1305480 1768.4
1305490 1768.4
1305500 1774.7
1305510 1781.6
1305520 1781.6
1305530 1788.9
1305540 1796.3
1305550 1796.3
1305560 1802.9
1305570 1809.4
1305580 1809.4
1305590 1815.5
1305600 1821.5
1305610 1826.7
1305620 1826.7
1305630 1831.7
1305640 1837.2
1305650 1837.2
1305660 1842.9
1305670 1848.4
1305680 1848.4
1305690 1853.9
1305700 1859.6
1305710 1859.6
1305720 1866.2
1305730 1872.1
1305740 1872.1
1305750 1877.2
1305760 1884.1
1305770 1884.1
1305780 1888.7
1305790 1893.2
1305800 1893.2
1305810 1897.9
1305820 1902.9
1305830 1902.9
1305840 1907.2
1305850 1911.9
1305860 1911.9
1305870 1916.6
1305880 1921.4
1305890 1926.6
1305900 1926.6
1305910 1931.9
1305920 1937.5
1305930 1937.5
1305940 1942.8
1305950 1947.8
1305960 1947.8
1305970 1953.2
1305980 1959.3
1305990 1959.3
1306000 1965.8
1306010 1972.8
1306020 1972.8
1306030 1977.2
1306040 1981.1
1306050 1981.1
1306060 1985.2
1306070 1988.5
1306080 1988.5
1306090 1990.3
1306100 1993.0
1306110 1993.0
1306120 1996.7
1306130 2001.1
1306140 2005.7
1306150 2005.7
1306160 2009.7
1306170 2013.6
1306180 2013.6
1306190 2017.6
1306200 2021.2
1306210 2021.2
1306220 2024.6
1306230 2029.6
1306240 2029.6
1306250 2033.2
1306260 2036.2
1306270 2036.2
1306280 2040.3
1306290 2044.5
1306300 2044.5
1306310 2047.3
1306320 2050.8
1306330 2050.8
1306340 2054.9
1306350 2059.9
1306360 2059.9
1306370 2065.2
1306380 2072.1
1306390 2077.6
1306400 2077.6
1306410 2083.0
1306420 2089.2
1306430 2089.2
1306440 2096.5
1306450 2102.9
1306460 2102.9
1306470 2102.8
1306480 2107.5
1306490 2107.5
1306500 2111.4
1306510 2114.4
1306520 2114.4
1306530 2118.4
1306540 2122.1
1306550 2122.1
1306560 2127.3
1306570 2134.7
1306580 2134.7
1306590 2142.8
1306600 2148.3
1306610 2148.3
1306620 2152.7
1306630 2156.7
1306640 2160.5
1306650 2160.5
1306660 2162.3
1306670 2165.1
1306680 2165.1
1306690 2167.7
1306700 2169.4
1306710 2169.4
1306720 2171.1
1306730 2173.7
1306740 2173.7
1306750 2176.2
1306760 2179.3
1306770 2179.3
1306780 2182.2
1306790 2186.4
1306800 2186.4
1306810 2191.2
1306820 2194.2
1306830 2194.2
1306840 2196.4
1306850 2199.2
1306860 2199.2
1306870 2200.6
1306880 2201.5
1306890 2201.5
1306900 2202.2
1306910 2204.4
1306920 2208.2
1306930 2208.2
1306940 2211.7
1306950 2215.2
1306960 2215.2
1306970 2218.7
1306980 2222.4
1306990 2222.4
1307000 2225.8
1307010 2228.7
1307020 2228.7
1307030 2231.5
1307040 2234.3
1307050 2234.3
1307060 2236.5
1307070 2238.5
1307080 2238.5
1307090 2241.3
1307100 2244.7
1307110 2244.7
1307120 2248.3
1307130 2251.6
1307140 2251.6
1307150 2254.7
1307160 2257.6
1307170 2259.7
1307180 2259.7
1307190 2260.7
1307200 2263.6
1307210 2263.6
1307220 2265.9
1307230 2267.7
1307240 2267.7
1307250 2269.5
1307260 2270.8
1307270 2270.8
1307280 2271.7
1307290 2271.0
1307300 2271.0
1307310 2269.2
1307320 2266.2
1307330 2266.2
1307340 2266.4
1307350 2269.8
1307360 2269.8
1307370 2272.4
1307380 2277.2
1307390 2277.2
1307400 2284.7
1307410 2290.9
1307420 2290.9
1307430 2290.9
1307440 2286.8
1307450 2282.4
1307460 2282.4
1307470 2279.1
1307480 2274.4
1307490 2274.4
1307500 2269.6
1307510 2265.5
1307520 2265.5
1307530 2259.7
1307540 2252.2
1307550 2252.2
1307560 2244.8
1307570 2239.6
1307580 2239.6
1307590 2233.8
1307600 2229.2
1307610 2229.2
1307620 2226.2
1307630 2224.7
1307640 2224.7
1307650 2221.9
1307660 2217.9
1307670 2217.9
1307680 2214.9
1307690 2211.8
1307700 2207.9
1307710 2207.9
1307720 2203.4
1307730 2197.1
1307740 2197.1
1307750 2189.8
1307760 2182.1
1307770 2182.1
1307780 2172.6
1307790 2163.9
1307800 2163.9
1307810 2156.6
1307820 2148.1
1307830 2148.1
1307840 2139.8
1307850 2133.0
1307860 2133.0
1307870 2126.4
1307880 2120.2
1307890 2120.2
1307900 2112.2
1307910 2103.4
1307920 2103.4
1307930 2098.0
1307940 2092.4
1307950 2086.6
1307960 2086.6
1307970 2080.6
1307980 2074.8
1307990 2074.8
1308000 2069.5
1308010 2064.2
1308020 2064.2
1308030 2059.2
1308040 2055.7
1308050 2055.7
1308060 2053.9
1308070 2053.6
1308080 2053.6
1308090 2052.4
1308100 2050.2
1308110 2050.2
1308120 2047.4
1308130 2044.0
1308140 2044.0
1308150 2040.4
1308160 2036.4
1308170 2036.4
1308180 2032.4
1308190 2029.3
1308200 2027.3
1308210 2027.3
1308220 2026.2
1308230 2024.5
1308240 2024.5
1308250 2021.7
1308260 2017.6
1308270 2017.6
1308280 2014.6
1308290 2012.0
1308300 2012.0
1308310 2008.6
1308320 2004.5
1308330 2004.5
1308340 2002.6
1308350 2000.9
1308360 2000.9
1308370 1998.5
1308380 1995.7
1308390 1995.7
1308400 1993.0
1308410 1990.1
1308420 1990.1
1308430 1987.6
1308440 1984.6
1308450 1981.4
1308460 1981.4
1308470 1978.2
1308480 1975.9
1308490 1975.9
1308500 1972.7
1308510 1969.7
1308520 1969.7
1308530 1967.1
1308540 1964.1
1308550 1964.1
1308560 1960.2
1308570 1956.7
1308580 1956.7
1308590 1953.2
1308600 1950.0
1308610 1950.0
1308620 1947.0
1308630 1941.2
1308640 1941.2
1308650 1935.2
1308660 1929.2
1308670 1929.2
1308680 1923.8
1308690 1916.9
1308700 1916.9
1308710 1909.9
1308720 1903.2
1308730 1898.0
1308740 1898.0
1308750 1895.9
1308760 1893.0
1308770 1893.0
1308780 1888.2
1308790 1882.9
1308800 1882.9
1308810 1873.8
1308820 1860.9
1308830 1860.9
1308840 1850.0
1308850 1844.0
1308860 1844.0
1308870 1832.1
1308880 1819.1
1308890 1819.1
1308900 1809.6
1308910 1801.4
1308920 1801.4
1308930 1793.9
1308940 1786.3
1308950 1786.3
1308960 1779.3
1308970 1772.2
1308980 1764.8
1308990 1764.8
1309000 1757.6
1309010 1749.6
1309020 1749.6
1309030 1740.3
1309040 1736.4
1309050 1736.4
1309060 1739.3
1309070 1745.5
1309080 1745.5
1309090 1749.5
1309100 1750.9
1309110 1750.9
1309120 1751.8
1309130 1753.5
1309140 1753.5
1309150 1756.5
1309160 1759.1
1309170 1759.1
1309180 1763.3
1309190 1766.3
1309200 1766.3
1309210 1769.5
1309220 1772.6
1309230 1775.3
1309240 1775.3
1309250 1776.0
1309260 1775.6
1309270 1775.6
1309280 1775.7
1309290 1776.2
1309300 1776.2
1309310 1779.5
1309320 1784.3
1309330 1784.3
1309340 1787.0
1309350 1792.9
1309360 1792.9
1309370 1794.8
1309380 1798.4
1309390 1798.4
1309400 1801.9
1309410 1806.7
1309420 1806.7
1309430 1811.1
1309440 1814.2
1309450 1814.2
1309460 1816.9
1309470 1820.2
1309480 1824.4
1309490 1824.4
1309500 1827.2
1309510 1830.2
1309520 1830.2
1309530 1832.8
1309540 1834.9
1309550 1834.9
1309560 1837.2
1309570 1839.5
1309580 1839.5
1309590 1841.9
1309600 1844.1
1309610 1844.1
1309620 1845.4
1309630 1844.9
1309640 1844.9
1309650 1844.6
1309660 1845.7
1309670 1845.7
1309680 1846.8
1309690 1847.7
1309700 1847.7
1309710 1849.0
1309720 1850.7
1309730 1850.7
1309740 1851.8
1309750 1854.0
1309760 1857.8
1309770 1857.8
1309780 1858.7
1309790 1860.8
1309800 1860.8
1309810 1863.6
1309820 1865.2
1309830 1865.2
1309840 1865.4
1309850 1865.6
1309860 1865.6
1309870 1866.6
1309880 1868.5
1309890 1868.5
1309900 1870.8
1309910 1873.5
1309920 1873.5
1309930 1876.5
1309940 1881.1
1309950 1881.1
1309960 1886.1
1309970 1890.5
1309980 1890.5
1309990 1893.5
1310000 1895.8
1310010 1898.1
1310020 1898.1
1310030 1900.6
1310040 1901.6
1310050 1901.6
1310060 1902.7
1310070 1903.7
1310080 1907.7
1310090 1909.1
1310100 1912.9
1310110 1912.9
1310120 1916.4
1310130 1918.5
1310140 1918.5
1310150 1919.7
1310160 1921.4
1310170 1921.4
1310180 1920.7
1310190 1913.1
1310200 1913.1
1310210 1908.7
1310220 1907.2
1310230 1907.2
1310240 1905.6
1310250 1903.5
1310260 1898.3
1310270 1898.3
1310280 1891.1
1310290 1883.2
1310300 1883.2
1310310 1875.9
1310320 1869.8
1310330 1869.8
1310340 1863.9
1310350 1859.4
1310360 1859.4
1310370 1855.3
1310380 1851.4
1310390 1851.4
1310400 1847.0
1310410 1843.5
1310420 1843.5
1310430 1840.3
1310440 1836.7
1310450 1836.7
1310460 1833.1
1310470 1829.8
1310480 1829.8
1310490 1827.0
1310500 1824.5
1310510 1824.5
1310520 1822.1
1310530 1820.3
1310540 1817.9
1310550 1817.9
1310560 1814.5
1310570 1811.3
1310580 1811.3
1310590 1808.2
1310600 1805.1
1310610 1805.1
1310620 1802.8
1310630 1800.3
1310640 1800.3
1310650 1797.5
1310660 1794.4
1310670 1794.4
1310680 1791.3
1310690 1788.0
1310700 1788.0
1310710 1784.8
1310720 1781.4
1310730 1781.4
1310740 1778.2
1310750 1775.5
1310760 1775.5
1310770 1773.5
1310780 1770.9
1310790 1766.8
1310800 1766.8
1310810 1764.2
1310820 1759.7
1310830 1759.7
1310840 1754.1
1310850 1748.4
1310860 1748.4
1310870 1744.7
1310880 1739.6
1310890 1739.6
1310900 1733.4
1310910 1727.5
1310920 1727.5
1310930 1722.0
1310940 1713.9
1310950 1713.9
1310960 1706.8
1310970 1701.3
1310980 1701.3
1310990 1696.2
1311000 1690.7
1311010 1690.7
1311020 1686.2
1311030 1681.8
1311040 1679.2
1311050 1679.2
1311060 1674.7
1311070 1667.7
1311080 1667.7
1311090 1660.9
1311100 1655.2
1311110 1655.2
1311120 1649.3
1311130 1643.4
1311140 1643.4
1311150 1638.4
1311160 1632.5
1311170 1632.5
1311180 1627.7
1311190 1622.9
1311200 1622.9
1311210 1617.5
1311220 1612.9
1311230 1612.9
1311240 1608.0
1311250 1602.8
1311260 1602.8
1311270 1598.7
1311280 1595.1
1311290 1591.0
1311300 1591.0
1311310 1586.7
1311320 1582.1
1311330 1582.1
1311340 1579.3
1311350 1576.4
1311360 1576.4
1311370 1575.5
1311380 1574.9
1311390 1574.9
1311400 1574.4
1311410 1572.9
1311420 1572.9
1311430 1568.4
1311440 1562.5
1311450 1562.5
1311460 1565.4
1311470 1572.7
1311480 1572.7
1311490 1580.1
1311500 1585.2
1311510 1585.2
1311520 1587.9
1311530 1590.4
1311540 1590.4
1311550 1594.5
1311560 1598.1
1311570 1602.6
1311580 1602.6
1311590 1609.2
1311600 1616.3
1311610 1616.3
1311620 1622.9
1311630 1628.8
1311640 1628.8
1311650 1634.5
1311660 1640.4
1311670 1640.4
1311680 1646.7
1311690 1651.8
1311700 1651.8
1311710 1657.7
1311720 1664.2
1311730 1664.2
1311740 1670.0
1311750 1676.8
1311760 1676.8
1311770 1684.4
1311780 1690.1
1311790 1690.1
1311800 1696.7
1311810 1702.5
1311820 1708.1
1311830 1708.1
1311840 1712.9
1311850 1716.5
1311860 1716.5
1311870 1718.2
1311880 1720.4
1311890 1720.4
1311900 1722.5
1311910 1724.6
1311920 1724.6
1311930 1727.4
1311940 1729.9
1311950 1729.9
1311960 1732.0
1311970 1734.3
1311980 1734.3
1311990 1737.0
1312000 1740.7
1312010 1740.7
1312020 1744.1
1312030 1748.2
1312040 1748.2
1312050 1751.8
1312060 1754.7
1312070 1757.2
1312080 1757.2
1312090 1760.9
1312100 1765.5
1312110 1765.5
1312120 1770.6
1312130 1776.8
1312140 1776.8
1312150 1783.3
1312160 1788.1
1312170 1788.1
1312180 1792.9
1312190 1797.3
1312200 1797.3
1312210 1800.3
1312220 1804.1
1312230 1804.1
1312240 1808.2
1312250 1812.3
1312260 1812.3
1312270 1816.2
1312280 1817.8
1312290 1817.8
1312300 1819.8
1312310 1821.4
1312320 1822.7
1312330 1822.7
1312340 1822.2
1312350 1821.7
1312360 1821.7
1312370 1820.4
1312380 1821.5
1312390 1821.5
1312400 1823.1
1312410 1824.9
1312420 1824.9
1312430 1829.3
1312440 1834.5
1312450 1834.5
1312460 1840.0
1312470 1845.0
1312480 1845.0
1312490 1847.5
1312500 1849.7
1312510 1849.7
1312520 1852.6
1312530 1855.2
1312540 1855.2
1312550 1857.8
1312560 1861.8
1312570 1861.8
1312580 1866.3
1312590 1870.6
1312600 1873.4
1312610 1873.4
1312620 1875.3
1312630 1878.7
1312640 1878.7
1312650 1882.5
1312660 1884.9
1312670 1884.9
1312680 1888.2
1312690 1893.5
1312700 1893.5
1312710 1899.6
1312720 1905.4
1312730 1905.4
1312740 1912.2
1312750 1918.1
1312760 1918.1
1312770 1922.4
1312780 1926.1
1312790 1926.1
1312800 1929.5
1312810 1932.5
1312820 1932.5
1312830 1934.3
1312840 1938.3
1312850 1943.7
1312860 1943.7
1312870 1948.9
1312880 1954.1
1312890 1954.1
1312900 1960.0
1312910 1966.1
1312920 1966.1
1312930 1971.5
1312940 1977.2
1312950 1977.2
1312960 1983.0
1312970 1987.0
1312980 1987.0
1312990 1991.5
1313000 1996.2
1313010 1996.2
1313020 2000.9
1313030 2006.1
1313040 2006.1
1313050 2009.8
1313060 2013.8
1313070 2013.8
1313080 2017.4
1313090 2022.4
1313100 2027.8
1313110 2027.8
1313120 2033.1
1313130 2038.1
1313140 2038.1
1313150 2043.0
1313160 2049.0
1313170 2049.0
1313180 2053.7
1313190 2057.5
1313200 2057.5
1313210 2061.6
1313220 2064.9
1313230 2064.9
1313240 2067.3
1313250 2070.5
1313260 2070.5
1313270 2075.4
1313280 2080.9
1313290 2080.9
1313300 2086.4
1313310 2090.7
1313320 2090.7
1313330 2096.5
1313340 2101.5
1313350 2101.5
1313360 2106.1
1313370 2110.5
1313380 2115.6
1313390 2115.6
1313400 2120.9
1313410 2126.1
1313420 2126.1
1313430 2131.7
1313440 2137.4
1313450 2137.4
1313460 2144.7
1313470 2150.3
1313480 2150.3
1313490 2153.7
1313500 2157.2
1313510 2157.2
1313520 2162.0
1313530 2166.5
1313540 2166.5
1313550 2171.5
1313560 2175.2
1313570 2175.2
1313580 2178.7
1313590 2183.2
1313600 2183.2
1313610 2188.1
1313620 2192.8
1313630 2196.9
1313640 2196.9
1313650 2200.2
1313660 2203.6
1313670 2203.6
1313680 2206.4
1313690 2208.7
1313700 2208.7
1313710 2211.4
1313720 2215.8
1313730 2215.8
1313740 2219.9
1313750 2222.9
1313760 2222.9
1313770 2225.3
1313780 2229.1
1313790 2229.1
1313800 2235.1
1313810 2237.3
1313820 2237.3
1313830 2240.9
1313840 2246.3
1313850 2246.3
1313860 2249.5
1313870 2252.8
1313880 2256.3
1313890 2256.3
1313900 2257.7
1313910 2260.9
1313920 2260.9
1313930 2266.0
1313940 2272.9
1313950 2272.9
1313960 2276.6
1313970 2278.0
1313980 2278.0
1313990 2278.8
1314000 2280.6
1314010 2280.6
1314020 2282.0
1314030 2285.1
1314040 2285.1
1314050 2288.9
1314060 2292.9
1314070 2292.9
1314080 2297.1
1314090 2302.1
1314100 2302.1
1314110 2307.0
1314120 2311.7
1314130 2315.0
1314140 2315.0
1314150 2315.6
1314160 2315.7
1314170 2315.7
1314180 2316.5
1314190 2318.9
1314200 2318.9
1314210 2326.2
1314220 2335.3
1314230 2335.3
1314240 2343.2
1314250 2349.1
1314260 2349.1
1314270 2353.8
1314280 2359.1
1314290 2359.1
1314300 2364.2
1314310 2369.4
1314320 2369.4
1314330 2371.0
1314340 2371.7
1314350 2371.7
1314360 2372.8
1314370 2372.4
1314380 2372.4
1314390 2371.6
1314400 2369.2
1314410 2365.5
1314420 2365.5
1314430 2362.6
1314440 2358.5
1314450 2358.5
1314460 2354.8
1314470 2352.8
1314480 2352.8
1314490 2351.5
1314500 2349.0
1314510 2349.0
1314520 2342.7
1314530 2341.4
1314540 2341.4
1314550 2342.2
1314560 2343.9
1314570 2343.9
1314580 2345.2
1314590 2344.8
1314600 2344.8
1314610 2343.7
1314620 2342.4
1314630 2342.4
1314640 2340.9
1314650 2339.2
1314660 2337.8
1314670 2337.8
1314680 2337.0
1314690 2338.2
1314700 2338.2
1314710 2339.1
1314720 2338.8
1314730 2338.8
1314740 2339.2
1314750 2337.8
1314760 2337.8
1314770 2334.3
1314780 2330.9
1314790 2330.9
1314800 2328.4
1314810 2326.1
1314820 2326.1
1314830 2323.0
1314840 2317.9
1314850 2317.9
1314860 2313.0
1314870 2308.5
1314880 2308.5
1314890 2302.0
1314900 2294.8
1314910 2289.7
1314920 2289.7
1314930 2287.1
1314940 2284.9
1314950 2284.9
1314960 2282.5
1314970 2279.0
1314980 2279.0
1314990 2276.4
1315000 2274.6
1315010 2274.6
1315020 2274.0
1315030 2274.2
1315040 2274.2
1315050 2275.2
1315060 2277.9
1315070 2277.9
1315080 2282.9
1315090 2288.6
1315100 2288.6
1315110 2291.8
1315120 2295.0
1315130 2295.0
1315140 2298.0
1315150 2299.7
1315160 2301.9
1315170 2301.9
1315180 2303.9
1315190 2306.2
1315200 2306.2
1315210 2308.6
1315220 2310.2
1315230 2310.2
1315240 2310.7
1315250 2310.9
1315260 2310.9
1315270 2316.4
1315280 2316.3
1315290 2316.3
1315300 2315.5
1315310 2315.2
1315320 2315.2
1315330 2314.0
1315340 2313.8
1315350 2313.8
1315360 2315.1
1315370 2315.8
1315380 2315.8
1315390 2315.4
1315400 2313.8
1315410 2313.8
1315420 2313.0
1315430 2314.3
1315440 2317.7
1315450 2317.7
1315460 2322.4
1315470 2327.6
1315480 2327.6
1315490 2330.4
1315500 2333.6
1315510 2333.6
1315520 2337.6
1315530 2341.3
1315540 2341.3
1315550 2344.5
1315560 2349.5
1315570 2349.5
1315580 2355.2
1315590 2360.5
1315600 2360.5
1315610 2362.4
1315620 2362.1
1315630 2362.1
1315640 2362.1
1315650 2362.4
1315660 2362.4
1315670 2363.4
1315680 2365.4
1315690 2367.4
1315700 2367.4
1315710 2369.4
1315720 2371.5
1315730 2371.5
1315740 2374.5
1315750 2376.5
1315760 2376.5
1315770 2377.9
1315780 2378.6
1315790 2378.6
1315800 2376.6
1315810 2377.7
1315820 2377.7
1315830 2381.4
1315840 2385.0
1315850 2385.0
1315860 2389.2
1315870 2393.9
1315880 2393.9
1315890 2398.6
1315900 2402.4
1315910 2402.4
1315920 2407.0
1315930 2411.0
1315940 2411.7
1315950 2411.7
1315960 2412.8
1315970 2415.3
1315980 2415.3
1315990 2419.8
1316000 2420.8
1316010 2420.8
1316020 2418.6
1316030 2411.2
1316040 2411.2
1316050 2404.8
1316060 2395.5
1316070 2395.5
1316080 2387.0
1316090 2380.2
1316100 2380.2
1316110 2373.9
1316120 2370.1
1316130 2370.1
1316140 2368.0
1316150 2364.6
1316160 2364.6
1316170 2361.0
1316180 2358.1
1316190 2356.8
1316200 2356.8
1316210 2356.0
1316220 2352.1
1316230 2352.1
1316240 2346.7
1316250 2342.9
1316260 2342.9
1316270 2338.4
1316280 2330.5
1316290 2330.5
1316300 2322.4
1316310 2317.0
1316320 2317.0
1316330 2312.1
1316340 2308.2
1316350 2308.2
1316360 2305.1
1316370 2300.8
1316380 2300.8
1316390 2292.6
1316400 2287.6
1316410 2287.6
1316420 2285.0
1316430 2280.9
1316440 2280.9
1316450 2275.6
1316460 2270.3
1316470 2264.9
1316480 2264.9
1316490 2261.3
1316500 2261.0
1316510 2261.0
1316520 2258.0
1316530 2252.9
1316540 2252.9
1316550 2248.1
1316560 2244.1
1316570 2244.1
1316580 2238.5
1316590 2231.0
1316600 2231.0
1316610 2226.0
1316620 2222.1
1316630 2222.1
1316640 2219.2
1316650 2216.8
1316660 2216.8
1316670 2214.5
1316680 2212.2
1316690 2212.2
1316700 2208.3
1316710 2203.1
1316720 2199.3
1316730 2199.3
1316740 2197.5
1316750 2197.3
1316760 2197.3
1316770 2196.9
1316780 2191.4
1316790 2191.4
1316800 2190.8
1316810 2192.9
1316820 2192.9
1316830 2194.4
1316840 2195.5
1316850 2195.5
1316860 2197.1
1316870 2198.5
1316880 2198.5
1316890 2199.4
1316900 2198.6
1316910 2198.6
1316920 2197.0
1316930 2197.3
1316940 2197.3
1316950 2198.7
1316960 2201.3
1316970 2204.8
1316980 2204.8
1316990 2207.9
1317000 2209.8
1317010 2209.8
1317020 2211.9
1317030 2213.7
1317040 2213.7
1317050 2215.9
1317060 2218.3
1317070 2218.3
1317080 2221.0
1317090 2222.6
1317100 2222.6
1317110 2221.5
1317120 2218.3
1317130 2218.3
1317140 2216.1
1317150 2216.1
1317160 2216.1
1317170 2215.6
1317180 2210.9
1317190 2210.9
1317200 2204.5
1317210 2201.0
1317220 2201.0
1317230 2198.2
1317240 2195.8
1317250 2192.3
1317260 2192.3
1317270 2186.8
1317280 2180.6
1317290 2180.6
1317300 2173.7
1317310 2165.2
1317320 2165.2
1317330 2155.0
1317340 2145.6
1317350 2145.6
1317360 2139.0
1317370 2133.1
1317380 2133.1
1317390 2127.5
1317400 2123.3
1317410 2123.3
1317420 2121.0
1317430 2119.6
1317440 2119.6
1317450 2118.2
1317460 2116.5
1317470 2116.5
1317480 2115.9
1317490 2113.9
1317500 2111.4
1317510 2111.4
1317520 2109.6
1317530 2108.0
1317540 2108.9
1317550 2105.5
1317560 2101.4
1317570 2101.4
1317580 2095.7
1317590 2090.5
1317600 2090.5
1317610 2084.3
1317620 2078.5
1317630 2078.5
1317640 2074.1
1317650 2070.7
1317660 2070.7
1317670 2067.7
1317680 2065.0
1317690 2065.0
1317700 2062.8
1317710 2060.6
1317720 2060.6
1317730 2058.4
1317740 2056.1
1317750 2053.2
1317760 2053.2
1317770 2050.2
1317780 2047.8
1317790 2047.8
1317800 2045.8
1317810 2044.1
1317820 2044.1
1317830 2042.2
1317840 2040.5
1317850 2040.5
1317860 2039.4
1317870 2038.2
1317880 2038.2
1317890 2037.2
1317900 2037.0
1317910 2037.0
1317920 2036.7
1317930 2036.2
1317940 2036.2
1317950 2036.0
1317960 2035.2
1317970 2035.2
1317980 2033.6
1317990 2029.2
1318000 2026.1
1318010 2026.1
1318020 2025.2
1318030 2023.4
1318040 2023.4
1318050 2021.8
1318060 2020.0
1318070 2020.0
1318080 2017.9
1318090 2015.5
1318100 2015.5
1318110 2012.4
1318120 2009.2
1318130 2009.2
1318140 2006.1
1318150 2002.8
1318160 2002.8
1318170 2000.2
1318180 1998.3
1318190 1998.3
1318200 1996.4
1318210 1994.4
1318220 1994.4
1318230 1993.0
1318240 1991.9
1318250 1991.9
1318260 1991.0
1318270 1989.1
1318280 1986.3
1318290 1986.3
1318300 1986.4
1318310 1983.2
1318320 1983.2
1318330 1980.5
1318340 1978.5
1318350 1978.5
1318360 1974.1
1318370 1970.4
1318380 1970.4
1318390 1970.1
1318400 1965.7
1318410 1965.7
1318420 1961.7
1318430 1959.5
1318440 1959.5
1318450 1956.8
1318460 1954.8
1318470 1954.8
1318480 1953.3
1318490 1951.9
1318500 1951.9
1318510 1950.9
1318520 1950.3
1318530 1950.5
1318540 1950.5
1318550 1949.8
1318560 1946.8
1318570 1946.8
1318580 1945.1
1318590 1944.7
1318600 1944.7
1318610 1944.0
1318620 1943.3
1318630 1943.3
1318640 1942.6
1318650 1940.8
1318660 1940.8
1318670 1938.3
1318680 1936.2
1318690 1936.2
1318700 1934.8
1318710 1933.4
1318720 1933.4
1318730 1932.4
1318740 1931.8
1318750 1931.8
1318760 1932.1
1318770 1931.1
1318780 1929.5
1318790 1929.5
1318800 1927.5
1318810 1924.4
1318820 1924.4
1318830 1920.3
1318840 1915.5
1318850 1915.5
1318860 1912.3
1318870 1909.9
1318880 1909.9
1318890 1907.8
1318900 1905.5
1318910 1905.5
1318920 1903.2
1318930 1901.5
1318940 1901.5
1318950 1898.2
1318960 1893.9
1318970 1893.9
1318980 1889.7
1318990 1886.2
1319000 1886.2
1319010 1881.7
1319020 1878.1
1319030 1875.1
1319040 1875.1
1319050 1873.2
1319060 1874.0
1319070 1877.1
1319080 1876.3
1319090 1872.6
1319100 1872.6
1319110 1868.7
1319120 1864.3
1319130 1864.3
1319140 1858.3
1319150 1851.6
1319160 1851.6
1319170 1847.4
1319180 1843.0
1319190 1843.0
1319200 1839.2
1319210 1836.7
1319220 1836.7
1319230 1834.4
1319240 1832.9
1319250 1832.9
1319260 1829.8
1319270 1826.2
1319280 1826.2
1319290 1824.4
1319300 1820.7
1319310 1816.6
1319320 1816.6
1319330 1814.3
1319340 1812.5
1319350 1812.5
1319360 1810.0
1319370 1806.4
1319380 1806.4
1319390 1803.0
1319400 1803.0
1319410 1803.0
1319420 1801.4
1319430 1798.0
1319440 1798.0
1319450 1794.9
1319460 1791.9
1319470 1791.9
1319480 1788.8
1319490 1785.8
1319500 1785.8
1319510 1782.8
1319520 1779.8
1319530 1779.8
1319540 1776.7
1319550 1773.3
1319560 1770.4
1319570 1770.4
1319580 1768.9
1319590 1767.4
1319600 1767.4
1319610 1766.2
1319620 1765.7
1319630 1765.7
1319640 1765.1
1319650 1763.5
1319660 1763.5
1319670 1761.3
1319680 1758.8
1319690 1758.8
1319700 1757.1
1319710 1755.9
1319720 1755.9
1319730 1752.7
1319740 1748.4
1319750 1748.4
1319760 1744.0
1319770 1740.0
1319780 1740.0
1319790 1735.6
1319800 1729.2
1319810 1722.9
1319820 1722.9
1319830 1718.4
1319840 1718.6
1319850 1718.6
1319860 1712.3
1319870 1704.7
1319880 1704.7
1319890 1697.7
1319900 1693.4
1319910 1693.4
1319920 1690.5
1319930 1687.5
1319940 1687.5
1319950 1685.6
1319960 1683.9
1319970 1683.9
1319980 1681.3
1319990 1678.3
