1300000 1285.9
1300010 1286.1
1300020 1285.6
1300030 1285.6
1300040 1284.3
1300050 1283.4
1300060 1283.4
1300070 1281.3
1300080 1278.5
1300090 1278.5
1300100 1275.8
1300110 1274.1
1300120 1274.1
1300130 1272.0
1300140 1268.8
1300150 1265.0
1300160 1265.0
1300170 1260.7
1300180 1255.4
1300190 1255.4
1300200 1250.5
1300210 1246.5
1300220 1246.5
1300230 1244.0
1300240 1243.3
1300250 1251.0
1300260 1249.2
1300270 1246.8
1300280 1246.8
1300290 1245.3
1300300 1242.6
1300310 1242.6
1300320 1239.0
1300330 1237.0
1300340 1237.0
1300350 1234.6
1300360 1230.5
1300370 1230.5
1300380 1226.8
1300390 1223.9
1300400 1221.2
1300410 1221.2
1300420 1220.5
1300430 1217.3
1300440 1217.3
1300450 1214.3
1300460 1211.8
1300470 1211.8
1300480 1210.0
1300490 1208.0
1300500 1208.0
1300510 1204.6
1300520 1201.1
1300530 1201.1
1300540 1200.0
1300550 1200.3
1300560 1200.3
1300570 1200.7
1300580 1199.9
1300590 1199.9
1300600 1197.9
1300610 1196.2
1300620 1196.2
1300630 1194.4
1300640 1193.6
1300650 1193.6
1300660 1193.3
1300670 1192.8
1300680 1191.9
1300690 1191.9
1300700 1191.3
1300710 1191.7
1300720 1191.7
1300730 1191.3
1300740 1189.7
1300750 1189.7
1300760 1188.7
1300770 1187.5
1300780 1187.5
1300790 1184.7
1300800 1181.7
1300810 1181.7
1300820 1178.5
1300830 1176.7
1300840 1176.7
1300850 1177.2
1300860 1178.6
1300870 1178.6
1300880 1179.3
1300890 1179.0
1300900 1179.0
1300910 1178.4
1300920 1177.1
1300930 1175.4
1300940 1178.7
1300950 1177.9
1300960 1176.2
1300970 1176.2
1300980 1173.4
1300990 1171.9
1301000 1171.9
1301010 1169.9
1301020 1167.3
1301030 1167.3
1301040 1165.2
1301050 1162.2
1301060 1162.2
1301070 1159.8
1301080 1157.7
1301090 1157.7
1301100 1156.4
1301110 1156.1
1301120 1156.1
1301130 1154.4
1301140 1151.4
1301150 1151.4
1301160 1148.0
1301170 1145.9
1301180 1143.5
1301190 1143.5
1301200 1141.4
1301210 1141.2
1301220 1141.2
1301230 1142.2
1301240 1141.8
1301250 1141.8
1301260 1141.0
1301270 1140.0
1301280 1140.0
1301290 1138.7
1301300 1137.6
1301310 1137.6
1301320 1136.3
1301330 1135.4
1301340 1135.4
1301350 1134.4
1301360 1131.4
1301370 1131.4
1301380 1126.0
1301390 1124.7
1301400 1124.7
1301410 1124.4
1301420 1123.2
1301430 1121.3
1301440 1121.3
1301450 1119.0
1301460 1116.6
1301470 1116.6
1301480 1112.1
1301490 1105.5
1301500 1105.5
1301510 1098.8
1301520 1097.1
1301530 1097.1
1301540 1098.5
1301550 1099.6
1301560 1099.6
1301570 1101.0
1301580 1102.9
1301590 1102.9
1301600 1106.0
1301610 1109.5
1301620 1109.5
1301630 1113.3
1301640 1119.7
1301650 1119.7
1301660 1126.0
1301670 1133.1
1301680 1133.1
1301690 1139.6
1301700 1144.2
1301710 1147.6
1301720 1147.6
1301730 1151.2
1301740 1155.0
1301750 1155.0
1301760 1158.1
1301770 1161.0
1301780 1161.0
1301790 1164.5
1301800 1168.9
1301810 1168.9
1301820 1174.0
1301830 1178.7
1301840 1178.7
1301850 1181.9
1301860 1183.7
1301870 1183.7
1301880 1184.8
1301890 1186.1
1301900 1186.1
1301910 1187.6
1301920 1189.0
1301930 1189.0
1301940 1190.1
1301950 1191.2
1301960 1192.1
1301970 1192.1
1301980 1192.2
1301990 1193.2
1302000 1193.2
1302010 1194.7
1302020 1197.0
1302030 1197.0
1302040 1199.1
1302050 1201.3
1302060 1201.3
1302070 1203.2
1302080 1204.9
1302090 1204.9
1302100 1205.8
1302110 1206.2
1302120 1206.2
1302130 1203.2
1302140 1200.1
1302150 1200.1
1302160 1199.5
1302170 1201.8
1302180 1201.8
1302190 1203.3
1302200 1203.1
1302210 1204.6
1302220 1204.6
1302230 1207.1
1302240 1209.5
1302250 1209.5
1302260 1210.9
1302270 1210.5
1302280 1210.5
1302290 1211.7
1302300 1214.3
1302310 1214.3
1302320 1217.7
1302330 1209.3
1302340 1209.3
1302350 1210.4
1302360 1211.8
1302370 1211.8
1302380 1212.0
1302390 1213.1
1302400 1213.1
1302410 1216.9
1302420 1222.2
1302430 1222.2
1302440 1225.6
1302450 1228.5
1302460 1228.5
1302470 1232.6
1302480 1237.1
1302490 1241.4
1302500 1241.4
1302510 1246.0
1302520 1250.2
1302530 1250.2
1302540 1254.2
1302550 1257.4
1302560 1257.4
1302570 1257.7
1302580 1255.7
1302590 1255.7
1302600 1256.1
1302610 1258.7
1302620 1258.7
1302630 1263.7
1302640 1270.3
1302650 1270.3
1302660 1276.7
1302670 1284.3
1302680 1284.3
1302690 1291.1
1302700 1296.5
1302710 1296.5
1302720 1300.2
1302730 1301.1
1302740 1299.5
1302750 1299.5
1302760 1300.1
1302770 1302.3
1302780 1302.3
1302790 1304.2
1302800 1305.9
1302810 1305.9
1302820 1308.7
1302830 1312.0
1302840 1312.0
1302850 1314.7
1302860 1311.7
1302870 1311.7
1302880 1311.0
1302890 1312.7
1302900 1312.7
1302910 1315.0
1302920 1318.6
1302930 1318.6
1302940 1323.8
1302950 1328.9
1302960 1328.9
1302970 1332.9
1302980 1336.9
1302990 1337.8
1303000 1337.8
1303010 1336.7
1303020 1337.4
1303030 1333.0
1303040 1334.5
1303050 1337.2
1303060 1337.2
1303070 1339.0
1303080 1341.4
1303090 1341.4
1303100 1345.2
1303110 1348.4
1303120 1348.4
1303130 1352.1
1303140 1355.0
1303150 1355.0
1303160 1358.5
1303170 1363.2
1303180 1363.2
1303190 1368.2
1303200 1374.0
1303210 1374.0
1303220 1380.2
1303230 1387.3
1303240 1387.3
1303250 1394.9
1303260 1401.5
1303270 1406.4
1303280 1406.4
1303290 1409.8
1303300 1412.3
1303310 1412.3
1303320 1414.6
1303330 1416.3
1303340 1416.3
1303350 1417.4
1303360 1417.7
1303370 1417.7
1303380 1417.4
1303390 1416.3
1303400 1416.3
1303410 1415.5
1303420 1415.3
1303430 1415.3
1303440 1416.0
1303450 1417.2
1303460 1417.2
1303470 1418.3
1303480 1419.8
1303490 1419.8
1303500 1420.5
1303510 1422.2
1303520 1426.8
1303530 1426.8
1303540 1432.3
1303550 1438.6
1303560 1438.6
1303570 1443.5
1303580 1448.0
1303590 1448.0
1303600 1452.3
1303610 1456.4
1303620 1456.4
1303630 1460.5
1303640 1464.9
1303650 1464.9
1303660 1470.7
1303670 1475.7
1303680 1475.7
1303690 1480.2
1303700 1483.9
1303710 1483.9
1303720 1487.5
1303730 1488.5
1303740 1488.5
1303750 1492.2
1303760 1495.1
1303770 1498.3
1303780 1498.3
1303790 1501.8
1303800 1505.2
1303810 1505.2
1303820 1508.3
1303830 1511.9
1303840 1511.9
1303850 1515.4
1303860 1518.7
1303870 1518.7
1303880 1522.0
1303890 1525.9
1303900 1525.9
1303910 1528.7
1303920 1530.6
1303930 1530.6
1303940 1532.6
1303950 1534.6
1303960 1534.6
1303970 1536.9
1303980 1538.8
1303990 1538.8
1304000 1540.3
1304010 1542.7
1304020 1542.7
1304030 1545.3
1304040 1547.4
1304050 1548.6
1304060 1548.6
1304070 1551.3
1304080 1554.7
1304090 1554.7
1304100 1557.3
1304110 1559.7
1304120 1559.7
1304130 1562.3
1304140 1564.6
1304150 1564.6
1304160 1567.1
1304170 1570.8
1304180 1570.8
1304190 1572.6
1304200 1573.0
1304210 1573.0
1304220 1575.9
1304230 1581.4
1304240 1581.4
1304250 1585.6
1304260 1589.3
1304270 1589.3
1304280 1593.7
1304290 1596.8
1304300 1601.0
1304310 1601.0
1304320 1606.2
1304330 1610.7
1304340 1610.7
1304350 1614.1
1304360 1618.1
1304370 1618.1
1304380 1621.8
1304390 1626.4
1304400 1626.4
1304410 1630.5
1304420 1633.0
1304430 1633.0
1304440 1627.1
1304450 1627.1
1304460 1627.1
1304470 1626.0
1304480 1627.3
1304490 1627.3
1304500 1634.1
1304510 1640.4
1304520 1640.4
1304530 1646.6
1304540 1651.9
1304550 1655.2
1304560 1655.2
1304570 1656.1
1304580 1656.9
1304590 1656.9
1304600 1659.4
1304610 1662.7
1304620 1662.7
1304630 1665.7
1304640 1667.5
1304650 1667.5
1304660 1667.6
1304670 1665.7
1304680 1665.7
1304690 1661.8
1304700 1658.9
1304710 1658.9
1304720 1661.4
1304730 1667.1
1304740 1667.1
1304750 1670.6
1304760 1674.4
1304770 1674.4
1304780 1678.3
1304790 1681.7
1304800 1681.7
1304810 1684.3
1304820 1685.9
1304830 1688.6
1304840 1688.6
1304850 1693.4
1304860 1700.6
1304870 1700.6
1304880 1706.6
1304890 1711.7
1304900 1711.7
1304910 1716.5
1304920 1721.3
1304930 1721.3
1304940 1726.2
1304950 1731.6
1304960 1731.6
1304970 1736.7
1304980 1741.4
1304990 1741.4
1305000 1746.4
1305010 1750.6
1305020 1750.6
1305030 1754.3
1305040 1757.4
1305050 1757.4
1305060 1759.5
1305070 1760.3
1305080 1760.2
1305090 1760.2
1305100 1758.7
1305110 1759.8
1305120 1759.8
1305130 1758.2
1305140 1750.4
1305150 1750.4
1305160 1756.3
1305170 1762.9
1305180 1762.9
1305190 1768.4
1305200 1773.8
1305210 1773.8
1305220 1778.3
1305230 1780.7
1305240 1780.7
1305250 1784.0
1305260 1788.4
1305270 1788.4
1305280 1792.4
1305290 1796.4
1305300 1796.4
1305310 1802.3
1305320 1807.2
1305330 1811.4
1305340 1811.4
1305350 1815.2
1305360 1819.5
1305370 1819.5
1305380 1823.3
1305390 1827.2
1305400 1827.2
1305410 1831.1
1305420 1834.2
1305430 1834.2
1305440 1836.7
1305450 1839.4
1305460 1839.4
1305470 1842.5
1305480 1846.6
1305490 1846.6
1305500 1850.3
1305510 1853.2
1305520 1853.2
1305530 1856.3
1305540 1859.0
1305550 1859.0
1305560 1861.8
1305570 1866.0
1305580 1871.0
1305590 1871.0
1305600 1874.3
1305610 1877.6
1305620 1877.6
1305630 1879.6
1305640 1882.4
1305650 1882.4
1305660 1886.0
1305670 1890.0
1305680 1890.0
1305690 1893.7
1305700 1897.7
1305710 1897.7
1305720 1905.3
1305730 1912.5
1305740 1912.5
1305750 1917.2
1305760 1920.2
1305770 1920.2
1305780 1922.1
1305790 1923.8
1305800 1923.8
1305810 1927.5
1305820 1930.1
1305830 1930.1
1305840 1934.3
1305850 1933.0
1305860 1933.4
1305870 1933.4
1305880 1938.0
1305890 1944.9
1305900 1944.9
1305910 1950.7
1305920 1954.5
1305930 1954.5
1305940 1957.7
1305950 1961.5
1305960 1961.5
1305970 1965.7
1305980 1970.6
1305990 1970.6
1306000 1975.4
1306010 1980.1
1306020 1980.1
1306030 1984.8
1306040 1990.6
1306050 1990.6
1306060 1996.7
1306070 2002.0
1306080 2002.0
1306090 2006.9
1306100 2010.6
1306110 2013.5
1306120 2013.5
1306130 2016.1
1306140 2018.9
1306150 2018.9
1306160 2021.6
1306170 2024.1
1306180 2024.1
1306190 2027.2
1306200 2031.2
1306210 2031.2
1306220 2034.5
1306230 2037.3
1306240 2037.3
1306250 2039.8
1306260 2042.9
1306270 2042.9
1306280 2045.3
1306290 2047.0
1306300 2047.0
1306310 2048.7
1306320 2050.5
1306330 2050.5
1306340 2052.9
1306350 2055.4
1306360 2057.4
1306370 2057.4
1306380 2060.0
1306390 2065.3
1306400 2065.3
1306410 2071.4
1306420 2074.3
1306430 2074.3
1306440 2078.9
1306450 2085.1
1306460 2085.1
1306470 2088.6
1306480 2092.0
1306490 2092.0
1306500 2095.5
1306510 2098.7
1306520 2098.7
1306530 2101.9
1306540 2105.0
1306550 2105.0
1306560 2108.2
1306570 2112.3
1306580 2112.3
1306590 2116.2
1306600 2120.4
1306610 2120.4
1306620 2124.7
1306630 2128.7
1306640 2132.3
1306650 2132.3
1306660 2135.7
1306670 2139.0
1306680 2139.0
1306690 2142.4
1306700 2146.4
1306710 2146.4
1306720 2150.5
1306730 2154.4
1306740 2154.4
1306750 2158.8
1306760 2163.8
1306770 2163.8
1306780 2169.4
1306790 2175.4
1306800 2175.4
1306810 2182.0
1306820 2188.7
1306830 2188.7
1306840 2195.1
1306850 2202.2
1306860 2202.2
1306870 2210.2
1306880 2218.4
1306890 2228.3
1306900 2228.3
1306910 2238.5
1306920 2245.7
1306930 2245.7
1306940 2250.4
1306950 2253.9
1306960 2253.9
1306970 2257.2
1306980 2261.1
1306990 2261.1
1307000 2265.2
1307010 2269.8
1307020 2269.8
1307030 2275.3
1307040 2281.4
1307050 2281.4
1307060 2287.5
1307070 2293.3
1307080 2293.3
1307090 2300.1
1307100 2307.5
1307110 2307.5
1307120 2314.7
1307130 2321.9
1307140 2329.0
1307150 2329.0
1307160 2335.3
1307170 2341.8
1307180 2341.8
1307190 2348.4
1307200 2354.8
1307210 2354.8
1307220 2360.6
1307230 2366.2
1307240 2366.2
1307250 2372.4
1307260 2379.3
1307270 2379.3
1307280 2378.0
1307290 2377.1
1307300 2377.1
1307310 2370.9
1307320 2364.3
1307330 2364.3
1307340 2358.2
1307350 2352.0
1307360 2352.0
1307370 2345.2
1307380 2339.5
1307390 2339.5
1307400 2334.8
1307410 2330.3
1307420 2327.2
1307430 2327.2
1307440 2325.3
1307450 2325.0
1307460 2325.0
1307470 2327.2
1307480 2329.1
1307490 2329.1
1307500 2327.4
1307510 2323.7
1307520 2323.7
1307530 2317.2
1307540 2309.8
1307550 2309.8
1307560 2305.1
1307570 2301.5
1307580 2301.5
1307590 2298.6
1307600 2295.4
1307610 2295.4
1307620 2291.7
1307630 2288.1
1307640 2288.1
1307650 2284.1
1307660 2278.4
1307670 2271.7
1307680 2271.7
1307690 2266.9
1307700 2263.6
1307710 2263.6
1307720 2260.2
1307730 2254.8
1307740 2254.8
1307750 2249.4
1307760 2248.9
1307770 2248.9
1307780 2252.2
1307790 2257.1
1307800 2257.1
1307810 2261.4
1307820 2265.4
1307830 2265.4
1307840 2270.4
1307850 2275.1
1307860 2275.1
1307870 2280.5
1307880 2286.1
1307890 2286.1
1307900 2288.4
1307910 2286.7
1307920 2281.4
1307930 2281.4
1307940 2274.4
1307950 2268.0
1307960 2268.0
1307970 2260.9
1307980 2250.9
1307990 2250.9
1308000 2248.8
1308010 2242.6
1308020 2242.6
1308030 2237.4
1308040 2231.5
1308050 2231.5
1308060 2225.7
1308070 2219.5
1308080 2219.5
1308090 2211.8
1308100 2203.5
1308110 2203.5
1308120 2193.6
1308130 2186.1
1308140 2186.1
1308150 2179.5
1308160 2176.1
1308170 2176.1
1308180 2166.9
1308190 2156.3
1308200 2148.3
1308210 2148.3
1308220 2141.9
1308230 2120.4
1308240 2120.4
1308250 2104.3
1308260 2097.1
1308270 2097.1
1308280 2091.2
1308290 2085.5
1308300 2085.5
1308310 2080.4
1308320 2075.3
1308330 2075.3
1308340 2070.6
1308350 2065.4
1308360 2065.4
1308370 2059.6
1308380 2054.9
1308390 2054.9
1308400 2050.5
1308410 2045.5
1308420 2045.5
1308430 2041.1
1308440 2037.3
1308450 2034.4
1308460 2034.4
1308470 2031.6
1308480 2028.2
1308490 2028.2
1308500 2025.2
1308510 2020.4
1308520 2020.4
1308530 2012.7
1308540 2005.7
1308550 2005.7
1308560 1999.2
1308570 1993.0
1308580 1993.0
1308590 1987.1
1308600 1982.6
1308610 1982.6
1308620 1979.2
1308630 1975.9
1308640 1975.9
1308650 1972.2
1308660 1967.9
1308670 1967.9
1308680 1963.6
1308690 1959.3
1308700 1954.6
1308710 1954.6
1308720 1953.4
1308730 1949.0
1308740 1949.0
1308750 1944.8
1308760 1940.2
1308770 1940.2
1308780 1935.6
1308790 1931.3
1308800 1931.3
1308810 1926.9
1308820 1921.1
1308830 1921.1
1308840 1915.8
1308850 1911.1
1308860 1911.1
1308870 1907.3
1308880 1904.2
1308890 1904.2
1308900 1900.6
1308910 1897.2
1308920 1897.2
1308930 1893.8
1308940 1889.9
1308950 1885.1
1308960 1885.1
1308970 1880.1
1308980 1875.1
1308990 1875.1
1309000 1869.8
1309010 1863.1
1309020 1863.1
1309030 1857.2
1309040 1852.3
1309050 1852.3
1309060 1846.7
1309070 1840.7
1309080 1840.7
1309090 1834.5
1309100 1827.8
1309110 1827.8
1309120 1820.1
1309130 1811.2
1309140 1811.2
1309150 1803.2
1309160 1795.6
1309170 1795.6
1309180 1787.0
1309190 1778.6
1309200 1778.6
1309210 1769.0
1309220 1758.8
1309230 1749.2
1309240 1749.2
1309250 1738.4
1309260 1725.9
1309270 1725.9
1309280 1716.4
1309290 1709.3
1309300 1709.3
1309310 1700.5
1309320 1692.0
1309330 1692.0
1309340 1685.1
1309350 1678.8
1309360 1678.8
1309370 1672.6
1309380 1665.7
1309390 1665.7
1309400 1658.6
1309410 1652.6
1309420 1652.6
1309430 1649.2
1309440 1647.7
1309450 1646.5
1309460 1645.4
1309470 1644.6
1309480 1644.5
1309490 1644.5
1309500 1645.8
1309510 1649.4
1309520 1649.4
1309530 1651.1
1309540 1652.3
1309550 1652.3
1309560 1653.1
1309570 1653.8
1309580 1653.8
1309590 1654.6
1309600 1656.3
1309610 1656.3
1309620 1657.9
1309630 1659.9
1309640 1659.9
1309650 1662.1
1309660 1665.0
1309670 1665.0
1309680 1668.8
1309690 1671.2
1309700 1671.2
1309710 1671.9
1309720 1672.3
1309730 1673.1
1309740 1673.1
1309750 1674.6
1309760 1675.9
1309770 1675.9
1309780 1677.3
1309790 1679.0
1309800 1679.0
1309810 1681.7
1309820 1684.8
1309830 1684.8
1309840 1687.0
1309850 1689.4
1309860 1689.4
1309870 1691.0
1309880 1691.5
1309890 1691.5
1309900 1692.5
1309910 1694.6
1309920 1694.6
1309930 1695.2
1309940 1696.1
1309950 1696.1
1309960 1696.6
1309970 1696.7
1309980 1696.7
1309990 1696.9
1310000 1697.0
1310010 1697.7
1310020 1697.7
1310030 1699.7
1310040 1700.8
1310050 1700.8
1310060 1700.5
1310070 1700.6
1310080 1700.6
1310090 1700.0
1310100 1698.6
1310110 1698.6
1310120 1696.7
1310130 1695.9
1310140 1695.9
1310150 1695.6
1310160 1695.8
1310170 1695.8
1310180 1701.9
1310190 1701.3
1310200 1701.3
1310210 1700.6
1310220 1698.7
1310230 1698.7
1310240 1696.8
1310250 1696.1
1310260 1695.5
1310270 1695.5
1310280 1693.3
1310290 1690.4
1310300 1690.4
1310310 1688.8
1310320 1687.7
1310330 1687.7
1310340 1687.4
1310350 1687.4
1310360 1687.4
1310370 1687.1
1310380 1686.7
1310390 1686.7
1310400 1686.1
1310410 1685.2
1310420 1685.2
1310430 1684.2
1310440 1682.6
1310450 1682.6
1310460 1681.4
1310470 1680.0
1310480 1680.0
1310490 1677.6
1310500 1674.1
1310510 1669.4
1310520 1669.4
1310530 1665.9
1310540 1663.0
1310550 1663.0
1310560 1659.9
1310570 1656.5
1310580 1656.5
1310590 1653.9
1310600 1651.7
1310610 1651.7
1310620 1648.7
1310630 1645.2
1310640 1645.2
1310650 1642.2
1310660 1639.4
1310670 1639.4
1310680 1636.7
1310690 1634.0
1310700 1634.0
1310710 1630.3
1310720 1626.9
1310730 1626.9
1310740 1624.5
1310750 1620.7
1310760 1620.7
1310770 1615.9
1310780 1611.9
1310790 1608.6
1310800 1608.6
1310810 1605.9
1310820 1603.8
1310830 1603.8
1310840 1602.6
1310850 1601.5
1310860 1601.5
1310870 1600.4
1310880 1599.4
1310890 1599.4
1310900 1598.9
1310910 1600.4
1310920 1600.4
1310930 1597.6
1310940 1595.1
1310950 1595.1
1310960 1593.6
1310970 1591.4
1310980 1591.4
1310990 1589.2
1311000 1585.3
1311010 1585.3
1311020 1579.5
1311030 1573.7
1311040 1569.8
1311050 1569.8
1311060 1566.2
1311070 1563.5
1311080 1563.5
1311090 1560.9
1311100 1558.1
1311110 1558.1
1311120 1554.9
1311130 1551.8
1311140 1551.8
1311150 1549.0
1311160 1546.1
1311170 1546.1
1311180 1543.2
1311190 1539.7
1311200 1539.7
1311210 1536.5
1311220 1532.2
1311230 1532.2
1311240 1526.9
1311250 1521.3
1311260 1521.3
1311270 1515.9
1311280 1513.6
1311290 1512.3
1311300 1512.3
1311310 1514.5
1311320 1517.2
1311330 1517.2
1311340 1522.2
1311350 1525.8
1311360 1525.8
1311370 1528.9
1311380 1530.9
1311390 1530.9
1311400 1532.7
1311410 1535.1
1311420 1535.1
1311430 1537.3
1311440 1539.8
1311450 1539.8
1311460 1542.0
1311470 1544.1
1311480 1544.1
1311490 1546.1
1311500 1547.9
1311510 1547.9
1311520 1550.3
1311530 1554.0
1311540 1554.0
1311550 1558.8
1311560 1564.8
1311570 1569.9
1311580 1569.9
1311590 1574.6
1311600 1579.1
1311610 1579.1
1311620 1582.0
1311630 1583.7
1311640 1585.1
1311650 1587.3
1311660 1589.2
1311670 1589.2
1311680 1591.3
1311690 1592.8
1311700 1592.8
1311710 1594.3
1311720 1596.7
1311730 1596.7
1311740 1600.0
1311750 1602.0
1311760 1602.0
1311770 1603.1
1311780 1605.0
1311790 1605.0
1311800 1609.5
1311810 1613.8
1311820 1618.6
1311830 1618.6
1311840 1623.7
1311850 1629.7
1311860 1629.7
1311870 1635.5
1311880 1640.8
1311890 1640.8
1311900 1644.7
1311910 1648.0
1311920 1648.0
1311930 1653.0
1311940 1660.6
1311950 1660.6
1311960 1669.0
1311970 1677.6
1311980 1677.6
1311990 1684.3
1312000 1689.3
1312010 1689.3
1312020 1693.8
1312030 1697.8
1312040 1697.8
1312050 1701.0
1312060 1703.4
1312070 1705.9
1312080 1705.9
1312090 1708.3
1312100 1709.8
1312110 1709.8
1312120 1711.2
1312130 1718.3
1312140 1718.3
1312150 1727.0
1312160 1736.1
1312170 1736.1
1312180 1743.4
1312190 1748.9
1312200 1748.9
1312210 1754.6
1312220 1759.8
1312230 1759.8
1312240 1764.9
1312250 1770.7
1312260 1770.7
1312270 1777.2
1312280 1784.3
1312290 1784.3
1312300 1792.2
1312310 1799.6
1312320 1805.9
1312330 1805.9
1312340 1811.8
1312350 1816.0
1312360 1816.0
1312370 1820.3
1312380 1823.6
1312390 1823.6
1312400 1827.2
1312410 1830.4
1312420 1830.4
1312430 1833.4
1312440 1837.3
1312450 1837.3
1312460 1841.8
1312470 1846.8
1312480 1846.8
1312490 1851.4
1312500 1854.3
1312510 1854.3
1312520 1857.9
1312530 1862.4
1312540 1862.4
1312550 1867.6
1312560 1873.0
1312570 1873.0
1312580 1877.7
1312590 1882.1
1312600 1886.9
1312610 1886.9
1312620 1890.9
1312630 1892.9
1312640 1892.9
1312650 1896.0
1312660 1897.8
1312670 1897.8
1312680 1900.8
1312690 1905.6
1312700 1905.6
1312710 1911.2
1312720 1915.8
1312730 1915.8
1312740 1920.6
1312750 1925.7
1312760 1925.7
1312770 1930.6
1312780 1935.9
1312790 1935.9
1312800 1941.4
1312810 1946.3
1312820 1946.3
1312830 1951.2
1312840 1956.7
1312850 1963.3
1312860 1963.3
1312870 1970.3
1312880 1977.6
1312890 1977.6
1312900 1985.2
1312910 1992.2
1312920 1992.2
1312930 1998.7
1312940 2005.0
1312950 2005.0
1312960 2011.1
1312970 2016.5
1312980 2016.5
1312990 2020.6
1313000 2025.9
1313010 2025.9
1313020 2033.0
1313030 2040.6
1313040 2040.6
1313050 2047.9
1313060 2054.8
1313070 2054.8
1313080 2058.1
1313090 2058.8
1313100 2062.2
1313110 2062.2
1313120 2065.7
1313130 2071.5
1313140 2071.5
1313150 2077.7
1313160 2082.2
1313170 2082.2
1313180 2085.6
1313190 2088.8
1313200 2088.8
1313210 2092.9
1313220 2100.0
1313230 2100.0
1313240 2106.4
1313250 2111.4
1313260 2111.4
1313270 2114.7
1313280 2115.9
1313290 2115.9
1313300 2117.6
1313310 2119.5
1313320 2119.5
1313330 2120.6
1313340 2121.6
1313350 2121.6
1313360 2122.2
1313370 2125.3
1313380 2127.7
1313390 2127.7
1313400 2131.5
1313410 2137.3
1313420 2137.3
1313430 2144.0
1313440 2148.6
1313450 2148.6
1313460 2151.8
1313470 2155.6
1313480 2155.6
1313490 2161.1
1313500 2164.5
1313510 2164.5
1313520 2169.7
1313530 2176.5
1313540 2176.5
1313550 2183.9
1313560 2193.5
1313570 2193.5
1313580 2203.2
1313590 2210.1
1313600 2210.1
1313610 2215.4
1313620 2221.4
1313630 2227.1
1313640 2227.1
1313650 2232.5
1313660 2237.8
1313670 2237.8
1313680 2244.1
1313690 2248.1
1313700 2248.1
1313710 2252.5
1313720 2257.5
1313730 2257.5
1313740 2263.0
1313750 2268.7
1313760 2268.7
1313770 2272.3
1313780 2273.8
1313790 2273.8
1313800 2275.4
1313810 2279.7
1313820 2279.7
1313830 2285.3
1313840 2290.9
1313850 2290.9
1313860 2295.3
1313870 2297.4
1313880 2301.2
1313890 2301.2
1313900 2305.3
1313910 2309.8
1313920 2309.8
1313930 2314.3
1313940 2319.0
1313950 2319.0
1313960 2323.1
1313970 2326.3
1313980 2326.3
1313990 2329.3
1314000 2332.1
1314010 2332.1
1314020 2335.7
1314030 2340.4
1314040 2340.4
1314050 2345.5
1314060 2350.5
1314070 2350.5
1314080 2355.5
1314090 2360.8
1314100 2360.8
1314110 2365.4
1314120 2369.8
1314130 2369.8
1314140 2374.3
1314150 2377.8
1314160 2379.9
1314170 2379.9
1314180 2381.3
1314190 2382.3
1314200 2382.3
1314210 2378.4
1314220 2371.9
1314230 2371.9
1314240 2364.6
1314250 2357.9
1314260 2357.9
1314270 2352.0
1314280 2345.8
1314290 2345.8
1314300 2336.1
1314310 2325.4
1314320 2325.4
1314330 2318.0
1314340 2310.7
1314350 2310.7
1314360 2303.1
1314370 2295.9
1314380 2295.9
1314390 2290.1
1314400 2284.9
1314410 2279.6
1314420 2279.6
1314430 2273.8
1314440 2268.7
1314450 2268.7
1314460 2263.7
1314470 2258.5
1314480 2258.5
1314490 2252.6
1314500 2246.7
1314510 2246.7
1314520 2241.0
1314530 2234.9
1314540 2234.9
1314550 2228.7
1314560 2222.6
1314570 2222.6
1314580 2216.3
1314590 2209.9
1314600 2209.9
1314610 2206.2
1314620 2200.2
1314630 2200.2
1314640 2194.3
1314650 2187.9
1314660 2181.9
1314670 2181.9
1314680 2176.1
1314690 2170.5
1314700 2170.5
1314710 2164.6
1314720 2158.9
1314730 2158.9
1314740 2155.0
1314750 2151.8
1314760 2151.8
1314770 2148.2
1314780 2144.5
1314790 2144.5
1314800 2140.7
1314810 2137.2
1314820 2137.2
1314830 2133.9
1314840 2130.5
1314850 2130.5
1314860 2127.4
1314870 2124.7
1314880 2124.7
1314890 2122.9
1314900 2121.2
1314910 2121.2
1314920 2119.0
1314930 2116.0
1314940 2113.2
1314950 2113.2
1314960 2112.8
1314970 2113.3
1314980 2113.3
1314990 2113.6
1315000 2114.9
1315010 2114.9
1315020 2117.0
1315030 2119.2
1315040 2119.2
1315050 2122.0
1315060 2124.7
1315070 2124.7
1315080 2127.1
1315090 2129.2
1315100 2129.2
1315110 2129.9
1315120 2130.3
1315130 2130.3
1315140 2130.5
1315150 2131.2
1315160 2131.2
1315170 2133.2
1315180 2135.0
1315190 2136.0
1315200 2136.0
1315210 2137.2
1315220 2138.6
1315230 2138.6
1315240 2138.6
1315250 2140.8
1315260 2140.8
1315270 2143.1
1315280 2144.6
1315290 2144.6
1315300 2146.2
1315310 2147.3
1315320 2147.3
1315330 2147.0
1315340 2145.7
1315350 2145.7
1315360 2146.6
1315370 2148.9
1315380 2148.9
1315390 2149.4
1315400 2149.8
1315410 2149.8
1315420 2149.8
1315430 2149.4
1315440 2149.0
1315450 2149.0
1315460 2150.2
1315470 2152.3
1315480 2152.3
1315490 2155.1
1315500 2158.0
1315510 2158.0
1315520 2160.1
1315530 2162.1
1315540 2162.1
1315550 2164.0
1315560 2165.6
1315570 2165.6
1315580 2168.2
1315590 2171.3
1315600 2171.3
1315610 2174.4
1315620 2178.3
1315630 2178.3
1315640 2181.6
1315650 2185.7
1315660 2185.7
1315670 2190.4
1315680 2193.0
1315690 2193.1
1315700 2193.1
1315710 2195.5
1315720 2198.0
1315730 2198.0
1315740 2200.8
1315750 2202.4
1315760 2202.4
1315770 2202.8
1315780 2203.3
1315790 2203.3
1315800 2202.5
1315810 2201.6
1315820 2201.6
1315830 2199.7
1315840 2198.1
1315850 2198.1
1315860 2197.4
1315870 2196.6
1315880 2196.6
1315890 2197.5
1315900 2196.0
1315910 2196.0
1315920 2193.6
1315930 2191.9
1315940 2191.9
1315950 2192.4
1315960 2194.7
1315970 2196.9
1315980 2196.9
1315990 2197.2
1316000 2196.9
1316010 2196.9
1316020 2195.9
1316030 2195.9
1316040 2195.9
1316050 2196.5
1316060 2199.2
1316070 2199.2
1316080 2202.1
1316090 2206.1
1316100 2206.1
1316110 2210.5
1316120 2218.0
1316130 2218.0
1316140 2222.3
1316150 2226.3
1316160 2226.3
1316170 2229.1
1316180 2230.9
1316190 2230.9
1316200 2232.6
1316210 2235.7
1316220 2238.8
1316230 2238.8
1316240 2241.6
1316250 2245.1
1316260 2245.1
1316270 2248.2
1316280 2252.6
1316290 2252.6
1316300 2255.7
1316310 2255.3
1316320 2255.3
1316330 2254.4
1316340 2252.8
1316350 2252.8
1316360 2249.4
1316370 2243.2
1316380 2243.2
1316390 2236.8
1316400 2233.1
1316410 2233.1
1316420 2228.2
1316430 2223.8
1316440 2223.8
1316450 2222.5
1316460 2224.0
1316470 2223.1
1316480 2223.1
1316490 2223.6
1316500 2225.7
1316510 2225.7
1316520 2225.5
1316530 2223.8
1316540 2223.8
1316550 2221.4
1316560 2219.9
1316570 2219.9
1316580 2218.1
1316590 2215.8
1316600 2215.8
1316610 2212.0
1316620 2210.0
1316630 2210.0
1316640 2208.0
1316650 2198.9
1316660 2198.9
1316670 2186.8
1316680 2179.9
1316690 2179.9
1316700 2176.6
1316710 2172.9
1316720 2172.9
1316730 2170.7
1316740 2168.5
1316750 2161.9
1316760 2161.9
1316770 2155.8
1316780 2149.1
1316790 2149.1
1316800 2143.4
1316810 2138.2
1316820 2138.2
1316830 2134.9
1316840 2132.2
1316850 2132.2
1316860 2128.8
1316870 2125.7
1316880 2128.4
1316890 2125.4
1316900 2122.2
1316910 2122.2
1316920 2121.0
1316930 2121.9
1316940 2121.9
1316950 2123.2
1316960 2123.7
1316970 2123.7
1316980 2123.5
1316990 2122.0
1317000 2118.6
1317010 2118.6
1317020 2114.4
1317030 2110.8
1317040 2110.8
1317050 2108.8
1317060 2107.4
1317070 2107.4
1317080 2106.1
1317090 2105.7
1317100 2105.7
1317110 2104.2
1317120 2099.0
1317130 2099.0
1317140 2092.5
1317150 2088.9
1317160 2088.9
1317170 2085.1
1317180 2080.4
1317190 2080.4
1317200 2076.0
1317210 2071.1
1317220 2071.1
1317230 2063.7
1317240 2052.1
1317250 2041.6
1317260 2041.6
1317270 2033.8
1317280 2026.9
1317290 2026.9
1317300 2022.1
1317310 2017.8
1317320 2017.8
1317330 2012.0
1317340 2008.5
1317350 2008.5
1317360 2005.4
1317370 1999.5
1317380 1999.5
1317390 1994.7
1317400 1991.8
1317410 1991.8
1317420 1988.7
1317430 1987.0
1317440 1987.0
1317450 1987.8
1317460 1989.7
1317470 1989.7
1317480 1987.1
1317490 1984.6
1317500 1984.6
1317510 1981.4
1317520 1979.3
1317530 1978.3
1317540 1978.3
1317550 1977.1
1317560 1975.8
1317570 1975.8
1317580 1973.7
1317590 1972.1
1317600 1972.1
1317610 1970.6
1317620 1969.1
1317630 1969.1
1317640 1970.5
1317650 1969.5
1317660 1969.5
1317670 1967.9
1317680 1966.7
1317690 1966.7
1317700 1965.0
1317710 1962.4
1317720 1962.4
1317730 1958.9
1317740 1954.3
1317750 1954.3
1317760 1950.1
1317770 1944.1
1317780 1937.7
1317790 1937.7
1317800 1930.5
1317810 1923.3
1317820 1923.3
1317830 1917.2
1317840 1912.3
1317850 1912.3
1317860 1907.2
1317870 1902.5
1317880 1902.5
1317890 1899.2
1317900 1896.6
1317910 1896.6
1317920 1893.9
1317930 1891.8
1317940 1891.8
1317950 1890.4
1317960 1888.8
1317970 1888.8
1317980 1886.7
1317990 1884.0
1318000 1884.0
1318010 1882.9
1318020 1881.1
1318030 1877.8
1318040 1877.8
1318050 1875.3
1318060 1874.7
1318070 1874.7
1318080 1873.5
1318090 1871.9
1318100 1871.9
1318110 1870.0
1318120 1867.9
1318130 1867.9
1318140 1865.7
1318150 1863.4
1318160 1863.4
1318170 1861.8
1318180 1860.9
1318190 1860.9
1318200 1858.8
1318210 1856.6
1318220 1856.6
1318230 1854.5
1318240 1852.0
1318250 1852.0
1318260 1849.2
1318270 1846.2
1318280 1846.2
1318290 1843.1
1318300 1839.5
1318310 1835.8
1318320 1835.8
1318330 1832.0
1318340 1828.3
1318350 1828.3
1318360 1824.7
1318370 1820.8
1318380 1820.8
1318390 1817.3
1318400 1812.0
1318410 1812.0
1318420 1809.0
1318430 1806.2
1318440 1806.2
1318450 1804.2
1318460 1801.8
1318470 1801.8
1318480 1799.8
1318490 1797.8
1318500 1797.8
1318510 1797.1
1318520 1796.4
1318530 1796.4
1318540 1794.9
1318550 1793.4
1318560 1790.2
1318570 1790.2
1318580 1786.5
1318590 1784.3
1318600 1784.3
1318610 1782.3
1318620 1780.4
1318630 1780.4
1318640 1778.7
1318650 1776.3
1318660 1776.3
1318670 1776.7
1318680 1777.3
1318690 1777.3
1318700 1777.0
1318710 1774.2
1318720 1774.2
1318730 1767.9
1318740 1762.0
1318750 1762.0
1318760 1756.6
1318770 1751.9
1318780 1751.9
1318790 1748.2
1318800 1743.2
1318810 1738.2
1318820 1738.2
1318830 1734.9
1318840 1731.2
1318850 1731.2
1318860 1728.7
1318870 1726.6
1318880 1726.6
1318890 1723.0
1318900 1720.4
1318910 1720.4
1318920 1718.5
1318930 1715.9
1318940 1715.9
1318950 1713.5
1318960 1710.1
1318970 1710.1
1318980 1707.0
1318990 1704.9
1319000 1704.9
1319010 1702.5
1319020 1699.6
1319030 1699.6
1319040 1696.9
1319050 1694.2
1319060 1692.0
1319070 1692.0
1319080 1689.9
1319090 1687.2
1319100 1687.2
1319110 1684.2
1319120 1681.0
1319130 1681.0
1319140 1678.5
1319150 1677.0
1319160 1677.0
1319170 1675.0
1319180 1673.3
1319190 1673.3
1319200 1671.4
1319210 1669.3
1319220 1669.3
1319230 1665.4
1319240 1661.6
1319250 1661.6
1319260 1657.7
1319270 1653.9
1319280 1653.9
1319290 1653.7
1319300 1651.9
1319310 1651.9
1319320 1650.2
1319330 1648.7
1319340 1645.8
1319350 1645.8
1319360 1643.3
1319370 1641.7
1319380 1641.7
1319390 1640.7
1319400 1639.6
1319410 1639.6
1319420 1638.2
1319430 1636.9
1319440 1636.9
1319450 1633.6
1319460 1628.6
1319470 1628.6
1319480 1624.7
1319490 1622.6
1319500 1622.6
1319510 1619.4
1319520 1617.3
1319530 1617.3
1319540 1617.3
1319550 1615.0
1319560 1615.0
1319570 1609.0
1319580 1606.8
1319590 1605.9
1319600 1605.9
1319610 1604.5
1319620 1603.3
1319630 1603.3
1319640 1601.0
1319650 1598.5
1319660 1598.5
1319670 1595.7
1319680 1592.5
1319690 1592.5
1319700 1588.9
1319710 1585.6
1319720 1585.6
1319730 1582.3
1319740 1578.7
1319750 1578.7
1319760 1575.2
1319770 1571.1
1319780 1571.1
1319790 1566.3
1319800 1560.9
1319810 1560.9
1319820 1555.9
1319830 1551.2
1319840 1548.4
1319850 1548.4
1319860 1547.6
1319870 1548.6
1319880 1548.6
1319890 1549.1
1319900 1546.7
1319910 1546.7
1319920 1544.8
1319930 1543.2
1319940 1547.4
1319950 1544.2
1319960 1542.6
1319970 1542.6
1319980 1542.1
1319990 1541.9
