1300000 1430.3
1300010 1430.3
1300020 1428.9
1300030 1427.6
1300040 1427.6
1300050 1427.5
1300060 1427.2
1300070 1427.2
1300080 1427.2
1300090 1428.9
1300100 1428.9
1300110 1431.1
1300120 1431.3
1300130 1431.3
1300140 1427.3
1300150 1422.4
1300160 1422.4
1300170 1419.0
1300180 1414.2
1300190 1408.0
1300200 1408.0
1300210 1403.6
1300220 1401.3
1300230 1401.3
1300240 1401.1
1300250 1400.3
1300260 1400.3
1300270 1399.1
1300280 1397.5
1300290 1397.5
1300300 1395.5
1300310 1393.1
1300320 1393.1
1300330 1390.2
1300340 1388.2
1300350 1388.2
1300360 1385.7
1300370 1383.6
1300380 1383.6
1300390 1381.5
1300400 1379.3
1300410 1379.3
1300420 1378.0
1300430 1377.5
1300440 1377.5
1300450 1376.5
1300460 1375.7
1300470 1374.5
1300480 1374.5
1300490 1373.3
1300500 1372.8
1300510 1372.8
1300520 1372.5
1300530 1372.8
1300540 1372.8
1300550 1372.3
1300560 1375.5
1300570 1375.5
1300580 1374.2
1300590 1372.8
1300600 1372.8
1300610 1371.4
1300620 1369.9
1300630 1369.9
1300640 1367.7
1300650 1365.6
1300660 1365.6
1300670 1364.2
1300680 1362.7
1300690 1362.7
1300700 1361.5
1300710 1360.2
1300720 1358.0
1300730 1358.0
1300740 1355.2
1300750 1351.9
1300760 1351.9
1300770 1347.3
1300780 1341.0
1300790 1341.0
1300800 1334.6
1300810 1330.1
1300820 1330.1
1300830 1327.5
1300840 1325.4
1300850 1325.4
1300860 1323.0
1300870 1320.8
1300880 1320.8
1300890 1317.6
1300900 1313.9
1300910 1313.9
1300920 1311.0
1300930 1307.1
1300940 1307.1
1300950 1303.2
1300960 1299.5
1300970 1295.9
1300980 1295.9
1300990 1293.5
1301000 1289.9
1301010 1289.9
1301020 1285.0
1301030 1280.3
1301040 1280.3
1301050 1277.4
1301060 1275.7
1301070 1275.7
1301080 1274.4
1301090 1272.0
1301100 1272.0
1301110 1270.2
1301120 1268.8
1301130 1268.8
1301140 1267.2
1301150 1265.2
1301160 1265.2
1301170 1264.4
1301180 1262.0
1301190 1262.0
1301200 1260.8
1301210 1259.3
1301220 1259.3
1301230 1256.5
1301240 1253.7
1301250 1257.3
1301260 1257.3
1301270 1255.9
1301280 1253.4
1301290 1253.4
1301300 1250.1
1301310 1244.8
1301320 1244.8
1301330 1237.6
1301340 1231.4
1301350 1231.4
1301360 1225.0
1301370 1218.9
1301380 1218.9
1301390 1212.7
1301400 1206.3
1301410 1206.3
1301420 1202.5
1301430 1200.0
1301440 1200.0
1301450 1197.2
1301460 1194.5
1301470 1194.5
1301480 1191.0
1301490 1184.9
1301500 1177.7
1301510 1177.7
1301520 1171.0
1301530 1165.5
1301540 1165.5
1301550 1159.5
1301560 1154.9
1301570 1154.9
1301580 1151.5
1301590 1148.1
1301600 1148.1
1301610 1145.1
1301620 1140.2
1301630 1140.2
1301640 1133.0
1301650 1126.2
1301660 1126.2
1301670 1122.4
1301680 1124.0
1301690 1124.0
1301700 1125.9
1301710 1128.3
1301720 1128.3
1301730 1135.7
1301740 1142.5
1301750 1147.4
1301760 1147.4
1301770 1153.7
1301780 1157.8
1301790 1157.8
1301800 1162.8
1301810 1170.7
1301820 1170.7
1301830 1179.3
1301840 1185.6
1301850 1185.6
1301860 1191.0
1301870 1196.5
1301880 1196.5
1301890 1201.3
1301900 1205.4
1301910 1205.4
1301920 1210.1
1301930 1214.9
1301940 1214.9
1301950 1221.8
1301960 1227.1
1301970 1227.1
1301980 1232.8
1301990 1237.9
1302000 1241.6
1302010 1241.6
1302020 1244.9
1302030 1249.5
1302040 1249.5
1302050 1255.1
1302060 1258.8
1302070 1258.8
1302080 1262.7
1302090 1265.6
1302100 1265.6
1302110 1267.4
1302120 1271.4
1302130 1271.4
1302140 1275.2
1302150 1279.2
1302160 1279.2
1302170 1283.3
1302180 1287.7
1302190 1287.7
1302200 1292.1
1302210 1296.7
1302220 1296.7
1302230 1301.2
1302240 1304.2
1302250 1304.2
1302260 1305.7
1302270 1306.5
1302280 1306.9
1302290 1306.9
1302300 1308.8
1302310 1312.4
1302320 1312.4
1302330 1315.8
1302340 1320.0
1302350 1320.0
1302360 1323.9
1302370 1327.4
1302380 1327.4
1302390 1330.3
1302400 1333.0
1302410 1333.0
1302420 1336.4
1302430 1339.5
1302440 1339.5
1302450 1342.0
1302460 1345.5
1302470 1345.5
1302480 1347.3
1302490 1349.8
1302500 1349.8
1302510 1353.3
1302520 1356.9
1302530 1361.0
1302540 1361.0
1302550 1365.8
1302560 1370.9
1302570 1370.9
1302580 1375.5
1302590 1379.4
1302600 1379.4
1302610 1383.1
1302620 1387.0
1302630 1387.0
1302640 1390.7
1302650 1396.0
1302660 1396.0
1302670 1398.7
1302680 1400.7
1302690 1400.7
1302700 1401.6
1302710 1400.2
1302720 1400.2
1302730 1398.6
1302740 1397.6
1302750 1397.6
1302760 1398.2
1302770 1399.9
1302780 1401.9
1302790 1401.9
1302800 1404.9
1302810 1408.7
1302820 1408.7
1302830 1411.9
1302840 1413.5
1302850 1413.5
1302860 1414.5
1302870 1414.4
1302880 1414.4
1302890 1417.8
1302900 1423.5
1302910 1423.5
1302920 1429.3
1302930 1435.3
1302940 1435.3
1302950 1441.5
1302960 1447.1
1302970 1447.1
1302980 1452.2
1302990 1455.5
1303000 1455.5
1303010 1458.5
1303020 1461.5
1303030 1461.5
1303040 1465.0
1303050 1468.8
1303060 1472.3
1303070 1472.3
1303080 1476.5
1303090 1480.0
1303100 1480.0
1303110 1483.2
1303120 1486.7
1303130 1486.7
1303140 1489.9
1303150 1493.9
1303160 1493.9
1303170 1497.9
1303180 1500.7
1303190 1500.7
1303200 1502.1
1303210 1502.5
1303220 1502.5
1303230 1502.7
1303240 1503.6
1303250 1503.6
1303260 1504.8
1303270 1507.0
1303280 1507.0
1303290 1510.3
1303300 1513.6
1303310 1517.0
1303320 1517.0
1303330 1519.9
1303340 1521.7
1303350 1523.6
1303360 1526.1
1303370 1527.9
1303380 1527.9
1303390 1529.6
1303400 1530.6
1303410 1530.6
1303420 1531.4
1303430 1532.1
1303440 1532.1
1303450 1532.6
1303460 1533.2
1303470 1533.2
1303480 1533.5
1303490 1533.8
1303500 1533.8
1303510 1533.7
1303520 1532.9
1303530 1532.9
1303540 1532.0
1303550 1532.5
1303560 1532.7
1303570 1532.7
1303580 1532.5
1303590 1531.4
1303600 1531.4
1303610 1529.3
1303620 1527.6
1303630 1527.6
1303640 1524.6
1303650 1521.0
1303660 1521.0
1303670 1520.1
1303680 1519.9
1303690 1519.9
1303700 1519.1
1303710 1518.2
1303720 1518.2
1303730 1517.3
1303740 1516.1
1303750 1516.1
1303760 1514.6
1303770 1513.9
1303780 1513.9
1303790 1513.3
1303800 1512.6
1303810 1512.3
1303820 1512.3
1303830 1513.5
1303840 1514.6
1303850 1514.6
1303860 1515.4
1303870 1515.1
1303880 1515.1
1303890 1514.3
1303900 1514.8
1303910 1514.8
1303920 1514.0
1303930 1512.9
1303940 1512.9
1303950 1512.1
1303960 1512.3
1303970 1512.3
1303980 1512.3
1303990 1510.5
1304000 1510.5
1304010 1508.0
1304020 1505.5
1304030 1505.5
1304040 1502.3
1304050 1506.9
1304060 1506.9
1304070 1505.9
1304080 1504.5
1304090 1503.2
1304100 1503.2
1304110 1501.9
1304120 1502.2
1304130 1502.2
1304140 1502.8
1304150 1503.3
1304160 1503.3
1304170 1503.5
1304180 1503.3
1304190 1503.3
1304200 1502.7
1304210 1501.9
1304220 1501.9
1304230 1500.4
1304240 1499.4
1304250 1499.4
1304260 1498.8
1304270 1495.2
1304280 1495.2
1304290 1490.6
1304300 1488.8
1304310 1488.8
1304320 1490.3
1304330 1496.3
1304340 1502.2
1304350 1502.2
1304360 1505.5
1304370 1507.4
1304380 1507.4
1304390 1508.9
1304400 1510.4
1304410 1510.4
1304420 1512.0
1304430 1514.3
1304440 1514.3
1304450 1515.7
1304460 1516.8
1304470 1516.8
1304480 1520.1
1304490 1525.1
1304500 1525.1
1304510 1528.3
1304520 1530.9
1304530 1530.9
1304540 1532.5
1304550 1533.7
1304560 1533.7
1304570 1534.1
1304580 1535.4
1304590 1538.3
1304600 1538.3
1304610 1541.5
1304620 1544.3
1304630 1544.3
1304640 1547.5
1304650 1550.3
1304660 1550.3
1304670 1553.1
1304680 1555.8
1304690 1555.8
1304700 1558.7
1304710 1561.7
1304720 1561.7
1304730 1564.3
1304740 1565.8
1304750 1561.6
1304760 1563.3
1304770 1565.2
1304780 1565.2
1304790 1567.8
1304800 1570.3
1304810 1570.3
1304820 1572.3
1304830 1575.0
1304840 1575.0
1304850 1578.1
1304860 1581.1
1304870 1584.7
1304880 1584.7
1304890 1589.9
1304900 1594.0
1304910 1594.0
1304920 1597.8
1304930 1600.7
1304940 1600.7
1304950 1602.2
1304960 1605.0
1304970 1605.0
1304980 1607.2
1304990 1606.8
1305000 1606.8
1305010 1604.6
1305020 1605.3
1305030 1605.3
1305040 1610.0
1305050 1619.9
1305060 1619.9
1305070 1627.7
1305080 1634.4
1305090 1634.4
1305100 1641.6
1305110 1649.3
1305120 1657.1
1305130 1657.1
1305140 1664.3
1305150 1670.5
1305160 1670.5
1305170 1676.9
1305180 1683.3
1305190 1683.3
1305200 1690.2
1305210 1697.2
1305220 1697.2
1305230 1704.0
1305240 1711.0
1305250 1711.0
1305260 1717.6
1305270 1724.6
1305280 1724.6
1305290 1732.0
1305300 1739.6
1305310 1739.6
1305320 1747.5
1305330 1755.1
1305340 1755.1
1305350 1762.7
1305360 1770.4
1305370 1777.6
1305380 1777.6
1305390 1783.7
1305400 1789.6
1305410 1789.6
1305420 1795.4
1305430 1801.0
1305440 1801.0
1305450 1806.3
1305460 1811.5
1305470 1811.5
1305480 1817.1
1305490 1822.5
1305500 1822.5
1305510 1827.5
1305520 1831.9
1305530 1831.9
1305540 1836.4
1305550 1841.6
1305560 1841.6
1305570 1846.8
1305580 1853.4
1305590 1853.4
1305600 1859.5
1305610 1865.1
1305620 1870.3
1305630 1870.3
1305640 1874.8
1305650 1880.3
1305660 1880.3
1305670 1885.0
1305680 1888.3
1305690 1888.3
1305700 1890.4
1305710 1892.5
1305720 1892.5
1305730 1894.6
1305740 1897.1
1305750 1897.1
1305760 1900.4
1305770 1903.5
1305780 1903.5
1305790 1906.4
1305800 1910.9
1305810 1910.9
1305820 1915.4
1305830 1919.4
1305840 1919.4
1305850 1924.5
1305860 1930.1
1305870 1930.1
1305880 1934.5
1305890 1938.6
1305900 1942.6
1305910 1942.6
1305920 1946.2
1305930 1948.7
1305940 1948.7
1305950 1953.9
1305960 1960.3
1305970 1960.3
1305980 1965.1
1305990 1968.5
1306000 1968.5
1306010 1971.7
1306020 1975.0
1306030 1975.0
1306040 1977.6
1306050 1979.2
1306060 1979.2
1306070 1980.7
1306080 1981.9
1306090 1981.9
1306100 1984.2
1306110 1987.3
1306120 1987.3
1306130 1990.9
1306140 1996.3
1306150 2002.4
1306160 2002.4
1306170 2009.4
1306180 2016.5
1306190 2016.5
1306200 2023.6
1306210 2030.3
1306220 2030.3
1306230 2036.9
1306240 2044.1
1306250 2044.1
1306260 2050.3
1306270 2057.1
1306280 2057.1
1306290 2062.8
1306300 2067.5
1306310 2067.5
1306320 2072.2
1306330 2078.3
1306340 2078.3
1306350 2085.0
1306360 2091.3
1306370 2091.3
1306380 2097.0
1306390 2102.9
1306400 2110.0
1306410 2110.0
1306420 2118.2
1306430 2126.2
1306440 2126.2
1306450 2132.8
1306460 2139.8
1306470 2139.8
1306480 2148.2
1306490 2155.7
1306500 2155.7
1306510 2160.9
1306520 2165.0
1306530 2165.0
1306540 2168.7
1306550 2169.9
1306560 2169.9
1306570 2170.1
1306580 2172.1
1306590 2172.1
1306600 2172.9
1306610 2173.2
1306620 2173.2
1306630 2173.0
1306640 2172.5
1306650 2172.2
1306660 2172.2
1306670 2173.0
1306680 2174.3
1306690 2174.3
1306700 2176.4
1306710 2179.0
1306720 2179.0
1306730 2182.1
1306740 2185.1
1306750 2185.1
1306760 2187.7
1306770 2190.5
1306780 2190.5
1306790 2193.5
1306800 2196.3
1306810 2196.3
1306820 2199.3
1306830 2202.6
1306840 2202.6
1306850 2205.1
1306860 2208.0
1306870 2208.0
1306880 2211.0
1306890 2217.1
1306900 2217.1
1306910 2219.7
1306920 2221.8
1306930 2224.1
1306940 2224.1
1306950 2227.5
1306960 2230.8
1306970 2230.8
1306980 2233.6
1306990 2236.8
1307000 2236.8
1307010 2241.4
1307020 2246.2
1307030 2246.2
1307040 2250.5
1307050 2254.6
1307060 2254.6
1307070 2257.6
1307080 2260.4
1307090 2260.4
1307100 2263.4
1307110 2266.2
1307120 2266.2
1307130 2269.2
1307140 2273.4
1307150 2273.4
1307160 2277.6
1307170 2282.0
1307180 2287.1
1307190 2287.1
1307200 2292.0
1307210 2296.2
1307220 2296.2
1307230 2298.8
1307240 2300.8
1307250 2300.8
1307260 2302.8
1307270 2304.1
1307280 2304.1
1307290 2301.3
1307300 2299.3
1307310 2299.3
1307320 2295.8
1307330 2288.7
1307340 2288.7
1307350 2282.1
1307360 2276.7
1307370 2276.7
1307380 2271.0
1307390 2262.9
1307400 2262.9
1307410 2255.3
1307420 2248.4
1307430 2241.6
1307440 2241.6
1307450 2235.2
1307460 2229.7
1307470 2229.7
1307480 2224.4
1307490 2219.1
1307500 2219.1
1307510 2214.3
1307520 2209.8
1307530 2209.8
1307540 2205.7
1307550 2200.8
1307560 2200.8
1307570 2194.4
1307580 2188.5
1307590 2188.5
1307600 2182.6
1307610 2180.0
1307620 2180.0
1307630 2175.0
1307640 2170.4
1307650 2170.4
1307660 2165.4
1307670 2160.1
1307680 2160.1
1307690 2155.9
1307700 2151.8
1307710 2148.1
1307720 2148.1
1307730 2144.7
1307740 2142.4
1307750 2142.4
1307760 2140.5
1307770 2137.8
1307780 2137.8
1307790 2135.3
1307800 2133.0
1307810 2133.0
1307820 2131.3
1307830 2130.2
1307840 2130.2
1307850 2130.3
1307860 2131.0
1307870 2131.0
1307880 2130.3
1307890 2128.9
1307900 2128.9
1307910 2127.0
1307920 2125.2
1307930 2125.2
1307940 2123.7
1307950 2120.3
1307960 2115.7
1307970 2115.7
1307980 2112.2
1307990 2109.9
1308000 2109.9
1308010 2106.5
1308020 2102.3
1308030 2102.3
1308040 2098.2
1308050 2094.1
1308060 2094.1
1308070 2090.3
1308080 2086.8
1308090 2086.8
1308100 2085.5
1308110 2084.4
1308120 2084.4
1308130 2083.5
1308140 2082.2
1308150 2082.2
1308160 2080.2
1308170 2079.0
1308180 2079.0
1308190 2079.1
1308200 2079.1
1308210 2078.7
1308220 2078.7
1308230 2077.7
1308240 2077.7
1308250 2077.7
1308260 2079.5
1308270 2080.6
1308280 2080.6
1308290 2080.7
1308300 2079.1
1308310 2079.1
1308320 2076.7
1308330 2067.2
1308340 2067.2
1308350 2063.8
1308360 2060.7
1308370 2060.7
1308380 2057.9
1308390 2055.4
1308400 2055.4
1308410 2054.2
1308420 2053.0
1308430 2053.0
1308440 2051.6
1308450 2050.3
1308460 2048.1
1308470 2048.1
1308480 2046.3
1308490 2044.8
1308500 2044.8
1308510 2051.3
1308520 2053.3
1308530 2053.3
1308540 2047.8
1308550 2040.6
1308560 2040.6
1308570 2042.1
1308580 2040.2
1308590 2040.2
1308600 2033.7
1308610 2034.1
1308620 2034.1
1308630 2031.6
1308640 2026.4
1308650 2026.4
1308660 2022.1
1308670 2022.3
1308680 2022.3
1308690 2013.2
1308700 1995.8
1308710 1995.8
1308720 1982.3
1308730 1970.4
1308740 1955.7
1308750 1955.7
1308760 1943.9
1308770 1933.2
1308780 1933.2
1308790 1922.2
1308800 1912.1
1308810 1912.1
1308820 1902.9
1308830 1895.2
1308840 1895.2
1308850 1885.6
1308860 1875.3
1308870 1875.3
1308880 1867.8
1308890 1858.6
1308900 1858.6
1308910 1849.6
1308920 1838.1
1308930 1838.1
1308940 1825.9
1308950 1816.7
1308960 1816.7
1308970 1808.5
1308980 1800.9
1308990 1792.8
1309000 1792.8
1309010 1784.7
1309020 1777.0
1309030 1777.0
1309040 1769.4
1309050 1761.6
1309060 1761.6
1309070 1753.9
1309080 1746.6
1309090 1746.6
1309100 1739.5
1309110 1732.6
1309120 1732.6
1309130 1726.1
1309140 1719.8
1309150 1719.8
1309160 1713.3
1309170 1706.2
1309180 1706.2
1309190 1698.8
1309200 1695.2
1309210 1695.2
1309220 1695.2
1309230 1694.4
1309240 1693.2
1309250 1693.2
1309260 1693.4
1309270 1697.7
1309280 1697.7
1309290 1702.1
1309300 1706.8
1309310 1706.8
1309320 1712.2
1309330 1717.3
1309340 1717.3
1309350 1719.7
1309360 1721.3
1309370 1721.3
1309380 1724.1
1309390 1727.4
1309400 1727.4
1309410 1727.6
1309420 1727.2
1309430 1727.2
1309440 1729.6
1309450 1734.8
1309460 1734.8
1309470 1739.6
1309480 1745.4
1309490 1745.4
1309500 1749.1
1309510 1752.3
1309520 1756.0
1309530 1756.0
1309540 1759.1
1309550 1761.6
1309560 1761.6
1309570 1763.4
1309580 1764.3
1309590 1764.3
1309600 1765.6
1309610 1766.8
1309620 1766.8
1309630 1768.9
1309640 1771.7
1309650 1771.7
1309660 1774.7
1309670 1777.8
1309680 1777.8
1309690 1780.0
1309700 1782.5
1309710 1782.5
1309720 1785.2
1309730 1788.6
1309740 1788.6
1309750 1791.4
1309760 1794.2
1309770 1797.1
1309780 1799.6
1309790 1803.0
1309800 1806.6
1309810 1806.6
1309820 1810.0
1309830 1813.3
1309840 1813.3
1309850 1816.6
1309860 1819.8
1309870 1819.8
1309880 1822.7
1309890 1825.1
1309900 1825.1
1309910 1826.8
1309920 1829.0
1309930 1829.0
1309940 1831.9
1309950 1834.9
1309960 1834.9
1309970 1837.8
1309980 1840.6
1309990 1840.6
1310000 1843.3
1310010 1845.8
1310020 1849.1
1310030 1849.1
1310040 1853.0
1310050 1856.8
1310060 1856.8
1310070 1861.2
1310080 1865.9
1310090 1865.9
1310100 1871.3
1310110 1876.0
1310120 1876.0
1310130 1878.8
1310140 1877.0
1310150 1877.0
1310160 1876.7
1310170 1873.9
1310180 1873.9
1310190 1868.3
1310200 1861.8
1310210 1861.8
1310220 1856.4
1310230 1850.9
1310240 1850.9
1310250 1844.4
1310260 1839.0
1310270 1835.9
1310280 1835.9
1310290 1835.6
1310300 1834.8
1310310 1834.8
1310320 1833.2
1310330 1831.3
1310340 1831.3
1310350 1830.0
1310360 1827.8
1310370 1827.8
1310380 1822.8
1310390 1817.6
1310400 1817.6
1310410 1812.9
1310420 1806.8
1310430 1806.8
1310440 1802.2
1310450 1799.6
1310460 1799.6
1310470 1796.6
1310480 1793.8
1310490 1793.8
1310500 1790.7
1310510 1790.4
1310520 1790.4
1310530 1787.5
1310540 1785.2
1310550 1782.2
1310560 1782.2
1310570 1778.0
1310580 1772.3
1310590 1772.3
1310600 1766.4
1310610 1759.3
1310620 1759.3
1310630 1752.6
1310640 1747.3
1310650 1747.3
1310660 1743.9
1310670 1740.3
1310680 1740.3
1310690 1738.3
1310700 1737.4
1310710 1737.4
1310720 1736.6
1310730 1734.9
1310740 1734.9
1310750 1733.0
1310760 1730.1
1310770 1730.1
1310780 1724.2
1310790 1722.6
1310800 1722.1
1310810 1722.1
1310820 1721.9
1310830 1719.9
1310840 1719.9
1310850 1715.2
1310860 1711.2
1310870 1711.2
1310880 1707.4
1310890 1703.7
1310900 1703.7
1310910 1700.0
1310920 1695.9
1310930 1695.9
1310940 1691.7
1310950 1686.4
1310960 1686.4
1310970 1681.5
1310980 1677.1
1310990 1677.1
1311000 1672.5
1311010 1668.5
1311020 1668.5
1311030 1664.3
1311040 1659.2
1311050 1653.1
1311060 1653.1
1311070 1646.7
1311080 1638.1
1311090 1638.1
1311100 1629.6
1311110 1622.5
1311120 1622.5
1311130 1616.9
1311140 1612.3
1311150 1612.3
1311160 1607.5
1311170 1602.2
1311180 1602.2
1311190 1596.8
1311200 1591.4
1311210 1591.4
1311220 1587.7
1311230 1584.7
1311240 1586.8
1311250 1583.6
1311260 1580.4
1311270 1580.4
1311280 1577.1
1311290 1573.9
1311300 1573.9
1311310 1570.9
1311320 1566.9
1311330 1562.4
1311340 1562.4
1311350 1560.4
1311360 1560.0
1311370 1560.0
1311380 1560.3
1311390 1556.6
1311400 1556.6
1311410 1550.8
1311420 1549.4
1311430 1549.4
1311440 1556.1
1311450 1561.6
1311460 1561.6
1311470 1566.0
1311480 1571.5
1311490 1571.5
1311500 1575.1
1311510 1578.9
1311520 1578.9
1311530 1585.7
1311540 1591.2
1311550 1591.2
1311560 1593.6
1311570 1595.7
1311580 1597.7
1311590 1597.7
1311600 1600.7
1311610 1605.2
1311620 1605.2
1311630 1610.0
1311640 1614.1
1311650 1614.1
1311660 1618.0
1311670 1621.0
1311680 1621.0
1311690 1621.5
1311700 1623.8
1311710 1623.8
1311720 1630.8
1311730 1637.0
1311740 1637.0
1311750 1640.9
1311760 1644.4
1311770 1644.4
1311780 1648.6
1311790 1654.3
1311800 1654.3
1311810 1662.3
1311820 1670.1
1311830 1676.6
1311840 1676.6
1311850 1680.9
1311860 1684.3
1311870 1684.3
1311880 1687.5
1311890 1689.9
1311900 1689.9
1311910 1692.8
1311920 1695.9
1311930 1695.9
1311940 1697.8
1311950 1699.3
1311960 1699.3
1311970 1701.0
1311980 1705.5
1311990 1705.5
1312000 1708.7
1312010 1713.1
1312020 1713.1
1312030 1717.8
1312040 1722.8
1312050 1722.8
1312060 1728.8
1312070 1734.8
1312080 1738.8
1312090 1738.8
1312100 1742.6
1312110 1746.6
1312120 1746.6
1312130 1748.4
1312140 1748.7
1312150 1748.7
1312160 1749.8
1312170 1753.4
1312180 1753.4
1312190 1757.0
1312200 1760.0
1312210 1760.0
1312220 1761.8
1312230 1763.2
1312240 1763.2
1312250 1765.3
1312260 1767.2
1312270 1767.2
1312280 1769.5
1312290 1772.7
1312300 1772.7
1312310 1775.5
1312320 1777.9
1312330 1777.9
1312340 1782.1
1312350 1788.2
1312360 1794.0
1312370 1794.0
1312380 1797.3
1312390 1798.7
1312400 1798.7
1312410 1800.0
1312420 1802.0
1312430 1802.0
1312440 1805.3
1312450 1809.7
1312460 1809.7
1312470 1814.0
1312480 1818.5
1312490 1818.5
1312500 1824.0
1312510 1830.8
1312520 1830.8
1312530 1835.8
1312540 1839.4
1312550 1839.4
1312560 1842.9
1312570 1845.8
1312580 1845.8
1312590 1848.6
1312600 1851.7
1312610 1853.8
1312620 1853.8
1312630 1858.1
1312640 1863.7
1312650 1863.7
1312660 1868.6
1312670 1873.5
1312680 1873.5
1312690 1877.8
1312700 1881.7
1312710 1881.7
1312720 1888.6
1312730 1892.4
1312740 1892.4
1312750 1898.3
1312760 1905.8
1312770 1905.8
1312780 1911.7
1312790 1915.8
1312800 1915.8
1312810 1919.0
1312820 1923.4
1312830 1923.4
1312840 1928.9
1312850 1933.9
1312860 1939.1
1312870 1939.1
1312880 1944.5
1312890 1949.3
1312900 1949.3
1312910 1954.4
1312920 1960.7
1312930 1960.7
1312940 1967.3
1312950 1974.2
1312960 1974.2
1312970 1979.9
1312980 1985.1
1312990 1985.1
1313000 1989.9
1313010 1994.6
1313020 1994.6
1313030 2000.1
1313040 2006.0
1313050 2006.0
1313060 2011.5
1313070 2016.8
1313080 2016.8
1313090 2023.1
1313100 2029.7
1313110 2029.7
1313120 2035.3
1313130 2040.7
1313140 2045.6
1313150 2045.6
1313160 2049.9
1313170 2053.5
1313180 2053.5
1313190 2056.8
1313200 2060.8
1313210 2060.8
1313220 2066.1
1313230 2071.5
1313240 2071.5
1313250 2077.1
1313260 2083.1
1313270 2083.1
1313280 2085.9
1313290 2089.3
1313300 2089.3
1313310 2094.0
1313320 2099.3
1313330 2099.3
1313340 2103.4
1313350 2107.7
1313360 2107.7
1313370 2110.6
1313380 2115.1
1313390 2120.0
1313400 2120.0
1313410 2126.3
1313420 2132.9
1313430 2132.9
1313440 2139.4
1313450 2146.9
1313460 2145.7
1313470 2152.2
1313480 2157.0
1313490 2157.0
1313500 2161.1
1313510 2166.0
1313520 2166.0
1313530 2172.1
1313540 2177.3
1313550 2177.3
1313560 2181.0
1313570 2183.6
1313580 2183.6
1313590 2186.5
1313600 2189.3
1313610 2189.3
1313620 2192.4
1313630 2193.8
1313640 2195.0
1313650 2195.0
1313660 2199.1
1313670 2203.2
1313680 2203.2
1313690 2207.4
1313700 2212.3
1313710 2212.3
1313720 2217.3
1313730 2221.8
1313740 2221.8
1313750 2225.8
1313760 2229.8
1313770 2229.8
1313780 2234.1
1313790 2238.7
1313800 2238.7
1313810 2243.1
1313820 2247.0
1313830 2247.0
1313840 2251.0
1313850 2255.5
1313860 2255.5
1313870 2259.8
1313880 2264.9
1313890 2269.8
1313900 2269.8
1313910 2274.6
1313920 2280.3
1313930 2280.3
1313940 2282.7
1313950 2284.0
1313960 2284.0
1313970 2286.4
1313980 2287.7
1313990 2287.7
1314000 2288.9
1314010 2291.4
1314020 2291.4
1314030 2295.3
1314040 2297.3
1314050 2297.3
1314060 2296.2
1314070 2295.4
1314080 2295.4
1314090 2295.3
1314100 2297.0
1314110 2297.0
1314120 2299.0
1314130 2300.8
1314140 2300.8
1314150 2302.8
1314160 2304.2
1314170 2306.5
1314180 2306.5
1314190 2309.8
1314200 2313.2
1314210 2313.2
1314220 2316.1
1314230 2321.3
1314240 2321.3
1314250 2327.7
1314260 2333.5
1314270 2333.5
1314280 2339.1
1314290 2346.1
1314300 2346.1
1314310 2351.9
1314320 2356.5
1314330 2356.5
1314340 2357.5
1314350 2361.5
1314360 2361.5
1314370 2368.2
1314380 2371.5
1314390 2371.5
1314400 2374.2
1314410 2371.9
1314420 2369.3
1314430 2369.3
1314440 2367.4
1314450 2362.5
1314460 2362.5
1314470 2355.6
1314480 2348.3
1314490 2348.3
1314500 2341.1
1314510 2332.0
1314520 2332.0
1314530 2322.5
1314540 2315.1
1314550 2315.1
1314560 2308.7
1314570 2302.7
1314580 2302.7
1314590 2296.7
1314600 2291.6
1314610 2291.6
1314620 2287.0
1314630 2284.3
1314640 2284.3
1314650 2283.9
1314660 2284.1
1314670 2284.3
1314680 2284.3
1314690 2286.1
1314700 2291.5
1314710 2291.5
1314720 2296.2
1314730 2296.5
1314740 2296.5
1314750 2298.5
1314760 2300.0
1314770 2300.0
1314780 2300.1
1314790 2299.3
1314800 2299.3
1314810 2296.6
1314820 2290.0
1314830 2290.0
1314840 2282.7
1314850 2277.9
1314860 2277.9
1314870 2272.7
1314880 2265.6
1314890 2265.6
1314900 2257.4
1314910 2252.4
1314920 2252.4
1314930 2250.4
1314940 2250.4
1314950 2251.7
1314960 2251.7
1314970 2250.5
1314980 2249.2
1314990 2249.2
1315000 2249.2
1315010 2249.8
1315020 2249.8
1315030 2248.9
1315040 2250.4
1315050 2250.4
1315060 2251.0
1315070 2251.8
1315080 2251.8
1315090 2251.5
1315100 2250.0
1315110 2250.0
1315120 2247.8
1315130 2246.3
1315140 2246.3
1315150 2244.3
1315160 2240.0
1315170 2240.0
1315180 2234.6
1315190 2229.4
1315200 2225.4
1315210 2225.4
1315220 2223.3
1315230 2222.6
1315240 2222.6
1315250 2222.2
1315260 2222.2
1315270 2222.2
1315280 2222.1
1315290 2222.3
1315300 2222.3
1315310 2223.2
1315320 2223.9
1315330 2223.9
1315340 2225.2
1315350 2227.1
1315360 2227.1
1315370 2228.5
1315380 2229.5
1315390 2229.5
1315400 2232.1
1315410 2234.3
1315420 2234.3
1315430 2236.0
1315440 2239.0
1315450 2240.7
1315460 2240.7
1315470 2241.8
1315480 2242.8
1315490 2242.8
1315500 2243.3
1315510 2244.3
1315520 2244.3
1315530 2247.0
1315540 2251.2
1315550 2251.2
1315560 2255.7
1315570 2260.6
1315580 2260.6
1315590 2265.2
1315600 2267.7
1315610 2267.7
1315620 2271.0
1315630 2273.8
1315640 2273.8
1315650 2277.0
1315660 2282.3
1315670 2282.3
1315680 2286.3
1315690 2288.2
1315700 2292.9
1315710 2292.9
1315720 2294.5
1315730 2298.6
1315740 2298.6
1315750 2302.6
1315760 2306.9
1315770 2306.9
1315780 2312.8
1315790 2315.0
1315800 2315.0
1315810 2314.9
1315820 2314.8
1315830 2314.8
1315840 2314.4
1315850 2315.3
1315860 2315.3
1315870 2317.4
1315880 2320.9
1315890 2320.9
1315900 2325.0
1315910 2328.1
1315920 2328.1
1315930 2330.1
1315940 2333.1
1315950 2333.1
1315960 2338.6
1315970 2345.3
1315980 2352.5
1315990 2352.5
1316000 2359.9
1316010 2367.0
1316020 2367.0
1316030 2373.6
1316040 2380.2
1316050 2380.2
1316060 2385.0
1316070 2387.0
1316080 2387.0
1316090 2389.4
1316100 2394.7
1316110 2394.7
1316120 2399.7
1316130 2404.6
1316140 2404.6
1316150 2409.7
1316160 2412.7
1316170 2412.7
1316180 2409.0
1316190 2405.1
1316200 2405.1
1316210 2403.2
1316220 2401.7
1316230 2399.2
1316240 2399.2
1316250 2395.6
1316260 2392.3
1316270 2392.3
1316280 2390.7
1316290 2391.1
1316300 2391.1
1316310 2392.7
1316320 2392.7
1316330 2392.7
1316340 2392.0
1316350 2392.2
1316360 2392.2
1316370 2392.3
1316380 2390.9
1316390 2390.9
1316400 2388.1
1316410 2383.9
1316420 2383.9
1316430 2376.8
1316440 2369.9
1316450 2369.9
1316460 2361.4
1316470 2355.3
1316480 2355.6
1316490 2355.6
1316500 2351.1
1316510 2344.3
1316520 2344.3
1316530 2339.9
1316540 2335.1
1316550 2335.1
1316560 2329.6
1316570 2326.0
1316580 2326.0
1316590 2321.5
1316600 2316.0
1316610 2316.0
1316620 2310.8
1316630 2306.2
1316640 2306.2
1316650 2302.8
1316660 2299.0
1316670 2299.0
1316680 2294.3
1316690 2290.7
1316700 2290.7
1316710 2288.2
1316720 2285.9
1316730 2283.7
1316740 2283.7
1316750 2281.5
1316760 2278.8
1316770 2278.8
1316780 2276.4
1316790 2274.5
1316800 2274.5
1316810 2273.4
1316820 2272.8
1316830 2272.8
1316840 2272.1
1316850 2271.6
1316860 2271.6
1316870 2270.5
1316880 2268.7
1316890 2268.7
1316900 2266.0
1316910 2263.1
1316920 2263.1
1316930 2261.1
1316940 2255.3
1316950 2255.3
1316960 2246.5
1316970 2238.7
1316980 2238.7
1316990 2233.3
1317000 2227.1
1317010 2221.2
1317020 2221.2
1317030 2216.6
1317040 2211.7
1317050 2211.7
1317060 2206.3
1317070 2202.1
1317080 2202.1
1317090 2198.0
1317100 2193.6
1317110 2193.6
1317120 2189.7
1317130 2186.4
1317140 2186.4
1317150 2183.2
1317160 2182.9
1317170 2182.9
1317180 2183.3
1317190 2182.0
1317200 2182.0
1317210 2180.1
1317220 2179.9
1317230 2179.9
1317240 2178.5
1317250 2177.8
1317260 2176.9
1317270 2176.9
1317280 2176.9
1317290 2172.1
1317300 2172.1
1317310 2163.9
1317320 2157.1
1317330 2157.1
1317340 2153.2
1317350 2149.5
1317360 2149.5
1317370 2142.7
1317380 2136.4
1317390 2136.4
1317400 2131.9
1317410 2129.6
1317420 2129.6
1317430 2128.1
1317440 2127.6
1317450 2127.6
1317460 2124.1
1317470 2116.6
1317480 2116.6
1317490 2107.5
1317500 2098.5
1317510 2092.2
1317520 2092.2
1317530 2088.8
1317540 2086.4
1317550 2086.4
1317560 2080.1
1317570 2070.8
1317580 2070.8
1317590 2064.4
1317600 2057.4
1317610 2057.4
1317620 2048.8
1317630 2042.6
1317640 2042.6
1317650 2039.6
1317660 2037.3
1317670 2037.3
1317680 2034.3
1317690 2031.8
1317700 2031.8
1317710 2030.3
1317720 2028.3
1317730 2028.3
1317740 2024.0
1317750 2021.3
1317760 2021.3
1317770 2021.0
1317780 2021.2
1317790 2021.0
1317800 2021.0
1317810 2020.2
1317820 2019.1
1317830 2019.1
1317840 2016.3
1317850 2011.4
1317860 2011.4
1317870 2007.7
1317880 2004.4
1317890 2004.4
1317900 2001.6
1317910 1998.6
1317920 1998.6
1317930 1995.3
1317940 1991.8
1317950 1991.8
1317960 1989.1
1317970 1987.0
1317980 1989.1
1317990 1987.2
1318000 1985.5
1318010 1985.5
1318020 1982.8
1318030 1978.9
1318040 1978.3
1318050 1978.3
1318060 1977.5
1318070 1975.9
1318080 1975.9
1318090 1972.7
1318100 1971.0
1318110 1971.0
1318120 1968.5
1318130 1965.9
1318140 1965.9
1318150 1962.7
1318160 1958.0
1318170 1958.0
1318180 1956.2
1318190 1955.4
1318200 1955.4
1318210 1953.2
1318220 1951.1
1318230 1951.1
1318240 1949.1
1318250 1947.4
1318260 1947.4
1318270 1945.9
1318280 1945.3
1318290 1944.6
1318300 1944.6
1318310 1940.9
1318320 1936.8
1318330 1936.8
1318340 1933.7
1318350 1932.0
1318360 1932.0
1318370 1930.8
1318380 1928.9
1318390 1928.9
1318400 1928.0
1318410 1925.7
1318420 1925.7
1318430 1922.5
1318440 1918.2
1318450 1918.2
1318460 1914.3
1318470 1911.6
1318480 1911.6
1318490 1909.5
1318500 1906.0
1318510 1906.0
1318520 1903.9
1318530 1900.6
1318540 1896.9
1318550 1896.9
1318560 1894.4
1318570 1891.9
1318580 1891.9
1318590 1890.5
1318600 1889.8
1318610 1889.8
1318620 1889.7
1318630 1890.3
1318640 1890.3
1318650 1891.1
1318660 1890.0
1318670 1890.0
1318680 1888.7
1318690 1889.0
1318700 1889.0
1318710 1890.4
1318720 1890.5
1318730 1890.5
1318740 1888.9
1318750 1893.4
1318760 1893.4
1318770 1892.0
1318780 1889.5
1318790 1889.5
1318800 1886.7
1318810 1883.4
1318820 1879.2
1318830 1879.2
1318840 1873.6
1318850 1867.7
1318860 1867.7
1318870 1862.6
1318880 1857.7
1318890 1857.7
1318900 1851.0
1318910 1844.1
1318920 1844.1
1318930 1840.2
1318940 1835.4
1318950 1835.4
1318960 1827.2
1318970 1820.3
1318980 1820.3
1318990 1815.2
1319000 1811.4
1319010 1811.4
1319020 1808.5
1319030 1803.9
1319040 1803.9
1319050 1801.6
1319060 1798.8
1319070 1798.7
1319080 1798.7
1319090 1798.9
1319100 1796.0
1319110 1796.0
1319120 1790.7
1319130 1789.3
1319140 1789.3
1319150 1786.8
1319160 1784.1
1319170 1784.1
1319180 1779.9
1319190 1776.0
1319200 1776.0
1319210 1770.3
1319220 1764.7
1319230 1764.7
1319240 1758.9
1319250 1753.5
1319260 1753.5
1319270 1750.5
1319280 1750.7
1319290 1750.7
1319300 1750.3
1319310 1749.1
1319320 1748.7
1319330 1748.7
1319340 1748.0
1319350 1745.7
1319360 1745.7
1319370 1744.9
1319380 1746.0
1319390 1746.0
1319400 1745.0
1319410 1742.8
1319420 1742.8
1319430 1739.5
1319440 1735.1
1319450 1735.1
1319460 1730.6
1319470 1725.9
1319480 1725.9
1319490 1721.2
1319500 1717.7
1319510 1717.7
1319520 1719.9
1319530 1717.9
1319540 1717.9
1319550 1715.4
1319560 1711.9
1319570 1711.9
1319580 1708.8
1319590 1707.0
1319600 1706.0
1319610 1706.0
1319620 1704.4
1319630 1702.7
1319640 1702.7
1319650 1700.6
1319660 1698.7
1319670 1698.7
1319680 1695.5
1319690 1695.0
1319700 1695.0
1319710 1694.5
1319720 1692.7
1319730 1692.7
1319740 1691.0
1319750 1689.3
1319760 1689.3
1319770 1688.0
1319780 1687.1
1319790 1687.1
1319800 1681.6
1319810 1673.5
1319820 1673.5
1319830 1666.1
1319840 1659.1
1319850 1657.0
1319860 1657.0
1319870 1657.5
1319880 1656.8
1319890 1656.8
1319900 1655.6
1319910 1655.0
1319920 1655.0
1319930 1654.7
1319940 1654.8
1319950 1654.8
1319960 1654.9
1319970 1653.0
1319980 1653.0
1319990 1648.8
