1300000 1086.8
1300010 1082.7
1300020 1080.6
1300030 1080.6
1300040 1076.7
1300050 1073.1
1300060 1073.1
1300070 1072.8
1300080 1076.2
1300090 1076.2
1300100 1076.1
1300110 1073.7
1300120 1073.7
1300130 1069.6
1300140 1064.2
1300150 1064.2
1300160 1057.8
1300170 1050.8
1300180 1050.8
1300190 1043.5
1300200 1037.8
1300210 1034.2
1300220 1034.2
1300230 1031.5
1300240 1029.9
1300250 1029.9
1300260 1029.3
1300270 1028.5
1300280 1028.5
1300290 1028.1
1300300 1028.0
1300310 1028.0
1300320 1026.8
1300330 1025.0
1300340 1025.0
1300350 1024.5
1300360 1025.3
1300370 1025.3
1300380 1025.9
1300390 1027.2
1300400 1027.2
1300410 1028.3
1300420 1028.4
1300430 1028.4
1300440 1029.0
1300450 1030.5
1300460 1029.7
1300470 1029.7
1300480 1024.7
1300490 1027.4
1300500 1027.4
1300510 1024.6
1300520 1026.2
1300530 1026.2
1300540 1032.2
1300550 1039.1
1300560 1039.1
1300570 1048.0
1300580 1057.0
1300590 1057.0
1300600 1061.0
1300610 1064.3
1300620 1064.3
1300630 1068.8
1300640 1074.1
1300650 1074.1
1300660 1079.5
1300670 1084.4
1300680 1084.4
1300690 1090.8
1300700 1097.4
1300710 1097.4
1300720 1104.4
1300730 1110.1
1300740 1115.8
1300750 1115.8
1300760 1120.6
1300770 1124.7
1300780 1124.7
1300790 1128.3
1300800 1131.8
1300810 1131.8
1300820 1135.2
1300830 1138.4
1300840 1138.4
1300850 1141.2
1300860 1143.6
1300870 1143.6
1300880 1145.9
1300890 1147.8
1300900 1147.8
1300910 1149.4
1300920 1151.0
1300930 1151.0
1300940 1152.6
1300950 1154.2
1300960 1154.2
1300970 1155.4
1300980 1156.7
1300990 1158.0
1301000 1158.0
1301010 1159.9
1301020 1162.4
1301030 1162.4
1301040 1165.3
1301050 1168.4
1301060 1168.4
1301070 1171.2
1301080 1173.7
1301090 1173.7
1301100 1175.6
1301110 1177.5
1301120 1177.5
1301130 1179.6
1301140 1181.6
1301150 1181.6
1301160 1183.3
1301170 1185.6
1301180 1185.6
1301190 1183.1
1301200 1184.6
1301210 1184.6
1301220 1186.8
1301230 1190.9
1301240 1195.0
1301250 1195.0
1301260 1197.8
1301270 1199.4
1301280 1199.4
1301290 1200.3
1301300 1201.6
1301310 1201.6
1301320 1203.3
1301330 1205.6
1301340 1205.6
1301350 1208.5
1301360 1211.7
1301370 1211.7
1301380 1215.3
1301390 1219.8
1301400 1219.8
1301410 1224.4
1301420 1227.3
1301430 1227.3
1301440 1230.5
1301450 1235.1
1301460 1235.1
1301470 1239.9
1301480 1241.1
1301490 1241.1
1301500 1241.1
1301510 1241.4
1301520 1242.5
1301530 1242.5
1301540 1244.3
1301550 1247.0
1301560 1247.0
1301570 1250.4
1301580 1252.4
1301590 1252.4
1301600 1252.5
1301610 1256.3
1301620 1256.3
1301630 1259.3
1301640 1261.9
1301650 1261.9
1301660 1264.5
1301670 1267.3
1301680 1267.3
1301690 1269.9
1301700 1272.3
1301710 1272.3
1301720 1274.4
1301730 1276.3
1301740 1276.3
1301750 1278.5
1301760 1281.6
1301770 1285.4
1301780 1285.4
1301790 1290.1
1301800 1295.2
1301810 1295.2
1301820 1301.1
1301830 1306.0
1301840 1306.0
1301850 1308.7
1301860 1309.7
1301870 1309.7
1301880 1305.9
1301890 1311.8
1301900 1311.8
1301910 1316.4
1301920 1318.9
1301930 1318.9
1301940 1321.5
1301950 1324.9
1301960 1324.9
1301970 1329.4
1301980 1335.2
1301990 1335.2
1302000 1340.0
1302010 1345.0
1302020 1349.5
1302030 1349.5
1302040 1352.1
1302050 1355.3
1302060 1355.3
1302070 1357.5
1302080 1359.9
1302090 1359.9
1302100 1362.9
1302110 1365.9
1302120 1365.9
1302130 1368.9
1302140 1372.0
1302150 1372.0
1302160 1375.5
1302170 1379.2
1302180 1379.2
1302190 1383.4
1302200 1389.0
1302210 1389.0
1302220 1395.7
1302230 1402.7
1302240 1402.7
1302250 1408.3
1302260 1413.0
1302270 1413.0
1302280 1417.2
1302290 1421.5
1302300 1426.4
1302310 1426.4
1302320 1430.6
1302330 1434.5
1302340 1434.5
1302350 1437.7
1302360 1440.8
1302370 1440.8
1302380 1444.3
1302390 1446.5
1302400 1446.5
1302410 1450.3
1302420 1455.7
1302430 1455.7
1302440 1460.2
1302450 1463.3
1302460 1463.3
1302470 1465.5
1302480 1467.5
1302490 1467.5
1302500 1469.7
1302510 1471.8
1302520 1471.8
1302530 1474.0
1302540 1475.9
1302550 1476.9
1302560 1476.9
1302570 1476.6
1302580 1471.8
1302590 1471.8
1302600 1474.0
1302610 1476.9
1302620 1476.9
1302630 1479.7
1302640 1482.9
1302650 1482.9
1302660 1486.4
1302670 1491.7
1302680 1491.7
1302690 1495.7
1302700 1498.3
1302710 1498.3
1302720 1500.3
1302730 1501.8
1302740 1501.8
1302750 1502.9
1302760 1503.7
1302770 1503.7
1302780 1503.1
1302790 1500.9
1302800 1501.5
1302810 1501.5
1302820 1504.0
1302830 1507.9
1302840 1507.9
1302850 1512.6
1302860 1517.2
1302870 1517.2
1302880 1521.3
1302890 1524.8
1302900 1524.8
1302910 1527.8
1302920 1531.3
1302930 1531.3
1302940 1533.8
1302950 1534.6
1302960 1534.6
1302970 1534.8
1302980 1534.9
1302990 1534.9
1303000 1534.8
1303010 1535.7
1303020 1535.7
1303030 1535.6
1303040 1535.2
1303050 1535.2
1303060 1535.5
1303070 1537.1
1303080 1540.0
1303090 1540.0
1303100 1542.6
1303110 1544.9
1303120 1544.9
1303130 1547.2
1303140 1549.9
1303150 1549.9
1303160 1552.4
1303170 1554.7
1303180 1554.7
1303190 1557.8
1303200 1561.2
1303210 1561.2
1303220 1564.0
1303230 1563.8
1303240 1563.8
1303250 1564.2
1303260 1565.7
1303270 1565.7
1303280 1563.5
1303290 1566.3
1303300 1566.3
1303310 1569.0
1303320 1572.0
1303330 1574.5
1303340 1574.5
1303350 1576.6
1303360 1577.9
1303370 1577.9
1303380 1579.4
1303390 1580.2
1303400 1580.2
1303410 1584.5
1303420 1589.4
1303430 1589.4
1303440 1593.7
1303450 1597.9
1303460 1597.9
1303470 1602.3
1303480 1606.4
1303490 1606.4
1303500 1609.4
1303510 1611.4
1303520 1611.4
1303530 1612.9
1303540 1615.2
1303550 1615.2
1303560 1617.5
1303570 1619.3
1303580 1620.1
1303590 1620.1
1303600 1620.8
1303610 1622.4
1303620 1622.4
1303630 1626.5
1303640 1631.0
1303650 1631.0
1303660 1635.1
1303670 1638.4
1303680 1638.4
1303690 1640.4
1303700 1642.2
1303710 1642.2
1303720 1644.0
1303730 1646.2
1303740 1646.2
1303750 1649.6
1303760 1653.8
1303770 1653.8
1303780 1656.3
1303790 1657.1
1303800 1657.1
1303810 1658.3
1303820 1660.3
1303830 1660.3
1303840 1661.8
1303850 1662.6
1303860 1664.0
1303870 1664.0
1303880 1665.6
1303890 1667.5
1303900 1667.5
1303910 1669.7
1303920 1671.4
1303930 1671.4
1303940 1672.6
1303950 1673.0
1303960 1673.0
1303970 1673.0
1303980 1669.9
1303990 1669.9
1304000 1670.8
1304010 1672.9
1304020 1672.9
1304030 1676.1
1304040 1677.5
1304050 1677.5
1304060 1681.3
1304070 1684.2
1304080 1684.2
1304090 1686.9
1304100 1689.4
1304110 1691.0
1304120 1691.0
1304130 1693.2
1304140 1695.1
1304150 1695.1
1304160 1696.7
1304170 1701.2
1304180 1701.2
1304190 1705.8
1304200 1709.6
1304210 1709.6
1304220 1712.6
1304230 1715.1
1304240 1715.1
1304250 1717.2
1304260 1718.7
1304270 1718.7
1304280 1721.0
1304290 1724.6
1304300 1724.6
1304310 1728.1
1304320 1731.9
1304330 1731.9
1304340 1735.5
1304350 1738.5
1304360 1742.3
1304370 1742.3
1304380 1746.2
1304390 1749.5
1304400 1749.5
1304410 1751.8
1304420 1754.1
1304430 1754.1
1304440 1756.7
1304450 1759.9
1304460 1759.9
1304470 1762.9
1304480 1765.5
1304490 1765.5
1304500 1768.0
1304510 1769.9
1304520 1769.9
1304530 1771.2
1304540 1772.8
1304550 1772.8
1304560 1774.6
1304570 1775.8
1304580 1775.8
1304590 1776.7
1304600 1777.5
1304610 1777.5
1304620 1778.1
1304630 1778.8
1304640 1779.6
1304650 1779.6
1304660 1781.7
1304670 1784.5
1304680 1782.2
1304690 1784.9
1304700 1787.4
1304710 1787.4
1304720 1790.1
1304730 1793.0
1304740 1793.0
1304750 1795.9
1304760 1798.6
1304770 1798.6
1304780 1801.1
1304790 1803.1
1304800 1803.1
1304810 1805.3
1304820 1807.7
1304830 1807.7
1304840 1810.5
1304850 1813.4
1304860 1813.4
1304870 1816.1
1304880 1819.0
1304890 1821.9
1304900 1821.9
1304910 1824.5
1304920 1827.2
1304930 1827.2
1304940 1829.9
1304950 1832.3
1304960 1832.3
1304970 1834.8
1304980 1836.9
1304990 1836.9
1305000 1839.2
1305010 1841.6
1305020 1841.6
1305030 1844.2
1305040 1847.1
1305050 1847.1
1305060 1850.4
1305070 1853.7
1305080 1853.7
1305090 1856.8
1305100 1859.2
1305110 1859.2
1305120 1861.3
1305130 1863.5
1305140 1865.4
1305150 1865.4
1305160 1867.4
1305170 1868.9
1305180 1868.9
1305190 1870.2
1305200 1873.2
1305210 1873.2
1305220 1877.1
1305230 1880.7
1305240 1880.7
1305250 1886.0
1305260 1890.5
1305270 1890.5
1305280 1894.5
1305290 1898.7
1305300 1898.7
1305310 1902.4
1305320 1905.7
1305330 1905.7
1305340 1909.0
1305350 1912.7
1305360 1912.7
1305370 1916.1
1305380 1919.4
1305390 1916.0
1305400 1919.5
1305410 1923.1
1305420 1926.6
1305430 1926.6
1305440 1930.5
1305450 1934.2
1305460 1934.2
1305470 1937.6
1305480 1940.5
1305490 1940.5
1305500 1943.6
1305510 1946.8
1305520 1946.8
1305530 1950.1
1305540 1953.1
1305550 1953.1
1305560 1955.7
1305570 1958.8
1305580 1958.8
1305590 1962.3
1305600 1965.5
1305610 1965.5
1305620 1970.0
1305630 1973.5
1305640 1973.5
1305650 1976.5
1305660 1980.5
1305670 1985.0
1305680 1985.0
1305690 1989.0
1305700 1993.9
1305710 1993.9
1305720 1998.9
1305730 2002.8
1305740 2002.8
1305750 2006.8
1305760 2011.4
1305770 2011.4
1305780 2015.7
1305790 2019.5
1305800 2019.5
1305810 2022.5
1305820 2025.2
1305830 2025.2
1305840 2028.3
1305850 2030.6
1305860 2030.6
1305870 2032.6
1305880 2035.8
1305890 2035.8
1305900 2038.3
1305910 2040.8
1305920 2042.9
1305930 2042.9
1305940 2044.8
1305950 2047.2
1305960 2047.2
1305970 2050.6
1305980 2052.9
1305990 2052.9
1306000 2055.8
1306010 2059.5
1306020 2059.5
1306030 2064.9
1306040 2070.8
1306050 2070.8
1306060 2076.6
1306070 2082.4
1306080 2082.4
1306090 2086.5
1306100 2089.2
1306110 2088.1
1306120 2089.7
1306130 2092.9
1306140 2092.9
1306150 2095.7
1306160 2098.1
1306170 2098.1
1306180 2100.5
1306190 2104.1
1306200 2107.6
1306210 2107.6
1306220 2111.0
1306230 2114.7
1306240 2114.7
1306250 2118.8
1306260 2121.6
1306270 2121.6
1306280 2123.8
1306290 2130.0
1306300 2130.0
1306310 2138.2
1306320 2144.6
1306330 2144.6
1306340 2151.2
1306350 2158.6
1306360 2158.6
1306370 2165.4
1306380 2169.9
1306390 2169.9
1306400 2173.2
1306410 2178.5
1306420 2178.5
1306430 2184.5
1306440 2189.7
1306450 2195.4
1306460 2195.4
1306470 2200.5
1306480 2204.7
1306490 2204.7
1306500 2208.6
1306510 2213.5
1306520 2213.5
1306530 2217.4
1306540 2220.2
1306550 2220.2
1306560 2224.2
1306570 2229.6
1306580 2229.6
1306590 2236.3
1306600 2242.0
1306610 2242.0
1306620 2245.4
1306630 2250.4
1306640 2250.4
1306650 2254.1
1306660 2258.9
1306670 2258.9
1306680 2263.1
1306690 2267.7
1306700 2271.9
1306710 2271.9
1306720 2275.6
1306730 2279.5
1306740 2279.5
1306750 2283.3
1306760 2287.7
1306770 2287.7
1306780 2292.9
1306790 2296.7
1306800 2296.7
1306810 2300.3
1306820 2303.0
1306830 2303.0
1306840 2306.9
1306850 2310.6
1306860 2310.6
1306870 2316.1
1306880 2322.0
1306890 2322.0
1306900 2327.3
1306910 2332.9
1306920 2332.9
1306930 2339.3
1306940 2344.5
1306950 2344.5
1306960 2348.1
1306970 2352.0
1306980 2355.9
1306990 2355.9
1307000 2360.5
1307010 2366.0
1307020 2366.0
1307030 2371.1
1307040 2373.4
1307050 2373.4
1307060 2377.5
1307070 2381.1
1307080 2381.1
1307090 2387.4
1307100 2394.2
1307110 2394.2
1307120 2397.3
1307130 2399.9
1307140 2399.9
1307150 2400.3
1307160 2403.4
1307170 2403.4
1307180 2409.1
1307190 2417.1
1307200 2417.1
1307210 2425.5
1307220 2432.4
1307230 2438.1
1307240 2438.1
1307250 2445.4
1307260 2453.5
1307270 2453.5
1307280 2458.1
1307290 2460.1
1307300 2460.1
1307310 2455.6
1307320 2452.6
1307330 2452.6
1307340 2450.9
1307350 2451.5
1307360 2451.5
1307370 2451.5
1307380 2448.1
1307390 2448.1
1307400 2444.1
1307410 2440.4
1307420 2440.4
1307430 2441.6
1307440 2438.7
1307450 2438.7
1307460 2433.3
1307470 2427.0
1307480 2427.0
1307490 2419.6
1307500 2410.7
1307510 2402.1
1307520 2402.1
1307530 2394.6
1307540 2382.4
1307550 2382.4
1307560 2373.9
1307570 2363.3
1307580 2363.3
1307590 2353.8
1307600 2341.3
1307610 2341.3
1307620 2329.3
1307630 2320.6
1307640 2320.6
1307650 2311.7
1307660 2300.5
1307670 2300.5
1307680 2290.7
1307690 2281.6
1307700 2281.6
1307710 2272.4
1307720 2262.5
1307730 2262.5
1307740 2252.1
1307750 2244.5
1307760 2238.9
1307770 2238.9
1307780 2233.1
1307790 2227.5
1307800 2227.5
1307810 2222.2
1307820 2214.6
1307830 2214.6
1307840 2206.5
1307850 2200.0
1307860 2200.0
1307870 2196.9
1307880 2194.9
1307890 2194.9
1307900 2193.4
1307910 2192.9
1307920 2192.9
1307930 2192.2
1307940 2194.8
1307950 2194.8
1307960 2193.9
1307970 2184.9
1307980 2184.9
1307990 2176.5
1308000 2170.4
1308010 2163.7
1308020 2163.7
1308030 2157.5
1308040 2151.4
1308050 2151.4
1308060 2145.1
1308070 2139.2
1308080 2139.2
1308090 2134.7
1308100 2132.8
1308110 2132.8
1308120 2130.3
1308130 2127.2
1308140 2127.2
1308150 2122.5
1308160 2115.4
1308170 2115.4
1308180 2112.4
1308190 2110.2
1308200 2110.2
1308210 2108.0
1308220 2106.2
1308230 2106.2
1308240 2104.4
1308250 2106.0
1308260 2109.5
1308270 2109.1
1308280 2108.7
1308290 2105.9
1308300 2105.9
1308310 2105.8
1308320 2107.4
1308330 2107.4
1308340 2108.4
1308350 2107.5
1308360 2107.5
1308370 2104.3
1308380 2097.8
1308390 2097.8
1308400 2086.6
1308410 2077.3
1308420 2077.3
1308430 2066.9
1308440 2051.2
1308450 2051.2
1308460 2040.5
1308470 2031.8
1308480 2031.8
1308490 2023.5
1308500 2016.1
1308510 2016.1
1308520 2008.5
1308530 2001.0
1308540 1994.1
1308550 1994.1
1308560 1987.9
1308570 1981.2
1308580 1981.2
1308590 1974.8
1308600 1968.1
1308610 1968.1
1308620 1962.2
1308630 1956.5
1308640 1956.5
1308650 1951.0
1308660 1945.6
1308670 1945.6
1308680 1940.8
1308690 1936.9
1308700 1936.9
1308710 1933.9
1308720 1931.5
1308730 1931.5
1308740 1929.5
1308750 1926.6
1308760 1926.6
1308770 1922.7
1308780 1918.0
1308790 1913.1
1308800 1913.1
1308810 1907.9
1308820 1902.9
1308830 1902.9
1308840 1899.1
1308850 1896.1
1308860 1896.1
1308870 1894.2
1308880 1892.2
1308890 1892.2
1308900 1888.6
1308910 1885.1
1308920 1885.1
1308930 1882.4
1308940 1879.3
1308950 1879.3
1308960 1876.0
1308970 1873.7
1308980 1877.2
1308990 1874.5
1309000 1871.0
1309010 1871.0
1309020 1867.4
1309030 1863.7
1309040 1863.7
1309050 1859.6
1309060 1855.5
1309070 1851.6
1309080 1851.6
1309090 1847.6
1309100 1841.4
1309110 1841.4
1309120 1835.5
1309130 1835.2
1309140 1835.2
1309150 1837.9
1309160 1838.5
1309170 1838.5
1309180 1838.4
1309190 1838.1
1309200 1838.1
1309210 1836.6
1309220 1832.1
1309230 1832.1
1309240 1825.8
1309250 1819.3
1309260 1819.3
1309270 1813.3
1309280 1808.2
1309290 1808.2
1309300 1803.7
1309310 1799.3
1309320 1793.9
1309330 1793.9
1309340 1787.5
1309350 1781.1
1309360 1781.1
1309370 1774.8
1309380 1769.0
1309390 1769.0
1309400 1763.9
1309410 1760.2
1309420 1760.2
1309430 1760.0
1309440 1763.8
1309450 1763.8
1309460 1765.9
1309470 1764.1
1309480 1764.1
1309490 1759.6
1309500 1752.8
1309510 1752.8
1309520 1737.4
1309530 1725.5
1309540 1725.5
1309550 1718.9
1309560 1709.6
1309570 1702.7
1309580 1702.7
1309590 1697.1
1309600 1691.4
1309610 1691.4
1309620 1685.5
1309630 1680.9
1309640 1680.9
1309650 1676.0
1309660 1670.7
1309670 1670.7
1309680 1665.3
1309690 1659.3
1309700 1659.3
1309710 1649.9
1309720 1644.3
1309730 1644.3
1309740 1638.5
1309750 1632.1
1309760 1632.1
1309770 1625.7
1309780 1619.9
1309790 1619.9
1309800 1614.2
1309810 1608.6
1309820 1608.6
1309830 1603.9
1309840 1601.3
1309850 1599.0
1309860 1599.0
1309870 1597.2
1309880 1596.7
1309890 1596.7
1309900 1596.1
1309910 1594.7
1309920 1594.7
1309930 1593.6
1309940 1592.4
1309950 1592.4
1309960 1591.8
1309970 1591.2
1309980 1591.2
1309990 1590.0
1310000 1589.7
1310010 1589.7
1310020 1589.4
1310030 1588.4
1310040 1588.4
1310050 1587.2
1310060 1585.7
1310070 1585.7
1310080 1583.7
1310090 1581.7
1310100 1579.8
1310110 1579.8
1310120 1576.9
1310130 1572.6
1310140 1572.6
1310150 1566.7
1310160 1564.7
1310170 1564.7
1310180 1566.4
1310190 1569.2
1310200 1569.2
1310210 1571.3
1310220 1572.8
1310230 1572.8
1310240 1572.9
1310250 1571.5
1310260 1571.5
1310270 1570.4
1310280 1569.4
1310290 1569.4
1310300 1568.5
1310310 1567.6
1310320 1567.6
1310330 1566.6
1310340 1565.3
1310350 1563.8
1310360 1563.8
1310370 1562.5
1310380 1561.0
1310390 1561.0
1310400 1559.4
1310410 1558.3
1310420 1558.3
1310430 1558.0
1310440 1564.7
1310450 1564.7
1310460 1564.9
1310470 1565.7
1310480 1565.7
1310490 1564.8
1310500 1564.2
1310510 1564.2
1310520 1563.5
1310530 1561.2
1310540 1561.2
1310550 1556.9
1310560 1551.3
1310570 1551.3
1310580 1545.8
1310590 1540.3
1310600 1540.3
1310610 1535.1
1310620 1530.8
1310630 1525.7
1310640 1525.7
1310650 1519.9
1310660 1514.2
1310670 1514.2
1310680 1510.7
1310690 1509.1
1310700 1509.1
1310710 1507.7
1310720 1506.4
1310730 1506.4
1310740 1505.5
1310750 1504.7
1310760 1504.7
1310770 1503.0
1310780 1498.7
1310790 1498.7
1310800 1493.1
1310810 1486.5
1310820 1486.5
1310830 1479.5
1310840 1477.8
1310850 1477.8
1310860 1477.7
1310870 1477.7
1310880 1477.9
1310890 1477.9
1310900 1478.2
1310910 1477.8
1310920 1477.8
1310930 1477.8
1310940 1477.9
1310950 1477.9
1310960 1478.1
1310970 1478.2
1310980 1478.2
1310990 1478.5
1311000 1477.7
1311010 1477.7
1311020 1478.6
1311030 1481.4
1311040 1481.4
1311050 1483.0
1311060 1485.2
1311070 1485.2
1311080 1487.9
1311090 1491.6
1311100 1491.6
1311110 1497.3
1311120 1501.5
1311130 1504.7
1311140 1504.7
1311150 1508.2
1311160 1511.5
1311170 1510.2
1311180 1513.0
1311190 1516.3
1311200 1516.3
1311210 1519.3
1311220 1520.8
1311230 1520.8
1311240 1523.1
1311250 1526.4
1311260 1526.4
1311270 1530.0
1311280 1534.3
1311290 1534.3
1311300 1538.8
1311310 1542.8
1311320 1542.8
1311330 1546.5
1311340 1550.1
1311350 1550.1
1311360 1552.9
1311370 1555.2
1311380 1555.2
1311390 1557.8
1311400 1561.3
1311410 1564.9
1311420 1564.9
1311430 1568.3
1311440 1571.7
1311450 1571.7
1311460 1576.1
1311470 1580.9
1311480 1580.9
1311490 1585.7
1311500 1590.1
1311510 1590.1
1311520 1594.1
1311530 1598.8
1311540 1598.8
1311550 1603.5
1311560 1606.6
1311570 1606.6
1311580 1610.0
1311590 1613.8
1311600 1613.8
1311610 1617.8
1311620 1621.2
1311630 1621.2
1311640 1624.0
1311650 1627.4
1311660 1631.5
1311670 1631.5
1311680 1635.9
1311690 1640.4
1311700 1640.4
1311710 1645.0
1311720 1649.9
1311730 1649.9
1311740 1654.9
1311750 1659.8
1311760 1659.8
1311770 1663.4
1311780 1667.6
1311790 1667.6
1311800 1671.8
1311810 1675.7
1311820 1675.7
1311830 1681.1
1311840 1685.7
1311850 1685.7
1311860 1691.3
1311870 1696.1
1311880 1696.1
1311890 1700.5
1311900 1705.1
1311910 1708.5
1311920 1708.5
1311930 1713.9
1311940 1719.1
1311950 1719.1
1311960 1724.1
1311970 1728.7
1311980 1728.7
1311990 1734.1
1312000 1741.0
1312010 1741.0
1312020 1748.1
1312030 1753.8
1312040 1753.8
1312050 1758.2
1312060 1762.9
1312070 1762.9
1312080 1767.0
1312090 1770.4
1312100 1770.4
1312110 1773.9
1312120 1778.4
1312130 1778.4
1312140 1785.3
1312150 1793.3
1312160 1793.3
1312170 1800.3
1312180 1805.9
1312190 1810.1
1312200 1810.1
1312210 1814.4
1312220 1818.6
1312230 1818.6
1312240 1822.9
1312250 1828.3
1312260 1828.3
1312270 1833.8
1312280 1839.8
1312290 1839.8
1312300 1844.6
1312310 1848.7
1312320 1848.7
1312330 1853.0
1312340 1857.5
1312350 1857.5
1312360 1862.4
1312370 1867.1
1312380 1867.1
1312390 1871.3
1312400 1877.0
1312410 1877.0
1312420 1882.5
1312430 1887.1
1312440 1892.0
1312450 1892.0
1312460 1897.1
1312470 1901.9
1312480 1901.9
1312490 1906.0
1312500 1909.4
1312510 1909.4
1312520 1912.4
1312530 1915.7
1312540 1915.7
1312550 1919.8
1312560 1924.0
1312570 1924.0
1312580 1927.3
1312590 1930.3
1312600 1930.3
1312610 1932.9
1312620 1935.3
1312630 1935.3
1312640 1940.5
1312650 1942.2
1312660 1942.2
1312670 1943.6
1312680 1945.6
1312690 1949.5
1312700 1949.5
1312710 1954.1
1312720 1957.8
1312730 1957.8
1312740 1961.6
1312750 1965.4
1312760 1965.4
1312770 1969.0
1312780 1971.8
1312790 1971.8
1312800 1974.7
1312810 1977.5
1312820 1977.5
1312830 1980.4
1312840 1983.1
1312850 1983.1
1312860 1986.2
1312870 1989.8
1312880 1989.8
1312890 1994.4
1312900 1999.4
1312910 1999.4
1312920 2004.2
1312930 2010.2
1312940 2010.2
1312950 2016.4
1312960 2022.2
1312970 2027.4
1312980 2027.4
1312990 2032.8
1313000 2037.9
1313010 2037.9
1313020 2042.4
1313030 2047.5
1313040 2047.5
1313050 2052.1
1313060 2057.3
1313070 2057.3
1313080 2061.7
1313090 2067.3
1313100 2067.3
1313110 2073.3
1313120 2077.7
1313130 2077.7
1313140 2083.0
1313150 2088.3
1313160 2088.3
1313170 2091.9
1313180 2096.5
1313190 2096.5
1313200 2100.7
1313210 2104.6
1313220 2109.4
1313230 2109.4
1313240 2115.2
1313250 2120.4
1313260 2120.4
1313270 2125.2
1313280 2129.7
1313290 2129.7
1313300 2134.4
1313310 2138.4
1313320 2138.4
1313330 2141.8
1313340 2144.3
1313350 2144.3
1313360 2145.3
1313370 2145.8
1313380 2145.8
1313390 2150.3
1313400 2155.1
1313410 2155.1
1313420 2160.4
1313430 2165.5
1313440 2165.5
1313450 2170.9
1313460 2176.1
1313470 2181.5
1313480 2181.5
1313490 2188.2
1313500 2194.9
1313510 2194.9
1313520 2200.8
1313530 2205.5
1313540 2205.5
1313550 2210.0
1313560 2213.9
1313570 2213.9
1313580 2221.0
1313590 2227.8
1313600 2227.8
1313610 2235.2
1313620 2242.8
1313630 2242.8
1313640 2249.5
1313650 2254.6
1313660 2254.6
1313670 2259.0
1313680 2263.8
1313690 2263.8
1313700 2269.7
1313710 2274.6
1313720 2274.6
1313730 2278.0
1313740 2281.5
1313750 2283.8
1313760 2283.8
1313770 2286.2
1313780 2288.2
1313790 2288.2
1313800 2291.7
1313810 2296.0
1313820 2296.0
1313830 2301.1
1313840 2303.6
1313850 2303.6
1313860 2303.4
1313870 2303.2
1313880 2303.2
1313890 2300.9
1313900 2297.2
1313910 2297.2
1313920 2295.5
1313930 2294.4
1313940 2294.4
1313950 2293.0
1313960 2292.2
1313970 2292.2
1313980 2292.5
1313990 2292.4
1314000 2292.7
1314010 2292.7
1314020 2293.6
1314030 2293.7
1314040 2293.7
1314050 2291.1
1314060 2289.0
1314070 2289.0
1314080 2288.9
1314090 2290.5
1314100 2290.5
1314110 2294.1
1314120 2298.0
1314130 2305.3
1314140 2307.3
1314150 2308.4
1314160 2308.4
1314170 2308.3
1314180 2310.2
1314190 2310.2
1314200 2313.7
1314210 2319.9
1314220 2319.9
1314230 2324.3
1314240 2326.1
1314250 2323.6
1314260 2323.6
1314270 2313.6
1314280 2305.4
1314290 2305.4
1314300 2296.0
1314310 2288.3
1314320 2288.3
1314330 2276.2
1314340 2260.4
1314350 2260.4
1314360 2249.4
1314370 2240.7
1314380 2240.7
1314390 2232.7
1314400 2225.2
1314410 2225.2
1314420 2217.9
1314430 2211.9
1314440 2211.9
1314450 2206.9
1314460 2203.5
1314470 2203.5
1314480 2200.2
1314490 2195.6
1314500 2195.6
1314510 2189.9
1314520 2182.9
1314530 2173.9
1314540 2173.9
1314550 2165.9
1314560 2159.0
1314570 2159.0
1314580 2152.6
1314590 2147.1
1314600 2147.1
1314610 2143.0
1314620 2140.4
1314630 2140.4
1314640 2139.0
1314650 2139.4
1314660 2139.4
1314670 2135.7
1314680 2133.1
1314690 2133.1
1314700 2132.4
1314710 2132.1
1314720 2132.1
1314730 2131.4
1314740 2130.4
1314750 2130.4
1314760 2127.6
1314770 2125.2
1314780 2122.4
1314790 2122.4
1314800 2114.9
1314810 2103.2
1314820 2103.2
1314830 2095.9
1314840 2089.1
1314850 2089.1
1314860 2082.0
1314870 2073.4
1314880 2073.8
1314890 2066.9
1314900 2062.1
1314910 2062.1
1314920 2057.1
1314930 2052.7
1314940 2052.7
1314950 2049.1
1314960 2044.6
1314970 2044.6
1314980 2040.7
1314990 2038.6
1315000 2038.6
1315010 2037.2
1315020 2035.7
1315030 2033.9
1315040 2033.9
1315050 2032.5
1315060 2031.3
1315070 2031.3
1315080 2029.4
1315090 2027.0
1315100 2027.0
1315110 2024.9
1315120 2023.9
1315130 2023.9
1315140 2022.8
1315150 2018.2
1315160 2018.2
1315170 2017.4
1315180 2021.8
1315190 2021.8
1315200 2023.1
1315210 2023.1
1315220 2023.1
1315230 2020.9
1315240 2018.7
1315250 2018.7
1315260 2021.3
1315270 2024.9
1315280 2024.9
1315290 2027.1
1315300 2028.6
1315310 2029.9
1315320 2029.9
1315330 2030.6
1315340 2030.5
1315350 2030.5
1315360 2030.3
1315370 2030.4
1315380 2030.4
1315390 2031.2
1315400 2032.3
1315410 2032.3
1315420 2029.4
1315430 2029.0
1315440 2029.0
1315450 2034.0
1315460 2035.0
1315470 2035.0
1315480 2035.7
1315490 2035.7
1315500 2035.7
1315510 2035.7
1315520 2035.5
1315530 2035.5
1315540 2035.3
1315550 2036.4
1315560 2038.3
1315570 2038.3
1315580 2039.9
1315590 2041.1
1315600 2041.1
1315610 2042.1
1315620 2042.9
1315630 2044.7
1315640 2045.5
1315650 2046.1
1315660 2046.1
1315670 2046.6
1315680 2046.9
1315690 2046.9
1315700 2048.6
1315710 2051.9
1315720 2051.9
1315730 2054.8
1315740 2055.1
1315750 2055.1
1315760 2053.7
1315770 2053.3
1315780 2053.3
1315790 2053.7
1315800 2053.6
1315810 2053.5
1315820 2053.5
1315830 2053.7
1315840 2054.5
1315850 2054.5
1315860 2056.4
1315870 2059.8
1315880 2059.8
1315890 2064.1
1315900 2068.4
1315910 2068.4
1315920 2071.9
1315930 2074.2
1315940 2074.2
1315950 2076.1
1315960 2077.1
1315970 2077.1
1315980 2077.9
1315990 2078.5
1316000 2078.5
1316010 2079.0
1316020 2079.0
1316030 2079.0
1316040 2078.2
1316050 2077.4
1316060 2077.4
1316070 2077.5
1316080 2079.0
1316090 2081.1
1316100 2081.1
1316110 2085.2
1316120 2089.4
1316130 2089.4
1316140 2094.5
1316150 2099.0
1316160 2099.0
1316170 2102.6
1316180 2105.0
1316190 2105.0
1316200 2107.2
1316210 2109.3
1316220 2109.3
1316230 2109.8
1316240 2109.6
1316250 2109.6
1316260 2109.8
1316270 2111.2
1316280 2111.2
1316290 2112.7
1316300 2113.5
1316310 2113.5
1316320 2117.4
1316330 2123.2
1316340 2128.4
1316350 2128.4
1316360 2133.3
1316370 2135.2
1316380 2135.2
1316390 2137.1
1316400 2136.1
1316410 2136.1
1316420 2136.7
1316430 2135.3
1316440 2135.3
1316450 2133.2
1316460 2133.8
1316470 2133.8
1316480 2134.5
1316490 2134.2
1316500 2134.2
1316510 2135.7
1316520 2137.4
1316530 2137.4
1316540 2139.1
1316550 2140.5
1316560 2140.5
1316570 2141.2
1316580 2142.7
1316590 2144.8
1316600 2144.8
1316610 2146.3
1316620 2148.9
1316630 2148.9
1316640 2152.3
1316650 2155.5
1316660 2155.5
1316670 2154.7
1316680 2145.4
1316690 2145.4
1316700 2140.5
1316710 2133.0
1316720 2133.0
1316730 2125.4
1316740 2119.1
1316750 2119.1
1316760 2113.6
1316770 2108.2
1316780 2108.2
1316790 2103.0
1316800 2098.0
1316810 2098.0
1316820 2093.7
1316830 2091.7
1316840 2091.7
1316850 2092.0
1316860 2091.5
1316870 2089.1
1316880 2089.1
1316890 2087.3
1316900 2085.9
1316910 2085.9
1316920 2084.8
1316930 2084.0
1316940 2084.0
1316950 2083.1
1316960 2082.1
1316970 2082.1
1316980 2080.7
1316990 2079.9
1317000 2079.9
1317010 2080.0
1317020 2080.9
1317030 2080.9
1317040 2080.8
1317050 2076.7
1317060 2076.7
1317070 2073.1
1317080 2070.9
1317090 2070.9
1317100 2069.4
1317110 2067.3
1317120 2066.4
1317130 2066.4
1317140 2066.4
1317150 2060.0
1317160 2060.0
1317170 2059.3
1317180 2058.2
1317190 2058.2
1317200 2057.2
1317210 2056.3
1317220 2056.3
1317230 2055.8
1317240 2054.5
1317250 2054.5
1317260 2053.1
1317270 2051.8
1317280 2051.8
1317290 2051.9
1317300 2054.0
1317310 2054.0
1317320 2056.9
1317330 2060.5
1317340 2060.5
1317350 2064.3
1317360 2068.3
1317370 2068.3
1317380 2071.4
1317390 2076.2
1317400 2076.0
1317410 2076.0
1317420 2071.8
1317430 2067.7
1317440 2067.7
1317450 2061.2
1317460 2055.3
1317470 2055.3
1317480 2048.7
1317490 2042.2
1317500 2042.2
1317510 2035.6
1317520 2028.7
1317530 2028.7
1317540 2022.6
1317550 2018.1
1317560 2018.1
1317570 2015.0
1317580 2013.0
1317590 2013.0
1317600 2011.9
1317610 2011.5
1317620 2011.5
1317630 2010.5
1317640 2010.2
1317650 2009.8
1317660 2009.8
1317670 2008.8
1317680 2007.3
1317690 2007.3
1317700 2005.3
1317710 2001.1
1317720 2001.1
1317730 1996.6
1317740 1994.8
1317750 1994.8
1317760 1993.1
1317770 1990.0
1317780 1990.0
1317790 1986.3
1317800 1984.4
1317810 1984.4
1317820 1982.9
1317830 1982.4
1317840 1982.4
1317850 1983.8
1317860 1985.5
1317870 1985.5
1317880 1987.6
1317890 1989.0
1317900 1989.4
1317910 1987.7
1317920 1988.5
1317930 1988.9
1317940 1988.9
1317950 1986.8
1317960 1984.2
1317970 1984.2
1317980 1981.4
1317990 1977.2
1318000 1977.2
1318010 1972.0
1318020 1965.4
1318030 1965.4
1318040 1957.9
1318050 1952.1
1318060 1952.1
1318070 1947.8
1318080 1942.1
1318090 1942.1
1318100 1934.5
1318110 1926.7
1318120 1926.7
1318130 1919.1
1318140 1911.8
1318150 1911.8
1318160 1904.9
1318170 1897.7
1318180 1890.8
1318190 1890.8
1318200 1884.6
1318210 1879.1
1318220 1879.1
1318230 1873.2
1318240 1867.5
1318250 1867.5
1318260 1861.2
1318270 1854.4
1318280 1854.4
1318290 1849.8
1318300 1846.8
1318310 1846.8
1318320 1844.3
1318330 1842.1
1318340 1842.1
1318350 1840.0
1318360 1837.5
1318370 1837.5
1318380 1834.7
1318390 1831.0
1318400 1831.0
1318410 1828.2
1318420 1827.1
1318430 1826.4
1318440 1826.4
1318450 1824.6
1318460 1822.5
1318470 1822.5
1318480 1820.7
1318490 1818.8
1318500 1818.8
1318510 1816.9
1318520 1814.3
1318530 1814.3
1318540 1809.1
1318550 1804.1
1318560 1804.1
1318570 1801.9
1318580 1801.0
1318590 1801.0
1318600 1799.8
1318610 1798.0
1318620 1798.0
1318630 1795.4
1318640 1792.4
1318650 1792.4
1318660 1790.6
1318670 1787.2
1318680 1780.7
1318690 1780.7
1318700 1774.8
1318710 1772.4
1318720 1772.4
1318730 1772.3
1318740 1772.3
1318750 1772.3
1318760 1772.3
1318770 1772.3
1318780 1772.3
1318790 1772.3
1318800 1772.4
1318810 1772.4
1318820 1773.1
1318830 1770.7
1318840 1770.7
1318850 1765.9
1318860 1762.7
1318870 1762.7
1318880 1759.6
1318890 1755.9
1318900 1755.9
1318910 1751.6
1318920 1746.0
1318930 1746.0
1318940 1740.0
1318950 1738.4
1318960 1738.0
1318970 1738.0
1318980 1735.9
1318990 1733.5
1319000 1733.5
1319010 1730.1
1319020 1726.3
1319030 1726.3
1319040 1723.4
1319050 1719.6
1319060 1719.6
1319070 1715.8
1319080 1712.8
1319090 1712.8
1319100 1711.4
1319110 1709.5
1319120 1709.5
1319130 1705.7
1319140 1701.7
1319150 1701.7
1319160 1700.2
1319170 1698.9
1319180 1698.9
1319190 1697.0
1319200 1695.3
1319210 1693.1
1319220 1693.1
1319230 1691.5
1319240 1689.6
1319250 1689.6
1319260 1687.2
1319270 1684.8
1319280 1684.8
1319290 1684.3
1319300 1684.3
1319310 1684.3
1319320 1683.7
1319330 1682.8
1319340 1682.8
1319350 1681.8
1319360 1680.7
1319370 1680.7
1319380 1680.0
1319390 1680.3
1319400 1680.3
1319410 1681.7
1319420 1690.5
1319430 1690.5
1319440 1694.2
1319450 1695.7
1319460 1693.5
1319470 1693.5
1319480 1690.3
1319490 1687.7
1319500 1687.7
1319510 1683.4
1319520 1676.9
1319530 1676.9
1319540 1671.2
1319550 1666.0
1319560 1666.0
1319570 1659.7
1319580 1653.9
1319590 1653.9
1319600 1648.5
1319610 1643.4
1319620 1643.4
1319630 1638.3
1319640 1634.4
1319650 1634.4
1319660 1630.7
1319670 1626.4
1319680 1626.4
1319690 1621.7
1319700 1616.2
1319710 1616.2
1319720 1611.1
1319730 1606.1
1319740 1604.9
1319750 1604.9
1319760 1602.9
1319770 1598.6
1319780 1598.6
1319790 1594.1
1319800 1590.6
1319810 1590.6
1319820 1586.8
1319830 1582.6
1319840 1582.6
1319850 1579.7
1319860 1578.7
1319870 1578.7
1319880 1576.8
1319890 1574.0
1319900 1574.0
1319910 1571.2
1319920 1567.8
1319930 1567.8
1319940 1564.2
1319950 1560.8
1319960 1560.8
1319970 1558.1
1319980 1553.7
1319990 1548.1
