1300000 1050.7
1300010 1050.7
1300020 1053.6
1300030 1056.7
1300040 1056.7
1300050 1060.1
1300060 1063.8
1300070 1063.8
1300080 1068.2
1300090 1072.8
1300100 1072.8
1300110 1077.8
1300120 1080.8
1300130 1080.8
1300140 1084.0
1300150 1089.2
1300160 1089.2
1300170 1094.9
1300180 1099.7
1300190 1099.7
1300200 1103.6
1300210 1107.5
1300220 1112.6
1300230 1112.6
1300240 1117.4
1300250 1121.5
1300260 1121.5
1300270 1124.7
1300280 1128.3
1300290 1128.3
1300300 1132.3
1300310 1136.3
1300320 1136.3
1300330 1140.3
1300340 1145.2
1300350 1145.2
1300360 1150.1
1300370 1155.3
1300380 1155.3
1300390 1160.4
1300400 1165.6
1300410 1165.6
1300420 1170.7
1300430 1175.7
1300440 1175.7
1300450 1180.8
1300460 1185.0
1300470 1190.1
1300480 1190.1
1300490 1194.5
1300500 1198.7
1300510 1198.7
1300520 1203.0
1300530 1207.9
1300540 1207.9
1300550 1212.7
1300560 1217.1
1300570 1217.1
1300580 1221.3
1300590 1225.5
1300600 1225.5
1300610 1230.8
1300620 1236.1
1300630 1236.1
1300640 1240.7
1300650 1245.4
1300660 1245.4
1300670 1249.8
1300680 1254.6
1300690 1254.6
1300700 1259.2
1300710 1262.7
1300720 1267.1
1300730 1267.1
1300740 1271.8
1300750 1276.3
1300760 1276.3
1300770 1280.6
1300780 1285.1
1300790 1285.1
1300800 1289.8
1300810 1294.4
1300820 1294.4
1300830 1298.8
1300840 1303.8
1300850 1303.8
1300860 1309.0
1300870 1313.2
1300880 1313.2
1300890 1317.4
1300900 1322.4
1300910 1322.4
1300920 1327.8
1300930 1333.1
1300940 1333.1
1300950 1337.8
1300960 1341.8
1300970 1341.8
1300980 1345.6
1300990 1350.2
1301000 1355.0
1301010 1355.0
1301020 1359.9
1301030 1364.4
1301040 1364.4
1301050 1368.4
1301060 1372.5
1301070 1372.5
1301080 1376.7
1301090 1380.2
1301100 1380.2
1301110 1384.0
1301120 1387.9
1301130 1387.9
1301140 1391.6
1301150 1395.0
1301160 1395.0
1301170 1397.9
1301180 1400.3
1301190 1400.3
1301200 1402.4
1301210 1404.3
1301220 1404.3
1301230 1406.0
1301240 1408.4
1301250 1411.5
1301260 1411.5
1301270 1414.5
1301280 1417.4
1301290 1417.4
1301300 1420.5
1301310 1423.7
1301320 1423.7
1301330 1427.2
1301340 1430.6
1301350 1430.6
1301360 1434.6
1301370 1439.0
1301380 1439.0
1301390 1443.8
1301400 1445.5
1301410 1445.5
1301420 1448.4
1301430 1451.9
1301440 1451.9
1301450 1455.1
1301460 1458.4
1301470 1458.4
1301480 1461.5
1301490 1464.4
1301500 1464.4
1301510 1467.1
1301520 1470.1
1301530 1472.8
1301540 1472.8
1301550 1475.8
1301560 1479.0
1301570 1479.0
1301580 1482.3
1301590 1485.3
1301600 1485.3
1301610 1488.0
1301620 1491.1
1301630 1491.1
1301640 1494.4
1301650 1497.5
1301660 1497.5
1301670 1500.1
1301680 1502.0
1301690 1502.0
1301700 1504.2
1301710 1506.1
1301720 1506.1
1301730 1508.0
1301740 1509.9
1301750 1509.9
1301760 1512.2
1301770 1514.5
1301780 1516.1
1301790 1516.1
1301800 1518.4
1301810 1520.4
1301820 1520.4
1301830 1522.6
1301840 1524.6
1301850 1524.6
1301860 1526.7
1301870 1529.3
1301880 1529.3
1301890 1532.4
1301900 1535.5
1301910 1535.5
1301920 1538.1
1301930 1539.7
1301940 1539.7
1301950 1540.4
1301960 1538.7
1301970 1538.7
1301980 1538.5
1301990 1540.2
1302000 1540.2
1302010 1542.2
1302020 1544.5
1302030 1546.8
1302040 1546.8
1302050 1548.9
1302060 1549.8
1302070 1549.8
1302080 1549.3
1302090 1549.3
1302100 1543.7
1302110 1544.4
1302120 1545.1
1302130 1545.1
1302140 1546.2
1302150 1548.1
1302160 1548.1
1302170 1550.8
1302180 1553.2
1302190 1553.2
1302200 1554.8
1302210 1556.2
1302220 1556.2
1302230 1557.8
1302240 1560.7
1302250 1560.7
1302260 1564.1
1302270 1566.9
1302280 1566.9
1302290 1569.6
1302300 1571.8
1302310 1573.6
1302320 1573.6
1302330 1575.8
1302340 1578.4
1302350 1578.4
1302360 1580.8
1302370 1582.7
1302380 1582.7
1302390 1584.8
1302400 1585.9
1302410 1585.9
1302420 1587.1
1302430 1589.2
1302440 1589.2
1302450 1591.3
1302460 1594.3
1302470 1594.3
1302480 1599.2
1302490 1602.5
1302500 1602.5
1302510 1605.8
1302520 1611.5
1302530 1611.5
1302540 1615.3
1302550 1620.6
1302560 1626.3
1302570 1626.3
1302580 1629.4
1302590 1631.6
1302600 1631.6
1302610 1634.8
1302620 1638.1
1302630 1638.1
1302640 1640.1
1302650 1640.8
1302660 1640.8
1302670 1641.8
1302680 1643.8
1302690 1643.8
1302700 1645.8
1302710 1648.4
1302720 1648.4
1302730 1651.8
1302740 1655.0
1302750 1655.0
1302760 1657.3
1302770 1659.9
1302780 1659.9
1302790 1661.9
1302800 1660.0
1302810 1660.0
1302820 1663.7
1302830 1667.8
1302840 1672.2
1302850 1672.2
1302860 1676.6
1302870 1681.1
1302880 1681.1
1302890 1685.9
1302900 1691.1
1302910 1691.1
1302920 1696.0
1302930 1700.3
1302940 1700.3
1302950 1704.0
1302960 1707.3
1302970 1707.3
1302980 1710.0
1302990 1712.1
1303000 1712.1
1303010 1714.2
1303020 1716.5
1303030 1716.5
1303040 1718.5
1303050 1720.2
1303060 1720.2
1303070 1721.5
1303080 1722.2
1303090 1722.6
1303100 1722.6
1303110 1723.5
1303120 1724.8
1303130 1724.8
1303140 1726.3
1303150 1727.8
1303160 1727.8
1303170 1729.4
1303180 1730.7
1303190 1730.7
1303200 1732.3
1303210 1733.7
1303220 1733.7
1303230 1735.5
1303240 1738.1
1303250 1738.1
1303260 1740.6
1303270 1742.6
1303280 1742.6
1303290 1744.6
1303300 1746.2
1303310 1746.2
1303320 1747.3
1303330 1748.4
1303340 1750.2
1303350 1750.2
1303360 1752.5
1303370 1753.8
1303380 1753.8
1303390 1754.4
1303400 1754.9
1303410 1754.9
1303420 1756.5
1303430 1758.0
1303440 1758.0
1303450 1759.8
1303460 1761.0
1303470 1761.0
1303480 1760.9
1303490 1760.8
1303500 1758.5
1303510 1758.5
1303520 1758.7
1303530 1758.7
1303540 1759.7
1303550 1761.9
1303560 1761.9
1303570 1764.7
1303580 1767.8
1303590 1767.8
1303600 1771.3
1303610 1774.8
1303620 1778.3
1303630 1778.3
1303640 1781.7
1303650 1784.1
1303660 1784.1
1303670 1786.5
1303680 1789.4
1303690 1789.4
1303700 1792.4
1303710 1795.0
1303720 1795.0
1303730 1797.6
1303740 1801.1
1303750 1801.1
1303760 1804.8
1303770 1808.4
1303780 1808.4
1303790 1811.8
1303800 1815.5
1303810 1815.5
1303820 1819.7
1303830 1823.9
1303840 1823.9
1303850 1827.9
1303860 1833.0
1303870 1837.0
1303880 1837.0
1303890 1838.5
1303900 1839.3
1303910 1839.3
1303920 1840.7
1303930 1842.2
1303940 1842.2
1303950 1844.2
1303960 1846.2
1303970 1846.2
1303980 1847.1
1303990 1846.5
1304000 1846.5
1304010 1846.0
1304020 1847.9
1304030 1847.9
1304040 1851.4
1304050 1855.6
1304060 1855.6
1304070 1859.1
1304080 1862.7
1304090 1862.7
1304100 1866.5
1304110 1869.9
1304120 1869.9
1304130 1872.5
1304140 1874.6
1304150 1876.0
1304160 1876.0
1304170 1876.6
1304180 1878.5
1304190 1878.5
1304200 1875.5
1304210 1877.3
1304220 1877.3
1304230 1877.9
1304240 1878.9
1304250 1878.9
1304260 1879.3
1304270 1881.5
1304280 1881.5
1304290 1884.0
1304300 1886.7
1304310 1886.7
1304320 1890.7
1304330 1894.4
1304340 1894.4
1304350 1896.9
1304360 1900.8
1304370 1900.8
1304380 1903.7
1304390 1907.1
1304400 1908.5
1304410 1908.5
1304420 1909.5
1304430 1910.3
1304440 1910.3
1304450 1911.5
1304460 1913.3
1304470 1913.3
1304480 1915.6
1304490 1918.4
1304500 1918.4
1304510 1921.6
1304520 1924.8
1304530 1924.8
1304540 1927.1
1304550 1930.3
1304560 1930.3
1304570 1934.2
1304580 1938.2
1304590 1938.2
1304600 1942.9
1304610 1947.5
1304620 1947.5
1304630 1952.0
1304640 1956.1
1304650 1959.8
1304660 1959.8
1304670 1964.4
1304680 1969.5
1304690 1969.5
1304700 1975.6
1304710 1980.9
1304720 1980.9
1304730 1986.1
1304740 1990.4
1304750 1990.4
1304760 1993.8
1304770 1995.4
1304780 1995.4
1304790 1996.9
1304800 1998.6
1304810 1998.6
1304820 1999.6
1304830 2001.9
1304840 2001.9
1304850 2003.3
1304860 2002.0
1304870 2002.0
1304880 1999.7
1304890 1999.2
1304900 1999.2
1304910 1997.1
1304920 1997.8
1304930 1998.1
1304940 1998.1
1304950 1997.9
1304960 1997.2
1304970 1997.2
1304980 1997.1
1304990 1998.8
1305000 1998.8
1305010 1999.7
1305020 1999.8
1305030 1999.8
1305040 2002.0
1305050 2004.6
1305060 2004.6
1305070 2007.8
1305080 2011.1
1305090 2011.1
1305100 2014.2
1305110 2017.6
1305120 2017.6
1305130 2020.8
1305140 2023.4
1305150 2023.4
1305160 2024.9
1305170 2027.0
1305180 2029.6
1305190 2029.6
1305200 2032.2
1305210 2036.0
1305220 2036.0
1305230 2039.6
1305240 2043.6
1305250 2043.6
1305260 2048.2
1305270 2051.9
1305280 2051.9
1305290 2056.9
1305300 2062.6
1305310 2062.6
1305320 2067.5
1305330 2071.7
1305340 2071.7
1305350 2075.9
1305360 2081.2
1305370 2081.2
1305380 2087.9
1305390 2094.3
1305400 2094.3
1305410 2100.3
1305420 2106.2
1305430 2106.2
1305440 2112.1
1305450 2115.6
1305460 2117.4
1305470 2117.4
1305480 2116.8
1305490 2117.5
1305500 2117.5
1305510 2120.1
1305520 2124.0
1305530 2124.0
1305540 2127.1
1305550 2129.6
1305560 2129.6
1305570 2136.5
1305580 2143.7
1305590 2143.7
1305600 2148.7
1305610 2152.3
1305620 2153.0
1305630 2156.8
1305640 2159.6
1305650 2159.6
1305660 2162.9
1305670 2165.5
1305680 2165.5
1305690 2168.4
1305700 2172.2
1305710 2175.7
1305720 2175.7
1305730 2177.7
1305740 2178.1
1305750 2178.1
1305760 2179.5
1305770 2180.2
1305780 2180.2
1305790 2181.1
1305800 2183.2
1305810 2183.2
1305820 2187.0
1305830 2191.7
1305840 2191.7
1305850 2193.8
1305860 2195.9
1305870 2195.9
1305880 2195.3
1305890 2189.9
1305900 2189.9
1305910 2184.5
1305920 2181.9
1305930 2181.9
1305940 2175.3
1305950 2170.3
1305960 2168.9
1305970 2168.9
1305980 2170.0
1305990 2171.4
1306000 2171.4
1306010 2173.5
1306020 2175.8
1306030 2175.8
1306040 2177.2
1306050 2176.6
1306060 2176.6
1306070 2176.0
1306080 2172.8
1306090 2172.8
1306100 2169.3
1306110 2167.2
1306120 2167.2
1306130 2168.2
1306140 2170.9
1306150 2170.9
1306160 2172.5
1306170 2174.6
1306180 2174.6
1306190 2179.2
1306200 2187.1
1306210 2187.1
1306220 2194.7
1306230 2201.8
1306240 2209.1
1306250 2209.1
1306260 2217.3
1306270 2226.2
1306280 2226.2
1306290 2232.1
1306300 2234.9
1306310 2234.9
1306320 2237.9
1306330 2241.1
1306340 2241.1
1306350 2244.4
1306360 2246.7
1306370 2246.7
1306380 2247.8
1306390 2248.9
1306400 2248.9
1306410 2249.3
1306420 2251.1
1306430 2251.1
1306440 2255.2
1306450 2260.3
1306460 2260.3
1306470 2265.1
1306480 2270.4
1306490 2273.7
1306500 2273.7
1306510 2274.2
1306520 2270.7
1306530 2270.7
1306540 2266.5
1306550 2264.1
1306560 2264.1
1306570 2263.2
1306580 2261.7
1306590 2261.7
1306600 2258.7
1306610 2258.1
1306620 2258.1
1306630 2260.1
1306640 2265.3
1306650 2265.3
1306660 2272.4
1306670 2277.6
1306680 2277.6
1306690 2280.5
1306700 2283.2
1306710 2283.2
1306720 2284.3
1306730 2285.4
1306740 2285.4
1306750 2284.7
1306760 2283.6
1306770 2286.3
1306780 2286.3
1306790 2290.0
1306800 2291.7
1306810 2291.7
1306820 2291.3
1306830 2291.7
1306840 2291.7
1306850 2292.6
1306860 2294.5
1306870 2294.5
1306880 2296.7
1306890 2298.9
1306900 2298.9
1306910 2301.6
1306920 2305.1
1306930 2305.1
1306940 2310.0
1306950 2315.4
1306960 2315.4
1306970 2321.0
1306980 2326.5
1306990 2326.5
1307000 2330.4
1307010 2333.4
1307020 2334.9
1307030 2334.9
1307040 2337.7
1307050 2345.2
1307060 2345.2
1307070 2347.4
1307080 2349.6
1307090 2349.6
1307100 2352.7
1307110 2356.9
1307120 2356.9
1307130 2360.6
1307140 2363.8
1307150 2363.8
1307160 2366.6
1307170 2370.1
1307180 2370.1
1307190 2374.3
1307200 2378.0
1307210 2378.0
1307220 2380.3
1307230 2382.6
1307240 2382.6
1307250 2385.8
1307260 2388.6
1307270 2391.2
1307280 2391.2
1307290 2392.9
1307300 2392.1
1307310 2392.1
1307320 2389.7
1307330 2388.4
1307340 2388.4
1307350 2390.3
1307360 2395.1
1307370 2395.1
1307380 2397.2
1307390 2397.7
1307400 2397.7
1307410 2396.8
1307420 2394.3
1307430 2394.3
1307440 2396.4
1307450 2398.7
1307460 2398.7
1307470 2398.7
1307480 2394.0
1307490 2394.0
1307500 2391.0
1307510 2391.3
1307520 2391.3
1307530 2391.1
1307540 2392.1
1307550 2390.1
1307560 2390.1
1307570 2386.1
1307580 2384.3
1307590 2384.3
1307600 2381.7
1307610 2379.1
1307620 2379.1
1307630 2375.1
1307640 2370.9
1307650 2370.9
1307660 2364.4
1307670 2351.5
1307680 2351.5
1307690 2342.7
1307700 2335.8
1307710 2335.8
1307720 2329.1
1307730 2323.4
1307740 2323.4
1307750 2317.1
1307760 2315.9
1307770 2315.9
1307780 2312.6
1307790 2310.4
1307800 2309.2
1307810 2309.2
1307820 2302.0
1307830 2292.9
1307840 2292.9
1307850 2282.2
1307860 2272.7
1307870 2272.7
1307880 2263.4
1307890 2251.0
1307900 2251.0
1307910 2238.3
1307920 2227.4
1307930 2227.4
1307940 2216.6
1307950 2208.8
1307960 2208.8
1307970 2202.0
1307980 2195.8
1307990 2195.8
1308000 2189.6
1308010 2184.2
1308020 2184.2
1308030 2179.6
1308040 2175.7
1308050 2173.5
1308060 2173.5
1308070 2172.2
1308080 2170.1
1308090 2170.1
1308100 2166.8
1308110 2164.9
1308120 2164.9
1308130 2163.1
1308140 2160.9
1308150 2160.9
1308160 2159.1
1308170 2158.5
1308180 2158.5
1308190 2157.8
1308200 2158.3
1308210 2158.3
1308220 2158.9
1308230 2159.0
1308240 2159.0
1308250 2158.7
1308260 2159.7
1308270 2159.7
1308280 2161.4
1308290 2161.5
1308300 2161.5
1308310 2162.1
1308320 2163.1
1308330 2163.0
1308340 2163.0
1308350 2162.8
1308360 2161.5
1308370 2161.5
1308380 2159.8
1308390 2160.5
1308400 2160.5
1308410 2160.3
1308420 2162.7
1308430 2162.7
1308440 2166.4
1308450 2168.7
1308460 2168.7
1308470 2171.1
1308480 2169.1
1308490 2169.1
1308500 2171.5
1308510 2172.3
1308520 2172.3
1308530 2173.1
1308540 2170.5
1308550 2170.5
1308560 2167.3
1308570 2164.6
1308580 2162.0
1308590 2162.0
1308600 2160.0
1308610 2159.9
1308620 2159.9
1308630 2161.5
1308640 2161.6
1308650 2161.6
1308660 2161.2
1308670 2160.5
1308680 2160.5
1308690 2159.6
1308700 2159.0
1308710 2159.0
1308720 2159.4
1308730 2160.7
1308740 2160.7
1308750 2163.8
1308760 2166.9
1308770 2166.9
1308780 2170.5
1308790 2174.8
1308800 2174.8
1308810 2173.4
1308820 2168.3
1308830 2168.3
1308840 2163.3
1308850 2159.0
1308860 2155.2
1308870 2155.2
1308880 2151.3
1308890 2146.7
1308900 2146.7
1308910 2142.2
1308920 2138.6
1308930 2138.6
1308940 2132.2
1308950 2123.2
1308960 2123.2
1308970 2115.2
1308980 2106.6
1308990 2106.6
1309000 2098.6
1309010 2091.8
1309020 2091.8
1309030 2084.1
1309040 2077.2
1309050 2077.2
1309060 2070.6
1309070 2062.6
1309080 2062.6
1309090 2055.4
1309100 2048.5
1309110 2042.1
1309120 2042.1
1309130 2035.4
1309140 2028.6
1309150 2028.6
1309160 2022.2
1309170 2015.3
1309180 2015.3
1309190 2007.5
1309200 2000.1
1309210 1999.7
1309220 1991.7
1309230 1982.9
1309240 1982.9
1309250 1974.9
1309260 1967.1
1309270 1967.1
1309280 1959.5
1309290 1952.8
1309300 1952.8
1309310 1947.4
1309320 1943.5
1309330 1943.5
1309340 1939.6
1309350 1935.5
1309360 1932.6
1309370 1932.6
1309380 1928.2
1309390 1921.4
1309400 1921.4
1309410 1914.5
1309420 1909.0
1309430 1909.0
1309440 1904.7
1309450 1901.2
1309460 1901.2
1309470 1898.9
1309480 1896.6
1309490 1896.6
1309500 1894.7
1309510 1895.0
1309520 1895.0
1309530 1896.8
1309540 1896.8
1309550 1896.8
1309560 1891.5
1309570 1886.7
1309580 1886.7
1309590 1883.8
1309600 1880.1
1309610 1880.1
1309620 1877.4
1309630 1876.8
1309640 1875.2
1309650 1875.2
1309660 1871.9
1309670 1869.3
1309680 1869.3
1309690 1866.8
1309700 1863.2
1309710 1863.2
1309720 1858.7
1309730 1854.2
1309740 1854.2
1309750 1850.2
1309760 1846.1
1309770 1846.1
1309780 1842.1
1309790 1838.2
1309800 1838.2
1309810 1835.0
1309820 1831.4
1309830 1831.4
1309840 1825.8
1309850 1819.8
1309860 1819.8
1309870 1813.1
1309880 1805.9
1309890 1798.8
1309900 1798.8
1309910 1791.6
1309920 1783.9
1309930 1783.9
1309940 1771.7
1309950 1764.6
1309960 1764.6
1309970 1756.1
1309980 1746.2
1309990 1746.2
1310000 1737.7
1310010 1729.5
1310020 1729.5
1310030 1720.4
1310040 1711.8
1310050 1711.8
1310060 1704.9
1310070 1699.8
1310080 1699.8
1310090 1695.7
1310100 1690.2
1310110 1690.2
1310120 1687.4
1310130 1685.5
1310140 1685.5
1310150 1682.0
1310160 1679.5
1310170 1677.6
1310180 1677.6
1310190 1675.2
1310200 1673.3
1310210 1673.3
1310220 1669.6
1310230 1664.6
1310240 1664.6
1310250 1658.0
1310260 1652.6
1310270 1652.6
1310280 1648.6
1310290 1644.7
1310300 1644.7
1310310 1640.5
1310320 1636.6
1310330 1636.6
1310340 1633.0
1310350 1629.4
1310360 1629.4
1310370 1625.5
1310380 1621.3
1310390 1621.3
1310400 1617.1
1310410 1613.3
1310420 1609.3
1310430 1609.3
1310440 1604.8
1310450 1600.2
1310460 1600.2
1310470 1595.9
1310480 1591.7
1310490 1591.7
1310500 1587.7
1310510 1583.8
1310520 1583.8
1310530 1579.5
1310540 1575.5
1310550 1575.5
1310560 1572.1
1310570 1569.4
1310580 1569.4
1310590 1566.5
1310600 1563.6
1310610 1563.6
1310620 1560.0
1310630 1555.1
1310640 1555.1
1310650 1550.2
1310660 1545.1
1310670 1537.0
1310680 1537.0
1310690 1530.9
1310700 1523.9
1310710 1523.9
1310720 1516.9
1310730 1509.9
1310740 1509.9
1310750 1503.7
1310760 1497.1
1310770 1497.1
1310780 1489.7
1310790 1482.0
1310800 1482.0
1310810 1475.0
1310820 1468.2
1310830 1468.2
1310840 1463.0
1310850 1460.7
1310860 1460.7
1310870 1459.2
1310880 1458.8
1310890 1458.8
1310900 1457.9
1310910 1457.9
1310920 1457.9
1310930 1459.4
1310940 1461.0
1310950 1466.1
1310960 1466.1
1310970 1473.2
1310980 1478.8
1310990 1478.8
1311000 1481.5
1311010 1482.6
1311020 1482.6
1311030 1486.6
1311040 1493.1
1311050 1493.1
1311060 1498.7
1311070 1501.3
1311080 1501.3
1311090 1502.7
1311100 1505.5
1311110 1505.5
1311120 1508.7
1311130 1513.8
1311140 1513.8
1311150 1517.4
1311160 1521.5
1311170 1521.5
1311180 1524.8
1311190 1526.3
1311200 1527.7
1311210 1527.7
1311220 1529.4
1311230 1531.5
1311240 1531.5
1311250 1534.1
1311260 1537.5
1311270 1537.5
1311280 1541.3
1311290 1544.7
1311300 1544.7
1311310 1547.3
1311320 1550.0
1311330 1550.0
1311340 1552.5
1311350 1555.1
1311360 1555.1
1311370 1558.7
1311380 1563.3
1311390 1563.3
1311400 1568.9
1311410 1572.1
1311420 1572.1
1311430 1574.6
1311440 1577.9
1311450 1577.9
1311460 1580.7
1311470 1583.7
1311480 1587.9
1311490 1587.9
1311500 1591.2
1311510 1594.8
1311520 1594.8
1311530 1599.2
1311540 1605.8
1311550 1605.8
1311560 1612.0
1311570 1615.2
1311580 1615.2
1311590 1617.8
1311600 1621.0
1311610 1621.0
1311620 1624.9
1311630 1628.4
1311640 1628.4
1311650 1631.9
1311660 1636.5
1311670 1636.5
1311680 1640.2
1311690 1643.2
1311700 1643.2
1311710 1646.0
1311720 1649.2
1311730 1653.6
1311740 1653.6
1311750 1656.6
1311760 1661.0
1311770 1661.0
1311780 1667.1
1311790 1673.2
1311800 1673.2
1311810 1679.2
1311820 1683.9
1311830 1683.9
1311840 1687.3
1311850 1689.9
1311860 1689.9
1311870 1692.5
1311880 1695.5
1311890 1695.5
1311900 1697.6
1311910 1699.4
1311920 1699.4
1311930 1702.9
1311940 1706.5
1311950 1706.5
1311960 1711.8
1311970 1716.5
1311980 1721.0
1311990 1721.0
1312000 1724.6
1312010 1728.7
1312020 1728.7
1312030 1732.8
1312040 1735.6
1312050 1735.6
1312060 1738.6
1312070 1741.1
1312080 1741.1
1312090 1743.4
1312100 1744.2
1312110 1744.2
1312120 1745.9
1312130 1748.6
1312140 1750.5
1312150 1753.2
1312160 1756.2
1312170 1756.2
1312180 1758.6
1312190 1760.4
1312200 1760.4
1312210 1763.5
1312220 1766.7
1312230 1766.7
1312240 1770.2
1312250 1774.6
1312260 1780.4
1312270 1780.4
1312280 1784.8
1312290 1788.8
1312300 1788.8
1312310 1792.3
1312320 1795.7
1312330 1795.7
1312340 1799.8
1312350 1803.5
1312360 1803.5
1312370 1806.9
1312380 1810.0
1312390 1810.0
1312400 1812.9
1312410 1816.5
1312420 1816.5
1312430 1819.5
1312440 1822.0
1312450 1822.0
1312460 1825.0
1312470 1828.0
1312480 1828.0
1312490 1830.6
1312500 1834.0
1312510 1838.6
1312520 1838.6
1312530 1843.7
1312540 1849.0
1312550 1849.0
1312560 1852.3
1312570 1854.6
1312580 1854.6
1312590 1856.8
1312600 1859.8
1312610 1859.8
1312620 1864.9
1312630 1869.7
1312640 1869.7
1312650 1874.3
1312660 1877.2
1312670 1877.2
1312680 1878.8
1312690 1884.7
1312700 1884.7
1312710 1888.8
1312720 1893.0
1312730 1893.0
1312740 1897.4
1312750 1901.3
1312760 1901.3
1312770 1906.0
1312780 1909.2
1312790 1911.2
1312800 1911.2
1312810 1913.0
1312820 1914.6
1312830 1914.6
1312840 1916.2
1312850 1918.7
1312860 1918.7
1312870 1921.4
1312880 1922.1
1312890 1922.1
1312900 1924.9
1312910 1928.4
1312920 1928.4
1312930 1931.3
1312940 1934.4
1312950 1934.4
1312960 1937.7
1312970 1941.1
1312980 1941.1
1312990 1944.5
1313000 1947.8
1313010 1947.8
1313020 1951.1
1313030 1955.1
1313040 1958.7
1313050 1958.7
1313060 1962.8
1313070 1966.8
1313080 1966.8
1313090 1970.6
1313100 1974.6
1313110 1974.6
1313120 1978.3
1313130 1982.3
1313140 1982.3
1313150 1987.8
1313160 1992.3
1313170 1992.3
1313180 1996.8
1313190 2000.3
1313200 2000.3
1313210 2004.4
1313220 2007.9
1313230 2007.9
1313240 2011.1
1313250 2014.1
1313260 2014.1
1313270 2017.2
1313280 2020.5
1313290 2023.0
1313300 2023.0
1313310 2025.5
1313320 2028.9
1313330 2028.9
1313340 2033.0
1313350 2037.1
1313360 2037.1
1313370 2041.5
1313380 2046.7
1313390 2046.7
1313400 2051.4
1313410 2054.7
1313420 2054.7
1313430 2059.5
1313440 2063.8
1313450 2063.8
1313460 2067.9
1313470 2073.7
1313480 2073.7
1313490 2079.9
1313500 2086.6
1313510 2086.6
1313520 2090.3
1313530 2095.8
1313540 2095.8
1313550 2101.4
1313560 2107.8
1313570 2113.0
1313580 2113.0
1313590 2118.8
1313600 2124.3
1313610 2124.3
1313620 2128.8
1313630 2132.2
1313640 2132.2
1313650 2138.5
1313660 2145.4
1313670 2145.4
1313680 2151.2
1313690 2155.7
1313700 2155.7
1313710 2160.1
1313720 2166.5
1313730 2166.5
1313740 2174.8
1313750 2181.6
1313760 2181.6
1313770 2189.1
1313780 2196.9
1313790 2196.9
1313800 2204.8
1313810 2207.7
1313820 2210.8
1313830 2210.8
1313840 2217.0
1313850 2223.8
1313860 2223.8
1313870 2231.3
1313880 2238.5
1313890 2238.5
1313900 2244.3
1313910 2249.4
1313920 2249.4
1313930 2252.2
1313940 2251.5
1313950 2251.5
1313960 2254.3
1313970 2259.5
1313980 2259.5
1313990 2262.7
1314000 2264.0
1314010 2264.0
1314020 2265.0
1314030 2260.0
1314040 2260.0
1314050 2252.5
1314060 2252.7
1314070 2255.9
1314080 2255.9
1314090 2255.1
1314100 2250.3
1314110 2250.3
1314120 2244.6
1314130 2237.3
1314140 2237.3
1314150 2229.4
1314160 2221.3
1314170 2221.3
1314180 2213.1
1314190 2205.1
1314200 2205.1
1314210 2197.4
1314220 2189.3
1314230 2189.3
1314240 2180.6
1314250 2172.2
1314260 2172.2
1314270 2164.1
1314280 2155.7
1314290 2155.7
1314300 2147.5
1314310 2139.8
1314320 2139.8
1314330 2132.5
1314340 2127.4
1314350 2124.3
1314360 2124.3
1314370 2121.5
1314380 2117.5
1314390 2117.5
1314400 2116.2
1314410 2113.6
1314420 2113.6
1314430 2110.4
1314440 2106.8
1314450 2106.8
1314460 2101.1
1314470 2099.3
1314480 2099.3
1314490 2096.9
1314500 2094.4
1314510 2094.4
1314520 2092.4
1314530 2089.3
1314540 2089.3
1314550 2083.1
1314560 2077.0
1314570 2077.0
1314580 2070.8
1314590 2063.8
1314600 2058.9
1314610 2058.9
1314620 2056.7
1314630 2056.3
1314640 2056.3
1314650 2055.1
1314660 2051.8
1314670 2051.8
1314680 2048.9
1314690 2046.9
1314700 2046.9
1314710 2043.9
1314720 2041.3
1314730 2041.3
1314740 2037.9
1314750 2033.1
1314760 2033.1
1314770 2028.3
1314780 2024.4
1314790 2024.4
1314800 2019.1
1314810 2013.6
1314820 2013.6
1314830 2009.6
1314840 2007.4
1314850 2007.4
1314860 2000.8
1314870 1989.6
1314880 1980.9
1314890 1980.9
1314900 1973.9
1314910 1968.5
1314920 1968.5
1314930 1965.1
1314940 1963.6
1314950 1963.6
1314960 1961.4
1314970 1958.8
1314980 1958.8
1314990 1955.7
1315000 1952.1
1315010 1952.1
1315020 1947.0
1315030 1941.4
1315040 1941.4
1315050 1935.9
1315060 1931.1
1315070 1931.1
1315080 1925.3
1315090 1920.2
1315100 1920.2
1315110 1914.9
1315120 1912.7
1315130 1907.6
1315140 1907.6
1315150 1903.9
1315160 1900.8
1315170 1900.8
1315180 1898.9
1315190 1896.5
1315200 1896.5
1315210 1894.1
1315220 1890.5
1315230 1890.5
1315240 1886.7
1315250 1882.4
1315260 1882.4
1315270 1877.8
1315280 1873.1
1315290 1873.1
1315300 1869.8
1315310 1867.3
1315320 1867.3
1315330 1864.7
1315340 1862.6
1315350 1862.6
1315360 1862.4
1315370 1861.4
1315380 1856.7
1315390 1856.7
1315400 1850.1
1315410 1843.2
1315420 1843.2
1315430 1836.3
1315440 1828.3
1315450 1828.3
1315460 1820.8
1315470 1813.6
1315480 1813.6
1315490 1806.6
1315500 1799.2
1315510 1799.2
1315520 1791.7
1315530 1790.2
1315540 1790.2
1315550 1791.8
1315560 1796.4
1315570 1796.4
1315580 1800.0
1315590 1802.9
1315600 1802.9
1315610 1806.6
1315620 1810.6
1315630 1810.6
1315640 1814.4
1315650 1818.4
1315660 1822.3
1315670 1822.3
1315680 1826.4
1315690 1830.4
1315700 1830.4
1315710 1833.4
1315720 1835.9
1315730 1835.9
1315740 1837.3
1315750 1838.2
1315760 1838.2
1315770 1840.1
1315780 1842.8
1315790 1842.8
1315800 1845.8
1315810 1848.0
1315820 1848.0
1315830 1850.2
1315840 1850.5
1315850 1850.5
1315860 1851.9
1315870 1856.7
1315880 1856.7
1315890 1858.4
1315900 1859.8
1315910 1861.4
1315920 1861.4
1315930 1863.2
1315940 1866.3
1315950 1866.3
1315960 1869.2
1315970 1872.1
1315980 1872.1
1315990 1875.2
1316000 1877.9
1316010 1877.9
1316020 1879.5
1316030 1881.5
1316040 1881.5
1316050 1884.9
1316060 1889.3
1316070 1889.3
1316080 1894.8
1316090 1899.0
1316100 1899.0
1316110 1903.9
1316120 1910.9
1316130 1910.9
1316140 1919.2
1316150 1927.9
1316160 1927.9
1316170 1939.8
1316180 1950.2
1316190 1957.3
1316200 1957.3
1316210 1961.8
1316220 1966.0
1316230 1966.0
1316240 1972.3
1316250 1981.4
1316260 1981.4
1316270 1992.1
1316280 2001.2
1316290 2001.2
1316300 2007.5
1316310 2015.0
1316320 2015.0
1316330 2023.8
1316340 2030.4
1316350 2030.4
1316360 2035.8
1316370 2041.5
1316380 2041.5
1316390 2046.8
1316400 2049.9
1316410 2049.9
1316420 2050.9
1316430 2051.4
1316440 2052.6
1316450 2052.6
1316460 2053.8
1316470 2054.3
1316480 2054.3
1316490 2053.4
1316500 2052.7
1316510 2052.7
1316520 2051.4
1316530 2048.4
1316540 2048.4
1316550 2045.2
1316560 2043.1
1316570 2043.1
1316580 2041.8
1316590 2043.4
1316600 2043.4
1316610 2043.8
1316620 2043.8
1316630 2046.4
1316640 2047.1
1316650 2048.3
1316660 2048.3
1316670 2049.6
1316680 2050.8
1316690 2051.0
1316700 2051.0
1316710 2050.2
1316720 2050.6
1316730 2050.6
1316740 2050.1
1316750 2049.3
1316760 2049.3
1316770 2050.2
1316780 2051.3
1316790 2051.3
1316800 2051.6
1316810 2052.0
1316820 2052.0
1316830 2051.7
1316840 2050.8
1316850 2050.8
1316860 2050.4
1316870 2052.1
1316880 2052.1
1316890 2053.6
1316900 2054.7
1316910 2054.7
1316920 2055.6
1316930 2055.2
1316940 2055.2
1316950 2047.6
1316960 2038.4
1316970 2031.2
1316980 2031.2
1316990 2025.8
1317000 2021.1
1317010 2021.1
1317020 2015.2
1317030 2006.7
1317040 2006.7
1317050 2000.9
1317060 1991.3
1317070 1991.3
1317080 1981.9
1317090 1977.3
1317100 1977.3
1317110 1976.8
1317120 1976.9
1317130 1976.9
1317140 1975.5
1317150 1973.8
1317160 1973.8
1317170 1973.6
1317180 1974.7
1317190 1974.7
1317200 1972.7
1317210 1966.3
1317220 1963.2
1317230 1963.2
1317240 1959.7
1317250 1956.3
1317260 1956.3
1317270 1953.2
1317280 1950.2
1317290 1950.2
1317300 1946.9
1317310 1943.5
1317320 1943.5
1317330 1939.8
1317340 1936.0
1317350 1936.0
1317360 1932.4
1317370 1928.3
1317380 1928.3
1317390 1924.5
1317400 1920.2
1317410 1920.2
1317420 1916.6
1317430 1913.3
1317440 1913.3
1317450 1910.2
1317460 1907.0
1317470 1907.0
1317480 1904.2
1317490 1901.8
1317500 1900.3
1317510 1900.3
1317520 1899.5
1317530 1898.8
1317540 1898.8
1317550 1899.0
1317560 1898.7
1317570 1898.7
1317580 1897.1
1317590 1895.7
1317600 1895.7
1317610 1890.5
1317620 1882.7
1317630 1882.7
1317640 1875.3
1317650 1869.1
1317660 1869.1
1317670 1863.6
1317680 1859.5
1317690 1859.5
1317700 1856.3
1317710 1854.2
1317720 1854.2
1317730 1853.4
1317740 1853.8
1317750 1854.4
1317760 1854.4
1317770 1854.7
1317780 1854.8
1317790 1854.8
1317800 1854.2
1317810 1852.8
1317820 1852.8
1317830 1850.9
1317840 1848.8
1317850 1848.8
1317860 1846.7
1317870 1844.8
1317880 1844.8
1317890 1843.0
1317900 1841.4
1317910 1841.4
1317920 1839.2
1317930 1837.6
1317940 1837.6
1317950 1835.6
1317960 1833.5
1317970 1833.5
1317980 1831.4
1317990 1829.1
1318000 1826.6
1318010 1826.6
1318020 1825.6
1318030 1823.9
1318040 1823.9
1318050 1822.3
1318060 1820.7
1318070 1820.7
1318080 1817.5
1318090 1815.7
1318100 1815.7
1318110 1814.5
1318120 1812.7
1318130 1812.7
1318140 1811.5
1318150 1811.0
1318160 1811.0
1318170 1809.0
1318180 1807.6
1318190 1807.6
1318200 1806.7
1318210 1806.4
1318220 1806.4
1318230 1805.6
1318240 1804.3
1318250 1804.3
1318260 1805.2
1318270 1802.6
1318280 1797.3
1318290 1797.3
1318300 1795.1
1318310 1793.7
1318320 1793.7
1318330 1792.7
1318340 1791.5
1318350 1791.5
1318360 1788.3
1318370 1786.5
1318380 1786.5
1318390 1785.4
1318400 1783.9
1318410 1783.9
1318420 1780.8
1318430 1776.2
1318440 1776.2
1318450 1774.0
1318460 1773.0
1318470 1773.0
1318480 1770.8
1318490 1768.8
1318500 1768.8
1318510 1766.2
1318520 1764.3
1318530 1762.8
1318540 1762.8
1318550 1761.3
1318560 1760.0
1318570 1760.0
1318580 1759.4
1318590 1758.3
1318600 1758.3
1318610 1755.8
1318620 1750.2
1318630 1750.2
1318640 1744.2
1318650 1741.7
1318660 1741.7
1318670 1739.5
1318680 1738.0
1318690 1738.0
1318700 1737.4
1318710 1736.9
1318720 1736.9
1318730 1736.3
1318740 1735.6
1318750 1735.6
1318760 1735.1
1318770 1733.8
1318780 1729.9
1318790 1729.9
1318800 1729.1
1318810 1728.4
1318820 1728.4
1318830 1723.5
1318840 1718.2
1318850 1718.2
1318860 1717.3
1318870 1716.5
1318880 1716.5
1318890 1713.0
1318900 1710.1
1318910 1710.1
1318920 1711.3
1318930 1709.2
1318940 1709.2
1318950 1706.2
1318960 1702.0
1318970 1702.0
1318980 1697.2
1318990 1693.7
1319000 1693.7
1319010 1690.4
1319020 1687.8
1319030 1687.8
1319040 1685.1
1319050 1680.2
1319060 1675.4
1319070 1675.4
1319080 1671.6
1319090 1667.5
1319100 1667.5
1319110 1665.4
1319120 1665.6
1319130 1665.6
1319140 1664.1
1319150 1662.4
1319160 1662.4
1319170 1658.5
1319180 1652.3
1319190 1652.3
1319200 1646.7
1319210 1641.7
1319220 1641.7
1319230 1636.8
1319240 1630.8
1319250 1630.8
1319260 1627.0
1319270 1624.2
1319280 1624.2
1319290 1620.0
1319300 1617.4
1319310 1615.6
1319320 1615.6
1319330 1613.3
1319340 1609.3
1319350 1609.3
1319360 1605.6
1319370 1602.6
1319380 1602.6
1319390 1599.0
1319400 1594.4
1319410 1594.4
1319420 1591.3
1319430 1589.0
1319440 1589.0
1319450 1586.4
1319460 1582.9
1319470 1582.9
1319480 1579.6
1319490 1576.8
1319500 1576.8
1319510 1574.4
1319520 1571.6
1319530 1571.6
1319540 1567.2
1319550 1563.0
1319560 1563.0
1319570 1559.7
1319580 1556.2
1319590 1552.2
1319600 1552.2
1319610 1548.8
1319620 1546.7
1319630 1546.7
1319640 1544.2
1319650 1542.3
1319660 1542.3
1319670 1539.6
1319680 1536.5
1319690 1541.5
1319700 1539.1
1319710 1536.6
1319720 1536.6
1319730 1533.8
1319740 1530.2
1319750 1530.2
1319760 1526.2
1319770 1523.1
1319780 1523.1
1319790 1521.1
1319800 1519.0
1319810 1519.0
1319820 1516.2
1319830 1513.4
1319840 1510.1
1319850 1510.1
1319860 1507.3
1319870 1503.8
1319880 1503.8
1319890 1497.9
1319900 1491.5
1319910 1491.5
1319920 1486.7
1319930 1484.3
1319940 1484.3
1319950 1483.1
1319960 1481.8
1319970 1481.8
1319980 1479.5
1319990 1477.6
