1300000 1042.5
1300010 1045.7
1300020 1049.0
1300030 1049.0
1300040 1052.1
1300050 1054.9
1300060 1057.7
1300070 1057.7
1300080 1060.3
1300090 1062.9
1300100 1062.9
1300110 1065.7
1300120 1068.9
1300130 1068.9
1300140 1072.3
1300150 1075.6
1300160 1075.6
1300170 1078.8
1300180 1083.1
1300190 1083.1
1300200 1088.1
1300210 1092.7
1300220 1092.7
1300230 1097.0
1300240 1101.4
1300250 1101.4
1300260 1107.3
1300270 1110.7
1300280 1110.7
1300290 1110.1
1300300 1109.9
1300310 1112.6
1300320 1112.6
1300330 1124.7
1300340 1132.7
1300350 1132.7
1300360 1137.9
1300370 1142.9
1300380 1142.9
1300390 1147.6
1300400 1152.8
1300410 1152.8
1300420 1158.1
1300430 1163.1
1300440 1163.1
1300450 1167.9
1300460 1172.8
1300470 1172.8
1300480 1176.7
1300490 1180.3
1300500 1180.3
1300510 1182.6
1300520 1186.1
1300530 1186.1
1300540 1191.3
1300550 1196.7
1300560 1202.6
1300570 1202.6
1300580 1208.4
1300590 1213.1
1300600 1213.1
1300610 1217.6
1300620 1221.9
1300630 1221.9
1300640 1226.7
1300650 1229.6
1300660 1229.6
1300670 1233.9
1300680 1239.7
1300690 1239.7
1300700 1246.3
1300710 1251.9
1300720 1251.9
1300730 1256.7
1300740 1260.8
1300750 1260.8
1300760 1265.8
1300770 1271.4
1300780 1271.4
1300790 1277.3
1300800 1282.8
1300810 1282.8
1300820 1288.1
1300830 1293.8
1300840 1298.8
1300850 1298.8
1300860 1303.5
1300870 1307.6
1300880 1307.6
1300890 1312.2
1300900 1317.5
1300910 1317.5
1300920 1321.8
1300930 1326.5
1300940 1326.5
1300950 1330.8
1300960 1334.8
1300970 1334.8
1300980 1339.0
1300990 1343.6
1301000 1343.6
1301010 1348.6
1301020 1352.9
1301030 1352.9
1301040 1356.7
1301050 1360.2
1301060 1360.2
1301070 1363.4
1301080 1366.9
1301090 1370.7
1301100 1370.7
1301110 1374.5
1301120 1378.7
1301130 1378.7
1301140 1383.2
1301150 1387.8
1301160 1387.8
1301170 1392.1
1301180 1395.9
1301190 1395.9
1301200 1399.0
1301210 1401.7
1301220 1401.7
1301230 1404.3
1301240 1406.5
1301250 1406.5
1301260 1409.0
1301270 1411.8
1301280 1411.8
1301290 1413.4
1301300 1414.4
1301310 1414.4
1301320 1416.5
1301330 1418.6
1301340 1416.3
1301350 1418.4
1301360 1420.8
1301370 1423.4
1301380 1423.4
1301390 1426.2
1301400 1429.1
1301410 1429.1
1301420 1431.7
1301430 1434.6
1301440 1434.6
1301450 1437.2
1301460 1439.9
1301470 1439.9
1301480 1442.8
1301490 1445.5
1301500 1445.5
1301510 1447.6
1301520 1448.9
1301530 1448.9
1301540 1449.5
1301550 1450.7
1301560 1450.7
1301570 1452.8
1301580 1455.2
1301590 1455.2
1301600 1457.5
1301610 1460.0
1301620 1462.8
1301630 1462.8
1301640 1465.7
1301650 1468.5
1301660 1468.5
1301670 1471.1
1301680 1473.0
1301690 1473.0
1301700 1474.9
1301710 1476.8
1301720 1476.8
1301730 1479.3
1301740 1482.0
1301750 1482.0
1301760 1484.3
1301770 1486.3
1301780 1486.3
1301790 1488.3
1301800 1489.8
1301810 1489.8
1301820 1492.0
1301830 1494.3
1301840 1494.3
1301850 1496.6
1301860 1498.5
1301870 1500.6
1301880 1500.6
1301890 1503.7
1301900 1505.8
1301910 1505.8
1301920 1508.1
1301930 1511.2
1301940 1511.2
1301950 1513.5
1301960 1515.1
1301970 1515.1
1301980 1517.0
1301990 1519.7
1302000 1519.7
1302010 1522.3
1302020 1522.6
1302030 1514.6
1302040 1514.4
1302050 1515.0
1302060 1515.0
1302070 1517.4
1302080 1520.7
1302090 1520.7
1302100 1523.7
1302110 1525.7
1302120 1525.7
1302130 1527.3
1302140 1529.3
1302150 1531.7
1302160 1531.7
1302170 1534.3
1302180 1536.1
1302190 1536.1
1302200 1538.2
1302210 1540.7
1302220 1540.7
1302230 1542.7
1302240 1543.4
1302250 1543.4
1302260 1543.9
1302270 1544.8
1302280 1544.8
1302290 1545.7
1302300 1547.6
1302310 1547.6
1302320 1550.6
1302330 1553.2
1302340 1553.2
1302350 1555.5
1302360 1557.1
1302370 1557.1
1302380 1557.8
1302390 1557.9
1302400 1558.9
1302410 1558.9
1302420 1561.0
1302430 1563.7
1302440 1563.7
1302450 1566.1
1302460 1569.4
1302470 1569.4
1302480 1573.7
1302490 1576.7
1302500 1576.7
1302510 1579.6
1302520 1583.0
1302530 1583.0
1302540 1586.7
1302550 1592.6
1302560 1592.6
1302570 1597.4
1302580 1601.8
1302590 1601.8
1302600 1604.2
1302610 1607.4
1302620 1607.4
1302630 1611.8
1302640 1617.0
1302650 1617.0
1302660 1621.0
1302670 1623.6
1302680 1625.4
1302690 1625.4
1302700 1625.9
1302710 1626.8
1302720 1626.8
1302730 1625.4
1302740 1627.3
1302750 1627.3
1302760 1630.0
1302770 1633.5
1302780 1633.5
1302790 1637.7
1302800 1642.1
1302810 1642.1
1302820 1646.3
1302830 1650.8
1302840 1650.8
1302850 1654.5
1302860 1656.9
1302870 1656.9
1302880 1659.0
1302890 1662.2
1302900 1662.2
1302910 1665.7
1302920 1669.0
1302930 1671.8
1302940 1671.8
1302950 1674.5
1302960 1677.7
1302970 1677.7
1302980 1681.2
1302990 1684.7
1303000 1684.7
1303010 1688.1
1303020 1691.3
1303030 1691.3
1303040 1694.0
1303050 1696.1
1303060 1696.1
1303070 1698.2
1303080 1700.7
1303090 1700.7
1303100 1702.5
1303110 1703.9
1303120 1703.9
1303130 1705.1
1303140 1705.9
1303150 1705.9
1303160 1706.1
1303170 1706.0
1303180 1706.4
1303190 1706.4
1303200 1707.7
1303210 1710.2
1303220 1710.2
1303230 1712.9
1303240 1716.1
1303250 1716.1
1303260 1720.0
1303270 1723.7
1303280 1723.7
1303290 1727.3
1303300 1730.4
1303310 1730.4
1303320 1732.8
1303330 1734.5
1303340 1734.5
1303350 1736.0
1303360 1737.5
1303370 1737.5
1303380 1739.2
1303390 1740.2
1303400 1740.2
1303410 1741.3
1303420 1742.6
1303430 1740.6
1303440 1741.4
1303450 1742.0
1303460 1743.0
1303470 1743.0
1303480 1743.5
1303490 1743.7
1303500 1743.7
1303510 1744.3
1303520 1745.3
1303530 1745.3
1303540 1746.4
1303550 1746.0
1303560 1746.0
1303570 1746.9
1303580 1749.0
1303590 1749.0
1303600 1751.0
1303610 1752.2
1303620 1752.2
1303630 1753.9
1303640 1756.1
1303650 1756.1
1303660 1758.3
1303670 1760.5
1303680 1760.5
1303690 1763.4
1303700 1766.3
1303710 1768.4
1303720 1768.4
1303730 1770.8
1303740 1773.8
1303750 1773.8
1303760 1777.2
1303770 1779.8
1303780 1779.8
1303790 1782.2
1303800 1785.5
1303810 1785.5
1303820 1788.5
1303830 1792.4
1303840 1792.4
1303850 1796.7
1303860 1801.3
1303870 1801.3
1303880 1806.9
1303890 1812.8
1303900 1812.8
1303910 1818.5
1303920 1822.1
1303930 1822.1
1303940 1823.9
1303950 1824.4
1303960 1824.4
1303970 1824.2
1303980 1824.1
1303990 1823.7
1304000 1823.7
1304010 1823.3
1304020 1825.0
1304030 1825.0
1304040 1827.5
1304050 1830.0
1304060 1830.0
1304070 1832.6
1304080 1835.1
1304090 1835.1
1304100 1837.6
1304110 1840.5
1304120 1840.5
1304130 1838.7
1304140 1840.5
1304150 1840.5
1304160 1842.3
1304170 1843.2
1304180 1843.2
1304190 1844.8
1304200 1847.8
1304210 1847.8
1304220 1851.0
1304230 1854.0
1304240 1856.0
1304250 1856.0
1304260 1858.0
1304270 1859.6
1304280 1859.6
1304290 1861.8
1304300 1863.6
1304310 1863.6
1304320 1865.4
1304330 1867.8
1304340 1867.8
1304350 1870.9
1304360 1873.9
1304370 1873.9
1304380 1876.3
1304390 1878.3
1304400 1878.3
1304410 1880.3
1304420 1881.6
1304430 1881.6
1304440 1883.0
1304450 1884.7
1304460 1884.7
1304470 1886.5
1304480 1888.4
1304490 1889.8
1304500 1889.8
1304510 1891.0
1304520 1893.2
1304530 1893.2
1304540 1896.1
1304550 1898.6
1304560 1898.6
1304570 1901.2
1304580 1904.9
1304590 1904.9
1304600 1909.3
1304610 1913.7
1304620 1913.7
1304630 1916.6
1304640 1919.8
1304650 1919.8
1304660 1922.6
1304670 1924.2
1304680 1924.2
1304690 1926.6
1304700 1930.5
1304710 1930.5
1304720 1936.5
1304730 1940.5
1304740 1940.5
1304750 1943.7
1304760 1947.5
1304770 1950.8
1304780 1950.8
1304790 1952.9
1304800 1955.3
1304810 1955.3
1304820 1956.5
1304830 1960.2
1304840 1955.0
1304850 1959.8
1304860 1962.9
1304870 1962.9
1304880 1965.8
1304890 1967.9
1304900 1967.9
1304910 1970.2
1304920 1973.2
1304930 1973.2
1304940 1976.2
1304950 1979.1
1304960 1979.1
1304970 1982.0
1304980 1985.0
1304990 1985.0
1305000 1988.0
1305010 1991.6
1305020 1996.0
1305030 1996.0
1305040 2000.5
1305050 2002.1
1305060 2002.1
1305070 2002.9
1305080 2007.8
1305090 2007.8
1305100 2012.5
1305110 2013.1
1305120 2013.1
1305130 2011.6
1305140 2010.5
1305150 2010.5
1305160 2010.4
1305170 2011.7
1305180 2011.7
1305190 2013.5
1305200 2017.5
1305210 2017.5
1305220 2022.4
1305230 2027.2
1305240 2027.2
1305250 2031.0
1305260 2034.2
1305270 2036.3
1305280 2036.3
1305290 2037.5
1305300 2039.8
1305310 2039.8
1305320 2043.8
1305330 2048.6
1305340 2048.6
1305350 2053.9
1305360 2059.9
1305370 2059.9
1305380 2064.4
1305390 2068.8
1305400 2068.8
1305410 2073.5
1305420 2078.3
1305430 2078.3
1305440 2082.9
1305450 2086.5
1305460 2086.5
1305470 2090.0
1305480 2094.0
1305490 2094.0
1305500 2097.4
1305510 2099.7
1305520 2099.7
1305530 2102.5
1305540 2105.1
1305550 2101.0
1305560 2101.0
1305570 2104.1
1305580 2109.1
1305590 2109.1
1305600 2114.7
1305610 2121.8
1305620 2121.8
1305630 2127.5
1305640 2129.5
1305650 2129.5
1305660 2132.7
1305670 2135.8
1305680 2135.8
1305690 2139.5
1305700 2144.9
1305710 2144.9
1305720 2149.4
1305730 2153.3
1305740 2153.3
1305750 2156.8
1305760 2160.1
1305770 2160.1
1305780 2163.0
1305790 2166.7
1305800 2171.6
1305810 2171.6
1305820 2176.1
1305830 2178.9
1305840 2178.9
1305850 2182.2
1305860 2185.7
1305870 2185.7
1305880 2189.6
1305890 2191.9
1305900 2191.9
1305910 2192.5
1305920 2192.7
1305930 2192.7
1305940 2192.9
1305950 2190.2
1305960 2190.2
1305970 2189.5
1305980 2192.5
1305990 2192.5
1306000 2196.4
1306010 2201.2
1306020 2201.2
1306030 2205.7
1306040 2207.3
1306050 2207.3
1306060 2205.8
1306070 2202.3
1306080 2199.0
1306090 2199.0
1306100 2194.7
1306110 2187.3
1306120 2187.3
1306130 2183.3
1306140 2182.0
1306150 2182.0
1306160 2181.3
1306170 2179.9
1306180 2179.9
1306190 2182.2
1306200 2187.3
1306210 2187.3
1306220 2192.8
1306230 2198.0
1306240 2198.0
1306250 2203.2
1306260 2210.7
1306270 2210.7
1306280 2215.8
1306290 2222.2
1306300 2222.2
1306310 2229.9
1306320 2239.9
1306330 2252.2
1306340 2252.2
1306350 2259.3
1306360 2262.8
1306370 2262.8
1306380 2265.8
1306390 2268.0
1306400 2268.0
1306410 2269.4
1306420 2273.9
1306430 2273.9
1306440 2279.6
1306450 2284.2
1306460 2284.2
1306470 2288.2
1306480 2291.5
1306490 2291.5
1306500 2293.9
1306510 2295.8
1306520 2295.8
1306530 2298.3
1306540 2300.7
1306550 2300.7
1306560 2300.9
1306570 2297.6
1306580 2294.1
1306590 2294.1
1306600 2292.3
1306610 2289.5
1306620 2289.5
1306630 2288.4
1306640 2287.7
1306650 2287.7
1306660 2287.6
1306670 2290.8
1306680 2290.8
1306690 2296.2
1306700 2301.2
1306710 2301.2
1306720 2305.9
1306730 2310.4
1306740 2310.4
1306750 2315.3
1306760 2320.6
1306770 2320.6
1306780 2325.3
1306790 2328.3
1306800 2328.3
1306810 2329.5
1306820 2329.1
1306830 2329.1
1306840 2327.1
1306850 2322.8
1306860 2322.1
1306870 2322.1
1306880 2322.6
1306890 2325.9
1306900 2325.9
1306910 2329.0
1306920 2332.6
1306930 2332.6
1306940 2338.3
1306950 2344.0
1306960 2344.0
1306970 2348.4
1306980 2355.6
1306990 2355.6
1307000 2358.2
1307010 2360.7
1307020 2360.7
1307030 2363.1
1307040 2365.7
1307050 2365.7
1307060 2368.6
1307070 2372.0
1307080 2372.0
1307090 2376.6
1307100 2381.7
1307110 2386.1
1307120 2386.1
1307130 2390.2
1307140 2394.1
1307150 2394.1
1307160 2397.7
1307170 2401.6
1307180 2401.6
1307190 2405.7
1307200 2409.2
1307210 2409.2
1307220 2411.9
1307230 2414.1
1307240 2414.1
1307250 2415.5
1307260 2417.0
1307270 2417.0
1307280 2418.2
1307290 2417.6
1307300 2417.6
1307310 2416.5
1307320 2414.7
1307330 2414.7
1307340 2413.8
1307350 2414.1
1307360 2414.1
1307370 2414.1
1307380 2414.7
1307390 2415.0
1307400 2415.0
1307410 2414.7
1307420 2418.1
1307430 2418.1
1307440 2421.7
1307450 2422.5
1307460 2422.5
1307470 2422.2
1307480 2421.0
1307490 2421.0
1307500 2418.4
1307510 2417.1
1307520 2417.1
1307530 2415.8
1307540 2413.6
1307550 2413.6
1307560 2408.3
1307570 2399.8
1307580 2399.8
1307590 2391.6
1307600 2384.3
1307610 2384.3
1307620 2378.8
1307630 2373.2
1307640 2365.7
1307650 2365.7
1307660 2355.6
1307670 2343.4
1307680 2343.4
1307690 2323.6
1307700 2320.9
1307710 2320.9
1307720 2322.5
1307730 2317.6
1307740 2317.6
1307750 2307.8
1307760 2300.0
1307770 2300.0
1307780 2291.0
1307790 2278.6
1307800 2278.6
1307810 2266.0
1307820 2262.3
1307830 2262.3
1307840 2254.4
1307850 2245.1
1307860 2245.1
1307870 2233.7
1307880 2228.2
1307890 2223.7
1307900 2223.7
1307910 2212.1
1307920 2202.8
1307930 2202.8
1307940 2190.9
1307950 2175.0
1307960 2175.0
1307970 2162.7
1307980 2157.8
1307990 2157.8
1308000 2149.7
1308010 2145.0
1308020 2145.0
1308030 2141.2
1308040 2138.7
1308050 2138.7
1308060 2138.0
1308070 2137.5
1308080 2137.5
1308090 2138.2
1308100 2139.0
1308110 2139.0
1308120 2136.8
1308130 2136.2
1308140 2136.2
1308150 2133.6
1308160 2131.3
1308170 2129.4
1308180 2129.4
1308190 2130.3
1308200 2132.2
1308210 2132.2
1308220 2132.9
1308230 2134.2
1308240 2134.2
1308250 2136.1
1308260 2138.4
1308270 2138.4
1308280 2139.7
1308290 2139.7
1308300 2139.7
1308310 2138.1
1308320 2134.8
1308330 2134.8
1308340 2131.2
1308350 2129.3
1308360 2129.3
1308370 2128.4
1308380 2127.7
1308390 2127.7
1308400 2127.7
1308410 2128.9
1308420 2127.8
1308430 2127.8
1308440 2129.1
1308450 2128.3
1308460 2128.3
1308470 2129.5
1308480 2130.4
1308490 2130.4
1308500 2128.9
1308510 2125.3
1308520 2125.3
1308530 2125.1
1308540 2124.8
1308550 2124.8
1308560 2124.8
1308570 2124.1
1308580 2124.1
1308590 2124.5
1308600 2125.0
1308610 2125.0
1308620 2124.8
1308630 2124.8
1308640 2124.8
1308650 2125.6
1308660 2126.3
1308670 2126.3
1308680 2126.3
1308690 2125.5
1308700 2125.6
1308710 2125.6
1308720 2126.4
1308730 2126.9
1308740 2126.9
1308750 2128.2
1308760 2131.6
1308770 2131.6
1308780 2135.5
1308790 2139.6
1308800 2139.6
1308810 2143.2
1308820 2143.4
1308830 2143.4
1308840 2142.0
1308850 2137.4
1308860 2137.4
1308870 2132.2
1308880 2127.0
1308890 2127.0
1308900 2122.6
1308910 2118.6
1308920 2118.6
1308930 2113.1
1308940 2107.5
1308950 2101.3
1308960 2101.3
1308970 2095.2
1308980 2088.9
1308990 2088.9
1309000 2082.2
1309010 2076.2
1309020 2076.2
1309030 2069.2
1309040 2062.8
1309050 2062.8
1309060 2054.7
1309070 2046.5
1309080 2046.5
1309090 2038.6
1309100 2030.7
1309110 2030.7
1309120 2023.6
1309130 2016.3
1309140 2015.4
1309150 2006.8
1309160 1999.0
1309170 1999.0
1309180 1991.2
1309190 1984.2
1309200 1976.9
1309210 1976.9
1309220 1970.5
1309230 1964.7
1309240 1964.7
1309250 1958.9
1309260 1952.8
1309270 1952.8
1309280 1946.1
1309290 1939.5
1309300 1939.5
1309310 1933.7
1309320 1928.3
1309330 1928.3
1309340 1925.0
1309350 1921.4
1309360 1921.4
1309370 1917.8
1309380 1913.9
1309390 1913.9
1309400 1910.3
1309410 1906.6
1309420 1906.6
1309430 1901.8
1309440 1896.3
1309450 1896.3
1309460 1889.7
1309470 1881.7
1309480 1878.2
1309490 1878.2
1309500 1875.3
1309510 1872.2
1309520 1872.2
1309530 1869.0
1309540 1866.2
1309550 1866.2
1309560 1865.2
1309570 1866.7
1309580 1866.7
1309590 1868.5
1309600 1868.8
1309610 1868.8
1309620 1863.8
1309630 1856.1
1309640 1856.1
1309650 1848.7
1309660 1844.8
1309670 1844.8
1309680 1842.8
1309690 1839.7
1309700 1839.7
1309710 1834.4
1309720 1829.5
1309730 1825.4
1309740 1825.4
1309750 1823.3
1309760 1820.9
1309770 1820.9
1309780 1819.7
1309790 1817.3
1309800 1817.3
1309810 1813.7
1309820 1809.7
1309830 1809.7
1309840 1804.5
1309850 1798.9
1309860 1798.9
1309870 1787.7
1309880 1780.9
1309890 1780.9
1309900 1774.1
1309910 1767.2
1309920 1767.2
1309930 1759.7
1309940 1752.4
1309950 1752.4
1309960 1746.0
1309970 1739.4
1309980 1733.3
1309990 1733.3
1310000 1727.5
1310010 1720.5
1310020 1720.5
1310030 1713.3
1310040 1706.2
1310050 1706.2
1310060 1698.9
1310070 1692.1
1310080 1692.1
1310090 1684.9
1310100 1677.2
1310110 1677.2
1310120 1673.2
1310130 1669.8
1310140 1669.8
1310150 1667.8
1310160 1665.2
1310170 1665.2
1310180 1662.4
1310190 1659.0
1310200 1659.0
1310210 1655.0
1310220 1650.8
1310230 1650.8
1310240 1646.9
1310250 1642.0
1310260 1636.5
1310270 1636.5
1310280 1632.9
1310290 1629.9
1310300 1629.9
1310310 1626.1
1310320 1621.7
1310330 1621.7
1310340 1617.5
1310350 1613.3
1310360 1613.3
1310370 1608.6
1310380 1604.3
1310390 1604.3
1310400 1600.6
1310410 1596.6
1310420 1596.6
1310430 1592.9
1310440 1589.2
1310450 1589.2
1310460 1585.1
1310470 1581.3
1310480 1581.3
1310490 1577.6
1310500 1573.6
1310510 1569.9
1310520 1569.9
1310530 1566.2
1310540 1562.4
1310550 1562.4
1310560 1558.5
1310570 1554.4
1310580 1554.4
1310590 1549.7
1310600 1540.8
1310610 1540.8
1310620 1536.5
1310630 1532.5
1310640 1532.5
1310650 1528.3
1310660 1523.6
1310670 1523.6
1310680 1518.0
1310690 1511.5
1310700 1511.5
1310710 1504.9
1310720 1498.2
1310730 1498.2
1310740 1492.0
1310750 1486.4
1310760 1486.4
1310770 1481.0
1310780 1474.9
1310790 1470.7
1310800 1470.7
1310810 1466.9
1310820 1461.7
1310830 1461.7
1310840 1460.9
1310850 1460.7
1310860 1460.7
1310870 1460.1
1310880 1458.7
1310890 1458.7
1310900 1460.0
1310910 1461.4
1310920 1461.4
1310930 1463.9
1310940 1466.9
1310950 1466.9
1310960 1469.1
1310970 1471.3
1310980 1471.3
1310990 1475.5
1311000 1476.3
1311010 1476.3
1311020 1476.9
1311030 1479.8
1311040 1482.8
1311050 1482.8
1311060 1484.9
1311070 1488.6
1311080 1488.6
1311090 1495.4
1311100 1498.7
1311110 1498.7
1311120 1501.4
1311130 1504.4
1311140 1504.4
1311150 1507.2
1311160 1510.7
1311170 1510.7
1311180 1514.0
1311190 1516.5
1311200 1516.5
1311210 1518.1
1311220 1520.2
1311230 1520.2
1311240 1524.2
1311250 1529.5
1311260 1529.5
1311270 1534.4
1311280 1539.3
1311290 1544.2
1311300 1544.2
1311310 1549.0
1311320 1555.0
1311330 1556.3
1311340 1562.6
1311350 1567.5
1311360 1567.5
1311370 1571.6
1311380 1574.7
1311390 1574.7
1311400 1578.9
1311410 1582.6
1311420 1582.6
1311430 1587.1
1311440 1591.8
1311450 1591.8
1311460 1596.1
1311470 1599.9
1311480 1599.9
1311490 1603.3
1311500 1606.3
1311510 1606.3
1311520 1609.0
1311530 1611.9
1311540 1611.9
1311550 1615.1
1311560 1618.3
1311570 1621.5
1311580 1621.5
1311590 1624.9
1311600 1628.3
1311610 1628.3
1311620 1631.5
1311630 1634.8
1311640 1634.8
1311650 1638.1
1311660 1641.6
1311670 1641.6
1311680 1645.2
1311690 1649.1
1311700 1649.1
1311710 1653.8
1311720 1658.6
1311730 1658.6
1311740 1661.9
1311750 1665.0
1311760 1665.0
1311770 1667.9
1311780 1670.8
1311790 1670.8
1311800 1673.4
1311810 1676.1
1311820 1679.0
1311830 1679.0
1311840 1682.1
1311850 1684.6
1311860 1684.6
1311870 1689.8
1311880 1696.1
1311890 1696.1
1311900 1698.1
1311910 1702.1
1311920 1702.1
1311930 1709.8
1311940 1716.1
1311950 1716.1
1311960 1720.2
1311970 1724.8
1311980 1724.8
1311990 1728.9
1312000 1732.6
1312010 1732.6
1312020 1736.5
1312030 1740.5
1312040 1740.5
1312050 1743.3
1312060 1745.0
1312070 1744.5
1312080 1746.4
1312090 1748.0
1312100 1749.1
1312110 1749.1
1312120 1750.4
1312130 1752.3
1312140 1752.3
1312150 1754.6
1312160 1757.8
1312170 1757.8
1312180 1761.7
1312190 1765.3
1312200 1765.3
1312210 1768.4
1312220 1772.7
1312230 1772.7
1312240 1777.6
1312250 1782.4
1312260 1782.4
1312270 1787.9
1312280 1792.5
1312290 1792.5
1312300 1796.8
1312310 1800.6
1312320 1800.6
1312330 1803.0
1312340 1804.9
1312350 1806.9
1312360 1806.9
1312370 1807.7
1312380 1809.5
1312390 1809.5
1312400 1813.8
1312410 1818.2
1312420 1818.2
1312430 1822.5
1312440 1827.0
1312450 1827.0
1312460 1831.4
1312470 1835.0
1312480 1835.0
1312490 1837.5
1312500 1841.9
1312510 1841.9
1312520 1845.7
1312530 1850.8
1312540 1850.8
1312550 1856.5
1312560 1862.6
1312570 1862.6
1312580 1868.1
1312590 1871.0
1312600 1874.2
1312610 1874.2
1312620 1876.9
1312630 1880.4
1312640 1880.4
1312650 1885.6
1312660 1891.2
1312670 1891.2
1312680 1895.9
1312690 1900.4
1312700 1900.4
1312710 1904.5
1312720 1908.4
1312730 1908.4
1312740 1910.6
1312750 1912.6
1312760 1912.6
1312770 1914.6
1312780 1916.5
1312790 1916.5
1312800 1918.2
1312810 1920.8
1312820 1920.8
1312830 1921.9
1312840 1923.6
1312850 1923.6
1312860 1925.8
1312870 1927.5
1312880 1928.8
1312890 1928.8
1312900 1930.8
1312910 1933.1
1312920 1933.1
1312930 1935.6
1312940 1938.8
1312950 1938.8
1312960 1942.2
1312970 1945.8
1312980 1945.8
1312990 1949.4
1313000 1953.1
1313010 1953.1
1313020 1956.9
1313030 1961.0
1313040 1961.0
1313050 1965.0
1313060 1969.0
1313070 1969.0
1313080 1973.4
1313090 1977.9
1313100 1977.9
1313110 1982.3
1313120 1986.5
1313130 1990.5
1313140 1990.5
1313150 1994.7
1313160 1999.2
1313170 1999.2
1313180 2004.2
1313190 2009.0
1313200 2009.0
1313210 2013.2
1313220 2016.1
1313230 2016.1
1313240 2019.2
1313250 2023.1
1313260 2023.1
1313270 2027.6
1313280 2033.3
1313290 2033.3
1313300 2037.4
1313310 2040.1
1313320 2040.1
1313330 2042.3
1313340 2044.6
1313350 2044.6
1313360 2048.1
1313370 2050.7
1313380 2053.1
1313390 2053.1
1313400 2055.8
1313410 2058.8
1313420 2058.8
1313430 2061.4
1313440 2064.2
1313450 2064.2
1313460 2068.4
1313470 2075.3
1313480 2075.3
1313490 2081.1
1313500 2085.8
1313510 2085.8
1313520 2089.9
1313530 2095.1
1313540 2095.1
1313550 2103.2
1313560 2107.9
1313570 2107.9
1313580 2112.2
1313590 2118.4
1313600 2118.4
1313610 2125.8
1313620 2132.5
1313630 2132.5
1313640 2137.9
1313650 2142.8
1313660 2147.5
1313670 2147.5
1313680 2152.7
1313690 2158.5
1313700 2158.5
1313710 2164.4
1313720 2170.5
1313730 2170.5
1313740 2176.9
1313750 2183.4
1313760 2183.4
1313770 2187.4
1313780 2193.1
1313790 2193.1
1313800 2200.4
1313810 2207.9
1313820 2207.9
1313830 2214.0
1313840 2221.3
1313850 2221.3
1313860 2228.6
1313870 2235.2
1313880 2235.2
1313890 2241.2
1313900 2242.2
1313910 2245.7
1313920 2245.7
1313930 2250.7
1313940 2255.4
1313950 2255.4
1313960 2259.1
1313970 2257.6
1313980 2257.6
1313990 2251.7
1314000 2247.7
1314010 2247.7
1314020 2243.7
1314030 2243.6
1314040 2243.6
1314050 2244.1
1314060 2244.2
1314070 2244.2
1314080 2240.9
1314090 2234.9
1314100 2234.9
1314110 2230.1
1314120 2225.1
1314130 2225.1
1314140 2220.0
1314150 2214.9
1314160 2214.9
1314170 2209.8
1314180 2203.8
1314190 2197.6
1314200 2197.6
1314210 2190.9
1314220 2184.2
1314230 2184.2
1314240 2177.7
1314250 2170.4
1314260 2170.4
1314270 2164.5
1314280 2161.1
1314290 2161.1
1314300 2159.3
1314310 2145.7
1314320 2145.7
1314330 2133.6
1314340 2127.9
1314350 2127.9
1314360 2123.7
1314370 2122.1
1314380 2122.1
1314390 2121.7
1314400 2123.8
1314410 2123.8
1314420 2119.7
1314430 2113.9
1314440 2109.7
1314450 2109.7
1314460 2104.8
1314470 2099.3
1314480 2099.3
1314490 2094.0
1314500 2087.3
1314510 2087.3
1314520 2080.8
1314530 2077.6
1314540 2077.6
1314550 2073.7
1314560 2069.9
1314570 2069.9
1314580 2066.0
1314590 2061.4
1314600 2061.4
1314610 2056.8
1314620 2053.3
1314630 2053.3
1314640 2050.7
1314650 2048.6
1314660 2048.6
1314670 2047.1
1314680 2045.6
1314690 2044.4
1314700 2044.4
1314710 2043.8
1314720 2041.7
1314730 2041.7
1314740 2040.7
1314750 2038.9
1314760 2038.9
1314770 2034.0
1314780 2028.1
1314790 2028.1
1314800 2022.6
1314810 2016.7
1314820 2016.7
1314830 2009.7
1314840 2004.2
1314850 2004.2
1314860 2000.9
1314870 1999.0
1314880 1999.0
1314890 1996.4
1314900 1993.1
1314910 1993.1
1314920 1989.0
1314930 1985.1
1314940 1985.1
1314950 1981.0
1314960 1977.7
1314970 1975.9
1314980 1975.9
1314990 1973.7
1315000 1971.1
1315010 1971.1
1315020 1967.4
1315030 1960.8
1315040 1963.0
1315050 1957.5
1315060 1953.0
1315070 1953.0
1315080 1948.3
1315090 1943.8
1315100 1943.8
1315110 1940.9
1315120 1939.2
1315130 1939.2
1315140 1938.1
1315150 1937.0
1315160 1937.0
1315170 1935.5
1315180 1933.2
1315190 1933.2
1315200 1930.8
1315210 1925.8
1315220 1920.2
1315230 1920.2
1315240 1913.4
1315250 1904.5
1315260 1904.5
1315270 1896.6
1315280 1891.3
1315290 1891.3
1315300 1888.6
1315310 1882.1
1315320 1882.1
1315330 1878.0
1315340 1875.2
1315350 1875.2
1315360 1870.8
1315370 1866.1
1315380 1866.1
1315390 1860.6
1315400 1854.9
1315410 1854.9
1315420 1849.0
1315430 1843.2
1315440 1843.2
1315450 1837.7
1315460 1832.0
1315470 1832.0
1315480 1825.7
1315490 1820.7
1315500 1814.6
1315510 1814.6
1315520 1809.9
1315530 1812.0
1315540 1812.0
1315550 1813.5
1315560 1815.0
1315570 1815.0
1315580 1817.8
1315590 1821.8
1315600 1821.8
1315610 1825.9
1315620 1830.4
1315630 1830.4
1315640 1835.3
1315650 1840.2
1315660 1840.2
1315670 1844.9
1315680 1848.4
1315690 1848.4
1315700 1852.0
1315710 1855.5
1315720 1855.5
1315730 1858.5
1315740 1863.1
1315750 1867.6
1315760 1867.6
1315770 1870.0
1315780 1872.4
1315790 1872.4
1315800 1877.0
1315810 1879.7
1315820 1879.7
1315830 1880.2
1315840 1879.6
1315850 1879.6
1315860 1879.8
1315870 1879.3
1315880 1879.3
1315890 1879.1
1315900 1879.7
1315910 1879.7
1315920 1881.2
1315930 1884.5
1315940 1884.5
1315950 1887.0
1315960 1890.1
1315970 1890.1
1315980 1893.0
1315990 1895.5
1316000 1897.2
1316010 1897.2
1316020 1898.6
1316030 1900.2
1316040 1900.2
1316050 1902.6
1316060 1906.1
1316070 1906.1
1316080 1911.4
1316090 1917.3
1316100 1917.3
1316110 1923.7
1316120 1931.5
1316130 1931.5
1316140 1939.9
1316150 1946.6
1316160 1946.6
1316170 1954.2
1316180 1961.6
1316190 1961.6
1316200 1968.5
1316210 1974.3
1316220 1974.3
1316230 1980.2
1316240 1986.5
1316250 1986.5
1316260 1995.0
1316270 2006.6
1316280 2016.5
1316290 2016.5
1316300 2026.5
1316310 2034.9
1316320 2034.9
1316330 2041.1
1316340 2046.7
1316350 2046.7
1316360 2054.2
1316370 2060.9
1316380 2060.9
1316390 2066.4
1316400 2067.2
1316410 2067.2
1316420 2067.1
1316430 2070.7
1316440 2070.7
1316450 2070.6
1316460 2068.2
1316470 2068.2
1316480 2067.0
1316490 2067.3
1316500 2067.3
1316510 2067.2
1316520 2067.5
1316530 2068.0
1316540 2068.0
1316550 2069.1
1316560 2070.6
1316570 2070.6
1316580 2070.5
1316590 2071.8
1316600 2071.8
1316610 2072.4
1316620 2073.1
1316630 2073.1
1316640 2074.4
1316650 2075.4
1316660 2075.4
1316670 2075.9
1316680 2076.5
1316690 2076.5
1316700 2077.2
1316710 2077.8
1316720 2077.8
1316730 2077.7
1316740 2077.4
1316750 2077.4
1316760 2077.9
1316770 2078.3
1316780 2077.7
1316790 2077.7
1316800 2075.6
1316810 2073.3
1316820 2073.3
1316830 2072.4
1316840 2070.9
1316850 2070.9
1316860 2069.3
1316870 2067.7
1316880 2067.7
1316890 2065.0
1316900 2059.7
1316910 2059.7
1316920 2052.6
1316930 2045.9
1316940 2045.9
1316950 2039.4
1316960 2032.6
1316970 2032.6
1316980 2026.4
1316990 2021.3
1317000 2021.3
1317010 2016.7
1317020 2012.2
1317030 2012.2
1317040 2008.4
1317050 2005.4
1317060 2003.1
1317070 2003.1
1317080 2000.0
1317090 1994.4
1317100 1994.4
1317110 1988.0
1317120 1984.4
1317130 1984.4
1317140 1981.4
1317150 1979.5
1317160 1979.5
1317170 1976.9
1317180 1974.4
1317190 1974.4
1317200 1972.2
1317210 1970.5
1317220 1970.5
1317230 1969.5
1317240 1969.0
1317250 1969.0
1317260 1967.1
1317270 1960.5
1317280 1960.5
1317290 1956.1
1317300 1952.3
1317310 1944.3
1317320 1944.3
1317330 1938.1
1317340 1932.0
1317350 1932.0
1317360 1926.2
1317370 1920.1
1317380 1920.1
1317390 1914.4
1317400 1908.7
1317410 1908.7
1317420 1902.5
1317430 1897.2
1317440 1897.2
1317450 1893.8
1317460 1891.8
1317470 1891.8
1317480 1890.5
1317490 1889.9
1317500 1889.9
1317510 1888.9
1317520 1889.3
1317530 1889.3
1317540 1890.0
1317550 1889.6
1317560 1889.6
1317570 1889.1
1317580 1888.1
1317590 1886.4
1317600 1886.4
1317610 1884.5
1317620 1882.6
1317630 1882.6
1317640 1880.7
1317650 1879.2
1317660 1879.2
1317670 1877.5
1317680 1875.2
1317690 1875.2
1317700 1873.0
1317710 1870.9
1317720 1870.9
1317730 1868.6
1317740 1865.8
1317750 1865.8
1317760 1863.0
1317770 1860.7
1317780 1860.7
1317790 1858.7
1317800 1856.9
1317810 1856.9
1317820 1854.9
1317830 1852.7
1317840 1850.6
1317850 1850.6
1317860 1849.7
1317870 1848.8
1317880 1848.8
1317890 1847.5
1317900 1846.1
1317910 1846.1
1317920 1844.6
1317930 1843.3
1317940 1843.3
1317950 1842.3
1317960 1841.8
1317970 1841.8
1317980 1841.4
1317990 1840.9
1318000 1840.9
1318010 1839.8
1318020 1838.4
1318030 1838.4
1318040 1836.7
1318050 1835.0
1318060 1835.0
1318070 1832.8
1318080 1834.1
1318090 1831.9
1318100 1831.9
1318110 1829.5
1318120 1827.2
1318130 1827.2
1318140 1825.3
1318150 1823.8
1318160 1823.8
1318170 1823.0
1318180 1822.0
1318190 1822.0
1318200 1820.5
1318210 1818.6
1318220 1818.6
1318230 1816.1
1318240 1813.1
1318250 1813.1
1318260 1810.3
1318270 1807.8
1318280 1807.8
1318290 1805.5
1318300 1803.5
1318310 1803.5
1318320 1801.5
1318330 1799.5
1318340 1799.5
1318350 1797.5
1318360 1795.4
1318370 1792.8
1318380 1792.8
1318390 1790.1
1318400 1787.3
1318410 1787.3
1318420 1784.3
1318430 1781.7
1318440 1781.7
1318450 1779.8
1318460 1779.0
1318470 1779.0
1318480 1778.3
1318490 1777.1
1318500 1777.1
1318510 1776.0
1318520 1773.6
1318530 1773.6
1318540 1770.9
1318550 1768.4
1318560 1768.4
1318570 1765.7
1318580 1764.1
1318590 1764.1
1318600 1764.1
1318610 1763.7
1318620 1761.8
1318630 1761.8
1318640 1756.3
1318650 1748.9
1318660 1748.9
1318670 1744.2
1318680 1740.6
1318690 1740.6
1318700 1737.2
1318710 1735.9
1318720 1735.9
1318730 1735.3
1318740 1734.6
1318750 1734.6
1318760 1733.9
1318770 1733.5
1318780 1733.5
1318790 1733.2
1318800 1732.9
1318810 1732.9
1318820 1732.6
1318830 1731.9
1318840 1732.1
1318850 1730.5
1318860 1729.1
1318870 1729.1
1318880 1727.9
1318890 1727.0
1318900 1723.8
1318910 1723.8
1318920 1719.2
1318930 1718.1
1318940 1718.1
1318950 1718.2
1318960 1717.2
1318970 1717.2
1318980 1711.9
1318990 1706.5
1319000 1706.5
1319010 1703.8
1319020 1700.3
1319030 1700.3
1319040 1695.8
1319050 1691.5
1319060 1691.5
1319070 1687.6
1319080 1683.7
1319090 1683.7
1319100 1678.7
1319110 1676.0
1319120 1676.0
1319130 1675.0
1319140 1674.5
1319150 1672.8
1319160 1672.8
1319170 1670.1
1319180 1664.0
1319190 1664.0
1319200 1655.8
1319210 1648.1
1319220 1648.1
1319230 1643.5
1319240 1641.1
1319250 1641.1
1319260 1638.5
1319270 1636.2
1319280 1636.2
1319290 1633.8
1319300 1630.9
1319310 1630.9
1319320 1626.0
1319330 1620.6
1319340 1620.6
1319350 1615.6
1319360 1610.8
1319370 1610.8
1319380 1606.2
1319390 1602.7
1319400 1600.0
1319410 1600.0
1319420 1597.2
1319430 1593.3
1319440 1593.3
1319450 1589.5
1319460 1586.1
1319470 1586.1
1319480 1582.4
1319490 1580.6
1319500 1580.6
1319510 1579.6
1319520 1576.9
1319530 1576.9
1319540 1573.7
1319550 1571.5
1319560 1571.5
1319570 1568.1
1319580 1564.6
1319590 1564.6
1319600 1562.2
1319610 1563.0
1319620 1563.0
1319630 1561.7
1319640 1560.0
1319650 1560.0
1319660 1557.8
1319670 1555.3
1319680 1553.1
1319690 1553.1
1319700 1551.7
1319710 1550.5
1319720 1550.5
1319730 1548.6
1319740 1546.2
1319750 1546.2
1319760 1543.6
1319770 1539.9
1319780 1539.9
1319790 1535.6
1319800 1531.0
1319810 1531.0
1319820 1527.5
1319830 1524.7
1319840 1524.7
1319850 1521.5
1319860 1517.8
1319870 1517.8
1319880 1514.5
1319890 1513.4
1319900 1513.4
1319910 1511.4
1319920 1508.4
1319930 1505.2
1319940 1505.2
1319950 1503.0
1319960 1503.4
1319970 1503.4
1319980 1502.6
1319990 1500.5
