1300000 1065.5
1300010 1065.5
1300020 1071.5
1300030 1079.1
1300040 1079.1
1300050 1085.7
1300060 1090.7
1300070 1090.7
1300080 1095.0
1300090 1100.3
1300100 1100.3
1300110 1105.4
1300120 1109.2
1300130 1109.2
1300140 1113.7
1300150 1120.1
1300160 1120.1
1300170 1126.1
1300180 1131.8
1300190 1131.8
1300200 1135.2
1300210 1138.6
1300220 1138.6
1300230 1141.5
1300240 1145.3
1300250 1150.3
1300260 1150.3
1300270 1154.2
1300280 1157.1
1300290 1157.1
1300300 1161.3
1300310 1164.1
1300320 1164.1
1300330 1168.3
1300340 1171.1
1300350 1171.1
1300360 1172.2
1300370 1174.1
1300380 1174.1
1300390 1178.0
1300400 1183.5
1300410 1183.5
1300420 1187.4
1300430 1190.6
1300440 1190.6
1300450 1194.5
1300460 1198.9
1300470 1198.9
1300480 1204.0
1300490 1208.8
1300500 1213.1
1300510 1213.1
1300520 1217.3
1300530 1220.5
1300540 1220.5
1300550 1222.5
1300560 1224.6
1300570 1224.6
1300580 1227.6
1300590 1230.2
1300600 1230.2
1300610 1232.1
1300620 1234.6
1300630 1234.6
1300640 1237.6
1300650 1240.6
1300660 1240.6
1300670 1243.7
1300680 1247.1
1300690 1247.1
1300700 1249.5
1300710 1251.4
1300720 1251.4
1300730 1253.6
1300740 1256.4
1300750 1259.9
1300760 1259.9
1300770 1263.7
1300780 1268.5
1300790 1268.5
1300800 1274.2
1300810 1282.4
1300820 1282.4
1300830 1292.4
1300840 1299.4
1300850 1299.4
1300860 1306.1
1300870 1315.6
1300880 1315.6
1300890 1322.8
1300900 1328.6
1300910 1328.6
1300920 1334.9
1300930 1341.1
1300940 1341.1
1300950 1347.4
1300960 1352.9
1300970 1349.0
1300980 1354.3
1300990 1359.5
1301000 1359.5
1301010 1365.1
1301020 1370.8
1301030 1376.1
1301040 1376.1
1301050 1381.0
1301060 1385.7
1301070 1385.7
1301080 1390.5
1301090 1395.7
1301100 1395.7
1301110 1401.1
1301120 1406.1
1301130 1406.1
1301140 1411.0
1301150 1415.7
1301160 1415.7
1301170 1420.9
1301180 1426.4
1301190 1426.4
1301200 1431.4
1301210 1436.1
1301220 1436.1
1301230 1440.7
1301240 1444.7
1301250 1444.7
1301260 1448.1
1301270 1451.5
1301280 1455.7
1301290 1455.7
1301300 1460.0
1301310 1464.7
1301320 1464.7
1301330 1470.2
1301340 1475.0
1301350 1475.0
1301360 1479.3
1301370 1483.8
1301380 1483.8
1301390 1487.4
1301400 1490.8
1301410 1490.8
1301420 1494.8
1301430 1498.7
1301440 1498.7
1301450 1502.4
1301460 1506.7
1301470 1506.7
1301480 1511.0
1301490 1514.9
1301500 1514.9
1301510 1518.4
1301520 1521.9
1301530 1521.9
1301540 1525.8
1301550 1529.6
1301560 1533.2
1301570 1533.2
1301580 1537.0
1301590 1541.6
1301600 1541.6
1301610 1546.0
1301620 1550.2
1301630 1550.2
1301640 1554.2
1301650 1557.9
1301660 1557.9
1301670 1561.2
1301680 1565.2
1301690 1565.2
1301700 1568.6
1301710 1571.0
1301720 1571.0
1301730 1574.3
1301740 1577.7
1301750 1577.7
1301760 1580.7
1301770 1583.2
1301780 1583.2
1301790 1586.3
1301800 1588.9
1301810 1591.0
1301820 1591.0
1301830 1593.6
1301840 1595.3
1301850 1595.3
1301860 1595.9
1301870 1596.3
1301880 1596.3
1301890 1597.4
1301900 1599.5
1301910 1599.5
1301920 1602.2
1301930 1605.1
1301940 1605.1
1301950 1608.1
1301960 1611.4
1301970 1611.4
1301980 1614.5
1301990 1617.7
1302000 1617.7
1302010 1620.9
1302020 1624.4
1302030 1624.4
1302040 1627.7
1302050 1631.5
1302060 1631.5
1302070 1635.6
1302080 1639.1
1302090 1642.5
1302100 1642.5
1302110 1646.3
1302120 1649.8
1302130 1649.8
1302140 1652.4
1302150 1654.3
1302160 1654.3
1302170 1655.7
1302180 1657.9
1302190 1657.9
1302200 1660.0
1302210 1661.5
1302220 1661.5
1302230 1663.1
1302240 1665.8
1302250 1665.8
1302260 1668.6
1302270 1670.9
1302280 1670.9
1302290 1673.2
1302300 1675.4
1302310 1675.4
1302320 1677.4
1302330 1678.8
1302340 1680.1
1302350 1680.1
1302360 1682.8
1302370 1685.2
1302380 1685.2
1302390 1687.5
1302400 1690.2
1302410 1690.2
1302420 1692.8
1302430 1696.1
1302440 1696.1
1302450 1700.2
1302460 1704.4
1302470 1704.4
1302480 1708.5
1302490 1711.5
1302500 1711.5
1302510 1714.6
1302520 1717.3
1302530 1717.3
1302540 1719.7
1302550 1721.9
1302560 1721.9
1302570 1724.0
1302580 1726.0
1302590 1729.0
1302600 1729.0
1302610 1733.7
1302620 1738.3
1302630 1738.3
1302640 1742.6
1302650 1746.6
1302660 1746.6
1302670 1750.8
1302680 1755.0
1302690 1755.0
1302700 1758.9
1302710 1762.3
1302720 1762.3
1302730 1765.5
1302740 1768.7
1302750 1768.7
1302760 1772.7
1302770 1778.5
1302780 1778.5
1302790 1783.2
1302800 1787.3
1302810 1787.3
1302820 1791.7
1302830 1795.9
1302840 1795.9
1302850 1799.7
1302860 1803.8
1302870 1808.1
1302880 1808.1
1302890 1811.3
1302900 1815.3
1302910 1815.3
1302920 1820.0
1302930 1824.5
1302940 1824.5
1302950 1828.7
1302960 1831.6
1302970 1831.6
1302980 1834.0
1302990 1837.1
1303000 1837.1
1303010 1841.2
1303020 1845.3
1303030 1845.3
1303040 1849.3
1303050 1853.2
1303060 1850.5
1303070 1854.8
1303080 1859.1
1303090 1859.1
1303100 1863.9
1303110 1868.9
1303120 1872.8
1303130 1872.8
1303140 1876.8
1303150 1881.7
1303160 1881.7
1303170 1886.7
1303180 1890.9
1303190 1890.9
1303200 1893.3
1303210 1896.2
1303220 1896.2
1303230 1899.4
1303240 1902.3
1303250 1902.3
1303260 1904.5
1303270 1907.2
1303280 1907.2
1303290 1910.6
1303300 1915.5
1303310 1915.5
1303320 1919.2
1303330 1921.9
1303340 1921.9
1303350 1924.1
1303360 1925.6
1303370 1925.6
1303380 1927.3
1303390 1929.1
1303400 1931.1
1303410 1931.1
1303420 1933.6
1303430 1936.1
1303440 1936.1
1303450 1938.7
1303460 1941.0
1303470 1941.0
1303480 1942.8
1303490 1944.8
1303500 1944.8
1303510 1948.2
1303520 1952.1
1303530 1952.1
1303540 1955.7
1303550 1960.2
1303560 1960.2
1303570 1964.0
1303580 1967.1
1303590 1967.1
1303600 1971.7
1303610 1977.1
1303620 1977.1
1303630 1982.3
1303640 1987.7
1303650 1993.6
1303660 1993.6
1303670 1998.1
1303680 2001.1
1303690 2001.1
1303700 2005.0
1303710 2009.3
1303720 2009.3
1303730 2012.6
1303740 2015.8
1303750 2015.8
1303760 2012.3
1303770 2013.5
1303780 2013.5
1303790 2014.2
1303800 2015.7
1303810 2015.7
1303820 2016.5
1303830 2017.9
1303840 2017.9
1303850 2018.9
1303860 2019.8
1303870 2019.8
1303880 2021.3
1303890 2022.8
1303900 2022.8
1303910 2023.8
1303920 2025.6
1303930 2029.2
1303940 2029.2
1303950 2035.6
1303960 2038.9
1303970 2038.9
1303980 2039.7
1303990 2038.7
1304000 2038.7
1304010 2038.2
1304020 2039.0
1304030 2039.0
1304040 2038.9
1304050 2039.4
1304060 2039.4
1304070 2039.4
1304080 2039.8
1304090 2039.8
1304100 2039.9
1304110 2039.1
1304120 2039.1
1304130 2037.4
1304140 2035.2
1304150 2035.2
1304160 2031.5
1304170 2031.1
1304180 2030.7
1304190 2030.7
1304200 2028.3
1304210 2025.4
1304220 2025.4
1304230 2018.9
1304240 2012.6
1304250 2012.6
1304260 2008.8
1304270 2008.5
1304280 2008.5
1304290 2005.5
1304300 1999.6
1304310 1999.6
1304320 1994.9
1304330 1994.2
1304340 1994.2
1304350 1993.7
1304360 1992.7
1304370 1992.7
1304380 1992.4
1304390 1992.0
1304400 1992.0
1304410 1991.8
1304420 1990.2
1304430 1987.0
1304440 1987.0
1304450 1982.8
1304460 1979.7
1304470 1984.9
1304480 1986.1
1304490 1989.6
1304500 1989.6
1304510 1991.1
1304520 1994.0
1304530 1994.0
1304540 2000.6
1304550 2004.3
1304560 2004.3
1304570 2007.6
1304580 2012.6
1304590 2012.6
1304600 2017.9
1304610 2022.1
1304620 2022.1
1304630 2024.7
1304640 2023.3
1304650 2023.3
1304660 2012.4
1304670 2009.3
1304680 2009.3
1304690 2010.2
1304700 2008.9
1304710 2008.4
1304720 2008.4
1304730 2005.6
1304740 2003.3
1304750 2003.3
1304760 2001.2
1304770 1997.7
1304780 1997.7
1304790 1985.1
1304800 1973.5
1304810 1973.5
1304820 1966.3
1304830 1963.9
1304840 1963.9
1304850 1961.2
1304860 1958.9
1304870 1958.9
1304880 1958.2
1304890 1957.7
1304900 1957.7
1304910 1956.6
1304920 1955.6
1304930 1955.6
1304940 1954.6
1304950 1954.5
1304960 1955.3
1304970 1955.3
1304980 1955.3
1304990 1956.7
1305000 1956.7
1305010 1957.2
1305020 1955.4
1305030 1955.4
1305040 1954.7
1305050 1954.0
1305060 1954.0
1305070 1951.1
1305080 1946.5
1305090 1946.5
1305100 1941.8
1305110 1938.7
1305120 1938.7
1305130 1936.2
1305140 1934.8
1305150 1934.8
1305160 1935.3
1305170 1935.8
1305180 1938.0
1305190 1938.5
1305200 1940.3
1305210 1940.3
1305220 1941.7
1305230 1942.7
1305240 1942.4
1305250 1942.4
1305260 1942.6
1305270 1942.8
1305280 1942.8
1305290 1943.3
1305300 1944.3
1305310 1944.3
1305320 1944.5
1305330 1944.6
1305340 1944.6
1305350 1948.4
1305360 1952.6
1305370 1952.6
1305380 1956.0
1305390 1959.0
1305400 1959.0
1305410 1962.2
1305420 1965.4
1305430 1965.4
1305440 1968.9
1305450 1974.5
1305460 1974.5
1305470 1981.5
1305480 1989.2
1305490 1993.2
1305500 1993.2
1305510 1994.9
1305520 1997.7
1305530 1997.7
1305540 2001.0
1305550 2003.5
1305560 2003.5
1305570 2007.5
1305580 2012.2
1305590 2012.2
1305600 2016.8
1305610 2019.2
1305620 2019.2
1305630 2022.0
1305640 2024.2
1305650 2024.2
1305660 2025.6
1305670 2026.3
1305680 2026.3
1305690 2026.5
1305700 2028.2
1305710 2028.2
1305720 2030.4
1305730 2032.6
1305740 2032.6
1305750 2034.6
1305760 2036.5
1305770 2038.1
1305780 2038.1
1305790 2040.5
1305800 2044.7
1305810 2044.7
1305820 2047.8
1305830 2048.8
1305840 2048.8
1305850 2047.7
1305860 2047.3
1305870 2047.3
1305880 2044.8
1305890 2045.4
1305900 2045.4
1305910 2044.1
1305920 2044.0
1305930 2044.0
1305940 2043.7
1305950 2043.5
1305960 2043.5
1305970 2044.7
1305980 2047.9
1305990 2047.9
1306000 2051.2
1306010 2053.7
1306020 2054.2
1306030 2054.2
1306040 2051.8
1306050 2051.4
1306060 2051.4
1306070 2052.5
1306080 2055.3
1306090 2055.3
1306100 2061.0
1306110 2068.5
1306120 2068.5
1306130 2074.0
1306140 2077.8
1306150 2077.8
1306160 2079.1
1306170 2078.7
1306180 2078.7
1306190 2077.5
1306200 2075.9
1306210 2075.9
1306220 2075.2
1306230 2074.1
1306240 2074.1
1306250 2077.8
1306260 2082.6
1306270 2085.2
1306280 2085.2
1306290 2086.7
1306300 2090.0
1306310 2090.0
1306320 2094.0
1306330 2097.8
1306340 2097.8
1306350 2102.3
1306360 2107.7
1306370 2107.7
1306380 2114.5
1306390 2122.0
1306400 2122.0
1306410 2129.8
1306420 2137.5
1306430 2137.5
1306440 2145.5
1306450 2153.9
1306460 2153.9
1306470 2163.4
1306480 2173.5
1306490 2173.5
1306500 2178.8
1306510 2181.0
1306520 2181.0
1306530 2182.9
1306540 2184.0
1306550 2184.3
1306560 2184.3
1306570 2179.0
1306580 2171.8
1306590 2171.8
1306600 2170.7
1306610 2165.5
1306620 2165.5
1306630 2159.0
1306640 2150.7
1306650 2150.7
1306660 2138.0
1306670 2127.9
1306680 2127.9
1306690 2122.9
1306700 2120.1
1306710 2120.1
1306720 2120.4
1306730 2124.2
1306740 2124.2
1306750 2130.8
1306760 2138.8
1306770 2138.8
1306780 2146.4
1306790 2154.2
1306800 2164.9
1306810 2164.9
1306820 2183.1
1306830 2197.9
1306840 2197.9
1306850 2209.4
1306860 2218.3
1306870 2218.3
1306880 2224.5
1306890 2228.6
1306900 2228.6
1306910 2232.2
1306920 2235.7
1306930 2235.7
1306940 2238.7
1306950 2242.3
1306960 2242.3
1306970 2246.2
1306980 2249.0
1306990 2249.0
1307000 2251.3
1307010 2254.6
1307020 2254.6
1307030 2257.8
1307040 2260.3
1307050 2260.3
1307060 2261.8
1307070 2261.7
1307080 2259.7
1307090 2259.7
1307100 2256.6
1307110 2259.3
1307120 2259.3
1307130 2265.0
1307140 2270.8
1307150 2270.8
1307160 2275.9
1307170 2281.2
1307180 2281.2
1307190 2287.0
1307200 2291.8
1307210 2291.8
1307220 2293.9
1307230 2295.9
1307240 2295.9
1307250 2298.2
1307260 2300.7
1307270 2300.7
1307280 2302.6
1307290 2303.2
1307300 2303.2
1307310 2301.7
1307320 2302.5
1307330 2294.4
1307340 2294.4
1307350 2283.1
1307360 2269.3
1307370 2269.3
1307380 2256.5
1307390 2251.0
1307400 2251.0
1307410 2247.9
1307420 2246.6
1307430 2246.6
1307440 2246.5
1307450 2247.4
1307460 2247.4
1307470 2243.9
1307480 2238.5
1307490 2238.5
1307500 2225.1
1307510 2212.3
1307520 2212.3
1307530 2201.9
1307540 2192.7
1307550 2192.7
1307560 2183.6
1307570 2175.0
1307580 2175.0
1307590 2168.3
1307600 2162.5
1307610 2155.5
1307620 2155.5
1307630 2148.2
1307640 2141.0
1307650 2141.0
1307660 2134.2
1307670 2128.4
1307680 2128.4
1307690 2122.5
1307700 2116.7
1307710 2116.7
1307720 2111.0
1307730 2105.9
1307740 2105.9
1307750 2101.9
1307760 2098.6
1307770 2098.6
1307780 2095.4
1307790 2092.7
1307800 2092.7
1307810 2090.8
1307820 2090.1
1307830 2090.1
1307840 2089.2
1307850 2085.6
1307860 2083.2
1307870 2083.2
1307880 2082.4
1307890 2080.1
1307900 2080.1
1307910 2076.2
1307920 2070.5
1307930 2070.5
1307940 2061.3
1307950 2053.7
1307960 2053.7
1307970 2050.3
1307980 2050.6
1307990 2050.6
1308000 2055.0
1308010 2060.7
1308020 2060.7
1308030 2065.0
1308040 2071.6
1308050 2071.6
1308060 2074.4
1308070 2076.9
1308080 2076.9
1308090 2077.7
1308100 2078.5
1308110 2076.4
1308120 2076.4
1308130 2074.4
1308140 2074.5
1308150 2074.5
1308160 2074.2
1308170 2072.7
1308180 2072.7
1308190 2073.3
1308200 2073.9
1308210 2073.9
1308220 2074.6
1308230 2073.4
1308240 2073.4
1308250 2074.3
1308260 2074.2
1308270 2074.2
1308280 2071.3
1308290 2070.0
1308300 2070.0
1308310 2072.2
1308320 2075.8
1308330 2075.8
1308340 2080.3
1308350 2085.3
1308360 2085.3
1308370 2089.2
1308380 2092.0
1308390 2092.2
1308400 2092.2
1308410 2090.5
1308420 2086.9
1308430 2086.9
1308440 2084.0
1308450 2081.3
1308460 2081.3
1308470 2078.9
1308480 2077.6
1308490 2077.6
1308500 2076.9
1308510 2075.5
1308520 2075.5
1308530 2075.2
1308540 2077.2
1308550 2077.2
1308560 2079.6
1308570 2081.5
1308580 2081.5
1308590 2083.4
1308600 2084.8
1308610 2084.8
1308620 2086.6
1308630 2088.0
1308640 2088.8
1308650 2088.8
1308660 2089.0
1308670 2089.4
1308680 2089.4
1308690 2089.3
1308700 2090.0
1308710 2090.0
1308720 2090.2
1308730 2088.6
1308740 2088.6
1308750 2087.5
1308760 2091.7
1308770 2091.7
1308780 2089.5
1308790 2086.7
1308800 2086.7
1308810 2086.4
1308820 2088.4
1308830 2088.4
1308840 2090.1
1308850 2085.8
1308860 2085.8
1308870 2081.5
1308880 2080.8
1308890 2080.8
1308900 2081.0
1308910 2080.7
1308920 2078.5
1308930 2078.5
1308940 2077.4
1308950 2077.5
1308960 2077.5
1308970 2075.0
1308980 2072.0
1308990 2072.0
1309000 2069.5
1309010 2067.4
1309020 2067.4
1309030 2063.7
1309040 2059.4
1309050 2059.4
1309060 2054.2
1309070 2049.0
1309080 2049.0
1309090 2042.7
1309100 2039.1
1309110 2039.1
1309120 2032.7
1309130 2024.7
1309140 2024.7
1309150 2018.5
1309160 2010.3
1309170 2002.8
1309180 2002.8
1309190 1996.7
1309200 1991.0
1309210 1991.0
1309220 1985.2
1309230 1980.4
1309240 1980.4
1309250 1977.0
1309260 1977.6
1309270 1977.6
1309280 1978.8
1309290 1977.3
1309300 1977.3
1309310 1969.3
1309320 1967.0
1309330 1967.0
1309340 1964.6
1309350 1960.7
1309360 1960.7
1309370 1959.5
1309380 1957.9
1309390 1957.9
1309400 1955.0
1309410 1952.3
1309420 1952.3
1309430 1947.5
1309440 1941.2
1309450 1932.8
1309460 1932.8
1309470 1924.7
1309480 1920.2
1309490 1920.2
1309500 1914.1
1309510 1909.4
1309520 1909.4
1309530 1905.0
1309540 1901.4
1309550 1901.4
1309560 1894.7
1309570 1887.4
1309580 1887.4
1309590 1881.7
1309600 1877.1
1309610 1877.1
1309620 1873.7
1309630 1871.1
1309640 1871.1
1309650 1868.4
1309660 1865.9
1309670 1865.9
1309680 1862.8
1309690 1859.4
1309700 1855.2
1309710 1855.2
1309720 1851.0
1309730 1847.7
1309740 1847.7
1309750 1845.0
1309760 1842.3
1309770 1842.3
1309780 1839.3
1309790 1836.5
1309800 1836.5
1309810 1832.9
1309820 1829.5
1309830 1829.5
1309840 1825.9
1309850 1822.1
1309860 1822.1
1309870 1817.7
1309880 1815.9
1309890 1815.9
1309900 1814.2
1309910 1810.4
1309920 1810.4
1309930 1804.2
1309940 1797.4
1309950 1792.7
1309960 1792.7
1309970 1788.9
1309980 1785.3
1309990 1785.3
1310000 1782.2
1310010 1779.2
1310020 1779.2
1310030 1775.9
1310040 1772.0
1310050 1772.0
1310060 1767.5
1310070 1762.2
1310080 1762.2
1310090 1756.5
1310100 1750.9
1310110 1750.9
1310120 1745.9
1310130 1740.4
1310140 1740.4
1310150 1734.0
1310160 1727.2
1310170 1727.2
1310180 1720.7
1310190 1714.8
1310200 1714.8
1310210 1708.4
1310220 1703.0
1310230 1697.9
1310240 1697.9
1310250 1693.6
1310260 1689.4
1310270 1689.4
1310280 1684.7
1310290 1679.5
1310300 1679.5
1310310 1674.1
1310320 1668.6
1310330 1668.6
1310340 1663.3
1310350 1658.4
1310360 1658.4
1310370 1654.1
1310380 1650.3
1310390 1650.3
1310400 1646.6
1310410 1642.3
1310420 1642.3
1310430 1638.8
1310440 1635.0
1310450 1635.0
1310460 1630.2
1310470 1625.4
1310480 1621.0
1310490 1621.0
1310500 1616.9
1310510 1612.5
1310520 1612.5
1310530 1607.0
1310540 1600.9
1310550 1600.9
1310560 1594.7
1310570 1588.4
1310580 1588.4
1310590 1581.3
1310600 1574.2
1310610 1574.2
1310620 1568.3
1310630 1563.5
1310640 1563.5
1310650 1559.8
1310660 1555.8
1310670 1555.8
1310680 1551.6
1310690 1547.8
1310700 1547.8
1310710 1543.1
1310720 1538.2
1310730 1538.2
1310740 1534.2
1310750 1530.2
1310760 1525.8
1310770 1525.8
1310780 1521.4
1310790 1516.8
1310800 1516.8
1310810 1512.5
1310820 1508.7
1310830 1508.7
1310840 1505.4
1310850 1502.6
1310860 1502.6
1310870 1499.9
1310880 1497.1
1310890 1497.1
1310900 1494.0
1310910 1491.2
1310920 1491.2
1310930 1488.2
1310940 1485.2
1310950 1485.2
1310960 1482.3
1310970 1478.9
1310980 1478.9
1310990 1474.9
1311000 1471.7
1311010 1468.0
1311020 1468.0
1311030 1465.3
1311040 1461.2
1311050 1461.2
1311060 1459.0
1311070 1456.2
1311080 1456.2
1311090 1453.3
1311100 1450.4
1311110 1450.4
1311120 1446.7
1311130 1440.7
1311140 1440.7
1311150 1432.5
1311160 1429.0
1311170 1429.0
1311180 1427.0
1311190 1426.3
1311200 1426.3
1311210 1429.1
1311220 1434.3
1311230 1434.3
1311240 1440.5
1311250 1446.5
1311260 1446.5
1311270 1451.7
1311280 1456.9
1311290 1461.4
1311300 1461.4
1311310 1464.9
1311320 1469.8
1311330 1469.8
1311340 1477.1
1311350 1484.9
1311360 1484.9
1311370 1492.6
1311380 1498.5
1311390 1498.5
1311400 1502.5
1311410 1507.4
1311420 1507.4
1311430 1512.5
1311440 1517.0
1311450 1517.0
1311460 1521.6
1311470 1527.5
1311480 1527.5
1311490 1533.0
1311500 1538.5
1311510 1538.5
1311520 1544.3
1311530 1549.7
1311540 1554.7
1311550 1554.7
1311560 1558.1
1311570 1561.1
1311580 1561.1
1311590 1564.4
1311600 1567.7
1311610 1567.7
1311620 1572.5
1311630 1579.3
1311640 1579.3
1311650 1583.2
1311660 1585.6
1311670 1585.6
1311680 1596.5
1311690 1599.6
1311700 1599.6
1311710 1604.2
1311720 1610.2
1311730 1610.2
1311740 1616.4
1311750 1621.2
1311760 1621.2
1311770 1622.4
1311780 1623.7
1311790 1625.6
1311800 1625.6
1311810 1629.0
1311820 1633.1
1311830 1633.1
1311840 1637.1
1311850 1640.3
1311860 1640.3
1311870 1644.8
1311880 1649.9
1311890 1649.9
1311900 1654.6
1311910 1658.1
1311920 1658.1
1311930 1660.0
1311940 1662.2
1311950 1662.2
1311960 1666.2
1311970 1669.7
1311980 1669.7
1311990 1673.0
1312000 1676.2
1312010 1676.2
1312020 1680.1
1312030 1684.4
1312040 1684.4
1312050 1688.9
1312060 1692.8
1312070 1696.3
1312080 1696.3
1312090 1699.9
1312100 1702.9
1312110 1702.9
1312120 1706.8
1312130 1711.5
1312140 1711.5
1312150 1715.7
1312160 1720.4
1312170 1720.4
1312180 1724.0
1312190 1726.7
1312200 1726.7
1312210 1729.1
1312220 1732.9
1312230 1732.9
1312240 1738.0
1312250 1743.2
1312260 1743.2
1312270 1747.2
1312280 1751.9
1312290 1751.9
1312300 1755.8
1312310 1758.7
1312320 1762.6
1312330 1762.6
1312340 1765.7
1312350 1769.0
1312360 1769.0
1312370 1771.7
1312380 1773.7
1312390 1773.7
1312400 1776.1
1312410 1778.4
1312420 1780.9
1312430 1783.1
1312440 1784.9
1312450 1784.9
1312460 1786.3
1312470 1789.5
1312480 1789.5
1312490 1793.2
1312500 1794.8
1312510 1794.8
1312520 1798.4
1312530 1801.9
1312540 1801.9
1312550 1804.5
1312560 1807.0
1312570 1807.0
1312580 1810.2
1312590 1814.7
1312600 1818.8
1312610 1818.8
1312620 1822.7
1312630 1825.5
1312640 1825.5
1312650 1830.0
1312660 1832.7
1312670 1832.7
1312680 1833.9
1312690 1836.0
1312700 1836.0
1312710 1838.1
1312720 1840.1
1312730 1840.1
1312740 1843.1
1312750 1845.1
1312760 1845.1
1312770 1846.3
1312780 1849.0
1312790 1849.0
1312800 1852.6
1312810 1856.0
1312820 1856.0
1312830 1859.6
1312840 1863.1
1312850 1867.2
1312860 1867.2
1312870 1869.1
1312880 1872.3
1312890 1872.3
1312900 1877.5
1312910 1884.9
1312920 1884.9
1312930 1893.0
1312940 1899.7
1312950 1899.7
1312960 1904.4
1312970 1908.9
1312980 1908.9
1312990 1914.1
1313000 1920.4
1313010 1920.4
1313020 1927.0
1313030 1933.9
1313040 1933.9
1313050 1942.0
1313060 1949.2
1313070 1949.2
1313080 1956.5
1313090 1964.2
1313100 1964.2
1313110 1971.2
1313120 1977.0
1313130 1982.9
1313140 1982.9
1313150 1989.2
1313160 1992.6
1313170 1992.6
1313180 1997.4
1313190 2001.2
1313200 2001.2
1313210 2003.9
1313220 2008.0
1313230 2008.0
1313240 2012.9
1313250 2018.1
1313260 2018.1
1313270 2025.2
1313280 2031.5
1313290 2031.5
1313300 2035.8
1313310 2040.8
1313320 2040.8
1313330 2046.8
1313340 2053.5
1313350 2053.5
1313360 2060.0
1313370 2066.7
1313380 2072.9
1313390 2072.9
1313400 2078.3
1313410 2083.5
1313420 2083.5
1313430 2088.7
1313440 2094.3
1313450 2094.3
1313460 2101.2
1313470 2109.6
1313480 2109.6
1313490 2119.3
1313500 2130.0
1313510 2130.0
1313520 2138.6
1313530 2145.9
1313540 2145.9
1313550 2151.8
1313560 2157.6
1313570 2157.6
1313580 2163.2
1313590 2168.7
1313600 2168.7
1313610 2177.0
1313620 2185.3
1313630 2191.2
1313640 2191.2
1313650 2194.9
1313660 2199.0
1313670 2199.0
1313680 2203.5
1313690 2207.8
1313700 2207.8
1313710 2211.0
1313720 2214.3
1313730 2214.3
1313740 2217.6
1313750 2222.1
1313760 2222.1
1313770 2228.0
1313780 2231.7
1313790 2231.7
1313800 2235.9
1313810 2240.4
1313820 2240.4
1313830 2246.3
1313840 2256.6
1313850 2256.6
1313860 2266.7
1313870 2271.2
1313880 2271.2
1313890 2269.8
1313900 2264.3
1313910 2259.3
1313920 2259.3
1313930 2254.3
1313940 2249.8
1313950 2249.8
1313960 2247.2
1313970 2244.0
1313980 2244.0
1313990 2237.7
1314000 2231.2
1314010 2231.2
1314020 2223.2
1314030 2210.0
1314040 2210.0
1314050 2198.6
1314060 2190.8
1314070 2190.8
1314080 2184.3
1314090 2179.0
1314100 2179.0
1314110 2175.5
1314120 2174.3
1314130 2174.3
1314140 2172.1
1314150 2170.6
1314160 2171.2
1314170 2171.2
1314180 2171.0
1314190 2170.7
1314200 2170.7
1314210 2168.0
1314220 2164.6
1314230 2164.6
1314240 2161.0
1314250 2156.8
1314260 2156.8
1314270 2151.6
1314280 2145.6
1314290 2145.6
1314300 2139.2
1314310 2133.8
1314320 2133.8
1314330 2128.8
1314340 2124.1
1314350 2124.1
1314360 2121.6
1314370 2118.5
1314380 2118.5
1314390 2115.7
1314400 2112.4
1314410 2112.4
1314420 2110.5
1314430 2107.6
1314440 2102.2
1314450 2102.2
1314460 2096.1
1314470 2087.7
1314480 2087.7
1314490 2080.4
1314500 2076.6
1314510 2076.6
1314520 2073.6
1314530 2070.9
1314540 2070.9
1314550 2069.4
1314560 2067.7
1314570 2067.7
1314580 2064.0
1314590 2058.6
1314600 2058.6
1314610 2056.0
1314620 2055.2
1314630 2055.2
1314640 2053.1
1314650 2048.2
1314660 2048.2
1314670 2045.3
1314680 2041.9
1314690 2038.4
1314700 2038.4
1314710 2033.9
1314720 2027.6
1314730 2027.6
1314740 2020.3
1314750 2013.4
1314760 2013.4
1314770 2008.1
1314780 2004.4
1314790 2004.4
1314800 2001.9
1314810 1999.7
1314820 1999.7
1314830 1995.5
1314840 1989.0
1314850 1989.0
1314860 1983.3
1314870 1979.0
1314880 1979.0
1314890 1976.0
1314900 1973.2
1314910 1973.2
1314920 1970.8
1314930 1969.1
1314940 1969.1
1314950 1968.2
1314960 1966.3
1314970 1963.6
1314980 1963.6
1314990 1959.6
1315000 1955.0
1315010 1955.0
1315020 1950.5
1315030 1946.8
1315040 1946.8
1315050 1944.5
1315060 1943.2
1315070 1943.2
1315080 1940.2
1315090 1935.3
1315100 1935.3
1315110 1930.6
1315120 1925.6
1315130 1925.6
1315140 1921.1
1315150 1916.6
1315160 1916.6
1315170 1909.5
1315180 1900.6
1315190 1900.6
1315200 1892.3
1315210 1885.8
1315220 1879.9
1315230 1879.9
1315240 1873.8
1315250 1868.7
1315260 1868.7
1315270 1864.4
1315280 1860.4
1315290 1860.4
1315300 1855.8
1315310 1850.8
1315320 1850.8
1315330 1846.0
1315340 1840.7
1315350 1840.7
1315360 1835.9
1315370 1831.4
1315380 1831.4
1315390 1827.2
1315400 1823.1
1315410 1823.1
1315420 1818.4
1315430 1818.0
1315440 1818.0
1315450 1818.5
1315460 1815.3
1315470 1812.8
1315480 1812.8
1315490 1810.7
1315500 1808.7
1315510 1808.7
1315520 1806.4
1315530 1803.1
1315540 1803.1
1315550 1799.8
1315560 1797.3
1315570 1797.3
1315580 1795.0
1315590 1792.3
1315600 1792.3
1315610 1786.0
1315620 1777.5
1315630 1777.5
1315640 1769.6
1315650 1762.6
1315660 1762.6
1315670 1755.1
1315680 1747.7
1315690 1747.7
1315700 1739.6
1315710 1731.8
1315720 1731.8
1315730 1726.1
1315740 1727.6
1315750 1731.5
1315760 1731.5
1315770 1736.8
1315780 1742.8
1315790 1742.8
1315800 1749.6
1315810 1755.4
1315820 1755.4
1315830 1760.5
1315840 1765.6
1315850 1765.6
1315860 1768.7
1315870 1771.3
1315880 1771.3
1315890 1773.4
1315900 1774.0
1315910 1774.0
1315920 1773.5
1315930 1771.5
1315940 1771.5
1315950 1768.5
1315960 1766.7
1315970 1766.7
1315980 1764.3
1315990 1761.1
1316000 1757.4
1316010 1757.4
1316020 1753.9
1316030 1748.9
1316040 1748.9
1316050 1746.8
1316060 1745.5
1316070 1745.5
1316080 1743.5
1316090 1741.8
1316100 1741.8
1316110 1740.1
1316120 1738.9
1316130 1738.9
1316140 1739.2
1316150 1741.7
1316160 1747.9
1316170 1750.2
1316180 1752.7
1316190 1752.7
1316200 1755.2
1316210 1757.1
1316220 1757.1
1316230 1759.0
1316240 1760.7
1316250 1760.7
1316260 1762.7
1316270 1765.0
1316280 1767.0
1316290 1767.0
1316300 1769.2
1316310 1771.5
1316320 1771.5
1316330 1774.0
1316340 1776.7
1316350 1776.7
1316360 1779.0
1316370 1781.7
1316380 1781.7
1316390 1784.5
1316400 1786.7
1316410 1786.7
1316420 1788.9
1316430 1792.9
1316440 1792.9
1316450 1795.8
1316460 1797.3
1316470 1797.3
1316480 1801.6
1316490 1807.4
1316500 1807.4
1316510 1812.0
1316520 1815.9
1316530 1819.5
1316540 1819.5
1316550 1822.8
1316560 1825.3
1316570 1825.3
1316580 1828.0
1316590 1830.1
1316600 1830.1
1316610 1833.3
1316620 1838.0
1316630 1838.0
1316640 1841.8
1316650 1845.6
1316660 1845.6
1316670 1850.0
1316680 1854.7
1316690 1854.7
1316700 1858.7
1316710 1863.0
1316720 1863.0
1316730 1866.8
1316740 1869.6
1316750 1869.6
1316760 1872.9
1316770 1876.5
1316780 1880.5
1316790 1880.5
1316800 1884.7
1316810 1888.8
1316820 1888.8
1316830 1892.3
1316840 1895.2
1316850 1895.2
1316860 1897.4
1316870 1898.6
1316880 1898.6
1316890 1896.4
1316900 1891.9
1316910 1896.9
1316920 1894.4
1316930 1893.2
1316940 1893.2
1316950 1893.5
1316960 1895.6
1316970 1895.6
1316980 1899.5
1316990 1902.7
1317000 1902.7
1317010 1904.3
1317020 1902.8
1317030 1902.8
1317040 1900.3
1317050 1898.0
1317060 1897.2
1317070 1897.2
1317080 1893.7
1317090 1888.6
1317100 1888.6
1317110 1884.3
1317120 1882.4
1317130 1882.4
1317140 1879.0
1317150 1876.1
1317160 1876.1
1317170 1875.0
1317180 1875.1
1317190 1875.1
1317200 1872.4
1317210 1871.5
1317220 1871.5
1317230 1875.2
1317240 1878.6
1317250 1878.6
1317260 1881.7
1317270 1885.4
1317280 1885.4
1317290 1889.8
1317300 1891.0
1317310 1888.3
1317320 1888.3
1317330 1884.9
1317340 1883.3
1317350 1883.3
1317360 1881.4
1317370 1876.5
1317380 1876.5
1317390 1870.8
1317400 1865.7
1317410 1865.7
1317420 1860.3
1317430 1855.2
1317440 1855.2
1317450 1850.4
1317460 1844.9
1317470 1844.9
1317480 1839.0
1317490 1834.0
1317500 1834.0
1317510 1829.8
1317520 1826.6
1317530 1826.6
1317540 1823.2
1317550 1819.7
1317560 1819.7
1317570 1816.9
1317580 1814.4
1317590 1810.8
1317600 1810.8
1317610 1805.8
1317620 1800.7
1317630 1800.7
1317640 1795.5
1317650 1792.0
1317660 1792.0
1317670 1789.8
1317680 1791.8
1317690 1791.8
1317700 1790.2
1317710 1791.2
1317720 1791.2
1317730 1785.1
1317740 1777.8
1317750 1777.8
1317760 1773.4
1317770 1770.7
1317780 1770.7
1317790 1768.2
1317800 1766.9
1317810 1766.9
1317820 1765.3
1317830 1763.3
1317840 1761.5
1317850 1761.5
1317860 1759.7
1317870 1756.5
1317880 1756.5
1317890 1752.7
1317900 1750.2
1317910 1750.2
1317920 1747.8
1317930 1745.9
1317940 1745.9
1317950 1743.5
1317960 1740.7
1317970 1740.7
1317980 1737.8
1317990 1735.5
1318000 1735.5
1318010 1733.3
1318020 1731.7
1318030 1731.7
1318040 1727.6
1318050 1722.9
1318060 1722.9
1318070 1719.9
1318080 1716.3
1318090 1716.3
1318100 1712.6
1318110 1710.0
1318120 1708.2
1318130 1708.2
1318140 1706.3
1318150 1704.2
1318160 1704.2
1318170 1702.7
1318180 1701.2
1318190 1701.2
1318200 1699.6
1318210 1697.8
1318220 1697.8
1318230 1695.9
1318240 1695.3
1318250 1695.3
1318260 1694.9
1318270 1694.0
1318280 1694.0
1318290 1693.4
1318300 1692.4
1318310 1692.4
1318320 1690.9
1318330 1690.2
1318340 1690.2
1318350 1691.0
1318360 1690.8
1318370 1689.1
1318380 1689.1
1318390 1685.3
1318400 1681.6
1318410 1681.6
1318420 1678.1
1318430 1674.3
1318440 1680.4
1318450 1678.2
1318460 1674.1
1318470 1674.1
1318480 1672.1
1318490 1671.1
1318500 1671.1
1318510 1670.5
1318520 1668.8
1318530 1668.8
1318540 1666.9
1318550 1665.1
1318560 1665.1
1318570 1663.4
1318580 1662.2
1318590 1662.2
1318600 1660.7
1318610 1659.9
1318620 1659.8
1318630 1659.8
1318640 1659.3
1318650 1659.4
1318660 1659.4
1318670 1658.8
1318680 1658.3
1318690 1658.3
1318700 1656.3
1318710 1653.7
1318720 1653.7
1318730 1651.5
1318740 1649.4
1318750 1649.4
1318760 1647.5
1318770 1646.2
1318780 1646.2
1318790 1644.6
1318800 1643.4
1318810 1643.4
1318820 1642.5
1318830 1641.1
1318840 1641.1
1318850 1638.5
1318860 1637.3
1318870 1637.3
1318880 1636.5
1318890 1634.7
1318900 1632.0
1318910 1632.0
1318920 1626.9
1318930 1620.9
1318940 1620.9
1318950 1616.1
1318960 1611.1
1318970 1611.1
1318980 1606.8
1318990 1602.7
1319000 1602.7
1319010 1597.5
1319020 1592.0
1319030 1592.0
1319040 1587.2
1319050 1584.2
1319060 1584.2
1319070 1581.7
1319080 1577.3
1319090 1577.3
1319100 1572.5
1319110 1567.1
1319120 1567.1
1319130 1562.3
1319140 1558.2
1319150 1554.3
1319160 1554.3
1319170 1550.5
1319180 1546.5
1319190 1546.5
1319200 1541.1
1319210 1537.2
1319220 1537.2
1319230 1531.8
1319240 1526.2
1319250 1526.2
1319260 1523.1
1319270 1520.0
1319280 1520.0
1319290 1517.0
1319300 1513.9
1319310 1513.9
1319320 1510.3
1319330 1506.6
1319340 1506.6
1319350 1503.0
1319360 1498.6
1319370 1498.6
1319380 1493.7
1319390 1489.5
1319400 1489.5
1319410 1485.6
1319420 1480.8
1319430 1476.4
1319440 1476.4
1319450 1472.5
1319460 1468.7
1319470 1468.7
1319480 1465.1
1319490 1460.7
1319500 1460.7
1319510 1457.1
1319520 1454.6
1319530 1454.6
1319540 1452.1
1319550 1449.5
1319560 1449.5
1319570 1446.1
1319580 1442.0
1319590 1442.0
1319600 1438.5
1319610 1435.2
1319620 1435.2
1319630 1433.1
1319640 1431.4
1319650 1431.4
1319660 1429.8
1319670 1426.6
1319680 1421.7
1319690 1421.7
1319700 1417.1
1319710 1412.1
1319720 1412.1
1319730 1406.3
1319740 1399.5
1319750 1399.5
1319760 1390.9
1319770 1382.2
1319780 1382.2
1319790 1375.4
1319800 1370.2
1319810 1370.2
1319820 1366.2
1319830 1362.9
1319840 1362.9
1319850 1359.4
1319860 1355.3
1319870 1355.3
1319880 1349.8
1319890 1343.0
1319900 1343.0
1319910 1335.6
1319920 1329.7
1319930 1329.7
1319940 1325.2
1319950 1321.0
1319960 1316.9
1319970 1316.9
1319980 1315.3
1319990 1312.8
