1300000 893.3
1300010 893.3
1300020 893.5
1300030 893.3
1300040 893.3
1300050 893.3
1300060 893.8
1300070 893.8
1300080 894.1
1300090 893.8
1300100 893.8
1300110 894.2
1300120 893.9
1300130 893.9
1300140 893.7
1300150 894.4
1300160 894.4
1300170 895.2
1300180 895.9
1300190 895.9
1300200 896.7
1300210 897.8
1300220 897.8
1300230 898.9
1300240 899.9
1300250 900.3
1300260 900.3
1300270 901.1
1300280 901.6
1300290 901.6
1300300 902.4
1300310 903.1
1300320 903.1
1300330 904.0
1300340 904.6
1300350 904.6
1300360 905.0
1300370 905.3
1300380 905.3
1300390 905.2
1300400 903.8
1300410 903.8
1300420 901.4
1300430 903.6
1300440 903.6
1300450 905.1
1300460 907.2
1300470 907.2
1300480 908.7
1300490 910.0
1300500 910.0
1300510 911.6
1300520 913.7
1300530 915.8
1300540 915.8
1300550 918.1
1300560 920.4
1300570 920.4
1300580 922.5
1300590 924.5
1300600 924.5
1300610 926.5
1300620 928.4
1300630 928.4
1300640 930.2
1300650 931.8
1300660 931.8
1300670 932.9
1300680 933.8
1300690 933.8
1300700 934.7
1300710 936.0
1300720 936.0
1300730 937.5
1300740 938.8
1300750 938.8
1300760 940.4
1300770 942.1
1300780 942.1
1300790 943.3
1300800 944.6
1300810 946.5
1300820 946.5
1300830 948.6
1300840 950.4
1300850 950.4
1300860 952.2
1300870 954.0
1300880 954.0
1300890 955.5
1300900 956.7
1300910 956.7
1300920 957.4
1300930 958.2
1300940 958.2
1300950 958.8
1300960 959.0
1300970 959.0
1300980 959.6
1300990 963.4
1301000 963.4
1301010 964.7
1301020 965.8
1301030 965.8
1301040 966.7
1301050 967.4
1301060 967.4
1301070 967.9
1301080 967.8
1301090 967.1
1301100 967.1
1301110 966.4
1301120 966.8
1301130 966.8
1301140 967.8
1301150 968.3
1301160 968.3
1301170 968.8
1301180 969.6
1301190 969.6
1301200 970.8
1301210 971.3
1301220 971.3
1301230 971.1
1301240 970.9
1301250 970.9
1301260 971.2
1301270 972.0
1301280 972.0
1301290 973.3
1301300 974.5
1301310 974.5
1301320 973.9
1301330 973.6
1301340 973.7
1301350 973.7
1301360 974.8
1301370 977.4
1301380 977.4
1301390 979.6
1301400 980.3
1301410 980.3
1301420 979.4
1301430 978.9
1301440 978.9
1301450 979.7
1301460 980.5
1301470 980.5
1301480 980.4
1301490 979.6
1301500 979.6
1301510 978.7
1301520 978.3
1301530 978.3
1301540 978.4
1301550 978.5
1301560 978.5
1301570 979.0
1301580 979.0
1301590 979.0
1301600 978.4
1301610 976.8
1301620 975.8
1301630 975.8
1301640 975.1
1301650 974.8
1301660 974.8
1301670 974.9
1301680 978.4
1301690 978.4
1301700 978.1
1301710 977.3
1301720 977.3
1301730 977.6
1301740 978.1
1301750 978.1
1301760 977.7
1301770 977.3
1301780 977.3
1301790 976.8
1301800 976.6
1301810 976.6
1301820 975.8
1301830 974.6
1301840 974.6
1301850 972.9
1301860 971.0
1301870 971.0
1301880 969.9
1301890 970.2
1301900 971.4
1301910 971.4
1301920 972.6
1301930 973.0
1301940 973.0
1301950 973.0
1301960 972.5
1301970 972.5
1301980 971.9
1301990 971.5
1302000 971.5
1302010 971.9
1302020 972.9
1302030 972.9
1302040 973.1
1302050 972.4
1302060 972.4
1302070 971.2
1302080 970.2
1302090 970.2
1302100 970.7
1302110 972.0
1302120 972.0
1302130 972.2
1302140 971.0
1302150 969.9
1302160 969.9
1302170 968.5
1302180 966.9
1302190 966.9
1302200 965.2
1302210 963.6
1302220 963.6
1302230 962.0
1302240 960.0
1302250 960.0
1302260 957.9
1302270 955.5
1302280 955.5
1302290 953.0
1302300 951.2
1302310 951.2
1302320 950.0
1302330 948.8
1302340 948.8
1302350 946.8
1302360 943.9
1302370 943.9
1302380 943.2
1302390 941.5
1302400 941.5
1302410 942.4
1302420 943.1
1302430 942.5
1302440 942.5
1302450 941.7
1302460 940.4
1302470 940.4
1302480 938.9
1302490 937.1
1302500 937.1
1302510 935.2
1302520 934.5
1302530 934.5
1302540 931.5
1302550 925.4
1302560 925.4
1302570 918.7
1302580 913.4
1302590 913.4
1302600 910.2
1302610 906.1
1302620 906.1
1302630 910.3
1302640 916.8
1302650 916.8
1302660 917.2
1302670 917.3
1302680 917.3
1302690 918.7
1302700 919.4
1302710 920.3
1302720 920.3
1302730 921.5
1302740 922.2
1302750 922.2
1302760 923.1
1302770 924.2
1302780 924.2
1302790 926.1
1302800 927.5
1302810 927.5
1302820 928.8
1302830 931.3
1302840 931.3
1302850 934.3
1302860 937.5
1302870 937.5
1302880 938.7
1302890 938.6
1302900 938.6
1302910 938.6
1302920 938.9
1302930 938.9
1302940 939.3
1302950 939.5
1302960 939.5
1302970 939.6
1302980 939.2
1302990 935.8
1303000 935.8
1303010 929.6
1303020 923.8
1303030 923.8
1303040 918.9
1303050 914.8
1303060 914.8
1303070 911.2
1303080 907.4
1303090 907.4
1303100 903.5
1303110 899.8
1303120 899.8
1303130 895.8
1303140 893.0
1303150 893.0
1303160 890.9
1303170 892.7
1303180 892.7
1303190 898.3
1303200 901.9
1303210 901.9
1303220 906.6
1303230 912.1
1303240 916.3
1303250 916.3
1303260 918.7
1303270 919.4
1303280 919.4
1303290 920.6
1303300 919.6
1303310 919.6
1303320 921.5
1303330 922.5
1303340 922.5
1303350 923.7
1303360 925.1
1303370 925.1
1303380 926.8
1303390 929.1
1303400 929.1
1303410 929.2
1303420 925.6
1303430 925.6
1303440 922.0
1303450 917.8
1303460 917.8
1303470 914.5
1303480 916.8
1303490 916.8
1303500 920.8
1303510 924.6
1303520 928.2
1303530 928.2
1303540 931.4
1303550 932.9
1303560 932.9
1303570 932.5
1303580 931.0
1303590 931.0
1303600 929.2
1303610 929.4
1303620 929.4
1303630 932.3
1303640 934.5
1303650 934.5
1303660 935.6
1303670 935.0
1303680 935.0
1303690 932.8
1303700 929.8
1303710 929.8
1303720 927.0
1303730 924.7
1303740 924.7
1303750 922.2
1303760 918.6
1303770 918.6
1303780 914.3
1303790 908.4
1303800 903.5
1303810 903.5
1303820 899.5
1303830 900.3
1303840 900.3
1303850 902.5
1303860 903.0
1303870 903.0
1303880 903.0
1303890 901.7
1303900 901.7
1303910 900.4
1303920 899.9
1303930 899.9
1303940 899.9
1303950 899.8
1303960 899.8
1303970 898.6
1303980 897.3
1303990 897.3
1304000 895.5
1304010 893.7
1304020 893.7
1304030 892.9
1304040 892.3
1304050 891.5
1304060 891.5
1304070 891.0
1304080 890.9
1304090 890.9
1304100 891.4
1304110 892.1
1304120 892.1
1304130 892.9
1304140 893.9
1304150 893.9
1304160 894.7
1304170 895.4
1304180 895.4
1304190 895.9
1304200 896.2
1304210 896.2
1304220 896.7
1304230 897.8
1304240 897.8
1304250 899.0
1304260 899.8
1304270 899.8
1304280 899.9
1304290 899.7
1304300 899.7
1304310 899.8
1304320 899.7
1304330 899.0
1304340 899.0
1304350 900.3
1304360 901.6
1304370 901.6
1304380 902.0
1304390 902.8
1304400 902.8
1304410 903.1
1304420 904.5
1304430 904.5
1304440 905.1
1304450 906.6
1304460 906.6
1304470 908.3
1304480 909.9
1304490 909.0
1304500 910.7
1304510 912.8
1304520 912.8
1304530 914.2
1304540 914.9
1304550 914.9
1304560 915.3
1304570 916.0
1304580 916.0
1304590 916.9
1304600 918.3
1304610 920.4
1304620 920.4
1304630 922.7
1304640 925.0
1304650 925.0
1304660 927.7
1304670 930.9
1304680 930.9
1304690 933.5
1304700 935.2
1304710 935.2
1304720 936.6
1304730 938.6
1304740 938.6
1304750 940.8
1304760 944.5
1304770 944.5
1304780 950.6
1304790 955.1
1304800 955.1
1304810 959.0
1304820 962.5
1304830 962.5
1304840 965.0
1304850 966.0
1304860 966.6
1304870 966.6
1304880 967.8
1304890 969.4
1304900 969.4
1304910 970.7
1304920 971.3
1304930 971.3
1304940 973.1
1304950 974.7
1304960 974.7
1304970 976.5
1304980 978.4
1304990 978.4
1305000 980.5
1305010 982.5
1305020 982.5
1305030 984.1
1305040 985.8
1305050 985.8
1305060 987.9
1305070 989.7
1305080 989.7
1305090 991.3
1305100 993.1
1305110 993.1
1305120 995.2
1305130 997.6
1305140 1000.2
1305150 1000.2
1305160 1002.2
1305170 1003.1
1305180 1003.1
1305190 1003.1
1305200 998.3
1305210 998.3
1305220 1002.2
1305230 1003.5
1305240 1003.5
1305250 1003.8
1305260 1004.4
1305270 1004.4
1305280 1006.3
1305290 1007.0
1305300 1007.0
1305310 1006.8
1305320 1006.1
1305330 1006.1
1305340 1006.4
1305350 1004.8
1305360 1004.8
1305370 1000.8
1305380 999.9
1305390 999.9
1305400 998.6
1305410 999.9
1305420 1003.9
1305430 1003.9
1305440 1003.2
1305450 998.7
1305460 998.7
1305470 994.3
1305480 993.9
1305490 993.9
1305500 998.3
1305510 1000.7
1305520 1000.7
1305530 1000.9
1305540 1001.2
1305550 1001.2
1305560 1003.4
1305570 1005.2
1305580 1005.2
1305590 1002.1
1305600 999.3
1305610 999.3
1305620 1000.9
1305630 1008.4
1305640 1008.4
1305650 1014.5
1305660 1016.8
1305670 1017.9
1305680 1017.9
1305690 1019.8
1305700 1021.5
1305710 1021.5
1305720 1023.2
1305730 1024.3
1305740 1024.3
1305750 1025.7
1305760 1030.5
1305770 1030.5
1305780 1032.2
1305790 1031.0
1305800 1031.0
1305810 1031.0
1305820 1032.5
1305830 1032.5
1305840 1033.1
1305850 1031.2
1305860 1031.2
1305870 1034.4
1305880 1039.7
1305890 1039.7
1305900 1044.2
1305910 1046.3
1305920 1046.3
1305930 1051.9
1305940 1057.2
1305950 1062.7
1305960 1062.7
1305970 1067.1
1305980 1070.1
1305990 1070.1
1306000 1072.4
1306010 1074.5
1306020 1074.5
1306030 1077.0
1306040 1079.5
1306050 1079.5
1306060 1081.9
1306070 1085.1
1306080 1085.1
1306090 1088.6
1306100 1090.9
1306110 1090.9
1306120 1091.8
1306130 1090.0
1306140 1090.0
1306150 1085.9
1306160 1083.9
1306170 1083.9
1306180 1084.9
1306190 1084.7
1306200 1084.7
1306210 1084.8
1306220 1084.7
1306230 1085.6
1306240 1085.6
1306250 1087.1
1306260 1089.4
1306270 1089.4
1306280 1090.5
1306290 1093.8
1306300 1093.8
1306310 1099.1
1306320 1104.4
1306330 1104.4
1306340 1109.4
1306350 1114.2
1306360 1114.2
1306370 1119.3
1306380 1124.4
1306390 1124.4
1306400 1129.6
1306410 1134.8
1306420 1134.8
1306430 1139.4
1306440 1144.2
1306450 1144.2
1306460 1148.9
1306470 1154.0
1306480 1154.0
1306490 1158.3
1306500 1162.0
1306510 1163.7
1306520 1163.7
1306530 1165.6
1306540 1167.6
1306550 1167.6
1306560 1169.1
1306570 1170.1
1306580 1170.1
1306590 1171.1
1306600 1173.3
1306610 1173.3
1306620 1176.0
1306630 1178.8
1306640 1178.8
1306650 1181.6
1306660 1184.8
1306670 1184.8
1306680 1188.0
1306690 1190.6
1306700 1190.6
1306710 1194.3
1306720 1198.2
1306730 1198.2
1306740 1200.8
1306750 1203.9
1306760 1208.5
1306770 1208.5
1306780 1214.1
1306790 1219.0
1306800 1219.0
1306810 1224.2
1306820 1229.3
1306830 1229.3
1306840 1234.6
1306850 1240.4
1306860 1240.4
1306870 1247.1
1306880 1253.4
1306890 1253.4
1306900 1257.8
1306910 1262.1
1306920 1262.1
1306930 1266.5
1306940 1268.8
1306950 1268.8
1306960 1270.4
1306970 1272.9
1306980 1272.9
1306990 1274.9
1307000 1276.9
1307010 1276.9
1307020 1279.2
1307030 1282.5
1307040 1287.7
1307050 1287.7
1307060 1293.0
1307070 1299.7
1307080 1299.7
1307090 1306.1
1307100 1312.2
1307110 1312.2
1307120 1319.2
1307130 1321.8
1307140 1321.8
1307150 1323.8
1307160 1326.7
1307170 1326.7
1307180 1331.4
1307190 1334.4
1307200 1334.4
1307210 1336.3
1307220 1339.1
1307230 1339.1
1307240 1340.9
1307250 1341.4
1307260 1341.4
1307270 1342.5
1307280 1343.9
1307290 1343.9
1307300 1345.5
1307310 1347.0
1307320 1348.2
1307330 1348.2
1307340 1349.5
1307350 1351.6
1307360 1351.6
1307370 1353.2
1307380 1354.4
1307390 1354.4
1307400 1356.3
1307410 1359.1
1307420 1359.1
1307430 1362.5
1307440 1366.3
1307450 1366.3
1307460 1369.8
1307470 1374.0
1307480 1374.0
1307490 1377.4
1307500 1380.9
1307510 1380.9
1307520 1383.9
1307530 1386.8
1307540 1386.8
1307550 1389.5
1307560 1391.8
1307570 1393.6
1307580 1393.6
1307590 1395.9
1307600 1398.5
1307610 1398.5
1307620 1398.6
1307630 1398.7
1307640 1398.7
1307650 1400.8
1307660 1403.9
1307670 1403.9
1307680 1406.8
1307690 1409.4
1307700 1409.4
1307710 1411.6
1307720 1413.7
1307730 1413.7
1307740 1415.7
1307750 1417.9
1307760 1417.9
1307770 1420.4
1307780 1423.6
1307790 1423.6
1307800 1426.3
1307810 1428.1
1307820 1428.1
1307830 1430.3
1307840 1433.0
1307850 1435.6
1307860 1435.6
1307870 1437.2
1307880 1438.4
1307890 1438.4
1307900 1440.3
1307910 1442.3
1307920 1442.3
1307930 1444.9
1307940 1448.5
1307950 1448.5
1307960 1450.3
1307970 1451.3
1307980 1451.3
1307990 1453.6
1308000 1456.9
1308010 1456.9
1308020 1459.8
1308030 1461.5
1308040 1461.5
1308050 1463.3
1308060 1463.2
1308070 1463.2
1308080 1466.6
1308090 1470.5
1308100 1470.5
1308110 1475.3
1308120 1480.7
1308130 1486.0
1308140 1486.0
1308150 1491.7
1308160 1498.4
1308170 1498.4
1308180 1505.6
1308190 1510.6
1308200 1510.6
1308210 1516.4
1308220 1522.0
1308230 1522.0
1308240 1525.4
1308250 1529.0
1308260 1529.0
1308270 1533.4
1308280 1537.4
1308290 1537.4
1308300 1541.2
1308310 1545.5
1308320 1545.5
1308330 1549.2
1308340 1553.9
1308350 1553.9
1308360 1556.0
1308370 1557.9
1308380 1562.7
1308390 1562.7
1308400 1568.3
1308410 1574.0
1308420 1574.0
1308430 1578.6
1308440 1582.5
1308450 1582.5
1308460 1585.1
1308470 1589.1
1308480 1589.1
1308490 1592.2
1308500 1594.1
1308510 1594.1
1308520 1595.8
1308530 1598.5
1308540 1598.5
1308550 1601.6
1308560 1604.3
1308570 1604.3
1308580 1605.5
1308590 1607.6
1308600 1607.6
1308610 1610.6
1308620 1614.3
1308630 1614.3
1308640 1617.5
1308650 1620.7
1308660 1625.3
1308670 1625.3
1308680 1629.4
1308690 1634.2
1308700 1634.2
1308710 1638.7
1308720 1642.5
1308730 1642.5
1308740 1646.3
1308750 1650.5
1308760 1650.5
1308770 1653.9
1308780 1654.4
1308790 1654.4
1308800 1656.3
1308810 1657.3
1308820 1657.3
1308830 1659.0
1308840 1661.5
1308850 1661.5
1308860 1664.3
1308870 1666.8
1308880 1666.8
1308890 1669.9
1308900 1672.8
1308910 1672.8
1308920 1675.5
1308930 1678.0
1308940 1680.0
1308950 1680.0
1308960 1681.8
1308970 1684.4
1308980 1684.4
1308990 1686.7
1309000 1688.8
1309010 1688.8
1309020 1691.5
1309030 1693.3
1309040 1693.3
1309050 1695.7
1309060 1700.2
1309070 1700.2
1309080 1705.0
1309090 1708.9
1309100 1708.9
1309110 1712.9
1309120 1716.1
1309130 1716.1
1309140 1719.0
1309150 1723.7
1309160 1723.7
1309170 1727.8
1309180 1730.6
1309190 1730.6
1309200 1734.0
1309210 1737.5
1309220 1739.7
1309230 1739.7
1309240 1742.2
1309250 1744.9
1309260 1744.9
1309270 1747.1
1309280 1751.1
1309290 1751.1
1309300 1754.9
1309310 1759.9
1309320 1759.9
1309330 1766.6
1309340 1772.5
1309350 1772.5
1309360 1777.6
1309370 1781.9
1309380 1781.9
1309390 1785.7
1309400 1790.1
1309410 1790.1
1309420 1795.0
1309430 1799.3
1309440 1799.3
1309450 1803.7
1309460 1807.6
1309470 1811.2
1309480 1811.2
1309490 1814.2
1309500 1816.4
1309510 1813.4
1309520 1815.9
1309530 1818.4
1309540 1818.4
1309550 1819.9
1309560 1821.8
1309570 1821.8
1309580 1824.7
1309590 1827.3
1309600 1827.3
1309610 1829.5
1309620 1831.6
1309630 1831.6
1309640 1834.3
1309650 1837.3
1309660 1837.3
1309670 1839.7
1309680 1842.1
1309690 1842.1
1309700 1844.6
1309710 1846.8
1309720 1846.8
1309730 1849.2
1309740 1852.9
1309750 1855.3
1309760 1855.3
1309770 1857.1
1309780 1860.2
1309790 1860.2
1309800 1863.6
1309810 1867.5
1309820 1867.5
1309830 1871.2
1309840 1874.1
1309850 1874.1
1309860 1876.3
1309870 1878.5
1309880 1878.5
1309890 1880.9
1309900 1883.8
1309910 1883.8
1309920 1886.5
1309930 1888.8
1309940 1888.8
1309950 1891.1
1309960 1893.8
1309970 1893.8
1309980 1896.6
1309990 1899.3
1310000 1899.3
1310010 1903.3
1310020 1908.4
1310030 1915.1
1310040 1915.1
1310050 1921.4
1310060 1926.8
1310070 1926.8
1310080 1931.5
1310090 1935.2
1310100 1935.2
1310110 1939.8
1310120 1944.6
1310130 1944.6
1310140 1949.2
1310150 1953.9
1310160 1953.9
1310170 1956.8
1310180 1956.9
1310190 1956.9
1310200 1956.8
1310210 1957.5
1310220 1957.5
1310230 1952.4
1310240 1953.4
1310250 1953.4
1310260 1953.8
1310270 1954.3
1310280 1954.4
1310290 1954.4
1310300 1954.1
1310310 1953.2
1310320 1953.2
1310330 1949.3
1310340 1945.7
1310350 1945.7
1310360 1942.9
1310370 1939.1
1310380 1939.1
1310390 1934.1
1310400 1930.2
1310410 1930.2
1310420 1927.3
1310430 1924.1
1310440 1924.1
1310450 1919.4
1310460 1913.1
1310470 1913.1
1310480 1906.8
1310490 1902.9
1310500 1902.9
1310510 1900.5
1310520 1898.1
1310530 1898.1
1310540 1895.6
1310550 1892.3
1310560 1888.4
1310570 1888.4
1310580 1884.2
1310590 1880.2
1310600 1880.2
1310610 1875.9
1310620 1871.4
1310630 1871.4
1310640 1867.6
1310650 1863.5
1310660 1863.5
1310670 1859.6
1310680 1855.7
1310690 1855.7
1310700 1852.2
1310710 1849.4
1310720 1849.4
1310730 1846.6
1310740 1843.6
1310750 1843.6
1310760 1840.0
1310770 1835.9
1310780 1835.9
1310790 1831.9
1310800 1827.9
1310810 1827.9
1310820 1825.4
1310830 1824.7
1310840 1823.7
1310850 1823.7
1310860 1822.3
1310870 1821.2
1310880 1821.2
1310890 1819.6
1310900 1817.3
1310910 1817.3
1310920 1814.9
1310930 1812.4
1310940 1812.4
1310950 1810.2
1310960 1805.1
1310970 1805.1
1310980 1802.6
1310990 1799.0
1311000 1799.0
1311010 1793.7
1311020 1789.5
1311030 1789.5
1311040 1786.6
1311050 1783.9
1311060 1783.9
1311070 1780.4
1311080 1776.8
1311090 1774.8
1311100 1774.8
1311110 1773.3
1311120 1771.0
1311130 1771.0
1311140 1769.2
1311150 1768.0
1311160 1768.0
1311170 1767.3
1311180 1764.8
1311190 1764.8
1311200 1761.4
1311210 1756.7
1311220 1756.7
1311230 1751.6
1311240 1747.6
1311250 1747.6
1311260 1743.7
1311270 1739.0
1311280 1739.0
1311290 1734.1
1311300 1729.9
1311310 1729.9
1311320 1726.1
1311330 1721.7
1311340 1721.7
1311350 1716.4
1311360 1710.4
1311370 1705.0
1311380 1705.0
1311390 1700.2
1311400 1695.8
1311410 1695.8
1311420 1692.1
1311430 1690.0
1311440 1690.0
1311450 1688.5
1311460 1686.5
1311470 1686.5
1311480 1684.9
1311490 1683.0
1311500 1683.0
1311510 1681.1
1311520 1679.8
1311530 1679.8
1311540 1677.9
1311550 1675.0
1311560 1675.0
1311570 1671.4
1311580 1667.7
1311590 1667.7
1311600 1663.1
1311610 1658.7
1311620 1658.7
1311630 1655.2
1311640 1652.0
1311650 1648.9
1311660 1648.9
1311670 1645.5
1311680 1642.4
1311690 1642.4
1311700 1638.0
1311710 1634.6
1311720 1634.6
1311730 1629.7
1311740 1624.6
1311750 1624.6
1311760 1620.3
1311770 1616.7
1311780 1616.7
1311790 1613.0
1311800 1609.4
1311810 1609.4
1311820 1605.7
1311830 1603.0
1311840 1603.0
1311850 1600.4
1311860 1597.3
1311870 1597.3
1311880 1593.0
1311890 1588.2
1311900 1583.7
1311910 1583.7
1311920 1579.7
1311930 1575.4
1311940 1575.4
1311950 1570.0
1311960 1564.5
1311970 1564.5
1311980 1559.4
1311990 1555.6
1312000 1555.6
1312010 1551.5
1312020 1547.2
1312030 1547.2
1312040 1543.5
1312050 1542.0
1312060 1542.0
1312070 1541.5
1312080 1539.6
1312090 1539.6
1312100 1536.7
1312110 1533.5
1312120 1533.5
1312130 1529.4
1312140 1525.3
1312150 1525.3
1312160 1521.5
1312170 1518.1
1312180 1515.1
1312190 1515.1
1312200 1512.4
1312210 1509.9
1312220 1509.9
1312230 1506.7
1312240 1503.8
1312250 1503.8
1312260 1501.5
1312270 1498.7
1312280 1498.7
1312290 1495.8
1312300 1493.2
1312310 1493.2
1312320 1491.9
1312330 1491.0
1312340 1491.0
1312350 1490.4
1312360 1489.6
1312370 1489.6
1312380 1488.1
1312390 1486.4
1312400 1486.4
1312410 1484.5
1312420 1482.9
1312430 1482.9
1312440 1478.8
1312450 1477.3
1312460 1474.5
1312470 1474.5
1312480 1472.1
1312490 1470.1
1312500 1470.1
1312510 1467.6
1312520 1464.5
1312530 1464.5
1312540 1461.7
1312550 1459.4
1312560 1459.4
1312570 1457.2
1312580 1455.0
1312590 1455.0
1312600 1452.4
1312610 1450.0
1312620 1450.0
1312630 1447.0
1312640 1444.2
1312650 1444.2
1312660 1441.6
1312670 1439.1
1312680 1439.1
1312690 1436.2
1312700 1432.4
1312710 1432.4
1312720 1428.1
1312730 1424.2
1312740 1420.8
1312750 1420.8
1312760 1417.7
1312770 1414.5
1312780 1414.5
1312790 1410.9
1312800 1407.3
1312810 1407.3
1312820 1403.8
1312830 1400.2
1312840 1400.2
1312850 1397.0
1312860 1393.5
1312870 1393.5
1312880 1389.9
1312890 1386.5
1312900 1386.5
1312910 1382.6
1312920 1378.3
1312930 1378.3
1312940 1374.4
1312950 1370.9
1312960 1370.9
1312970 1368.1
1312980 1364.8
1312990 1361.0
1313000 1361.0
1313010 1357.2
1313020 1353.4
1313030 1353.4
1313040 1349.8
1313050 1346.3
1313060 1346.3
1313070 1343.0
1313080 1340.8
1313090 1340.8
1313100 1338.3
1313110 1334.4
1313120 1334.4
1313130 1330.4
1313140 1326.7
1313150 1326.7
1313160 1320.3
1313170 1311.7
1313180 1311.9
1313190 1303.1
1313200 1293.7
1313210 1293.7
1313220 1289.3
1313230 1282.5
1313240 1282.5
1313250 1278.1
1313260 1278.0
1313270 1281.2
1313280 1281.2
1313290 1283.2
1313300 1280.5
1313310 1280.5
1313320 1277.2
1313330 1274.3
1313340 1274.3
1313350 1270.7
1313360 1266.7
1313370 1266.7
1313380 1261.0
1313390 1255.1
1313400 1255.1
1313410 1249.7
1313420 1244.9
1313430 1244.9
1313440 1241.2
1313450 1237.5
1313460 1237.5
1313470 1233.7
1313480 1230.3
1313490 1230.3
1313500 1227.6
1313510 1223.8
1313520 1223.8
1313530 1218.8
1313540 1213.7
1313550 1208.2
1313560 1208.2
1313570 1201.4
1313580 1195.2
1313590 1195.2
1313600 1189.1
1313610 1182.3
1313620 1182.3
1313630 1175.4
1313640 1167.4
1313650 1167.4
1313660 1158.7
1313670 1150.2
1313680 1150.2
1313690 1143.5
1313700 1143.1
1313710 1143.1
1313720 1146.6
1313730 1147.0
1313740 1147.0
1313750 1145.5
1313760 1142.9
1313770 1142.9
1313780 1138.7
1313790 1133.6
1313800 1124.1
1313810 1124.1
1313820 1115.0
1313830 1111.0
1313840 1111.0
1313850 1106.4
1313860 1101.6
1313870 1101.6
1313880 1098.3
1313890 1095.6
1313900 1095.6
1313910 1092.2
1313920 1082.3
1313930 1082.3
1313940 1081.3
1313950 1082.4
1313960 1082.4
1313970 1084.4
1313980 1089.0
1313990 1089.0
1314000 1093.0
1314010 1097.3
1314020 1097.3
1314030 1101.6
1314040 1103.7
1314050 1103.7
1314060 1104.6
1314070 1106.8
1314080 1107.1
1314090 1107.1
1314100 1106.8
1314110 1107.1
1314120 1107.1
1314130 1108.2
1314140 1109.1
1314150 1109.1
1314160 1109.0
1314170 1110.5
1314180 1110.5
1314190 1111.9
1314200 1109.7
1314210 1109.7
1314220 1110.1
1314230 1114.1
1314240 1114.1
1314250 1112.7
1314260 1110.5
1314270 1110.5
1314280 1110.4
1314290 1111.0
1314300 1111.0
1314310 1110.3
1314320 1109.8
1314330 1109.8
1314340 1110.2
1314350 1110.3
1314360 1111.2
1314370 1111.2
1314380 1110.4
1314390 1109.9
1314400 1109.9
1314410 1109.4
1314420 1110.1
1314430 1110.1
1314440 1111.9
1314450 1115.0
1314460 1115.0
1314470 1118.5
1314480 1120.6
1314490 1120.6
1314500 1122.4
1314510 1123.9
1314520 1123.9
1314530 1124.6
1314540 1123.9
1314550 1123.9
1314560 1123.9
1314570 1125.2
1314580 1125.2
1314590 1125.6
1314600 1123.4
1314610 1129.6
1314620 1129.6
1314630 1138.9
1314640 1146.1
1314650 1146.1
1314660 1154.4
1314670 1163.1
1314680 1163.1
1314690 1169.1
1314700 1173.1
1314710 1173.1
1314720 1176.1
1314730 1179.1
1314740 1179.1
1314750 1183.1
1314760 1185.4
1314770 1185.4
1314780 1188.4
1314790 1189.6
1314800 1189.6
1314810 1188.1
1314820 1187.4
1314830 1187.4
1314840 1190.0
1314850 1192.8
1314860 1192.8
1314870 1195.7
1314880 1198.4
1314890 1200.4
1314900 1200.4
1314910 1202.2
1314920 1203.4
1314930 1203.4
1314940 1204.6
1314950 1206.6
1314960 1206.6
1314970 1208.9
1314980 1210.9
1314990 1210.9
1315000 1215.0
1315010 1219.7
1315020 1219.7
1315030 1225.0
1315040 1228.6
1315050 1228.6
1315060 1231.4
1315070 1235.3
1315080 1235.3
1315090 1239.0
1315100 1241.2
1315110 1241.2
1315120 1244.2
1315130 1248.6
1315140 1248.6
1315150 1252.5
1315160 1254.7
1315170 1257.6
1315180 1257.6
1315190 1260.2
1315200 1261.8
1315210 1261.8
1315220 1263.1
1315230 1264.3
1315240 1264.3
1315250 1266.1
1315260 1268.1
1315270 1268.1
1315280 1270.3
1315290 1273.1
1315300 1273.1
1315310 1276.9
1315320 1281.7
1315330 1281.7
1315340 1284.8
1315350 1287.1
1315360 1287.1
1315370 1288.3
1315380 1287.3
1315390 1287.3
1315400 1286.3
1315410 1288.2
1315420 1294.2
1315430 1295.3
1315440 1300.8
1315450 1305.8
1315460 1305.8
1315470 1308.9
1315480 1312.6
1315490 1312.6
1315500 1317.5
1315510 1322.2
1315520 1322.2
1315530 1326.8
1315540 1331.0
1315550 1331.0
1315560 1335.8
1315570 1341.0
1315580 1341.0
1315590 1345.1
1315600 1349.2
1315610 1349.2
1315620 1353.3
1315630 1357.4
1315640 1357.4
1315650 1361.1
1315660 1364.4
1315670 1364.4
1315680 1367.6
1315690 1370.5
1315700 1372.8
1315710 1372.8
1315720 1374.3
1315730 1375.7
1315740 1375.7
1315750 1376.2
1315760 1377.6
1315770 1377.6
1315780 1379.1
1315790 1379.5
1315800 1379.5
1315810 1383.1
1315820 1387.7
1315830 1387.7
1315840 1394.0
1315850 1398.7
1315860 1398.7
1315870 1400.1
1315880 1402.3
1315890 1402.3
1315900 1408.7
1315910 1415.4
1315920 1415.4
1315930 1422.3
1315940 1428.9
1315950 1428.9
1315960 1434.6
1315970 1440.8
1315980 1447.4
1315990 1447.4
1316000 1455.2
1316010 1462.3
1316020 1462.3
1316030 1469.1
1316040 1477.0
1316050 1477.0
1316060 1483.6
1316070 1490.4
1316080 1490.4
1316090 1497.6
1316100 1504.8
1316110 1504.8
1316120 1510.9
1316130 1517.8
1316140 1517.8
1316150 1525.5
1316160 1533.3
1316170 1533.3
1316180 1542.7
1316190 1547.6
1316200 1547.6
1316210 1551.4
1316220 1554.4
1316230 1554.4
1316240 1556.8
1316250 1559.3
1316260 1562.0
1316270 1562.0
1316280 1564.4
1316290 1566.7
1316300 1566.7
1316310 1568.7
1316320 1570.1
1316330 1570.1
1316340 1570.7
1316350 1570.0
1316360 1570.0
1316370 1567.9
1316380 1564.8
1316390 1564.8
1316400 1561.3
1316410 1557.1
1316420 1557.1
1316430 1552.8
1316440 1548.1
1316450 1548.1
1316460 1543.3
1316470 1538.3
1316480 1538.3
1316490 1533.0
1316500 1527.6
1316510 1521.4
1316520 1521.4
1316530 1515.5
1316540 1510.0
1316550 1510.0
1316560 1504.8
1316570 1499.4
1316580 1499.4
1316590 1494.2
1316600 1489.1
1316610 1489.1
1316620 1484.5
1316630 1480.7
1316640 1480.7
1316650 1477.8
1316660 1475.1
1316670 1475.1
1316680 1472.0
1316690 1468.8
1316700 1468.8
1316710 1465.2
1316720 1461.6
1316730 1461.6
1316740 1457.9
1316750 1453.7
1316760 1453.7
1316770 1448.8
1316780 1444.4
1316790 1440.3
1316800 1440.3
1316810 1437.3
1316820 1435.0
1316830 1435.0
1316840 1432.3
1316850 1430.7
1316860 1430.7
1316870 1431.2
1316880 1434.2
1316890 1434.2
1316900 1436.6
1316910 1438.6
1316920 1438.6
1316930 1440.7
1316940 1442.3
1316950 1442.3
1316960 1444.7
1316970 1447.1
1316980 1447.1
1316990 1449.0
1317000 1445.7
1317010 1445.7
1317020 1441.4
1317030 1441.9
1317040 1441.9
1317050 1442.6
1317060 1444.3
1317070 1446.1
1317080 1446.1
1317090 1446.3
1317100 1446.9
1317110 1446.9
1317120 1449.5
1317130 1451.5
1317140 1451.5
1317150 1453.7
1317160 1456.6
1317170 1456.6
1317180 1459.7
1317190 1461.4
1317200 1461.4
1317210 1462.6
1317220 1464.4
1317230 1464.4
1317240 1466.9
1317250 1469.5
1317260 1469.5
1317270 1466.4
1317280 1460.3
1317290 1460.3
1317300 1455.3
1317310 1450.6
1317320 1445.6
1317330 1445.6
1317340 1444.3
1317350 1445.3
1317360 1445.3
1317370 1446.8
1317380 1447.6
1317390 1447.6
1317400 1446.9
1317410 1445.5
1317420 1445.5
1317430 1443.5
1317440 1441.2
1317450 1441.2
1317460 1437.9
1317470 1433.9
1317480 1433.9
1317490 1428.0
1317500 1421.8
1317510 1421.8
1317520 1416.5
1317530 1410.3
1317540 1410.3
1317550 1404.1
1317560 1398.6
1317570 1398.6
1317580 1394.5
1317590 1392.9
1317600 1391.3
1317610 1391.3
1317620 1386.1
1317630 1379.8
1317640 1379.8
1317650 1374.8
1317660 1370.4
1317670 1370.4
1317680 1366.9
1317690 1364.1
1317700 1360.4
1317710 1358.6
1317720 1356.5
1317730 1356.5
1317740 1352.5
1317750 1347.3
1317760 1347.3
1317770 1341.6
1317780 1336.3
1317790 1336.3
1317800 1331.2
1317810 1326.0
1317820 1326.0
1317830 1323.1
1317840 1320.5
1317850 1320.5
1317860 1316.7
1317870 1313.0
1317880 1310.2
1317890 1310.2
1317900 1306.3
1317910 1300.9
1317920 1300.9
1317930 1295.0
1317940 1290.5
1317950 1290.5
1317960 1286.0
1317970 1282.0
1317980 1282.0
1317990 1275.9
1318000 1270.4
1318010 1270.4
1318020 1264.8
1318030 1258.9
1318040 1258.9
1318050 1253.4
1318060 1248.9
1318070 1248.9
1318080 1244.9
1318090 1241.1
1318100 1241.1
1318110 1237.2
1318120 1233.2
1318130 1230.0
1318140 1230.0
1318150 1225.8
1318160 1219.1
1318170 1219.1
1318180 1211.9
1318190 1205.5
1318200 1205.5
1318210 1201.2
1318220 1200.0
1318230 1200.0
1318240 1196.7
1318250 1189.8
1318260 1189.8
1318270 1183.9
1318280 1179.7
1318290 1179.7
1318300 1176.4
1318310 1173.6
1318320 1173.6
1318330 1170.5
1318340 1166.1
1318350 1166.1
1318360 1161.0
1318370 1156.9
1318380 1156.9
1318390 1154.4
1318400 1151.5
1318410 1148.0
1318420 1148.0
1318430 1144.3
1318440 1140.6
1318450 1140.6
1318460 1135.2
1318470 1131.6
1318480 1131.6
1318490 1129.2
1318500 1127.2
1318510 1127.2
1318520 1124.3
1318530 1120.2
1318540 1120.2
1318550 1114.4
1318560 1109.4
1318570 1109.4
1318580 1104.7
1318590 1099.6
1318600 1099.6
1318610 1094.7
1318620 1090.8
1318630 1090.8
1318640 1086.7
1318650 1082.8
1318660 1082.8
1318670 1078.8
1318680 1074.4
1318690 1071.1
1318700 1071.1
1318710 1067.4
1318720 1063.4
1318730 1063.4
1318740 1058.6
1318750 1053.5
1318760 1053.5
1318770 1048.5
1318780 1043.2
1318790 1043.2
1318800 1038.5
1318810 1034.6
1318820 1034.6
1318830 1030.3
1318840 1023.8
1318850 1023.8
1318860 1017.9
1318870 1013.5
1318880 1013.5
1318890 1010.2
1318900 1006.5
1318910 1006.5
1318920 1002.5
1318930 998.5
1318940 993.0
1318950 993.0
1318960 987.4
1318970 982.0
1318980 982.0
1318990 976.4
1319000 971.6
1319010 971.6
1319020 967.7
1319030 964.0
1319040 964.0
1319050 962.1
1319060 958.8
1319070 958.8
1319080 954.4
1319090 950.1
1319100 950.1
1319110 945.6
1319120 941.6
1319130 941.6
1319140 938.0
1319150 934.2
1319160 934.2
1319170 930.2
1319180 927.0
1319190 927.0
1319200 923.1
1319210 918.9
1319220 916.4
1319230 916.0
1319240 914.0
1319250 912.4
1319260 912.4
1319270 910.2
1319280 907.1
1319290 907.1
1319300 903.5
1319310 900.3
1319320 900.3
1319330 899.3
1319340 895.0
1319350 895.0
1319360 890.4
1319370 885.8
1319380 885.8
1319390 881.1
1319400 877.1
1319410 877.1
1319420 874.0
1319430 869.7
1319440 869.7
1319450 864.8
1319460 860.0
1319470 860.0
1319480 855.5
1319490 851.6
1319500 848.2
1319510 848.2
1319520 844.6
1319530 840.1
1319540 840.1
1319550 835.2
1319560 830.6
1319570 830.6
1319580 826.6
1319590 823.4
1319600 823.4
1319610 819.3
1319620 815.0
1319630 815.0
1319640 812.2
1319650 809.2
1319660 809.2
1319670 806.5
1319680 804.5
1319690 804.5
1319700 801.3
1319710 797.2
1319720 797.2
1319730 793.4
1319740 789.4
1319750 785.0
1319760 785.0
1319770 780.6
1319780 775.0
1319790 775.0
1319800 769.2
1319810 763.8
1319820 763.8
1319830 757.9
1319840 752.2
1319850 752.2
1319860 748.1
1319870 744.7
1319880 744.7
1319890 741.9
1319900 739.8
1319910 739.8
1319920 739.4
1319930 739.1
1319940 739.1
1319950 737.0
1319960 731.2
1319970 731.2
1319980 724.3
1319990 717.9
