1300000 906.3
1300010 906.9
1300020 907.6
1300030 907.6
1300040 908.4
1300050 909.2
1300060 909.2
1300070 910.1
1300080 911.0
1300090 911.0
1300100 911.7
1300110 912.1
1300120 912.1
1300130 912.5
1300140 912.9
1300150 912.9
1300160 913.4
1300170 914.0
1300180 914.0
1300190 914.5
1300200 915.0
1300210 915.0
1300220 915.6
1300230 916.3
1300240 916.3
1300250 917.0
1300260 917.8
1300270 917.8
1300280 918.7
1300290 919.6
1300300 920.5
1300310 920.5
1300320 921.2
1300330 921.8
1300340 921.8
1300350 923.7
1300360 924.2
1300370 924.2
1300380 924.5
1300390 924.7
1300400 924.7
1300410 925.0
1300420 924.6
1300430 924.6
1300440 925.1
1300450 926.5
1300460 926.5
1300470 928.0
1300480 929.6
1300490 929.6
1300500 930.0
1300510 931.1
1300520 931.1
1300530 934.2
1300540 935.9
1300550 937.1
1300560 937.1
1300570 938.5
1300580 939.8
1300590 939.8
1300600 941.3
1300610 943.1
1300620 943.1
1300630 945.7
1300640 949.1
1300650 949.1
1300660 952.2
1300670 954.6
1300680 954.6
1300690 957.2
1300700 960.2
1300710 960.2
1300720 963.7
1300730 966.9
1300740 966.9
1300750 968.7
1300760 971.2
1300770 971.2
1300780 974.2
1300790 976.9
1300800 976.9
1300810 979.3
1300820 982.1
1300830 984.7
1300840 984.7
1300850 987.1
1300860 989.4
1300870 989.4
1300880 991.4
1300890 993.3
1300900 993.3
1300910 995.1
1300920 996.9
1300930 996.9
1300940 998.2
1300950 999.6
1300960 999.6
1300970 1001.0
1300980 1002.3
1300990 1002.3
1301000 1003.5
1301010 1004.3
1301020 1004.3
1301030 1004.6
1301040 1007.5
1301050 1007.5
1301060 1008.9
1301070 1010.5
1301080 1010.5
1301090 1013.0
1301100 1016.1
1301110 1017.9
1301120 1017.9
1301130 1020.2
1301140 1021.8
1301150 1021.8
1301160 1022.8
1301170 1022.9
1301180 1022.9
1301190 1022.5
1301200 1021.8
1301210 1021.8
1301220 1021.2
1301230 1020.7
1301240 1020.7
1301250 1020.2
1301260 1019.9
1301270 1019.9
1301280 1020.2
1301290 1020.4
1301300 1020.4
1301310 1020.5
1301320 1020.6
1301330 1020.6
1301340 1020.9
1301350 1022.7
1301360 1024.4
1301370 1024.4
1301380 1025.3
1301390 1025.8
1301400 1025.8
1301410 1026.1
1301420 1025.0
1301430 1025.0
1301440 1023.7
1301450 1023.7
1301460 1023.7
1301470 1025.1
1301480 1026.2
1301490 1026.2
1301500 1027.8
1301510 1029.5
1301520 1029.5
1301530 1031.8
1301540 1034.7
1301550 1034.7
1301560 1038.1
1301570 1041.3
1301580 1041.3
1301590 1045.1
1301600 1047.1
1301610 1047.1
1301620 1047.0
1301630 1046.0
1301640 1044.4
1301650 1044.4
1301660 1043.7
1301670 1044.1
1301680 1044.1
1301690 1043.9
1301700 1043.4
1301710 1043.4
1301720 1043.1
1301730 1042.7
1301740 1048.3
1301750 1046.9
1301760 1045.6
1301770 1045.6
1301780 1044.3
1301790 1043.2
1301800 1043.2
1301810 1042.2
1301820 1042.0
1301830 1042.0
1301840 1041.8
1301850 1040.9
1301860 1040.9
1301870 1039.9
1301880 1038.5
1301890 1038.5
1301900 1036.7
1301910 1035.1
1301920 1033.4
1301930 1033.4
1301940 1032.0
1301950 1030.7
1301960 1030.7
1301970 1029.6
1301980 1028.0
1301990 1028.0
1302000 1026.3
1302010 1025.0
1302020 1025.0
1302030 1023.2
1302040 1020.9
1302050 1020.9
1302060 1018.3
1302070 1015.6
1302080 1015.6
1302090 1013.0
1302100 1010.6
1302110 1010.6
1302120 1008.9
1302130 1007.7
1302140 1007.7
1302150 1006.0
1302160 1004.0
1302170 1001.2
1302180 1001.2
1302190 998.6
1302200 996.3
1302210 996.3
1302220 993.2
1302230 989.3
1302240 989.3
1302250 986.5
1302260 985.1
1302270 985.1
1302280 985.4
1302290 985.1
1302300 985.1
1302310 983.6
1302320 981.8
1302330 981.8
1302340 980.1
1302350 978.2
1302360 978.2
1302370 976.4
1302380 974.7
1302390 974.7
1302400 973.2
1302410 971.5
1302420 971.5
1302430 970.6
1302440 968.2
1302450 964.5
1302460 964.5
1302470 960.1
1302480 956.9
1302490 956.9
1302500 954.5
1302510 950.1
1302520 950.1
1302530 944.3
1302540 938.1
1302550 938.1
1302560 935.3
1302570 933.6
1302580 933.6
1302590 932.8
1302600 932.9
1302610 932.9
1302620 932.8
1302630 931.2
1302640 931.2
1302650 927.5
1302660 922.2
1302670 922.2
1302680 925.7
1302690 928.7
1302700 928.7
1302710 933.3
1302720 937.5
1302730 939.6
1302740 939.6
1302750 941.8
1302760 944.0
1302770 944.0
1302780 945.3
1302790 947.1
1302800 947.1
1302810 948.1
1302820 947.3
1302830 947.3
1302840 947.4
1302850 948.4
1302860 948.4
1302870 950.1
1302880 951.5
1302890 951.5
1302900 952.1
1302910 952.3
1302920 952.3
1302930 952.4
1302940 952.7
1302950 952.7
1302960 953.1
1302970 950.7
1302980 942.7
1302990 942.7
1303000 934.3
1303010 927.7
1303020 927.7
1303030 924.3
1303040 921.0
1303050 921.0
1303060 917.1
1303070 913.4
1303080 913.4
1303090 909.9
1303100 908.0
1303110 908.0
1303120 910.0
1303130 912.1
1303140 912.1
1303150 916.1
1303160 920.8
1303170 920.8
1303180 924.6
1303190 929.5
1303200 929.5
1303210 935.8
1303220 940.6
1303230 940.6
1303240 943.8
1303250 946.5
1303260 947.4
1303270 947.4
1303280 948.0
1303290 948.7
1303300 948.7
1303310 949.3
1303320 949.8
1303330 949.8
1303340 950.1
1303350 950.4
1303360 950.4
1303370 951.1
1303380 952.0
1303390 952.0
1303400 952.8
1303410 953.2
1303420 953.2
1303430 953.6
1303440 952.9
1303450 952.9
1303460 950.7
1303470 948.9
1303480 948.9
1303490 947.6
1303500 947.1
1303510 947.1
1303520 947.4
1303530 949.8
1303540 953.3
1303550 953.3
1303560 954.4
1303570 954.6
1303580 954.6
1303590 955.2
1303600 955.9
1303610 955.9
1303620 956.0
1303630 955.6
1303640 955.6
1303650 955.4
1303660 951.4
1303670 951.4
1303680 946.5
1303690 941.0
1303700 941.0
1303710 936.5
1303720 932.6
1303730 932.6
1303740 930.1
1303750 930.1
1303760 930.1
1303770 932.0
1303780 934.6
1303790 934.6
1303800 939.6
1303810 942.3
1303820 944.8
1303830 944.8
1303840 950.5
1303850 953.0
1303860 953.0
1303870 955.7
1303880 958.3
1303890 958.3
1303900 961.0
1303910 962.7
1303920 962.7
1303930 963.7
1303940 964.3
1303950 964.3
1303960 965.4
1303970 966.2
1303980 966.2
1303990 966.8
1304000 967.8
1304010 967.8
1304020 968.7
1304030 969.1
1304040 969.1
1304050 969.3
1304060 970.8
1304070 971.3
1304080 971.3
1304090 969.9
1304100 967.0
1304110 967.0
1304120 964.5
1304130 960.3
1304140 960.3
1304150 961.1
1304160 961.2
1304170 961.2
1304180 961.6
1304190 964.8
1304200 964.8
1304210 969.2
1304220 972.1
1304230 972.1
1304240 971.2
1304250 968.3
1304260 968.3
1304270 965.4
1304280 963.1
1304290 963.1
1304300 957.9
1304310 950.1
1304320 950.1
1304330 944.4
1304340 948.7
1304350 956.6
1304360 956.6
1304370 961.4
1304380 963.9
1304390 963.9
1304400 964.2
1304410 962.9
1304420 962.9
1304430 964.0
1304440 965.3
1304450 965.3
1304460 964.9
1304470 963.7
1304480 963.7
1304490 961.2
1304500 955.0
1304510 955.0
1304520 948.9
1304530 953.1
1304540 953.3
1304550 961.0
1304560 968.4
1304570 968.4
1304580 970.1
1304590 969.3
1304600 969.3
1304610 971.1
1304620 974.7
1304630 977.6
1304640 977.6
1304650 978.6
1304660 977.3
1304670 977.3
1304680 975.0
1304690 974.0
1304700 974.0
1304710 972.8
1304720 965.5
1304730 965.5
1304740 960.9
1304750 967.3
1304760 967.3
1304770 965.5
1304780 961.2
1304790 961.2
1304800 963.9
1304810 961.1
1304820 961.1
1304830 959.1
1304840 960.9
1304850 960.9
1304860 956.9
1304870 949.2
1304880 956.9
1304890 956.9
1304900 967.1
1304910 975.4
1304920 975.4
1304930 980.6
1304940 981.5
1304950 981.5
1304960 974.4
1304970 976.9
1304980 976.9
1304990 981.7
1305000 985.4
1305010 985.4
1305020 985.5
1305030 986.6
1305040 986.6
1305050 983.1
1305060 972.2
1305070 972.2
1305080 976.9
1305090 986.9
1305100 986.9
1305110 988.1
1305120 989.2
1305130 989.2
1305140 983.6
1305150 972.7
1305160 971.5
1305170 971.5
1305180 983.6
1305190 993.0
1305200 993.0
1305210 991.8
1305220 990.3
1305230 990.3
1305240 989.3
1305250 994.2
1305260 994.2
1305270 992.6
1305280 993.1
1305290 993.1
1305300 999.2
1305310 1003.8
1305320 1003.8
1305330 1008.2
1305340 1012.1
1305350 1012.1
1305360 1012.1
1305370 1016.0
1305380 1016.0
1305390 1017.6
1305400 1018.2
1305410 1018.2
1305420 1019.6
1305430 1019.2
1305440 1015.4
1305450 1015.4
1305460 1009.4
1305470 1007.6
1305480 1007.6
1305490 1014.4
1305500 1021.5
1305510 1021.5
1305520 1023.0
1305530 1023.9
1305540 1023.9
1305550 1023.9
1305560 1022.2
1305570 1022.2
1305580 1020.9
1305590 1020.4
1305600 1020.4
1305610 1013.6
1305620 1012.3
1305630 1012.3
1305640 1014.4
1305650 1015.8
1305660 1015.8
1305670 1015.3
1305680 1013.9
1305690 1015.8
1305700 1015.8
1305710 1019.2
1305720 1017.8
1305730 1017.8
1305740 1014.2
1305750 1011.1
1305760 1011.1
1305770 1010.9
1305780 1011.7
1305790 1011.7
1305800 1012.9
1305810 1016.0
1305820 1016.0
1305830 1018.5
1305840 1021.2
1305850 1021.2
1305860 1022.8
1305870 1019.2
1305880 1019.2
1305890 1011.7
1305900 1006.5
1305910 1006.5
1305920 1005.9
1305930 1006.3
1305940 1006.3
1305950 1006.3
1305960 1009.4
1305970 1010.4
1305980 1010.4
1305990 1011.5
1306000 1013.4
1306010 1013.4
1306020 1018.4
1306030 1023.6
1306040 1023.6
1306050 1028.2
1306060 1032.4
1306070 1032.4
1306080 1036.3
1306090 1039.6
1306100 1039.6
1306110 1042.7
1306120 1046.9
1306130 1046.9
1306140 1051.6
1306150 1056.5
1306160 1056.5
1306170 1062.0
1306180 1067.1
1306190 1067.1
1306200 1072.5
1306210 1077.5
1306220 1077.5
1306230 1082.3
1306240 1086.6
1306250 1089.6
1306260 1089.6
1306270 1092.0
1306280 1094.0
1306290 1094.0
1306300 1096.0
1306310 1097.9
1306320 1097.9
1306330 1101.9
1306340 1105.7
1306350 1105.7
1306360 1107.4
1306370 1110.2
1306380 1110.2
1306390 1113.8
1306400 1118.2
1306410 1118.2
1306420 1123.0
1306430 1126.8
1306440 1126.8
1306450 1131.8
1306460 1136.6
1306470 1136.6
1306480 1139.7
1306490 1142.1
1306500 1144.8
1306510 1144.8
1306520 1148.1
1306530 1152.4
1306540 1152.4
1306550 1156.6
1306560 1159.8
1306570 1159.8
1306580 1162.4
1306590 1164.4
1306600 1164.4
1306610 1166.3
1306620 1169.1
1306630 1169.1
1306640 1172.4
1306650 1175.7
1306660 1175.7
1306670 1177.9
1306680 1178.6
1306690 1178.6
1306700 1180.6
1306710 1183.0
1306720 1183.0
1306730 1186.4
1306740 1190.0
1306750 1190.0
1306760 1194.2
1306770 1198.1
1306780 1201.7
1306790 1201.7
1306800 1205.7
1306810 1209.7
1306820 1209.7
1306830 1213.6
1306840 1216.5
1306850 1216.5
1306860 1219.1
1306870 1221.8
1306880 1221.8
1306890 1224.5
1306900 1227.8
1306910 1227.8
1306920 1231.7
1306930 1235.9
1306940 1235.9
1306950 1239.3
1306960 1240.4
1306970 1240.4
1306980 1242.9
1306990 1245.9
1307000 1245.9
1307010 1248.1
1307020 1250.7
1307030 1250.7
1307040 1254.4
1307050 1257.2
1307060 1259.4
1307070 1259.4
1307080 1261.8
1307090 1263.5
1307100 1263.5
1307110 1266.6
1307120 1271.2
1307130 1271.2
1307140 1276.5
1307150 1282.3
1307160 1282.3
1307170 1285.3
1307180 1288.1
1307190 1288.1
1307200 1290.0
1307210 1291.6
1307220 1291.6
1307230 1295.4
1307240 1299.9
1307250 1299.9
1307260 1305.2
1307270 1313.6
1307280 1313.6
1307290 1321.1
1307300 1323.2
1307310 1324.8
1307320 1324.8
1307330 1326.2
1307340 1327.7
1307350 1327.7
1307360 1330.9
1307370 1335.1
1307380 1335.1
1307390 1336.4
1307400 1341.2
1307410 1341.2
1307420 1348.2
1307430 1352.4
1307440 1352.4
1307450 1355.1
1307460 1358.1
1307470 1358.1
1307480 1361.1
1307490 1366.3
1307500 1366.3
1307510 1369.8
1307520 1372.4
1307530 1372.4
1307540 1374.9
1307550 1376.9
1307560 1376.9
1307570 1378.2
1307580 1378.3
1307590 1379.5
1307600 1379.5
1307610 1380.6
1307620 1381.8
1307630 1381.8
1307640 1382.9
1307650 1383.8
1307660 1383.8
1307670 1385.1
1307680 1387.3
1307690 1387.3
1307700 1390.3
1307710 1391.2
1307720 1391.2
1307730 1391.5
1307740 1391.6
1307750 1391.6
1307760 1391.6
1307770 1393.1
1307780 1393.1
1307790 1395.2
1307800 1397.2
1307810 1397.2
1307820 1400.2
1307830 1404.2
1307840 1404.2
1307850 1407.2
1307860 1409.5
1307870 1411.9
1307880 1411.9
1307890 1413.2
1307900 1414.7
1307910 1414.7
1307920 1417.5
1307930 1420.9
1307940 1420.9
1307950 1423.9
1307960 1426.2
1307970 1426.2
1307980 1427.3
1307990 1428.8
1308000 1428.8
1308010 1433.8
1308020 1439.3
1308030 1439.3
1308040 1443.7
1308050 1446.1
1308060 1446.1
1308070 1448.2
1308080 1450.9
1308090 1450.9
1308100 1455.2
1308110 1459.0
1308120 1461.8
1308130 1461.8
1308140 1463.9
1308150 1465.9
1308160 1465.9
1308170 1467.9
1308180 1470.3
1308190 1470.3
1308200 1474.7
1308210 1478.3
1308220 1478.3
1308230 1480.4
1308240 1481.8
1308250 1481.8
1308260 1483.2
1308270 1485.5
1308280 1485.5
1308290 1488.8
1308300 1492.1
1308310 1492.1
1308320 1496.3
1308330 1501.1
1308340 1501.1
1308350 1506.3
1308360 1510.9
1308370 1510.9
1308380 1515.7
1308390 1520.4
1308400 1523.8
1308410 1523.8
1308420 1527.2
1308430 1530.7
1308440 1530.7
1308450 1533.6
1308460 1535.1
1308470 1535.1
1308480 1536.6
1308490 1538.5
1308500 1538.5
1308510 1540.9
1308520 1543.8
1308530 1543.8
1308540 1547.7
1308550 1552.0
1308560 1552.0
1308570 1555.6
1308580 1559.0
1308590 1559.0
1308600 1562.0
1308610 1564.6
1308620 1564.6
1308630 1565.9
1308640 1566.3
1308650 1566.3
1308660 1566.4
1308670 1567.0
1308680 1567.8
1308690 1567.8
1308700 1568.5
1308710 1569.7
1308720 1569.7
1308730 1571.1
1308740 1572.7
1308750 1572.7
1308760 1573.6
1308770 1574.4
1308780 1574.4
1308790 1574.8
1308800 1574.8
1308810 1574.8
1308820 1577.1
1308830 1579.0
1308840 1575.9
1308850 1576.5
1308860 1576.5
1308870 1576.5
1308880 1577.4
1308890 1582.7
1308900 1582.7
1308910 1588.3
1308920 1594.7
1308930 1600.5
1308940 1600.5
1308950 1604.3
1308960 1607.5
1308970 1607.5
1308980 1611.1
1308990 1614.7
1309000 1614.7
1309010 1618.1
1309020 1621.5
1309030 1621.5
1309040 1625.0
1309050 1629.5
1309060 1629.5
1309070 1634.0
1309080 1638.2
1309090 1638.2
1309100 1641.9
1309110 1645.7
1309120 1645.7
1309130 1649.5
1309140 1652.6
1309150 1652.6
1309160 1655.3
1309170 1656.1
1309180 1656.1
1309190 1655.2
1309200 1658.8
1309210 1662.8
1309220 1662.8
1309230 1666.3
1309240 1669.6
1309250 1669.6
1309260 1673.0
1309270 1675.9
1309280 1675.9
1309290 1678.7
1309300 1681.9
1309310 1681.9
1309320 1685.2
1309330 1687.9
1309340 1687.9
1309350 1691.1
1309360 1694.6
1309370 1694.6
1309380 1697.2
1309390 1701.5
1309400 1701.5
1309410 1706.6
1309420 1711.8
1309430 1711.8
1309440 1714.8
1309450 1718.0
1309460 1718.0
1309470 1721.3
1309480 1725.8
1309490 1730.3
1309500 1730.3
1309510 1734.7
1309520 1738.8
1309530 1738.8
1309540 1743.7
1309550 1749.7
1309560 1748.0
1309570 1753.5
1309580 1759.1
1309590 1759.1
1309600 1764.0
1309610 1767.9
1309620 1767.9
1309630 1770.9
1309640 1773.9
1309650 1773.9
1309660 1776.6
1309670 1779.2
1309680 1779.2
1309690 1782.0
1309700 1785.1
1309710 1785.1
1309720 1787.6
1309730 1789.6
1309740 1791.2
1309750 1791.2
1309760 1792.3
1309770 1792.9
1309780 1792.9
1309790 1792.7
1309800 1792.2
1309810 1792.2
1309820 1791.6
1309830 1793.7
1309840 1793.7
1309850 1797.4
1309860 1801.0
1309870 1801.0
1309880 1802.2
1309890 1804.1
1309900 1804.1
1309910 1807.6
1309920 1811.6
1309930 1811.6
1309940 1814.9
1309950 1817.9
1309960 1817.9
1309970 1819.5
1309980 1821.6
1309990 1821.6
1310000 1824.0
1310010 1826.1
1310020 1830.1
1310030 1830.1
1310040 1835.3
1310050 1838.5
1310060 1838.5
1310070 1841.4
1310080 1843.3
1310090 1843.3
1310100 1846.3
1310110 1848.8
1310120 1848.8
1310130 1851.5
1310140 1854.0
1310150 1854.0
1310160 1856.4
1310170 1859.3
1310180 1859.3
1310190 1861.7
1310200 1863.6
1310210 1863.6
1310220 1865.9
1310230 1868.7
1310240 1868.7
1310250 1871.1
1310260 1872.7
1310270 1872.7
1310280 1873.7
1310290 1864.2
1310300 1861.7
1310310 1861.7
1310320 1862.9
1310330 1865.6
1310340 1865.6
1310350 1868.0
1310360 1871.0
1310370 1871.0
1310380 1874.0
1310390 1876.3
1310400 1876.3
1310410 1877.5
1310420 1878.6
1310430 1878.6
1310440 1875.1
1310450 1870.2
1310460 1870.2
1310470 1869.3
1310480 1869.4
1310490 1869.4
1310500 1866.7
1310510 1859.5
1310520 1859.5
1310530 1855.9
1310540 1853.2
1310550 1853.2
1310560 1850.9
1310570 1847.4
1310580 1840.5
1310590 1840.5
1310600 1834.4
1310610 1830.2
1310620 1830.2
1310630 1825.4
1310640 1820.3
1310650 1820.3
1310660 1816.6
1310670 1813.4
1310680 1813.4
1310690 1810.6
1310700 1808.0
1310710 1808.0
1310720 1805.0
1310730 1801.3
1310740 1801.3
1310750 1797.1
1310760 1792.3
1310770 1792.3
1310780 1788.1
1310790 1784.4
1310800 1784.4
1310810 1781.8
1310820 1779.1
1310830 1776.4
1310840 1776.4
1310850 1774.2
1310860 1770.6
1310870 1770.6
1310880 1765.6
1310890 1762.2
1310900 1762.2
1310910 1759.4
1310920 1756.0
1310930 1756.0
1310940 1752.9
1310950 1750.3
1310960 1750.3
1310970 1748.3
1310980 1745.5
1310990 1745.5
1311000 1742.5
1311010 1738.9
1311020 1733.5
1311030 1730.5
1311040 1727.5
1311050 1727.5
1311060 1724.9
1311070 1722.3
1311080 1722.3
1311090 1720.2
1311100 1718.3
1311110 1715.8
1311120 1715.8
1311130 1711.9
1311140 1707.9
1311150 1707.9
1311160 1703.8
1311170 1699.3
1311180 1699.3
1311190 1695.4
1311200 1692.1
1311210 1692.1
1311220 1688.4
1311230 1683.7
1311240 1683.7
1311250 1679.3
1311260 1675.0
1311270 1675.0
1311280 1670.8
1311290 1666.4
1311300 1666.4
1311310 1662.5
1311320 1659.4
1311330 1659.4
1311340 1657.3
1311350 1655.8
1311360 1655.8
1311370 1654.8
1311380 1653.7
1311390 1651.9
1311400 1651.9
1311410 1649.4
1311420 1646.6
1311430 1646.6
1311440 1644.4
1311450 1641.7
1311460 1641.7
1311470 1638.4
1311480 1635.2
1311490 1635.2
1311500 1630.8
1311510 1625.5
1311520 1625.5
1311530 1620.2
1311540 1614.8
1311550 1614.8
1311560 1608.8
1311570 1601.5
1311580 1601.5
1311590 1597.7
1311600 1596.3
1311610 1596.3
1311620 1595.0
1311630 1594.0
1311640 1593.4
1311650 1593.4
1311660 1592.1
1311670 1590.3
1311680 1590.3
1311690 1587.4
1311700 1584.2
1311710 1584.2
1311720 1580.8
1311730 1577.8
1311740 1577.8
1311750 1575.0
1311760 1570.4
1311770 1570.4
1311780 1568.2
1311790 1565.4
1311800 1565.4
1311810 1561.9
1311820 1558.3
1311830 1558.3
1311840 1554.0
1311850 1549.7
1311860 1549.7
1311870 1545.5
1311880 1541.6
1311890 1541.6
1311900 1538.0
1311910 1534.7
1311920 1530.4
1311930 1530.4
1311940 1524.9
1311950 1518.5
1311960 1518.5
1311970 1512.6
1311980 1508.4
1311990 1508.4
1312000 1506.5
1312010 1503.6
1312020 1503.6
1312030 1499.6
1312040 1495.6
1312050 1495.6
1312060 1491.3
1312070 1487.6
1312080 1487.6
1312090 1484.0
1312100 1479.2
1312110 1479.2
1312120 1472.6
1312130 1465.8
1312140 1465.8
1312150 1459.3
1312160 1458.9
1312170 1458.9
1312180 1460.3
1312190 1462.1
1312200 1461.5
1312210 1461.5
1312220 1458.5
1312230 1455.1
1312240 1455.1
1312250 1451.8
1312260 1449.3
1312270 1449.3
1312280 1447.6
1312290 1446.5
1312300 1446.5
1312310 1445.4
1312320 1444.2
1312330 1444.2
1312340 1443.4
1312350 1442.6
1312360 1442.6
1312370 1441.1
1312380 1439.1
1312390 1439.1
1312400 1438.1
1312410 1436.6
1312420 1436.6
1312430 1434.8
1312440 1432.7
1312450 1430.2
1312460 1430.2
1312470 1427.7
1312480 1425.3
1312490 1421.4
1312500 1419.1
1312510 1417.0
1312520 1417.0
1312530 1414.4
1312540 1411.3
1312550 1411.3
1312560 1408.3
1312570 1405.4
1312580 1405.4
1312590 1402.1
1312600 1398.5
1312610 1398.5
1312620 1394.6
1312630 1390.7
1312640 1390.7
1312650 1387.2
1312660 1383.7
1312670 1383.7
1312680 1380.2
1312690 1376.8
1312700 1376.8
1312710 1373.2
1312720 1369.7
1312730 1366.0
1312740 1366.0
1312750 1362.3
1312760 1358.6
1312770 1358.6
1312780 1355.5
1312790 1354.3
1312800 1354.3
1312810 1351.0
1312820 1347.4
1312830 1347.4
1312840 1344.1
1312850 1341.0
1312860 1341.0
1312870 1338.0
1312880 1335.1
1312890 1335.1
1312900 1332.4
1312910 1329.6
1312920 1329.6
1312930 1327.1
1312940 1324.7
1312950 1324.7
1312960 1322.2
1312970 1319.7
1312980 1319.7
1312990 1316.8
1313000 1313.0
1313010 1309.0
1313020 1309.0
1313030 1305.1
1313040 1300.6
1313050 1300.6
1313060 1295.7
1313070 1289.9
1313080 1289.9
1313090 1285.4
1313100 1281.1
1313110 1281.1
1313120 1277.5
1313130 1274.3
1313140 1274.3
1313150 1271.7
1313160 1267.1
1313170 1267.1
1313180 1262.2
1313190 1258.1
1313200 1258.1
1313210 1253.5
1313220 1248.0
1313230 1244.5
1313240 1239.5
1313250 1234.7
1313260 1230.6
1313270 1230.6
1313280 1227.7
1313290 1225.7
1313300 1225.7
1313310 1222.9
1313320 1219.1
1313330 1219.1
1313340 1214.2
1313350 1207.8
1313360 1207.8
1313370 1201.1
1313380 1194.3
1313390 1194.3
1313400 1186.6
1313410 1178.5
1313420 1178.5
1313430 1170.9
1313440 1163.2
1313450 1163.2
1313460 1156.5
1313470 1152.7
1313480 1152.7
1313490 1153.0
1313500 1154.3
1313510 1154.3
1313520 1155.4
1313530 1153.0
1313540 1146.3
1313550 1146.3
1313560 1140.7
1313570 1138.2
1313580 1138.2
1313590 1137.0
1313600 1135.1
1313610 1135.1
1313620 1130.5
1313630 1128.3
1313640 1128.3
1313650 1125.0
1313660 1121.3
1313670 1121.3
1313680 1116.2
1313690 1111.4
1313700 1111.4
1313710 1109.0
1313720 1112.7
1313730 1112.7
1313740 1117.6
1313750 1123.6
1313760 1123.6
1313770 1130.0
1313780 1130.6
1313790 1130.6
1313800 1130.2
1313810 1133.5
1313820 1138.7
1313830 1138.7
1313840 1143.7
1313850 1150.7
1313860 1150.7
1313870 1158.4
1313880 1162.5
1313890 1162.5
1313900 1163.7
1313910 1165.4
1313920 1165.4
1313930 1166.0
1313940 1166.0
1313950 1166.0
1313960 1165.5
1313970 1165.0
1313980 1168.7
1313990 1168.7
1314000 1171.3
1314010 1171.3
1314020 1175.7
1314030 1178.5
1314040 1178.5
1314050 1181.3
1314060 1184.1
1314070 1184.6
1314080 1184.6
1314090 1183.2
1314100 1182.2
1314110 1182.2
1314120 1183.4
1314130 1185.2
1314140 1185.2
1314150 1185.6
1314160 1186.2
1314170 1186.2
1314180 1187.5
1314190 1188.1
1314200 1188.1
1314210 1188.4
1314220 1187.5
1314230 1187.5
1314240 1187.5
1314250 1187.4
1314260 1187.4
1314270 1184.9
1314280 1181.6
1314290 1181.6
1314300 1183.4
1314310 1188.0
1314320 1188.0
1314330 1188.8
1314340 1188.7
1314350 1189.0
1314360 1189.0
1314370 1189.8
1314380 1191.4
1314390 1191.4
1314400 1192.8
1314410 1193.6
1314420 1193.6
1314430 1193.8
1314440 1194.2
1314450 1194.2
1314460 1194.3
1314470 1193.0
1314480 1193.0
1314490 1192.7
1314500 1194.0
1314510 1194.0
1314520 1194.3
1314530 1194.9
1314540 1194.9
1314550 1196.5
1314560 1198.3
1314570 1198.3
1314580 1196.9
1314590 1195.6
1314600 1195.6
1314610 1194.4
1314620 1196.1
1314630 1199.1
1314640 1199.1
1314650 1201.2
1314660 1204.0
1314670 1204.0
1314680 1207.7
1314690 1209.9
1314700 1209.9
1314710 1208.5
1314720 1206.6
1314730 1214.1
1314740 1213.3
1314750 1214.5
1314760 1214.5
1314770 1219.7
1314780 1226.3
1314790 1226.3
1314800 1232.0
1314810 1238.8
1314820 1238.8
1314830 1243.0
1314840 1245.7
1314850 1245.7
1314860 1247.5
1314870 1249.9
1314880 1252.2
1314890 1252.2
1314900 1254.3
1314910 1257.4
1314920 1257.4
1314930 1260.6
1314940 1263.7
1314950 1263.7
1314960 1267.1
1314970 1270.6
1314980 1270.6
1314990 1275.3
1315000 1279.6
1315010 1279.6
1315020 1283.1
1315030 1286.7
1315040 1286.7
1315050 1290.2
1315060 1294.5
1315070 1294.5
1315080 1298.5
1315090 1302.4
1315100 1302.4
1315110 1305.5
1315120 1308.3
1315130 1308.3
1315140 1310.6
1315150 1312.8
1315160 1314.8
1315170 1314.8
1315180 1316.3
1315190 1317.3
1315200 1317.3
1315210 1321.3
1315220 1323.1
1315230 1323.1
1315240 1323.4
1315250 1325.4
1315260 1325.4
1315270 1328.4
1315280 1331.0
1315290 1331.0
1315300 1333.1
1315310 1335.3
1315320 1335.3
1315330 1338.4
1315340 1342.1
1315350 1342.1
1315360 1345.4
1315370 1348.4
1315380 1348.4
1315390 1351.4
1315400 1354.3
1315410 1354.3
1315420 1359.6
1315430 1365.0
1315440 1368.1
1315450 1368.1
1315460 1370.1
1315470 1370.6
1315480 1373.3
1315490 1375.5
1315500 1378.4
1315510 1378.4
1315520 1381.1
1315530 1381.7
1315540 1381.7
1315550 1382.5
1315560 1383.8
1315570 1383.8
1315580 1385.6
1315590 1388.1
1315600 1388.1
1315610 1391.8
1315620 1398.0
1315630 1398.0
1315640 1405.9
1315650 1413.6
1315660 1413.6
1315670 1421.7
1315680 1428.3
1315690 1434.3
1315700 1434.3
1315710 1441.0
1315720 1447.7
1315730 1447.7
1315740 1453.3
1315750 1459.4
1315760 1459.4
1315770 1466.0
1315780 1470.5
1315790 1470.5
1315800 1474.6
1315810 1483.0
1315820 1483.0
1315830 1490.1
1315840 1495.7
1315850 1495.7
1315860 1501.5
1315870 1506.9
1315880 1506.9
1315890 1511.6
1315900 1516.8
1315910 1516.8
1315920 1522.0
1315930 1526.2
1315940 1526.2
1315950 1530.1
1315960 1532.2
1315970 1534.6
1315980 1534.6
1315990 1539.4
1316000 1544.8
1316010 1544.8
1316020 1550.3
1316030 1556.3
1316040 1556.3
1316050 1560.7
1316060 1562.1
1316070 1562.1
1316080 1562.3
1316090 1564.3
1316100 1564.3
1316110 1567.4
1316120 1570.8
1316130 1570.8
1316140 1574.4
1316150 1578.2
1316160 1578.2
1316170 1582.1
1316180 1586.0
1316190 1586.0
1316200 1590.8
1316210 1595.9
1316220 1595.9
1316230 1600.7
1316240 1605.2
1316250 1609.0
1316260 1609.0
1316270 1611.2
1316280 1610.2
1316290 1610.2
1316300 1607.7
1316310 1604.5
1316320 1604.5
1316330 1600.9
1316340 1596.7
1316350 1596.7
1316360 1591.9
1316370 1586.6
1316380 1586.6
1316390 1581.7
1316400 1577.2
1316410 1577.2
1316420 1573.0
1316430 1568.7
1316440 1568.7
1316450 1563.9
1316460 1558.9
1316470 1558.9
1316480 1554.8
1316490 1551.5
1316500 1548.3
1316510 1548.3
1316520 1544.7
1316530 1540.3
1316540 1540.3
1316550 1535.4
1316560 1530.5
1316570 1530.5
1316580 1526.0
1316590 1521.7
1316600 1521.7
1316610 1517.4
1316620 1511.7
1316630 1511.7
1316640 1505.3
1316650 1499.6
1316660 1499.6
1316670 1494.4
1316680 1489.6
1316690 1489.6
1316700 1486.0
1316710 1482.3
1316720 1482.3
1316730 1477.7
1316740 1472.3
1316750 1472.3
1316760 1467.3
1316770 1461.9
1316780 1455.8
1316790 1455.8
1316800 1451.5
1316810 1446.8
1316820 1446.8
1316830 1443.3
1316840 1442.2
1316850 1442.2
1316860 1442.4
1316870 1443.2
1316880 1443.2
1316890 1443.4
1316900 1443.5
1316910 1443.5
1316920 1443.4
1316930 1441.6
1316940 1441.6
1316950 1436.1
1316960 1436.0
1316970 1436.0
1316980 1435.5
1316990 1430.6
1317000 1430.6
1317010 1431.2
1317020 1431.5
1317030 1431.5
1317040 1431.8
1317050 1431.9
1317060 1432.0
1317070 1432.0
1317080 1435.4
1317090 1437.5
1317100 1437.5
1317110 1437.0
1317120 1435.9
1317130 1435.9
1317140 1435.1
1317150 1435.5
1317160 1435.5
1317170 1435.2
1317180 1431.7
1317190 1431.7
1317200 1424.2
1317210 1416.1
1317220 1416.1
1317230 1409.3
1317240 1405.1
1317250 1405.1
1317260 1402.1
1317270 1402.6
1317280 1402.6
1317290 1404.3
1317300 1403.9
1317310 1402.7
1317320 1402.7
1317330 1401.4
1317340 1400.0
1317350 1400.0
1317360 1398.2
1317370 1396.5
1317380 1396.5
1317390 1395.1
1317400 1394.3
1317410 1394.3
1317420 1393.2
1317430 1392.4
1317440 1392.4
1317450 1391.1
1317460 1388.5
1317470 1388.5
1317480 1383.8
1317490 1379.7
1317500 1379.7
1317510 1374.9
1317520 1368.6
1317530 1368.6
1317540 1363.1
1317550 1359.1
1317560 1359.1
1317570 1355.9
1317580 1352.2
1317590 1347.8
1317600 1347.8
1317610 1342.6
1317620 1338.3
1317630 1338.3
1317640 1335.4
1317650 1332.4
1317660 1332.4
1317670 1328.6
1317680 1326.0
1317690 1326.0
1317700 1324.0
1317710 1320.0
1317720 1320.0
1317730 1315.7
1317740 1310.4
1317750 1310.4
1317760 1300.3
1317770 1294.7
1317780 1294.7
1317790 1287.2
1317800 1280.2
1317810 1280.2
1317820 1273.2
1317830 1268.0
1317840 1268.0
1317850 1264.0
1317860 1260.8
1317870 1257.4
1317880 1257.4
1317890 1253.3
1317900 1248.5
1317910 1248.5
1317920 1242.0
1317930 1236.3
1317940 1236.3
1317950 1230.7
1317960 1226.6
1317970 1226.6
1317980 1223.9
1317990 1221.4
1318000 1221.4
1318010 1218.4
1318020 1214.1
1318030 1214.1
1318040 1209.4
1318050 1205.0
1318060 1205.0
1318070 1201.7
1318080 1198.6
1318090 1198.6
1318100 1196.2
1318110 1192.7
1318120 1192.7
1318130 1188.9
1318140 1186.2
1318150 1183.7
1318160 1183.7
1318170 1181.3
1318180 1180.0
1318190 1180.0
1318200 1179.4
1318210 1178.1
1318220 1178.1
1318230 1176.4
1318240 1175.6
1318250 1175.6
1318260 1174.3
1318270 1171.6
1318280 1171.6
1318290 1167.6
1318300 1163.3
1318310 1163.3
1318320 1159.1
1318330 1156.2
1318340 1156.2
1318350 1154.1
1318360 1151.5
1318370 1151.5
1318380 1147.1
1318390 1140.8
1318400 1134.4
1318410 1134.4
1318420 1128.8
1318430 1123.5
1318440 1123.5
1318450 1119.1
1318460 1115.5
1318470 1115.5
1318480 1111.9
1318490 1108.5
1318500 1108.5
1318510 1105.6
1318520 1102.0
1318530 1102.0
1318540 1097.8
1318550 1093.0
1318560 1093.0
1318570 1088.2
1318580 1083.8
1318590 1083.8
1318600 1079.3
1318610 1074.7
1318620 1074.7
1318630 1070.5
1318640 1066.4
1318650 1066.4
1318660 1062.9
1318670 1059.4
1318680 1055.4
1318690 1055.4
1318700 1050.8
1318710 1045.9
1318720 1045.9
1318730 1041.8
1318740 1037.2
1318750 1037.2
1318760 1032.7
1318770 1028.9
1318780 1028.9
1318790 1025.4
1318800 1022.8
1318810 1022.8
1318820 1019.8
1318830 1017.0
1318840 1017.0
1318850 1014.7
1318860 1012.2
1318870 1012.2
1318880 1009.6
1318890 1006.9
1318900 1006.9
1318910 1004.2
1318920 1001.4
1318930 1001.4
1318940 998.3
1318950 995.3
1318960 992.2
1318970 992.2
1318980 989.1
1318990 984.7
1319000 984.7
1319010 980.3
1319020 975.4
1319030 975.4
1319040 972.3
1319050 969.6
1319060 969.6
1319070 965.4
1319080 960.6
1319090 960.6
1319100 956.4
1319110 952.0
1319120 952.0
1319130 947.8
1319140 943.6
1319150 943.6
1319160 940.1
1319170 936.5
1319180 936.5
1319190 932.8
1319200 929.3
1319210 925.3
1319220 925.3
1319230 920.9
1319240 915.5
1319250 915.5
1319260 909.9
1319270 903.5
1319280 903.5
1319290 902.3
1319300 898.2
1319310 898.2
1319320 894.6
1319330 891.3
1319340 891.3
1319350 888.8
1319360 886.8
1319370 886.8
1319380 884.9
1319390 882.8
1319400 882.8
1319410 880.4
1319420 878.6
1319430 878.6
1319440 876.2
1319450 873.3
1319460 873.3
1319470 870.1
1319480 866.8
1319490 863.4
1319500 863.4
1319510 859.8
1319520 856.5
1319530 856.5
1319540 853.1
1319550 849.7
1319560 849.7
1319570 846.6
1319580 843.6
1319590 843.6
1319600 839.9
1319610 835.8
1319620 835.8
1319630 832.3
1319640 828.2
1319650 828.2
1319660 822.3
1319670 816.5
1319680 816.5
1319690 809.7
1319700 804.3
1319710 804.3
1319720 799.9
1319730 794.8
1319740 789.7
1319750 789.7
1319760 785.1
1319770 780.4
1319780 780.4
1319790 775.6
1319800 771.8
1319810 771.8
1319820 768.3
1319830 766.1
1319840 766.1
1319850 763.8
1319860 761.1
1319870 761.1
1319880 758.9
1319890 756.7
1319900 756.7
1319910 754.0
1319920 750.8
1319930 750.8
1319940 747.5
1319950 743.7
1319960 743.7
1319970 740.0
1319980 733.6
1319990 733.6
