1300000 814.1
1300010 814.1
1300020 819.9
1300030 825.5
1300040 825.5
1300050 830.6
1300060 835.6
1300070 835.6
1300080 840.5
1300090 845.2
1300100 845.2
1300110 849.4
1300120 855.3
1300130 855.3
1300140 862.0
1300150 866.6
1300160 866.6
1300170 867.8
1300180 867.7
1300190 867.7
1300200 868.0
1300210 868.7
1300220 868.7
1300230 869.7
1300240 870.7
1300250 871.5
1300260 871.5
1300270 872.1
1300280 872.6
1300290 872.6
1300300 873.1
1300310 873.2
1300320 873.2
1300330 873.4
1300340 873.8
1300350 873.8
1300360 874.3
1300370 874.9
1300380 874.9
1300390 875.6
1300400 876.2
1300410 876.2
1300420 876.4
1300430 876.5
1300440 876.5
1300450 876.2
1300460 875.2
1300470 875.2
1300480 873.8
1300490 874.0
1300500 874.0
1300510 875.8
1300520 876.8
1300530 877.1
1300540 877.1
1300550 876.6
1300560 876.6
1300570 876.6
1300580 876.7
1300590 876.8
1300600 876.8
1300610 876.9
1300620 876.8
1300630 876.8
1300640 876.7
1300650 875.7
1300660 875.7
1300670 874.3
1300680 874.2
1300690 874.2
1300700 874.1
1300710 874.0
1300720 874.0
1300730 874.2
1300740 874.3
1300750 874.3
1300760 873.4
1300770 873.2
1300780 873.2
1300790 873.2
1300800 873.2
1300810 873.2
1300820 873.2
1300830 873.1
1300840 873.2
1300850 873.2
1300860 873.2
1300870 873.3
1300880 873.3
1300890 873.4
1300900 873.6
1300910 873.6
1300920 873.5
1300930 873.6
1300940 873.6
1300950 873.5
1300960 873.5
1300970 873.5
1300980 873.4
1300990 872.9
1301000 872.9
1301010 872.6
1301020 873.0
1301030 873.0
1301040 873.7
1301050 873.9
1301060 873.9
1301070 873.9
1301080 873.6
1301090 873.4
1301100 873.4
1301110 873.6
1301120 873.9
1301130 873.9
1301140 874.3
1301150 874.3
1301160 874.3
1301170 874.0
1301180 873.6
1301190 873.6
1301200 873.5
1301210 873.6
1301220 873.6
1301230 873.7
1301240 873.8
1301250 874.9
1301260 874.8
1301270 874.8
1301280 874.8
1301290 875.3
1301300 875.4
1301310 875.4
1301320 874.4
1301330 873.9
1301340 874.2
1301350 874.2
1301360 874.1
1301370 874.1
1301380 874.1
1301390 874.3
1301400 874.1
1301410 874.1
1301420 873.2
1301430 872.7
1301440 872.7
1301450 872.9
1301460 873.7
1301470 873.7
1301480 874.1
1301490 874.4
1301500 874.4
1301510 874.6
1301520 874.5
1301530 874.5
1301540 874.6
1301550 874.2
1301560 874.2
1301570 874.1
1301580 874.1
1301590 874.1
1301600 875.2
1301610 876.0
1301620 876.4
1301630 876.4
1301640 876.9
1301650 877.5
1301660 877.5
1301670 877.9
1301680 878.1
1301690 878.1
1301700 878.1
1301710 878.1
1301720 878.1
1301730 878.0
1301740 877.8
1301750 877.8
1301760 877.8
1301770 877.9
1301780 877.9
1301790 876.1
1301800 873.9
1301810 873.9
1301820 870.3
1301830 867.0
1301840 867.0
1301850 865.8
1301860 862.1
1301870 862.1
1301880 858.4
1301890 854.6
1301900 852.8
1301910 852.8
1301920 850.2
1301930 847.2
1301940 847.2
1301950 853.1
1301960 848.0
1301970 848.0
1301980 843.1
1301990 840.9
1302000 840.9
1302010 845.1
1302020 852.1
1302030 852.1
1302040 860.4
1302050 869.5
1302060 869.5
1302070 877.9
1302080 882.4
1302090 882.4
1302100 881.8
1302110 881.7
1302120 881.7
1302130 883.0
1302140 884.5
1302150 886.0
1302160 886.0
1302170 887.4
1302180 888.7
1302190 888.7
1302200 890.0
1302210 890.7
1302220 890.7
1302230 888.4
1302240 882.5
1302250 882.5
1302260 875.2
1302270 868.1
1302280 868.1
1302290 860.0
1302300 850.6
1302310 850.6
1302320 844.2
1302330 851.3
1302340 851.3
1302350 863.4
1302360 874.5
1302370 874.5
1302380 881.4
1302390 884.4
1302400 884.4
1302410 886.3
1302420 886.9
1302430 887.1
1302440 887.1
1302450 887.2
1302460 887.1
1302470 887.1
1302480 886.8
1302490 887.3
1302500 887.3
1302510 888.5
1302520 889.9
1302530 889.9
1302540 890.5
1302550 891.0
1302560 891.0
1302570 892.5
1302580 895.1
1302590 895.1
1302600 897.2
1302610 898.8
1302620 898.8
1302630 899.8
1302640 899.4
1302650 903.1
1302660 901.7
1302670 899.8
1302680 899.8
1302690 897.7
1302700 897.0
1302710 896.5
1302720 896.5
1302730 895.8
1302740 894.7
1302750 894.7
1302760 893.1
1302770 891.1
1302780 891.1
1302790 888.9
1302800 886.3
1302810 886.3
1302820 881.7
1302830 877.2
1302840 877.2
1302850 872.9
1302860 868.6
1302870 868.6
1302880 865.8
1302890 864.8
1302900 864.8
1302910 863.2
1302920 861.6
1302930 861.6
1302940 858.3
1302950 854.0
1302960 854.0
1302970 850.2
1302980 851.4
1302990 851.4
1303000 851.4
1303010 848.2
1303020 847.2
1303030 847.2
1303040 844.9
1303050 844.1
1303060 844.1
1303070 840.5
1303080 839.9
1303090 839.9
1303100 841.3
1303110 842.0
1303120 842.0
1303130 842.0
1303140 839.4
1303150 839.4
1303160 836.0
1303170 834.8
1303180 834.8
1303190 834.1
1303200 832.8
1303210 832.8
1303220 831.7
1303230 833.1
1303240 836.2
1303250 836.2
1303260 838.4
1303270 840.0
1303280 840.0
1303290 843.1
1303300 848.2
1303310 848.2
1303320 851.4
1303330 856.9
1303340 856.9
1303350 857.6
1303360 864.0
1303370 864.0
1303380 870.5
1303390 877.6
1303400 877.6
1303410 881.1
1303420 886.9
1303430 886.9
1303440 897.5
1303450 905.6
1303460 905.6
1303470 908.8
1303480 911.7
1303490 911.7
1303500 915.3
1303510 916.1
1303520 915.2
1303530 915.2
1303540 913.8
1303550 914.3
1303560 914.3
1303570 915.4
1303580 914.6
1303590 914.6
1303600 913.8
1303610 913.7
1303620 913.7
1303630 914.2
1303640 915.7
1303650 915.7
1303660 917.1
1303670 918.3
1303680 918.3
1303690 919.2
1303700 919.9
1303710 919.9
1303720 919.6
1303730 918.6
1303740 918.6
1303750 918.0
1303760 917.3
1303770 917.3
1303780 916.0
1303790 917.6
1303800 921.3
1303810 921.3
1303820 924.2
1303830 926.1
1303840 926.1
1303850 928.2
1303860 931.3
1303870 931.3
1303880 934.5
1303890 936.8
1303900 936.8
1303910 938.3
1303920 939.4
1303930 939.4
1303940 941.1
1303950 943.5
1303960 943.5
1303970 945.8
1303980 947.6
1303990 947.6
1304000 947.0
1304010 945.1
1304020 945.1
1304030 945.6
1304040 947.3
1304050 943.4
1304060 945.2
1304070 944.5
1304080 941.7
1304090 941.7
1304100 941.8
1304110 946.7
1304120 946.7
1304130 952.9
1304140 957.9
1304150 957.9
1304160 961.6
1304170 963.9
1304180 963.9
1304190 965.9
1304200 967.4
1304210 967.4
1304220 968.2
1304230 968.8
1304240 968.8
1304250 968.3
1304260 971.3
1304270 971.3
1304280 977.6
1304290 985.1
1304300 985.1
1304310 990.6
1304320 995.3
1304330 1000.9
1304340 1000.9
1304350 1007.0
1304360 1011.0
1304370 1011.0
1304380 1015.4
1304390 1020.3
1304400 1020.3
1304410 1024.1
1304420 1027.8
1304430 1027.8
1304440 1032.7
1304450 1038.1
1304460 1038.1
1304470 1043.0
1304480 1046.9
1304490 1046.9
1304500 1051.4
1304510 1055.1
1304520 1055.1
1304530 1058.2
1304540 1061.7
1304550 1061.7
1304560 1065.0
1304570 1068.0
1304580 1068.0
1304590 1071.9
1304600 1074.9
1304610 1078.1
1304620 1078.1
1304630 1080.7
1304640 1082.8
1304650 1082.8
1304660 1084.8
1304670 1086.4
1304680 1086.4
1304690 1088.3
1304700 1090.6
1304710 1090.6
1304720 1092.8
1304730 1094.6
1304740 1094.6
1304750 1096.5
1304760 1094.3
1304770 1094.3
1304780 1094.8
1304790 1095.7
1304800 1095.7
1304810 1098.7
1304820 1103.7
1304830 1103.7
1304840 1107.2
1304850 1108.4
1304860 1108.4
1304870 1109.1
1304880 1109.7
1304890 1110.4
1304900 1110.4
1304910 1110.6
1304920 1111.0
1304930 1111.0
1304940 1112.7
1304950 1115.0
1304960 1115.0
1304970 1116.5
1304980 1117.6
1304990 1117.6
1305000 1118.4
1305010 1118.4
1305020 1118.4
1305030 1117.5
1305040 1117.0
1305050 1117.0
1305060 1117.5
1305070 1118.8
1305080 1118.8
1305090 1120.2
1305100 1121.1
1305110 1121.1
1305120 1122.7
1305130 1125.2
1305140 1125.2
1305150 1128.2
1305160 1131.0
1305170 1133.4
1305180 1133.4
1305190 1135.0
1305200 1136.2
1305210 1136.2
1305220 1138.5
1305230 1140.8
1305240 1140.8
1305250 1142.7
1305260 1145.0
1305270 1145.0
1305280 1147.0
1305290 1148.5
1305300 1148.5
1305310 1150.2
1305320 1153.0
1305330 1153.0
1305340 1156.1
1305350 1159.4
1305360 1159.4
1305370 1162.7
1305380 1165.8
1305390 1165.8
1305400 1169.1
1305410 1171.8
1305420 1174.2
1305430 1174.2
1305440 1176.9
1305450 1179.9
1305460 1174.0
1305470 1177.4
1305480 1180.4
1305490 1180.4
1305500 1183.0
1305510 1184.9
1305520 1184.9
1305530 1186.1
1305540 1186.6
1305550 1186.6
1305560 1187.1
1305570 1187.9
1305580 1187.9
1305590 1188.9
1305600 1189.9
1305610 1189.9
1305620 1190.7
1305630 1191.4
1305640 1191.4
1305650 1192.2
1305660 1191.4
1305670 1191.4
1305680 1192.2
1305690 1193.3
1305700 1193.7
1305710 1193.7
1305720 1194.4
1305730 1195.0
1305740 1195.0
1305750 1195.7
1305760 1197.3
1305770 1197.3
1305780 1199.6
1305790 1201.5
1305800 1201.5
1305810 1202.1
1305820 1203.2
1305830 1203.2
1305840 1205.5
1305850 1207.8
1305860 1207.8
1305870 1211.0
1305880 1213.9
1305890 1213.9
1305900 1215.7
1305910 1216.9
1305920 1216.9
1305930 1217.3
1305940 1216.7
1305950 1216.7
1305960 1214.0
1305970 1214.0
1305980 1215.6
1305990 1215.6
1306000 1217.6
1306010 1219.0
1306020 1219.0
1306030 1220.7
1306040 1223.4
1306050 1223.4
1306060 1227.6
1306070 1231.1
1306080 1231.1
1306090 1232.7
1306100 1233.3
1306110 1233.3
1306120 1233.5
1306130 1235.1
1306140 1235.1
1306150 1238.0
1306160 1240.4
1306170 1240.4
1306180 1240.7
1306190 1241.3
1306200 1241.3
1306210 1240.8
1306220 1240.0
1306230 1240.0
1306240 1239.8
1306250 1240.6
1306260 1241.7
1306270 1241.7
1306280 1242.8
1306290 1243.6
1306300 1243.6
1306310 1245.2
1306320 1247.1
1306330 1247.1
1306340 1249.5
1306350 1252.1
1306360 1252.1
1306370 1254.4
1306380 1256.7
1306390 1256.7
1306400 1259.4
1306410 1261.6
1306420 1261.6
1306430 1263.4
1306440 1264.7
1306450 1264.7
1306460 1265.0
1306470 1264.7
1306480 1264.7
1306490 1264.4
1306500 1263.7
1306510 1263.2
1306520 1263.2
1306530 1263.6
1306540 1264.9
1306550 1264.9
1306560 1265.9
1306570 1266.1
1306580 1266.1
1306590 1267.1
1306600 1268.0
1306610 1268.0
1306620 1268.9
1306630 1269.8
1306640 1269.8
1306650 1271.4
1306660 1273.9
1306670 1273.9
1306680 1276.2
1306690 1278.2
1306700 1278.2
1306710 1279.8
1306720 1281.2
1306730 1281.2
1306740 1283.0
1306750 1284.8
1306760 1284.8
1306770 1286.9
1306780 1289.4
1306790 1292.3
1306800 1292.3
1306810 1295.5
1306820 1297.3
1306830 1297.3
1306840 1298.4
1306850 1299.3
1306860 1299.3
1306870 1301.6
1306880 1305.4
1306890 1302.2
1306900 1307.4
1306910 1312.7
1306920 1312.7
1306930 1317.4
1306940 1321.5
1306950 1321.5
1306960 1325.7
1306970 1329.8
1306980 1329.8
1306990 1332.7
1307000 1332.1
1307010 1332.1
1307020 1330.6
1307030 1330.1
1307040 1330.1
1307050 1327.1
1307060 1323.2
1307070 1322.6
1307080 1322.6
1307090 1326.2
1307100 1330.8
1307110 1330.8
1307120 1336.2
1307130 1343.3
1307140 1343.3
1307150 1351.4
1307160 1359.7
1307170 1359.7
1307180 1365.7
1307190 1370.8
1307200 1370.8
1307210 1375.5
1307220 1380.1
1307230 1380.1
1307240 1383.1
1307250 1386.3
1307260 1386.3
1307270 1388.6
1307280 1391.5
1307290 1391.5
1307300 1395.1
1307310 1399.4
1307320 1403.4
1307330 1403.4
1307340 1406.5
1307350 1410.8
1307360 1410.8
1307370 1413.6
1307380 1415.6
1307390 1415.6
1307400 1416.6
1307410 1417.8
1307420 1417.8
1307430 1419.6
1307440 1421.6
1307450 1421.6
1307460 1424.9
1307470 1429.0
1307480 1429.0
1307490 1434.5
1307500 1439.9
1307510 1439.9
1307520 1444.2
1307530 1447.7
1307540 1447.7
1307550 1450.5
1307560 1454.1
1307570 1454.1
1307580 1458.3
1307590 1462.5
1307600 1466.3
1307610 1464.8
1307620 1468.5
1307630 1471.8
1307640 1471.8
1307650 1475.0
1307660 1477.0
1307670 1477.0
1307680 1478.9
1307690 1480.9
1307700 1480.9
1307710 1483.0
1307720 1484.9
1307730 1484.9
1307740 1486.5
1307750 1488.0
1307760 1488.0
1307770 1489.9
1307780 1492.5
1307790 1492.5
1307800 1494.8
1307810 1496.1
1307820 1496.1
1307830 1496.3
1307840 1497.1
1307850 1497.1
1307860 1498.3
1307870 1499.8
1307880 1502.0
1307890 1502.0
1307900 1504.6
1307910 1507.1
1307920 1507.1
1307930 1509.5
1307940 1511.8
1307950 1511.8
1307960 1514.6
1307970 1517.4
1307980 1517.4
1307990 1521.1
1308000 1525.6
1308010 1525.6
1308020 1531.1
1308030 1536.5
1308040 1536.5
1308050 1541.7
1308060 1546.8
1308070 1546.8
1308080 1551.6
1308090 1555.8
1308100 1555.8
1308110 1559.8
1308120 1563.9
1308130 1563.9
1308140 1568.1
1308150 1572.3
1308160 1576.2
1308170 1576.2
1308180 1579.6
1308190 1583.1
1308200 1583.1
1308210 1587.0
1308220 1590.4
1308230 1590.4
1308240 1593.5
1308250 1596.4
1308260 1596.4
1308270 1599.2
1308280 1601.9
1308290 1601.9
1308300 1604.4
1308310 1606.7
1308320 1606.7
1308330 1607.0
1308340 1609.5
1308350 1609.5
1308360 1612.2
1308370 1615.0
1308380 1615.0
1308390 1617.6
1308400 1620.5
1308410 1623.3
1308420 1623.3
1308430 1626.2
1308440 1629.3
1308450 1629.3
1308460 1632.8
1308470 1636.4
1308480 1636.4
1308490 1639.7
1308500 1642.4
1308510 1642.4
1308520 1645.1
1308530 1647.9
1308540 1647.9
1308550 1652.3
1308560 1658.6
1308570 1658.6
1308580 1666.2
1308590 1675.3
1308600 1675.3
1308610 1683.8
1308620 1689.9
1308630 1689.9
1308640 1695.4
1308650 1700.3
1308660 1700.3
1308670 1705.2
1308680 1709.8
1308690 1713.1
1308700 1713.1
1308710 1716.6
1308720 1721.0
1308730 1721.0
1308740 1725.5
1308750 1730.1
1308760 1730.1
1308770 1735.1
1308780 1740.2
1308790 1740.2
1308800 1744.7
1308810 1746.7
1308820 1746.7
1308830 1748.7
1308840 1750.3
1308850 1750.3
1308860 1752.0
1308870 1754.0
1308880 1754.0
1308890 1756.7
1308900 1759.1
1308910 1759.1
1308920 1760.7
1308930 1761.7
1308940 1761.7
1308950 1763.4
1308960 1766.6
1308970 1773.3
1308980 1773.3
1308990 1781.8
1309000 1786.8
1309010 1786.8
1309020 1789.6
1309030 1791.5
1309040 1791.5
1309050 1792.9
1309060 1794.9
1309070 1794.9
1309080 1796.6
1309090 1798.1
1309100 1798.1
1309110 1799.2
1309120 1800.8
1309130 1800.8
1309140 1803.2
1309150 1805.5
1309160 1805.5
1309170 1807.0
1309180 1808.9
1309190 1808.9
1309200 1810.8
1309210 1813.0
1309220 1813.0
1309230 1814.6
1309240 1816.4
1309250 1816.7
1309260 1816.7
1309270 1817.5
1309280 1818.2
1309290 1818.2
1309300 1819.8
1309310 1823.3
1309320 1823.3
1309330 1826.3
1309340 1828.1
1309350 1828.1
1309360 1829.8
1309370 1832.1
1309380 1832.1
1309390 1834.6
1309400 1837.8
1309410 1837.8
1309420 1841.8
1309430 1846.5
1309440 1846.5
1309450 1851.6
1309460 1857.7
1309470 1857.7
1309480 1864.3
1309490 1871.0
1309500 1877.2
1309510 1877.2
1309520 1883.2
1309530 1889.0
1309540 1889.0
1309550 1895.0
1309560 1901.4
1309570 1901.4
1309580 1907.9
1309590 1913.5
1309600 1913.5
1309610 1919.4
1309620 1925.5
1309630 1925.5
1309640 1931.9
1309650 1938.0
1309660 1938.0
1309670 1945.2
1309680 1953.4
1309690 1953.4
1309700 1961.7
1309710 1971.2
1309720 1971.2
1309730 1980.8
1309740 1989.2
1309750 1989.2
1309760 1997.7
1309770 2006.2
1309780 2009.8
1309790 2009.8
1309800 2016.3
1309810 2022.9
1309820 2022.9
1309830 2031.0
1309840 2038.9
1309850 2038.9
1309860 2047.7
1309870 2056.4
1309880 2056.4
1309890 2065.0
1309900 2074.3
1309910 2074.3
1309920 2082.6
1309930 2089.4
1309940 2089.4
1309950 2095.2
1309960 2101.0
1309970 2101.0
1309980 2110.1
1309990 2120.6
1310000 2120.6
1310010 2130.8
1310020 2140.2
1310030 2140.2
1310040 2148.8
1310050 2157.0
1310060 2164.1
1310070 2164.1
1310080 2171.2
1310090 2179.0
1310100 2179.0
1310110 2186.5
1310120 2194.1
1310130 2194.1
1310140 2201.1
1310150 2205.1
1310160 2205.1
1310170 2204.3
1310180 2202.7
1310190 2202.7
1310200 2202.7
1310210 2202.8
1310220 2202.8
1310230 2204.1
1310240 2204.9
1310250 2204.9
1310260 2203.8
1310270 2198.6
1310280 2198.6
1310290 2193.3
1310300 2190.3
1310310 2190.3
1310320 2186.6
1310330 2182.6
1310340 2178.2
1310350 2178.2
1310360 2173.6
1310370 2170.4
1310380 2170.4
1310390 2167.2
1310400 2164.1
1310410 2164.1
1310420 2162.4
1310430 2158.8
1310440 2158.8
1310450 2154.6
1310460 2150.5
1310470 2150.5
1310480 2146.4
1310490 2142.1
1310500 2142.1
1310510 2132.9
1310520 2125.4
1310530 2125.4
1310540 2116.8
1310550 2110.0
1310560 2110.0
1310570 2105.6
1310580 2103.5
1310590 2102.8
1310600 2102.8
1310610 2100.3
1310620 2095.9
1310630 2095.9
1310640 2091.4
1310650 2086.8
1310660 2086.8
1310670 2082.7
1310680 2079.3
1310690 2079.3
1310700 2075.7
1310710 2071.8
1310720 2071.8
1310730 2067.7
1310740 2062.4
1310750 2062.4
1310760 2057.5
1310770 2053.3
1310780 2053.3
1310790 2050.0
1310800 2046.4
1310810 2046.4
1310820 2043.6
1310830 2039.7
1310840 2039.7
1310850 2034.6
1310860 2030.0
1310870 2025.4
1310880 2025.4
1310890 2021.2
1310900 2017.7
1310910 2017.7
1310920 2014.6
1310930 2012.3
1310940 2012.3
1310950 2009.5
1310960 2005.8
1310970 2005.8
1310980 2001.9
1310990 1997.4
1311000 1997.4
1311010 1991.9
1311020 1985.3
1311030 1985.3
1311040 1979.0
1311050 1973.9
1311060 1973.9
1311070 1968.0
1311080 1961.5
1311090 1961.5
1311100 1954.7
1311110 1950.2
1311120 1950.2
1311130 1945.4
1311140 1940.9
1311150 1935.9
1311160 1935.9
1311170 1931.3
1311180 1928.0
1311190 1928.0
1311200 1924.4
1311210 1919.6
1311220 1919.6
1311230 1916.2
1311240 1906.2
1311250 1906.2
1311260 1901.3
1311270 1894.7
1311280 1894.7
1311290 1886.1
1311300 1878.5
1311310 1878.5
1311320 1872.9
1311330 1866.3
1311340 1866.3
1311350 1859.7
1311360 1853.7
1311370 1853.7
1311380 1847.7
1311390 1841.7
1311400 1835.7
1311410 1835.7
1311420 1829.9
1311430 1824.5
1311440 1824.5
1311450 1819.2
1311460 1814.2
1311470 1814.2
1311480 1809.5
1311490 1805.3
1311500 1805.3
1311510 1801.6
1311520 1798.0
1311530 1798.0
1311540 1793.7
1311550 1788.4
1311560 1788.4
1311570 1783.2
1311580 1778.1
1311590 1778.1
1311600 1773.1
1311610 1768.4
1311620 1768.4
1311630 1763.9
1311640 1758.9
1311650 1758.9
1311660 1753.0
1311670 1747.4
1311680 1742.2
1311690 1742.2
1311700 1737.0
1311710 1732.1
1311720 1732.1
1311730 1727.4
1311740 1723.6
1311750 1723.6
1311760 1720.1
1311770 1716.6
1311780 1716.6
1311790 1711.8
1311800 1705.7
1311810 1705.7
1311820 1699.4
1311830 1693.3
1311840 1693.3
1311850 1687.6
1311860 1681.8
1311870 1681.8
1311880 1675.4
1311890 1668.7
1311900 1668.7
1311910 1662.2
1311920 1656.0
1311930 1656.0
1311940 1650.4
1311950 1645.7
1311960 1641.3
1311970 1641.3
1311980 1637.0
1311990 1632.8
1312000 1632.8
1312010 1628.6
1312020 1624.0
1312030 1624.0
1312040 1620.3
1312050 1615.7
1312060 1615.7
1312070 1610.0
1312080 1602.3
1312090 1602.3
1312100 1593.6
1312110 1585.3
1312120 1585.3
1312130 1580.6
1312140 1577.4
1312150 1577.4
1312160 1574.8
1312170 1572.4
1312180 1572.4
1312190 1569.3
1312200 1566.2
1312210 1566.2
1312220 1562.2
1312230 1557.7
1312240 1553.3
1312250 1553.3
1312260 1549.7
1312270 1546.5
1312280 1546.5
1312290 1542.1
1312300 1538.4
1312310 1538.4
1312320 1534.9
1312330 1531.8
1312340 1531.8
1312350 1529.1
1312360 1526.7
1312370 1526.7
1312380 1525.7
1312390 1523.9
1312400 1523.9
1312410 1520.8
1312420 1517.1
1312430 1517.1
1312440 1515.3
1312450 1515.7
1312460 1515.7
1312470 1514.6
1312480 1510.9
1312490 1511.6
1312500 1511.6
1312510 1512.5
1312520 1509.0
1312530 1509.0
1312540 1507.0
1312550 1508.2
1312560 1508.2
1312570 1509.9
1312580 1512.5
1312590 1512.5
1312600 1513.0
1312610 1511.5
1312620 1511.5
1312630 1511.5
1312640 1511.5
1312650 1511.5
1312660 1510.1
1312670 1506.9
1312680 1506.9
1312690 1506.3
1312700 1508.3
1312710 1508.3
1312720 1504.4
1312730 1503.6
1312740 1503.6
1312750 1502.5
1312760 1500.2
1312770 1497.0
1312780 1497.0
1312790 1494.4
1312800 1492.2
1312810 1492.2
1312820 1489.9
1312830 1488.1
1312840 1488.1
1312850 1486.1
1312860 1484.6
1312870 1484.6
1312880 1483.5
1312890 1482.9
1312900 1482.9
1312910 1483.1
1312920 1482.6
1312930 1482.6
1312940 1481.4
1312950 1480.9
1312960 1480.9
1312970 1481.0
1312980 1481.0
1312990 1481.0
1313000 1480.6
1313010 1480.6
1313020 1480.6
1313030 1480.5
1313040 1480.0
1313050 1478.6
1313060 1478.6
1313070 1477.0
1313080 1475.2
1313090 1475.2
1313100 1473.0
1313110 1471.4
1313120 1471.4
1313130 1470.9
1313140 1469.7
1313150 1469.7
1313160 1468.1
1313170 1466.2
1313180 1466.2
1313190 1464.9
1313200 1462.9
1313210 1462.9
1313220 1460.2
1313230 1458.7
1313240 1458.7
1313250 1456.5
1313260 1453.8
1313270 1453.8
1313280 1450.1
1313290 1446.0
1313300 1446.0
1313310 1441.6
1313320 1437.1
1313330 1433.3
1313340 1433.3
1313350 1430.7
1313360 1428.6
1313370 1428.6
1313380 1425.2
1313390 1421.7
1313400 1421.7
1313410 1418.2
1313420 1414.6
1313430 1414.6
1313440 1410.7
1313450 1406.9
1313460 1402.8
1313470 1398.6
1313480 1394.7
1313490 1394.7
1313500 1390.5
1313510 1385.7
1313520 1385.7
1313530 1380.9
1313540 1376.0
1313550 1376.0
1313560 1371.8
1313570 1367.6
1313580 1363.6
1313590 1363.6
1313600 1359.3
1313610 1354.7
1313620 1354.7
1313630 1350.0
1313640 1345.1
1313650 1345.1
1313660 1341.8
1313670 1339.0
1313680 1339.0
1313690 1334.3
1313700 1328.8
1313710 1328.8
1313720 1323.5
1313730 1318.5
1313740 1318.5
1313750 1313.7
1313760 1309.6
1313770 1309.6
1313780 1305.1
1313790 1300.0
1313800 1300.0
1313810 1294.1
1313820 1289.1
1313830 1289.1
1313840 1286.8
1313850 1285.3
1313860 1282.5
1313870 1282.5
1313880 1277.5
1313890 1271.1
1313900 1271.1
1313910 1267.2
1313920 1264.5
1313930 1264.5
1313940 1261.1
1313950 1256.7
1313960 1256.7
1313970 1253.6
1313980 1249.1
1313990 1249.1
1314000 1244.8
1314010 1242.9
1314020 1242.9
1314030 1240.6
1314040 1237.0
1314050 1237.0
1314060 1232.7
1314070 1227.2
1314080 1227.2
1314090 1221.7
1314100 1215.4
1314110 1215.4
1314120 1210.1
1314130 1209.6
1314140 1209.9
1314150 1209.9
1314160 1208.6
1314170 1206.1
1314180 1206.1
1314190 1202.1
1314200 1198.1
1314210 1197.3
1314220 1193.5
1314230 1186.8
1314240 1186.8
1314250 1179.8
1314260 1175.7
1314270 1175.7
1314280 1172.2
1314290 1169.2
1314300 1169.2
1314310 1166.2
1314320 1160.8
1314330 1160.8
1314340 1153.5
1314350 1146.9
1314360 1146.9
1314370 1139.5
1314380 1132.3
1314390 1132.3
1314400 1126.0
1314410 1121.1
1314420 1115.3
1314430 1115.3
1314440 1109.5
1314450 1103.6
1314460 1103.6
1314470 1098.8
1314480 1094.5
1314490 1094.5
1314500 1089.8
1314510 1084.0
1314520 1084.0
1314530 1078.2
1314540 1072.9
1314550 1072.9
1314560 1067.3
1314570 1061.2
1314580 1061.2
1314590 1056.2
1314600 1052.3
1314610 1052.3
1314620 1047.6
1314630 1041.5
1314640 1041.5
1314650 1034.5
1314660 1027.6
1314670 1021.4
1314680 1021.4
1314690 1015.8
1314700 1011.9
1314710 1011.9
1314720 1008.6
1314730 1001.2
1314740 1001.2
1314750 991.9
1314760 985.0
1314770 985.0
1314780 983.0
1314790 985.3
1314800 985.3
1314810 999.6
1314820 1012.2
1314830 1012.2
1314840 1019.6
1314850 1021.8
1314860 1021.8
1314870 1022.1
1314880 1026.1
1314890 1026.1
1314900 1029.2
1314910 1031.8
1314920 1031.8
1314930 1035.4
1314940 1039.1
1314950 1041.2
1314960 1048.3
1314970 1049.0
1314980 1052.0
1314990 1052.0
1315000 1054.9
1315010 1052.0
1315020 1052.0
1315030 1051.9
1315040 1055.8
1315050 1055.8
1315060 1060.7
1315070 1067.4
1315080 1067.4
1315090 1073.3
1315100 1077.0
1315110 1077.0
1315120 1080.5
1315130 1081.8
1315140 1081.8
1315150 1082.2
1315160 1081.1
1315170 1081.1
1315180 1079.6
1315190 1080.7
1315200 1080.7
1315210 1084.7
1315220 1090.0
1315230 1095.3
1315240 1095.3
1315250 1100.9
1315260 1107.6
1315270 1107.6
1315280 1114.2
1315290 1120.5
1315300 1120.5
1315310 1126.0
1315320 1129.4
1315330 1129.4
1315340 1131.0
1315350 1134.4
1315360 1134.4
1315370 1140.8
1315380 1147.8
1315390 1147.8
1315400 1152.7
1315410 1154.8
1315420 1154.8
1315430 1156.5
1315440 1158.6
1315450 1158.6
1315460 1160.5
1315470 1161.1
1315480 1161.1
1315490 1161.1
1315500 1163.1
1315510 1164.3
1315520 1164.3
1315530 1165.5
1315540 1167.4
1315550 1167.4
1315560 1169.3
1315570 1171.0
1315580 1171.0
1315590 1173.3
1315600 1175.8
1315610 1175.8
1315620 1178.4
1315630 1180.9
1315640 1180.9
1315650 1183.7
1315660 1186.7
1315670 1186.7
1315680 1188.4
1315690 1190.7
1315700 1190.7
1315710 1198.2
1315720 1201.1
1315730 1201.1
1315740 1204.4
1315750 1208.0
1315760 1212.0
1315770 1212.0
1315780 1216.3
1315790 1221.2
1315800 1221.2
1315810 1226.5
1315820 1231.7
1315830 1231.7
1315840 1236.5
1315850 1240.7
1315860 1240.7
1315870 1245.0
1315880 1249.7
1315890 1249.7
1315900 1254.4
1315910 1258.5
1315920 1258.5
1315930 1262.1
1315940 1268.0
1315950 1268.0
1315960 1272.8
1315970 1276.9
1315980 1276.9
1315990 1281.0
1316000 1284.3
1316010 1284.3
1316020 1287.3
1316030 1289.5
1316040 1292.0
1316050 1292.0
1316060 1295.4
1316070 1299.4
1316080 1299.4
1316090 1304.0
1316100 1309.3
1316110 1309.3
1316120 1317.4
1316130 1328.7
1316140 1328.7
1316150 1337.5
1316160 1345.3
1316170 1345.3
1316180 1352.4
1316190 1360.5
1316200 1360.5
1316210 1368.0
1316220 1373.4
1316230 1373.4
1316240 1379.5
1316250 1385.9
1316260 1385.9
1316270 1392.5
1316280 1399.3
1316290 1399.3
1316300 1408.4
1316310 1417.8
1316320 1423.3
1316330 1423.3
1316340 1427.5
1316350 1433.7
1316360 1433.7
1316370 1440.6
1316380 1445.5
1316390 1445.5
1316400 1449.4
1316410 1451.6
1316420 1451.6
1316430 1452.6
1316440 1454.0
1316450 1454.0
1316460 1456.1
1316470 1460.7
1316480 1460.7
1316490 1461.4
1316500 1460.8
1316510 1460.8
1316520 1460.5
1316530 1459.6
1316540 1459.6
1316550 1457.6
1316560 1454.2
1316570 1446.8
1316580 1446.8
1316590 1439.1
1316600 1432.2
1316610 1432.2
1316620 1426.4
1316630 1420.7
1316640 1420.7
1316650 1414.5
1316660 1406.9
1316670 1406.9
1316680 1398.7
1316690 1391.5
1316700 1391.5
1316710 1385.7
1316720 1381.1
1316730 1381.1
1316740 1377.2
1316750 1373.9
1316760 1373.9
1316770 1371.0
1316780 1368.5
1316790 1368.5
1316800 1366.6
1316810 1365.2
1316820 1365.2
1316830 1363.8
1316840 1362.5
1316850 1361.2
1316860 1361.2
1316870 1358.9
1316880 1355.9
1316890 1355.9
1316900 1352.5
1316910 1347.8
1316920 1347.8
1316930 1340.9
1316940 1335.0
1316950 1335.0
1316960 1335.5
1316970 1337.6
1316980 1337.6
1316990 1337.8
1317000 1338.9
1317010 1338.9
1317020 1337.6
1317030 1335.4
1317040 1335.4
1317050 1334.0
1317060 1333.1
1317070 1333.1
1317080 1332.1
1317090 1328.0
1317100 1328.0
1317110 1323.1
1317120 1319.7
1317130 1314.7
1317140 1314.7
1317150 1310.7
1317160 1314.6
1317170 1314.6
1317180 1319.2
1317190 1321.5
1317200 1321.5
1317210 1322.0
1317220 1326.9
1317230 1326.9
1317240 1327.2
1317250 1328.1
1317260 1328.1
1317270 1329.6
1317280 1331.7
1317290 1331.7
1317300 1333.7
1317310 1335.0
1317320 1335.0
1317330 1337.3
1317340 1340.5
1317350 1340.5
1317360 1343.7
1317370 1346.9
1317380 1346.9
1317390 1350.2
1317400 1353.7
1317410 1359.3
1317420 1359.3
1317430 1366.7
1317440 1373.4
1317450 1373.4
1317460 1373.6
1317470 1372.5
1317480 1372.5
1317490 1375.9
1317500 1382.6
1317510 1382.6
1317520 1386.2
1317530 1388.9
1317540 1388.9
1317550 1390.8
1317560 1392.5
1317570 1392.5
1317580 1395.4
1317590 1401.7
1317600 1401.7
1317610 1406.9
1317620 1410.4
1317630 1410.4
1317640 1414.8
1317650 1416.9
1317660 1417.5
1317670 1417.5
1317680 1417.5
1317690 1416.6
1317700 1416.6
1317710 1415.0
1317720 1409.9
1317730 1409.9
1317740 1404.3
1317750 1398.0
1317760 1398.0
1317770 1392.2
1317780 1385.8
1317790 1385.8
1317800 1378.8
1317810 1372.2
1317820 1372.2
1317830 1366.3
1317840 1363.9
1317850 1363.9
1317860 1360.3
1317870 1356.2
1317880 1356.2
1317890 1354.2
1317900 1352.1
1317910 1352.1
1317920 1349.5
1317930 1345.7
1317940 1341.8
1317950 1341.8
1317960 1337.5
1317970 1334.5
1317980 1334.5
1317990 1331.2
1318000 1327.7
1318010 1327.7
1318020 1323.4
1318030 1318.9
1318040 1318.9
1318050 1315.1
1318060 1313.1
1318070 1313.1
1318080 1312.8
1318090 1311.6
1318100 1311.6
1318110 1309.9
1318120 1305.9
1318130 1305.9
1318140 1301.0
1318150 1296.5
1318160 1296.5
1318170 1293.3
1318180 1290.5
1318190 1290.5
1318200 1287.6
1318210 1283.9
1318220 1279.1
1318230 1279.1
1318240 1275.2
1318250 1271.8
1318260 1271.8
1318270 1269.0
1318280 1265.4
1318290 1265.4
1318300 1260.0
1318310 1255.5
1318320 1255.5
1318330 1250.6
1318340 1246.4
1318350 1246.4
1318360 1241.3
1318370 1234.6
1318380 1234.6
1318390 1227.1
1318400 1218.8
1318410 1218.8
1318420 1212.0
1318430 1205.7
1318440 1205.7
1318450 1200.2
1318460 1195.2
1318470 1195.2
1318480 1190.4
1318490 1186.8
1318500 1182.5
1318510 1182.5
1318520 1177.3
1318530 1173.0
1318540 1173.0
1318550 1168.6
1318560 1162.9
1318570 1162.9
1318580 1156.6
1318590 1150.4
1318600 1150.4
1318610 1142.9
1318620 1135.1
1318630 1135.1
1318640 1128.4
1318650 1122.6
1318660 1122.6
1318670 1116.2
1318680 1109.5
1318690 1109.5
1318700 1102.1
1318710 1094.6
1318720 1094.6
1318730 1086.8
1318740 1080.5
1318750 1076.2
1318760 1076.2
1318770 1072.8
1318780 1068.2
1318790 1068.2
1318800 1063.6
1318810 1058.7
1318820 1058.7
1318830 1052.1
1318840 1048.1
1318850 1048.1
1318860 1045.0
1318870 1039.7
1318880 1039.7
1318890 1030.4
1318900 1023.4
1318910 1023.4
1318920 1015.5
1318930 1008.4
1318940 1008.4
1318950 1002.5
1318960 997.6
1318970 997.6
1318980 993.6
1318990 989.6
1319000 989.6
1319010 983.0
1319020 975.5
1319030 968.4
1319040 968.4
1319050 961.1
1319060 953.5
1319070 953.5
1319080 946.8
1319090 940.3
1319100 940.3
1319110 932.4
1319120 924.3
1319130 924.3
1319140 917.1
1319150 910.8
1319160 910.8
1319170 905.1
1319180 899.4
1319190 899.4
1319200 893.9
1319210 888.9
1319220 888.9
1319230 883.6
1319240 877.2
1319250 877.2
1319260 870.1
1319270 864.6
1319280 864.6
1319290 858.9
1319300 851.2
1319310 842.7
1319320 842.7
1319330 835.5
1319340 828.8
1319350 828.8
1319360 821.6
1319370 814.5
1319380 814.5
1319390 808.2
1319400 802.3
1319410 802.3
1319420 796.7
1319430 792.1
1319440 792.1
1319450 787.6
1319460 783.5
1319470 783.5
1319480 778.5
1319490 772.4
1319500 772.4
1319510 765.4
1319520 762.0
1319530 762.0
1319540 756.8
1319550 751.6
1319560 746.6
1319570 746.6
1319580 742.1
1319590 738.0
1319600 738.0
1319610 733.7
1319620 730.3
1319630 730.3
1319640 726.6
1319650 722.1
1319660 722.1
1319670 717.1
1319680 712.6
1319690 712.6
1319700 707.3
1319710 702.2
1319720 702.2
1319730 696.5
1319740 690.7
1319750 690.7
1319760 684.8
1319770 680.4
1319780 680.4
1319790 678.7
1319800 677.4
1319810 677.4
1319820 675.0
1319830 672.1
1319840 669.4
1319850 669.4
1319860 666.5
1319870 663.9
1319880 663.9
1319890 661.2
1319900 658.0
1319910 658.0
1319920 653.9
1319930 649.6
1319940 649.6
1319950 645.4
1319960 641.3
1319970 641.3
1319980 637.9
1319990 634.6
