1300000 844.4
1300010 844.8
1300020 844.8
1300030 842.8
1300040 837.1
1300050 837.1
1300060 831.0
1300070 827.4
1300080 827.4
1300090 830.9
1300100 837.9
1300110 837.9
1300120 846.1
1300130 854.9
1300140 862.7
1300150 862.7
1300160 867.0
1300170 871.8
1300180 871.8
1300190 876.1
1300200 879.1
1300210 879.1
1300220 880.2
1300230 880.5
1300240 880.5
1300250 880.7
1300260 880.9
1300270 880.9
1300280 880.9
1300290 881.0
1300300 881.7
1300310 881.8
1300320 882.2
1300330 882.2
1300340 882.9
1300350 883.4
1300360 883.4
1300370 883.6
1300380 884.1
1300390 884.1
1300400 884.0
1300410 884.5
1300420 885.5
1300430 885.5
1300440 885.9
1300450 886.2
1300460 886.2
1300470 886.8
1300480 888.3
1300490 888.3
1300500 890.2
1300510 892.2
1300520 892.2
1300530 894.4
1300540 895.7
1300550 895.7
1300560 896.9
1300570 898.1
1300580 898.1
1300590 899.2
1300600 900.2
1300610 900.2
1300620 901.2
1300630 902.2
1300640 902.2
1300650 903.2
1300660 904.0
1300670 904.6
1300680 904.6
1300690 904.8
1300700 904.5
1300710 904.5
1300720 904.3
1300730 904.9
1300740 904.9
1300750 905.9
1300760 907.1
1300770 907.1
1300780 908.3
1300790 908.9
1300800 908.9
1300810 909.0
1300820 909.3
1300830 909.3
1300840 910.1
1300850 910.5
1300860 910.5
1300870 911.0
1300880 911.6
1300890 911.6
1300900 912.2
1300910 912.8
1300920 912.8
1300930 913.3
1300940 914.0
1300950 914.9
1300960 914.9
1300970 915.5
1300980 915.7
1300990 915.7
1301000 918.3
1301010 919.2
1301020 919.2
1301030 920.1
1301040 920.8
1301050 920.8
1301060 921.3
1301070 921.9
1301080 921.9
1301090 922.2
1301100 922.4
1301110 922.4
1301120 923.0
1301130 923.7
1301140 923.7
1301150 924.2
1301160 924.8
1301170 924.8
1301180 925.3
1301190 925.7
1301200 925.7
1301210 925.6
1301220 925.6
1301230 925.7
1301240 925.7
1301250 926.4
1301260 926.6
1301270 926.6
1301280 926.2
1301290 925.5
1301300 925.5
1301310 925.0
1301320 924.7
1301330 924.7
1301340 923.9
1301350 919.6
1301360 919.6
1301370 915.8
1301380 919.8
1301390 919.8
1301400 924.6
1301410 928.1
1301420 928.1
1301430 928.7
1301440 929.1
1301450 929.1
1301460 929.4
1301470 929.5
1301480 929.3
1301490 929.3
1301500 928.9
1301510 928.2
1301520 928.2
1301530 927.1
1301540 925.4
1301550 925.4
1301560 923.5
1301570 921.3
1301580 921.3
1301590 919.3
1301600 917.6
1301610 917.6
1301620 916.8
1301630 917.0
1301640 917.0
1301650 916.0
1301660 914.6
1301670 914.6
1301680 913.9
1301690 917.4
1301700 917.4
1301710 917.2
1301720 917.3
1301730 917.3
1301740 917.4
1301750 917.9
1301760 918.1
1301770 918.1
1301780 917.9
1301790 917.5
1301800 917.5
1301810 916.9
1301820 916.5
1301830 916.5
1301840 915.8
1301850 915.8
1301860 915.8
1301870 916.9
1301880 919.1
1301890 919.1
1301900 922.2
1301910 926.1
1301920 926.1
1301930 930.1
1301940 933.4
1301950 933.4
1301960 934.1
1301970 933.2
1301980 933.2
1301990 931.6
1302000 928.8
1302010 928.8
1302020 927.2
1302030 928.9
1302040 929.6
1302050 929.6
1302060 930.5
1302070 931.4
1302080 931.4
1302090 932.2
1302100 932.7
1302110 932.7
1302120 932.8
1302130 932.3
1302140 932.3
1302150 930.6
1302160 929.1
1302170 929.1
1302180 927.4
1302190 925.1
1302200 925.1
1302210 922.9
1302220 919.7
1302230 919.7
1302240 917.5
1302250 913.6
1302260 913.6
1302270 907.0
1302280 900.2
1302290 900.2
1302300 899.4
1302310 907.0
1302320 910.0
1302330 910.0
1302340 912.6
1302350 914.9
1302360 914.9
1302370 916.3
1302380 917.1
1302390 917.7
1302400 917.9
1302410 917.5
1302420 917.5
1302430 917.3
1302440 917.3
1302450 917.3
1302460 917.5
1302470 916.1
1302480 916.1
1302490 912.6
1302500 905.6
1302510 905.6
1302520 898.9
1302530 893.8
1302540 893.8
1302550 890.1
1302560 888.4
1302570 887.0
1302580 887.0
1302590 889.4
1302600 895.2
1302610 895.2
1302620 900.0
1302630 903.5
1302640 903.5
1302650 908.2
1302660 913.4
1302670 913.4
1302680 917.5
1302690 919.7
1302700 919.7
1302710 921.0
1302720 922.2
1302730 922.2
1302740 923.2
1302750 923.8
1302760 923.8
1302770 924.2
1302780 924.4
1302790 924.4
1302800 924.4
1302810 924.0
1302820 924.0
1302830 923.3
1302840 922.8
1302850 922.6
1302860 922.6
1302870 922.6
1302880 923.0
1302890 923.0
1302900 923.4
1302910 924.0
1302920 924.0
1302930 924.4
1302940 924.6
1302950 924.6
1302960 924.9
1302970 925.3
1302980 925.3
1302990 925.9
1303000 926.4
1303010 926.4
1303020 926.5
1303030 926.7
1303040 926.7
1303050 926.9
1303060 927.2
1303070 927.2
1303080 927.3
1303090 927.9
1303100 927.9
1303110 927.9
1303120 927.8
1303130 927.5
1303140 927.5
1303150 926.9
1303160 926.8
1303170 926.8
1303180 927.0
1303190 927.1
1303200 927.1
1303210 925.3
1303220 918.6
1303230 918.6
1303240 912.0
1303250 907.3
1303260 907.3
1303270 902.8
1303280 899.2
1303290 899.2
1303300 894.4
1303310 888.3
1303320 888.3
1303330 882.8
1303340 879.4
1303350 879.4
1303360 876.9
1303370 874.3
1303380 874.3
1303390 870.9
1303400 867.3
1303410 863.1
1303420 863.1
1303430 858.3
1303440 856.3
1303450 856.3
1303460 858.7
1303470 858.8
1303480 858.8
1303490 859.3
1303500 859.4
1303510 859.4
1303520 858.4
1303530 858.6
1303540 858.6
1303550 859.2
1303560 860.0
1303570 860.0
1303580 858.7
1303590 860.0
1303600 860.0
1303610 862.2
1303620 863.7
1303630 863.7
1303640 865.1
1303650 866.2
1303660 866.1
1303670 866.1
1303680 868.1
1303690 870.2
1303700 870.2
1303710 871.1
1303720 872.3
1303730 872.3
1303740 873.3
1303750 873.8
1303760 873.8
1303770 874.1
1303780 874.5
1303790 872.7
1303800 874.1
1303810 875.8
1303820 875.8
1303830 878.1
1303840 881.2
1303850 881.2
1303860 884.3
1303870 887.3
1303880 887.3
1303890 890.4
1303900 893.4
1303910 893.4
1303920 896.0
1303930 898.9
1303940 901.6
1303950 901.6
1303960 903.9
1303970 906.0
1303980 906.0
1303990 908.2
1304000 910.5
1304010 910.5
1304020 913.7
1304030 917.6
1304040 917.6
1304050 921.5
1304060 924.9
1304070 924.9
1304080 929.0
1304090 933.6
1304100 933.6
1304110 937.6
1304120 940.0
1304130 940.0
1304140 941.1
1304150 943.3
1304160 943.3
1304170 948.2
1304180 954.5
1304190 954.5
1304200 958.0
1304210 959.5
1304220 960.9
1304230 960.9
1304240 962.6
1304250 964.8
1304260 964.8
1304270 967.4
1304280 970.0
1304290 970.0
1304300 972.3
1304310 973.8
1304320 973.8
1304330 974.9
1304340 975.8
1304350 975.8
1304360 976.6
1304370 977.4
1304380 977.4
1304390 978.1
1304400 978.9
1304410 978.9
1304420 979.7
1304430 980.5
1304440 980.5
1304450 981.8
1304460 983.6
1304470 986.0
1304480 986.0
1304490 989.0
1304500 989.9
1304510 989.9
1304520 992.8
1304530 995.5
1304540 995.5
1304550 997.9
1304560 999.9
1304570 999.9
1304580 1002.2
1304590 1004.7
1304600 1004.7
1304610 1007.1
1304620 1009.7
1304630 1009.7
1304640 1012.3
1304650 1015.5
1304660 1015.5
1304670 1018.9
1304680 1021.8
1304690 1021.8
1304700 1024.5
1304710 1027.1
1304720 1027.1
1304730 1029.7
1304740 1031.9
1304750 1033.4
1304760 1033.4
1304770 1034.4
1304780 1035.4
1304790 1035.4
1304800 1036.5
1304810 1037.3
1304820 1037.3
1304830 1037.3
1304840 1037.2
1304850 1037.2
1304860 1037.4
1304870 1037.7
1304880 1037.7
1304890 1038.1
1304900 1038.7
1304910 1038.7
1304920 1038.5
1304930 1038.8
1304940 1038.8
1304950 1040.1
1304960 1041.7
1304970 1041.7
1304980 1043.7
1304990 1046.0
1305000 1046.0
1305010 1048.6
1305020 1050.6
1305030 1052.4
1305040 1052.4
1305050 1053.8
1305060 1055.6
1305070 1055.6
1305080 1058.1
1305090 1060.4
1305100 1060.4
1305110 1062.3
1305120 1064.3
1305130 1064.3
1305140 1066.5
1305150 1068.3
1305160 1068.3
1305170 1069.6
1305180 1070.5
1305190 1070.5
1305200 1068.4
1305210 1069.1
1305220 1069.1
1305230 1070.0
1305240 1070.8
1305250 1070.8
1305260 1071.6
1305270 1072.0
1305280 1072.0
1305290 1072.2
1305300 1072.4
1305310 1072.2
1305320 1072.2
1305330 1072.0
1305340 1073.2
1305350 1073.2
1305360 1075.2
1305370 1076.6
1305380 1076.6
1305390 1077.1
1305400 1078.1
1305410 1078.1
1305420 1078.9
1305430 1079.6
1305440 1079.6
1305450 1080.9
1305460 1081.7
1305470 1081.7
1305480 1082.2
1305490 1083.1
1305500 1083.1
1305510 1084.6
1305520 1085.6
1305530 1085.6
1305540 1084.7
1305550 1085.5
1305560 1090.1
1305570 1090.1
1305580 1092.3
1305590 1093.5
1305600 1093.5
1305610 1093.9
1305620 1093.6
1305630 1093.6
1305640 1095.2
1305650 1099.1
1305660 1099.1
1305670 1102.7
1305680 1105.2
1305690 1105.2
1305700 1106.4
1305710 1106.8
1305720 1106.8
1305730 1106.8
1305740 1106.7
1305750 1106.7
1305760 1107.7
1305770 1113.6
1305780 1113.6
1305790 1117.7
1305800 1119.4
1305810 1119.4
1305820 1120.6
1305830 1121.3
1305840 1122.1
1305850 1122.1
1305860 1123.9
1305870 1125.1
1305880 1125.1
1305890 1126.7
1305900 1130.8
1305910 1130.8
1305920 1129.9
1305930 1130.9
1305940 1130.9
1305950 1130.6
1305960 1130.9
1305970 1130.9
1305980 1131.8
1305990 1132.8
1306000 1132.8
1306010 1134.1
1306020 1136.8
1306030 1136.8
1306040 1137.3
1306050 1135.5
1306060 1135.5
1306070 1133.2
1306080 1132.8
1306090 1132.8
1306100 1137.7
1306110 1142.5
1306120 1144.6
1306130 1144.6
1306140 1149.0
1306150 1152.8
1306160 1152.8
1306170 1155.1
1306180 1158.3
1306190 1158.3
1306200 1161.6
1306210 1164.0
1306220 1164.0
1306230 1165.4
1306240 1166.7
1306250 1166.7
1306260 1167.2
1306270 1168.3
1306280 1168.3
1306290 1170.1
1306300 1171.8
1306310 1171.8
1306320 1174.6
1306330 1177.5
1306340 1177.5
1306350 1179.2
1306360 1179.9
1306370 1180.7
1306380 1180.7
1306390 1183.6
1306400 1187.3
1306410 1187.3
1306420 1191.2
1306430 1197.7
1306440 1197.7
1306450 1204.3
1306460 1209.0
1306470 1209.0
1306480 1212.7
1306490 1216.6
1306500 1216.6
1306510 1220.3
1306520 1223.4
1306530 1223.4
1306540 1226.4
1306550 1227.4
1306560 1227.4
1306570 1229.1
1306580 1231.0
1306590 1231.0
1306600 1233.1
1306610 1234.4
1306620 1234.4
1306630 1228.8
1306640 1229.2
1306650 1229.0
1306660 1229.0
1306670 1226.7
1306680 1223.7
1306690 1223.7
1306700 1227.5
1306710 1234.7
1306720 1234.7
1306730 1239.1
1306740 1241.4
1306750 1241.4
1306760 1243.6
1306770 1246.9
1306780 1246.9
1306790 1251.3
1306800 1256.8
1306810 1256.8
1306820 1261.3
1306830 1261.2
1306840 1261.2
1306850 1260.2
1306860 1260.7
1306870 1260.7
1306880 1260.5
1306890 1263.4
1306900 1263.4
1306910 1270.0
1306920 1277.0
1306930 1284.5
1306940 1284.5
1306950 1290.3
1306960 1293.6
1306970 1293.6
1306980 1296.7
1306990 1298.2
1307000 1298.2
1307010 1302.8
1307020 1309.2
1307030 1309.2
1307040 1315.3
1307050 1320.8
1307060 1320.8
1307070 1324.8
1307080 1328.3
1307090 1328.3
1307100 1331.9
1307110 1335.6
1307120 1335.6
1307130 1340.8
1307140 1343.9
1307150 1343.9
1307160 1346.2
1307170 1347.7
1307180 1347.7
1307190 1349.7
1307200 1352.0
1307210 1354.7
1307220 1354.7
1307230 1356.8
1307240 1358.8
1307250 1358.8
1307260 1361.5
1307270 1365.2
1307280 1365.2
1307290 1370.0
1307300 1375.7
1307310 1375.7
1307320 1381.6
1307330 1386.5
1307340 1386.5
1307350 1390.3
1307360 1394.9
1307370 1394.9
1307380 1399.0
1307390 1402.4
1307400 1402.4
1307410 1406.1
1307420 1409.5
1307430 1409.5
1307440 1413.1
1307450 1417.1
1307460 1420.0
1307470 1420.0
1307480 1421.8
1307490 1424.2
1307500 1424.2
1307510 1426.1
1307520 1428.1
1307530 1428.1
1307540 1430.9
1307550 1434.0
1307560 1434.0
1307570 1437.5
1307580 1441.3
1307590 1441.3
1307600 1444.3
1307610 1447.2
1307620 1447.2
1307630 1449.4
1307640 1451.2
1307650 1451.2
1307660 1453.5
1307670 1456.0
1307680 1456.0
1307690 1457.7
1307700 1458.6
1307710 1458.6
1307720 1459.5
1307730 1460.3
1307740 1460.9
1307750 1460.9
1307760 1461.9
1307770 1464.0
1307780 1464.0
1307790 1466.3
1307800 1468.2
1307810 1468.2
1307820 1469.6
1307830 1471.1
1307840 1471.1
1307850 1472.3
1307860 1474.0
1307870 1474.0
1307880 1476.2
1307890 1481.1
1307900 1481.1
1307910 1487.6
1307920 1492.2
1307930 1492.2
1307940 1494.8
1307950 1497.7
1307960 1497.7
1307970 1500.4
1307980 1503.5
1307990 1503.5
1308000 1506.3
1308010 1509.5
1308020 1512.4
1308030 1512.4
1308040 1515.6
1308050 1518.8
1308060 1518.8
1308070 1519.9
1308080 1522.9
1308090 1522.9
1308100 1524.8
1308110 1526.9
1308120 1526.9
1308130 1531.6
1308140 1537.0
1308150 1537.0
1308160 1541.0
1308170 1543.4
1308180 1543.4
1308190 1544.1
1308200 1544.7
1308210 1544.7
1308220 1546.3
1308230 1548.2
1308240 1548.2
1308250 1550.0
1308260 1552.0
1308270 1554.1
1308280 1554.1
1308290 1555.9
1308300 1558.0
1308310 1558.0
1308320 1561.1
1308330 1565.0
1308340 1565.0
1308350 1569.7
1308360 1575.2
1308370 1575.2
1308380 1580.6
1308390 1584.7
1308400 1584.7
1308410 1588.8
1308420 1594.7
1308430 1594.7
1308440 1601.7
1308450 1609.5
1308460 1609.5
1308470 1616.3
1308480 1622.4
1308490 1622.4
1308500 1628.3
1308510 1633.4
1308520 1633.4
1308530 1638.5
1308540 1642.7
1308550 1646.2
1308560 1646.2
1308570 1649.5
1308580 1652.4
1308590 1652.4
1308600 1655.7
1308610 1659.0
1308620 1659.0
1308630 1662.3
1308640 1665.7
1308650 1665.7
1308660 1669.9
1308670 1673.9
1308680 1673.9
1308690 1678.5
1308700 1682.8
1308710 1682.8
1308720 1686.7
1308730 1690.0
1308740 1690.0
1308750 1693.4
1308760 1695.7
1308770 1695.7
1308780 1696.7
1308790 1695.7
1308800 1695.7
1308810 1697.7
1308820 1700.1
1308830 1702.2
1308840 1702.2
1308850 1703.9
1308860 1705.8
1308870 1705.8
1308880 1707.3
1308890 1707.4
1308900 1707.4
1308910 1708.5
1308920 1711.3
1308930 1711.3
1308940 1714.1
1308950 1716.9
1308960 1716.9
1308970 1720.2
1308980 1723.4
1308990 1723.4
1309000 1727.8
1309010 1734.1
1309020 1734.1
1309030 1741.1
1309040 1749.1
1309050 1749.1
1309060 1756.7
1309070 1762.9
1309080 1762.9
1309090 1767.0
1309100 1770.1
1309110 1773.1
1309120 1773.1
1309130 1776.2
1309140 1779.2
1309150 1779.2
1309160 1781.9
1309170 1784.3
1309180 1784.3
1309190 1786.9
1309200 1789.3
1309210 1789.3
1309220 1791.7
1309230 1794.3
1309240 1794.3
1309250 1797.2
1309260 1799.9
1309270 1799.9
1309280 1802.0
1309290 1804.0
1309300 1804.0
1309310 1806.0
1309320 1808.3
1309330 1808.3
1309340 1811.3
1309350 1815.1
1309360 1818.9
1309370 1818.9
1309380 1822.9
1309390 1826.9
1309400 1826.9
1309410 1830.2
1309420 1833.3
1309430 1833.3
1309440 1835.7
1309450 1837.2
1309460 1837.2
1309470 1838.3
1309480 1839.8
1309490 1839.8
1309500 1844.0
1309510 1849.5
1309520 1849.5
1309530 1858.0
1309540 1864.5
1309550 1864.5
1309560 1868.5
1309570 1872.9
1309580 1872.9
1309590 1875.0
1309600 1877.2
1309610 1877.2
1309620 1880.7
1309630 1883.8
1309640 1887.0
1309650 1887.0
1309660 1890.6
1309670 1895.7
1309680 1895.7
1309690 1901.4
1309700 1906.9
1309710 1906.9
1309720 1912.9
1309730 1921.0
1309740 1921.0
1309750 1929.6
1309760 1938.1
1309770 1938.1
1309780 1946.4
1309790 1954.7
1309800 1954.7
1309810 1963.4
1309820 1971.7
1309830 1971.7
1309840 1979.3
1309850 1986.2
1309860 1986.2
1309870 1993.7
1309880 2000.5
1309890 2000.5
1309900 2006.5
1309910 2012.6
1309920 2018.2
1309930 2018.2
1309940 2023.6
1309950 2028.6
1309960 2028.6
1309970 2033.6
1309980 2037.8
1309990 2037.8
1310000 2041.2
1310010 2043.8
1310020 2043.8
1310030 2045.3
1310040 2046.3
1310050 2046.3
1310060 2047.0
1310070 2048.1
1310080 2048.1
1310090 2048.2
1310100 2047.4
1310110 2047.4
1310120 2047.7
1310130 2048.4
1310140 2048.4
1310150 2050.4
1310160 2054.8
1310170 2057.2
1310180 2057.2
1310190 2058.5
1310200 2060.4
1310210 2060.4
1310220 2061.6
1310230 2062.0
1310240 2057.6
1310250 2057.7
1310260 2056.4
1310270 2056.4
1310280 2056.7
1310290 2055.5
1310300 2055.5
1310310 2052.5
1310320 2048.3
1310330 2048.3
1310340 2043.0
1310350 2038.4
1310360 2038.4
1310370 2034.2
1310380 2030.0
1310390 2030.0
1310400 2025.2
1310410 2020.5
1310420 2020.5
1310430 2016.5
1310440 2011.1
1310450 2004.5
1310460 2004.5
1310470 1999.6
1310480 1995.6
1310490 1995.6
1310500 1992.2
1310510 1987.8
1310520 1987.8
1310530 1982.9
1310540 1978.4
1310550 1978.4
1310560 1974.7
1310570 1971.7
1310580 1971.7
1310590 1968.3
1310600 1964.2
1310610 1964.2
1310620 1961.1
1310630 1957.6
1310640 1957.6
1310650 1953.5
1310660 1950.3
1310670 1950.3
1310680 1947.0
1310690 1943.6
1310700 1943.6
1310710 1940.2
1310720 1937.8
1310730 1935.9
1310740 1935.9
1310750 1933.8
1310760 1931.4
1310770 1931.4
1310780 1928.6
1310790 1925.6
1310800 1925.6
1310810 1922.2
1310820 1918.4
1310830 1918.4
1310840 1913.6
1310850 1908.6
1310860 1908.6
1310870 1903.3
1310880 1897.3
1310890 1897.3
1310900 1891.3
1310910 1886.2
1310920 1886.2
1310930 1883.0
1310940 1881.4
1310950 1881.4
1310960 1879.6
1310970 1875.1
1310980 1875.1
1310990 1872.0
1311000 1869.5
1311010 1867.2
1311020 1867.2
1311030 1863.7
1311040 1859.7
1311050 1859.7
1311060 1854.6
1311070 1848.7
1311080 1848.7
1311090 1843.0
1311100 1836.9
1311110 1836.9
1311120 1830.6
1311130 1825.1
1311140 1825.1
1311150 1820.3
1311160 1816.4
1311170 1816.4
1311180 1813.2
1311190 1810.7
1311200 1810.7
1311210 1808.9
1311220 1806.9
1311230 1806.9
1311240 1804.0
1311250 1801.2
1311260 1798.6
1311270 1798.6
1311280 1796.2
1311290 1793.8
1311300 1793.8
1311310 1791.1
1311320 1788.5
1311330 1788.5
1311340 1786.1
1311350 1782.1
1311360 1782.1
1311370 1777.6
1311380 1773.4
1311390 1773.4
1311400 1768.2
1311410 1761.9
1311420 1761.9
1311430 1756.7
1311440 1751.9
1311450 1751.9
1311460 1747.3
1311470 1742.4
1311480 1742.4
1311490 1739.4
1311500 1736.9
1311510 1736.9
1311520 1733.9
1311530 1731.4
1311540 1730.1
1311550 1730.1
1311560 1728.2
1311570 1725.6
1311580 1725.6
1311590 1723.1
1311600 1720.3
1311610 1720.3
1311620 1717.0
1311630 1713.2
1311640 1713.2
1311650 1709.2
1311660 1704.6
1311670 1704.6
1311680 1699.9
1311690 1695.8
1311700 1695.8
1311710 1688.3
1311720 1683.7
1311730 1683.7
1311740 1679.3
1311750 1675.2
1311760 1675.2
1311770 1670.7
1311780 1665.4
1311790 1665.4
1311800 1659.7
1311810 1653.9
1311820 1648.3
1311830 1648.3
1311840 1642.5
1311850 1637.2
1311860 1637.2
1311870 1632.3
1311880 1627.7
1311890 1627.7
1311900 1623.9
1311910 1619.8
1311920 1619.8
1311930 1615.1
1311940 1610.9
1311950 1610.9
1311960 1606.7
1311970 1602.8
1311980 1602.8
1311990 1599.8
1312000 1596.6
1312010 1596.6
1312020 1592.8
1312030 1588.1
1312040 1588.1
1312050 1583.0
1312060 1578.1
1312070 1573.4
1312080 1573.4
1312090 1568.5
1312100 1564.3
1312110 1564.3
1312120 1560.6
1312130 1556.3
1312140 1556.3
1312150 1552.0
1312160 1548.1
1312170 1548.1
1312180 1544.6
1312190 1541.8
1312200 1541.8
1312210 1539.9
1312220 1538.7
1312230 1538.7
1312240 1537.3
1312250 1535.6
1312260 1535.6
1312270 1533.5
1312280 1531.9
1312290 1531.9
1312300 1529.9
1312310 1528.1
1312320 1528.1
1312330 1526.4
1312340 1525.0
1312350 1522.9
1312360 1522.9
1312370 1519.8
1312380 1516.6
1312390 1516.6
1312400 1513.9
1312410 1511.0
1312420 1511.0
1312430 1507.5
1312440 1504.0
1312450 1504.4
1312460 1500.6
1312470 1497.3
1312480 1497.3
1312490 1494.6
1312500 1491.9
1312510 1491.9
1312520 1489.2
1312530 1486.5
1312540 1486.5
1312550 1483.1
1312560 1479.3
1312570 1479.3
1312580 1475.4
1312590 1471.7
1312600 1471.7
1312610 1468.0
1312620 1465.2
1312630 1462.5
1312640 1462.5
1312650 1459.2
1312660 1456.6
1312670 1456.6
1312680 1453.9
1312690 1451.9
1312700 1451.9
1312710 1450.4
1312720 1448.5
1312730 1448.5
1312740 1446.2
1312750 1443.4
1312760 1443.4
1312770 1440.3
1312780 1436.3
1312790 1436.3
1312800 1432.7
1312810 1430.7
1312820 1430.7
1312830 1430.0
1312840 1429.2
1312850 1429.2
1312860 1429.3
1312870 1430.9
1312880 1430.9
1312890 1431.8
1312900 1432.2
1312910 1430.5
1312920 1430.5
1312930 1428.2
1312940 1425.1
1312950 1425.1
1312960 1421.7
1312970 1418.1
1312980 1418.1
1312990 1414.0
1313000 1409.8
1313010 1409.8
1313020 1404.7
1313030 1399.9
1313040 1399.9
1313050 1394.6
1313060 1388.2
1313070 1388.2
1313080 1382.0
1313090 1375.7
1313100 1375.7
1313110 1369.3
1313120 1362.8
1313130 1362.8
1313140 1355.8
1313150 1350.0
1313160 1346.8
1313170 1346.8
1313180 1345.6
1313190 1341.0
1313200 1341.0
1313210 1339.3
1313220 1337.5
1313230 1337.5
1313240 1332.3
1313250 1328.2
1313260 1328.2
1313270 1327.0
1313280 1325.4
1313290 1325.4
1313300 1323.1
1313310 1321.7
1313320 1321.7
1313330 1321.0
1313340 1321.1
1313350 1321.1
1313360 1319.5
1313370 1315.9
1313380 1315.9
1313390 1312.1
1313400 1312.5
1313410 1312.5
1313420 1314.8
1313430 1315.5
1313440 1315.3
1313450 1315.3
1313460 1313.3
1313470 1309.3
1313480 1309.3
1313490 1305.2
1313500 1301.4
1313510 1301.4
1313520 1298.3
1313530 1295.3
1313540 1295.3
1313550 1291.9
1313560 1288.7
1313570 1288.7
1313580 1285.0
1313590 1281.1
1313600 1281.1
1313610 1277.4
1313620 1274.2
1313630 1274.2
1313640 1271.8
1313650 1269.3
1313660 1269.3
1313670 1266.4
1313680 1263.6
1313690 1263.6
1313700 1261.9
1313710 1259.8
1313720 1256.7
1313730 1256.7
1313740 1253.8
1313750 1250.4
1313760 1250.4
1313770 1246.9
1313780 1243.5
1313790 1243.5
1313800 1239.3
1313810 1235.1
1313820 1235.1
1313830 1231.6
1313840 1229.8
1313850 1229.8
1313860 1226.9
1313870 1222.6
1313880 1222.6
1313890 1217.1
1313900 1211.3
1313910 1211.3
1313920 1208.6
1313930 1199.1
1313940 1199.1
1313950 1195.7
1313960 1190.6
1313970 1185.5
1313980 1185.5
1313990 1180.2
1314000 1173.4
1314010 1173.4
1314020 1167.9
1314030 1163.5
1314040 1163.5
1314050 1157.7
1314060 1152.1
1314070 1152.1
1314080 1144.5
1314090 1136.8
1314100 1136.8
1314110 1131.0
1314120 1125.1
1314130 1125.1
1314140 1120.1
1314150 1117.7
1314160 1117.7
1314170 1117.3
1314180 1115.3
1314190 1115.3
1314200 1112.1
1314210 1107.7
1314220 1107.7
1314230 1099.9
1314240 1092.2
1314250 1086.0
1314260 1086.0
1314270 1079.3
1314280 1072.3
1314290 1072.3
1314300 1067.3
1314310 1061.0
1314320 1061.0
1314330 1053.9
1314340 1047.0
1314350 1047.0
1314360 1042.1
1314370 1036.7
1314380 1036.7
1314390 1031.1
1314400 1026.0
1314410 1026.0
1314420 1022.5
1314430 1020.9
1314440 1020.9
1314450 1019.8
1314460 1019.2
1314470 1019.2
1314480 1018.1
1314490 1016.9
1314500 1016.9
1314510 1015.6
1314520 1015.2
1314530 1014.8
1314540 1014.8
1314550 1014.5
1314560 1016.8
1314570 1016.8
1314580 1027.2
1314590 1035.7
1314600 1035.7
1314610 1044.7
1314620 1053.4
1314630 1053.4
1314640 1062.3
1314650 1071.0
1314660 1071.0
1314670 1080.3
1314680 1089.4
1314690 1089.4
1314700 1094.2
1314710 1091.4
1314720 1091.4
1314730 1082.7
1314740 1079.7
1314750 1079.7
1314760 1088.0
1314770 1096.5
1314780 1096.5
1314790 1102.2
1314800 1106.3
1314810 1107.7
1314820 1107.7
1314830 1107.3
1314840 1108.4
1314850 1108.4
1314860 1111.8
1314870 1114.4
1314880 1114.4
1314890 1116.8
1314900 1120.3
1314910 1120.3
1314920 1126.0
1314930 1130.7
1314940 1130.7
1314950 1133.9
1314960 1136.0
1314970 1136.0
1314980 1134.8
1314990 1138.2
1315000 1138.2
1315010 1142.4
1315020 1145.6
1315030 1145.6
1315040 1148.5
1315050 1151.3
1315060 1154.6
1315070 1154.6
1315080 1158.6
1315090 1163.2
1315100 1163.2
1315110 1169.3
1315120 1175.9
1315130 1175.9
1315140 1180.3
1315150 1182.2
1315160 1182.2
1315170 1183.1
1315180 1184.6
1315190 1184.6
1315200 1186.6
1315210 1188.5
1315220 1188.5
1315230 1190.7
1315240 1192.6
1315250 1192.6
1315260 1194.6
1315270 1196.8
1315280 1196.8
1315290 1199.7
1315300 1202.3
1315310 1202.3
1315320 1204.7
1315330 1207.3
1315340 1210.3
1315350 1210.3
1315360 1214.0
1315370 1216.7
1315380 1216.7
1315390 1217.5
1315400 1216.4
1315410 1216.4
1315420 1213.6
1315430 1220.4
1315440 1220.4
1315450 1220.6
1315460 1219.3
1315470 1219.3
1315480 1217.0
1315490 1216.9
1315500 1216.9
1315510 1221.0
1315520 1226.8
1315530 1226.8
1315540 1231.7
1315550 1241.6
1315560 1241.6
1315570 1247.9
1315580 1254.6
1315590 1254.6
1315600 1261.3
1315610 1267.4
1315620 1272.5
1315630 1272.5
1315640 1277.2
1315650 1281.9
1315660 1281.9
1315670 1286.8
1315680 1290.3
1315690 1290.3
1315700 1292.7
1315710 1297.5
1315720 1297.5
1315730 1302.9
1315740 1306.7
1315750 1306.7
1315760 1310.6
1315770 1314.8
1315780 1314.8
1315790 1319.1
1315800 1323.5
1315810 1323.5
1315820 1328.0
1315830 1333.1
1315840 1333.1
1315850 1337.8
1315860 1342.3
1315870 1346.7
1315880 1346.7
1315890 1351.8
1315900 1356.9
1315910 1356.9
1315920 1362.2
1315930 1367.1
1315940 1367.1
1315950 1371.7
1315960 1377.1
1315970 1377.1
1315980 1383.1
1315990 1389.0
1316000 1389.0
1316010 1394.9
1316020 1401.7
1316030 1401.7
1316040 1408.9
1316050 1416.2
1316060 1416.2
1316070 1423.3
1316080 1430.4
1316090 1430.4
1316100 1437.8
1316110 1445.2
1316120 1445.2
1316130 1451.9
1316140 1457.7
1316150 1463.5
1316160 1463.5
1316170 1468.9
1316180 1473.9
1316190 1479.9
1316200 1484.5
1316210 1488.4
1316220 1488.4
1316230 1493.2
1316240 1499.1
1316250 1499.1
1316260 1505.8
1316270 1513.5
1316280 1513.5
1316290 1520.6
1316300 1523.7
1316310 1523.7
1316320 1525.4
1316330 1527.2
1316340 1527.2
1316350 1528.8
1316360 1528.9
1316370 1528.9
1316380 1526.8
1316390 1523.7
1316400 1523.7
1316410 1521.3
1316420 1517.6
1316430 1511.6
1316440 1511.6
1316450 1504.4
1316460 1496.7
1316470 1496.7
1316480 1489.2
1316490 1483.6
1316500 1483.6
1316510 1476.5
1316520 1469.8
1316530 1469.8
1316540 1465.4
1316550 1460.7
1316560 1460.7
1316570 1455.8
1316580 1450.9
1316590 1450.9
1316600 1446.5
1316610 1442.6
1316620 1442.6
1316630 1439.9
1316640 1440.2
1316650 1440.2
1316660 1438.3
1316670 1432.7
1316680 1432.7
1316690 1425.6
1316700 1419.9
1316710 1415.9
1316720 1415.9
1316730 1413.5
1316740 1411.0
1316750 1411.0
1316760 1408.5
1316770 1406.1
1316780 1406.1
1316790 1403.9
1316800 1401.3
1316810 1401.3
1316820 1398.7
1316830 1395.6
1316840 1395.6
1316850 1396.2
1316860 1398.9
1316870 1398.9
1316880 1400.9
1316890 1401.7
1316900 1401.7
1316910 1403.1
1316920 1405.4
1316930 1405.4
1316940 1407.2
1316950 1410.3
1316960 1411.8
1316970 1411.8
1316980 1413.5
1316990 1415.5
1317000 1415.5
1317010 1417.4
1317020 1419.1
1317030 1419.1
1317040 1420.8
1317050 1422.7
1317060 1422.7
1317070 1425.9
1317080 1431.1
1317090 1431.1
1317100 1436.4
1317110 1440.9
1317120 1440.9
1317130 1441.6
1317140 1438.7
1317150 1438.7
1317160 1436.1
1317170 1437.2
1317180 1437.2
1317190 1439.6
1317200 1443.3
1317210 1443.3
1317220 1450.0
1317230 1456.9
1317240 1459.7
1317250 1459.7
1317260 1461.1
1317270 1461.5
1317280 1461.5
1317290 1463.8
1317300 1467.4
1317310 1467.4
1317320 1471.9
1317330 1477.0
1317340 1477.0
1317350 1481.4
1317360 1485.8
1317370 1485.8
1317380 1491.7
1317390 1496.4
1317400 1496.4
1317410 1496.8
1317420 1493.3
1317430 1493.3
1317440 1487.0
1317450 1480.5
1317460 1480.5
1317470 1472.8
1317480 1465.4
1317490 1465.4
1317500 1460.6
1317510 1463.8
1317520 1469.8
1317530 1469.8
1317540 1471.8
1317550 1472.0
1317560 1472.0
1317570 1472.6
1317580 1471.1
1317590 1471.1
1317600 1465.3
1317610 1458.1
1317620 1458.1
1317630 1452.9
1317640 1448.7
1317650 1448.7
1317660 1443.6
1317670 1437.4
1317680 1437.4
1317690 1430.1
1317700 1424.6
1317710 1421.7
1317720 1415.9
1317730 1410.6
1317740 1410.6
1317750 1404.7
1317760 1400.3
1317770 1395.2
1317780 1395.2
1317790 1390.4
1317800 1386.0
1317810 1386.0
1317820 1382.8
1317830 1379.4
1317840 1379.4
1317850 1372.9
1317860 1366.5
1317870 1366.5
1317880 1361.4
1317890 1357.9
1317900 1357.9
1317910 1354.9
1317920 1351.6
1317930 1351.6
1317940 1348.9
1317950 1345.5
1317960 1345.5
1317970 1339.8
1317980 1333.7
1317990 1333.7
1318000 1326.3
1318010 1318.1
1318020 1318.1
1318030 1314.5
1318040 1313.7
1318050 1313.6
1318060 1313.6
1318070 1311.4
1318080 1307.7
1318090 1307.7
1318100 1300.9
1318110 1297.7
1318120 1297.7
1318130 1294.9
1318140 1290.0
1318150 1290.0
1318160 1283.5
1318170 1276.8
1318180 1276.8
1318190 1269.3
1318200 1262.6
1318210 1262.6
1318220 1257.0
1318230 1252.6
1318240 1252.6
1318250 1247.3
1318260 1240.9
1318270 1240.9
1318280 1234.9
1318290 1229.0
1318300 1229.0
1318310 1224.5
1318320 1218.8
1318330 1211.2
1318340 1211.2
1318350 1205.8
1318360 1201.1
1318370 1201.1
1318380 1195.0
1318390 1189.5
1318400 1189.5
1318410 1184.3
1318420 1178.5
1318430 1178.5
1318440 1172.1
1318450 1166.6
1318460 1166.6
1318470 1157.6
1318480 1151.5
1318490 1151.5
1318500 1145.0
1318510 1138.5
1318520 1138.5
1318530 1132.1
1318540 1126.0
1318550 1126.0
1318560 1119.5
1318570 1113.0
1318580 1107.5
1318590 1107.5
1318600 1102.4
1318610 1096.6
1318620 1096.6
1318630 1090.4
1318640 1084.8
1318650 1084.8
1318660 1078.8
1318670 1072.7
1318680 1072.7
1318690 1067.9
1318700 1063.9
1318710 1063.9
1318720 1059.0
1318730 1053.7
1318740 1053.7
1318750 1048.6
1318760 1045.0
1318770 1045.0
1318780 1042.3
1318790 1039.3
1318800 1039.3
1318810 1035.9
1318820 1032.6
1318830 1032.6
1318840 1028.8
1318850 1023.7
1318860 1017.1
1318870 1017.1
1318880 1011.4
1318890 1006.1
1318900 1006.1
1318910 1001.3
1318920 997.0
1318930 997.0
1318940 993.5
1318950 988.1
1318960 988.1
1318970 981.0
1318980 976.0
1318990 976.0
1319000 969.9
1319010 963.6
1319020 963.6
1319030 957.0
1319040 951.7
1319050 951.7
1319060 947.7
1319070 943.6
1319080 943.6
1319090 939.0
1319100 934.0
1319110 934.0
1319120 931.5
1319130 928.3
1319140 924.8
1319150 924.8
1319160 922.2
1319170 919.5
1319180 919.5
1319190 914.1
1319200 908.2
1319210 908.2
1319220 903.0
1319230 898.5
1319240 903.5
1319250 899.0
1319260 894.0
1319270 894.0
1319280 888.1
1319290 882.9
1319300 882.9
1319310 878.4
1319320 873.0
1319330 873.0
1319340 867.8
1319350 862.6
1319360 862.6
1319370 856.7
1319380 851.5
1319390 851.5
1319400 846.4
1319410 840.9
1319420 834.8
1319430 834.8
1319440 828.5
1319450 822.8
1319460 822.8
1319470 817.5
1319480 813.1
1319490 813.1
1319500 808.9
1319510 805.2
1319520 805.2
1319530 802.4
1319540 799.9
1319550 799.9
1319560 796.5
1319570 792.3
1319580 792.3
1319590 788.2
1319600 784.3
1319610 784.3
1319620 781.0
1319630 778.5
1319640 778.5
1319650 776.9
1319660 775.8
1319670 774.1
1319680 774.1
1319690 772.1
1319700 769.9
1319710 769.9
1319720 767.3
1319730 763.0
1319740 763.0
1319750 758.6
1319760 752.7
1319770 752.7
1319780 746.0
1319790 739.5
1319800 739.5
1319810 733.7
1319820 728.3
1319830 728.3
1319840 722.2
1319850 716.0
1319860 716.0
1319870 710.9
1319880 705.9
1319890 705.9
1319900 701.8
1319910 698.3
1319920 698.3
1319930 695.5
1319940 692.5
1319950 689.6
1319960 689.6
1319970 686.5
1319980 682.3
1319990 682.3
