1300000 784.7
1300010 784.7
1300020 786.0
1300030 788.2
1300040 788.2
1300050 788.8
1300060 788.8
1300070 788.8
1300080 788.9
1300090 788.2
1300100 788.2
1300110 787.9
1300120 788.0
1300130 788.0
1300140 788.3
1300150 788.7
1300160 788.7
1300170 789.0
1300180 789.5
1300190 789.5
1300200 790.6
1300210 790.6
1300220 790.6
1300230 790.6
1300240 790.5
1300250 790.4
1300260 790.4
1300270 790.1
1300280 789.3
1300290 789.3
1300300 788.0
1300310 787.1
1300320 787.1
1300330 785.3
1300340 781.7
1300350 779.4
1300360 773.8
1300370 768.9
1300380 768.9
1300390 764.0
1300400 759.0
1300410 759.0
1300420 753.3
1300430 747.1
1300440 747.1
1300450 741.5
1300460 737.3
1300470 737.3
1300480 735.7
1300490 735.0
1300500 735.0
1300510 734.3
1300520 733.9
1300530 734.7
1300540 734.7
1300550 736.6
1300560 738.7
1300570 738.7
1300580 741.6
1300590 745.6
1300600 745.6
1300610 750.7
1300620 755.1
1300630 755.1
1300640 759.5
1300650 764.5
1300660 764.5
1300670 769.8
1300680 775.2
1300690 775.2
1300700 780.6
1300710 785.5
1300720 785.5
1300730 789.8
1300740 791.7
1300750 791.7
1300760 791.3
1300770 790.1
1300780 790.1
1300790 788.6
1300800 787.7
1300810 790.1
1300820 790.1
1300830 793.5
1300840 795.6
1300850 795.6
1300860 796.1
1300870 797.0
1300880 797.0
1300890 798.2
1300900 798.7
1300910 798.7
1300920 799.1
1300930 799.3
1300940 799.3
1300950 799.6
1300960 799.3
1300970 799.3
1300980 798.7
1300990 799.1
1301000 799.1
1301010 799.1
1301020 798.7
1301030 798.7
1301040 802.2
1301050 801.4
1301060 801.4
1301070 799.8
1301080 795.5
1301090 791.1
1301100 791.1
1301110 784.7
1301120 777.4
1301130 777.4
1301140 770.3
1301150 763.4
1301160 763.4
1301170 756.6
1301180 749.5
1301190 749.5
1301200 741.9
1301210 733.8
1301220 733.8
1301230 725.8
1301240 715.1
1301250 715.1
1301260 708.0
1301270 708.5
1301280 708.5
1301290 714.7
1301300 720.8
1301310 720.8
1301320 726.3
1301330 734.6
1301340 744.4
1301350 744.4
1301360 752.7
1301370 758.9
1301380 758.9
1301390 765.1
1301400 771.7
1301410 771.7
1301420 778.2
1301430 784.5
1301440 784.5
1301450 790.2
1301460 795.0
1301470 795.0
1301480 800.1
1301490 805.1
1301500 805.1
1301510 805.8
1301520 802.7
1301530 802.7
1301540 799.0
1301550 797.6
1301560 797.6
1301570 797.8
1301580 795.0
1301590 795.0
1301600 787.9
1301610 779.8
1301620 772.2
1301630 772.2
1301640 764.7
1301650 757.7
1301660 757.7
1301670 752.5
1301680 746.8
1301690 746.8
1301700 741.1
1301710 735.1
1301720 735.1
1301730 730.1
1301740 731.9
1301750 731.9
1301760 726.1
1301770 721.4
1301780 721.4
1301790 721.6
1301800 722.6
1301810 722.6
1301820 722.8
1301830 725.3
1301840 725.3
1301850 727.7
1301860 727.9
1301870 727.9
1301880 730.7
1301890 732.0
1301900 732.4
1301910 732.4
1301920 734.3
1301930 742.2
1301940 742.2
1301950 746.1
1301960 748.6
1301970 748.6
1301980 755.0
1301990 755.4
1302000 755.4
1302010 762.6
1302020 771.4
1302030 771.4
1302040 783.9
1302050 799.9
1302060 799.9
1302070 813.8
1302080 820.8
1302090 820.8
1302100 823.1
1302110 821.3
1302120 821.3
1302130 821.0
1302140 823.2
1302150 823.2
1302160 827.7
1302170 832.5
1302180 836.5
1302190 836.5
1302200 841.0
1302210 842.0
1302220 842.0
1302230 840.9
1302240 838.3
1302250 838.3
1302260 841.2
1302270 848.4
1302280 848.4
1302290 856.1
1302300 861.8
1302310 861.8
1302320 867.4
1302330 872.3
1302340 872.3
1302350 876.5
1302360 880.6
1302370 880.6
1302380 884.8
1302390 888.7
1302400 888.7
1302410 891.7
1302420 895.5
1302430 894.9
1302440 899.6
1302450 904.1
1302460 908.7
1302470 908.7
1302480 912.4
1302490 915.4
1302500 915.4
1302510 919.0
1302520 923.1
1302530 923.1
1302540 927.7
1302550 932.6
1302560 932.6
1302570 936.6
1302580 940.2
1302590 940.2
1302600 943.9
1302610 947.2
1302620 947.2
1302630 950.0
1302640 952.2
1302650 952.2
1302660 953.5
1302670 955.1
1302680 955.1
1302690 956.8
1302700 958.4
1302710 960.1
1302720 960.1
1302730 961.9
1302740 963.9
1302750 963.9
1302760 966.1
1302770 968.3
1302780 968.3
1302790 970.4
1302800 972.5
1302810 972.5
1302820 974.6
1302830 976.6
1302840 976.6
1302850 979.2
1302860 982.5
1302870 982.5
1302880 985.1
1302890 987.3
1302900 987.3
1302910 990.7
1302920 994.8
1302930 994.8
1302940 998.9
1302950 1001.8
1302960 1001.8
1302970 1003.8
1302980 1005.7
1302990 1008.0
1303000 1008.0
1303010 1010.7
1303020 1013.4
1303030 1013.4
1303040 1015.7
1303050 1017.5
1303060 1017.5
1303070 1019.1
1303080 1020.9
1303090 1020.9
1303100 1023.1
1303110 1024.8
1303120 1024.8
1303130 1023.3
1303140 1025.8
1303150 1025.8
1303160 1028.3
1303170 1030.3
1303180 1030.3
1303190 1031.9
1303200 1033.0
1303210 1033.0
1303220 1033.5
1303230 1033.7
1303240 1033.7
1303250 1034.0
1303260 1034.6
1303270 1035.3
1303280 1035.3
1303290 1036.2
1303300 1037.4
1303310 1037.4
1303320 1038.9
1303330 1040.7
1303340 1040.7
1303350 1043.3
1303360 1045.9
1303370 1045.9
1303380 1047.8
1303390 1048.8
1303400 1048.8
1303410 1050.2
1303420 1051.8
1303430 1051.8
1303440 1053.6
1303450 1054.6
1303460 1054.6
1303470 1055.2
1303480 1056.3
1303490 1056.3
1303500 1057.6
1303510 1059.0
1303520 1059.0
1303530 1060.1
1303540 1060.8
1303550 1061.0
1303560 1061.0
1303570 1061.8
1303580 1062.6
1303590 1062.6
1303600 1063.3
1303610 1064.3
1303620 1064.3
1303630 1065.0
1303640 1066.1
1303650 1066.1
1303660 1066.9
1303670 1067.6
1303680 1067.6
1303690 1068.6
1303700 1069.7
1303710 1069.7
1303720 1071.2
1303730 1073.5
1303740 1073.5
1303750 1076.6
1303760 1080.1
1303770 1080.1
1303780 1082.6
1303790 1082.9
1303800 1082.9
1303810 1080.3
1303820 1077.6
1303830 1075.7
1303840 1073.7
1303850 1072.5
1303860 1072.0
1303870 1072.0
1303880 1071.9
1303890 1072.5
1303900 1072.5
1303910 1073.9
1303920 1074.5
1303930 1074.5
1303940 1074.3
1303950 1074.3
1303960 1074.3
1303970 1074.7
1303980 1075.3
1303990 1075.3
1304000 1076.0
1304010 1076.6
1304020 1076.6
1304030 1077.3
1304040 1077.5
1304050 1077.5
1304060 1077.8
1304070 1078.2
1304080 1079.5
1304090 1079.5
1304100 1081.4
1304110 1082.9
1304120 1082.9
1304130 1084.4
1304140 1084.8
1304150 1084.8
1304160 1085.0
1304170 1085.9
1304180 1085.9
1304190 1087.7
1304200 1089.7
1304210 1089.7
1304220 1091.5
1304230 1092.1
1304240 1092.1
1304250 1092.0
1304260 1092.0
1304270 1092.0
1304280 1092.5
1304290 1093.8
1304300 1093.8
1304310 1095.6
1304320 1098.4
1304330 1098.4
1304340 1101.6
1304350 1104.8
1304360 1107.7
1304370 1107.7
1304380 1110.5
1304390 1113.2
1304400 1113.2
1304410 1115.6
1304420 1117.5
1304430 1117.5
1304440 1119.2
1304450 1120.6
1304460 1120.6
1304470 1121.8
1304480 1122.8
1304490 1122.8
1304500 1123.5
1304510 1124.0
1304520 1124.0
1304530 1124.2
1304540 1120.3
1304550 1120.3
1304560 1120.5
1304570 1121.1
1304580 1121.1
1304590 1121.6
1304600 1121.0
1304610 1121.0
1304620 1118.2
1304630 1116.7
1304640 1117.3
1304650 1117.3
1304660 1115.3
1304670 1112.2
1304680 1112.2
1304690 1107.4
1304700 1106.7
1304710 1106.7
1304720 1111.3
1304730 1113.7
1304740 1113.7
1304750 1115.6
1304760 1119.7
1304770 1119.7
1304780 1127.1
1304790 1133.4
1304800 1133.4
1304810 1137.2
1304820 1138.9
1304830 1138.9
1304840 1140.0
1304850 1141.0
1304860 1141.0
1304870 1141.1
1304880 1142.5
1304890 1142.5
1304900 1144.2
1304910 1146.1
1304920 1148.2
1304930 1148.2
1304940 1150.2
1304950 1150.8
1304960 1150.8
1304970 1151.1
1304980 1152.7
1304990 1152.7
1305000 1155.0
1305010 1157.2
1305020 1157.2
1305030 1159.4
1305040 1162.5
1305050 1162.5
1305060 1165.7
1305070 1168.8
1305080 1168.8
1305090 1172.3
1305100 1174.9
1305110 1174.9
1305120 1177.1
1305130 1179.0
1305140 1179.0
1305150 1181.9
1305160 1184.9
1305170 1188.2
1305180 1188.2
1305190 1192.2
1305200 1197.7
1305210 1197.7
1305220 1202.6
1305230 1207.4
1305240 1207.4
1305250 1208.6
1305260 1210.1
1305270 1210.1
1305280 1211.5
1305290 1212.9
1305300 1212.9
1305310 1215.1
1305320 1219.7
1305330 1219.7
1305340 1226.3
1305350 1232.3
1305360 1232.3
1305370 1238.0
1305380 1241.0
1305390 1241.0
1305400 1241.6
1305410 1241.4
1305420 1241.4
1305430 1241.1
1305440 1240.0
1305450 1237.0
1305460 1237.0
1305470 1232.9
1305480 1232.5
1305490 1232.5
1305500 1237.5
1305510 1243.1
1305520 1243.1
1305530 1249.3
1305540 1256.0
1305550 1256.0
1305560 1259.9
1305570 1262.3
1305580 1262.3
1305590 1264.0
1305600 1266.7
1305610 1266.7
1305620 1269.8
1305630 1272.7
1305640 1272.7
1305650 1275.1
1305660 1277.1
1305670 1277.1
1305680 1279.3
1305690 1280.9
1305700 1280.9
1305710 1282.3
1305720 1284.0
1305730 1285.7
1305740 1285.7
1305750 1287.1
1305760 1288.7
1305770 1288.7
1305780 1290.7
1305790 1293.0
1305800 1293.0
1305810 1295.3
1305820 1297.1
1305830 1297.1
1305840 1298.9
1305850 1300.7
1305860 1300.7
1305870 1302.7
1305880 1304.2
1305890 1304.2
1305900 1305.5
1305910 1306.8
1305920 1306.8
1305930 1308.4
1305940 1311.4
1305950 1311.4
1305960 1310.9
1305970 1311.5
1305980 1311.5
1305990 1312.2
1306000 1313.3
1306010 1314.1
1306020 1314.1
1306030 1315.9
1306040 1317.3
1306050 1317.3
1306060 1318.8
1306070 1320.5
1306080 1320.5
1306090 1322.9
1306100 1325.5
1306110 1325.5
1306120 1327.8
1306130 1330.5
1306140 1330.5
1306150 1333.9
1306160 1337.4
1306170 1337.4
1306180 1340.1
1306190 1343.2
1306200 1343.2
1306210 1346.5
1306220 1349.9
1306230 1349.9
1306240 1352.9
1306250 1355.2
1306260 1355.2
1306270 1357.8
1306280 1360.5
1306290 1363.2
1306300 1363.2
1306310 1365.9
1306320 1369.5
1306330 1369.5
1306340 1373.5
1306350 1377.8
1306360 1377.8
1306370 1382.0
1306380 1385.6
1306390 1385.6
1306400 1388.7
1306410 1391.1
1306420 1391.1
1306430 1393.0
1306440 1393.9
1306450 1393.9
1306460 1395.8
1306470 1399.3
1306480 1399.3
1306490 1402.5
1306500 1406.3
1306510 1406.3
1306520 1409.5
1306530 1413.6
1306540 1417.5
1306550 1417.5
1306560 1419.5
1306570 1418.0
1306580 1418.0
1306590 1416.4
1306600 1417.2
1306610 1417.2
1306620 1418.9
1306630 1421.3
1306640 1421.3
1306650 1423.6
1306660 1426.8
1306670 1425.5
1306680 1428.2
1306690 1430.4
1306700 1430.4
1306710 1432.5
1306720 1434.4
1306730 1434.4
1306740 1436.8
1306750 1439.6
1306760 1439.6
1306770 1442.5
1306780 1444.5
1306790 1444.5
1306800 1445.4
1306810 1446.2
1306820 1447.5
1306830 1447.5
1306840 1447.7
1306850 1448.2
1306860 1448.2
1306870 1450.0
1306880 1451.7
1306890 1451.7
1306900 1453.0
1306910 1454.4
1306920 1454.4
1306930 1456.1
1306940 1457.4
1306950 1457.4
1306960 1459.0
1306970 1460.2
1306980 1460.2
1306990 1461.9
1307000 1464.1
1307010 1464.1
1307020 1466.3
1307030 1468.2
1307040 1468.2
1307050 1469.3
1307060 1469.7
1307070 1469.7
1307080 1470.3
1307090 1471.4
1307100 1473.2
1307110 1473.2
1307120 1474.8
1307130 1476.9
1307140 1476.9
1307150 1479.1
1307160 1480.4
1307170 1480.4
1307180 1481.4
1307190 1482.8
1307200 1482.8
1307210 1484.2
1307220 1487.7
1307230 1487.7
1307240 1494.0
1307250 1496.8
1307260 1496.8
1307270 1499.8
1307280 1505.0
1307290 1505.0
1307300 1508.7
1307310 1511.3
1307320 1511.3
1307330 1512.0
1307340 1511.3
1307350 1511.3
1307360 1512.3
1307370 1515.1
1307380 1516.9
1307390 1511.2
1307400 1512.5
1307410 1513.9
1307420 1513.9
1307430 1517.0
1307440 1524.1
1307450 1524.1
1307460 1528.3
1307470 1531.1
1307480 1531.1
1307490 1534.3
1307500 1537.3
1307510 1537.3
1307520 1541.5
1307530 1544.7
1307540 1544.7
1307550 1546.9
1307560 1549.1
1307570 1549.1
1307580 1551.3
1307590 1554.6
1307600 1554.6
1307610 1558.3
1307620 1561.3
1307630 1564.9
1307640 1564.9
1307650 1569.4
1307660 1575.5
1307670 1575.5
1307680 1581.9
1307690 1587.3
1307700 1587.3
1307710 1591.6
1307720 1594.3
1307730 1594.3
1307740 1596.3
1307750 1598.9
1307760 1598.9
1307770 1602.9
1307780 1608.3
1307790 1608.3
1307800 1614.6
1307810 1619.9
1307820 1619.9
1307830 1625.1
1307840 1629.4
1307850 1629.4
1307860 1633.6
1307870 1638.0
1307880 1638.0
1307890 1642.5
1307900 1646.4
1307910 1650.0
1307920 1650.0
1307930 1653.5
1307940 1656.5
1307950 1656.5
1307960 1659.1
1307970 1661.6
1307980 1661.6
1307990 1663.7
1308000 1665.5
1308010 1665.5
1308020 1667.7
1308030 1670.7
1308040 1670.7
1308050 1673.7
1308060 1676.5
1308070 1676.5
1308080 1680.0
1308090 1682.3
1308100 1682.3
1308110 1679.7
1308120 1680.6
1308130 1680.6
1308140 1680.7
1308150 1681.7
1308160 1681.7
1308170 1685.3
1308180 1691.5
1308190 1697.0
1308200 1697.0
1308210 1702.3
1308220 1706.2
1308230 1706.2
1308240 1708.9
1308250 1712.1
1308260 1712.1
1308270 1715.6
1308280 1718.9
1308290 1718.9
1308300 1722.3
1308310 1725.8
1308320 1725.8
1308330 1729.8
1308340 1733.7
1308350 1733.7
1308360 1737.0
1308370 1736.9
1308380 1736.9
1308390 1740.1
1308400 1743.0
1308410 1743.0
1308420 1745.3
1308430 1746.8
1308440 1746.8
1308450 1747.2
1308460 1747.1
1308470 1746.9
1308480 1746.9
1308490 1747.0
1308500 1747.7
1308510 1747.7
1308520 1748.4
1308530 1748.9
1308540 1748.9
1308550 1750.1
1308560 1751.4
1308570 1751.4
1308580 1752.9
1308590 1754.2
1308600 1754.2
1308610 1755.5
1308620 1757.3
1308630 1757.3
1308640 1758.9
1308650 1761.0
1308660 1761.0
1308670 1763.8
1308680 1766.6
1308690 1766.6
1308700 1769.5
1308710 1772.6
1308720 1772.6
1308730 1775.6
1308740 1778.3
1308750 1781.5
1308760 1781.5
1308770 1785.5
1308780 1789.7
1308790 1789.7
1308800 1792.2
1308810 1793.5
1308820 1793.5
1308830 1794.3
1308840 1792.6
1308850 1792.6
1308860 1794.0
1308870 1796.8
1308880 1796.8
1308890 1801.4
1308900 1807.8
1308910 1807.8
1308920 1815.0
1308930 1823.1
1308940 1823.1
1308950 1831.1
1308960 1838.5
1308970 1838.5
1308980 1845.2
1308990 1852.0
1309000 1858.2
1309010 1858.2
1309020 1863.4
1309030 1868.6
1309040 1868.6
1309050 1874.6
1309060 1879.7
1309070 1879.7
1309080 1883.0
1309090 1886.6
1309100 1886.6
1309110 1890.0
1309120 1892.9
1309130 1892.9
1309140 1897.3
1309150 1903.6
1309160 1903.6
1309170 1908.2
1309180 1911.4
1309190 1911.4
1309200 1914.2
1309210 1916.4
1309220 1916.4
1309230 1919.3
1309240 1922.6
1309250 1922.6
1309260 1926.9
1309270 1931.8
1309280 1936.4
1309290 1936.4
1309300 1940.4
1309310 1943.7
1309320 1943.7
1309330 1946.7
1309340 1950.8
1309350 1950.8
1309360 1956.4
1309370 1962.2
1309380 1962.2
1309390 1969.3
1309400 1979.7
1309410 1979.7
1309420 1990.5
1309430 2000.1
1309440 2000.1
1309450 2012.1
1309460 2020.8
1309470 2020.8
1309480 2027.4
1309490 2033.8
1309500 2033.8
1309510 2040.1
1309520 2046.2
1309530 2046.2
1309540 2052.5
1309550 2058.1
1309560 2059.1
1309570 2059.1
1309580 2066.3
1309590 2072.9
1309600 2072.9
1309610 2081.2
1309620 2088.7
1309630 2088.7
1309640 2096.9
1309650 2106.5
1309660 2106.5
1309670 2116.8
1309680 2124.2
1309690 2124.2
1309700 2126.1
1309710 2129.1
1309720 2129.1
1309730 2134.5
1309740 2141.7
1309750 2141.7
1309760 2150.9
1309770 2160.5
1309780 2160.5
1309790 2168.5
1309800 2173.7
1309810 2173.7
1309820 2178.0
1309830 2183.7
1309840 2191.2
1309850 2191.2
1309860 2198.7
1309870 2200.5
1309880 2200.5
1309890 2193.3
1309900 2186.0
1309910 2186.0
1309920 2180.0
1309930 2175.4
1309940 2175.4
1309950 2171.7
1309960 2167.6
1309970 2167.6
1309980 2166.8
1309990 2160.6
1310000 2160.6
1310010 2146.2
1310020 2133.0
1310030 2133.0
1310040 2119.8
1310050 2108.5
1310060 2108.5
1310070 2103.3
1310080 2098.3
1310090 2092.3
1310100 2092.3
1310110 2085.6
1310120 2078.5
1310130 2078.5
1310140 2071.1
1310150 2064.1
1310160 2064.1
1310170 2057.8
1310180 2051.3
1310190 2051.3
1310200 2045.1
1310210 2040.3
1310220 2040.3
1310230 2036.9
1310240 2034.0
1310250 2034.0
1310260 2032.0
1310270 2030.1
1310280 2030.1
1310290 2025.1
1310300 2022.6
1310310 2022.6
1310320 2021.5
1310330 2020.3
1310340 2020.3
1310350 2017.4
1310360 2013.7
1310370 2012.2
1310380 2012.2
1310390 2011.5
1310400 2009.5
1310410 2009.5
1310420 2007.3
1310430 2008.2
1310440 2008.2
1310450 2009.9
1310460 2009.9
1310470 2009.9
1310480 2009.8
1310490 2009.9
1310500 2009.9
1310510 2009.4
1310520 2007.3
1310530 2007.3
1310540 2004.6
1310550 2002.6
1310560 2002.6
1310570 2001.6
1310580 2001.9
1310590 2001.9
1310600 2001.8
1310610 2000.9
1310620 2000.9
1310630 2000.7
1310640 2001.0
1310650 2001.3
1310660 2001.3
1310670 2001.6
1310680 2001.5
1310690 2001.5
1310700 2000.9
1310710 1999.9
1310720 1999.9
1310730 1999.1
1310740 1999.9
1310750 1999.9
1310760 2000.8
1310770 2000.2
1310780 2000.2
1310790 1998.5
1310800 1997.2
1310810 1997.2
1310820 1996.4
1310830 1995.3
1310840 1995.3
1310850 1995.2
1310860 1994.5
1310870 1994.5
1310880 1994.1
1310890 1994.8
1310900 1994.8
1310910 1994.9
1310920 1993.7
1310930 1991.3
1310940 1991.3
1310950 1988.6
1310960 1986.6
1310970 1986.6
1310980 1983.6
1310990 1980.7
1311000 1980.7
1311010 1978.0
1311020 1977.5
1311030 1977.5
1311040 1974.6
1311050 1971.9
1311060 1971.9
1311070 1968.7
1311080 1965.0
1311090 1965.0
1311100 1960.0
1311110 1953.8
1311120 1953.8
1311130 1947.4
1311140 1940.4
1311150 1940.4
1311160 1932.6
1311170 1925.2
1311180 1917.1
1311190 1917.1
1311200 1911.1
1311210 1904.8
1311220 1904.8
1311230 1899.3
1311240 1893.7
1311250 1893.7
1311260 1888.2
1311270 1882.2
1311280 1882.2
1311290 1876.6
1311300 1871.1
1311310 1871.1
1311320 1867.3
1311330 1864.1
1311340 1864.1
1311350 1860.6
1311360 1856.8
1311370 1856.8
1311380 1853.4
1311390 1850.1
1311400 1850.1
1311410 1847.1
1311420 1844.1
1311430 1844.1
1311440 1842.1
1311450 1841.3
1311460 1841.7
1311470 1841.7
1311480 1842.5
1311490 1842.7
1311500 1842.7
1311510 1842.9
1311520 1843.5
1311530 1843.5
1311540 1843.9
1311550 1844.7
1311560 1844.7
1311570 1846.6
1311580 1847.3
1311590 1847.3
1311600 1847.1
1311610 1845.2
1311620 1845.2
1311630 1841.9
1311640 1837.2
1311650 1837.2
1311660 1830.5
1311670 1824.4
1311680 1824.4
1311690 1819.4
1311700 1815.4
1311710 1815.4
1311720 1814.0
1311730 1815.9
1311740 1817.6
1311750 1817.6
1311760 1815.0
1311770 1815.2
1311780 1815.2
1311790 1814.8
1311800 1815.7
1311810 1815.7
1311820 1817.1
1311830 1817.8
1311840 1817.8
1311850 1818.2
1311860 1816.0
1311870 1816.0
1311880 1812.8
1311890 1810.1
1311900 1810.1
1311910 1809.1
1311920 1807.9
1311930 1807.9
1311940 1805.4
1311950 1802.9
1311960 1802.9
1311970 1802.3
1311980 1802.2
1311990 1802.2
1312000 1798.4
1312010 1793.9
1312020 1789.8
1312030 1789.8
1312040 1787.2
1312050 1783.9
1312060 1783.9
1312070 1780.9
1312080 1778.9
1312090 1778.9
1312100 1777.5
1312110 1775.1
1312120 1775.1
1312130 1773.4
1312140 1772.3
1312150 1772.3
1312160 1771.9
1312170 1771.6
1312180 1771.6
1312190 1771.1
1312200 1770.4
1312210 1770.4
1312220 1770.2
1312230 1770.9
1312240 1770.9
1312250 1771.2
1312260 1772.1
1312270 1772.1
1312280 1773.0
1312290 1773.3
1312300 1773.4
1312310 1773.4
1312320 1773.2
1312330 1772.9
1312340 1772.9
1312350 1771.6
1312360 1767.6
1312370 1767.6
1312380 1764.6
1312390 1762.7
1312400 1762.7
1312410 1759.9
1312420 1757.0
1312430 1757.0
1312440 1755.0
1312450 1753.2
1312460 1753.2
1312470 1750.8
1312480 1747.8
1312490 1747.8
1312500 1737.5
1312510 1733.7
1312520 1733.7
1312530 1729.5
1312540 1723.4
1312550 1716.2
1312560 1716.2
1312570 1710.6
1312580 1706.6
1312590 1706.6
1312600 1702.3
1312610 1698.9
1312620 1698.9
1312630 1695.7
1312640 1692.6
1312650 1692.6
1312660 1689.6
1312670 1686.4
1312680 1686.4
1312690 1682.8
1312700 1679.4
1312710 1679.4
1312720 1676.6
1312730 1673.5
1312740 1673.5
1312750 1669.0
1312760 1664.9
1312770 1664.9
1312780 1661.0
1312790 1656.4
1312800 1656.4
1312810 1652.4
1312820 1650.4
1312830 1648.9
1312840 1648.9
1312850 1647.2
1312860 1644.9
1312870 1644.9
1312880 1641.8
1312890 1638.5
1312900 1638.5
1312910 1634.9
1312920 1631.6
1312930 1631.6
1312940 1628.4
1312950 1625.0
1312960 1625.0
1312970 1621.9
1312980 1618.6
1312990 1618.6
1313000 1615.5
1313010 1612.7
1313020 1612.7
1313030 1610.1
1313040 1606.7
1313050 1606.7
1313060 1602.7
1313070 1598.9
1313080 1598.9
1313090 1595.8
1313100 1592.0
1313110 1587.8
1313120 1587.8
1313130 1582.6
1313140 1577.8
1313150 1577.8
1313160 1573.0
1313170 1569.2
1313180 1569.2
1313190 1565.7
1313200 1561.9
1313210 1561.9
1313220 1558.4
1313230 1553.9
1313240 1553.6
1313250 1548.8
1313260 1543.2
1313270 1543.2
1313280 1539.3
1313290 1536.0
1313300 1536.0
1313310 1533.2
1313320 1530.3
1313330 1530.3
1313340 1526.9
1313350 1522.1
1313360 1522.1
1313370 1517.1
1313380 1511.4
1313390 1505.7
1313400 1505.7
1313410 1500.6
1313420 1495.6
1313430 1495.6
1313440 1490.9
1313450 1486.9
1313460 1486.9
1313470 1483.0
1313480 1478.9
1313490 1478.9
1313500 1475.0
1313510 1470.8
1313520 1470.8
1313530 1466.8
1313540 1462.9
1313550 1462.9
1313560 1458.1
1313570 1453.2
1313580 1453.2
1313590 1449.7
1313600 1446.5
1313610 1446.5
1313620 1443.3
1313630 1440.4
1313640 1437.3
1313650 1437.3
1313660 1433.7
1313670 1430.6
1313680 1430.6
1313690 1427.3
1313700 1422.9
1313710 1422.9
1313720 1418.4
1313730 1414.6
1313740 1414.6
1313750 1410.6
1313760 1406.8
1313770 1406.8
1313780 1402.3
1313790 1397.5
1313800 1397.5
1313810 1391.6
1313820 1384.6
1313830 1384.6
1313840 1377.5
1313850 1371.0
1313860 1371.0
1313870 1366.0
1313880 1360.3
1313890 1360.3
1313900 1355.0
1313910 1349.7
1313920 1344.3
1313930 1344.3
1313940 1339.5
1313950 1335.3
1313960 1335.3
1313970 1330.6
1313980 1323.6
1313990 1323.6
1314000 1320.1
1314010 1316.4
1314020 1316.4
1314030 1310.2
1314040 1304.7
1314050 1304.7
1314060 1298.3
1314070 1288.0
1314080 1288.0
1314090 1278.7
1314100 1270.0
1314110 1270.0
1314120 1260.9
1314130 1252.1
1314140 1252.1
1314150 1243.2
1314160 1235.5
1314170 1235.5
1314180 1231.9
1314190 1228.0
1314200 1223.6
1314210 1223.6
1314220 1224.5
1314230 1232.3
1314240 1232.3
1314250 1231.9
1314260 1223.3
1314270 1223.3
1314280 1216.9
1314290 1209.4
1314300 1209.4
1314310 1201.0
1314320 1188.9
1314330 1188.9
1314340 1183.2
1314350 1185.2
1314360 1185.2
1314370 1184.5
1314380 1187.8
1314390 1187.8
1314400 1190.3
1314410 1192.9
1314420 1192.9
1314430 1194.8
1314440 1195.9
1314450 1195.9
1314460 1194.4
1314470 1190.1
1314480 1185.2
1314490 1185.2
1314500 1183.1
1314510 1182.7
1314520 1182.7
1314530 1183.0
1314540 1183.6
1314550 1183.6
1314560 1186.6
1314570 1188.3
1314580 1188.3
1314590 1186.3
1314600 1183.0
1314610 1183.0
1314620 1178.9
1314630 1174.4
1314640 1174.4
1314650 1169.3
1314660 1164.9
1314670 1164.9
1314680 1161.6
1314690 1158.0
1314700 1158.0
1314710 1153.7
1314720 1149.1
1314730 1150.1
1314740 1144.4
1314750 1138.3
1314760 1132.8
1314770 1132.8
1314780 1128.5
1314790 1124.8
1314800 1124.8
1314810 1121.7
1314820 1119.4
1314830 1119.4
1314840 1118.0
1314850 1115.1
1314860 1115.1
1314870 1109.1
1314880 1099.5
1314890 1099.5
1314900 1089.0
1314910 1081.2
1314920 1081.2
1314930 1075.5
1314940 1070.2
1314950 1070.2
1314960 1065.6
1314970 1060.5
1314980 1060.5
1314990 1055.3
1315000 1050.1
1315010 1044.4
1315020 1044.4
1315030 1038.2
1315040 1032.8
1315050 1032.8
1315060 1028.5
1315070 1024.0
1315080 1024.0
1315090 1018.5
1315100 1010.7
1315110 1010.7
1315120 1004.0
1315130 1002.2
1315140 1002.2
1315150 1000.4
1315160 996.8
1315170 996.8
1315180 992.3
1315190 986.2
1315200 986.2
1315210 980.7
1315220 976.9
1315230 976.9
1315240 974.0
1315250 970.4
1315260 970.4
1315270 966.8
1315280 960.6
1315290 953.9
1315300 953.9
1315310 944.8
1315320 934.3
1315330 934.3
1315340 929.2
1315350 937.3
1315360 937.3
1315370 947.1
1315380 946.5
1315390 946.5
1315400 942.0
1315410 944.5
1315420 944.5
1315430 946.3
1315440 945.7
1315450 945.7
1315460 944.1
1315470 946.6
1315480 963.0
1315490 965.3
1315500 964.9
1315510 964.9
1315520 962.2
1315530 952.2
1315540 952.2
1315550 947.7
1315560 953.2
1315570 952.0
1315580 952.0
1315590 959.2
1315600 965.9
1315610 965.9
1315620 973.4
1315630 978.0
1315640 978.0
1315650 984.1
1315660 988.1
1315670 988.1
1315680 996.3
1315690 1003.0
1315700 1003.0
1315710 1007.8
1315720 1009.3
1315730 1009.3
1315740 1009.6
1315750 1012.1
1315760 1012.1
1315770 1018.9
1315780 1025.2
1315790 1025.2
1315800 1034.3
1315810 1039.5
1315820 1039.5
1315830 1038.7
1315840 1035.8
1315850 1034.6
1315860 1034.6
1315870 1032.9
1315880 1029.0
1315890 1029.0
1315900 1030.8
1315910 1032.2
1315920 1032.2
1315930 1034.9
1315940 1035.4
1315950 1035.4
1315960 1034.8
1315970 1033.2
1315980 1033.2
1315990 1030.2
1316000 1034.3
1316010 1034.3
1316020 1041.4
1316030 1047.3
1316040 1047.3
1316050 1052.1
1316060 1056.3
1316070 1056.3
1316080 1060.2
1316090 1064.3
1316100 1068.9
1316110 1068.9
1316120 1070.2
1316130 1074.5
1316140 1074.5
1316150 1079.6
1316160 1080.4
1316170 1080.4
1316180 1081.0
1316190 1081.7
1316200 1081.7
1316210 1082.8
1316220 1083.8
1316230 1083.8
1316240 1088.7
1316250 1089.5
1316260 1089.5
1316270 1089.9
1316280 1090.4
1316290 1090.4
1316300 1091.7
1316310 1093.3
1316320 1093.3
1316330 1094.6
1316340 1095.8
1316350 1095.8
1316360 1097.0
1316370 1098.5
1316380 1100.4
1316390 1100.4
1316400 1101.6
1316410 1102.6
1316420 1102.6
1316430 1103.4
1316440 1104.1
1316450 1104.1
1316460 1105.1
1316470 1106.1
1316480 1106.1
1316490 1107.1
1316500 1107.6
1316510 1107.6
1316520 1107.9
1316530 1109.2
1316540 1109.2
1316550 1110.8
1316560 1111.7
1316570 1111.7
1316580 1112.9
1316590 1115.0
1316600 1115.0
1316610 1117.6
1316620 1122.4
1316630 1122.4
1316640 1128.8
1316650 1133.6
1316660 1137.2
1316670 1137.2
1316680 1140.0
1316690 1145.3
1316700 1145.3
1316710 1152.0
1316720 1155.9
1316730 1155.9
1316740 1158.2
1316750 1158.9
1316760 1158.9
1316770 1159.7
1316780 1161.5
1316790 1161.5
1316800 1162.2
1316810 1162.0
1316820 1162.0
1316830 1161.3
1316840 1159.6
1316850 1159.6
1316860 1156.7
1316870 1153.2
1316880 1153.2
1316890 1149.3
1316900 1145.5
1316910 1145.5
1316920 1144.4
1316930 1142.4
1316940 1139.9
1316950 1139.9
1316960 1137.3
1316970 1134.5
1316980 1134.5
1316990 1131.8
1317000 1135.6
1317010 1135.6
1317020 1134.5
1317030 1133.0
1317040 1133.0
1317050 1131.1
1317060 1128.5
1317070 1128.5
1317080 1125.8
1317090 1123.6
1317100 1123.6
1317110 1121.0
1317120 1118.4
1317130 1118.4
1317140 1115.9
1317150 1112.9
1317160 1112.9
1317170 1111.5
1317180 1113.8
1317190 1113.8
1317200 1119.8
1317210 1116.1
1317220 1106.4
1317230 1106.4
1317240 1097.8
1317250 1090.6
1317260 1090.6
1317270 1085.9
1317280 1081.5
1317290 1081.5
1317300 1077.2
1317310 1072.5
1317320 1072.5
1317330 1067.4
1317340 1062.9
1317350 1062.9
1317360 1058.6
1317370 1055.4
1317380 1055.4
1317390 1052.6
1317400 1048.4
1317410 1048.4
1317420 1049.4
1317430 1052.7
1317440 1052.7
1317450 1057.4
1317460 1062.1
1317470 1069.8
1317480 1069.8
1317490 1078.0
1317500 1089.1
1317510 1089.1
1317520 1098.5
1317530 1103.8
1317540 1103.8
1317550 1100.5
1317560 1095.3
1317570 1095.3
1317580 1090.0
1317590 1085.3
1317600 1085.3
1317610 1082.2
1317620 1078.9
1317630 1078.9
1317640 1077.8
1317650 1079.7
1317660 1079.7
1317670 1083.4
1317680 1085.2
1317690 1085.2
1317700 1085.8
1317710 1085.4
1317720 1085.4
1317730 1084.8
1317740 1084.7
1317750 1085.7
1317760 1091.3
1317770 1091.3
1317780 1090.4
1317790 1090.4
1317800 1089.0
1317810 1087.2
1317820 1087.2
1317830 1085.4
1317840 1084.6
1317850 1084.6
1317860 1083.1
1317870 1083.9
1317880 1083.9
1317890 1086.2
1317900 1087.2
1317910 1087.2
1317920 1085.7
1317930 1082.4
1317940 1082.4
1317950 1079.6
1317960 1079.0
1317970 1079.0
1317980 1078.3
1317990 1076.8
1318000 1076.8
1318010 1075.1
1318020 1072.6
1318030 1070.0
1318040 1070.0
1318050 1068.1
1318060 1066.4
1318070 1066.4
1318080 1065.6
1318090 1065.1
1318100 1065.1
1318110 1064.1
1318120 1062.8
1318130 1062.8
1318140 1061.5
1318150 1060.4
1318160 1060.4
1318170 1059.1
1318180 1058.0
1318190 1058.0
1318200 1057.2
1318210 1056.2
1318220 1056.2
1318230 1055.1
1318240 1054.2
1318250 1054.2
1318260 1053.6
1318270 1054.6
1318280 1054.6
1318290 1057.0
1318300 1059.9
1318310 1062.4
1318320 1062.4
1318330 1065.5
1318340 1069.1
1318350 1069.1
1318360 1074.5
1318370 1081.5
1318380 1081.5
1318390 1084.2
1318400 1086.5
1318410 1086.5
1318420 1087.6
1318430 1087.3
1318440 1087.3
1318450 1085.0
1318460 1082.5
1318470 1082.5
1318480 1080.6
1318490 1079.8
1318500 1079.8
1318510 1081.1
1318520 1086.0
1318530 1086.0
1318540 1085.4
1318550 1084.0
1318560 1080.2
1318570 1080.2
1318580 1074.4
1318590 1068.0
1318600 1068.0
1318610 1062.1
1318620 1057.0
1318630 1057.0
1318640 1053.1
1318650 1048.7
1318660 1048.7
1318670 1044.1
1318680 1038.7
1318690 1038.7
1318700 1033.0
1318710 1026.3
1318720 1026.3
1318730 1017.1
1318740 1007.0
1318750 1007.0
1318760 997.3
1318770 989.9
1318780 989.9
1318790 983.1
1318800 978.2
1318810 978.2
1318820 973.1
1318830 968.3
1318840 962.8
1318850 962.8
1318860 954.4
1318870 946.7
1318880 946.7
1318890 940.9
1318900 935.0
1318910 935.0
1318920 929.2
1318930 923.0
1318940 923.0
1318950 917.3
1318960 911.8
1318970 911.8
1318980 904.9
1318990 898.3
1319000 898.3
1319010 891.4
1319020 885.8
1319030 885.8
1319040 881.9
1319050 877.8
1319060 877.8
1319070 872.6
1319080 867.0
1319090 867.0
1319100 860.8
1319110 856.4
1319120 852.4
1319130 852.4
1319140 848.1
1319150 843.1
1319160 843.1
1319170 837.5
1319180 831.7
1319190 831.7
1319200 826.3
1319210 820.1
1319220 820.1
1319230 813.5
1319240 807.4
1319250 807.4
1319260 801.6
1319270 795.6
1319280 795.6
1319290 790.4
1319300 784.0
1319310 784.0
1319320 777.4
1319330 771.2
1319340 771.2
1319350 765.0
1319360 759.1
1319370 759.1
1319380 753.2
1319390 747.6
1319400 743.0
1319410 743.0
1319420 738.9
1319430 735.2
1319440 735.2
1319450 731.4
1319460 727.6
1319470 727.6
1319480 722.7
1319490 717.5
1319500 717.5
1319510 712.5
1319520 707.2
1319530 707.2
1319540 702.1
1319550 696.7
1319560 696.7
1319570 691.8
1319580 687.0
1319590 687.0
1319600 682.1
1319610 677.4
1319620 677.4
1319630 672.5
1319640 667.5
1319650 661.9
1319660 661.9
1319670 656.6
1319680 653.0
1319690 653.0
1319700 648.3
1319710 643.6
1319720 643.6
1319730 638.8
1319740 633.7
1319750 633.7
1319760 626.7
1319770 620.0
1319780 620.0
1319790 614.5
1319800 610.1
1319810 610.1
1319820 604.3
1319830 596.8
1319840 596.8
1319850 590.3
1319860 584.3
1319870 584.3
1319880 577.4
1319890 571.3
1319900 571.3
1319910 565.9
1319920 560.1
1319930 555.1
1319940 555.1
1319950 552.1
1319960 549.8
1319970 549.8
1319980 548.8
1319990 547.9
