1300000 550.1
1300010 550.1
1300020 550.4
1300030 550.3
1300040 550.3
1300050 550.0
1300060 547.2
1300070 547.2
1300080 544.4
1300090 545.6
1300100 545.6
1300110 549.2
1300120 549.7
1300130 549.7
1300140 549.3
1300150 548.2
1300160 548.2
1300170 548.0
1300180 547.9
1300190 547.9
1300200 547.7
1300210 547.4
1300220 547.1
1300230 547.1
1300240 546.7
1300250 546.6
1300260 546.6
1300270 546.9
1300280 547.0
1300290 547.0
1300300 546.4
1300310 546.2
1300320 546.2
1300330 546.0
1300340 545.9
1300350 545.9
1300360 545.7
1300370 545.5
1300380 545.5
1300390 545.6
1300400 545.4
1300410 545.4
1300420 545.0
1300430 544.3
1300440 544.3
1300450 543.4
1300460 541.3
1300470 541.3
1300480 540.5
1300490 539.7
1300500 538.5
1300510 538.5
1300520 537.6
1300530 537.5
1300540 537.5
1300550 537.4
1300560 537.4
1300570 537.4
1300580 537.4
1300590 537.4
1300600 537.4
1300610 537.4
1300620 537.4
1300630 537.4
1300640 537.3
1300650 537.2
1300660 537.2
1300670 537.1
1300680 537.0
1300690 537.0
1300700 537.0
1300710 537.0
1300720 537.0
1300730 537.0
1300740 537.0
1300750 537.0
1300760 537.0
1300770 537.3
1300780 538.7
1300790 538.7
1300800 540.1
1300810 540.2
1300820 540.2
1300830 540.2
1300840 540.2
1300850 540.2
1300860 540.1
1300870 540.1
1300880 540.1
1300890 540.1
1300900 540.0
1300910 540.0
1300920 540.0
1300930 540.0
1300940 540.0
1300950 540.0
1300960 540.1
1300970 540.1
1300980 540.3
1300990 540.4
1301000 540.4
1301010 540.5
1301020 540.6
1301030 540.6
1301040 540.6
1301050 540.6
1301060 540.6
1301070 540.6
1301080 540.5
1301090 540.5
1301100 540.5
1301110 540.5
1301120 540.5
1301130 540.5
1301140 540.6
1301150 540.9
1301160 540.9
1301170 540.9
1301180 540.6
1301190 540.6
1301200 540.3
1301210 540.0
1301220 540.0
1301230 539.7
1301240 539.5
1301250 539.5
1301260 539.4
1301270 539.4
1301280 539.4
1301290 539.4
1301300 539.4
1301310 539.5
1301320 539.5
1301330 539.4
1301340 539.4
1301350 539.4
1301360 539.6
1301370 540.0
1301380 540.0
1301390 541.1
1301400 541.4
1301410 541.4
1301420 541.9
1301430 543.7
1301440 543.7
1301450 546.6
1301460 550.4
1301470 550.4
1301480 556.4
1301490 561.4
1301500 561.4
1301510 565.8
1301520 569.1
1301530 569.1
1301540 567.9
1301550 570.2
1301560 570.2
1301570 575.8
1301580 585.9
1301590 592.4
1301600 592.4
1301610 597.2
1301620 601.0
1301630 601.0
1301640 604.7
1301650 608.8
1301660 608.8
1301670 612.9
1301680 617.8
1301690 617.8
1301700 622.4
1301710 626.5
1301720 626.5
1301730 631.2
1301740 635.8
1301750 635.8
1301760 639.2
1301770 640.6
1301780 640.6
1301790 641.2
1301800 643.6
1301810 643.6
1301820 645.5
1301830 646.7
1301840 646.7
1301850 651.6
1301860 655.9
1301870 659.0
1301880 659.0
1301890 662.4
1301900 665.7
1301910 665.7
1301920 668.5
1301930 670.5
1301940 670.5
1301950 672.8
1301960 675.3
1301970 675.3
1301980 677.6
1301990 679.7
1302000 679.7
1302010 682.1
1302020 684.3
1302030 684.3
1302040 685.7
1302050 687.1
1302060 687.1
1302070 688.2
1302080 690.4
1302090 690.4
1302100 692.3
1302110 694.2
1302120 694.2
1302130 696.9
1302140 699.9
1302150 702.7
1302160 702.7
1302170 706.5
1302180 710.4
1302190 710.4
1302200 712.6
1302210 714.0
1302220 714.0
1302230 716.1
1302240 718.8
1302250 718.8
1302260 720.2
1302270 720.7
1302280 720.7
1302290 721.1
1302300 722.7
1302310 722.7
1302320 725.6
1302330 727.5
1302340 727.5
1302350 728.7
1302360 730.8
1302370 730.8
1302380 736.7
1302390 743.4
1302400 743.4
1302410 748.9
1302420 751.7
1302430 752.3
1302440 752.3
1302450 752.3
1302460 752.5
1302470 752.5
1302480 753.2
1302490 754.0
1302500 754.0
1302510 754.7
1302520 755.6
1302530 755.6
1302540 756.9
1302550 758.5
1302560 758.5
1302570 760.2
1302580 762.4
1302590 762.4
1302600 765.2
1302610 767.6
1302620 767.6
1302630 768.0
1302640 769.7
1302650 769.7
1302660 771.5
1302670 773.4
1302680 773.4
1302690 775.0
1302700 776.4
1302710 777.6
1302720 777.6
1302730 779.2
1302740 782.1
1302750 783.4
1302760 785.1
1302770 788.3
1302780 788.3
1302790 791.3
1302800 793.6
1302810 793.6
1302820 796.7
1302830 798.5
1302840 798.5
1302850 799.3
1302860 799.9
1302870 799.9
1302880 801.1
1302890 801.7
1302900 801.7
1302910 801.4
1302920 801.7
1302930 801.7
1302940 801.9
1302950 802.4
1302960 802.4
1302970 802.9
1302980 803.6
1302990 805.9
1303000 805.9
1303010 809.3
1303020 814.9
1303030 814.9
1303040 820.8
1303050 824.3
1303060 824.3
1303070 826.9
1303080 828.2
1303090 828.2
1303100 829.0
1303110 829.7
1303120 829.7
1303130 830.8
1303140 832.3
1303150 832.3
1303160 834.4
1303170 836.9
1303180 836.9
1303190 839.7
1303200 842.9
1303210 842.9
1303220 846.3
1303230 849.0
1303240 849.0
1303250 850.8
1303260 851.8
1303270 852.7
1303280 852.7
1303290 853.6
1303300 854.5
1303310 854.5
1303320 855.7
1303330 857.0
1303340 857.0
1303350 858.3
1303360 859.6
1303370 859.6
1303380 860.8
1303390 862.0
1303400 862.0
1303410 863.4
1303420 864.6
1303430 864.6
1303440 865.8
1303450 869.5
1303460 869.5
1303470 871.4
1303480 874.5
1303490 874.5
1303500 878.9
1303510 882.6
1303520 882.6
1303530 885.4
1303540 887.0
1303550 888.9
1303560 888.9
1303570 891.6
1303580 895.7
1303590 895.7
1303600 900.1
1303610 904.2
1303620 904.2
1303630 908.2
1303640 912.5
1303650 912.5
1303660 917.2
1303670 922.0
1303680 922.0
1303690 927.4
1303700 932.9
1303710 932.9
1303720 938.3
1303730 944.0
1303740 944.0
1303750 949.0
1303760 953.4
1303770 953.4
1303780 957.5
1303790 961.3
1303800 961.3
1303810 964.6
1303820 967.6
1303830 970.4
1303840 970.4
1303850 972.5
1303860 975.3
1303870 975.3
1303880 978.1
1303890 981.1
1303900 981.1
1303910 983.9
1303920 987.1
1303930 987.1
1303940 990.7
1303950 995.3
1303960 995.3
1303970 1001.1
1303980 1006.1
1303990 1006.1
1304000 1011.3
1304010 1016.5
1304020 1016.5
1304030 1022.8
1304040 1029.6
1304050 1029.6
1304060 1036.4
1304070 1042.2
1304080 1046.8
1304090 1046.8
1304100 1051.3
1304110 1056.6
1304120 1056.6
1304130 1062.7
1304140 1069.3
1304150 1069.3
1304160 1079.9
1304170 1087.8
1304180 1087.8
1304190 1095.3
1304200 1101.1
1304210 1101.1
1304220 1106.1
1304230 1109.9
1304240 1109.9
1304250 1113.9
1304260 1118.6
1304270 1118.6
1304280 1124.0
1304290 1130.2
1304300 1130.2
1304310 1137.8
1304320 1144.2
1304330 1144.2
1304340 1149.8
1304350 1155.8
1304360 1163.2
1304370 1163.2
1304380 1171.5
1304390 1178.8
1304400 1178.8
1304410 1183.8
1304420 1188.1
1304430 1188.1
1304440 1193.0
1304450 1198.3
1304460 1198.3
1304470 1205.7
1304480 1212.1
1304490 1212.1
1304500 1215.9
1304510 1219.8
1304520 1219.8
1304530 1223.2
1304540 1226.5
1304550 1226.5
1304560 1231.2
1304570 1234.6
1304580 1234.6
1304590 1238.3
1304600 1241.4
1304610 1241.4
1304620 1245.4
1304630 1249.4
1304640 1254.6
1304650 1254.6
1304660 1261.2
1304670 1268.1
1304680 1268.1
1304690 1275.0
1304700 1281.7
1304710 1281.7
1304720 1287.4
1304730 1290.4
1304740 1290.4
1304750 1291.7
1304760 1292.9
1304770 1292.9
1304780 1293.5
1304790 1294.2
1304800 1294.2
1304810 1296.0
1304820 1298.3
1304830 1298.3
1304840 1300.7
1304850 1304.3
1304860 1308.4
1304870 1311.8
1304880 1316.0
1304890 1316.0
1304900 1320.8
1304910 1327.0
1304920 1334.8
1304930 1334.8
1304940 1342.7
1304950 1350.7
1304960 1350.7
1304970 1358.0
1304980 1364.8
1304990 1364.8
1305000 1371.3
1305010 1377.6
1305020 1377.6
1305030 1383.7
1305040 1389.6
1305050 1389.6
1305060 1395.3
1305070 1399.9
1305080 1399.9
1305090 1404.5
1305100 1408.6
1305110 1408.6
1305120 1411.3
1305130 1415.4
1305140 1415.4
1305150 1421.3
1305160 1426.1
1305170 1426.1
1305180 1431.3
1305190 1436.5
1305200 1442.1
1305210 1442.1
1305220 1448.7
1305230 1455.9
1305240 1455.9
1305250 1462.3
1305260 1467.6
1305270 1467.6
1305280 1471.6
1305290 1475.1
1305300 1475.1
1305310 1478.1
1305320 1480.4
1305330 1480.4
1305340 1482.8
1305350 1486.6
1305360 1486.6
1305370 1489.8
1305380 1492.8
1305390 1492.8
1305400 1496.1
1305410 1499.7
1305420 1499.7
1305430 1503.6
1305440 1507.7
1305450 1507.7
1305460 1511.9
1305470 1515.9
1305480 1519.6
1305490 1519.6
1305500 1522.5
1305510 1524.9
1305520 1524.9
1305530 1527.1
1305540 1529.4
1305550 1529.4
1305560 1532.1
1305570 1536.1
1305580 1536.1
1305590 1538.7
1305600 1541.0
1305610 1541.0
1305620 1542.6
1305630 1543.9
1305640 1543.9
1305650 1546.0
1305660 1549.2
1305670 1549.2
1305680 1552.8
1305690 1556.7
1305700 1556.7
1305710 1559.3
1305720 1559.8
1305730 1559.8
1305740 1557.8
1305750 1554.7
1305760 1550.6
1305770 1550.6
1305780 1546.8
1305790 1542.4
1305800 1542.4
1305810 1537.9
1305820 1532.3
1305830 1532.3
1305840 1527.1
1305850 1522.7
1305860 1522.7
1305870 1518.4
1305880 1513.6
1305890 1513.6
1305900 1508.6
1305910 1503.9
1305920 1503.9
1305930 1499.3
1305940 1494.4
1305950 1494.4
1305960 1489.4
1305970 1484.2
1305980 1484.2
1305990 1478.6
1306000 1472.1
1306010 1472.1
1306020 1463.9
1306030 1455.3
1306040 1453.3
1306050 1453.3
1306060 1456.9
1306070 1453.1
1306080 1453.1
1306090 1448.5
1306100 1443.8
1306110 1443.8
1306120 1440.3
1306130 1438.5
1306140 1438.5
1306150 1436.8
1306160 1436.4
1306170 1436.4
1306180 1436.6
1306190 1439.9
1306200 1439.9
1306210 1444.9
1306220 1447.2
1306230 1447.2
1306240 1448.7
1306250 1449.6
1306260 1449.6
1306270 1451.5
1306280 1453.7
1306290 1456.6
1306300 1456.3
1306310 1456.6
1306320 1456.8
1306330 1456.8
1306340 1457.7
1306350 1457.6
1306360 1457.6
1306370 1456.8
1306380 1456.2
1306390 1456.2
1306400 1455.6
1306410 1455.2
1306420 1455.2
1306430 1455.2
1306440 1456.4
1306450 1456.4
1306460 1457.6
1306470 1459.2
1306480 1459.2
1306490 1460.7
1306500 1462.1
1306510 1462.1
1306520 1462.9
1306530 1463.2
1306540 1463.2
1306550 1462.9
1306560 1464.2
1306570 1464.2
1306580 1468.5
1306590 1471.6
1306600 1474.9
1306610 1474.9
1306620 1478.6
1306630 1481.2
1306640 1481.2
1306650 1483.2
1306660 1485.8
1306670 1485.8
1306680 1488.7
1306690 1491.6
1306700 1491.6
1306710 1493.7
1306720 1494.0
1306730 1494.0
1306740 1495.9
1306750 1504.2
1306760 1504.2
1306770 1512.3
1306780 1518.1
1306790 1518.1
1306800 1523.7
1306810 1529.0
1306820 1529.0
1306830 1534.4
1306840 1538.7
1306850 1538.7
1306860 1538.6
1306870 1542.0
1306880 1549.0
1306890 1549.0
1306900 1556.2
1306910 1562.9
1306920 1562.9
1306930 1569.7
1306940 1576.9
1306950 1576.9
1306960 1584.4
1306970 1591.5
1306980 1591.5
1306990 1597.9
1307000 1606.9
1307010 1606.9
1307020 1613.4
1307030 1620.8
1307040 1620.8
1307050 1628.6
1307060 1634.3
1307070 1634.3
1307080 1640.6
1307090 1646.6
1307100 1646.6
1307110 1650.7
1307120 1652.5
1307130 1652.9
1307140 1652.9
1307150 1654.0
1307160 1653.6
1307170 1653.6
1307180 1653.1
1307190 1654.0
1307200 1654.0
1307210 1655.6
1307220 1657.1
1307230 1657.1
1307240 1658.9
1307250 1661.0
1307260 1661.0
1307270 1662.5
1307280 1663.0
1307290 1663.0
1307300 1662.8
1307310 1661.7
1307320 1661.7
1307330 1660.6
1307340 1659.7
1307350 1659.7
1307360 1660.5
1307370 1661.1
1307380 1661.1
1307390 1658.8
1307400 1655.5
1307410 1652.9
1307420 1652.9
1307430 1650.5
1307440 1649.4
1307450 1649.4
1307460 1650.0
1307470 1649.6
1307480 1649.6
1307490 1648.2
1307500 1647.0
1307510 1647.0
1307520 1646.6
1307530 1645.0
1307540 1645.0
1307550 1642.8
1307560 1639.6
1307570 1639.6
1307580 1636.1
1307590 1635.4
1307600 1635.4
1307610 1634.9
1307620 1633.8
1307630 1633.8
1307640 1634.9
1307650 1636.3
1307660 1636.3
1307670 1634.4
1307680 1629.2
1307690 1628.7
1307700 1628.7
1307710 1625.6
1307720 1626.9
1307730 1626.9
1307740 1622.5
1307750 1617.0
1307760 1617.0
1307770 1612.8
1307780 1606.9
1307790 1606.9
1307800 1599.7
1307810 1593.5
1307820 1593.5
1307830 1589.1
1307840 1590.0
1307850 1590.0
1307860 1593.4
1307870 1600.3
1307880 1600.3
1307890 1606.7
1307900 1607.8
1307910 1607.8
1307920 1607.0
1307930 1611.2
1307940 1611.2
1307950 1613.9
1307960 1614.9
1307970 1615.7
1307980 1615.7
1307990 1614.7
1308000 1616.7
1308010 1616.7
1308020 1618.3
1308030 1622.2
1308040 1622.2
1308050 1624.1
1308060 1625.1
1308070 1625.1
1308080 1624.2
1308090 1623.6
1308100 1623.6
1308110 1627.2
1308120 1631.1
1308130 1631.1
1308140 1633.2
1308150 1634.4
1308160 1634.4
1308170 1636.1
1308180 1637.8
1308190 1637.8
1308200 1638.4
1308210 1639.4
1308220 1639.4
1308230 1641.4
1308240 1644.2
1308250 1646.2
1308260 1646.2
1308270 1648.0
1308280 1649.8
1308290 1649.8
1308300 1652.4
1308310 1654.4
1308320 1654.4
1308330 1654.9
1308340 1655.7
1308350 1655.7
1308360 1659.3
1308370 1662.6
1308380 1662.6
1308390 1664.4
1308400 1664.9
1308410 1664.9
1308420 1663.5
1308430 1661.2
1308440 1669.4
1308450 1667.5
1308460 1669.4
1308470 1669.4
1308480 1671.1
1308490 1671.9
1308500 1671.9
1308510 1672.3
1308520 1675.9
1308530 1681.1
1308540 1681.1
1308550 1685.1
1308560 1691.0
1308570 1691.0
1308580 1699.5
1308590 1709.0
1308600 1709.0
1308610 1716.2
1308620 1718.8
1308630 1718.8
1308640 1719.5
1308650 1724.2
1308660 1724.2
1308670 1731.7
1308680 1739.3
1308690 1739.3
1308700 1747.5
1308710 1754.7
1308720 1754.7
1308730 1762.1
1308740 1768.7
1308750 1768.7
1308760 1774.0
1308770 1778.8
1308780 1778.8
1308790 1784.1
1308800 1789.6
1308810 1795.1
1308820 1795.1
1308830 1800.6
1308840 1806.2
1308850 1806.2
1308860 1811.9
1308870 1818.0
1308880 1818.0
1308890 1823.8
1308900 1829.2
1308910 1829.2
1308920 1834.9
1308930 1840.7
1308940 1840.7
1308950 1847.5
1308960 1855.6
1308970 1855.6
1308980 1866.1
1308990 1874.4
1309000 1874.4
1309010 1880.5
1309020 1885.3
1309030 1885.3
1309040 1890.7
1309050 1896.3
1309060 1896.3
1309070 1901.5
1309080 1903.2
1309090 1900.5
1309100 1900.5
1309110 1899.2
1309120 1899.2
1309130 1899.2
1309140 1897.0
1309150 1893.4
1309160 1893.4
1309170 1894.1
1309180 1889.7
1309190 1889.7
1309200 1884.3
1309210 1879.3
1309220 1879.3
1309230 1876.5
1309240 1874.4
1309250 1874.4
1309260 1872.7
1309270 1871.7
1309280 1871.7
1309290 1871.3
1309300 1868.9
1309310 1868.9
1309320 1864.7
1309330 1864.2
1309340 1864.2
1309350 1864.9
1309360 1865.2
1309370 1868.5
1309380 1868.5
1309390 1868.6
1309400 1870.8
1309410 1870.8
1309420 1869.6
1309430 1869.0
1309440 1869.0
1309450 1867.2
1309460 1862.3
1309470 1862.3
1309480 1862.3
1309490 1861.3
1309500 1861.3
1309510 1860.1
1309520 1854.8
1309530 1854.8
1309540 1853.5
1309550 1853.6
1309560 1853.6
1309570 1852.5
1309580 1849.8
1309590 1849.8
1309600 1849.2
1309610 1848.8
1309620 1848.8
1309630 1846.8
1309640 1844.9
1309650 1844.4
1309660 1844.4
1309670 1842.9
1309680 1844.5
1309690 1844.5
1309700 1845.7
1309710 1845.8
1309720 1845.8
1309730 1846.7
1309740 1847.9
1309750 1847.9
1309760 1848.0
1309770 1848.4
1309780 1848.4
1309790 1850.5
1309800 1854.5
1309810 1854.5
1309820 1858.1
1309830 1860.7
1309840 1860.7
1309850 1863.5
1309860 1865.8
1309870 1865.8
1309880 1868.7
1309890 1872.5
1309900 1873.1
1309910 1873.1
1309920 1875.3
1309930 1878.1
1309940 1878.1
1309950 1880.0
1309960 1881.7
1309970 1881.7
1309980 1882.1
1309990 1883.3
1310000 1883.3
1310010 1885.1
1310020 1886.0
1310030 1886.0
1310040 1886.3
1310050 1887.8
1310060 1887.8
1310070 1889.1
1310080 1890.4
1310090 1890.4
1310100 1891.7
1310110 1892.3
1310120 1892.3
1310130 1892.3
1310140 1892.4
1310150 1892.4
1310160 1893.2
1310170 1893.9
1310180 1894.5
1310190 1894.5
1310200 1895.9
1310210 1897.5
1310220 1897.5
1310230 1899.4
1310240 1900.7
1310250 1900.7
1310260 1901.3
1310270 1902.9
1310280 1902.9
1310290 1905.0
1310300 1908.4
1310310 1908.4
1310320 1913.5
1310330 1920.0
1310340 1920.0
1310350 1926.8
1310360 1933.8
1310370 1933.8
1310380 1941.2
1310390 1948.8
1310400 1948.8
1310410 1956.3
1310420 1964.9
1310430 1964.9
1310440 1975.7
1310450 1986.2
1310460 1996.1
1310470 1996.1
1310480 2009.5
1310490 2024.0
1310500 2024.0
1310510 2028.9
1310520 2021.7
1310530 2021.7
1310540 2013.3
1310550 2005.9
1310560 2005.9
1310570 1999.8
1310580 1993.0
1310590 1993.0
1310600 1986.4
1310610 1980.9
1310620 1983.9
1310630 1978.5
1310640 1971.7
1310650 1971.7
1310660 1964.9
1310670 1958.7
1310680 1958.7
1310690 1953.2
1310700 1949.2
1310710 1949.2
1310720 1946.0
1310730 1943.3
1310740 1941.4
1310750 1941.4
1310760 1940.7
1310770 1939.8
1310780 1939.8
1310790 1938.6
1310800 1937.1
1310810 1937.1
1310820 1935.3
1310830 1933.2
1310840 1933.2
1310850 1931.5
1310860 1929.8
1310870 1929.8
1310880 1928.1
1310890 1925.9
1310900 1925.9
1310910 1923.8
1310920 1921.3
1310930 1921.3
1310940 1918.4
1310950 1915.6
1310960 1915.6
1310970 1912.8
1310980 1909.9
1310990 1909.9
1311000 1907.4
1311010 1905.5
1311020 1904.1
1311030 1904.1
1311040 1903.3
1311050 1902.8
1311060 1902.8
1311070 1900.7
1311080 1897.7
1311090 1897.7
1311100 1895.3
1311110 1892.5
1311120 1892.5
1311130 1889.7
1311140 1886.2
1311150 1886.2
1311160 1882.9
1311170 1879.7
1311180 1879.7
1311190 1877.3
1311200 1875.6
1311210 1875.6
1311220 1874.1
1311230 1873.1
1311240 1873.1
1311250 1871.7
1311260 1869.8
1311270 1869.8
1311280 1867.1
1311290 1866.0
1311300 1866.0
1311310 1866.0
1311320 1865.1
1311330 1864.0
1311340 1864.0
1311350 1862.1
1311360 1862.8
1311370 1862.8
1311380 1862.7
1311390 1864.1
1311400 1864.1
1311410 1865.2
1311420 1865.2
1311430 1865.2
1311440 1865.0
1311450 1863.2
1311460 1863.2
1311470 1860.7
1311480 1857.5
1311490 1857.5
1311500 1853.0
1311510 1847.6
1311520 1847.6
1311530 1841.9
1311540 1836.9
1311550 1836.9
1311560 1833.2
1311570 1830.1
1311580 1827.4
1311590 1827.4
1311600 1823.5
1311610 1820.5
1311620 1820.5
1311630 1819.8
1311640 1819.5
1311650 1819.5
1311660 1819.3
1311670 1818.2
1311680 1818.2
1311690 1818.1
1311700 1816.5
1311710 1816.5
1311720 1814.8
1311730 1813.2
1311740 1813.2
1311750 1812.4
1311760 1812.8
1311770 1812.8
1311780 1812.4
1311790 1811.1
1311800 1811.1
1311810 1809.5
1311820 1809.7
1311830 1809.7
1311840 1810.8
1311850 1812.4
1311860 1811.0
1311870 1811.0
1311880 1807.5
1311890 1810.3
1311900 1810.3
1311910 1816.2
1311920 1821.6
1311930 1821.6
1311940 1826.4
1311950 1830.6
1311960 1830.6
1311970 1834.0
1311980 1833.6
1311990 1833.6
1312000 1830.2
1312010 1826.2
1312020 1826.2
1312030 1824.4
1312040 1826.2
1312050 1826.2
1312060 1831.2
1312070 1838.6
1312080 1838.6
1312090 1850.4
1312100 1857.1
1312110 1857.1
1312120 1862.0
1312130 1867.9
1312140 1875.1
1312150 1875.1
1312160 1882.6
1312170 1888.3
1312180 1888.3
1312190 1890.3
1312200 1892.4
1312210 1892.4
1312220 1894.5
1312230 1897.5
1312240 1897.5
1312250 1899.8
1312260 1900.1
1312270 1900.1
1312280 1900.0
1312290 1902.0
1312300 1902.0
1312310 1904.4
1312320 1908.1
1312330 1908.1
1312340 1913.0
1312350 1917.9
1312360 1917.9
1312370 1923.6
1312380 1929.7
1312390 1929.7
1312400 1934.9
1312410 1941.5
1312420 1949.4
1312430 1949.4
1312440 1957.0
1312450 1966.3
1312460 1966.3
1312470 1980.9
1312480 1994.0
1312490 1994.0
1312500 2001.1
1312510 2010.5
1312520 2010.5
1312530 2017.5
1312540 2021.7
1312550 2021.7
1312560 2026.8
1312570 2033.9
1312580 2033.9
1312590 2042.2
1312600 2051.5
1312610 2051.5
1312620 2059.1
1312630 2062.0
1312640 2062.0
1312650 2062.5
1312660 2059.8
1312670 2056.7
1312680 2056.7
1312690 2052.7
1312700 2047.5
1312710 2047.5
1312720 2042.0
1312730 2036.6
1312740 2036.6
1312750 2031.2
1312760 2028.6
1312770 2028.6
1312780 2027.2
1312790 2023.6
1312800 2023.6
1312810 2021.3
1312820 2018.9
1312830 2018.9
1312840 2014.2
1312850 2011.1
1312860 2011.1
1312870 2008.9
1312880 2008.0
1312890 2008.0
1312900 2008.7
1312910 2009.8
1312920 2009.8
1312930 2010.6
1312940 2009.1
1312950 2005.6
1312960 2005.6
1312970 2001.3
1312980 1996.6
1312990 1996.6
1313000 1994.2
1313010 1992.9
1313020 1992.9
1313030 1992.3
1313040 1990.9
1313050 1990.9
1313060 1989.1
1313070 1987.6
1313080 1987.6
1313090 1986.5
1313100 1983.9
1313110 1983.9
1313120 1981.3
1313130 1978.6
1313140 1978.6
1313150 1977.2
1313160 1975.7
1313170 1975.7
1313180 1973.5
1313190 1972.0
1313200 1972.0
1313210 1970.7
1313220 1968.8
1313230 1966.9
1313240 1966.9
1313250 1965.1
1313260 1961.0
1313270 1961.0
1313280 1955.2
1313290 1949.2
1313300 1949.2
1313310 1943.4
1313320 1938.2
1313330 1938.2
1313340 1933.5
1313350 1928.7
1313360 1928.7
1313370 1923.3
1313380 1918.6
1313390 1918.6
1313400 1915.0
1313410 1909.8
1313420 1909.8
1313430 1906.2
1313440 1902.8
1313450 1902.8
1313460 1898.4
1313470 1894.5
1313480 1894.5
1313490 1890.3
1313500 1886.2
1313510 1882.8
1313520 1882.8
1313530 1878.1
1313540 1873.1
1313550 1873.1
1313560 1868.6
1313570 1863.8
1313580 1866.0
1313590 1862.6
1313600 1859.4
1313610 1859.4
1313620 1856.0
1313630 1852.5
1313640 1852.5
1313650 1848.6
1313660 1844.2
1313670 1844.2
1313680 1839.3
1313690 1833.4
1313700 1833.4
1313710 1827.1
1313720 1824.5
1313730 1824.5
1313740 1824.3
1313750 1825.5
1313760 1825.5
1313770 1822.4
1313780 1819.8
1313790 1818.1
1313800 1818.1
1313810 1815.1
1313820 1811.0
1313830 1811.0
1313840 1809.0
1313850 1806.8
1313860 1806.8
1313870 1804.8
1313880 1801.6
1313890 1801.6
1313900 1796.5
1313910 1792.7
1313920 1792.7
1313930 1790.0
1313940 1787.1
1313950 1787.1
1313960 1784.8
1313970 1782.0
1313980 1782.0
1313990 1778.4
1314000 1774.1
1314010 1774.1
1314020 1767.0
1314030 1759.8
1314040 1759.8
1314050 1754.2
1314060 1748.8
1314070 1744.9
1314080 1744.9
1314090 1741.3
1314100 1736.9
1314110 1736.9
1314120 1732.4
1314130 1728.8
1314140 1728.8
1314150 1725.8
1314160 1721.0
1314170 1721.0
1314180 1716.9
1314190 1712.1
1314200 1712.1
1314210 1707.6
1314220 1703.4
1314230 1703.4
1314240 1698.3
1314250 1694.2
1314260 1694.2
1314270 1691.0
1314280 1686.6
1314290 1686.6
1314300 1680.7
1314310 1674.1
1314320 1674.1
1314330 1672.4
1314340 1666.9
1314350 1661.6
1314360 1661.6
1314370 1656.2
1314380 1650.4
1314390 1650.4
1314400 1644.2
1314410 1637.3
1314420 1637.3
1314430 1631.5
1314440 1624.8
1314450 1624.8
1314460 1619.7
1314470 1614.3
1314480 1614.3
1314490 1609.8
1314500 1603.7
1314510 1603.7
1314520 1597.5
1314530 1592.3
1314540 1592.3
1314550 1586.8
1314560 1582.4
1314570 1582.4
1314580 1578.0
1314590 1573.2
1314600 1573.2
1314610 1569.2
1314620 1566.4
1314630 1562.7
1314640 1562.7
1314650 1558.6
1314660 1554.0
1314670 1554.0
1314680 1551.1
1314690 1548.8
1314700 1548.8
1314710 1545.6
1314720 1542.3
1314730 1542.3
1314740 1538.0
1314750 1533.9
1314760 1533.9
1314770 1529.4
1314780 1525.1
1314790 1525.1
1314800 1521.1
1314810 1517.4
1314820 1517.4
1314830 1513.4
1314840 1509.7
1314850 1509.7
1314860 1505.6
1314870 1501.7
1314880 1501.7
1314890 1498.2
1314900 1494.3
1314910 1489.7
1314920 1489.7
1314930 1484.8
1314940 1480.6
1314950 1480.6
1314960 1478.0
1314970 1474.9
1314980 1474.9
1314990 1471.8
1315000 1467.9
1315010 1467.9
1315020 1464.1
1315030 1461.3
1315040 1461.3
1315050 1459.3
1315060 1456.6
1315070 1456.6
1315080 1452.6
1315090 1448.6
1315100 1448.6
1315110 1444.6
1315120 1441.4
1315130 1441.4
1315140 1438.2
1315150 1435.3
1315160 1435.3
1315170 1431.9
1315180 1428.5
1315190 1424.8
1315200 1424.8
1315210 1420.9
1315220 1416.6
1315230 1416.6
1315240 1412.0
1315250 1406.7
1315260 1406.7
1315270 1401.8
1315280 1396.6
1315290 1396.6
1315300 1390.4
1315310 1384.7
1315320 1384.7
1315330 1381.0
1315340 1377.8
1315350 1377.8
1315360 1374.5
1315370 1372.2
1315380 1372.2
1315390 1369.4
1315400 1366.3
1315410 1366.3
1315420 1363.6
1315430 1361.0
1315440 1357.4
1315450 1357.4
1315460 1352.9
1315470 1348.6
1315480 1348.6
1315490 1345.5
1315500 1343.0
1315510 1343.0
1315520 1341.1
1315530 1339.3
1315540 1339.3
1315550 1337.5
1315560 1336.6
1315570 1336.6
1315580 1336.3
1315590 1335.6
1315600 1335.6
1315610 1333.9
1315620 1331.9
1315630 1331.9
1315640 1329.6
1315650 1325.9
1315660 1325.9
1315670 1322.3
1315680 1318.5
1315690 1318.5
1315700 1315.7
1315710 1313.3
1315720 1311.2
1315730 1311.2
1315740 1308.5
1315750 1305.6
1315760 1305.6
1315770 1303.2
1315780 1302.0
1315790 1302.0
1315800 1301.1
1315810 1299.1
1315820 1299.1
1315830 1301.1
1315840 1298.0
1315850 1298.0
1315860 1295.3
1315870 1294.0
1315880 1294.0
1315890 1293.1
1315900 1291.2
1315910 1291.2
1315920 1288.2
1315930 1284.0
1315940 1284.0
1315950 1279.4
1315960 1274.8
1315970 1274.8
1315980 1270.2
1315990 1266.2
1316000 1261.6
1316010 1261.6
1316020 1258.2
1316030 1254.8
1316040 1254.8
1316050 1250.3
1316060 1244.9
1316070 1244.9
1316080 1239.1
1316090 1233.1
1316100 1233.1
1316110 1227.3
1316120 1221.9
1316130 1221.9
1316140 1216.8
1316150 1211.6
1316160 1211.6
1316170 1206.5
1316180 1202.5
1316190 1202.5
1316200 1199.6
1316210 1197.1
1316220 1197.1
1316230 1194.1
1316240 1190.5
1316250 1190.5
1316260 1186.7
1316270 1182.3
1316280 1176.8
1316290 1176.8
1316300 1171.0
1316310 1165.9
1316320 1165.9
1316330 1160.5
1316340 1154.9
1316350 1154.9
1316360 1149.2
1316370 1143.5
1316380 1143.5
1316390 1136.7
1316400 1130.4
1316410 1130.4
1316420 1126.2
1316430 1123.7
1316440 1123.7
1316450 1120.9
1316460 1117.1
1316470 1117.1
1316480 1112.7
1316490 1108.1
1316500 1108.1
1316510 1103.1
1316520 1097.9
1316530 1097.9
1316540 1092.1
1316550 1086.4
1316560 1080.6
1316570 1080.6
1316580 1075.6
1316590 1072.9
1316600 1072.9
1316610 1070.2
1316620 1067.1
1316630 1067.1
1316640 1063.1
1316650 1058.1
1316660 1058.1
1316670 1053.3
1316680 1048.2
1316690 1048.2
1316700 1040.5
1316710 1033.5
1316720 1033.5
1316730 1028.4
1316740 1023.4
1316750 1023.4
1316760 1017.6
1316770 1012.1
1316780 1012.1
1316790 1007.4
1316800 1002.4
1316810 1002.4
1316820 998.2
1316830 994.5
1316840 990.5
1316850 990.5
1316860 985.3
1316870 980.4
1316880 980.4
1316890 976.7
1316900 973.5
1316910 973.5
1316920 970.9
1316930 967.4
1316940 967.4
1316950 961.7
1316960 954.7
1316970 954.7
1316980 947.4
1316990 942.7
1317000 942.7
1317010 938.3
1317020 935.0
1317030 935.0
1317040 931.9
1317050 928.9
1317060 928.9
1317070 926.2
1317080 923.6
1317090 923.6
1317100 920.3
1317110 917.3
1317120 915.5
1317130 915.5
1317140 913.5
1317150 910.9
1317160 910.9
1317170 908.0
1317180 905.2
1317190 905.2
1317200 902.4
1317210 898.9
1317220 898.9
1317230 894.7
1317240 890.4
1317250 890.4
1317260 885.7
1317270 880.6
1317280 880.6
1317290 875.8
1317300 871.5
1317310 871.5
1317320 868.5
1317330 866.4
1317340 866.4
1317350 871.4
1317360 875.4
1317370 875.4
1317380 875.4
1317390 873.7
1317400 871.4
1317410 871.4
1317420 868.4
1317430 865.6
1317440 865.6
1317450 863.8
1317460 863.4
1317470 863.4
1317480 863.5
1317490 863.4
1317500 863.4
1317510 862.4
1317520 861.7
1317530 861.7
1317540 862.1
1317550 862.5
1317560 862.5
1317570 861.7
1317580 860.3
1317590 860.3
1317600 858.6
1317610 856.5
1317620 856.5
1317630 853.8
1317640 851.6
1317650 851.6
1317660 849.3
1317670 845.1
1317680 839.9
1317690 839.9
1317700 835.1
1317710 831.5
1317720 831.5
1317730 827.4
1317740 822.3
1317750 822.3
1317760 817.2
1317770 812.0
1317780 812.0
1317790 808.3
1317800 805.9
1317810 805.9
1317820 803.6
1317830 801.8
1317840 801.8
1317850 800.7
1317860 799.7
1317870 799.7
1317880 797.2
1317890 792.9
1317900 792.9
1317910 788.6
1317920 785.8
1317930 784.6
1317940 784.6
1317950 783.8
1317960 781.5
1317970 781.5
1317980 778.3
1317990 776.7
1318000 776.7
1318010 773.9
1318020 770.7
1318030 770.7
1318040 769.6
1318050 770.0
1318060 770.0
1318070 768.4
1318080 765.0
1318090 765.0
1318100 762.2
1318110 757.0
1318120 757.0
1318130 751.3
1318140 744.5
1318150 744.5
1318160 738.8
1318170 740.0
1318180 740.0
1318190 744.0
1318200 748.7
1318210 754.1
1318220 754.1
1318230 756.6
1318240 751.4
1318250 751.4
1318260 744.4
1318270 739.2
1318280 739.2
1318290 735.5
1318300 730.8
1318310 730.8
1318320 724.2
1318330 717.8
1318340 717.8
1318350 711.8
1318360 706.3
1318370 706.3
1318380 698.6
1318390 689.8
1318400 689.8
1318410 682.9
1318420 677.5
1318430 677.5
1318440 671.1
1318450 665.5
1318460 665.5
1318470 659.6
1318480 654.2
1318490 648.3
1318500 648.3
1318510 643.2
1318520 637.9
1318530 637.9
1318540 632.7
1318550 627.1
1318560 627.1
1318570 622.0
1318580 618.0
1318590 618.0
1318600 614.9
1318610 612.2
1318620 612.2
1318630 608.4
1318640 604.6
1318650 604.6
1318660 603.3
1318670 602.7
1318680 602.7
1318690 602.5
1318700 602.0
1318710 602.0
1318720 601.0
1318730 600.6
1318740 600.6
1318750 600.3
1318760 599.8
1318770 599.4
1318780 599.4
1318790 598.1
1318800 597.7
1318810 597.7
1318820 597.5
1318830 597.3
1318840 597.3
1318850 596.7
1318860 596.1
1318870 596.1
1318880 595.8
1318890 595.5
1318900 595.5
1318910 594.1
1318920 592.7
1318930 592.7
1318940 591.7
1318950 591.3
1318960 591.3
1318970 591.3
1318980 591.1
1318990 591.1
1319000 590.7
1319010 589.7
1319020 589.7
1319030 589.1
1319040 589.1
1319050 589.0
1319060 589.0
1319070 588.5
1319080 587.6
1319090 587.6
1319100 586.9
1319110 586.2
1319120 586.2
1319130 585.8
1319140 585.5
1319150 585.5
1319160 585.2
1319170 584.4
1319180 584.4
1319190 583.6
1319200 583.3
1319210 583.3
1319220 582.9
1319230 582.4
1319240 582.4
1319250 582.1
1319260 581.7
1319270 581.7
1319280 581.4
1319290 580.9
1319300 580.9
1319310 580.1
1319320 579.5
1319330 579.1
1319340 579.1
1319350 578.6
1319360 577.9
1319370 577.9
1319380 577.3
1319390 576.4
1319400 576.4
1319410 575.8
1319420 575.2
1319430 575.2
1319440 575.3
1319450 575.4
1319460 575.4
1319470 574.8
1319480 573.7
1319490 573.7
1319500 572.6
1319510 571.7
1319520 571.7
1319530 571.0
1319540 570.2
1319550 570.2
1319560 569.8
1319570 570.0
1319580 570.0
1319590 570.6
1319600 570.8
1319610 570.6
1319620 570.6
1319630 570.4
1319640 569.9
1319650 570.2
1319660 569.9
1319670 569.4
1319680 569.4
1319690 568.8
1319700 568.4
1319710 568.4
1319720 568.0
1319730 567.8
1319740 567.8
1319750 567.3
1319760 566.8
1319770 566.8
1319780 566.6
1319790 566.5
1319800 566.5
1319810 565.7
1319820 565.1
1319830 565.1
1319840 564.8
1319850 564.6
1319860 564.6
1319870 564.0
1319880 563.3
1319890 562.8
1319900 562.8
1319910 562.3
1319920 561.9
1319930 561.9
1319940 561.6
1319950 561.9
1319960 561.9
1319970 561.5
1319980 560.8
1319990 560.8
