1300000 552.1
1300010 552.1
1300020 551.8
1300030 551.6
1300040 551.2
1300050 551.2
1300060 550.9
1300070 550.7
1300080 550.7
1300090 550.4
1300100 550.2
1300110 550.2
1300120 550.0
1300130 549.7
1300140 549.7
1300150 549.0
1300160 546.0
1300170 546.0
1300180 544.2
1300190 546.6
1300200 546.6
1300210 548.7
1300220 547.3
1300230 547.3
1300240 547.1
1300250 547.1
1300260 547.1
1300270 547.1
1300280 547.1
1300290 547.1
1300300 547.0
1300310 546.8
1300320 546.8
1300330 546.8
1300340 546.8
1300350 546.7
1300360 546.7
1300370 546.7
1300380 546.6
1300390 546.6
1300400 546.6
1300410 546.5
1300420 546.5
1300430 546.3
1300440 546.2
1300450 546.2
1300460 546.1
1300470 546.0
1300480 546.0
1300490 545.8
1300500 545.7
1300510 545.7
1300520 545.5
1300530 545.1
1300540 545.1
1300550 544.0
1300560 543.2
1300570 543.2
1300580 542.1
1300590 541.2
1300600 540.6
1300610 540.6
1300620 540.3
1300630 540.2
1300640 540.2
1300650 540.3
1300660 540.4
1300670 540.4
1300680 540.4
1300690 540.4
1300700 540.4
1300710 540.4
1300720 540.3
1300730 540.3
1300740 539.7
1300750 538.5
1300760 538.5
1300770 537.4
1300780 537.0
1300790 537.0
1300800 536.9
1300810 536.9
1300820 536.9
1300830 536.9
1300840 536.9
1300850 536.9
1300860 536.9
1300870 536.8
1300880 536.9
1300890 536.9
1300900 536.8
1300910 536.8
1300920 536.8
1300930 536.8
1300940 536.8
1300950 536.8
1300960 536.8
1300970 536.8
1300980 536.8
1300990 536.8
1301000 536.8
1301010 536.8
1301020 536.8
1301030 536.8
1301040 536.8
1301050 536.8
1301060 536.7
1301070 536.7
1301080 536.7
1301090 536.7
1301100 536.7
1301110 536.8
1301120 537.1
1301130 537.1
1301140 537.4
1301150 537.7
1301160 538.2
1301170 538.2
1301180 538.6
1301190 539.5
1301200 539.5
1301210 539.3
1301220 539.5
1301230 539.5
1301240 539.7
1301250 539.9
1301260 539.9
1301270 540.2
1301280 540.3
1301290 540.3
1301300 540.2
1301310 540.3
1301320 540.3
1301330 540.4
1301340 540.5
1301350 540.5
1301360 540.5
1301370 540.5
1301380 540.5
1301390 540.5
1301400 540.5
1301410 540.5
1301420 540.5
1301430 540.5
1301440 540.5
1301450 540.5
1301460 540.5
1301470 540.3
1301480 540.3
1301490 540.2
1301500 540.3
1301510 540.3
1301520 540.5
1301530 540.6
1301540 540.6
1301550 540.7
1301560 540.9
1301570 540.9
1301580 541.1
1301590 541.3
1301600 541.3
1301610 540.9
1301620 541.6
1301630 541.6
1301640 545.2
1301650 549.5
1301660 549.5
1301670 554.6
1301680 565.0
1301690 565.0
1301700 571.7
1301710 576.3
1301720 578.7
1301730 578.7
1301740 581.9
1301750 589.8
1301760 589.8
1301770 599.6
1301780 606.3
1301790 606.3
1301800 612.2
1301810 615.4
1301820 615.4
1301830 617.9
1301840 619.8
1301850 619.8
1301860 622.6
1301870 627.2
1301880 627.2
1301890 632.1
1301900 637.2
1301910 637.2
1301920 641.7
1301930 645.8
1301940 645.8
1301950 649.4
1301960 651.9
1301970 651.9
1301980 655.2
1301990 657.3
1302000 660.1
1302010 660.1
1302020 663.8
1302030 666.8
1302040 666.8
1302050 669.3
1302060 671.3
1302070 671.3
1302080 672.9
1302090 674.2
1302100 674.2
1302110 675.8
1302120 677.9
1302130 677.9
1302140 679.9
1302150 681.5
1302160 681.5
1302170 683.0
1302180 684.6
1302190 684.6
1302200 686.7
1302210 688.6
1302220 688.6
1302230 689.7
1302240 690.3
1302250 690.3
1302260 690.6
1302270 691.5
1302280 694.6
1302290 694.6
1302300 698.9
1302310 704.0
1302320 704.0
1302330 707.9
1302340 710.3
1302350 710.3
1302360 714.4
1302370 718.1
1302380 721.2
1302390 721.1
1302400 720.7
1302410 720.7
1302420 721.8
1302430 723.4
1302440 723.4
1302450 726.3
1302460 728.6
1302470 728.6
1302480 731.5
1302490 735.0
1302500 735.0
1302510 739.1
1302520 742.1
1302530 745.2
1302540 745.2
1302550 748.5
1302560 751.6
1302570 751.6
1302580 754.1
1302590 755.2
1302600 755.2
1302610 756.1
1302620 756.9
1302630 756.9
1302640 757.5
1302650 758.1
1302660 758.1
1302670 759.5
1302680 760.6
1302690 760.6
1302700 762.2
1302710 764.3
1302720 764.3
1302730 766.4
1302740 769.1
1302750 769.1
1302760 771.7
1302770 774.1
1302780 774.1
1302790 776.3
1302800 778.1
1302810 779.6
1302820 779.6
1302830 780.2
1302840 780.6
1302850 780.6
1302860 782.6
1302870 784.9
1302880 784.9
1302890 785.4
1302900 787.2
1302910 787.2
1302920 788.3
1302930 788.5
1302940 788.5
1302950 788.9
1302960 789.4
1302970 789.4
1302980 789.9
1302990 792.6
1303000 792.6
1303010 799.0
1303020 804.0
1303030 804.0
1303040 806.6
1303050 809.0
1303060 809.0
1303070 810.4
1303080 811.2
1303090 812.5
1303100 812.5
1303110 814.9
1303120 817.7
1303130 817.7
1303140 820.8
1303150 824.2
1303160 824.2
1303170 827.9
1303180 831.5
1303190 831.5
1303200 833.0
1303210 833.9
1303220 833.9
1303230 834.4
1303240 835.3
1303250 835.3
1303260 837.4
1303270 840.3
1303280 840.3
1303290 843.2
1303300 846.2
1303310 846.2
1303320 848.7
1303330 849.9
1303340 849.9
1303350 850.4
1303360 850.5
1303370 850.8
1303380 850.8
1303390 851.9
1303400 853.4
1303410 853.4
1303420 854.4
1303430 855.2
1303440 855.2
1303450 856.1
1303460 857.0
1303470 857.0
1303480 858.8
1303490 861.9
1303500 861.9
1303510 864.6
1303520 867.7
1303530 867.7
1303540 871.0
1303550 874.2
1303560 874.2
1303570 877.3
1303580 880.6
1303590 880.6
1303600 884.4
1303610 888.0
1303620 888.0
1303630 891.3
1303640 894.8
1303650 898.8
1303660 898.8
1303670 902.1
1303680 904.6
1303690 904.6
1303700 909.0
1303710 915.8
1303720 915.8
1303730 920.9
1303740 924.1
1303750 924.1
1303760 927.1
1303770 931.6
1303780 931.6
1303790 937.2
1303800 942.4
1303810 942.4
1303820 947.8
1303830 954.1
1303840 954.1
1303850 960.3
1303860 967.0
1303870 967.0
1303880 972.9
1303890 978.8
1303900 978.8
1303910 984.0
1303920 988.4
1303930 992.5
1303940 992.5
1303950 996.3
1303960 999.3
1303970 999.3
1303980 1001.8
1303990 1004.5
1304000 1004.5
1304010 1007.4
1304020 1011.1
1304030 1011.1
1304040 1016.7
1304050 1021.8
1304060 1021.8
1304070 1026.6
1304080 1030.9
1304090 1030.9
1304100 1035.2
1304110 1039.9
1304120 1039.9
1304130 1045.4
1304140 1050.9
1304150 1050.9
1304160 1056.0
1304170 1060.9
1304180 1060.9
1304190 1065.3
1304200 1069.9
1304210 1074.8
1304220 1074.8
1304230 1080.2
1304240 1085.8
1304250 1085.8
1304260 1092.2
1304270 1099.0
1304280 1099.0
1304290 1106.4
1304300 1114.7
1304310 1114.7
1304320 1122.1
1304330 1128.0
1304340 1128.0
1304350 1132.6
1304360 1135.4
1304370 1135.4
1304380 1137.9
1304390 1141.4
1304400 1141.4
1304410 1145.9
1304420 1151.3
1304430 1151.3
1304440 1157.6
1304450 1165.0
1304460 1165.0
1304470 1173.3
1304480 1181.2
1304490 1188.0
1304500 1188.0
1304510 1194.9
1304520 1200.6
1304530 1200.6
1304540 1204.1
1304550 1206.5
1304560 1206.5
1304570 1209.5
1304580 1213.1
1304590 1213.1
1304600 1215.7
1304610 1216.0
1304620 1216.0
1304630 1218.3
1304640 1221.8
1304650 1221.8
1304660 1226.4
1304670 1231.8
1304680 1231.8
1304690 1237.5
1304700 1242.8
1304710 1242.8
1304720 1248.5
1304730 1254.9
1304740 1254.9
1304750 1263.0
1304760 1270.6
1304770 1276.8
1304780 1276.8
1304790 1283.3
1304800 1289.5
1304810 1289.5
1304820 1295.8
1304830 1303.1
1304840 1303.1
1304850 1310.1
1304860 1317.7
1304870 1317.7
1304880 1325.5
1304890 1331.9
1304900 1331.9
1304910 1336.8
1304920 1342.3
1304930 1342.3
1304940 1348.5
1304950 1354.6
1304960 1354.6
1304970 1360.4
1304980 1365.6
1304990 1365.6
1305000 1371.0
1305010 1375.7
1305020 1375.7
1305030 1379.7
1305040 1383.8
1305050 1388.3
1305060 1388.3
1305070 1393.3
1305080 1398.5
1305090 1398.5
1305100 1402.7
1305110 1406.0
1305120 1406.0
1305130 1408.2
1305140 1410.3
1305150 1410.3
1305160 1413.1
1305170 1415.3
1305180 1415.3
1305190 1418.4
1305200 1424.9
1305210 1424.9
1305220 1430.1
1305230 1435.2
1305240 1435.2
1305250 1440.3
1305260 1445.5
1305270 1445.5
1305280 1450.2
1305290 1454.6
1305300 1454.6
1305310 1459.6
1305320 1465.0
1305330 1470.8
1305340 1470.8
1305350 1476.5
1305360 1482.5
1305370 1482.5
1305380 1488.0
1305390 1492.4
1305400 1492.4
1305410 1495.3
1305420 1496.2
1305430 1496.2
1305440 1497.4
1305450 1499.0
1305460 1499.0
1305470 1500.7
1305480 1502.3
1305490 1502.3
1305500 1503.7
1305510 1505.1
1305520 1505.1
1305530 1506.8
1305540 1509.6
1305550 1509.6
1305560 1513.8
1305570 1518.4
1305580 1522.6
1305590 1522.6
1305600 1526.2
1305610 1528.4
1305620 1528.4
1305630 1529.2
1305640 1528.9
1305650 1528.9
1305660 1527.8
1305670 1525.1
1305680 1525.1
1305690 1522.4
1305700 1520.1
1305710 1520.1
1305720 1519.1
1305730 1518.3
1305740 1518.3
1305750 1517.3
1305760 1515.7
1305770 1515.7
1305780 1513.5
1305790 1511.1
1305800 1511.1
1305810 1508.2
1305820 1503.7
1305830 1503.7
1305840 1498.0
1305850 1491.6
1305860 1485.5
1305870 1485.5
1305880 1480.2
1305890 1475.0
1305900 1475.0
1305910 1472.9
1305920 1466.7
1305930 1466.7
1305940 1460.2
1305950 1453.9
1305960 1453.9
1305970 1448.3
1305980 1442.4
1305990 1442.4
1306000 1436.4
1306010 1431.1
1306020 1431.1
1306030 1425.4
1306040 1419.3
1306050 1419.3
1306060 1412.1
1306070 1403.2
1306080 1403.2
1306090 1395.0
1306100 1386.8
1306110 1386.8
1306120 1382.8
1306130 1384.0
1306140 1389.8
1306150 1389.8
1306160 1393.5
1306170 1387.5
1306180 1387.5
1306190 1382.0
1306200 1382.9
1306210 1382.9
1306220 1385.1
1306230 1389.6
1306240 1389.6
1306250 1395.2
1306260 1397.9
1306270 1397.9
1306280 1399.8
1306290 1399.1
1306300 1399.1
1306310 1399.3
1306320 1402.4
1306330 1402.4
1306340 1407.3
1306350 1409.7
1306360 1409.7
1306370 1409.8
1306380 1409.5
1306390 1409.5
1306400 1408.3
1306410 1407.3
1306420 1406.9
1306430 1406.9
1306440 1406.8
1306450 1409.7
1306460 1409.7
1306470 1412.7
1306480 1416.7
1306490 1416.7
1306500 1420.2
1306510 1422.4
1306520 1422.4
1306530 1423.6
1306540 1423.8
1306550 1423.8
1306560 1423.7
1306570 1422.7
1306580 1422.7
1306590 1421.1
1306600 1421.8
1306610 1421.8
1306620 1429.0
1306630 1429.6
1306640 1429.6
1306650 1430.2
1306660 1430.3
1306670 1430.3
1306680 1429.4
1306690 1430.0
1306700 1435.4
1306710 1435.4
1306720 1442.4
1306730 1449.8
1306740 1449.8
1306750 1457.0
1306760 1462.2
1306770 1462.2
1306780 1465.7
1306790 1469.1
1306800 1469.1
1306810 1478.8
1306820 1490.4
1306830 1490.4
1306840 1500.6
1306850 1507.8
1306860 1507.8
1306870 1513.8
1306880 1519.2
1306890 1519.2
1306900 1521.5
1306910 1526.8
1306920 1526.8
1306930 1533.2
1306940 1538.9
1306950 1538.9
1306960 1544.5
1306970 1550.4
1306980 1556.4
1306990 1556.4
1307000 1562.5
1307010 1568.9
1307020 1568.9
1307030 1574.1
1307040 1577.5
1307050 1577.5
1307060 1581.2
1307070 1584.4
1307080 1584.4
1307090 1587.5
1307100 1588.3
1307110 1588.3
1307120 1587.6
1307130 1586.1
1307140 1586.1
1307150 1585.2
1307160 1586.6
1307170 1586.6
1307180 1590.9
1307190 1595.5
1307200 1595.5
1307210 1600.0
1307220 1603.7
1307230 1603.7
1307240 1605.9
1307250 1606.2
1307260 1605.1
1307270 1605.1
1307280 1602.9
1307290 1600.4
1307300 1600.4
1307310 1598.3
1307320 1596.5
1307330 1596.5
1307340 1602.8
1307350 1602.3
1307360 1602.3
1307370 1601.9
1307380 1601.1
1307390 1601.1
1307400 1599.9
1307410 1598.3
1307420 1598.3
1307430 1597.0
1307440 1596.4
1307450 1596.4
1307460 1596.0
1307470 1595.1
1307480 1595.1
1307490 1594.3
1307500 1593.9
1307510 1593.9
1307520 1593.6
1307530 1592.5
1307540 1590.2
1307550 1590.2
1307560 1587.9
1307570 1586.1
1307580 1586.1
1307590 1585.5
1307600 1585.3
1307610 1585.3
1307620 1584.6
1307630 1582.5
1307640 1582.5
1307650 1579.3
1307660 1574.6
1307670 1574.6
1307680 1571.8
1307690 1570.4
1307700 1570.4
1307710 1568.8
1307720 1566.2
1307730 1566.2
1307740 1563.0
1307750 1559.8
1307760 1559.8
1307770 1557.2
1307780 1555.9
1307790 1555.9
1307800 1553.5
1307810 1547.0
1307820 1538.9
1307830 1538.9
1307840 1533.7
1307850 1529.3
1307860 1529.3
1307870 1527.2
1307880 1530.4
1307890 1530.4
1307900 1534.9
1307910 1535.8
1307920 1535.8
1307930 1533.2
1307940 1534.6
1307950 1534.6
1307960 1537.2
1307970 1538.5
1307980 1538.5
1307990 1544.3
1308000 1552.1
1308010 1552.1
1308020 1560.6
1308030 1565.1
1308040 1565.1
1308050 1562.3
1308060 1570.0
1308070 1570.0
1308080 1576.6
1308090 1578.2
1308100 1579.0
1308110 1579.0
1308120 1579.9
1308130 1580.7
1308140 1580.7
1308150 1581.9
1308160 1582.4
1308170 1582.4
1308180 1582.9
1308190 1583.8
1308200 1583.8
1308210 1585.2
1308220 1587.0
1308230 1587.0
1308240 1589.0
1308250 1590.9
1308260 1590.9
1308270 1592.8
1308280 1594.8
1308290 1594.8
1308300 1596.5
1308310 1597.6
1308320 1597.6
1308330 1598.5
1308340 1598.1
1308350 1598.1
1308360 1594.6
1308370 1593.2
1308380 1595.1
1308390 1595.1
1308400 1600.2
1308410 1606.9
1308420 1606.9
1308430 1613.9
1308440 1620.6
1308450 1620.6
1308460 1627.8
1308470 1635.5
1308480 1635.5
1308490 1643.2
1308500 1651.0
1308510 1651.0
1308520 1659.4
1308530 1667.4
1308540 1667.4
1308550 1674.9
1308560 1682.4
1308570 1682.4
1308580 1690.4
1308590 1698.9
1308600 1698.9
1308610 1708.6
1308620 1719.0
1308630 1730.1
1308640 1730.1
1308650 1739.3
1308660 1748.6
1308670 1748.6
1308680 1758.4
1308690 1766.8
1308700 1766.8
1308710 1774.8
1308720 1783.6
1308730 1783.6
1308740 1792.4
1308750 1801.6
1308760 1801.6
1308770 1810.7
1308780 1815.8
1308790 1815.8
1308800 1823.8
1308810 1832.6
1308820 1832.6
1308830 1842.2
1308840 1851.7
1308850 1851.7
1308860 1859.6
1308870 1866.8
1308880 1866.8
1308890 1873.5
1308900 1880.7
1308910 1888.0
1308920 1888.0
1308930 1892.4
1308940 1892.4
1308950 1892.4
1308960 1889.0
1308970 1885.1
1308980 1885.1
1308990 1881.9
1309000 1883.0
1309010 1883.0
1309020 1886.0
1309030 1887.2
1309040 1887.2
1309050 1885.0
1309060 1881.0
1309070 1881.0
1309080 1878.0
1309090 1875.7
1309100 1875.7
1309110 1871.0
1309120 1865.7
1309130 1865.7
1309140 1860.2
1309150 1854.9
1309160 1854.9
1309170 1851.8
1309180 1847.7
1309190 1842.1
1309200 1842.1
1309210 1838.8
1309220 1833.5
1309230 1833.5
1309240 1827.7
1309250 1823.9
1309260 1823.9
1309270 1820.7
1309280 1817.7
1309290 1817.7
1309300 1815.3
1309310 1813.2
1309320 1813.2
1309330 1810.9
1309340 1808.4
1309350 1808.4
1309360 1805.8
1309370 1803.2
1309380 1803.2
1309390 1800.1
1309400 1796.2
1309410 1796.2
1309420 1791.2
1309430 1786.2
1309440 1786.2
1309450 1781.7
1309460 1779.6
1309470 1778.4
1309480 1778.4
1309490 1777.6
1309500 1776.7
1309510 1782.7
1309520 1782.9
1309530 1782.6
1309540 1782.6
1309550 1783.0
1309560 1783.8
1309570 1783.8
1309580 1783.7
1309590 1783.9
1309600 1783.9
1309610 1784.4
1309620 1785.7
1309630 1785.7
1309640 1787.0
1309650 1788.1
1309660 1788.1
1309670 1789.4
1309680 1788.7
1309690 1788.7
1309700 1790.8
1309710 1796.5
1309720 1796.5
1309730 1803.4
1309740 1810.0
1309750 1816.3
1309760 1816.3
1309770 1822.3
1309780 1828.1
1309790 1828.1
1309800 1832.3
1309810 1834.8
1309820 1834.8
1309830 1837.0
1309840 1839.8
1309850 1839.8
1309860 1843.4
1309870 1847.6
1309880 1847.6
1309890 1850.9
1309900 1852.6
1309910 1852.6
1309920 1853.6
1309930 1855.2
1309940 1855.2
1309950 1856.6
1309960 1856.9
1309970 1856.9
1309980 1856.5
1309990 1856.4
1310000 1856.4
1310010 1856.6
1310020 1856.2
1310030 1855.8
1310040 1855.8
1310050 1856.2
1310060 1858.6
1310070 1858.6
1310080 1861.8
1310090 1865.0
1310100 1865.0
1310110 1868.4
1310120 1872.3
1310130 1872.3
1310140 1876.4
1310150 1881.2
1310160 1881.2
1310170 1886.8
1310180 1891.7
1310190 1891.7
1310200 1895.0
1310210 1897.5
1310220 1897.5
1310230 1899.6
1310240 1899.4
1310250 1899.4
1310260 1902.9
1310270 1907.7
1310280 1907.7
1310290 1913.2
1310300 1919.2
1310310 1925.9
1310320 1925.9
1310330 1932.8
1310340 1939.3
1310350 1939.3
1310360 1945.5
1310370 1951.5
1310380 1951.5
1310390 1957.8
1310400 1965.0
1310410 1965.0
1310420 1972.3
1310430 1981.3
1310440 1981.3
1310450 1993.9
1310460 2005.5
1310470 2005.5
1310480 2015.6
1310490 2025.9
1310500 2025.9
1310510 2033.6
1310520 2032.3
1310530 2032.3
1310540 2024.0
1310550 2015.2
1310560 2015.2
1310570 2006.6
1310580 1998.5
1310590 1991.7
1310600 1991.7
1310610 1985.1
1310620 1978.4
1310630 1978.4
1310640 1971.8
1310650 1964.8
1310660 1964.8
1310670 1958.1
1310680 1952.3
1310690 1952.3
1310700 1946.6
1310710 1941.7
1310720 1941.7
1310730 1937.6
1310740 1934.4
1310750 1934.4
1310760 1931.1
1310770 1925.8
1310780 1925.8
1310790 1919.2
1310800 1911.4
1310810 1911.4
1310820 1904.7
1310830 1899.9
1310840 1899.9
1310850 1896.5
1310860 1895.1
1310870 1894.2
1310880 1894.2
1310890 1891.8
1310900 1887.0
1310910 1887.0
1310920 1881.7
1310930 1877.2
1310940 1877.2
1310950 1873.2
1310960 1867.9
1310970 1869.8
1310980 1865.2
1310990 1861.7
1311000 1861.7
1311010 1858.5
1311020 1854.8
1311030 1854.8
1311040 1850.9
1311050 1847.1
1311060 1847.1
1311070 1843.6
1311080 1840.3
1311090 1840.3
1311100 1837.1
1311110 1834.6
1311120 1834.6
1311130 1832.8
1311140 1830.6
1311150 1828.0
1311160 1828.0
1311170 1826.1
1311180 1825.1
1311190 1825.1
1311200 1823.9
1311210 1822.9
1311220 1822.9
1311230 1823.0
1311240 1822.5
1311250 1822.5
1311260 1819.4
1311270 1816.4
1311280 1816.4
1311290 1814.4
1311300 1812.6
1311310 1812.6
1311320 1811.1
1311330 1810.6
1311340 1810.6
1311350 1810.1
1311360 1810.0
1311370 1810.0
1311380 1806.9
1311390 1799.6
1311400 1799.6
1311410 1793.3
1311420 1789.3
1311430 1786.7
1311440 1786.7
1311450 1784.9
1311460 1786.2
1311470 1786.2
1311480 1787.3
1311490 1788.5
1311500 1788.5
1311510 1791.3
1311520 1793.2
1311530 1793.2
1311540 1792.5
1311550 1790.8
1311560 1790.8
1311570 1789.3
1311580 1787.7
1311590 1787.7
1311600 1785.4
1311610 1783.7
1311620 1783.7
1311630 1782.2
1311640 1779.1
1311650 1779.1
1311660 1776.5
1311670 1774.9
1311680 1773.7
1311690 1773.7
1311700 1772.2
1311710 1774.5
1311720 1774.5
1311730 1774.1
1311740 1774.9
1311750 1774.9
1311760 1775.0
1311770 1772.9
1311780 1772.9
1311790 1769.6
1311800 1766.1
1311810 1766.1
1311820 1762.9
1311830 1760.3
1311840 1760.3
1311850 1758.5
1311860 1756.4
1311870 1756.4
1311880 1754.5
1311890 1753.7
1311900 1753.7
1311910 1755.4
1311920 1757.0
1311930 1757.0
1311940 1757.4
1311950 1758.8
1311960 1762.7
1311970 1762.7
1311980 1766.2
1311990 1770.0
1312000 1770.0
1312010 1773.8
1312020 1776.0
1312030 1776.0
1312040 1783.6
1312050 1789.6
1312060 1789.6
1312070 1796.3
1312080 1804.0
1312090 1804.0
1312100 1809.5
1312110 1813.0
1312120 1813.0
1312130 1816.9
1312140 1821.1
1312150 1821.1
1312160 1824.0
1312170 1825.5
1312180 1825.5
1312190 1828.5
1312200 1832.4
1312210 1832.4
1312220 1836.0
1312230 1839.6
1312240 1843.1
1312250 1843.1
1312260 1845.5
1312270 1848.1
1312280 1848.1
1312290 1852.1
1312300 1856.0
1312310 1856.0
1312320 1858.2
1312330 1861.1
1312340 1861.1
1312350 1865.2
1312360 1869.5
1312370 1869.5
1312380 1877.0
1312390 1888.6
1312400 1888.6
1312410 1900.2
1312420 1911.7
1312430 1911.7
1312440 1926.9
1312450 1936.4
1312460 1936.4
1312470 1943.5
1312480 1949.3
1312490 1949.3
1312500 1955.4
1312510 1959.2
1312520 1966.6
1312530 1966.6
1312540 1980.0
1312550 1995.2
1312560 1995.2
1312570 2001.9
1312580 2006.2
1312590 2006.2
1312600 2012.6
1312610 2014.6
1312620 2014.6
1312630 2009.2
1312640 2004.8
1312650 2004.8
1312660 2001.6
1312670 1999.5
1312680 1999.5
1312690 1997.8
1312700 1997.1
1312710 1997.1
1312720 1997.2
1312730 1997.0
1312740 1997.0
1312750 1997.4
1312760 1998.3
1312770 1998.3
1312780 1999.0
1312790 1999.4
1312800 1999.0
1312810 1999.0
1312820 1998.7
1312830 1998.8
1312840 1998.8
1312850 1998.8
1312860 1998.3
1312870 1998.3
1312880 1997.9
1312890 1998.0
1312900 1998.0
1312910 1998.8
1312920 2000.3
1312930 2000.3
1312940 2001.1
1312950 2000.7
1312960 2000.7
1312970 1999.8
1312980 1998.7
1312990 1998.7
1313000 1997.0
1313010 1994.9
1313020 1994.9
1313030 1994.5
1313040 1994.1
1313050 1994.1
1313060 1994.4
1313070 1995.3
1313080 1994.3
1313090 1994.3
1313100 1993.2
1313110 1994.1
1313120 1994.1
1313130 1994.5
1313140 1994.6
1313150 1994.6
1313160 1995.0
1313170 1993.6
1313180 1993.6
1313190 1991.7
1313200 1987.2
1313210 1987.2
1313220 1983.3
1313230 1979.9
1313240 1979.9
1313250 1976.9
1313260 1972.3
1313270 1972.3
1313280 1967.0
1313290 1961.0
1313300 1961.0
1313310 1955.9
1313320 1952.3
1313330 1952.3
1313340 1948.6
1313350 1943.5
1313360 1937.3
1313370 1937.3
1313380 1931.9
1313390 1926.4
1313400 1926.4
1313410 1921.2
1313420 1916.5
1313430 1916.5
1313440 1912.1
1313450 1908.5
1313460 1908.5
1313470 1905.3
1313480 1902.7
1313490 1902.7
1313500 1901.6
1313510 1900.0
1313520 1900.0
1313530 1896.6
1313540 1892.5
1313550 1892.5
1313560 1886.1
1313570 1878.3
1313580 1878.3
1313590 1871.2
1313600 1865.7
1313610 1865.7
1313620 1861.7
1313630 1857.7
1313640 1854.5
1313650 1854.5
1313660 1850.5
1313670 1845.1
1313680 1845.1
1313690 1840.6
1313700 1837.1
1313710 1837.1
1313720 1834.0
1313730 1831.1
1313740 1831.1
1313750 1828.2
1313760 1825.2
1313770 1825.2
1313780 1822.1
1313790 1818.4
1313800 1818.4
1313810 1815.6
1313820 1813.2
1313830 1813.2
1313840 1810.4
1313850 1807.3
1313860 1807.3
1313870 1804.3
1313880 1801.2
1313890 1801.2
1313900 1796.7
1313910 1792.6
1313920 1788.4
1313930 1791.1
1313940 1786.6
1313950 1783.0
1313960 1783.0
1313970 1779.4
1313980 1776.5
1313990 1776.5
1314000 1773.4
1314010 1767.7
1314020 1767.7
1314030 1759.2
1314040 1752.3
1314050 1752.3
1314060 1746.3
1314070 1740.6
1314080 1740.6
1314090 1735.0
1314100 1728.2
1314110 1728.2
1314120 1720.0
1314130 1713.7
1314140 1713.7
1314150 1708.8
1314160 1703.8
1314170 1703.8
1314180 1698.4
1314190 1693.9
1314200 1688.3
1314210 1688.3
1314220 1683.3
1314230 1677.9
1314240 1677.9
1314250 1672.1
1314260 1665.4
1314270 1665.4
1314280 1659.2
1314290 1653.2
1314300 1653.2
1314310 1647.2
1314320 1642.6
1314330 1642.6
1314340 1639.8
1314350 1635.2
1314360 1635.2
1314370 1630.5
1314380 1627.2
1314390 1627.2
1314400 1623.0
1314410 1619.3
1314420 1619.3
1314430 1615.3
1314440 1611.2
1314450 1611.2
1314460 1607.7
1314470 1603.8
1314480 1598.9
1314490 1598.9
1314500 1594.2
1314510 1590.0
1314520 1590.0
1314530 1587.0
1314540 1584.0
1314550 1584.0
1314560 1581.5
1314570 1578.0
1314580 1578.0
1314590 1573.8
1314600 1569.0
1314610 1569.0
1314620 1563.8
1314630 1558.5
1314640 1558.5
1314650 1553.8
1314660 1549.2
1314670 1549.2
1314680 1545.5
1314690 1541.5
1314700 1541.5
1314710 1537.5
1314720 1534.5
1314730 1531.7
1314740 1531.7
1314750 1525.8
1314760 1518.4
1314770 1518.4
1314780 1512.9
1314790 1508.4
1314800 1508.4
1314810 1505.0
1314820 1502.0
1314830 1502.0
1314840 1498.3
1314850 1494.0
1314860 1494.0
1314870 1489.9
1314880 1484.9
1314890 1484.9
1314900 1479.4
1314910 1475.4
1314920 1475.4
1314930 1473.6
1314940 1471.5
1314950 1471.5
1314960 1469.3
1314970 1467.0
1314980 1467.0
1314990 1463.7
1315000 1459.4
1315010 1455.8
1315020 1455.8
1315030 1452.6
1315040 1448.4
1315050 1448.4
1315060 1443.0
1315070 1436.9
1315080 1436.9
1315090 1431.4
1315100 1425.5
1315110 1425.5
1315120 1420.1
1315130 1414.8
1315140 1414.8
1315150 1410.4
1315160 1407.0
1315170 1407.0
1315180 1402.2
1315190 1398.3
1315200 1398.3
1315210 1393.8
1315220 1390.5
1315230 1390.5
1315240 1387.0
1315250 1383.6
1315260 1383.6
1315270 1378.6
1315280 1372.3
1315290 1367.5
1315300 1367.5
1315310 1362.8
1315320 1359.3
1315330 1359.3
1315340 1357.0
1315350 1355.0
1315360 1355.0
1315370 1352.4
1315380 1350.1
1315390 1350.1
1315400 1348.1
1315410 1346.0
1315420 1346.0
1315430 1344.2
1315440 1342.4
1315450 1342.4
1315460 1339.8
1315470 1335.9
1315480 1335.9
1315490 1332.7
1315500 1330.9
1315510 1330.9
1315520 1330.0
1315530 1329.1
1315540 1329.1
1315550 1328.1
1315560 1327.4
1315570 1327.5
1315580 1327.5
1315590 1326.8
1315600 1324.6
1315610 1324.6
1315620 1322.3
1315630 1319.7
1315640 1319.7
1315650 1317.1
1315660 1313.6
1315670 1313.6
1315680 1308.9
1315690 1303.3
1315700 1303.3
1315710 1297.6
1315720 1292.5
1315730 1292.5
1315740 1288.3
1315750 1283.8
1315760 1283.8
1315770 1280.2
1315780 1278.4
1315790 1278.4
1315800 1276.6
1315810 1273.3
1315820 1273.3
1315830 1268.4
1315840 1262.2
1315850 1257.2
1315860 1257.2
1315870 1255.0
1315880 1254.5
1315890 1254.5
1315900 1253.6
1315910 1252.4
1315920 1252.4
1315930 1251.6
1315940 1251.1
1315950 1251.1
1315960 1250.8
1315970 1250.0
1315980 1250.0
1315990 1248.6
1316000 1246.9
1316010 1246.9
1316020 1243.6
1316030 1238.9
1316040 1238.9
1316050 1233.1
1316060 1227.9
1316070 1227.9
1316080 1223.0
1316090 1218.1
1316100 1218.1
1316110 1214.3
1316120 1210.7
1316130 1206.6
1316140 1206.6
1316150 1202.3
1316160 1197.6
1316170 1197.6
1316180 1192.8
1316190 1189.1
1316200 1189.1
1316210 1183.9
1316220 1178.1
1316230 1178.1
1316240 1173.2
1316250 1168.9
1316260 1168.9
1316270 1164.8
1316280 1160.8
1316290 1160.8
1316300 1156.1
1316310 1150.6
1316320 1150.6
1316330 1144.1
1316340 1137.1
1316350 1137.1
1316360 1130.2
1316370 1123.2
1316380 1123.2
1316390 1116.8
1316400 1110.8
1316410 1105.3
1316420 1105.3
1316430 1101.0
1316440 1097.0
1316450 1097.0
1316460 1092.2
1316470 1086.5
1316480 1086.5
1316490 1080.4
1316500 1074.3
1316510 1074.3
1316520 1070.2
1316530 1068.0
1316540 1068.0
1316550 1066.0
1316560 1063.8
1316570 1063.8
1316580 1061.5
1316590 1058.0
1316600 1058.0
1316610 1053.9
1316620 1049.7
1316630 1049.7
1316640 1045.0
1316650 1039.8
1316660 1039.8
1316670 1033.1
1316680 1026.8
1316690 1022.2
1316700 1022.2
1316710 1018.3
1316720 1014.8
1316730 1014.8
1316740 1011.0
1316750 1006.5
1316760 1006.5
1316770 999.1
1316780 991.4
1316790 991.4
1316800 986.2
1316810 980.8
1316820 980.8
1316830 974.7
1316840 969.0
1316850 969.0
1316860 963.4
1316870 958.4
1316880 958.4
1316890 954.2
1316900 950.7
1316910 950.7
1316920 947.5
1316930 944.6
1316940 944.6
1316950 943.6
1316960 939.6
1316970 935.1
1316980 935.1
1316990 933.0
1317000 929.9
1317010 929.9
1317020 926.8
1317030 924.3
1317040 924.3
1317050 921.3
1317060 918.9
1317070 918.9
1317080 916.6
1317090 914.4
1317100 914.4
1317110 912.5
1317120 911.0
1317130 911.0
1317140 908.6
1317150 905.9
1317160 905.9
1317170 903.7
1317180 900.9
1317190 900.9
1317200 898.0
1317210 895.4
1317220 895.4
1317230 893.3
1317240 890.9
1317250 888.1
1317260 888.1
1317270 884.6
1317280 882.0
1317290 882.0
1317300 878.9
1317310 875.4
1317320 875.4
1317330 872.1
1317340 869.3
1317350 869.3
1317360 866.7
1317370 863.7
1317380 863.7
1317390 859.8
1317400 856.2
1317410 856.2
1317420 852.7
1317430 849.9
1317440 849.9
1317450 847.8
1317460 845.6
1317470 845.6
1317480 843.0
1317490 841.5
1317500 841.5
1317510 841.8
1317520 842.7
1317530 843.8
1317540 843.8
1317550 844.6
1317560 843.7
1317570 843.7
1317580 841.0
1317590 837.8
1317600 837.8
1317610 834.1
1317620 830.3
1317630 830.3
1317640 826.9
1317650 823.3
1317660 823.3
1317670 819.7
1317680 815.9
1317690 815.9
1317700 813.0
1317710 813.4
1317720 813.4
1317730 811.2
1317740 809.6
1317750 809.6
1317760 807.7
1317770 804.8
1317780 802.3
1317790 802.3
1317800 800.0
1317810 798.6
1317820 798.6
1317830 797.4
1317840 796.1
1317850 796.1
1317860 795.2
1317870 794.2
1317880 794.2
1317890 792.0
1317900 790.0
1317910 790.0
1317920 788.0
1317930 785.5
1317940 785.5
1317950 782.8
1317960 780.2
1317970 780.2
1317980 777.6
1317990 775.6
1318000 775.6
1318010 774.4
1318020 773.8
1318030 773.8
1318040 772.2
1318050 769.6
1318060 766.8
1318070 766.8
1318080 763.3
1318090 756.4
1318100 756.4
1318110 749.3
1318120 745.5
1318130 745.5
1318140 745.7
1318150 747.4
1318160 747.4
1318170 748.8
1318180 748.1
1318190 748.1
1318200 742.5
1318210 736.8
1318220 736.8
1318230 731.2
1318240 725.1
1318250 725.1
1318260 717.9
1318270 711.5
1318280 711.5
1318290 706.5
1318300 703.0
1318310 703.0
1318320 701.8
1318330 699.6
1318340 695.1
1318350 695.1
1318360 689.9
1318370 684.6
1318380 684.6
1318390 678.9
1318400 672.7
1318410 672.7
1318420 666.6
1318430 659.6
1318440 659.6
1318450 654.5
1318460 651.0
1318470 650.9
1318480 646.5
1318490 642.5
1318500 642.5
1318510 638.6
1318520 635.3
1318530 635.3
1318540 632.5
1318550 629.9
1318560 629.9
1318570 627.6
1318580 625.1
1318590 625.1
1318600 622.8
1318610 620.7
1318620 618.5
1318630 618.5
1318640 616.6
1318650 614.5
1318660 614.5
1318670 612.4
1318680 609.5
1318690 609.5
1318700 605.7
1318710 603.6
1318720 603.6
1318730 601.5
1318740 599.2
1318750 599.2
1318760 598.0
1318770 597.6
1318780 597.6
1318790 597.2
1318800 596.2
1318810 596.2
1318820 594.5
1318830 594.0
1318840 594.0
1318850 593.7
1318860 593.4
1318870 593.4
1318880 593.1
1318890 593.2
1318900 592.8
1318910 592.8
1318920 592.5
1318930 592.1
1318940 592.1
1318950 591.2
1318960 591.0
1318970 591.0
1318980 590.6
1318990 590.3
1319000 590.3
1319010 589.7
1319020 589.3
1319030 589.3
1319040 589.0
1319050 588.7
1319060 588.7
1319070 588.2
1319080 587.7
1319090 587.7
1319100 587.1
1319110 586.6
1319120 586.6
1319130 586.1
1319140 585.7
1319150 585.7
1319160 585.0
1319170 584.4
1319180 583.9
1319190 583.9
1319200 583.2
1319210 583.0
1319220 583.0
1319230 582.7
1319240 582.1
1319250 582.1
1319260 581.9
1319270 581.9
1319280 581.9
1319290 581.3
1319300 580.1
1319310 580.1
1319320 578.9
1319330 578.0
1319340 578.0
1319350 578.0
1319360 577.7
1319370 577.7
1319380 576.8
1319390 576.1
1319400 576.1
1319410 575.4
1319420 574.9
1319430 574.9
1319440 574.5
1319450 574.0
1319460 573.6
1319470 573.6
1319480 573.4
1319490 573.4
1319500 573.4
1319510 572.7
1319520 571.9
1319530 571.9
1319540 571.4
1319550 571.0
1319560 571.0
1319570 570.7
1319580 570.3
1319590 570.3
1319600 570.2
1319610 570.0
1319620 570.0
1319630 569.5
1319640 568.9
1319650 568.9
1319660 568.3
1319670 567.8
1319680 567.8
1319690 567.4
1319700 567.1
1319710 567.1
1319720 566.8
1319730 566.5
1319740 566.2
1319750 566.2
1319760 565.9
1319770 565.6
1319780 565.6
1319790 565.1
1319800 564.8
1319810 564.8
1319820 564.2
1319830 562.7
1319840 562.7
1319850 562.0
1319860 561.9
1319870 561.9
1319880 562.3
1319890 562.9
1319900 562.9
1319910 563.0
1319920 562.4
1319930 562.4
1319940 562.0
1319950 561.4
1319960 561.4
1319970 560.8
1319980 560.5
1319990 560.5
