1300000 629.5
1300010 626.0
1300020 623.6
1300030 623.6
1300040 621.8
1300050 620.2
1300060 620.2
1300070 617.9
1300080 615.9
1300090 615.9
1300100 614.1
1300110 613.2
1300120 613.2
1300130 612.9
1300140 612.3
1300150 610.9
1300160 610.9
1300170 609.3
1300180 607.2
1300190 607.2
1300200 604.7
1300210 601.9
1300220 601.9
1300230 599.2
1300240 597.3
1300250 597.3
1300260 594.4
1300270 590.5
1300280 590.5
1300290 586.5
1300300 582.7
1300310 582.7
1300320 578.1
1300330 575.3
1300340 575.3
1300350 574.6
1300360 573.7
1300370 573.7
1300380 573.0
1300390 572.5
1300400 572.5
1300410 570.8
1300420 570.0
1300430 569.4
1300440 569.4
1300450 568.9
1300460 568.7
1300470 568.7
1300480 568.5
1300490 567.4
1300500 567.4
1300510 566.2
1300520 566.1
1300530 566.1
1300540 565.6
1300550 564.8
1300560 564.8
1300570 564.1
1300580 563.2
1300590 563.2
1300600 562.4
1300610 562.8
1300620 562.8
1300630 562.2
1300640 560.4
1300650 560.4
1300660 559.7
1300670 559.0
1300680 559.0
1300690 557.5
1300700 556.4
1300710 555.3
1300720 555.3
1300730 554.4
1300740 553.5
1300750 553.5
1300760 551.7
1300770 547.9
1300780 547.9
1300790 545.1
1300800 543.4
1300810 543.4
1300820 542.4
1300830 541.6
1300840 541.6
1300850 540.4
1300860 539.8
1300870 539.8
1300880 540.8
1300890 545.0
1300900 545.0
1300910 547.6
1300920 547.5
1300930 547.5
1300940 547.2
1300950 544.4
1300960 544.4
1300970 540.1
1300980 539.6
1300990 539.5
1301000 539.5
1301010 538.9
1301020 538.4
1301030 538.4
1301040 537.8
1301050 538.4
1301060 538.4
1301070 538.8
1301080 538.9
1301090 538.9
1301100 538.9
1301110 538.8
1301120 538.8
1301130 538.7
1301140 538.3
1301150 538.3
1301160 538.0
1301170 537.8
1301180 537.8
1301190 537.8
1301200 537.8
1301210 537.8
1301220 537.9
1301230 537.9
1301240 537.9
1301250 537.9
1301260 537.9
1301270 537.7
1301280 537.7
1301290 537.6
1301300 537.6
1301310 537.6
1301320 537.6
1301330 537.4
1301340 537.4
1301350 537.2
1301360 537.3
1301370 537.3
1301380 537.3
1301390 537.4
1301400 537.4
1301410 537.6
1301420 537.8
1301430 537.8
1301440 537.9
1301450 537.6
1301460 537.6
1301470 537.5
1301480 537.7
1301490 537.7
1301500 537.6
1301510 537.8
1301520 537.8
1301530 538.7
1301540 539.1
1301550 539.7
1301560 539.7
1301570 539.6
1301580 538.9
1301590 538.9
1301600 539.1
1301610 538.8
1301620 538.8
1301630 538.9
1301640 539.3
1301650 539.3
1301660 539.1
1301670 538.9
1301680 538.9
1301690 539.0
1301700 539.0
1301710 539.0
1301720 538.7
1301730 538.6
1301740 538.6
1301750 538.9
1301760 538.5
1301770 538.5
1301780 538.1
1301790 538.0
1301800 538.0
1301810 538.0
1301820 537.9
1301830 537.9
1301840 537.9
1301850 537.9
1301860 538.0
1301870 538.0
1301880 538.1
1301890 538.1
1301900 538.1
1301910 538.0
1301920 537.9
1301930 537.9
1301940 537.7
1301950 537.5
1301960 537.5
1301970 537.6
1301980 537.6
1301990 537.6
1302000 537.6
1302010 537.7
1302020 537.7
1302030 537.8
1302040 537.9
1302050 537.9
1302060 537.9
1302070 537.9
1302080 537.9
1302090 537.9
1302100 537.9
1302110 537.8
1302120 537.8
1302130 537.8
1302140 537.7
1302150 537.7
1302160 537.7
1302170 537.6
1302180 537.6
1302190 537.7
1302200 537.8
1302210 537.8
1302220 537.9
1302230 537.9
1302240 537.9
1302250 537.6
1302260 537.5
1302270 537.5
1302280 537.5
1302290 537.7
1302300 537.7
1302310 537.9
1302320 538.1
1302330 538.1
1302340 538.5
1302350 538.9
1302360 538.9
1302370 539.2
1302380 539.2
1302390 539.0
1302400 539.0
1302410 538.8
1302420 538.8
1302430 538.8
1302440 538.8
1302450 538.8
1302460 538.8
1302470 538.8
1302480 538.9
1302490 538.9
1302500 539.1
1302510 539.3
1302520 539.3
1302530 539.6
1302540 539.8
1302550 539.8
1302560 539.8
1302570 539.7
1302580 539.7
1302590 539.5
1302600 539.2
1302610 539.2
1302620 538.9
1302630 538.8
1302640 538.8
1302650 538.7
1302660 538.6
1302670 538.4
1302680 538.4
1302690 538.2
1302700 538.2
1302710 538.2
1302720 538.2
1302730 538.3
1302740 538.3
1302750 538.9
1302760 540.2
1302770 540.2
1302780 540.1
1302790 539.0
1302800 539.0
1302810 538.6
1302820 538.4
1302830 538.4
1302840 538.2
1302850 538.0
1302860 538.0
1302870 538.1
1302880 538.6
1302890 538.6
1302900 538.0
1302910 537.7
1302920 537.7
1302930 537.8
1302940 537.9
1302950 537.9
1302960 537.9
1302970 537.7
1302980 537.2
1302990 537.2
1303000 536.9
1303010 537.1
1303020 537.1
1303030 537.4
1303040 537.6
1303050 537.6
1303060 534.6
1303070 533.4
1303080 533.4
1303090 533.3
1303100 533.4
1303110 533.4
1303120 533.4
1303130 533.4
1303140 533.4
1303150 533.3
1303160 533.4
1303170 533.4
1303180 535.5
1303190 537.5
1303200 537.5
1303210 537.4
1303220 538.0
1303230 539.1
1303240 539.1
1303250 541.3
1303260 542.9
1303270 542.9
1303280 544.6
1303290 546.5
1303300 546.5
1303310 547.8
1303320 549.0
1303330 549.0
1303340 550.2
1303350 551.1
1303360 551.1
1303370 553.3
1303380 554.5
1303390 554.5
1303400 555.4
1303410 556.0
1303420 556.0
1303430 556.5
1303440 557.3
1303450 557.3
1303460 558.2
1303470 559.0
1303480 559.0
1303490 559.9
1303500 561.2
1303510 561.2
1303520 561.8
1303530 562.6
1303540 563.2
1303550 563.2
1303560 563.4
1303570 563.4
1303580 563.4
1303590 563.0
1303600 562.9
1303610 562.9
1303620 562.8
1303630 563.1
1303640 563.1
1303650 563.3
1303660 564.2
1303670 564.2
1303680 566.2
1303690 568.5
1303700 568.5
1303710 572.0
1303720 575.4
1303730 575.4
1303740 579.0
1303750 582.7
1303760 582.7
1303770 586.7
1303780 590.4
1303790 590.4
1303800 593.8
1303810 597.7
1303820 602.8
1303830 602.8
1303840 608.7
1303850 614.8
1303860 614.8
1303870 621.0
1303880 627.0
1303890 627.0
1303900 633.0
1303910 639.1
1303920 639.1
1303930 645.1
1303940 651.1
1303950 651.1
1303960 657.0
1303970 663.0
1303980 663.0
1303990 669.0
1304000 675.1
1304010 675.1
1304020 681.5
1304030 687.6
1304040 687.6
1304050 694.6
1304060 701.2
1304070 701.2
1304080 708.9
1304090 714.7
1304100 720.1
1304110 720.1
1304120 723.8
1304130 725.1
1304140 725.1
1304150 725.6
1304160 726.3
1304170 726.3
1304180 727.0
1304190 727.5
1304200 727.5
1304210 727.6
1304220 727.4
1304230 727.4
1304240 727.6
1304250 728.9
1304260 728.9
1304270 730.5
1304280 728.0
1304290 728.0
1304300 722.2
1304310 716.2
1304320 716.2
1304330 710.9
1304340 705.6
1304350 705.6
1304360 700.0
1304370 695.1
1304380 692.1
1304390 692.1
1304400 692.2
1304410 693.5
1304420 693.5
1304430 695.9
1304440 700.2
1304450 700.2
1304460 706.9
1304470 715.1
1304480 715.1
1304490 719.7
1304500 728.0
1304510 728.0
1304520 736.4
1304530 744.8
1304540 744.8
1304550 750.6
1304560 752.1
1304570 752.1
1304580 750.7
1304590 747.4
1304600 747.4
1304610 744.1
1304620 740.6
1304630 740.6
1304640 736.4
1304650 732.8
1304660 731.7
1304670 731.7
1304680 730.9
1304690 730.0
1304700 730.0
1304710 729.1
1304720 729.4
1304730 729.4
1304740 731.6
1304750 738.2
1304760 738.2
1304770 748.0
1304780 755.9
1304790 755.9
1304800 763.6
1304810 771.7
1304820 771.7
1304830 779.2
1304840 786.8
1304850 786.8
1304860 790.3
1304870 791.2
1304880 791.2
1304890 792.3
1304900 793.8
1304910 793.8
1304920 795.7
1304930 797.7
1304940 799.4
1304950 799.4
1304960 798.6
1304970 796.2
1304980 796.2
1304990 794.3
1305000 793.0
1305010 793.0
1305020 791.6
1305030 790.0
1305040 790.0
1305050 788.2
1305060 787.3
1305070 787.3
1305080 786.7
1305090 785.4
1305100 785.4
1305110 785.1
1305120 786.7
1305130 786.7
1305140 788.5
1305150 790.5
1305160 790.5
1305170 793.1
1305180 794.1
1305190 794.1
1305200 794.8
1305210 794.6
1305220 797.4
1305230 797.4
1305240 800.6
1305250 795.0
1305260 795.0
1305270 786.1
1305280 776.7
1305290 776.7
1305300 764.9
1305310 753.0
1305320 753.0
1305330 741.4
1305340 736.1
1305350 736.1
1305360 736.7
1305370 743.3
1305380 743.3
1305390 750.8
1305400 757.8
1305410 757.8
1305420 764.3
1305430 769.4
1305440 769.4
1305450 774.3
1305460 780.1
1305470 780.1
1305480 786.1
1305490 787.8
1305500 794.3
1305510 794.3
1305520 800.7
1305530 808.6
1305540 808.6
1305550 816.6
1305560 822.1
1305570 822.1
1305580 827.1
1305590 834.1
1305600 834.1
1305610 839.7
1305620 842.9
1305630 842.9
1305640 845.8
1305650 850.2
1305660 850.2
1305670 853.4
1305680 860.0
1305690 860.0
1305700 867.1
1305710 872.1
1305720 872.1
1305730 878.7
1305740 885.1
1305750 885.1
1305760 891.0
1305770 893.9
1305780 894.0
1305790 894.0
1305800 894.0
1305810 894.6
1305820 894.6
1305830 895.3
1305840 895.9
1305850 895.9
1305860 896.9
1305870 898.6
1305880 898.6
1305890 900.5
1305900 902.6
1305910 902.6
1305920 905.2
1305930 908.4
1305940 908.4
1305950 910.6
1305960 914.1
1305970 914.1
1305980 917.2
1305990 919.5
1306000 919.5
1306010 921.4
1306020 923.4
1306030 923.4
1306040 925.5
1306050 928.0
1306060 932.3
1306070 932.3
1306080 935.4
1306090 938.0
1306100 938.0
1306110 941.7
1306120 945.5
1306130 945.5
1306140 949.4
1306150 953.3
1306160 953.3
1306170 957.3
1306180 961.5
1306190 961.5
1306200 965.0
1306210 966.1
1306220 966.1
1306230 967.8
1306240 970.2
1306250 970.2
1306260 973.2
1306270 974.8
1306280 974.8
1306290 976.0
1306300 978.2
1306310 978.2
1306320 981.6
1306330 985.7
1306340 987.3
1306350 987.3
1306360 990.1
1306370 993.8
1306380 993.8
1306390 998.0
1306400 1002.3
1306410 1002.3
1306420 1006.8
1306430 1011.4
1306440 1011.4
1306450 1015.5
1306460 1019.7
1306470 1019.7
1306480 1023.0
1306490 1027.2
1306500 1027.2
1306510 1030.4
1306520 1032.4
1306530 1032.4
1306540 1034.4
1306550 1036.9
1306560 1036.9
1306570 1040.8
1306580 1043.7
1306590 1043.7
1306600 1045.8
1306610 1047.7
1306620 1050.1
1306630 1050.1
1306640 1052.9
1306650 1055.9
1306660 1055.9
1306670 1058.8
1306680 1061.9
1306690 1061.9
1306700 1065.2
1306710 1068.9
1306720 1068.9
1306730 1072.3
1306740 1075.8
1306750 1075.8
1306760 1079.0
1306770 1082.1
1306780 1082.1
1306790 1085.6
1306800 1089.4
1306810 1089.4
1306820 1094.3
1306830 1096.4
1306840 1096.4
1306850 1099.6
1306860 1104.4
1306870 1104.4
1306880 1109.2
1306890 1113.7
1306900 1119.4
1306910 1119.4
1306920 1123.2
1306930 1127.9
1306940 1127.9
1306950 1131.5
1306960 1133.5
1306970 1133.5
1306980 1135.2
1306990 1138.4
1307000 1138.4
1307010 1142.6
1307020 1146.4
1307030 1146.4
1307040 1150.2
1307050 1154.0
1307060 1154.0
1307070 1157.7
1307080 1163.4
1307090 1163.4
1307100 1168.7
1307110 1175.3
1307120 1175.3
1307130 1180.8
1307140 1186.5
1307150 1186.5
1307160 1192.4
1307170 1196.9
1307180 1200.4
1307190 1200.4
1307200 1203.4
1307210 1206.6
1307220 1206.6
1307230 1210.1
1307240 1213.7
1307250 1213.7
1307260 1216.4
1307270 1219.2
1307280 1219.2
1307290 1222.5
1307300 1226.1
1307310 1226.1
1307320 1231.0
1307330 1235.2
1307340 1235.2
1307350 1238.9
1307360 1242.6
1307370 1242.6
1307380 1246.4
1307390 1250.3
1307400 1250.3
1307410 1254.9
1307420 1259.9
1307430 1259.9
1307440 1264.6
1307450 1268.6
1307460 1272.9
1307470 1272.9
1307480 1277.2
1307490 1282.2
1307500 1282.2
1307510 1287.5
1307520 1292.7
1307530 1292.7
1307540 1297.5
1307550 1302.7
1307560 1302.7
1307570 1308.6
1307580 1315.1
1307590 1315.1
1307600 1322.0
1307610 1330.0
1307620 1330.0
1307630 1339.3
1307640 1345.3
1307650 1345.3
1307660 1354.5
1307670 1365.2
1307680 1365.2
1307690 1372.5
1307700 1377.3
1307710 1377.3
1307720 1384.2
1307730 1389.0
1307740 1394.2
1307750 1394.2
1307760 1399.8
1307770 1405.6
1307780 1405.6
1307790 1411.5
1307800 1417.1
1307810 1417.1
1307820 1422.3
1307830 1424.2
1307840 1424.2
1307850 1425.3
1307860 1429.7
1307870 1429.7
1307880 1435.2
1307890 1438.4
1307900 1438.4
1307910 1441.0
1307920 1443.2
1307930 1443.2
1307940 1445.7
1307950 1450.4
1307960 1450.4
1307970 1456.1
1307980 1462.9
1307990 1462.9
1308000 1469.4
1308010 1476.0
1308020 1476.0
1308030 1482.6
1308040 1488.0
1308050 1492.5
1308060 1492.5
1308070 1497.4
1308080 1503.8
1308090 1503.8
1308100 1510.5
1308110 1514.5
1308120 1514.5
1308130 1515.8
1308140 1517.2
1308150 1517.2
1308160 1520.4
1308170 1524.4
1308180 1524.4
1308190 1526.2
1308200 1525.6
1308210 1525.6
1308220 1525.6
1308230 1527.1
1308240 1527.1
1308250 1528.3
1308260 1529.3
1308270 1529.3
1308280 1530.2
1308290 1531.9
1308300 1531.9
1308310 1533.6
1308320 1535.1
1308330 1536.4
1308340 1536.4
1308350 1537.4
1308360 1533.7
1308370 1533.7
1308380 1532.0
1308390 1528.3
1308400 1528.3
1308410 1528.8
1308420 1533.7
1308430 1533.7
1308440 1538.2
1308450 1541.6
1308460 1541.6
1308470 1544.8
1308480 1549.4
1308490 1549.4
1308500 1555.1
1308510 1562.3
1308520 1562.3
1308530 1569.8
1308540 1576.4
1308550 1576.4
1308560 1581.2
1308570 1585.8
1308580 1585.8
1308590 1590.0
1308600 1593.3
1308610 1596.7
1308620 1596.7
1308630 1600.0
1308640 1603.4
1308650 1603.4
1308660 1607.3
1308670 1611.7
1308680 1611.7
1308690 1615.9
1308700 1619.6
1308710 1619.6
1308720 1622.7
1308730 1626.1
1308740 1626.1
1308750 1630.3
1308760 1634.5
1308770 1634.5
1308780 1638.8
1308790 1643.0
1308800 1643.0
1308810 1645.8
1308820 1647.9
1308830 1647.9
1308840 1650.4
1308850 1653.4
1308860 1653.4
1308870 1657.7
1308880 1662.1
1308890 1667.1
1308900 1667.1
1308910 1673.0
1308920 1678.8
1308930 1678.8
1308940 1683.8
1308950 1688.2
1308960 1688.2
1308970 1692.5
1308980 1695.0
1308990 1695.0
1309000 1696.2
1309010 1697.5
1309020 1697.5
1309030 1698.8
1309040 1700.5
1309050 1700.5
1309060 1703.5
1309070 1706.4
1309080 1706.4
1309090 1713.9
1309100 1716.7
1309110 1716.7
1309120 1719.4
1309130 1722.8
1309140 1722.8
1309150 1726.0
1309160 1728.5
1309170 1729.7
1309180 1729.7
1309190 1730.2
1309200 1730.3
1309210 1730.3
1309220 1730.1
1309230 1729.9
1309240 1729.9
1309250 1730.2
1309260 1731.3
1309270 1731.3
1309280 1732.7
1309290 1734.3
1309300 1734.3
1309310 1735.1
1309320 1736.0
1309330 1736.0
1309340 1736.5
1309350 1736.4
1309360 1736.4
1309370 1736.6
1309380 1736.0
1309390 1736.0
1309400 1733.8
1309410 1732.5
1309420 1732.5
1309430 1731.9
1309440 1730.7
1309450 1728.1
1309460 1728.1
1309470 1722.5
1309480 1716.2
1309490 1716.2
1309500 1709.6
1309510 1703.5
1309520 1703.5
1309530 1698.5
1309540 1694.5
1309550 1694.5
1309560 1691.4
1309570 1688.5
1309580 1688.5
1309590 1685.1
1309600 1682.8
1309610 1682.8
1309620 1681.7
1309630 1681.0
1309640 1681.0
1309650 1681.0
1309660 1681.1
1309670 1681.1
1309680 1681.2
1309690 1679.6
1309700 1679.6
1309710 1676.5
1309720 1673.7
1309730 1672.0
1309740 1672.0
1309750 1668.4
1309760 1663.5
1309770 1663.5
1309780 1659.0
1309790 1655.4
1309800 1655.4
1309810 1652.4
1309820 1654.5
1309830 1654.5
1309840 1651.0
1309850 1647.5
1309860 1647.5
1309870 1643.8
1309880 1641.7
1309890 1641.7
1309900 1640.7
1309910 1640.5
1309920 1640.5
1309930 1639.5
1309940 1635.8
1309950 1635.8
1309960 1630.9
1309970 1626.0
1309980 1626.0
1309990 1621.2
1310000 1615.8
1310010 1610.1
1310020 1610.1
1310030 1604.4
1310040 1598.4
1310050 1598.4
1310060 1592.5
1310070 1586.9
1310080 1586.9
1310090 1581.2
1310100 1575.4
1310110 1575.4
1310120 1570.8
1310130 1566.7
1310140 1566.7
1310150 1562.7
1310160 1558.3
1310170 1558.3
1310180 1553.1
1310190 1547.0
1310200 1547.0
1310210 1540.6
1310220 1535.1
1310230 1535.1
1310240 1530.8
1310250 1527.0
1310260 1527.0
1310270 1523.4
1310280 1522.7
1310290 1521.3
1310300 1521.3
1310310 1520.6
1310320 1523.4
1310330 1523.4
1310340 1522.5
1310350 1516.7
1310360 1516.7
1310370 1514.0
1310380 1515.6
1310390 1515.6
1310400 1518.4
1310410 1521.1
1310420 1521.1
1310430 1522.8
1310440 1524.0
1310450 1524.0
1310460 1525.4
1310470 1526.8
1310480 1526.8
1310490 1528.3
1310500 1529.8
1310510 1529.8
1310520 1532.4
1310530 1535.8
1310540 1535.8
1310550 1542.3
1310560 1546.3
1310570 1550.8
1310580 1550.8
1310590 1555.1
1310600 1559.3
1310610 1559.3
1310620 1562.5
1310630 1567.0
1310640 1567.0
1310650 1572.2
1310660 1576.0
1310670 1576.0
1310680 1581.8
1310690 1587.5
1310700 1587.5
1310710 1592.3
1310720 1597.6
1310730 1597.6
1310740 1603.6
1310750 1609.5
1310760 1609.5
1310770 1615.5
1310780 1620.3
1310790 1620.3
1310800 1625.9
1310810 1632.3
1310820 1632.3
1310830 1639.9
1310840 1646.7
1310850 1653.1
1310860 1653.1
1310870 1659.3
1310880 1665.1
1310890 1665.1
1310900 1670.7
1310910 1677.0
1310920 1677.0
1310930 1683.4
1310940 1688.8
1310950 1688.8
1310960 1693.2
1310970 1698.3
1310980 1698.3
1310990 1704.8
1311000 1713.3
1311010 1713.3
1311020 1720.9
1311030 1727.5
1311040 1727.5
1311050 1733.3
1311060 1739.5
1311070 1739.5
1311080 1745.9
1311090 1751.4
1311100 1751.4
1311110 1754.6
1311120 1757.3
1311130 1760.2
1311140 1760.2
1311150 1763.4
1311160 1767.7
1311170 1767.7
1311180 1772.5
1311190 1778.0
1311200 1778.0
1311210 1784.7
1311220 1791.0
1311230 1791.0
1311240 1796.8
1311250 1802.0
1311260 1802.0
1311270 1806.7
1311280 1816.1
1311290 1816.1
1311300 1818.8
1311310 1821.3
1311320 1821.3
1311330 1822.7
1311340 1822.8
1311350 1822.8
1311360 1822.4
1311370 1821.7
1311380 1821.7
1311390 1820.2
1311400 1817.3
1311410 1813.4
1311420 1813.4
1311430 1808.7
1311440 1803.4
1311450 1803.4
1311460 1798.2
1311470 1792.8
1311480 1792.8
1311490 1787.0
1311500 1781.0
1311510 1781.0
1311520 1775.2
1311530 1769.9
1311540 1769.9
1311550 1764.5
1311560 1758.9
1311570 1758.9
1311580 1753.9
1311590 1749.0
1311600 1749.0
1311610 1742.6
1311620 1736.7
1311630 1736.7
1311640 1730.4
1311650 1722.9
1311660 1722.9
1311670 1715.0
1311680 1708.2
1311690 1701.4
1311700 1701.4
1311710 1694.5
1311720 1687.8
1311730 1687.8
1311740 1681.4
1311750 1675.1
1311760 1675.1
1311770 1668.6
1311780 1663.5
1311790 1663.5
1311800 1658.7
1311810 1651.6
1311820 1651.6
1311830 1644.5
1311840 1637.8
1311850 1637.8
1311860 1631.9
1311870 1626.0
1311880 1626.0
1311890 1620.2
1311900 1614.6
1311910 1614.6
1311920 1609.3
1311930 1603.5
1311940 1603.5
1311950 1597.5
1311960 1591.6
1311970 1586.8
1311980 1586.8
1311990 1582.9
1312000 1579.2
1312010 1579.2
1312020 1572.3
1312030 1567.7
1312040 1567.7
1312050 1563.0
1312060 1559.0
1312070 1559.0
1312080 1555.0
1312090 1550.8
1312100 1550.8
1312110 1546.5
1312120 1542.2
1312130 1542.2
1312140 1537.3
1312150 1531.9
1312160 1531.9
1312170 1528.4
1312180 1523.6
1312190 1523.6
1312200 1519.4
1312210 1515.8
1312220 1515.8
1312230 1512.7
1312240 1509.3
1312250 1506.5
1312260 1506.5
1312270 1503.7
1312280 1500.4
1312290 1500.4
1312300 1497.6
1312310 1494.3
1312320 1494.3
1312330 1490.6
1312340 1486.8
1312350 1486.8
1312360 1483.7
1312370 1481.3
1312380 1481.3
1312390 1479.7
1312400 1477.8
1312410 1477.8
1312420 1475.3
1312430 1472.7
1312440 1472.7
1312450 1469.7
1312460 1466.3
1312470 1466.3
1312480 1461.6
1312490 1458.3
1312500 1458.3
1312510 1458.0
1312520 1458.1
1312530 1458.1
1312540 1457.2
1312550 1455.5
1312560 1453.4
1312570 1453.4
1312580 1449.8
1312590 1444.7
1312600 1444.7
1312610 1437.8
1312620 1431.3
1312630 1431.3
1312640 1428.1
1312650 1424.6
1312660 1424.6
1312670 1422.5
1312680 1422.1
1312690 1422.1
1312700 1422.3
1312710 1421.8
1312720 1421.8
1312730 1421.0
1312740 1420.1
1312750 1420.1
1312760 1420.2
1312770 1420.0
1312780 1420.0
1312790 1419.9
1312800 1419.4
1312810 1419.4
1312820 1420.3
1312830 1421.5
1312840 1422.9
1312850 1422.9
1312860 1425.2
1312870 1427.0
1312880 1427.0
1312890 1428.8
1312900 1430.5
1312910 1430.5
1312920 1432.6
1312930 1434.6
1312940 1434.6
1312950 1436.4
1312960 1438.3
1312970 1438.3
1312980 1440.0
1312990 1441.9
1313000 1441.9
1313010 1443.7
1313020 1445.4
1313030 1445.4
1313040 1447.0
1313050 1448.9
1313060 1448.9
1313070 1451.8
1313080 1455.1
1313090 1455.1
1313100 1458.4
1313110 1461.2
1313120 1463.7
1313130 1463.7
1313140 1466.3
1313150 1468.7
1313160 1468.7
1313170 1472.2
1313180 1476.9
1313190 1476.9
1313200 1481.6
1313210 1485.6
1313220 1485.6
1313230 1489.1
1313240 1492.9
1313250 1492.9
1313260 1497.4
1313270 1502.3
1313280 1502.3
1313290 1507.3
1313300 1512.1
1313310 1512.1
1313320 1517.0
1313330 1522.0
1313340 1522.0
1313350 1526.8
1313360 1531.6
1313370 1531.6
1313380 1536.7
1313390 1542.5
1313400 1549.0
1313410 1549.0
1313420 1555.8
1313430 1562.8
1313440 1562.8
1313450 1569.0
1313460 1576.0
1313470 1576.0
1313480 1583.0
1313490 1590.0
1313500 1592.1
1313510 1599.4
1313520 1606.2
1313530 1606.2
1313540 1612.6
1313550 1618.7
1313560 1618.7
1313570 1624.7
1313580 1630.3
1313590 1630.3
1313600 1635.8
1313610 1641.4
1313620 1641.4
1313630 1646.7
1313640 1652.0
1313650 1652.0
1313660 1656.7
1313670 1661.6
1313680 1667.2
1313690 1667.2
1313700 1671.5
1313710 1675.6
1313720 1675.6
1313730 1679.8
1313740 1683.5
1313750 1683.5
1313760 1686.3
1313770 1686.1
1313780 1686.1
1313790 1685.7
1313800 1689.6
1313810 1689.6
1313820 1694.3
1313830 1697.6
1313840 1697.6
1313850 1689.1
1313860 1675.9
1313870 1675.9
1313880 1668.2
1313890 1662.7
1313900 1662.7
1313910 1662.1
1313920 1661.7
1313930 1661.7
1313940 1657.6
1313950 1651.1
1313960 1646.0
1313970 1646.0
1313980 1643.0
1313990 1639.5
1314000 1639.5
1314010 1634.5
1314020 1630.7
1314030 1630.7
1314040 1627.5
1314050 1618.7
1314060 1618.7
1314070 1611.0
1314080 1606.2
1314090 1606.2
1314100 1601.8
1314110 1597.0
1314120 1597.0
1314130 1595.9
1314140 1595.8
1314150 1595.8
1314160 1594.1
1314170 1591.5
1314180 1591.5
1314190 1586.7
1314200 1581.9
1314210 1581.9
1314220 1579.0
1314230 1576.5
1314240 1573.7
1314250 1570.5
1314260 1568.4
1314270 1566.3
1314280 1566.3
1314290 1562.7
1314300 1557.7
1314310 1557.7
1314320 1553.4
1314330 1549.1
1314340 1549.1
1314350 1545.9
1314360 1541.9
1314370 1541.9
1314380 1539.3
1314390 1539.5
1314400 1539.5
1314410 1539.4
1314420 1539.1
1314430 1539.1
1314440 1538.2
1314450 1536.4
1314460 1536.4
1314470 1534.1
1314480 1532.0
1314490 1532.0
1314500 1528.5
1314510 1524.9
1314520 1520.8
1314530 1520.8
1314540 1517.1
1314550 1513.7
1314560 1513.7
1314570 1509.9
1314580 1505.9
1314590 1505.9
1314600 1501.7
1314610 1497.0
1314620 1497.0
1314630 1491.3
1314640 1486.7
1314650 1486.7
1314660 1483.2
1314670 1479.2
1314680 1479.2
1314690 1475.5
1314700 1471.9
1314710 1471.9
1314720 1467.7
1314730 1462.9
1314740 1462.9
1314750 1457.8
1314760 1453.3
1314770 1453.3
1314780 1448.3
1314790 1442.9
1314800 1435.4
1314810 1435.4
1314820 1426.7
1314830 1419.5
1314840 1419.5
1314850 1414.5
1314860 1409.1
1314870 1409.1
1314880 1404.6
1314890 1403.3
1314900 1403.3
1314910 1402.5
1314920 1402.6
1314930 1402.6
1314940 1402.7
1314950 1402.2
1314960 1402.2
1314970 1401.3
1314980 1399.5
1314990 1399.5
1315000 1393.6
1315010 1393.5
1315020 1393.5
1315030 1392.8
1315040 1391.1
1315050 1391.1
1315060 1388.3
1315070 1385.5
1315080 1383.0
1315090 1383.0
1315100 1381.4
1315110 1382.4
1315120 1382.4
1315130 1384.6
1315140 1384.7
1315150 1384.7
1315160 1383.2
1315170 1381.8
1315180 1381.8
1315190 1380.7
1315200 1378.8
1315210 1378.8
1315220 1376.3
1315230 1373.1
1315240 1373.1
1315250 1369.2
1315260 1364.9
1315270 1364.9
1315280 1360.9
1315290 1357.7
1315300 1357.7
1315310 1353.9
1315320 1349.9
1315330 1349.9
1315340 1347.8
1315350 1347.1
1315360 1346.9
1315370 1346.9
1315380 1346.9
1315390 1348.8
1315400 1348.8
1315410 1349.2
1315420 1346.9
1315430 1346.9
1315440 1344.4
1315450 1341.2
1315460 1341.2
1315470 1337.7
1315480 1334.3
1315490 1334.3
1315500 1330.6
1315510 1326.1
1315520 1326.1
1315530 1321.1
1315540 1316.8
1315550 1316.8
1315560 1313.9
1315570 1310.8
1315580 1310.8
1315590 1307.5
1315600 1303.5
1315610 1303.5
1315620 1298.4
1315630 1292.9
1315640 1288.5
1315650 1288.5
1315660 1284.3
1315670 1280.0
1315680 1280.0
1315690 1275.8
1315700 1271.7
1315710 1271.7
1315720 1267.1
1315730 1260.2
1315740 1260.2
1315750 1252.4
1315760 1247.9
1315770 1247.9
1315780 1244.6
1315790 1243.3
1315800 1243.3
1315810 1242.3
1315820 1239.0
1315830 1239.0
1315840 1234.8
1315850 1230.2
1315860 1230.2
1315870 1225.9
1315880 1221.9
1315890 1221.9
1315900 1218.0
1315910 1214.5
1315920 1210.7
1315930 1210.7
1315940 1207.4
1315950 1203.1
1315960 1203.1
1315970 1198.4
1315980 1194.8
1315990 1194.8
1316000 1189.6
1316010 1183.8
1316020 1183.8
1316030 1180.2
1316040 1176.9
1316050 1176.9
1316060 1172.2
1316070 1167.7
1316080 1167.7
1316090 1164.5
1316100 1160.0
1316110 1160.0
1316120 1154.9
1316130 1148.8
1316140 1148.8
1316150 1142.8
1316160 1137.2
1316170 1137.2
1316180 1131.6
1316190 1125.8
1316200 1120.7
1316210 1120.7
1316220 1116.2
1316230 1111.5
1316240 1111.5
1316250 1106.3
1316260 1101.9
1316270 1101.9
1316280 1098.0
1316290 1094.1
1316300 1094.1
1316310 1089.8
1316320 1085.5
1316330 1085.5
1316340 1080.6
1316350 1076.4
1316360 1076.4
1316370 1071.2
1316380 1066.1
1316390 1066.1
1316400 1060.8
1316410 1055.7
1316420 1055.7
1316430 1050.1
1316440 1044.3
1316450 1044.3
1316460 1037.9
1316470 1031.7
1316480 1026.2
1316490 1026.2
1316500 1020.4
1316510 1014.9
1316520 1014.9
1316530 1009.5
1316540 1004.6
1316550 1004.6
1316560 999.7
1316570 993.4
1316580 993.4
1316590 989.4
1316600 985.9
1316610 985.9
1316620 982.3
1316630 979.5
1316640 979.5
1316650 977.5
1316660 975.7
1316670 975.7
1316680 974.0
1316690 972.2
1316700 972.2
1316710 970.4
1316720 967.6
1316730 967.6
1316740 964.0
1316750 960.8
1316760 957.5
1316770 957.5
1316780 953.2
1316790 948.3
1316800 948.3
1316810 942.6
1316820 938.1
1316830 938.1
1316840 928.4
1316850 909.8
1316860 909.8
1316870 900.5
1316880 892.9
1316890 892.9
1316900 885.9
1316910 879.0
1316920 879.0
1316930 872.4
1316940 866.8
1316950 866.8
1316960 861.6
1316970 856.0
1316980 856.0
1316990 849.6
1317000 843.3
1317010 843.3
1317020 837.9
1317030 831.9
1317040 827.1
1317050 827.1
1317060 823.2
1317070 819.4
1317080 819.4
1317090 815.4
1317100 811.9
1317110 811.9
1317120 809.2
1317130 807.0
1317140 807.0
1317150 805.3
1317160 803.8
1317170 803.8
1317180 801.1
1317190 798.0
1317200 798.0
1317210 794.8
1317220 792.0
1317230 792.0
1317240 789.1
1317250 786.9
1317260 786.9
1317270 785.1
1317280 782.7
1317290 782.7
1317300 779.8
1317310 775.4
1317320 770.4
1317330 770.4
1317340 765.2
1317350 760.5
1317360 760.5
1317370 757.1
1317380 756.4
1317390 756.4
1317400 757.2
1317410 755.6
1317420 755.6
1317430 750.5
1317440 745.6
1317450 745.6
1317460 740.7
1317470 735.9
1317480 735.9
1317490 731.4
1317500 727.7
1317510 727.7
1317520 725.9
1317530 725.2
1317540 725.2
1317550 724.2
1317560 722.5
1317570 722.5
1317580 720.2
1317590 717.2
1317600 717.2
1317610 713.5
1317620 709.2
1317630 704.2
1317640 704.2
1317650 699.1
1317660 693.3
1317670 693.3
1317680 687.8
1317690 683.3
1317700 683.3
1317710 679.4
1317720 675.7
1317730 675.7
1317740 671.3
1317750 667.6
1317760 667.6
1317770 664.2
1317780 661.0
1317790 661.0
1317800 658.2
1317810 655.8
1317820 655.8
1317830 653.8
1317840 652.0
1317850 652.0
1317860 650.5
1317870 649.0
1317880 649.0
1317890 647.6
1317900 646.4
1317910 645.3
1317920 645.3
1317930 644.1
1317940 642.8
1317950 642.8
1317960 641.6
1317970 640.5
1317980 640.5
1317990 639.5
1318000 638.6
1318010 638.6
1318020 637.6
1318030 636.9
1318040 636.9
1318050 635.8
1318060 634.7
1318070 634.7
1318080 633.4
1318090 632.3
1318100 632.3
1318110 631.3
1318120 630.3
1318130 630.3
1318140 629.3
1318150 628.3
1318160 628.3
1318170 627.1
1318180 625.7
1318190 625.0
1318200 625.0
1318210 625.3
1318220 625.6
1318230 625.6
1318240 625.5
1318250 624.8
1318260 624.8
1318270 622.1
1318280 619.2
1318290 619.2
1318300 617.3
1318310 616.2
1318320 616.2
1318330 615.9
1318340 615.2
1318350 615.2
1318360 614.4
1318370 613.7
1318380 613.7
1318390 612.9
1318400 611.8
1318410 611.8
1318420 610.8
1318430 610.1
1318440 610.1
1318450 609.6
1318460 609.4
1318470 608.0
1318480 608.0
1318490 606.7
1318500 605.2
1318510 605.2
1318520 604.6
1318530 604.1
1318540 604.1
1318550 603.2
1318560 602.7
1318570 602.7
1318580 602.2
1318590 601.3
1318600 601.3
1318610 601.0
1318620 600.2
1318630 600.2
1318640 599.1
1318650 598.5
1318660 598.5
1318670 597.5
1318680 596.6
1318690 596.6
1318700 595.6
1318710 594.8
1318720 594.8
1318730 594.2
1318740 593.3
1318750 592.2
1318760 592.2
1318770 591.8
1318780 591.4
1318790 591.4
1318800 591.0
1318810 589.8
1318820 589.8
1318830 589.0
1318840 588.2
1318850 588.2
1318860 587.5
1318870 586.8
1318880 586.8
1318890 586.2
1318900 585.5
1318910 585.5
1318920 584.7
1318930 583.6
1318940 583.6
1318950 583.0
1318960 582.4
1318970 582.4
1318980 581.5
1318990 581.6
1319000 581.6
1319010 580.9
1319020 579.4
1319030 578.0
1319040 578.0
1319050 576.8
1319060 575.7
1319070 575.7
1319080 575.1
1319090 574.3
1319100 574.3
1319110 573.7
1319120 573.3
1319130 573.3
1319140 572.2
1319150 570.8
1319160 570.8
1319170 570.1
1319180 569.9
1319190 569.9
1319200 569.3
1319210 568.4
1319220 568.4
1319230 566.8
1319240 564.1
1319250 564.1
1319260 563.9
1319270 564.2
1319280 564.2
1319290 563.9
1319300 563.3
1319310 562.9
1319320 562.9
1319330 562.2
1319340 561.4
1319350 561.4
1319360 560.8
1319370 559.8
1319380 559.8
1319390 559.0
1319400 558.2
1319410 558.2
1319420 557.6
1319430 556.8
1319440 556.8
1319450 555.8
1319460 554.7
1319470 554.7
1319480 554.0
1319490 553.4
1319500 553.4
1319510 552.8
1319520 551.8
1319530 551.8
1319540 551.1
1319550 550.5
1319560 550.5
1319570 550.7
1319580 550.1
1319590 549.5
1319600 549.5
1319610 548.9
1319620 548.1
1319630 548.1
1319640 547.4
1319650 546.7
1319660 546.7
1319670 546.0
1319680 545.1
1319690 545.1
1319700 542.0
1319710 537.4
1319720 537.4
1319730 536.6
1319740 537.1
1319750 537.1
1319760 536.8
1319770 535.9
1319780 535.9
1319790 535.6
1319800 535.6
1319810 535.6
1319820 535.6
1319830 536.0
1319840 536.0
1319850 535.7
1319860 535.6
1319870 535.7
1319880 535.7
1319890 535.7
1319900 535.7
1319910 535.7
1319920 535.7
1319930 535.7
1319940 535.7
1319950 535.7
1319960 535.8
1319970 535.8
1319980 535.7
1319990 535.7
