1300000 574.9
1300010 574.5
1300020 574.2
1300030 574.2
1300040 573.9
1300050 573.4
1300060 573.4
1300070 572.9
1300080 572.5
1300090 572.2
1300100 572.2
1300110 571.8
1300120 571.3
1300130 571.3
1300140 570.8
1300150 570.3
1300160 570.3
1300170 570.0
1300180 569.5
1300190 569.5
1300200 569.0
1300210 568.5
1300220 568.5
1300230 568.0
1300240 567.5
1300250 567.5
1300260 567.0
1300270 566.6
1300280 566.6
1300290 566.2
1300300 565.7
1300310 565.7
1300320 565.2
1300330 564.7
1300340 564.7
1300350 564.3
1300360 563.9
1300370 563.5
1300380 563.5
1300390 563.0
1300400 562.4
1300410 562.4
1300420 561.8
1300430 561.3
1300440 561.3
1300450 560.8
1300460 560.4
1300470 560.4
1300480 560.0
1300490 559.7
1300500 559.7
1300510 559.2
1300520 558.9
1300530 558.9
1300540 558.6
1300550 558.1
1300560 558.1
1300570 557.4
1300580 556.7
1300590 556.7
1300600 556.1
1300610 555.6
1300620 555.6
1300630 555.2
1300640 554.7
1300650 554.2
1300660 554.2
1300670 553.0
1300680 548.3
1300690 548.3
1300700 545.4
1300710 544.5
1300720 544.5
1300730 544.6
1300740 545.1
1300750 545.1
1300760 545.2
1300770 545.2
1300780 545.2
1300790 542.9
1300800 540.8
1300810 540.8
1300820 540.5
1300830 540.0
1300840 540.0
1300850 539.5
1300860 539.4
1300870 539.4
1300880 539.4
1300890 539.2
1300900 539.2
1300910 539.0
1300920 539.0
1300930 538.9
1300940 538.9
1300950 538.9
1300960 538.8
1300970 538.8
1300980 538.8
1300990 538.8
1301000 538.8
1301010 538.8
1301020 538.9
1301030 538.9
1301040 539.0
1301050 539.2
1301060 539.2
1301070 539.9
1301080 541.1
1301090 541.1
1301100 541.3
1301110 539.8
1301120 539.8
1301130 539.0
1301140 538.7
1301150 538.7
1301160 538.7
1301170 538.6
1301180 538.6
1301190 538.7
1301200 538.7
1301210 538.8
1301220 538.8
1301230 538.9
1301240 539.0
1301250 539.0
1301260 539.1
1301270 539.3
1301280 539.3
1301290 539.3
1301300 539.3
1301310 539.3
1301320 540.0
1301330 540.2
1301340 540.2
1301350 539.9
1301360 539.6
1301370 539.6
1301380 539.3
1301390 539.4
1301400 539.4
1301410 539.4
1301420 539.3
1301430 539.3
1301440 539.2
1301450 539.1
1301460 539.1
1301470 539.1
1301480 539.1
1301490 539.1
1301500 539.1
1301510 539.3
1301520 539.4
1301530 539.4
1301540 539.5
1301550 539.7
1301560 539.7
1301570 539.8
1301580 539.9
1301590 539.9
1301600 539.9
1301610 539.8
1301620 539.8
1301630 539.9
1301640 540.0
1301650 540.0
1301660 540.1
1301670 540.2
1301680 540.2
1301690 540.0
1301700 540.0
1301710 540.0
1301720 540.0
1301730 540.0
1301740 540.0
1301750 539.9
1301760 539.7
1301770 539.5
1301780 539.5
1301790 539.4
1301800 539.4
1301810 539.4
1301820 539.4
1301830 539.2
1301840 539.2
1301850 539.3
1301860 539.5
1301870 539.5
1301880 539.7
1301890 540.0
1301900 540.0
1301910 540.1
1301920 540.2
1301930 540.2
1301940 540.2
1301950 540.2
1301960 540.2
1301970 540.2
1301980 540.3
1301990 540.3
1302000 540.5
1302010 540.4
1302020 540.4
1302030 540.4
1302040 540.4
1302050 540.3
1302060 540.3
1302070 540.2
1302080 540.1
1302090 540.1
1302100 540.2
1302110 540.2
1302120 540.2
1302130 540.3
1302140 540.3
1302150 540.3
1302160 540.3
1302170 540.2
1302180 540.2
1302190 540.1
1302200 540.1
1302210 540.1
1302220 540.0
1302230 540.0
1302240 540.0
1302250 540.1
1302260 540.4
1302270 540.4
1302280 540.8
1302290 541.0
1302300 541.0
1302310 541.1
1302320 541.3
1302330 541.3
1302340 541.3
1302350 541.4
1302360 541.5
1302370 541.5
1302380 541.4
1302390 541.3
1302400 541.3
1302410 541.2
1302420 541.2
1302430 541.2
1302440 541.0
1302450 540.7
1302460 540.7
1302470 540.4
1302480 540.2
1302490 540.2
1302500 540.2
1302510 540.3
1302520 540.3
1302530 540.3
1302540 540.2
1302550 540.2
1302560 540.1
1302570 540.1
1302580 540.1
1302590 540.1
1302600 540.0
1302610 539.9
1302620 539.9
1302630 539.6
1302640 539.5
1302650 539.5
1302660 539.5
1302670 539.4
1302680 539.4
1302690 539.3
1302700 539.2
1302710 539.2
1302720 539.1
1302730 538.2
1302740 538.2
1302750 536.0
1302760 534.2
1302770 534.2
1302780 533.9
1302790 533.9
1302800 533.9
1302810 533.9
1302820 533.9
1302830 533.9
1302840 533.9
1302850 533.9
1302860 533.9
1302870 533.9
1302880 533.9
1302890 534.3
1302900 534.3
1302910 536.3
1302920 538.2
1302930 538.2
1302940 538.8
1302950 539.0
1302960 539.0
1302970 538.9
1302980 538.8
1302990 538.8
1303000 538.7
1303010 538.8
1303020 538.8
1303030 538.8
1303040 539.0
1303050 539.0
1303060 540.0
1303070 541.1
1303080 541.1
1303090 541.7
1303100 541.6
1303110 541.6
1303120 543.8
1303130 550.5
1303140 550.5
1303150 557.4
1303160 561.2
1303170 561.8
1303180 561.8
1303190 563.5
1303200 564.5
1303210 564.5
1303220 565.2
1303230 567.1
1303240 567.1
1303250 569.7
1303260 571.4
1303270 571.4
1303280 572.3
1303290 573.6
1303300 573.6
1303310 575.3
1303320 577.3
1303330 577.3
1303340 579.6
1303350 581.7
1303360 581.7
1303370 583.8
1303380 586.6
1303390 586.6
1303400 589.4
1303410 591.3
1303420 591.3
1303430 594.2
1303440 597.5
1303450 599.8
1303460 599.8
1303470 601.3
1303480 602.8
1303490 602.8
1303500 603.5
1303510 604.8
1303520 604.8
1303530 606.8
1303540 610.4
1303550 610.4
1303560 613.6
1303570 614.3
1303580 614.3
1303590 617.4
1303600 621.6
1303610 621.6
1303620 625.6
1303630 630.3
1303640 630.3
1303650 634.5
1303660 639.3
1303670 639.3
1303680 645.0
1303690 650.8
1303700 650.8
1303710 654.6
1303720 658.5
1303730 665.3
1303740 665.3
1303750 670.7
1303760 676.6
1303770 676.6
1303780 682.4
1303790 685.2
1303800 685.2
1303810 687.0
1303820 690.7
1303830 690.7
1303840 694.5
1303850 694.5
1303860 694.5
1303870 699.4
1303880 702.1
1303890 702.1
1303900 703.8
1303910 704.6
1303920 704.6
1303930 705.4
1303940 705.9
1303950 705.9
1303960 706.2
1303970 705.0
1303980 705.0
1303990 708.9
1304000 709.6
1304010 707.2
1304020 707.2
1304030 705.6
1304040 704.8
1304050 704.8
1304060 704.3
1304070 704.0
1304080 704.0
1304090 703.2
1304100 709.5
1304110 709.5
1304120 709.2
1304130 709.7
1304140 709.7
1304150 709.6
1304160 710.0
1304170 710.0
1304180 709.8
1304190 712.7
1304200 712.7
1304210 713.8
1304220 713.6
1304230 713.6
1304240 713.3
1304250 711.1
1304260 711.1
1304270 710.7
1304280 713.0
1304290 719.2
1304300 719.2
1304310 724.4
1304320 728.2
1304330 728.2
1304340 731.3
1304350 733.3
1304360 733.3
1304370 736.1
1304380 738.6
1304390 738.6
1304400 742.5
1304410 745.0
1304420 745.0
1304430 746.2
1304440 747.9
1304450 747.9
1304460 750.5
1304470 754.4
1304480 754.4
1304490 760.1
1304500 764.8
1304510 764.8
1304520 768.0
1304530 772.3
1304540 772.3
1304550 775.9
1304560 779.1
1304570 783.2
1304580 783.2
1304590 788.6
1304600 793.4
1304610 793.4
1304620 800.8
1304630 811.5
1304640 811.5
1304650 818.9
1304660 825.1
1304670 825.1
1304680 831.4
1304690 836.5
1304700 836.5
1304710 843.4
1304720 849.3
1304730 849.3
1304740 855.6
1304750 861.1
1304760 861.1
1304770 865.4
1304780 868.0
1304790 868.0
1304800 867.7
1304810 870.5
1304820 870.5
1304830 867.2
1304840 864.9
1304850 864.5
1304860 864.5
1304870 864.4
1304880 866.7
1304890 866.7
1304900 870.9
1304910 876.1
1304920 876.1
1304930 882.1
1304940 886.9
1304950 886.9
1304960 886.6
1304970 883.9
1304980 883.9
1304990 884.7
1305000 887.5
1305010 887.5
1305020 889.9
1305030 893.8
1305040 893.8
1305050 898.8
1305060 904.7
1305070 904.7
1305080 912.2
1305090 913.7
1305100 913.7
1305110 907.3
1305120 902.5
1305130 901.5
1305140 901.5
1305150 901.5
1305160 895.0
1305170 895.0
1305180 889.8
1305190 888.7
1305200 888.7
1305210 894.5
1305220 900.4
1305230 900.4
1305240 905.9
1305250 912.0
1305260 912.0
1305270 918.4
1305280 923.9
1305290 923.9
1305300 926.0
1305310 926.1
1305320 926.1
1305330 927.2
1305340 927.4
1305350 927.4
1305360 924.2
1305370 921.1
1305380 921.1
1305390 920.7
1305400 922.3
1305410 922.3
1305420 927.7
1305430 934.3
1305440 940.8
1305450 940.8
1305460 945.9
1305470 947.3
1305480 947.3
1305490 947.9
1305500 948.3
1305510 948.3
1305520 950.3
1305530 950.2
1305540 950.2
1305550 947.1
1305560 941.7
1305570 941.7
1305580 939.6
1305590 938.4
1305600 938.4
1305610 936.0
1305620 937.3
1305630 937.3
1305640 941.4
1305650 945.3
1305660 945.3
1305670 944.8
1305680 941.3
1305690 941.3
1305700 935.7
1305710 930.5
1305720 927.5
1305730 927.5
1305740 927.5
1305750 927.1
1305760 927.1
1305770 927.0
1305780 925.8
1305790 925.8
1305800 919.5
1305810 915.4
1305820 915.4
1305830 915.7
1305840 917.6
1305850 917.6
1305860 920.5
1305870 925.3
1305880 925.3
1305890 932.1
1305900 938.7
1305910 938.7
1305920 945.2
1305930 952.7
1305940 952.7
1305950 960.1
1305960 967.2
1305970 967.2
1305980 973.5
1305990 977.2
1306000 978.4
1306010 978.4
1306020 976.9
1306030 975.9
1306040 975.9
1306050 977.6
1306060 981.1
1306070 981.1
1306080 986.3
1306090 991.9
1306100 991.9
1306110 993.5
1306120 993.6
1306130 993.6
1306140 992.7
1306150 992.1
1306160 992.1
1306170 991.6
1306180 990.5
1306190 990.5
1306200 989.5
1306210 988.9
1306220 988.9
1306230 993.2
1306240 993.0
1306250 993.0
1306260 994.6
1306270 998.0
1306280 1002.3
1306290 1002.3
1306300 1007.1
1306310 1010.9
1306320 1010.9
1306330 1013.1
1306340 1014.8
1306350 1014.8
1306360 1016.4
1306370 1014.6
1306380 1014.6
1306390 1004.6
1306400 989.8
1306410 989.8
1306420 978.3
1306430 970.5
1306440 970.5
1306450 965.1
1306460 960.3
1306470 960.3
1306480 958.1
1306490 955.9
1306500 955.9
1306510 957.7
1306520 960.1
1306530 960.1
1306540 961.3
1306550 964.7
1306560 967.3
1306570 967.3
1306580 970.1
1306590 972.5
1306600 972.5
1306610 975.9
1306620 977.9
1306630 977.9
1306640 979.6
1306650 981.6
1306660 981.6
1306670 983.6
1306680 986.9
1306690 986.9
1306700 990.6
1306710 993.1
1306720 993.1
1306730 995.1
1306740 998.4
1306750 998.4
1306760 1004.2
1306770 1012.7
1306780 1012.7
1306790 1021.8
1306800 1030.2
1306810 1030.2
1306820 1037.6
1306830 1045.6
1306840 1054.4
1306850 1054.4
1306860 1063.4
1306870 1070.7
1306880 1070.7
1306890 1076.6
1306900 1081.3
1306910 1081.3
1306920 1086.6
1306930 1091.2
1306940 1091.2
1306950 1091.8
1306960 1096.0
1306970 1096.0
1306980 1100.9
1306990 1106.1
1307000 1106.1
1307010 1111.5
1307020 1116.0
1307030 1116.0
1307040 1118.5
1307050 1120.3
1307060 1120.3
1307070 1122.1
1307080 1124.2
1307090 1124.2
1307100 1126.3
1307110 1128.4
1307120 1130.7
1307130 1130.7
1307140 1132.4
1307150 1132.7
1307160 1132.7
1307170 1131.2
1307180 1131.4
1307190 1131.4
1307200 1134.0
1307210 1139.0
1307220 1139.0
1307230 1143.3
1307240 1146.7
1307250 1146.7
1307260 1149.8
1307270 1153.7
1307280 1153.7
1307290 1157.7
1307300 1162.1
1307310 1162.1
1307320 1165.9
1307330 1169.5
1307340 1169.5
1307350 1172.7
1307360 1176.1
1307370 1176.1
1307380 1179.0
1307390 1181.7
1307400 1185.0
1307410 1185.0
1307420 1188.6
1307430 1192.3
1307440 1192.3
1307450 1195.5
1307460 1199.5
1307470 1199.5
1307480 1203.8
1307490 1207.5
1307500 1207.5
1307510 1211.5
1307520 1215.6
1307530 1215.6
1307540 1219.3
1307550 1222.5
1307560 1222.5
1307570 1225.3
1307580 1227.9
1307590 1227.9
1307600 1230.9
1307610 1233.7
1307620 1233.7
1307630 1235.9
1307640 1237.3
1307650 1237.3
1307660 1239.7
1307670 1246.3
1307680 1253.4
1307690 1253.4
1307700 1260.8
1307710 1267.6
1307720 1267.6
1307730 1273.3
1307740 1279.2
1307750 1279.2
1307760 1285.8
1307770 1292.7
1307780 1292.7
1307790 1299.3
1307800 1305.0
1307810 1305.0
1307820 1309.2
1307830 1313.2
1307840 1313.2
1307850 1316.7
1307860 1320.6
1307870 1320.6
1307880 1325.3
1307890 1329.5
1307900 1329.5
1307910 1332.9
1307920 1336.0
1307930 1336.0
1307940 1338.6
1307950 1340.5
1307960 1342.0
1307970 1342.0
1307980 1344.8
1307990 1350.8
1308000 1350.8
1308010 1356.7
1308020 1361.5
1308030 1361.5
1308040 1363.9
1308050 1365.0
1308060 1365.0
1308070 1367.8
1308080 1372.6
1308090 1372.6
1308100 1377.9
1308110 1384.0
1308120 1384.0
1308130 1389.8
1308140 1395.3
1308150 1395.3
1308160 1401.6
1308170 1405.1
1308180 1405.1
1308190 1406.8
1308200 1412.9
1308210 1412.9
1308220 1419.4
1308230 1422.7
1308240 1426.1
1308250 1426.1
1308260 1429.7
1308270 1433.4
1308280 1433.4
1308290 1437.6
1308300 1442.6
1308310 1442.6
1308320 1447.8
1308330 1452.3
1308340 1452.3
1308350 1455.8
1308360 1459.6
1308370 1459.6
1308380 1464.2
1308390 1466.4
1308400 1466.4
1308410 1470.1
1308420 1473.8
1308430 1473.8
1308440 1477.6
1308450 1481.7
1308460 1481.7
1308470 1486.3
1308480 1490.7
1308490 1490.7
1308500 1495.3
1308510 1500.7
1308520 1506.1
1308530 1506.1
1308540 1511.9
1308550 1518.0
1308560 1518.0
1308570 1523.7
1308580 1530.0
1308590 1530.0
1308600 1535.9
1308610 1541.8
1308620 1541.8
1308630 1547.4
1308640 1552.7
1308650 1552.7
1308660 1558.5
1308670 1563.6
1308680 1563.6
1308690 1568.7
1308700 1574.2
1308710 1574.2
1308720 1579.8
1308730 1585.4
1308740 1585.4
1308750 1591.0
1308760 1596.8
1308770 1596.8
1308780 1602.7
1308790 1608.6
1308800 1614.4
1308810 1614.4
1308820 1620.5
1308830 1627.1
1308840 1627.1
1308850 1634.3
1308860 1641.8
1308870 1641.8
1308880 1649.0
1308890 1656.0
1308900 1656.0
1308910 1663.4
1308920 1669.5
1308930 1669.5
1308940 1676.9
1308950 1683.7
1308960 1683.7
1308970 1690.2
1308980 1696.4
1308990 1696.4
1309000 1702.2
1309010 1707.6
1309020 1707.6
1309030 1712.1
1309040 1715.7
1309050 1715.7
1309060 1720.5
1309070 1726.2
1309080 1731.2
1309090 1731.2
1309100 1736.2
1309110 1746.6
1309120 1746.6
1309130 1753.3
1309140 1760.2
1309150 1760.2
1309160 1767.1
1309170 1773.4
1309180 1773.4
1309190 1779.2
1309200 1786.0
1309210 1786.0
1309220 1793.6
1309230 1802.2
1309240 1802.2
1309250 1810.3
1309260 1818.4
1309270 1818.4
1309280 1826.2
1309290 1834.1
1309300 1834.1
1309310 1841.5
1309320 1848.8
1309330 1848.8
1309340 1856.2
1309350 1863.1
1309360 1869.4
1309370 1869.4
1309380 1875.4
1309390 1881.4
1309400 1881.4
1309410 1887.6
1309420 1892.5
1309430 1892.5
1309440 1892.9
1309450 1886.9
1309460 1886.9
1309470 1880.0
1309480 1873.5
1309490 1873.5
1309500 1867.2
1309510 1861.0
1309520 1861.0
1309530 1853.7
1309540 1845.5
1309550 1845.5
1309560 1837.0
1309570 1827.9
1309580 1827.9
1309590 1819.1
1309600 1811.5
1309610 1811.5
1309620 1804.2
1309630 1797.2
1309640 1790.3
1309650 1790.3
1309660 1783.5
1309670 1776.7
1309680 1776.7
1309690 1770.1
1309700 1763.9
1309710 1763.9
1309720 1757.9
1309730 1752.1
1309740 1752.1
1309750 1746.6
1309760 1741.3
1309770 1741.3
1309780 1735.8
1309790 1730.5
1309800 1730.5
1309810 1725.3
1309820 1719.9
1309830 1719.9
1309840 1713.7
1309850 1708.3
1309860 1708.3
1309870 1703.8
1309880 1702.0
1309890 1702.0
1309900 1700.1
1309910 1697.7
1309920 1696.3
1309930 1696.3
1309940 1695.0
1309950 1692.9
1309960 1692.9
1309970 1692.2
1309980 1690.7
1309990 1690.7
1310000 1689.1
1310010 1687.9
1310020 1687.9
1310030 1686.2
1310040 1684.4
1310050 1684.4
1310060 1682.2
1310070 1680.9
1310080 1680.9
1310090 1680.6
1310100 1679.7
1310110 1679.7
1310120 1678.2
1310130 1674.2
1310140 1674.2
1310150 1668.8
1310160 1666.5
1310170 1666.5
1310180 1667.1
1310190 1668.0
1310200 1668.6
1310210 1668.6
1310220 1669.2
1310230 1667.4
1310240 1667.4
1310250 1666.4
1310260 1668.0
1310270 1668.0
1310280 1669.9
1310290 1672.1
1310300 1672.1
1310310 1675.7
1310320 1679.7
1310330 1679.7
1310340 1683.3
1310350 1686.6
1310360 1686.6
1310370 1690.2
1310380 1693.4
1310390 1693.4
1310400 1696.8
1310410 1699.6
1310420 1699.6
1310430 1700.3
1310440 1704.8
1310450 1704.8
1310460 1712.2
1310470 1720.4
1310480 1726.8
1310490 1726.8
1310500 1732.5
1310510 1738.0
1310520 1738.0
1310530 1744.0
1310540 1749.9
1310550 1749.9
1310560 1755.1
1310570 1769.5
1310580 1769.5
1310590 1777.0
1310600 1782.9
1310610 1782.9
1310620 1788.1
1310630 1794.0
1310640 1794.0
1310650 1798.6
1310660 1799.0
1310670 1799.0
1310680 1800.8
1310690 1805.3
1310700 1805.3
1310710 1809.3
1310720 1812.2
1310730 1812.2
1310740 1816.2
1310750 1822.8
1310760 1829.0
1310770 1829.0
1310780 1833.0
1310790 1836.3
1310800 1836.3
1310810 1841.0
1310820 1845.4
1310830 1845.4
1310840 1849.3
1310850 1853.4
1310860 1853.4
1310870 1859.1
1310880 1864.8
1310890 1864.8
1310900 1868.9
1310910 1871.8
1310920 1871.8
1310930 1873.8
1310940 1873.8
1310950 1873.8
1310960 1872.8
1310970 1871.1
1310980 1871.1
1310990 1867.0
1311000 1862.3
1311010 1862.3
1311020 1859.8
1311030 1857.5
1311040 1854.8
1311050 1854.8
1311060 1852.0
1311070 1849.4
1311080 1849.4
1311090 1846.8
1311100 1843.6
1311110 1843.6
1311120 1839.1
1311130 1834.5
1311140 1834.5
1311150 1831.3
1311160 1830.9
1311170 1830.9
1311180 1832.0
1311190 1832.4
1311200 1832.4
1311210 1832.6
1311220 1832.1
1311230 1832.1
1311240 1829.9
1311250 1825.2
1311260 1825.2
1311270 1818.2
1311280 1810.6
1311290 1810.6
1311300 1801.5
1311310 1793.8
1311320 1786.0
1311330 1786.0
1311340 1778.6
1311350 1771.1
1311360 1771.1
1311370 1763.8
1311380 1756.3
1311390 1756.3
1311400 1748.4
1311410 1740.4
1311420 1740.4
1311430 1732.7
1311440 1725.2
1311450 1725.2
1311460 1718.3
1311470 1710.7
1311480 1710.7
1311490 1703.1
1311500 1696.3
1311510 1696.3
1311520 1689.4
1311530 1683.1
1311540 1683.1
1311550 1677.2
1311560 1671.4
1311570 1671.4
1311580 1665.6
1311590 1660.4
1311600 1656.0
1311610 1656.0
1311620 1651.7
1311630 1647.2
1311640 1647.2
1311650 1642.9
1311660 1638.7
1311670 1638.7
1311680 1634.1
1311690 1629.3
1311700 1629.3
1311710 1623.7
1311720 1616.7
1311730 1616.7
1311740 1609.4
1311750 1602.6
1311760 1602.6
1311770 1596.1
1311780 1590.2
1311790 1590.2
1311800 1584.8
1311810 1579.6
1311820 1579.6
1311830 1573.9
1311840 1567.7
1311850 1567.7
1311860 1561.9
1311870 1556.9
1311880 1552.5
1311890 1552.5
1311900 1548.2
1311910 1544.2
1311920 1544.2
1311930 1540.3
1311940 1536.8
1311950 1536.8
1311960 1533.4
1311970 1530.2
1311980 1530.2
1311990 1527.1
1312000 1523.4
1312010 1523.4
1312020 1519.8
1312030 1516.6
1312040 1515.1
1312050 1512.4
1312060 1510.6
1312070 1510.6
1312080 1507.6
1312090 1503.1
1312100 1503.1
1312110 1500.1
1312120 1498.8
1312130 1498.8
1312140 1498.3
1312150 1497.9
1312160 1497.5
1312170 1497.5
1312180 1497.2
1312190 1495.9
1312200 1495.9
1312210 1493.8
1312220 1491.8
1312230 1491.8
1312240 1491.2
1312250 1491.0
1312260 1491.0
1312270 1491.0
1312280 1489.7
1312290 1489.7
1312300 1486.9
1312310 1484.3
1312320 1484.3
1312330 1481.7
1312340 1480.1
1312350 1480.1
1312360 1483.9
1312370 1488.7
1312380 1488.7
1312390 1491.5
1312400 1492.9
1312410 1492.9
1312420 1494.2
1312430 1495.6
1312440 1496.9
1312450 1496.9
1312460 1497.8
1312470 1498.3
1312480 1498.3
1312490 1498.5
1312500 1498.3
1312510 1498.3
1312520 1497.8
1312530 1497.0
1312540 1497.0
1312550 1496.5
1312560 1497.1
1312570 1497.1
1312580 1499.1
1312590 1501.1
1312600 1501.1
1312610 1501.6
1312620 1501.7
1312630 1501.7
1312640 1502.2
1312650 1504.0
1312660 1504.0
1312670 1508.0
1312680 1513.2
1312690 1513.2
1312700 1518.8
1312710 1524.6
1312720 1529.4
1312730 1529.4
1312740 1532.7
1312750 1535.2
1312760 1535.2
1312770 1537.1
1312780 1544.0
1312790 1544.0
1312800 1547.2
1312810 1549.0
1312820 1549.0
1312830 1550.2
1312840 1551.6
1312850 1551.6
1312860 1553.4
1312870 1555.8
1312880 1555.8
1312890 1558.4
1312900 1561.1
1312910 1561.1
1312920 1563.6
1312930 1565.3
1312940 1565.3
1312950 1568.2
1312960 1570.6
1312970 1570.6
1312980 1570.8
1312990 1570.2
1313000 1570.2
1313010 1570.2
1313020 1574.3
1313030 1580.6
1313040 1580.6
1313050 1585.4
1313060 1588.4
1313070 1588.4
1313080 1591.2
1313090 1593.9
1313100 1593.9
1313110 1596.3
1313120 1599.5
1313130 1599.5
1313140 1603.2
1313150 1606.5
1313160 1606.5
1313170 1609.2
1313180 1612.2
1313190 1612.2
1313200 1614.8
1313210 1616.5
1313220 1616.5
1313230 1617.9
1313240 1620.1
1313250 1620.1
1313260 1622.3
1313270 1623.6
1313280 1624.5
1313290 1624.5
1313300 1625.9
1313310 1626.7
1313320 1626.7
1313330 1626.0
1313340 1630.0
1313350 1630.0
1313360 1633.3
1313370 1635.8
1313380 1635.8
1313390 1636.5
1313400 1637.2
1313410 1637.2
1313420 1637.4
1313430 1636.2
1313440 1636.2
1313450 1638.4
1313460 1642.9
1313470 1642.9
1313480 1647.1
1313490 1648.2
1313500 1648.2
1313510 1649.6
1313520 1654.7
1313530 1654.7
1313540 1656.7
1313550 1658.8
1313560 1660.7
1313570 1660.7
1313580 1662.2
1313590 1663.5
1313600 1663.5
1313610 1664.7
1313620 1666.8
1313630 1666.8
1313640 1669.8
1313650 1675.1
1313660 1675.1
1313670 1677.0
1313680 1676.9
1313690 1676.9
1313700 1676.9
1313710 1677.4
1313720 1677.4
1313730 1676.8
1313740 1671.5
1313750 1671.5
1313760 1663.7
1313770 1656.5
1313780 1656.5
1313790 1649.4
1313800 1642.2
1313810 1642.2
1313820 1635.8
1313830 1629.1
1313840 1622.9
1313850 1622.9
1313860 1616.8
1313870 1611.9
1313880 1611.9
1313890 1608.6
1313900 1605.9
1313910 1605.9
1313920 1600.7
1313930 1594.0
1313940 1594.0
1313950 1586.8
1313960 1580.6
1313970 1580.6
1313980 1575.7
1313990 1574.8
1314000 1574.8
1314010 1573.3
1314020 1571.4
1314030 1571.4
1314040 1569.3
1314050 1565.7
1314060 1565.7
1314070 1561.4
1314080 1556.1
1314090 1556.1
1314100 1550.1
1314110 1544.8
1314120 1539.8
1314130 1539.8
1314140 1533.9
1314150 1527.0
1314160 1527.0
1314170 1519.9
1314180 1513.0
1314190 1513.0
1314200 1506.7
1314210 1500.2
1314220 1500.2
1314230 1494.7
1314240 1490.0
1314250 1490.0
1314260 1485.6
1314270 1480.2
1314280 1480.2
1314290 1475.8
1314300 1471.6
1314310 1471.6
1314320 1467.5
1314330 1463.0
1314340 1463.0
1314350 1458.0
1314360 1453.2
1314370 1453.2
1314380 1448.7
1314390 1444.9
1314400 1441.6
1314410 1441.6
1314420 1438.5
1314430 1435.4
1314440 1435.4
1314450 1433.0
1314460 1430.8
1314470 1430.8
1314480 1428.4
1314490 1424.7
1314500 1424.7
1314510 1420.1
1314520 1415.8
1314530 1415.8
1314540 1411.4
1314550 1406.7
1314560 1406.7
1314570 1402.2
1314580 1397.4
1314590 1397.4
1314600 1392.7
1314610 1387.9
1314620 1387.9
1314630 1383.6
1314640 1379.7
1314650 1379.7
1314660 1375.7
1314670 1371.3
1314680 1366.6
1314690 1366.6
1314700 1362.0
1314710 1358.9
1314720 1358.9
1314730 1355.1
1314740 1350.8
1314750 1350.8
1314760 1346.5
1314770 1342.5
1314780 1342.5
1314790 1339.1
1314800 1337.1
1314810 1337.1
1314820 1334.7
1314830 1329.5
1314840 1329.5
1314850 1326.0
1314860 1323.6
1314870 1323.6
1314880 1320.9
1314890 1317.2
1314900 1317.2
1314910 1311.5
1314920 1305.0
1314930 1305.0
1314940 1298.6
1314950 1294.2
1314960 1291.7
1314970 1291.7
1314980 1289.4
1314990 1287.2
1315000 1287.2
1315010 1285.1
1315020 1277.7
1315030 1277.7
1315040 1275.7
1315050 1272.6
1315060 1272.6
1315070 1268.2
1315080 1262.6
1315090 1262.6
1315100 1258.7
1315110 1256.4
1315120 1256.4
1315130 1253.9
1315140 1251.8
1315150 1251.8
1315160 1249.3
1315170 1246.0
1315180 1246.0
1315190 1243.3
1315200 1239.7
1315210 1239.7
1315220 1235.3
1315230 1232.1
1315240 1229.8
1315250 1229.8
1315260 1226.8
1315270 1223.9
1315280 1223.9
1315290 1220.8
1315300 1216.3
1315310 1216.3
1315320 1211.5
1315330 1208.7
1315340 1208.7
1315350 1207.6
1315360 1205.7
1315370 1205.7
1315380 1203.3
1315390 1199.6
1315400 1199.6
1315410 1195.2
1315420 1191.1
1315430 1191.1
1315440 1189.1
1315450 1188.2
1315460 1188.2
1315470 1186.5
1315480 1183.0
1315490 1183.0
1315500 1177.5
1315510 1171.2
1315520 1165.6
1315530 1165.6
1315540 1160.6
1315550 1155.9
1315560 1155.9
1315570 1152.7
1315580 1151.4
1315590 1151.4
1315600 1147.6
1315610 1139.1
1315620 1139.1
1315630 1130.3
1315640 1121.5
1315650 1121.5
1315660 1119.3
1315670 1123.0
1315680 1123.0
1315690 1127.4
1315700 1131.0
1315710 1131.0
1315720 1133.2
1315730 1135.1
1315740 1135.1
1315750 1134.9
1315760 1134.4
1315770 1127.5
1315780 1128.4
1315790 1130.3
1315800 1132.8
1315810 1132.8
1315820 1135.1
1315830 1137.5
1315840 1137.5
1315850 1140.2
1315860 1144.2
1315870 1144.2
1315880 1148.2
1315890 1151.7
1315900 1151.7
1315910 1153.0
1315920 1151.2
1315930 1151.2
1315940 1147.4
1315950 1143.4
1315960 1143.4
1315970 1138.9
1315980 1134.4
1315990 1134.4
1316000 1129.6
1316010 1124.7
1316020 1124.7
1316030 1121.7
1316040 1117.9
1316050 1117.9
1316060 1113.9
1316070 1109.8
1316080 1106.1
1316090 1106.1
1316100 1102.4
1316110 1098.9
1316120 1098.9
1316130 1095.6
1316140 1092.3
1316150 1092.3
1316160 1089.0
1316170 1085.8
1316180 1085.8
1316190 1082.8
1316200 1079.2
1316210 1079.2
1316220 1074.3
1316230 1068.7
1316240 1068.7
1316250 1063.4
1316260 1058.2
1316270 1058.2
1316280 1053.9
1316290 1050.4
1316300 1050.4
1316310 1047.4
1316320 1043.5
1316330 1043.5
1316340 1038.5
1316350 1034.1
1316360 1030.6
1316370 1030.6
1316380 1027.6
1316390 1023.2
1316400 1023.2
1316410 1018.0
1316420 1012.9
1316430 1012.9
1316440 1008.0
1316450 1003.9
1316460 1003.9
1316470 1000.0
1316480 995.6
1316490 995.6
1316500 990.9
1316510 988.2
1316520 988.2
1316530 983.2
1316540 980.1
1316550 980.1
1316560 977.1
1316570 973.2
1316580 973.2
1316590 969.1
1316600 965.4
1316610 965.4
1316620 961.7
1316630 956.9
1316640 951.8
1316650 951.8
1316660 947.8
1316670 944.2
1316680 944.2
1316690 940.4
1316700 935.9
1316710 935.9
1316720 930.4
1316730 925.2
1316740 925.2
1316750 920.5
1316760 915.9
1316770 915.9
1316780 911.1
1316790 906.0
1316800 906.0
1316810 900.9
1316820 896.0
1316830 896.0
1316840 891.4
1316850 886.0
1316860 886.0
1316870 880.5
1316880 876.8
1316890 876.8
1316900 872.6
1316910 869.3
1316920 865.8
1316930 865.8
1316940 862.0
1316950 858.9
1316960 858.9
1316970 854.4
1316980 848.5
1316990 848.5
1317000 842.9
1317010 839.0
1317020 839.0
1317030 836.4
1317040 834.6
1317050 834.6
1317060 831.9
1317070 828.3
1317080 828.3
1317090 824.0
1317100 819.3
1317110 819.3
1317120 814.6
1317130 810.3
1317140 810.3
1317150 806.5
1317160 803.1
1317170 803.1
1317180 800.6
1317190 797.8
1317200 794.3
1317210 794.3
1317220 790.4
1317230 786.4
1317240 786.4
1317250 782.2
1317260 778.0
1317270 778.0
1317280 773.7
1317290 769.0
1317300 769.0
1317310 765.9
1317320 762.7
1317330 762.7
1317340 759.7
1317350 756.7
1317360 756.7
1317370 753.8
1317380 751.1
1317390 751.1
1317400 748.6
1317410 746.6
1317420 746.6
1317430 744.0
1317440 741.8
1317450 741.8
1317460 740.8
1317470 740.6
1317480 737.0
1317490 737.0
1317500 733.5
1317510 731.3
1317520 731.3
1317530 729.5
1317540 727.5
1317550 727.5
1317560 725.3
1317570 723.5
1317580 723.5
1317590 721.9
1317600 721.2
1317610 721.2
1317620 721.3
1317630 720.8
1317640 720.8
1317650 719.8
1317660 718.4
1317670 718.4
1317680 716.8
1317690 714.8
1317700 714.8
1317710 711.9
1317720 707.8
1317730 707.8
1317740 703.6
1317750 699.1
1317760 695.0
1317770 695.0
1317780 692.5
1317790 690.8
1317800 690.8
1317810 689.0
1317820 687.2
1317830 687.2
1317840 686.2
1317850 685.3
1317860 685.3
1317870 684.3
1317880 683.2
1317890 683.2
1317900 682.4
1317910 681.6
1317920 681.6
1317930 680.4
1317940 679.5
1317950 679.5
1317960 678.5
1317970 677.5
1317980 677.5
1317990 676.6
1318000 675.1
1318010 675.1
1318020 674.0
1318030 673.2
1318040 671.8
1318050 671.8
1318060 671.4
1318070 670.4
1318080 670.4
1318090 669.0
1318100 668.0
1318110 668.0
1318120 665.9
1318130 664.3
1318140 664.3
1318150 663.5
1318160 662.4
1318170 662.4
1318180 661.6
1318190 660.0
1318200 660.0
1318210 659.1
1318220 658.2
1318230 658.2
1318240 657.2
1318250 656.4
1318260 656.4
1318270 654.2
1318280 653.3
1318290 653.3
1318300 653.8
1318310 652.7
1318320 650.7
1318330 650.7
1318340 648.6
1318350 646.7
1318360 646.7
1318370 645.4
1318380 644.3
1318390 644.3
1318400 643.3
1318410 642.4
1318420 642.4
1318430 641.5
1318440 640.6
1318450 640.6
1318460 639.6
1318470 638.7
1318480 638.7
1318490 637.7
1318500 636.8
1318510 636.8
1318520 635.7
1318530 634.3
1318540 634.3
1318550 633.3
1318560 632.3
1318570 632.3
1318580 631.3
1318590 630.2
1318600 629.2
1318610 629.2
1318620 628.0
1318630 626.9
1318640 626.9
1318650 625.9
1318660 624.9
1318670 624.9
1318680 624.0
1318690 623.0
1318700 623.0
1318710 622.0
1318720 621.0
1318730 621.0
1318740 620.0
1318750 619.1
1318760 619.1
1318770 618.3
1318780 616.6
1318790 616.6
1318800 615.2
1318810 614.0
1318820 614.2
1318830 613.3
1318840 611.6
1318850 611.6
1318860 610.9
1318870 610.8
1318880 610.3
1318890 610.3
1318900 609.2
1318910 608.1
1318920 608.1
1318930 607.0
1318940 605.9
1318950 605.9
1318960 604.8
1318970 604.0
1318980 604.0
1318990 603.2
1319000 602.1
1319010 602.1
1319020 600.9
1319030 599.7
1319040 599.7
1319050 598.7
1319060 597.7
1319070 597.7
1319080 596.7
1319090 595.4
1319100 595.4
1319110 594.2
1319120 593.3
1319130 593.3
1319140 591.8
1319150 590.6
1319160 589.6
1319170 589.6
1319180 588.7
1319190 587.8
1319200 587.8
1319210 587.1
1319220 586.3
1319230 586.3
1319240 585.3
1319250 584.2
1319260 584.2
1319270 583.1
1319280 582.0
1319290 582.0
1319300 581.0
1319310 579.8
1319320 579.8
1319330 578.7
1319340 577.8
1319350 577.8
1319360 576.9
1319370 576.1
1319380 576.1
1319390 575.5
1319400 574.8
1319410 574.8
1319420 574.0
1319430 573.2
1319440 572.4
1319450 572.4
1319460 571.7
1319470 571.1
1319480 571.1
1319490 570.1
1319500 569.1
1319510 569.1
1319520 568.3
1319530 567.4
1319540 567.4
1319550 566.5
1319560 565.6
1319570 565.6
1319580 564.6
1319590 564.0
1319600 564.0
1319610 563.2
1319620 562.3
1319630 562.3
1319640 561.5
1319650 560.8
1319660 560.8
1319670 560.6
1319680 560.2
1319690 560.2
1319700 558.3
1319710 557.4
1319720 556.5
1319730 556.5
1319740 555.6
1319750 554.8
1319760 554.8
1319770 554.1
1319780 553.7
1319790 553.7
1319800 553.4
1319810 553.0
1319820 553.0
1319830 552.4
1319840 552.2
1319850 552.2
1319860 552.0
1319870 551.3
1319880 551.3
1319890 550.5
1319900 550.5
1319910 550.5
1319920 550.2
1319930 549.3
1319940 549.3
1319950 548.3
1319960 548.2
1319970 548.2
1319980 548.1
1319990 548.3
