1300000 764.3
1300010 762.7
1300020 760.8
1300030 758.1
1300040 758.1
1300050 754.8
1300060 752.2
1300070 752.2
1300080 749.8
1300090 747.1
1300100 747.1
1300110 744.6
1300120 742.3
1300130 742.3
1300140 741.0
1300150 741.7
1300160 741.7
1300170 741.4
1300180 738.4
1300190 735.5
1300200 730.7
1300210 726.4
1300220 726.4
1300230 721.6
1300240 716.4
1300250 716.4
1300260 710.9
1300270 705.6
1300280 705.6
1300290 700.6
1300300 695.7
1300310 691.0
1300320 691.0
1300330 686.9
1300340 683.5
1300350 683.5
1300360 681.0
1300370 677.9
1300380 677.9
1300390 674.8
1300400 672.6
1300410 672.6
1300420 669.2
1300430 669.9
1300440 669.9
1300450 669.5
1300460 667.6
1300470 667.6
1300480 664.4
1300490 661.9
1300500 661.9
1300510 662.2
1300520 660.9
1300530 660.9
1300540 656.8
1300550 652.2
1300560 652.2
1300570 647.6
1300580 642.9
1300590 637.7
1300600 637.7
1300610 632.4
1300620 627.5
1300630 627.5
1300640 623.1
1300650 619.4
1300660 619.4
1300670 616.8
1300680 615.4
1300690 615.4
1300700 614.7
1300710 614.4
1300720 614.4
1300730 613.8
1300740 611.5
1300750 611.5
1300760 609.6
1300770 607.2
1300780 607.2
1300790 604.7
1300800 600.9
1300810 600.9
1300820 597.3
1300830 593.6
1300840 593.6
1300850 588.7
1300860 583.7
1300870 581.5
1300880 579.7
1300890 578.7
1300900 577.6
1300910 577.6
1300920 576.7
1300930 576.4
1300940 576.4
1300950 575.9
1300960 574.1
1300970 574.1
1300980 570.7
1300990 568.5
1301000 568.5
1301010 567.0
1301020 565.8
1301030 565.8
1301040 563.5
1301050 562.0
1301060 562.0
1301070 561.1
1301080 559.9
1301090 559.9
1301100 559.1
1301110 558.4
1301120 558.4
1301130 557.6
1301140 556.7
1301150 556.5
1301160 556.5
1301170 557.1
1301180 557.7
1301190 557.7
1301200 557.2
1301210 555.9
1301220 555.9
1301230 555.4
1301240 554.4
1301250 554.4
1301260 554.7
1301270 555.0
1301280 555.0
1301290 554.6
1301300 553.3
1301310 553.3
1301320 552.2
1301330 550.4
1301340 550.4
1301350 547.4
1301360 544.5
1301370 544.5
1301380 541.7
1301390 539.8
1301400 539.8
1301410 538.9
1301420 538.6
1301430 538.6
1301440 538.6
1301450 538.3
1301460 537.6
1301470 537.6
1301480 537.5
1301490 537.5
1301500 537.5
1301510 537.6
1301520 537.5
1301530 537.5
1301540 537.4
1301550 537.5
1301560 537.5
1301570 537.4
1301580 537.5
1301590 537.5
1301600 537.5
1301610 537.4
1301620 537.4
1301630 537.4
1301640 537.2
1301650 537.2
1301660 537.0
1301670 537.0
1301680 537.0
1301690 536.8
1301700 536.5
1301710 536.4
1301720 536.4
1301730 536.3
1301740 536.4
1301750 536.4
1301760 536.4
1301770 536.5
1301780 536.5
1301790 536.3
1301800 536.2
1301810 536.2
1301820 536.7
1301830 537.0
1301840 537.0
1301850 537.1
1301860 537.1
1301870 537.1
1301880 537.0
1301890 537.0
1301900 537.0
1301910 537.1
1301920 537.0
1301930 537.0
1301940 537.0
1301950 537.1
1301960 537.1
1301970 537.3
1301980 537.6
1301990 537.6
1302000 537.8
1302010 537.8
1302020 537.7
1302030 537.7
1302040 537.9
1302050 537.9
1302060 537.9
1302070 537.8
1302080 537.6
1302090 537.6
1302100 537.3
1302110 537.0
1302120 537.0
1302130 536.8
1302140 536.7
1302150 536.7
1302160 536.6
1302170 536.8
1302180 536.8
1302190 536.9
1302200 537.1
1302210 537.1
1302220 537.3
1302230 537.5
1302240 537.5
1302250 537.6
1302260 537.6
1302270 537.5
1302280 537.3
1302290 537.3
1302300 537.3
1302310 537.3
1302320 537.3
1302330 537.4
1302340 537.4
1302350 537.4
1302360 537.3
1302370 537.3
1302380 536.7
1302390 535.7
1302400 535.7
1302410 535.1
1302420 534.8
1302430 534.8
1302440 535.0
1302450 535.7
1302460 535.7
1302470 536.3
1302480 536.7
1302490 536.7
1302500 537.0
1302510 537.3
1302520 537.3
1302530 537.3
1302540 537.3
1302550 537.3
1302560 537.3
1302570 537.3
1302580 537.1
1302590 537.1
1302600 537.0
1302610 537.5
1302620 537.5
1302630 537.7
1302640 537.7
1302650 537.7
1302660 537.7
1302670 537.6
1302680 537.6
1302690 537.6
1302700 537.5
1302710 537.5
1302720 537.5
1302730 537.6
1302740 537.6
1302750 537.6
1302760 537.5
1302770 537.5
1302780 537.5
1302790 537.5
1302800 537.5
1302810 537.6
1302820 537.4
1302830 537.4
1302840 537.2
1302850 537.2
1302860 537.3
1302870 537.3
1302880 537.4
1302890 537.4
1302900 537.4
1302910 537.3
1302920 537.3
1302930 537.3
1302940 537.2
1302950 537.2
1302960 537.2
1302970 537.3
1302980 537.4
1302990 537.4
1303000 537.4
1303010 537.3
1303020 537.3
1303030 537.3
1303040 537.0
1303050 537.0
1303060 536.4
1303070 533.5
1303080 533.5
1303090 532.8
1303100 532.8
1303110 532.8
1303120 532.8
1303130 532.8
1303140 532.8
1303150 532.8
1303160 532.8
1303170 532.8
1303180 532.8
1303190 534.6
1303200 537.5
1303210 537.5
1303220 537.7
1303230 537.8
1303240 537.8
1303250 537.8
1303260 537.7
1303270 537.7
1303280 537.5
1303290 537.2
1303300 537.2
1303310 537.0
1303320 537.3
1303330 537.3
1303340 537.4
1303350 537.5
1303360 537.5
1303370 537.6
1303380 537.7
1303390 537.7
1303400 537.7
1303410 538.7
1303420 540.6
1303430 540.6
1303440 540.9
1303450 541.6
1303460 541.6
1303470 542.0
1303480 542.5
1303490 542.5
1303500 543.2
1303510 544.0
1303520 544.0
1303530 544.7
1303540 545.4
1303550 545.4
1303560 546.0
1303570 546.7
1303580 546.7
1303590 547.5
1303600 548.3
1303610 548.3
1303620 549.1
1303630 549.8
1303640 549.8
1303650 550.4
1303660 551.3
1303670 551.3
1303680 553.1
1303690 553.4
1303700 554.1
1303710 554.1
1303720 554.8
1303730 555.8
1303740 555.8
1303750 556.7
1303760 557.6
1303770 557.6
1303780 558.6
1303790 560.0
1303800 560.0
1303810 561.0
1303820 561.8
1303830 561.8
1303840 562.9
1303850 564.1
1303860 564.1
1303870 565.0
1303880 566.1
1303890 566.1
1303900 567.4
1303910 568.2
1303920 568.2
1303930 569.2
1303940 570.2
1303950 570.2
1303960 571.4
1303970 572.8
1303980 573.8
1303990 573.8
1304000 575.4
1304010 576.2
1304020 576.2
1304030 577.7
1304040 579.6
1304050 579.6
1304060 580.6
1304070 582.1
1304080 582.1
1304090 583.4
1304100 584.3
1304110 584.3
1304120 585.6
1304130 587.2
1304140 587.2
1304150 588.6
1304160 590.4
1304170 590.4
1304180 591.6
1304190 591.8
1304200 591.8
1304210 592.5
1304220 594.0
1304230 594.0
1304240 594.5
1304250 594.3
1304260 594.3
1304270 593.7
1304280 594.4
1304290 596.6
1304300 596.6
1304310 599.4
1304320 601.5
1304330 601.5
1304340 603.2
1304350 604.5
1304360 604.5
1304370 605.3
1304380 607.1
1304390 607.1
1304400 608.3
1304410 609.0
1304420 609.0
1304430 609.7
1304440 610.4
1304450 610.4
1304460 611.7
1304470 613.4
1304480 613.4
1304490 614.5
1304500 615.9
1304510 615.9
1304520 617.1
1304530 617.8
1304540 617.8
1304550 618.0
1304560 618.4
1304570 619.2
1304580 619.2
1304590 619.7
1304600 620.5
1304610 620.5
1304620 621.7
1304630 622.3
1304640 622.3
1304650 622.5
1304660 622.6
1304670 622.6
1304680 622.9
1304690 623.1
1304700 623.1
1304710 623.1
1304720 623.6
1304730 623.6
1304740 624.3
1304750 625.2
1304760 625.2
1304770 626.0
1304780 626.2
1304790 626.2
1304800 625.6
1304810 625.4
1304820 625.4
1304830 626.8
1304840 628.3
1304850 631.0
1304860 631.0
1304870 636.3
1304880 641.3
1304890 641.3
1304900 644.0
1304910 644.5
1304920 644.5
1304930 644.4
1304940 644.2
1304950 644.2
1304960 644.3
1304970 645.3
1304980 645.3
1304990 647.6
1305000 652.4
1305010 652.4
1305020 655.1
1305030 657.8
1305040 657.8
1305050 663.1
1305060 670.5
1305070 670.5
1305080 677.7
1305090 683.3
1305100 683.3
1305110 687.6
1305120 692.1
1305130 696.2
1305140 696.2
1305150 701.4
1305160 706.2
1305170 706.2
1305180 707.2
1305190 701.1
1305200 701.1
1305210 701.9
1305220 704.3
1305230 704.3
1305240 706.1
1305250 708.9
1305260 708.9
1305270 712.9
1305280 716.9
1305290 716.9
1305300 720.6
1305310 723.6
1305320 723.6
1305330 726.0
1305340 728.4
1305350 728.4
1305360 729.1
1305370 730.4
1305380 730.4
1305390 733.9
1305400 738.4
1305410 740.3
1305420 740.3
1305430 740.3
1305440 740.1
1305450 740.1
1305460 741.4
1305470 744.5
1305480 744.5
1305490 747.5
1305500 750.1
1305510 750.1
1305520 752.0
1305530 753.6
1305540 753.6
1305550 754.9
1305560 756.9
1305570 756.9
1305580 758.4
1305590 762.1
1305600 762.1
1305610 764.5
1305620 764.8
1305630 764.8
1305640 766.0
1305650 767.4
1305660 767.4
1305670 765.9
1305680 763.2
1305690 760.8
1305700 760.8
1305710 759.3
1305720 759.3
1305730 759.3
1305740 759.6
1305750 760.8
1305760 760.8
1305770 763.7
1305780 768.9
1305790 768.9
1305800 771.6
1305810 772.9
1305820 772.9
1305830 774.5
1305840 777.3
1305850 777.3
1305860 781.9
1305870 785.9
1305880 785.9
1305890 790.1
1305900 794.0
1305910 794.0
1305920 797.1
1305930 799.8
1305940 799.8
1305950 803.6
1305960 806.6
1305970 808.8
1305980 808.8
1305990 810.5
1306000 813.4
1306010 813.4
1306020 817.2
1306030 820.8
1306040 820.8
1306050 824.1
1306060 826.6
1306070 826.6
1306080 827.3
1306090 828.3
1306100 828.3
1306110 830.4
1306120 831.2
1306130 831.2
1306140 831.5
1306150 835.7
1306160 835.7
1306170 841.3
1306180 844.2
1306190 844.2
1306200 846.7
1306210 849.0
1306220 849.0
1306230 851.2
1306240 852.9
1306250 854.0
1306260 854.0
1306270 856.8
1306280 857.9
1306290 857.9
1306300 864.5
1306310 871.3
1306320 871.3
1306330 877.5
1306340 882.5
1306350 882.5
1306360 884.4
1306370 886.1
1306380 886.1
1306390 890.0
1306400 894.5
1306410 894.5
1306420 898.4
1306430 902.1
1306440 902.1
1306450 906.8
1306460 911.6
1306470 911.6
1306480 918.2
1306490 924.5
1306500 924.5
1306510 930.5
1306520 944.0
1306530 949.6
1306540 949.6
1306550 955.0
1306560 959.0
1306570 959.0
1306580 964.5
1306590 969.4
1306600 969.4
1306610 974.2
1306620 978.4
1306630 978.4
1306640 983.3
1306650 987.9
1306660 987.9
1306670 992.4
1306680 996.3
1306690 996.3
1306700 1003.1
1306710 1009.8
1306720 1009.8
1306730 1014.5
1306740 1019.0
1306750 1019.0
1306760 1023.5
1306770 1029.5
1306780 1029.5
1306790 1037.7
1306800 1043.3
1306810 1043.3
1306820 1048.6
1306830 1052.9
1306840 1057.4
1306850 1057.4
1306860 1063.5
1306870 1070.5
1306880 1070.5
1306890 1079.7
1306900 1087.7
1306910 1087.7
1306920 1094.9
1306930 1101.7
1306940 1101.7
1306950 1108.0
1306960 1121.2
1306970 1121.2
1306980 1138.4
1306990 1159.7
1307000 1159.7
1307010 1174.8
1307020 1181.5
1307030 1181.5
1307040 1187.2
1307050 1193.7
1307060 1193.7
1307070 1198.5
1307080 1202.5
1307090 1202.5
1307100 1205.2
1307110 1208.9
1307120 1212.2
1307130 1212.2
1307140 1216.5
1307150 1221.3
1307160 1221.3
1307170 1226.6
1307180 1234.6
1307190 1234.6
1307200 1243.0
1307210 1246.7
1307220 1246.7
1307230 1264.1
1307240 1269.1
1307250 1269.1
1307260 1271.4
1307270 1273.5
1307280 1273.5
1307290 1276.7
1307300 1281.1
1307310 1281.1
1307320 1286.7
1307330 1290.1
1307340 1290.1
1307350 1292.6
1307360 1294.3
1307370 1294.3
1307380 1296.0
1307390 1297.4
1307400 1298.3
1307410 1298.3
1307420 1298.5
1307430 1298.5
1307440 1298.5
1307450 1296.6
1307460 1293.0
1307470 1293.0
1307480 1287.8
1307490 1285.2
1307500 1285.2
1307510 1286.9
1307520 1288.1
1307530 1288.1
1307540 1286.2
1307550 1284.0
1307560 1284.0
1307570 1286.0
1307580 1289.5
1307590 1289.5
1307600 1293.7
1307610 1298.9
1307620 1298.9
1307630 1303.3
1307640 1306.4
1307650 1306.4
1307660 1308.3
1307670 1310.1
1307680 1313.4
1307690 1313.4
1307700 1314.1
1307710 1313.1
1307720 1313.1
1307730 1311.0
1307740 1309.5
1307750 1309.5
1307760 1313.5
1307770 1318.1
1307780 1318.1
1307790 1321.0
1307800 1322.1
1307810 1322.1
1307820 1324.1
1307830 1326.2
1307840 1326.2
1307850 1326.2
1307860 1326.6
1307870 1326.6
1307880 1325.6
1307890 1329.4
1307900 1329.4
1307910 1336.2
1307920 1342.0
1307930 1342.0
1307940 1350.2
1307950 1358.8
1307960 1366.4
1307970 1366.4
1307980 1374.5
1307990 1383.1
1308000 1383.1
1308010 1392.1
1308020 1399.6
1308030 1399.6
1308040 1406.8
1308050 1414.3
1308060 1414.3
1308070 1421.4
1308080 1428.4
1308090 1428.4
1308100 1435.5
1308110 1441.5
1308120 1441.5
1308130 1450.0
1308140 1460.5
1308150 1460.5
1308160 1467.6
1308170 1467.4
1308180 1467.4
1308190 1465.0
1308200 1465.3
1308210 1465.3
1308220 1468.3
1308230 1473.7
1308240 1479.3
1308250 1479.3
1308260 1484.6
1308270 1489.6
1308280 1489.6
1308290 1492.6
1308300 1495.1
1308310 1495.1
1308320 1501.3
1308330 1509.8
1308340 1509.8
1308350 1520.9
1308360 1531.3
1308370 1531.3
1308380 1538.7
1308390 1543.4
1308400 1543.4
1308410 1541.9
1308420 1545.5
1308430 1545.5
1308440 1551.7
1308450 1555.5
1308460 1555.5
1308470 1559.7
1308480 1564.3
1308490 1564.3
1308500 1571.8
1308510 1575.9
1308520 1578.9
1308530 1578.9
1308540 1583.6
1308550 1586.8
1308560 1586.8
1308570 1595.0
1308580 1604.9
1308590 1604.9
1308600 1614.0
1308610 1623.8
1308620 1623.8
1308630 1632.7
1308640 1640.7
1308650 1640.7
1308660 1642.7
1308670 1637.7
1308680 1641.3
1308690 1635.2
1308700 1630.9
1308710 1630.9
1308720 1627.9
1308730 1623.8
1308740 1623.8
1308750 1619.2
1308760 1613.9
1308770 1613.9
1308780 1608.1
1308790 1602.3
1308800 1595.3
1308810 1595.3
1308820 1588.2
1308830 1584.4
1308840 1584.4
1308850 1581.3
1308860 1576.6
1308870 1576.6
1308880 1570.9
1308890 1564.9
1308900 1564.9
1308910 1559.8
1308920 1554.7
1308930 1554.7
1308940 1549.2
1308950 1544.3
1308960 1544.3
1308970 1539.2
1308980 1533.8
1308990 1533.8
1309000 1528.7
1309010 1523.4
1309020 1523.4
1309030 1518.2
1309040 1513.4
1309050 1513.4
1309060 1508.9
1309070 1504.5
1309080 1500.6
1309090 1500.6
1309100 1496.0
1309110 1491.0
1309120 1491.0
1309130 1485.7
1309140 1480.2
1309150 1480.2
1309160 1473.6
1309170 1467.2
1309180 1467.2
1309190 1460.8
1309200 1454.1
1309210 1454.1
1309220 1448.9
1309230 1447.5
1309240 1447.5
1309250 1447.2
1309260 1445.8
1309270 1445.8
1309280 1444.1
1309290 1443.9
1309300 1443.9
1309310 1444.6
1309320 1443.0
1309330 1443.0
1309340 1439.1
1309350 1438.3
1309360 1438.3
1309370 1441.0
1309380 1442.9
1309390 1443.8
1309400 1446.8
1309410 1447.1
1309420 1447.6
1309430 1447.6
1309440 1447.5
1309450 1446.7
1309460 1446.7
1309470 1445.3
1309480 1443.9
1309490 1443.9
1309500 1443.3
1309510 1442.0
1309520 1442.0
1309530 1440.2
1309540 1438.1
1309550 1438.1
1309560 1436.1
1309570 1433.9
1309580 1433.9
1309590 1431.3
1309600 1428.7
1309610 1428.7
1309620 1426.7
1309630 1425.2
1309640 1425.2
1309650 1423.7
1309660 1421.4
1309670 1418.7
1309680 1418.7
1309690 1415.9
1309700 1413.2
1309710 1413.2
1309720 1411.5
1309730 1410.0
1309740 1410.0
1309750 1407.7
1309760 1403.6
1309770 1403.6
1309780 1397.3
1309790 1389.3
1309800 1389.3
1309810 1381.0
1309820 1372.5
1309830 1372.5
1309840 1365.2
1309850 1358.5
1309860 1358.5
1309870 1350.7
1309880 1342.4
1309890 1342.4
1309900 1333.9
1309910 1329.7
1309920 1329.7
1309930 1329.3
1309940 1329.1
1309950 1329.8
1309960 1329.8
1309970 1331.8
1309980 1334.2
1309990 1334.2
1310000 1336.0
1310010 1337.3
1310020 1337.3
1310030 1337.7
1310040 1335.5
1310050 1335.5
1310060 1330.8
1310070 1327.7
1310080 1327.7
1310090 1324.7
1310100 1317.3
1310110 1317.3
1310120 1310.0
1310130 1311.6
1310140 1311.6
1310150 1313.5
1310160 1311.5
1310170 1311.5
1310180 1307.8
1310190 1306.1
1310200 1306.1
1310210 1303.1
1310220 1300.5
1310230 1302.9
1310240 1302.9
1310250 1308.0
1310260 1311.2
1310270 1311.2
1310280 1313.8
1310290 1317.4
1310300 1317.4
1310310 1321.1
1310320 1324.9
1310330 1324.9
1310340 1330.3
1310350 1334.4
1310360 1334.4
1310370 1338.8
1310380 1339.7
1310390 1339.7
1310400 1331.9
1310410 1325.4
1310420 1325.4
1310430 1322.3
1310440 1328.0
1310450 1328.0
1310460 1336.2
1310470 1343.8
1310480 1343.8
1310490 1348.3
1310500 1350.0
1310510 1354.5
1310520 1354.5
1310530 1358.7
1310540 1361.5
1310550 1361.5
1310560 1365.7
1310570 1370.3
1310580 1370.3
1310590 1372.6
1310600 1373.7
1310610 1373.7
1310620 1373.2
1310630 1374.3
1310640 1374.3
1310650 1377.7
1310660 1381.0
1310670 1381.0
1310680 1383.6
1310690 1386.0
1310700 1386.0
1310710 1388.2
1310720 1390.6
1310730 1390.6
1310740 1392.7
1310750 1394.9
1310760 1394.9
1310770 1398.4
1310780 1402.4
1310790 1405.6
1310800 1405.6
1310810 1407.9
1310820 1408.3
1310830 1408.3
1310840 1408.5
1310850 1409.0
1310860 1409.0
1310870 1413.7
1310880 1416.3
1310890 1416.3
1310900 1417.0
1310910 1416.3
1310920 1416.3
1310930 1417.3
1310940 1417.8
1310950 1417.8
1310960 1417.8
1310970 1417.9
1310980 1417.9
1310990 1417.7
1311000 1417.9
1311010 1417.9
1311020 1419.2
1311030 1421.3
1311040 1421.3
1311050 1423.6
1311060 1426.0
1311070 1429.3
1311080 1429.3
1311090 1430.8
1311100 1435.1
1311110 1435.1
1311120 1439.3
1311130 1442.4
1311140 1442.4
1311150 1446.0
1311160 1449.4
1311170 1449.4
1311180 1452.2
1311190 1458.0
1311200 1458.0
1311210 1462.1
1311220 1464.3
1311230 1464.3
1311240 1466.3
1311250 1467.1
1311260 1467.1
1311270 1467.1
1311280 1467.7
1311290 1467.7
1311300 1468.4
1311310 1469.2
1311320 1469.2
1311330 1470.5
1311340 1471.7
1311350 1473.3
1311360 1473.3
1311370 1475.3
1311380 1477.4
1311390 1477.4
1311400 1481.6
1311410 1484.3
1311420 1484.3
1311430 1484.4
1311440 1488.7
1311450 1488.7
1311460 1495.3
1311470 1502.0
1311480 1502.0
1311490 1508.2
1311500 1513.8
1311510 1513.8
1311520 1519.8
1311530 1525.8
1311540 1525.8
1311550 1530.8
1311560 1534.8
1311570 1534.8
1311580 1538.4
1311590 1542.0
1311600 1547.0
1311610 1551.2
1311620 1555.3
1311630 1560.0
1311640 1560.0
1311650 1565.0
1311660 1570.2
1311670 1570.2
1311680 1575.8
1311690 1581.4
1311700 1581.4
1311710 1587.5
1311720 1593.4
1311730 1593.4
1311740 1599.1
1311750 1604.1
1311760 1604.1
1311770 1608.9
1311780 1614.0
1311790 1614.0
1311800 1617.9
1311810 1621.4
1311820 1621.4
1311830 1625.3
1311840 1631.0
1311850 1631.0
1311860 1637.2
1311870 1643.0
1311880 1643.0
1311890 1649.2
1311900 1656.0
1311910 1656.0
1311920 1662.1
1311930 1667.7
1311940 1672.9
1311950 1672.9
1311960 1674.4
1311970 1674.4
1311980 1674.4
1311990 1675.4
1312000 1677.1
1312010 1677.1
1312020 1678.8
1312030 1681.2
1312040 1681.2
1312050 1687.6
1312060 1696.4
1312070 1696.4
1312080 1697.9
1312090 1696.5
1312100 1696.5
1312110 1698.8
1312120 1696.6
1312130 1696.6
1312140 1691.8
1312150 1685.9
1312160 1685.9
1312170 1680.4
1312180 1675.6
1312190 1675.6
1312200 1671.1
1312210 1667.2
1312220 1663.0
1312230 1663.0
1312240 1658.3
1312250 1653.1
1312260 1653.1
1312270 1647.3
1312280 1641.8
1312290 1641.8
1312300 1636.5
1312310 1631.0
1312320 1631.0
1312330 1625.5
1312340 1617.4
1312350 1617.4
1312360 1610.9
1312370 1604.0
1312380 1604.0
1312390 1597.1
1312400 1590.5
1312410 1590.5
1312420 1584.2
1312430 1577.9
1312440 1577.9
1312450 1571.6
1312460 1565.0
1312470 1565.0
1312480 1558.1
1312490 1551.4
1312500 1544.8
1312510 1544.8
1312520 1538.4
1312530 1532.1
1312540 1532.1
1312550 1525.9
1312560 1519.3
1312570 1519.3
1312580 1512.8
1312590 1507.8
1312600 1507.8
1312610 1503.6
1312620 1499.3
1312630 1499.3
1312640 1494.6
1312650 1489.4
1312660 1489.4
1312670 1483.8
1312680 1477.2
1312690 1477.2
1312700 1474.3
1312710 1472.5
1312720 1472.5
1312730 1467.3
1312740 1462.9
1312750 1462.9
1312760 1458.9
1312770 1454.6
1312780 1450.4
1312790 1450.4
1312800 1446.8
1312810 1442.8
1312820 1442.8
1312830 1438.6
1312840 1435.5
1312850 1435.5
1312860 1432.0
1312870 1427.1
1312880 1427.1
1312890 1422.7
1312900 1419.0
1312910 1419.0
1312920 1415.4
1312930 1412.3
1312940 1412.3
1312950 1409.8
1312960 1407.0
1312970 1407.0
1312980 1404.4
1312990 1402.1
1313000 1402.1
1313010 1400.1
1313020 1397.7
1313030 1397.7
1313040 1394.9
1313050 1391.9
1313060 1389.1
1313070 1389.1
1313080 1384.6
1313090 1381.1
1313100 1381.1
1313110 1377.8
1313120 1375.6
1313130 1375.6
1313140 1373.7
1313150 1371.4
1313160 1371.4
1313170 1372.4
1313180 1377.9
1313190 1377.9
1313200 1383.4
1313210 1387.1
1313220 1387.1
1313230 1390.4
1313240 1392.6
1313250 1392.6
1313260 1394.1
1313270 1395.4
1313280 1395.4
1313290 1396.8
1313300 1398.5
1313310 1398.5
1313320 1400.3
1313330 1402.8
1313340 1405.3
1313350 1405.3
1313360 1407.5
1313370 1410.0
1313380 1410.0
1313390 1412.9
1313400 1415.2
1313410 1415.2
1313420 1417.5
1313430 1420.7
1313440 1420.7
1313450 1424.4
1313460 1427.5
1313470 1427.5
1313480 1430.9
1313490 1435.0
1313500 1435.0
1313510 1438.8
1313520 1442.3
1313530 1442.3
1313540 1446.0
1313550 1449.5
1313560 1449.5
1313570 1453.3
1313580 1457.0
1313590 1457.0
1313600 1460.9
1313610 1465.5
1313620 1470.5
1313630 1470.5
1313640 1476.0
1313650 1480.6
1313660 1480.6
1313670 1485.2
1313680 1490.2
1313690 1490.2
1313700 1495.2
1313710 1499.9
1313720 1499.9
1313730 1504.4
1313740 1509.0
1313750 1509.0
1313760 1513.8
1313770 1518.7
1313780 1518.7
1313790 1523.8
1313800 1528.9
1313810 1528.9
1313820 1537.7
1313830 1542.8
1313840 1542.8
1313850 1547.4
1313860 1552.3
1313870 1552.3
1313880 1556.9
1313890 1562.3
1313900 1567.6
1313910 1567.6
1313920 1571.5
1313930 1576.5
1313940 1576.5
1313950 1582.2
1313960 1587.3
1313970 1587.3
1313980 1591.6
1313990 1595.8
1314000 1595.8
1314010 1599.9
1314020 1604.4
1314030 1604.4
1314040 1609.4
1314050 1614.3
1314060 1614.3
1314070 1618.5
1314080 1622.2
1314090 1622.2
1314100 1625.3
1314110 1627.5
1314120 1627.5
1314130 1628.6
1314140 1628.7
1314150 1628.7
1314160 1629.4
1314170 1629.8
1314180 1629.4
1314190 1629.4
1314200 1628.2
1314210 1626.3
1314220 1626.3
1314230 1623.8
1314240 1621.6
1314250 1621.6
1314260 1621.0
1314270 1620.3
1314280 1620.3
1314290 1620.0
1314300 1619.9
1314310 1619.9
1314320 1619.3
1314330 1617.5
1314340 1617.5
1314350 1613.4
1314360 1609.3
1314370 1609.3
1314380 1608.6
1314390 1608.7
1314400 1608.7
1314410 1608.3
1314420 1607.6
1314430 1607.6
1314440 1607.5
1314450 1607.5
1314460 1607.5
1314470 1607.5
1314480 1607.5
1314490 1607.4
1314500 1607.4
1314510 1607.1
1314520 1606.8
1314530 1606.8
1314540 1606.5
1314550 1606.0
1314560 1606.0
1314570 1605.8
1314580 1604.7
1314590 1604.7
1314600 1603.6
1314610 1602.1
1314620 1602.1
1314630 1600.0
1314640 1598.9
1314650 1598.9
1314660 1598.0
1314670 1597.2
1314680 1597.2
1314690 1596.7
1314700 1596.5
1314710 1596.5
1314720 1596.2
1314730 1595.7
1314740 1595.7
1314750 1594.1
1314760 1591.1
1314770 1586.4
1314780 1586.4
1314790 1581.0
1314800 1575.5
1314810 1575.5
1314820 1571.0
1314830 1566.7
1314840 1566.7
1314850 1563.0
1314860 1559.5
1314870 1559.5
1314880 1555.8
1314890 1551.9
1314900 1551.9
1314910 1547.4
1314920 1542.5
1314930 1542.5
1314940 1536.6
1314950 1531.0
1314960 1531.0
1314970 1525.7
1314980 1520.5
1314990 1520.5
1315000 1515.6
1315010 1510.3
1315020 1510.3
1315030 1504.8
1315040 1499.2
1315050 1493.2
1315060 1493.2
1315070 1487.6
1315080 1482.1
1315090 1482.1
1315100 1477.3
1315110 1473.6
1315120 1473.6
1315130 1469.7
1315140 1465.6
1315150 1465.6
1315160 1461.3
1315170 1456.2
1315180 1456.2
1315190 1451.0
1315200 1446.2
1315210 1446.2
1315220 1441.6
1315230 1437.3
1315240 1437.3
1315250 1432.7
1315260 1427.0
1315270 1427.0
1315280 1420.2
1315290 1413.5
1315300 1413.5
1315310 1408.1
1315320 1404.7
1315330 1400.9
1315340 1400.9
1315350 1396.3
1315360 1390.6
1315370 1390.6
1315380 1385.1
1315390 1380.1
1315400 1380.1
1315410 1376.3
1315420 1373.3
1315430 1373.3
1315440 1371.2
1315450 1368.7
1315460 1368.7
1315470 1365.2
1315480 1361.6
1315490 1361.6
1315500 1357.8
1315510 1354.0
1315520 1354.0
1315530 1350.8
1315540 1349.0
1315550 1349.0
1315560 1346.6
1315570 1343.9
1315580 1343.9
1315590 1341.4
1315600 1338.6
1315610 1335.8
1315620 1335.8
1315630 1332.9
1315640 1330.6
1315650 1330.6
1315660 1328.2
1315670 1324.4
1315680 1324.4
1315690 1320.1
1315700 1316.4
1315710 1316.4
1315720 1312.7
1315730 1309.4
1315740 1309.4
1315750 1304.4
1315760 1300.0
1315770 1300.0
1315780 1295.0
1315790 1291.3
1315800 1291.3
1315810 1288.2
1315820 1284.5
1315830 1284.5
1315840 1280.9
1315850 1278.1
1315860 1278.1
1315870 1273.9
1315880 1270.6
1315890 1266.7
1315900 1266.7
1315910 1261.8
1315920 1256.0
1315930 1256.0
1315940 1250.0
1315950 1243.8
1315960 1243.8
1315970 1238.2
1315980 1231.7
1315990 1231.7
1316000 1225.3
1316010 1219.5
1316020 1219.5
1316030 1214.6
1316040 1210.5
1316050 1210.5
1316060 1206.1
1316070 1201.8
1316080 1201.4
1316090 1198.1
1316100 1194.7
1316110 1194.7
1316120 1188.6
1316130 1181.3
1316140 1181.3
1316150 1173.7
1316160 1165.6
1316170 1160.4
1316180 1160.4
1316190 1156.6
1316200 1152.8
1316210 1152.8
1316220 1148.6
1316230 1143.8
1316240 1143.8
1316250 1136.7
1316260 1129.7
1316270 1129.7
1316280 1121.6
1316290 1114.4
1316300 1114.4
1316310 1108.4
1316320 1102.3
1316330 1102.3
1316340 1095.7
1316350 1090.4
1316360 1090.4
1316370 1086.2
1316380 1081.4
1316390 1081.4
1316400 1074.5
1316410 1067.9
1316420 1067.9
1316430 1062.4
1316440 1057.9
1316450 1053.3
1316460 1053.3
1316470 1049.5
1316480 1045.9
1316490 1045.9
1316500 1042.4
1316510 1039.6
1316520 1039.6
1316530 1036.9
1316540 1029.2
1316550 1029.2
1316560 1016.3
1316570 1005.9
1316580 1005.9
1316590 997.1
1316600 988.4
1316610 988.4
1316620 980.3
1316630 972.3
1316640 972.3
1316650 965.2
1316660 958.2
1316670 958.2
1316680 951.5
1316690 945.3
1316700 945.3
1316710 939.7
1316720 934.4
1316730 929.4
1316740 929.4
1316750 923.6
1316760 917.1
1316770 917.1
1316780 910.7
1316790 906.1
1316800 906.1
1316810 901.1
1316820 896.7
1316830 896.7
1316840 893.7
1316850 889.6
1316860 889.6
1316870 885.4
1316880 881.0
1316890 881.0
1316900 876.6
1316910 872.3
1316920 872.3
1316930 867.9
1316940 863.2
1316950 863.2
1316960 858.5
1316970 854.0
1316980 854.0
1316990 849.3
1317000 843.9
1317010 838.5
1317020 838.5
1317030 833.1
1317040 827.7
1317050 827.7
1317060 823.1
1317070 818.8
1317080 818.8
1317090 815.0
1317100 812.0
1317110 812.0
1317120 809.7
1317130 807.4
1317140 807.4
1317150 804.7
1317160 801.9
1317170 801.9
1317180 798.9
1317190 794.7
1317200 794.7
1317210 791.9
1317220 788.5
1317230 788.5
1317240 784.8
1317250 781.5
1317260 781.5
1317270 779.7
1317280 778.0
1317290 778.0
1317300 776.2
1317310 774.7
1317320 772.4
1317330 772.4
1317340 770.4
1317350 769.1
1317360 769.1
1317370 767.9
1317380 766.9
1317390 766.9
1317400 765.6
1317410 764.0
1317420 764.0
1317430 762.3
1317440 760.0
1317450 760.0
1317460 756.7
1317470 754.0
1317480 754.0
1317490 751.5
1317500 750.2
1317510 750.2
1317520 749.9
1317530 749.8
1317540 749.8
1317550 748.0
1317560 745.0
1317570 745.0
1317580 741.5
1317590 737.8
1317600 733.4
1317610 733.4
1317620 730.6
1317630 727.8
1317640 727.8
1317650 724.9
1317660 721.6
1317670 721.6
1317680 718.7
1317690 716.0
1317700 716.0
1317710 713.2
1317720 710.6
1317730 710.6
1317740 708.5
1317750 706.6
1317760 706.6
1317770 704.8
1317780 703.8
1317790 703.8
1317800 703.0
1317810 701.9
1317820 701.9
1317830 700.5
1317840 698.5
1317850 698.5
1317860 696.1
1317870 693.8
1317880 691.8
1317890 691.8
1317900 689.3
1317910 686.0
1317920 686.0
1317930 681.7
1317940 677.1
1317950 677.1
1317960 672.9
1317970 669.0
1317980 669.0
1317990 666.5
1318000 664.3
1318010 664.3
1318020 662.3
1318030 660.5
1318040 660.5
1318050 658.0
1318060 656.0
1318070 656.0
1318080 654.0
1318090 651.8
1318100 651.8
1318110 649.9
1318120 647.8
1318130 647.8
1318140 645.0
1318150 642.3
1318160 640.5
1318170 640.5
1318180 638.6
1318190 637.8
1318200 637.8
1318210 638.7
1318220 640.0
1318230 640.0
1318240 640.3
1318250 639.7
1318260 639.7
1318270 638.2
1318280 637.4
1318290 637.4
1318300 635.9
1318310 632.8
1318320 632.8
1318330 628.3
1318340 625.0
1318350 625.0
1318360 622.1
1318370 619.0
1318380 619.0
1318390 617.9
1318400 615.7
1318410 615.7
1318420 611.5
1318430 609.3
1318440 607.2
1318450 607.2
1318460 606.2
1318470 604.6
1318480 604.6
1318490 602.1
1318500 598.7
1318510 598.7
1318520 596.0
1318530 593.0
1318540 593.0
1318550 589.9
1318560 586.6
1318570 586.6
1318580 583.6
1318590 580.5
1318600 580.5
1318610 578.1
1318620 575.7
1318630 575.7
1318640 572.4
1318650 569.9
1318660 569.9
1318670 567.1
1318680 564.7
1318690 564.7
1318700 560.6
1318710 556.7
1318720 553.4
1318730 553.4
1318740 551.5
1318750 550.4
1318760 550.4
1318770 549.8
1318780 549.7
1318790 549.7
1318800 549.5
1318810 549.6
1318820 549.6
1318830 549.8
1318840 549.8
1318850 549.8
1318860 549.3
1318870 548.6
1318880 548.6
1318890 548.4
1318900 548.2
1318910 548.2
1318920 547.1
1318930 546.2
1318940 546.2
1318950 546.0
1318960 545.4
1318970 545.4
1318980 544.8
1318990 544.7
1319000 544.7
1319010 544.7
1319020 543.9
1319030 543.5
1319040 543.5
1319050 543.0
1319060 542.7
1319070 542.7
1319080 542.2
1319090 541.8
1319100 541.8
1319110 541.4
1319120 540.9
1319130 541.2
1319140 540.3
1319150 539.8
1319160 539.8
1319170 539.3
1319180 538.7
1319190 538.7
1319200 538.1
1319210 537.5
1319220 537.5
1319230 537.0
1319240 536.8
1319250 536.8
1319260 536.5
1319270 536.4
1319280 536.3
1319290 536.3
1319300 536.3
1319310 536.2
1319320 536.2
1319330 536.2
1319340 536.2
1319350 536.2
1319360 536.1
1319370 536.2
1319380 536.2
1319390 536.3
1319400 536.4
1319410 536.4
1319420 537.0
1319430 538.1
1319440 538.1
1319450 537.5
1319460 535.1
1319470 535.1
1319480 534.1
1319490 534.1
1319500 534.1
1319510 534.0
1319520 534.0
1319530 534.0
1319540 534.0
1319550 534.0
1319560 534.0
1319570 534.0
1319580 534.0
1319590 533.9
1319600 533.9
1319610 533.9
1319620 533.9
1319630 533.9
1319640 533.9
1319650 533.9
1319660 533.9
1319670 533.9
1319680 533.9
1319690 533.9
1319700 533.9
1319710 533.8
1319720 533.8
1319730 533.8
1319740 533.8
1319750 533.8
1319760 533.8
1319770 533.9
1319780 533.9
1319790 533.9
1319800 533.9
1319810 533.9
1319820 533.9
1319830 534.0
1319840 534.0
1319850 534.0
1319860 534.1
1319870 534.3
1319880 534.3
1319890 535.2
1319900 535.4
1319910 535.4
1319920 535.2
1319930 534.8
1319940 534.8
1319950 534.6
1319960 534.5
1319970 534.5
1319980 534.4
1319990 534.5
