1300000 751.3
1300010 749.9
1300020 747.9
1300030 747.9
1300040 745.3
1300050 742.9
1300060 740.9
1300070 740.9
1300080 738.6
1300090 736.3
1300100 736.3
1300110 733.6
1300120 731.4
1300130 731.4
1300140 731.0
1300150 733.5
1300160 733.5
1300170 735.3
1300180 732.6
1300190 732.6
1300200 727.7
1300210 723.5
1300220 723.5
1300230 719.4
1300240 714.3
1300250 714.3
1300260 708.8
1300270 703.5
1300280 703.5
1300290 698.4
1300300 693.7
1300310 693.7
1300320 689.2
1300330 685.4
1300340 681.8
1300350 681.8
1300360 678.0
1300370 674.1
1300380 674.1
1300390 671.7
1300400 668.1
1300410 668.1
1300420 664.7
1300430 664.6
1300440 664.6
1300450 664.8
1300460 663.1
1300470 663.1
1300480 661.0
1300490 659.8
1300500 659.8
1300510 659.8
1300520 656.8
1300530 656.8
1300540 652.5
1300550 648.2
1300560 648.2
1300570 644.0
1300580 639.9
1300590 639.9
1300600 635.9
1300610 630.9
1300620 626.0
1300630 625.2
1300640 619.9
1300650 615.2
1300660 615.2
1300670 612.3
1300680 610.4
1300690 610.4
1300700 609.6
1300710 609.4
1300720 609.4
1300730 608.0
1300740 606.1
1300750 606.1
1300760 604.0
1300770 601.6
1300780 601.6
1300790 598.9
1300800 596.0
1300810 596.0
1300820 593.0
1300830 588.4
1300840 588.4
1300850 583.0
1300860 579.5
1300870 579.5
1300880 578.2
1300890 577.0
1300900 575.8
1300910 575.8
1300920 575.8
1300930 574.7
1300940 574.7
1300950 572.7
1300960 570.3
1300970 570.3
1300980 568.6
1300990 567.1
1301000 567.1
1301010 565.9
1301020 564.9
1301030 564.9
1301040 563.0
1301050 561.2
1301060 561.2
1301070 559.8
1301080 558.9
1301090 558.9
1301100 558.2
1301110 557.3
1301120 557.3
1301130 556.4
1301140 555.7
1301150 555.7
1301160 555.8
1301170 557.3
1301180 557.3
1301190 557.3
1301200 556.1
1301210 555.3
1301220 555.3
1301230 554.1
1301240 553.3
1301250 553.3
1301260 554.3
1301270 553.2
1301280 553.2
1301290 549.9
1301300 546.3
1301310 546.3
1301320 544.6
1301330 540.0
1301340 540.0
1301350 539.0
1301360 538.5
1301370 538.5
1301380 537.9
1301390 538.0
1301400 538.0
1301410 538.2
1301420 538.2
1301430 538.2
1301440 537.8
1301450 537.2
1301460 537.1
1301470 537.1
1301480 537.2
1301490 536.9
1301500 536.9
1301510 537.0
1301520 537.2
1301530 537.2
1301540 537.9
1301550 537.5
1301560 537.5
1301570 537.2
1301580 537.2
1301590 537.2
1301600 537.2
1301610 537.3
1301620 537.3
1301630 537.4
1301640 537.2
1301650 537.2
1301660 536.8
1301670 536.8
1301680 536.8
1301690 536.6
1301700 536.4
1301710 536.4
1301720 536.4
1301730 536.3
1301740 536.4
1301750 536.4
1301760 536.4
1301770 536.3
1301780 536.3
1301790 536.2
1301800 536.7
1301810 536.7
1301820 537.1
1301830 537.1
1301840 537.1
1301850 537.0
1301860 536.9
1301870 536.9
1301880 536.9
1301890 537.1
1301900 537.1
1301910 537.2
1301920 537.2
1301930 537.2
1301940 537.1
1301950 537.2
1301960 537.2
1301970 537.4
1301980 537.7
1301990 537.7
1302000 537.9
1302010 537.8
1302020 538.0
1302030 538.1
1302040 538.1
1302050 538.0
1302060 538.0
1302070 537.9
1302080 537.8
1302090 537.8
1302100 537.7
1302110 537.2
1302120 537.2
1302130 536.7
1302140 536.7
1302150 536.7
1302160 536.9
1302170 536.9
1302180 536.9
1302190 537.0
1302200 537.3
1302210 537.3
1302220 537.6
1302230 537.6
1302240 537.6
1302250 537.6
1302260 537.4
1302270 537.4
1302280 537.3
1302290 537.3
1302300 537.3
1302310 537.3
1302320 537.3
1302330 537.4
1302340 537.4
1302350 537.4
1302360 537.4
1302370 537.4
1302380 536.9
1302390 536.2
1302400 536.2
1302410 535.6
1302420 535.2
1302430 535.2
1302440 535.3
1302450 536.0
1302460 536.0
1302470 536.5
1302480 536.9
1302490 536.9
1302500 537.1
1302510 537.2
1302520 537.2
1302530 537.3
1302540 537.3
1302550 537.3
1302560 537.3
1302570 537.3
1302580 537.3
1302590 536.8
1302600 536.6
1302610 537.1
1302620 537.1
1302630 537.7
1302640 537.7
1302650 537.7
1302660 537.7
1302670 537.6
1302680 537.6
1302690 537.6
1302700 537.4
1302710 537.4
1302720 537.4
1302730 537.5
1302740 537.5
1302750 537.5
1302760 537.5
1302770 537.5
1302780 537.5
1302790 537.6
1302800 537.6
1302810 537.5
1302820 537.2
1302830 537.2
1302840 537.2
1302850 537.2
1302860 537.2
1302870 537.3
1302880 537.5
1302890 537.6
1302900 537.6
1302910 537.6
1302920 537.6
1302930 537.6
1302940 537.5
1302950 537.2
1302960 537.2
1302970 537.2
1302980 537.2
1302990 537.2
1303000 537.2
1303010 537.2
1303020 537.2
1303030 537.2
1303040 537.0
1303050 537.0
1303060 536.7
1303070 534.1
1303080 534.1
1303090 532.8
1303100 532.8
1303110 532.8
1303120 532.8
1303130 532.8
1303140 532.8
1303150 532.8
1303160 532.8
1303170 532.8
1303180 532.8
1303190 533.9
1303200 537.2
1303210 537.2
1303220 537.6
1303230 537.7
1303240 537.7
1303250 537.7
1303260 537.6
1303270 537.6
1303280 537.4
1303290 537.1
1303300 537.1
1303310 536.8
1303320 536.6
1303330 536.6
1303340 536.7
1303350 536.9
1303360 536.9
1303370 537.1
1303380 537.6
1303390 537.6
1303400 537.9
1303410 538.1
1303420 538.1
1303430 538.8
1303440 540.3
1303450 541.4
1303460 541.4
1303470 541.9
1303480 542.7
1303490 542.7
1303500 543.8
1303510 545.3
1303520 545.3
1303530 545.7
1303540 547.0
1303550 547.0
1303560 547.0
1303570 547.8
1303580 547.8
1303590 548.2
1303600 548.9
1303610 548.9
1303620 549.5
1303630 550.1
1303640 550.1
1303650 551.1
1303660 552.3
1303670 552.3
1303680 553.0
1303690 553.5
1303700 553.5
1303710 554.3
1303720 555.1
1303730 555.6
1303740 555.6
1303750 556.1
1303760 556.9
1303770 556.9
1303780 558.4
1303790 560.5
1303800 560.5
1303810 561.3
1303820 561.8
1303830 561.8
1303840 563.2
1303850 564.4
1303860 564.4
1303870 565.6
1303880 566.8
1303890 566.8
1303900 567.8
1303910 568.6
1303920 568.6
1303930 569.6
1303940 570.4
1303950 570.4
1303960 571.5
1303970 572.8
1303980 572.8
1303990 574.2
1304000 575.6
1304010 576.9
1304020 576.9
1304030 578.6
1304040 580.2
1304050 580.2
1304060 581.1
1304070 582.2
1304080 582.2
1304090 583.6
1304100 584.5
1304110 584.5
1304120 585.9
1304130 587.9
1304140 587.9
1304150 589.5
1304160 591.1
1304170 591.1
1304180 592.4
1304190 593.9
1304200 593.9
1304210 594.0
1304220 595.1
1304230 595.1
1304240 596.0
1304250 596.6
1304260 596.6
1304270 597.9
1304280 599.3
1304290 599.3
1304300 599.3
1304310 598.4
1304320 598.3
1304330 598.3
1304340 599.9
1304350 603.2
1304360 603.2
1304370 605.5
1304380 606.6
1304390 606.6
1304400 608.3
1304410 609.9
1304420 609.9
1304430 610.8
1304440 611.5
1304450 611.5
1304460 612.7
1304470 614.0
1304480 614.0
1304490 615.0
1304500 616.7
1304510 616.7
1304520 618.1
1304530 618.9
1304540 618.9
1304550 619.2
1304560 619.5
1304570 620.2
1304580 620.2
1304590 621.0
1304600 621.7
1304610 621.7
1304620 622.9
1304630 624.0
1304640 624.0
1304650 624.2
1304660 624.4
1304670 624.4
1304680 624.7
1304690 624.9
1304700 624.9
1304710 624.9
1304720 625.4
1304730 625.4
1304740 626.2
1304750 627.1
1304760 627.1
1304770 627.8
1304780 627.8
1304790 627.8
1304800 627.2
1304810 627.1
1304820 627.1
1304830 628.4
1304840 633.7
1304850 633.7
1304860 637.2
1304870 642.9
1304880 650.3
1304890 650.3
1304900 654.8
1304910 656.1
1304920 656.1
1304930 656.6
1304940 657.1
1304950 657.1
1304960 656.7
1304970 656.1
1304980 656.1
1304990 656.1
1305000 656.1
1305010 656.1
1305020 657.9
1305030 661.5
1305040 661.5
1305050 666.1
1305060 672.2
1305070 672.2
1305080 679.4
1305090 684.4
1305100 684.4
1305110 691.1
1305120 695.9
1305130 695.9
1305140 700.4
1305150 704.8
1305160 709.6
1305170 709.6
1305180 710.3
1305190 704.1
1305200 704.1
1305210 706.1
1305220 708.8
1305230 708.8
1305240 710.5
1305250 714.2
1305260 714.2
1305270 718.9
1305280 723.4
1305290 723.4
1305300 727.1
1305310 730.3
1305320 730.3
1305330 733.1
1305340 735.8
1305350 735.8
1305360 737.1
1305370 737.0
1305380 737.0
1305390 739.1
1305400 742.1
1305410 742.1
1305420 746.4
1305430 748.5
1305440 748.5
1305450 748.5
1305460 749.8
1305470 751.8
1305480 751.8
1305490 752.8
1305500 754.7
1305510 754.7
1305520 756.6
1305530 757.5
1305540 757.5
1305550 763.4
1305560 765.4
1305570 765.4
1305580 767.3
1305590 768.6
1305600 768.6
1305610 770.2
1305620 772.7
1305630 772.7
1305640 774.5
1305650 775.8
1305660 775.8
1305670 775.3
1305680 773.4
1305690 773.4
1305700 770.7
1305710 768.4
1305720 768.2
1305730 768.2
1305740 769.8
1305750 770.9
1305760 770.9
1305770 770.3
1305780 770.8
1305790 770.8
1305800 773.0
1305810 776.1
1305820 776.1
1305830 780.2
1305840 782.9
1305850 782.9
1305860 787.1
1305870 791.3
1305880 791.3
1305890 795.5
1305900 799.0
1305910 799.0
1305920 801.8
1305930 803.6
1305940 803.6
1305950 807.6
1305960 811.4
1305970 811.4
1305980 813.6
1305990 815.3
1306000 817.2
1306010 817.2
1306020 821.0
1306030 825.3
1306040 825.3
1306050 829.3
1306060 832.1
1306070 832.1
1306080 833.6
1306090 835.1
1306100 835.1
1306110 837.2
1306120 839.0
1306130 839.0
1306140 839.5
1306150 840.3
1306160 840.3
1306170 842.7
1306180 847.8
1306190 847.8
1306200 851.5
1306210 854.4
1306220 854.4
1306230 858.0
1306240 861.6
1306250 861.6
1306260 870.5
1306270 872.1
1306280 874.4
1306290 874.4
1306300 872.9
1306310 874.5
1306320 874.5
1306330 881.3
1306340 885.5
1306350 885.5
1306360 889.0
1306370 893.0
1306380 893.0
1306390 897.5
1306400 902.5
1306410 902.5
1306420 907.1
1306430 912.2
1306440 912.2
1306450 916.5
1306460 921.9
1306470 921.9
1306480 929.4
1306490 936.6
1306500 936.6
1306510 943.4
1306520 949.6
1306530 949.6
1306540 955.1
1306550 959.3
1306560 964.4
1306570 964.4
1306580 969.3
1306590 974.0
1306600 974.0
1306610 978.6
1306620 984.0
1306630 984.0
1306640 989.7
1306650 994.5
1306660 994.5
1306670 998.0
1306680 1002.7
1306690 1002.7
1306700 1010.1
1306710 1016.0
1306720 1016.0
1306730 1020.7
1306740 1025.4
1306750 1025.4
1306760 1030.4
1306770 1036.1
1306780 1036.1
1306790 1043.0
1306800 1048.5
1306810 1048.5
1306820 1053.5
1306830 1059.2
1306840 1063.8
1306850 1063.8
1306860 1069.0
1306870 1075.1
1306880 1075.1
1306890 1082.9
1306900 1091.0
1306910 1091.0
1306920 1098.6
1306930 1106.3
1306940 1106.3
1306950 1114.6
1306960 1126.1
1306970 1126.1
1306980 1142.4
1306990 1157.0
1307000 1157.0
1307010 1172.3
1307020 1179.5
1307030 1179.5
1307040 1185.4
1307050 1190.9
1307060 1190.9
1307070 1196.2
1307080 1201.3
1307090 1201.3
1307100 1206.7
1307110 1211.8
1307120 1218.0
1307130 1218.0
1307140 1224.3
1307150 1231.5
1307160 1231.5
1307170 1240.5
1307180 1249.6
1307190 1249.6
1307200 1257.6
1307210 1264.4
1307220 1264.4
1307230 1269.1
1307240 1272.1
1307250 1272.1
1307260 1274.2
1307270 1276.9
1307280 1276.9
1307290 1280.5
1307300 1285.3
1307310 1285.3
1307320 1289.9
1307330 1293.9
1307340 1293.9
1307350 1296.7
1307360 1298.7
1307370 1298.7
1307380 1300.9
1307390 1302.8
1307400 1302.8
1307410 1304.2
1307420 1304.9
1307430 1305.2
1307440 1305.2
1307450 1304.3
1307460 1302.2
1307470 1302.2
1307480 1296.8
1307490 1294.2
1307500 1294.2
1307510 1296.4
1307520 1297.7
1307530 1297.7
1307540 1293.9
1307550 1292.0
1307560 1292.0
1307570 1294.2
1307580 1297.9
1307590 1297.9
1307600 1301.9
1307610 1307.1
1307620 1307.1
1307630 1311.9
1307640 1314.3
1307650 1314.3
1307660 1314.8
1307670 1315.2
1307680 1315.2
1307690 1316.6
1307700 1321.1
1307710 1322.2
1307720 1322.2
1307730 1323.7
1307740 1326.4
1307750 1326.4
1307760 1329.8
1307770 1333.7
1307780 1333.7
1307790 1337.3
1307800 1338.5
1307810 1338.5
1307820 1338.8
1307830 1340.5
1307840 1340.5
1307850 1340.7
1307860 1340.6
1307870 1340.6
1307880 1340.5
1307890 1339.1
1307900 1339.1
1307910 1342.4
1307920 1347.9
1307930 1347.9
1307940 1353.7
1307950 1360.4
1307960 1360.4
1307970 1367.6
1307980 1375.6
1307990 1384.3
1308000 1384.3
1308010 1393.6
1308020 1400.5
1308030 1400.5
1308040 1408.8
1308050 1417.3
1308060 1417.3
1308070 1425.7
1308080 1433.4
1308090 1433.4
1308100 1441.2
1308110 1449.6
1308120 1449.6
1308130 1461.9
1308140 1469.8
1308150 1469.8
1308160 1474.2
1308170 1476.1
1308180 1476.1
1308190 1474.7
1308200 1475.4
1308210 1475.4
1308220 1482.3
1308230 1487.5
1308240 1487.5
1308250 1489.9
1308260 1493.3
1308270 1497.1
1308280 1497.1
1308290 1503.0
1308300 1517.7
1308310 1517.7
1308320 1525.8
1308330 1523.9
1308340 1523.9
1308350 1533.9
1308360 1546.7
1308370 1546.7
1308380 1551.6
1308390 1552.1
1308400 1552.1
1308410 1552.2
1308420 1570.2
1308430 1570.2
1308440 1576.8
1308450 1576.7
1308460 1576.7
1308470 1575.9
1308480 1578.6
1308490 1578.6
1308500 1584.0
1308510 1591.1
1308520 1591.1
1308530 1597.7
1308540 1602.6
1308550 1609.0
1308560 1609.0
1308570 1617.4
1308580 1630.2
1308590 1630.2
1308600 1645.4
1308610 1654.6
1308620 1654.6
1308630 1658.2
1308640 1655.6
1308650 1655.6
1308660 1649.6
1308670 1642.7
1308680 1642.7
1308690 1636.4
1308700 1630.1
1308710 1630.1
1308720 1625.4
1308730 1620.9
1308740 1620.9
1308750 1615.8
1308760 1611.1
1308770 1611.1
1308780 1605.7
1308790 1599.6
1308800 1599.6
1308810 1594.5
1308820 1589.2
1308830 1585.2
1308840 1585.2
1308850 1580.5
1308860 1574.6
1308870 1574.6
1308880 1568.4
1308890 1562.3
1308900 1562.3
1308910 1557.0
1308920 1551.5
1308930 1551.5
1308940 1546.3
1308950 1541.3
1308960 1541.3
1308970 1536.3
1308980 1531.2
1308990 1531.2
1309000 1525.9
1309010 1520.7
1309020 1520.7
1309030 1515.6
1309040 1509.8
1309050 1509.8
1309060 1504.4
1309070 1500.1
1309080 1500.1
1309090 1496.6
1309100 1492.7
1309110 1488.2
1309120 1488.2
1309130 1483.5
1309140 1477.9
1309150 1474.3
1309160 1468.1
1309170 1463.3
1309180 1463.3
1309190 1462.4
1309200 1460.7
1309210 1460.7
1309220 1458.4
1309230 1456.2
1309240 1456.2
1309250 1455.2
1309260 1454.4
1309270 1454.4
1309280 1453.5
1309290 1453.7
1309300 1453.7
1309310 1455.3
1309320 1453.2
1309330 1453.2
1309340 1448.8
1309350 1447.2
1309360 1447.2
1309370 1447.8
1309380 1449.2
1309390 1450.0
1309400 1450.0
1309410 1450.6
1309420 1450.9
1309430 1450.9
1309440 1451.0
1309450 1451.0
1309460 1451.0
1309470 1450.4
1309480 1449.2
1309490 1449.2
1309500 1448.0
1309510 1446.9
1309520 1446.9
1309530 1445.8
1309540 1444.1
1309550 1444.1
1309560 1441.9
1309570 1439.3
1309580 1439.3
1309590 1436.2
1309600 1433.6
1309610 1433.6
1309620 1431.4
1309630 1430.2
1309640 1430.2
1309650 1428.4
1309660 1426.2
1309670 1423.7
1309680 1423.7
1309690 1421.3
1309700 1418.5
1309710 1418.5
1309720 1416.2
1309730 1414.3
1309740 1414.3
1309750 1410.9
1309760 1404.4
1309770 1404.4
1309780 1396.7
1309790 1388.3
1309800 1388.3
1309810 1380.0
1309820 1371.7
1309830 1371.7
1309840 1364.5
1309850 1358.4
1309860 1358.4
1309870 1349.9
1309880 1342.8
1309890 1342.8
1309900 1342.5
1309910 1346.6
1309920 1346.6
1309930 1345.5
1309940 1345.1
1309950 1345.1
1309960 1347.2
1309970 1348.5
1309980 1349.5
1309990 1349.5
1310000 1351.1
1310010 1350.3
1310020 1350.3
1310030 1350.3
1310040 1349.7
1310050 1349.7
1310060 1345.1
1310070 1341.2
1310080 1341.2
1310090 1334.4
1310100 1325.1
1310110 1325.1
1310120 1318.1
1310130 1320.0
1310140 1320.0
1310150 1322.9
1310160 1319.8
1310170 1319.8
1310180 1316.2
1310190 1314.0
1310200 1314.0
1310210 1310.0
1310220 1305.1
1310230 1305.1
1310240 1305.6
1310250 1310.6
1310260 1315.4
1310270 1315.4
1310280 1318.8
1310290 1322.1
1310300 1322.1
1310310 1325.5
1310320 1329.2
1310330 1329.2
1310340 1334.7
1310350 1340.5
1310360 1340.5
1310370 1344.8
1310380 1343.4
1310390 1343.4
1310400 1335.1
1310410 1328.5
1310420 1328.5
1310430 1325.9
1310440 1330.9
1310450 1330.9
1310460 1339.0
1310470 1346.1
1310480 1346.1
1310490 1349.4
1310500 1351.4
1310510 1351.4
1310520 1356.3
1310530 1362.5
1310540 1366.0
1310550 1366.0
1310560 1369.6
1310570 1373.8
1310580 1373.8
1310590 1375.6
1310600 1376.8
1310610 1379.6
1310620 1381.7
1310630 1383.9
1310640 1383.9
1310650 1386.2
1310660 1388.9
1310670 1388.9
1310680 1391.5
1310690 1394.2
1310700 1394.2
1310710 1396.4
1310720 1399.1
1310730 1399.1
1310740 1401.5
1310750 1403.2
1310760 1403.2
1310770 1405.6
1310780 1408.0
1310790 1408.0
1310800 1409.1
1310810 1409.4
1310820 1410.4
1310830 1410.4
1310840 1412.6
1310850 1415.6
1310860 1415.6
1310870 1418.9
1310880 1421.2
1310890 1421.2
1310900 1422.4
1310910 1421.8
1310920 1421.8
1310930 1422.8
1310940 1423.8
1310950 1423.8
1310960 1423.9
1310970 1424.2
1310980 1424.2
1310990 1423.9
1311000 1424.1
1311010 1424.1
1311020 1426.1
1311030 1428.2
1311040 1428.2
1311050 1430.7
1311060 1432.5
1311070 1432.5
1311080 1434.6
1311090 1436.2
1311100 1438.7
1311110 1438.7
1311120 1444.7
1311130 1449.2
1311140 1449.2
1311150 1450.5
1311160 1454.1
1311170 1454.1
1311180 1457.1
1311190 1460.3
1311200 1460.3
1311210 1464.4
1311220 1468.4
1311230 1468.4
1311240 1470.7
1311250 1472.9
1311260 1472.9
1311270 1474.5
1311280 1474.4
1311290 1474.4
1311300 1473.8
1311310 1473.4
1311320 1473.4
1311330 1474.3
1311340 1481.0
1311350 1481.0
1311360 1480.3
1311370 1481.7
1311380 1486.1
1311390 1486.1
1311400 1492.7
1311410 1497.9
1311420 1497.9
1311430 1498.7
1311440 1497.9
1311450 1497.9
1311460 1501.6
1311470 1508.5
1311480 1508.5
1311490 1513.3
1311500 1517.8
1311510 1517.8
1311520 1522.7
1311530 1528.4
1311540 1528.4
1311550 1534.8
1311560 1541.2
1311570 1541.2
1311580 1546.5
1311590 1551.3
1311600 1551.3
1311610 1555.7
1311620 1560.1
1311630 1560.1
1311640 1564.6
1311650 1569.3
1311660 1574.3
1311670 1574.3
1311680 1579.8
1311690 1585.2
1311700 1585.2
1311710 1591.0
1311720 1596.9
1311730 1596.9
1311740 1602.7
1311750 1607.8
1311760 1607.8
1311770 1612.9
1311780 1617.8
1311790 1617.8
1311800 1621.7
1311810 1625.6
1311820 1625.6
1311830 1630.4
1311840 1636.3
1311850 1636.3
1311860 1642.1
1311870 1647.4
1311880 1647.4
1311890 1652.9
1311900 1659.0
1311910 1659.0
1311920 1665.1
1311930 1670.8
1311940 1676.1
1311950 1676.1
1311960 1680.6
1311970 1681.4
1311980 1681.4
1311990 1681.4
1312000 1683.5
1312010 1683.5
1312020 1685.2
1312030 1686.9
1312040 1686.9
1312050 1690.1
1312060 1696.2
1312070 1696.2
1312080 1696.6
1312090 1698.6
1312100 1698.6
1312110 1695.7
1312120 1690.9
1312130 1690.9
1312140 1686.6
1312150 1682.1
1312160 1682.1
1312170 1677.4
1312180 1673.7
1312190 1673.7
1312200 1670.0
1312210 1665.6
1312220 1660.5
1312230 1660.5
1312240 1655.4
1312250 1650.4
1312260 1650.4
1312270 1645.2
1312280 1639.6
1312290 1639.6
1312300 1633.7
1312310 1626.9
1312320 1626.9
1312330 1620.1
1312340 1613.8
1312350 1613.8
1312360 1607.5
1312370 1600.9
1312380 1600.9
1312390 1594.2
1312400 1587.4
1312410 1587.4
1312420 1581.0
1312430 1575.0
1312440 1575.0
1312450 1569.0
1312460 1562.6
1312470 1562.6
1312480 1556.1
1312490 1549.7
1312500 1549.7
1312510 1542.8
1312520 1536.4
1312530 1530.4
1312540 1530.4
1312550 1523.9
1312560 1517.2
1312570 1517.2
1312580 1510.7
1312590 1505.8
1312600 1505.8
1312610 1501.3
1312620 1496.6
1312630 1496.6
1312640 1492.3
1312650 1487.8
1312660 1487.8
1312670 1483.0
1312680 1477.9
1312690 1477.9
1312700 1474.2
1312710 1469.9
1312720 1469.9
1312730 1464.5
1312740 1461.3
1312750 1461.3
1312760 1457.2
1312770 1453.2
1312780 1453.2
1312790 1449.1
1312800 1445.8
1312810 1442.5
1312820 1441.5
1312830 1437.7
1312840 1433.4
1312850 1433.4
1312860 1428.9
1312870 1424.4
1312880 1424.4
1312890 1420.3
1312900 1416.7
1312910 1416.7
1312920 1413.3
1312930 1410.1
1312940 1410.1
1312950 1407.4
1312960 1404.8
1312970 1404.8
1312980 1402.3
1312990 1400.1
1313000 1400.1
1313010 1398.0
1313020 1395.8
1313030 1395.8
1313040 1393.5
1313050 1390.6
1313060 1390.6
1313070 1386.9
1313080 1383.4
1313090 1380.3
1313100 1380.3
1313110 1377.7
1313120 1375.7
1313130 1375.7
1313140 1373.7
1313150 1371.7
1313160 1371.7
1313170 1374.5
1313180 1379.9
1313190 1379.9
1313200 1385.3
1313210 1389.5
1313220 1389.5
1313230 1392.1
1313240 1394.0
1313250 1394.0
1313260 1395.8
1313270 1397.3
1313280 1397.3
1313290 1398.7
1313300 1399.9
1313310 1399.9
1313320 1401.7
1313330 1404.3
1313340 1404.3
1313350 1407.0
1313360 1409.5
1313370 1412.2
1313380 1412.2
1313390 1415.0
1313400 1417.9
1313410 1417.9
1313420 1420.1
1313430 1422.8
1313440 1422.8
1313450 1426.9
1313460 1430.4
1313470 1430.4
1313480 1433.6
1313490 1436.9
1313500 1436.9
1313510 1440.7
1313520 1444.5
1313530 1444.5
1313540 1448.6
1313550 1452.8
1313560 1455.3
1313570 1459.5
1313580 1463.8
1313590 1463.8
1313600 1468.1
1313610 1472.6
1313620 1472.6
1313630 1477.2
1313640 1481.9
1313650 1486.9
1313660 1486.9
1313670 1492.0
1313680 1496.8
1313690 1496.8
1313700 1501.2
1313710 1506.9
1313720 1506.9
1313730 1512.2
1313740 1516.8
1313750 1516.8
1313760 1521.7
1313770 1526.7
1313780 1526.7
1313790 1531.7
1313800 1536.8
1313810 1536.8
1313820 1541.6
1313830 1546.6
1313840 1546.6
1313850 1551.5
1313860 1556.3
1313870 1556.3
1313880 1561.6
1313890 1567.5
1313900 1567.5
1313910 1570.6
1313920 1575.7
1313930 1581.4
1313940 1581.4
1313950 1586.9
1313960 1592.6
1313970 1592.6
1313980 1597.5
1313990 1601.8
1314000 1601.8
1314010 1605.4
1314020 1607.9
1314030 1607.9
1314040 1610.8
1314050 1614.5
1314060 1614.5
1314070 1618.2
1314080 1621.8
1314090 1621.8
1314100 1625.4
1314110 1628.9
1314120 1628.9
1314130 1631.3
1314140 1632.1
1314150 1632.1
1314160 1632.5
1314170 1632.7
1314180 1632.7
1314190 1632.6
1314200 1631.9
1314210 1630.1
1314220 1630.1
1314230 1627.7
1314240 1625.5
1314250 1625.5
1314260 1624.3
1314270 1623.5
1314280 1623.5
1314290 1622.5
1314300 1622.6
1314310 1623.5
1314320 1619.6
1314330 1614.5
1314340 1614.5
1314350 1612.5
1314360 1612.4
1314370 1612.4
1314380 1612.7
1314390 1612.6
1314400 1612.6
1314410 1611.9
1314420 1610.5
1314430 1610.5
1314440 1609.0
1314450 1608.1
1314460 1608.1
1314470 1607.7
1314480 1607.6
1314490 1607.6
1314500 1607.6
1314510 1607.6
1314520 1607.4
1314530 1607.4
1314540 1607.0
1314550 1606.6
1314560 1606.6
1314570 1606.0
1314580 1604.9
1314590 1604.9
1314600 1603.5
1314610 1601.8
1314620 1601.8
1314630 1599.4
1314640 1598.4
1314650 1598.4
1314660 1597.7
1314670 1597.1
1314680 1597.1
1314690 1596.9
1314700 1596.9
1314710 1596.9
1314720 1596.7
1314730 1596.4
1314740 1596.4
1314750 1594.9
1314760 1591.7
1314770 1586.7
1314780 1586.7
1314790 1581.2
1314800 1576.0
1314810 1576.0
1314820 1571.6
1314830 1567.3
1314840 1567.3
1314850 1563.7
1314860 1560.5
1314870 1560.5
1314880 1557.2
1314890 1553.6
1314900 1553.6
1314910 1548.8
1314920 1543.8
1314930 1543.8
1314940 1537.5
1314950 1531.7
1314960 1531.7
1314970 1526.0
1314980 1520.5
1314990 1520.5
1315000 1515.3
1315010 1510.0
1315020 1510.0
1315030 1504.4
1315040 1498.8
1315050 1498.8
1315060 1493.4
1315070 1488.1
1315080 1482.6
1315090 1482.6
1315100 1477.8
1315110 1473.6
1315120 1473.6
1315130 1469.4
1315140 1465.0
1315150 1465.0
1315160 1460.7
1315170 1456.2
1315180 1456.2
1315190 1451.6
1315200 1446.9
1315210 1446.9
1315220 1442.3
1315230 1438.3
1315240 1438.3
1315250 1434.1
1315260 1429.4
1315270 1429.4
1315280 1424.0
1315290 1417.1
1315300 1417.1
1315310 1411.2
1315320 1404.8
1315330 1404.8
1315340 1400.8
1315350 1396.1
1315360 1390.1
1315370 1390.1
1315380 1383.9
1315390 1378.5
1315400 1378.5
1315410 1374.0
1315420 1371.0
1315430 1371.0
1315440 1368.6
1315450 1366.4
1315460 1366.4
1315470 1363.8
1315480 1360.6
1315490 1360.6
1315500 1356.7
1315510 1353.3
1315520 1353.3
1315530 1350.5
1315540 1348.3
1315550 1348.3
1315560 1345.8
1315570 1343.1
1315580 1343.1
1315590 1340.8
1315600 1338.0
1315610 1338.0
1315620 1335.3
1315630 1332.4
1315640 1329.8
1315650 1329.8
1315660 1327.0
1315670 1323.2
1315680 1323.2
1315690 1319.2
1315700 1315.5
1315710 1315.5
1315720 1312.4
1315730 1310.3
1315740 1310.3
1315750 1305.5
1315760 1299.7
1315770 1299.7
1315780 1294.7
1315790 1291.0
1315800 1291.0
1315810 1287.5
1315820 1282.5
1315830 1282.5
1315840 1278.3
1315850 1274.7
1315860 1274.7
1315870 1270.9
1315880 1265.3
1315890 1265.3
1315900 1259.8
1315910 1255.7
1315920 1253.4
1315930 1253.4
1315940 1249.6
1315950 1243.7
1315960 1243.7
1315970 1236.8
1315980 1229.5
1315990 1229.5
1316000 1222.6
1316010 1216.9
1316020 1216.9
1316030 1212.4
1316040 1208.2
1316050 1208.2
1316060 1204.3
1316070 1200.6
1316080 1200.6
1316090 1197.4
1316100 1193.5
1316110 1193.5
1316120 1187.0
1316130 1180.1
1316140 1180.1
1316150 1172.3
1316160 1165.9
1316170 1165.9
1316180 1162.0
1316190 1159.1
1316200 1155.7
1316210 1155.7
1316220 1150.7
1316230 1143.9
1316240 1143.9
1316250 1135.9
1316260 1128.7
1316270 1128.7
1316280 1121.4
1316290 1114.9
1316300 1114.9
1316310 1109.5
1316320 1103.6
1316330 1103.6
1316340 1095.8
1316350 1089.6
1316360 1089.6
1316370 1084.3
1316380 1079.1
1316390 1079.1
1316400 1074.0
1316410 1069.1
1316420 1069.1
1316430 1064.4
1316440 1060.0
1316450 1060.0
1316460 1054.6
1316470 1050.8
1316480 1046.9
1316490 1046.9
1316500 1043.1
1316510 1040.0
1316520 1040.0
1316530 1037.4
1316540 1032.0
1316550 1032.0
1316560 1020.6
1316570 1010.5
1316580 1010.5
1316590 1001.3
1316600 990.4
1316610 990.4
1316620 980.8
1316630 972.2
1316640 972.2
1316650 965.3
1316660 959.6
1316670 959.6
1316680 954.9
1316690 948.2
1316700 948.2
1316710 942.1
1316720 936.7
1316730 936.7
1316740 932.0
1316750 926.1
1316760 920.5
1316770 920.5
1316780 914.9
1316790 910.0
1316800 910.0
1316810 904.4
1316820 898.8
1316830 898.8
1316840 893.6
1316850 889.0
1316860 889.0
1316870 884.8
1316880 880.5
1316890 880.5
1316900 876.1
1316910 871.5
1316920 871.5
1316930 866.9
1316940 861.8
1316950 861.8
1316960 856.8
1316970 851.5
1316980 851.5
1316990 846.2
1317000 841.5
1317010 841.5
1317020 836.4
1317030 831.1
1317040 826.2
1317050 826.2
1317060 822.1
1317070 818.1
1317080 818.1
1317090 814.5
1317100 811.4
1317110 811.4
1317120 808.7
1317130 806.2
1317140 806.2
1317150 803.6
1317160 801.1
1317170 801.1
1317180 798.3
1317190 794.8
1317200 794.8
1317210 792.0
1317220 788.6
1317230 788.6
1317240 785.2
1317250 782.0
1317260 782.0
1317270 779.4
1317280 777.6
1317290 777.6
1317300 775.9
1317310 774.4
1317320 772.2
1317330 771.9
1317340 770.0
1317350 767.9
1317360 767.9
1317370 767.3
1317380 766.5
1317390 766.5
1317400 764.5
1317410 762.0
1317420 762.0
1317430 758.5
1317440 756.5
1317450 756.5
1317460 754.6
1317470 750.9
1317480 750.9
1317490 747.6
1317500 745.4
1317510 745.4
1317520 743.8
1317530 742.3
1317540 742.3
1317550 740.9
1317560 739.3
1317570 739.3
1317580 737.0
1317590 734.5
1317600 732.2
1317610 732.2
1317620 729.8
1317630 727.3
1317640 727.3
1317650 724.4
1317660 721.3
1317670 721.3
1317680 718.4
1317690 715.7
1317700 715.7
1317710 713.1
1317720 710.6
1317730 710.6
1317740 708.6
1317750 706.9
1317760 706.9
1317770 705.3
1317780 704.4
1317790 704.4
1317800 703.3
1317810 702.0
1317820 702.0
1317830 700.3
1317840 698.3
1317850 698.3
1317860 696.1
1317870 694.3
1317880 694.3
1317890 692.8
1317900 690.6
1317910 687.4
1317920 687.4
1317930 683.3
1317940 678.6
1317950 678.6
1317960 674.2
1317970 670.4
1317980 670.4
1317990 667.0
1318000 664.8
1318010 664.8
1318020 662.6
1318030 660.3
1318040 660.3
1318050 657.7
1318060 655.6
1318070 655.6
1318080 653.5
1318090 651.5
1318100 651.5
1318110 649.5
1318120 647.2
1318130 647.2
1318140 644.8
1318150 642.6
1318160 642.6
1318170 640.2
1318180 638.8
1318190 637.9
1318200 637.9
1318210 636.3
1318220 634.7
1318230 634.7
1318240 636.1
1318250 636.5
1318260 636.5
1318270 636.1
1318280 634.4
1318290 634.4
1318300 633.6
1318310 630.9
1318320 630.9
1318330 626.0
1318340 623.4
1318350 623.4
1318360 620.8
1318370 618.7
1318380 618.7
1318390 617.6
1318400 615.2
1318410 615.2
1318420 610.8
1318430 608.5
1318440 608.5
1318450 606.8
1318460 605.0
1318470 603.5
1318480 603.5
1318490 600.5
1318500 597.5
1318510 597.5
1318520 595.1
1318530 592.5
1318540 592.5
1318550 589.5
1318560 586.1
1318570 586.1
1318580 583.1
1318590 580.0
1318600 580.0
1318610 578.1
1318620 576.1
1318630 576.1
1318640 573.0
1318650 571.2
1318660 571.2
1318670 569.0
1318680 566.2
1318690 566.2
1318700 561.4
1318710 556.6
1318720 556.6
1318730 553.2
1318740 551.5
1318750 551.1
1318760 551.1
1318770 550.6
1318780 550.6
1318790 550.6
1318800 550.3
1318810 550.3
1318820 550.3
1318830 550.5
1318840 550.3
1318850 550.3
1318860 549.2
1318870 548.6
1318880 548.6
1318890 548.4
1318900 548.2
1318910 548.2
1318920 548.0
1318930 548.2
1318940 548.2
1318950 547.9
1318960 546.7
1318970 546.7
1318980 545.7
1318990 545.2
1319000 545.2
1319010 544.8
1319020 544.6
1319030 544.3
1319040 544.3
1319050 543.7
1319060 543.3
1319070 543.3
1319080 542.9
1319090 542.3
1319100 542.3
1319110 541.5
1319120 541.1
1319130 541.1
1319140 540.5
1319150 540.2
1319160 540.2
1319170 539.4
1319180 538.6
1319190 538.6
1319200 538.0
1319210 537.5
1319220 537.5
1319230 537.1
1319240 536.5
1319250 536.5
1319260 536.3
1319270 536.1
1319280 536.1
1319290 536.0
1319300 535.9
1319310 535.9
1319320 535.9
1319330 535.9
1319340 535.9
1319350 535.9
1319360 535.9
1319370 535.9
1319380 535.9
1319390 536.0
1319400 536.1
1319410 536.1
1319420 536.8
1319430 538.0
1319440 538.0
1319450 537.5
1319460 535.3
1319470 535.3
1319480 534.1
1319490 534.0
1319500 534.0
1319510 534.0
1319520 534.0
1319530 534.0
1319540 534.0
1319550 534.0
1319560 534.0
1319570 534.0
1319580 534.0
1319590 534.0
1319600 534.0
1319610 533.9
1319620 533.9
1319630 533.9
1319640 533.9
1319650 533.9
1319660 533.9
1319670 533.9
1319680 534.0
1319690 534.0
1319700 533.9
1319710 533.9
1319720 533.9
1319730 533.9
1319740 534.0
1319750 534.0
1319760 534.0
1319770 534.0
1319780 534.0
1319790 534.0
1319800 534.1
1319810 534.1
1319820 534.2
1319830 534.1
1319840 534.1
1319850 534.2
1319860 534.2
1319870 534.3
1319880 534.3
1319890 535.3
1319900 535.4
1319910 535.4
1319920 534.9
1319930 534.4
1319940 534.4
1319950 534.5
1319960 534.6
1319970 534.6
1319980 534.4
1319990 534.4
