1300000 790.0
1300010 788.7
1300020 788.7
1300030 786.6
1300040 783.4
1300050 783.4
1300060 780.4
1300070 777.6
1300080 774.8
1300090 774.8
1300100 771.9
1300110 769.5
1300120 769.5
1300130 767.2
1300140 764.9
1300150 764.9
1300160 760.7
1300170 754.9
1300180 754.9
1300190 748.7
1300200 742.6
1300210 742.6
1300220 736.6
1300230 732.6
1300240 732.6
1300250 727.2
1300260 722.0
1300270 722.0
1300280 716.8
1300290 711.6
1300300 711.6
1300310 705.3
1300320 697.5
1300330 697.5
1300340 691.3
1300350 694.1
1300360 692.1
1300370 692.1
1300380 695.1
1300390 697.4
1300400 697.4
1300410 697.5
1300420 697.9
1300430 697.9
1300440 698.2
1300450 698.8
1300460 698.8
1300470 698.3
1300480 697.9
1300490 697.9
1300500 696.6
1300510 697.9
1300520 697.9
1300530 700.3
1300540 702.2
1300550 702.2
1300560 704.2
1300570 706.4
1300580 706.4
1300590 708.1
1300600 709.4
1300610 709.4
1300620 708.1
1300630 706.9
1300640 709.7
1300650 709.7
1300660 711.2
1300670 710.5
1300680 710.5
1300690 708.4
1300700 707.5
1300710 707.5
1300720 709.7
1300730 712.3
1300740 712.3
1300750 714.0
1300760 713.6
1300770 713.6
1300780 714.0
1300790 713.0
1300800 713.0
1300810 710.1
1300820 705.5
1300830 705.5
1300840 700.8
1300850 695.8
1300860 695.8
1300870 690.9
1300880 686.9
1300890 686.9
1300900 684.1
1300910 681.2
1300920 675.6
1300930 675.6
1300940 672.8
1300950 670.5
1300960 670.5
1300970 667.7
1300980 663.9
1300990 663.9
1301000 660.0
1301010 655.3
1301020 655.3
1301030 650.2
1301040 646.4
1301050 646.4
1301060 644.7
1301070 643.8
1301080 643.8
1301090 643.4
1301100 642.0
1301110 642.0
1301120 639.0
1301130 636.5
1301140 636.5
1301150 632.0
1301160 627.7
1301170 627.7
1301180 624.3
1301190 622.4
1301200 622.4
1301210 621.5
1301220 619.8
1301230 616.4
1301240 616.4
1301250 615.4
1301260 614.9
1301270 614.9
1301280 614.0
1301290 612.5
1301300 612.5
1301310 611.7
1301320 610.5
1301330 610.5
1301340 609.3
1301350 608.3
1301360 608.3
1301370 607.1
1301380 606.2
1301390 606.2
1301400 605.5
1301410 604.9
1301420 604.9
1301430 604.0
1301440 603.1
1301450 603.1
1301460 602.2
1301470 601.2
1301480 601.2
1301490 600.1
1301500 599.0
1301510 598.1
1301520 598.1
1301530 597.4
1301540 596.7
1301550 596.7
1301560 595.6
1301570 593.9
1301580 593.9
1301590 592.8
1301600 591.7
1301610 591.7
1301620 589.8
1301630 589.1
1301640 589.1
1301650 588.2
1301660 587.0
1301670 587.0
1301680 585.6
1301690 584.3
1301700 584.3
1301710 582.7
1301720 581.5
1301730 581.5
1301740 580.5
1301750 579.3
1301760 579.3
1301770 578.1
1301780 577.0
1301790 575.8
1301800 575.8
1301810 573.9
1301820 572.4
1301830 572.4
1301840 571.2
1301850 569.9
1301860 569.9
1301870 568.8
1301880 567.6
1301890 567.6
1301900 566.3
1301910 565.2
1301920 565.2
1301930 564.3
1301940 563.5
1301950 563.5
1301960 562.5
1301970 561.1
1301980 561.1
1301990 559.8
1302000 558.9
1302010 558.9
1302020 557.8
1302030 556.4
1302040 556.4
1302050 555.4
1302060 553.1
1302070 551.3
1302080 551.3
1302090 551.3
1302100 550.8
1302110 550.8
1302120 550.6
1302130 549.3
1302140 549.3
1302150 545.2
1302160 540.5
1302170 540.5
1302180 537.9
1302190 536.9
1302200 536.9
1302210 536.5
1302220 536.3
1302230 536.3
1302240 536.1
1302250 535.9
1302260 535.9
1302270 535.8
1302280 535.8
1302290 535.8
1302300 535.9
1302310 535.8
1302320 535.8
1302330 535.7
1302340 535.5
1302350 535.5
1302360 535.5
1302370 535.5
1302380 535.6
1302390 535.6
1302400 535.6
1302410 535.7
1302420 535.7
1302430 535.1
1302440 536.4
1302450 536.4
1302460 537.5
1302470 537.5
1302480 537.5
1302490 537.5
1302500 537.4
1302510 537.4
1302520 537.2
1302530 537.2
1302540 537.2
1302550 536.6
1302560 535.9
1302570 535.9
1302580 535.7
1302590 535.7
1302600 535.7
1302610 535.6
1302620 535.5
1302630 535.5
1302640 535.3
1302650 535.1
1302660 535.1
1302670 535.1
1302680 535.2
1302690 535.2
1302700 535.2
1302710 535.2
1302720 535.3
1302730 535.3
1302740 535.3
1302750 535.3
1302760 535.3
1302770 535.2
1302780 535.2
1302790 535.2
1302800 535.3
1302810 535.2
1302820 535.2
1302830 535.2
1302840 535.2
1302850 535.2
1302860 535.2
1302870 535.3
1302880 535.3
1302890 535.6
1302900 535.8
1302910 535.8
1302920 535.6
1302930 535.3
1302940 536.5
1302950 536.5
1302960 537.5
1302970 537.2
1302980 537.2
1302990 536.4
1303000 533.2
1303010 533.2
1303020 531.7
1303030 531.7
1303040 531.7
1303050 531.7
1303060 531.7
1303070 531.7
1303080 531.6
1303090 531.7
1303100 531.7
1303110 531.7
1303120 532.1
1303130 532.1
1303140 533.9
1303150 536.4
1303160 536.4
1303170 536.5
1303180 537.2
1303190 537.2
1303200 538.8
1303210 539.6
1303220 539.4
1303230 539.4
1303240 536.7
1303250 535.6
1303260 535.6
1303270 536.0
1303280 535.9
1303290 535.9
1303300 536.0
1303310 536.0
1303320 536.0
1303330 535.8
1303340 535.9
1303350 535.9
1303360 536.1
1303370 536.3
1303380 536.3
1303390 535.7
1303400 535.1
1303410 535.1
1303420 534.9
1303430 535.0
1303440 535.0
1303450 535.0
1303460 535.0
1303470 535.0
1303480 535.1
1303490 535.5
1303500 535.8
1303510 535.8
1303520 536.0
1303530 536.1
1303540 536.1
1303550 535.4
1303560 535.0
1303570 535.0
1303580 535.1
1303590 535.1
1303600 535.1
1303610 535.0
1303620 535.0
1303630 535.0
1303640 535.3
1303650 535.4
1303660 535.4
1303670 535.4
1303680 536.0
1303690 536.0
1303700 536.4
1303710 536.3
1303720 536.4
1303730 536.4
1303740 536.3
1303750 536.3
1303760 536.2
1303770 535.5
1303780 534.9
1303790 534.9
1303800 534.8
1303810 534.7
1303820 534.7
1303830 534.8
1303840 534.8
1303850 534.8
1303860 535.1
1303870 535.8
1303880 535.8
1303890 536.1
1303900 536.0
1303910 536.0
1303920 536.5
1303930 536.8
1303940 536.8
1303950 536.8
1303960 536.8
1303970 536.8
1303980 536.8
1303990 536.6
1304000 536.6
1304010 536.2
1304020 536.0
1304030 536.0
1304040 536.1
1304050 536.3
1304060 536.3
1304070 536.7
1304080 536.9
1304090 536.3
1304100 536.3
1304110 536.1
1304120 536.3
1304130 536.3
1304140 536.8
1304150 537.3
1304160 537.3
1304170 538.1
1304180 538.3
1304190 538.3
1304200 538.3
1304210 537.8
1304220 537.8
1304230 537.0
1304240 536.8
1304250 536.8
1304260 536.9
1304270 537.0
1304280 537.0
1304290 537.0
1304300 537.1
1304310 537.1
1304320 537.9
1304330 538.5
1304340 538.5
1304350 538.6
1304360 538.8
1304370 538.9
1304380 538.9
1304390 539.1
1304400 539.2
1304410 539.2
1304420 539.1
1304430 539.3
1304440 539.3
1304450 539.0
1304460 539.0
1304470 539.0
1304480 539.1
1304490 539.2
1304500 539.2
1304510 539.2
1304520 539.3
1304530 539.3
1304540 539.3
1304550 539.6
1304560 539.6
1304570 539.9
1304580 539.8
1304590 539.8
1304600 539.8
1304610 539.9
1304620 539.9
1304630 540.1
1304640 540.2
1304650 540.1
1304660 540.1
1304670 540.1
1304680 540.1
1304690 540.1
1304700 540.2
1304710 540.2
1304720 540.2
1304730 540.1
1304740 540.0
1304750 540.0
1304760 540.3
1304770 540.5
1304780 540.5
1304790 540.5
1304800 540.6
1304810 540.6
1304820 540.5
1304830 539.8
1304840 539.8
1304850 539.5
1304860 539.2
1304870 539.2
1304880 538.9
1304890 538.8
1304900 538.8
1304910 538.9
1304920 539.4
1304930 539.8
1304940 539.8
1304950 539.4
1304960 538.9
1304970 538.9
1304980 538.7
1304990 538.4
1305000 538.4
1305010 538.3
1305020 537.6
1305030 537.6
1305040 536.6
1305050 536.7
1305060 536.7
1305070 536.9
1305080 537.0
1305090 537.0
1305100 536.9
1305110 536.3
1305120 536.3
1305130 536.0
1305140 535.7
1305150 535.7
1305160 535.6
1305170 536.1
1305180 536.1
1305190 536.8
1305200 537.0
1305210 537.4
1305220 537.4
1305230 537.5
1305240 537.3
1305250 537.3
1305260 537.6
1305270 538.4
1305280 538.4
1305290 539.0
1305300 540.9
1305310 540.9
1305320 544.2
1305330 544.9
1305340 544.9
1305350 545.6
1305360 546.2
1305370 546.2
1305380 546.8
1305390 547.3
1305400 547.3
1305410 547.8
1305420 548.3
1305430 548.3
1305440 549.0
1305450 549.9
1305460 549.9
1305470 550.6
1305480 551.1
1305490 551.1
1305500 551.7
1305510 552.5
1305520 553.3
1305530 553.3
1305540 554.0
1305550 554.3
1305560 554.3
1305570 554.9
1305580 556.5
1305590 556.5
1305600 557.2
1305610 557.7
1305620 557.7
1305630 557.4
1305640 558.3
1305650 558.3
1305660 560.3
1305670 560.3
1305680 560.3
1305690 560.9
1305700 562.5
1305710 562.5
1305720 564.2
1305730 565.1
1305740 565.1
1305750 565.7
1305760 566.3
1305770 566.3
1305780 566.8
1305790 567.4
1305800 568.0
1305810 568.0
1305820 568.7
1305830 569.7
1305840 569.7
1305850 572.8
1305860 574.0
1305870 574.0
1305880 574.7
1305890 576.3
1305900 576.3
1305910 578.5
1305920 580.2
1305930 580.2
1305940 581.9
1305950 585.5
1305960 585.5
1305970 587.2
1305980 589.0
1305990 589.0
1306000 591.0
1306010 592.7
1306020 592.7
1306030 594.0
1306040 595.2
1306050 595.2
1306060 596.4
1306070 598.2
1306080 602.4
1306090 602.4
1306100 606.2
1306110 609.6
1306120 609.6
1306130 613.7
1306140 617.3
1306150 617.3
1306160 620.5
1306170 624.4
1306180 624.4
1306190 628.1
1306200 630.5
1306210 630.5
1306220 630.7
1306230 630.1
1306240 630.1
1306250 629.5
1306260 629.9
1306270 629.9
1306280 631.4
1306290 632.6
1306300 632.6
1306310 634.5
1306320 638.3
1306330 638.3
1306340 643.1
1306350 645.7
1306360 645.8
1306370 645.8
1306380 646.7
1306390 651.4
1306400 651.4
1306410 658.0
1306420 664.5
1306430 664.5
1306440 669.3
1306450 665.3
1306460 665.3
1306470 657.2
1306480 651.7
1306490 651.7
1306500 654.3
1306510 660.9
1306520 660.9
1306530 667.7
1306540 675.0
1306550 675.0
1306560 682.6
1306570 689.5
1306580 689.5
1306590 695.7
1306600 702.7
1306610 702.7
1306620 706.8
1306630 708.4
1306640 711.8
1306650 711.8
1306660 716.5
1306670 722.3
1306680 722.3
1306690 727.9
1306700 732.5
1306710 732.5
1306720 734.5
1306730 736.2
1306740 736.2
1306750 739.9
1306760 744.5
1306770 744.5
1306780 749.0
1306790 753.1
1306800 753.1
1306810 758.6
1306820 763.5
1306830 763.5
1306840 764.7
1306850 763.3
1306860 763.3
1306870 762.7
1306880 764.1
1306890 764.1
1306900 767.1
1306910 769.4
1306920 771.1
1306930 771.1
1306940 772.6
1306950 772.5
1306960 772.5
1306970 771.2
1306980 770.7
1306990 770.7
1307000 770.2
1307010 769.5
1307020 769.5
1307030 769.0
1307040 768.8
1307050 768.8
1307060 769.4
1307070 770.9
1307080 770.9
1307090 772.8
1307100 775.1
1307110 775.1
1307120 778.9
1307130 782.3
1307140 782.3
1307150 785.8
1307160 789.2
1307170 789.2
1307180 793.4
1307190 798.6
1307200 798.6
1307210 805.5
1307220 810.8
1307230 815.7
1307240 815.7
1307250 820.3
1307260 824.5
1307270 824.5
1307280 826.5
1307290 831.7
1307300 831.7
1307310 836.8
1307320 842.0
1307330 842.0
1307340 847.0
1307350 850.0
1307360 850.0
1307370 852.3
1307380 854.8
1307390 854.8
1307400 857.4
1307410 860.1
1307420 860.1
1307430 863.1
1307440 866.1
1307450 866.1
1307460 868.3
1307470 871.6
1307480 871.6
1307490 876.8
1307500 884.1
1307510 891.4
1307520 891.4
1307530 898.2
1307540 904.0
1307550 904.0
1307560 907.2
1307570 910.1
1307580 910.1
1307590 913.5
1307600 919.8
1307610 919.8
1307620 924.3
1307630 926.8
1307640 926.8
1307650 929.2
1307660 932.5
1307670 932.5
1307680 936.0
1307690 939.9
1307700 939.9
1307710 943.3
1307720 946.5
1307730 946.5
1307740 949.7
1307750 955.9
1307760 955.9
1307770 963.1
1307780 968.8
1307790 971.4
1307800 971.4
1307810 972.8
1307820 974.7
1307830 974.7
1307840 978.4
1307850 982.7
1307860 982.7
1307870 987.4
1307880 990.9
1307890 990.9
1307900 992.7
1307910 995.6
1307920 995.6
1307930 998.7
1307940 1001.6
1307950 1001.6
1307960 1004.8
1307970 1008.3
1307980 1008.3
1307990 1011.1
1308000 1014.7
1308010 1017.4
1308020 1021.2
1308030 1024.9
1308040 1024.9
1308050 1029.1
1308060 1033.4
1308070 1037.8
1308080 1037.8
1308090 1042.5
1308100 1047.4
1308110 1047.4
1308120 1052.5
1308130 1058.6
1308140 1058.6
1308150 1065.1
1308160 1071.8
1308170 1071.8
1308180 1078.9
1308190 1086.4
1308200 1086.4
1308210 1093.9
1308220 1099.0
1308230 1099.0
1308240 1102.5
1308250 1105.1
1308260 1105.1
1308270 1106.7
1308280 1107.2
1308290 1107.2
1308300 1107.8
1308310 1110.7
1308320 1110.7
1308330 1114.9
1308340 1119.7
1308350 1123.9
1308360 1123.9
1308370 1127.7
1308380 1131.1
1308390 1131.1
1308400 1134.8
1308410 1138.5
1308420 1138.5
1308430 1142.2
1308440 1146.0
1308450 1146.0
1308460 1150.1
1308470 1153.1
1308480 1153.1
1308490 1156.5
1308500 1159.4
1308510 1159.4
1308520 1162.1
1308530 1166.1
1308540 1166.1
1308550 1170.9
1308560 1175.4
1308570 1175.4
1308580 1180.3
1308590 1185.2
1308600 1185.2
1308610 1190.2
1308620 1195.2
1308630 1195.2
1308640 1199.9
1308650 1204.6
1308660 1209.3
1308670 1209.3
1308680 1213.8
1308690 1218.0
1308700 1218.0
1308710 1221.6
1308720 1226.0
1308730 1232.6
1308740 1236.8
1308750 1241.0
1308760 1241.0
1308770 1245.4
1308780 1249.6
1308790 1249.6
1308800 1253.2
1308810 1257.1
1308820 1257.1
1308830 1263.1
1308840 1266.4
1308850 1266.4
1308860 1269.8
1308870 1275.2
1308880 1275.2
1308890 1280.5
1308900 1284.0
1308910 1284.0
1308920 1282.7
1308930 1281.5
1308940 1280.6
1308950 1280.6
1308960 1280.1
1308970 1279.5
1308980 1279.5
1308990 1277.5
1309000 1276.8
1309010 1276.8
1309020 1276.3
1309030 1273.5
1309040 1273.5
1309050 1271.5
1309060 1270.5
1309070 1270.5
1309080 1270.4
1309090 1272.3
1309100 1272.3
1309110 1274.2
1309120 1277.8
1309130 1277.8
1309140 1283.8
1309150 1285.2
1309160 1285.2
1309170 1282.2
1309180 1278.9
1309190 1278.9
1309200 1274.9
1309210 1270.9
1309220 1264.1
1309230 1264.1
1309240 1258.7
1309250 1254.7
1309260 1254.7
1309270 1250.9
1309280 1246.4
1309290 1246.4
1309300 1240.5
1309310 1234.3
1309320 1234.3
1309330 1226.3
1309340 1218.0
1309350 1218.0
1309360 1211.3
1309370 1206.3
1309380 1206.3
1309390 1202.8
1309400 1201.0
1309410 1201.0
1309420 1200.7
1309430 1199.4
1309440 1199.4
1309450 1204.2
1309460 1205.4
1309470 1205.4
1309480 1208.0
1309490 1208.8
1309500 1209.2
1309510 1209.2
1309520 1211.5
1309530 1214.4
1309540 1214.4
1309550 1218.2
1309560 1220.9
1309570 1220.9
1309580 1223.0
1309590 1225.6
1309600 1225.6
1309610 1227.3
1309620 1227.4
1309630 1227.4
1309640 1226.6
1309650 1225.3
1309660 1225.3
1309670 1223.8
1309680 1220.1
1309690 1220.1
1309700 1215.4
1309710 1210.8
1309720 1210.8
1309730 1207.4
1309740 1205.3
1309750 1205.3
1309760 1203.1
1309770 1200.0
1309780 1195.2
1309790 1195.2
1309800 1190.4
1309810 1186.9
1309820 1186.9
1309830 1184.3
1309840 1182.0
1309850 1182.0
1309860 1178.8
1309870 1176.2
1309880 1176.2
1309890 1175.6
1309900 1175.1
1309910 1175.1
1309920 1174.5
1309930 1172.2
1309940 1172.2
1309950 1167.9
1309960 1162.8
1309970 1162.8
1309980 1156.6
1309990 1147.6
1310000 1147.6
1310010 1138.3
1310020 1129.7
1310030 1129.7
1310040 1121.4
1310050 1113.7
1310060 1105.9
1310070 1105.9
1310080 1097.6
1310090 1084.1
1310100 1084.1
1310110 1069.2
1310120 1058.6
1310130 1058.6
1310140 1055.6
1310150 1065.2
1310160 1065.2
1310170 1080.9
1310180 1086.1
1310190 1086.1
1310200 1093.1
1310210 1100.3
1310220 1100.3
1310230 1107.4
1310240 1118.0
1310250 1118.0
1310260 1127.4
1310270 1136.0
1310280 1136.0
1310290 1143.9
1310300 1150.9
1310310 1150.9
1310320 1156.9
1310330 1163.2
1310340 1163.2
1310350 1169.2
1310360 1175.9
1310370 1181.9
1310380 1181.9
1310390 1185.9
1310400 1187.8
1310410 1187.8
1310420 1190.5
1310430 1194.1
1310440 1194.1
1310450 1198.8
1310460 1202.9
1310470 1202.9
1310480 1205.8
1310490 1207.8
1310500 1207.8
1310510 1209.0
1310520 1208.9
1310530 1208.9
1310540 1208.8
1310550 1211.3
1310560 1211.3
1310570 1211.8
1310580 1210.8
1310590 1210.8
1310600 1208.5
1310610 1205.8
1310620 1205.8
1310630 1203.5
1310640 1199.9
1310650 1194.7
1310660 1194.7
1310670 1188.9
1310680 1188.3
1310690 1188.3
1310700 1193.9
1310710 1196.8
1310720 1196.8
1310730 1199.4
1310740 1202.2
1310750 1202.2
1310760 1204.8
1310770 1209.8
1310780 1209.8
1310790 1212.2
1310800 1212.8
1310810 1212.8
1310820 1216.6
1310830 1223.1
1310840 1223.1
1310850 1225.5
1310860 1225.5
1310870 1225.5
1310880 1226.0
1310890 1226.3
1310900 1226.3
1310910 1224.0
1310920 1226.3
1310930 1231.1
1310940 1231.1
1310950 1234.9
1310960 1240.0
1310970 1240.0
1310980 1246.0
1310990 1249.6
1311000 1249.6
1311010 1251.9
1311020 1255.3
1311030 1255.3
1311040 1258.8
1311050 1262.3
1311060 1262.3
1311070 1266.6
1311080 1270.0
1311090 1270.0
1311100 1273.3
1311110 1275.7
1311120 1275.7
1311130 1280.3
1311140 1287.9
1311150 1287.9
1311160 1291.4
1311170 1294.4
1311180 1294.4
1311190 1298.2
1311200 1303.6
1311210 1307.5
1311220 1307.5
1311230 1311.7
1311240 1318.2
1311250 1318.2
1311260 1325.0
1311270 1329.7
1311280 1329.7
1311290 1335.3
1311300 1341.3
1311310 1341.3
1311320 1347.0
1311330 1353.2
1311340 1353.2
1311350 1358.6
1311360 1364.7
1311370 1364.7
1311380 1372.8
1311390 1380.3
1311400 1380.3
1311410 1387.6
1311420 1394.3
1311430 1394.3
1311440 1398.5
1311450 1404.4
1311460 1404.4
1311470 1410.7
1311480 1415.0
1311490 1420.2
1311500 1420.2
1311510 1424.9
1311520 1429.1
1311530 1429.1
1311540 1433.8
1311550 1438.9
1311560 1438.9
1311570 1441.5
1311580 1446.4
1311590 1446.4
1311600 1452.7
1311610 1455.2
1311620 1455.2
1311630 1456.3
1311640 1457.6
1311650 1458.8
1311660 1461.3
1311670 1464.7
1311680 1464.7
1311690 1468.9
1311700 1473.2
1311710 1473.2
1311720 1477.8
1311730 1483.3
1311740 1483.3
1311750 1490.4
1311760 1495.4
1311770 1495.4
1311780 1499.8
1311790 1504.1
1311800 1508.5
1311810 1508.5
1311820 1513.7
1311830 1519.7
1311840 1519.7
1311850 1526.2
1311860 1532.2
1311870 1532.2
1311880 1537.3
1311890 1541.9
1311900 1541.9
1311910 1546.5
1311920 1551.6
1311930 1551.6
1311940 1555.6
1311950 1559.2
1311960 1559.2
1311970 1564.3
1311980 1569.0
1311990 1569.0
1312000 1573.2
1312010 1576.2
1312020 1576.2
1312030 1579.8
1312040 1582.9
1312050 1582.9
1312060 1586.2
1312070 1591.2
1312080 1595.4
1312090 1595.4
1312100 1598.4
1312110 1600.9
1312120 1600.9
1312130 1603.0
1312140 1605.8
1312150 1605.8
1312160 1609.4
1312170 1612.7
1312180 1612.7
1312190 1616.0
1312200 1618.6
1312210 1618.6
1312220 1621.9
1312230 1626.1
1312240 1626.1
1312250 1631.2
1312260 1634.7
1312270 1634.7
1312280 1636.3
1312290 1636.7
1312300 1636.7
1312310 1636.7
1312320 1637.4
1312330 1637.4
1312340 1643.2
1312350 1648.8
1312360 1650.3
1312370 1650.3
1312380 1651.4
1312390 1659.2
1312400 1659.2
1312410 1661.4
1312420 1664.0
1312430 1664.0
1312440 1666.3
1312450 1668.3
1312460 1668.3
1312470 1670.2
1312480 1671.1
1312490 1671.1
1312500 1671.6
1312510 1671.6
1312520 1671.6
1312530 1671.6
1312540 1671.9
1312550 1671.9
1312560 1672.3
1312570 1672.5
1312580 1672.5
1312590 1673.4
1312600 1673.3
1312610 1673.3
1312620 1672.6
1312630 1671.9
1312640 1671.4
1312650 1671.4
1312660 1670.7
1312670 1667.3
1312680 1667.3
1312690 1662.0
1312700 1656.8
1312710 1656.8
1312720 1652.0
1312730 1647.2
1312740 1647.2
1312750 1642.4
1312760 1637.1
1312770 1637.1
1312780 1632.4
1312790 1627.9
1312800 1627.9
1312810 1623.4
1312820 1618.7
1312830 1618.7
1312840 1614.1
1312850 1609.1
1312860 1609.1
1312870 1604.0
1312880 1599.0
1312890 1599.0
1312900 1594.5
1312910 1589.8
1312920 1584.6
1312930 1584.6
1312940 1580.3
1312950 1576.4
1312960 1576.4
1312970 1572.3
1312980 1568.2
1312990 1568.2
1313000 1563.5
1313010 1558.3
1313020 1558.3
1313030 1554.0
1313040 1550.2
1313050 1550.2
1313060 1547.9
1313070 1546.1
1313080 1546.1
1313090 1544.5
1313100 1542.4
1313110 1542.4
1313120 1538.3
1313130 1530.4
1313140 1530.4
1313150 1524.8
1313160 1518.5
1313170 1518.5
1313180 1511.5
1313190 1506.9
1313200 1504.1
1313210 1504.1
1313220 1499.5
1313230 1496.4
1313240 1496.4
1313250 1492.4
1313260 1487.8
1313270 1487.8
1313280 1485.9
1313290 1485.0
1313300 1485.0
1313310 1482.5
1313320 1479.0
1313330 1479.0
1313340 1475.0
1313350 1469.8
1313360 1469.8
1313370 1464.6
1313380 1461.7
1313390 1461.7
1313400 1458.0
1313410 1453.2
1313420 1453.2
1313430 1449.3
1313440 1444.9
1313450 1444.9
1313460 1439.0
1313470 1435.2
1313480 1435.2
1313490 1432.6
1313500 1428.7
1313510 1424.0
1313520 1424.0
1313530 1419.0
1313540 1415.3
1313550 1415.3
1313560 1411.6
1313570 1407.6
1313580 1407.6
1313590 1404.7
1313600 1400.9
1313610 1400.9
1313620 1397.0
1313630 1393.5
1313640 1393.5
1313650 1390.2
1313660 1386.7
1313670 1386.7
1313680 1383.8
1313690 1380.9
1313700 1380.9
1313710 1377.9
1313720 1375.7
1313730 1375.7
1313740 1373.6
1313750 1371.5
1313760 1371.5
1313770 1369.4
1313780 1367.4
1313790 1364.5
1313800 1364.5
1313810 1360.7
1313820 1357.8
1313830 1357.8
1313840 1354.9
1313850 1352.8
1313860 1352.8
1313870 1350.8
1313880 1346.3
1313890 1346.3
1313900 1344.4
1313910 1341.9
1313920 1341.9
1313930 1339.3
1313940 1336.4
1313950 1336.4
1313960 1332.7
1313970 1328.7
1313980 1328.7
1313990 1325.6
1314000 1323.3
1314010 1323.3
1314020 1321.4
1314030 1319.7
1314040 1319.7
1314050 1320.3
1314060 1323.8
1314070 1327.6
1314080 1327.6
1314090 1331.4
1314100 1335.3
1314110 1335.3
1314120 1339.5
1314130 1341.2
1314140 1341.2
1314150 1344.5
1314160 1347.9
1314170 1347.9
1314180 1349.7
1314190 1351.1
1314200 1351.1
1314210 1352.6
1314220 1354.3
1314230 1354.3
1314240 1356.3
1314250 1358.2
1314260 1358.2
1314270 1360.4
1314280 1362.5
1314290 1362.5
1314300 1364.8
1314310 1366.8
1314320 1366.8
1314330 1369.3
1314340 1372.7
1314350 1376.4
1314360 1376.4
1314370 1379.2
1314380 1381.8
1314390 1381.8
1314400 1385.3
1314410 1388.7
1314420 1388.7
1314430 1391.9
1314440 1395.7
1314450 1395.7
1314460 1400.6
1314470 1404.8
1314480 1404.8
1314490 1409.2
1314500 1413.7
1314510 1413.7
1314520 1419.0
1314530 1424.6
1314540 1424.6
1314550 1430.1
1314560 1435.7
1314570 1435.7
1314580 1441.6
1314590 1447.6
1314600 1447.6
1314610 1453.3
1314620 1459.2
1314630 1470.6
1314640 1470.6
1314650 1477.1
1314660 1484.5
1314670 1484.5
1314680 1491.6
1314690 1497.8
1314700 1497.8
1314710 1503.4
1314720 1508.4
1314730 1508.4
1314740 1512.8
1314750 1515.3
1314760 1515.3
1314770 1515.0
1314780 1512.9
1314790 1512.9
1314800 1513.8
1314810 1514.0
1314820 1514.0
1314830 1514.5
1314840 1514.3
1314850 1514.3
1314860 1512.5
1314870 1513.3
1314880 1513.3
1314890 1514.7
1314900 1516.8
1314910 1515.6
1314920 1515.6
1314930 1513.3
1314940 1511.3
1314950 1511.3
1314960 1511.1
1314970 1509.1
1314980 1509.1
1314990 1506.9
1315000 1505.3
1315010 1505.3
1315020 1502.3
1315030 1498.8
1315040 1498.8
1315050 1495.7
1315060 1491.0
1315070 1491.0
1315080 1486.7
1315090 1482.0
1315100 1482.0
1315110 1477.4
1315120 1472.3
1315130 1472.3
1315140 1467.1
1315150 1462.3
1315160 1462.3
1315170 1457.9
1315180 1453.9
1315190 1453.9
1315200 1449.6
1315210 1444.8
1315220 1439.5
1315230 1439.5
1315240 1434.2
1315250 1428.7
1315260 1428.7
1315270 1423.0
1315280 1418.4
1315290 1418.4
1315300 1414.2
1315310 1409.8
1315320 1409.8
1315330 1404.3
1315340 1398.3
1315350 1398.3
1315360 1392.3
1315370 1387.4
1315380 1388.6
1315390 1384.3
1315400 1380.6
1315410 1380.6
1315420 1377.3
1315430 1373.9
1315440 1373.9
1315450 1369.4
1315460 1362.9
1315470 1362.9
1315480 1356.7
1315490 1352.2
1315500 1347.0
1315510 1347.0
1315520 1341.8
1315530 1336.9
1315540 1336.9
1315550 1331.5
1315560 1324.6
1315570 1324.6
1315580 1318.2
1315590 1312.3
1315600 1312.3
1315610 1307.3
1315620 1303.2
1315630 1303.2
1315640 1299.2
1315650 1294.7
1315660 1294.7
1315670 1290.0
1315680 1285.4
1315690 1285.4
1315700 1280.6
1315710 1275.8
1315720 1275.8
1315730 1271.8
1315740 1268.2
1315750 1268.2
1315760 1264.4
1315770 1261.3
1315780 1257.7
1315790 1257.7
1315800 1253.6
1315810 1249.6
1315820 1249.6
1315830 1245.4
1315840 1241.3
1315850 1241.3
1315860 1237.5
1315870 1234.7
1315880 1234.7
1315890 1233.8
1315900 1234.1
1315910 1234.1
1315920 1234.6
1315930 1235.8
1315940 1235.8
1315950 1232.6
1315960 1228.3
1315970 1228.3
1315980 1224.0
1315990 1218.9
1316000 1218.9
1316010 1213.7
1316020 1207.8
1316030 1207.8
1316040 1200.3
1316050 1192.9
1316060 1186.7
1316070 1186.7
1316080 1182.2
1316090 1179.8
1316100 1179.8
1316110 1177.8
1316120 1173.4
1316130 1173.1
1316140 1167.4
1316150 1160.2
1316160 1160.2
1316170 1153.5
1316180 1148.0
1316190 1148.0
1316200 1140.2
1316210 1130.6
1316220 1130.6
1316230 1120.6
1316240 1110.8
1316250 1110.8
1316260 1103.1
1316270 1096.5
1316280 1096.5
1316290 1089.8
1316300 1083.6
1316310 1083.6
1316320 1077.8
1316330 1070.9
1316340 1064.9
1316350 1064.9
1316360 1059.6
1316370 1053.8
1316380 1053.8
1316390 1047.7
1316400 1040.0
1316410 1040.0
1316420 1032.0
1316430 1025.5
1316440 1025.5
1316450 1020.0
1316460 1013.9
1316470 1013.9
1316480 1009.4
1316490 1006.3
1316500 1006.3
1316510 1001.9
1316520 995.4
1316530 995.4
1316540 988.9
1316550 983.5
1316560 983.5
1316570 978.8
1316580 973.9
1316590 973.9
1316600 970.6
1316610 968.7
1316620 968.7
1316630 967.7
1316640 965.8
1316650 963.5
1316660 963.5
1316670 960.6
1316680 957.6
1316690 957.6
1316700 954.9
1316710 952.2
1316720 952.2
1316730 949.2
1316740 945.5
1316750 945.5
1316760 941.5
1316770 937.4
1316780 937.4
1316790 933.8
1316800 928.7
1316810 928.7
1316820 922.5
1316830 915.3
1316840 915.3
1316850 909.1
1316860 904.2
1316870 904.2
1316880 899.6
1316890 892.7
1316900 892.7
1316910 887.5
1316920 882.7
1316930 878.5
1316940 878.5
1316950 874.4
1316960 870.8
1316970 870.8
1316980 867.0
1316990 863.3
1317000 863.3
1317010 859.8
1317020 856.4
1317030 856.4
1317040 853.1
1317050 849.7
1317060 849.7
1317070 845.9
1317080 842.4
1317090 842.4
1317100 839.1
1317110 835.8
1317120 835.8
1317130 831.4
1317140 826.0
1317150 826.0
1317160 819.2
1317170 810.3
1317180 810.3
1317190 803.6
1317200 796.3
1317210 790.1
1317220 790.1
1317230 784.5
1317240 780.3
1317250 780.3
1317260 777.2
1317270 775.9
1317280 775.9
1317290 777.6
1317300 779.1
1317310 779.1
1317320 781.5
1317330 785.7
1317340 785.7
1317350 788.0
1317360 788.1
1317370 788.1
1317380 785.6
1317390 782.3
1317400 782.3
1317410 779.1
1317420 776.4
1317430 776.4
1317440 773.5
1317450 770.6
1317460 770.6
1317470 768.0
1317480 765.2
1317490 762.8
1317500 762.8
1317510 760.2
1317520 757.4
1317530 757.4
1317540 756.0
1317550 754.8
1317560 754.8
1317570 754.7
1317580 755.3
1317590 755.3
1317600 755.2
1317610 753.7
1317620 753.7
1317630 751.0
1317640 748.1
1317650 744.9
1317660 742.5
1317670 740.3
1317680 740.3
1317690 738.3
1317700 735.7
1317710 735.7
1317720 733.7
1317730 732.3
1317740 732.3
1317750 730.9
1317760 729.9
1317770 728.8
1317780 728.8
1317790 727.7
1317800 726.2
1317810 726.2
1317820 724.3
1317830 722.4
1317840 722.4
1317850 720.6
1317860 718.9
1317870 718.9
1317880 717.1
1317890 715.2
1317900 715.2
1317910 713.5
1317920 712.0
1317930 712.0
1317940 710.2
1317950 708.7
1317960 708.7
1317970 707.8
1317980 706.7
1317990 706.7
1318000 704.6
1318010 701.7
1318020 701.7
1318030 699.8
1318040 698.1
1318050 696.3
1318060 696.3
1318070 694.7
1318080 693.6
1318090 693.6
1318100 692.7
1318110 692.2
1318120 692.2
1318130 692.1
1318140 691.8
1318150 691.8
1318160 690.9
1318170 690.0
1318180 690.0
1318190 689.4
1318200 688.5
1318210 688.5
1318220 687.5
1318230 686.4
1318240 686.4
1318250 685.1
1318260 683.8
1318270 683.8
1318280 682.4
1318290 680.9
1318300 680.9
1318310 679.5
1318320 678.1
1318330 678.1
1318340 676.4
1318350 674.5
1318360 673.0
1318370 673.0
1318380 671.7
1318390 670.5
1318400 670.5
1318410 669.3
1318420 669.0
1318430 669.0
1318440 668.2
1318450 667.3
1318460 667.3
1318470 666.3
1318480 665.3
1318490 665.3
1318500 664.3
1318510 663.4
1318520 663.4
1318530 662.4
1318540 661.6
1318550 661.6
1318560 660.7
1318570 659.9
1318580 659.9
1318590 659.1
1318600 657.6
1318610 657.6
1318620 654.9
1318630 651.7
1318640 647.2
1318650 647.2
1318660 643.0
1318670 638.3
1318680 638.3
1318690 634.6
1318700 630.7
1318710 630.7
1318720 627.8
1318730 624.2
1318740 624.2
1318750 620.1
1318760 615.9
1318770 615.9
1318780 611.5
1318790 608.2
1318800 608.2
1318810 604.4
1318820 600.2
1318830 600.2
1318840 595.5
1318850 597.3
1318860 597.3
1318870 601.1
1318880 603.6
1318890 603.6
1318900 605.4
1318910 605.2
1318920 603.1
1318930 603.1
1318940 599.5
1318950 595.8
1318960 595.8
1318970 592.7
1318980 589.4
1318990 589.4
1319000 586.2
1319010 583.6
1319020 583.6
1319030 582.1
1319040 582.5
1319050 582.5
1319060 579.8
1319070 572.9
1319080 572.9
1319090 567.9
1319100 562.8
1319110 562.8
1319120 558.1
1319130 554.2
1319140 554.2
1319150 548.5
1319160 542.3
1319170 542.3
1319180 537.8
1319190 538.1
1319200 538.2
1319210 538.2
1319220 537.1
1319230 536.4
1319240 536.4
1319250 536.0
1319260 535.8
1319270 535.8
1319280 535.8
1319290 535.7
1319300 535.7
1319310 534.8
1319320 533.5
1319330 533.5
1319340 533.2
1319350 533.1
1319360 533.1
1319370 532.9
1319380 532.8
1319390 532.8
1319400 532.7
1319410 532.6
1319420 532.6
1319430 532.5
1319440 532.5
1319450 532.5
1319460 532.6
1319470 532.6
1319480 532.3
1319490 532.3
1319500 532.4
1319510 532.7
1319520 532.7
1319530 532.8
1319540 533.2
1319550 533.2
1319560 533.2
1319570 533.0
1319580 533.0
1319590 532.9
1319600 532.9
1319610 532.9
1319620 532.8
1319630 532.7
1319640 532.7
1319650 532.5
1319660 532.2
1319670 532.2
1319680 531.9
1319690 531.9
1319700 531.9
1319710 531.8
1319720 531.9
1319730 531.9
1319740 532.0
1319750 532.0
1319760 532.0
1319770 532.0
1319780 532.0
1319790 532.0
1319800 532.0
1319810 532.0
1319820 531.9
1319830 531.9
1319840 531.8
1319850 531.8
1319860 531.8
1319870 531.8
1319880 531.8
1319890 531.8
1319900 531.8
1319910 531.7
1319920 531.7
1319930 531.7
1319940 531.7
1319950 531.7
1319960 531.7
1319970 531.6
1319980 531.6
1319990 531.6
