1300000 752.6
1300010 750.5
1300020 746.7
1300030 746.7
1300040 742.5
1300050 739.5
1300060 739.5
1300070 737.3
1300080 735.4
1300090 735.4
1300100 733.7
1300110 732.4
1300120 732.4
1300130 731.1
1300140 729.9
1300150 729.9
1300160 729.0
1300170 727.2
1300180 725.1
1300190 725.1
1300200 723.8
1300210 722.8
1300220 722.8
1300230 721.5
1300240 720.2
1300250 720.2
1300260 719.3
1300270 720.7
1300280 720.7
1300290 722.9
1300300 724.9
1300310 724.9
1300320 727.0
1300330 724.8
1300340 724.8
1300350 725.3
1300360 725.8
1300370 725.8
1300380 725.7
1300390 725.9
1300400 725.9
1300410 727.3
1300420 729.5
1300430 729.5
1300440 731.8
1300450 734.2
1300460 736.2
1300470 736.2
1300480 737.9
1300490 742.8
1300500 742.8
1300510 749.9
1300520 756.1
1300530 756.1
1300540 759.2
1300550 760.8
1300560 760.8
1300570 763.2
1300580 765.7
1300590 765.7
1300600 767.4
1300610 765.4
1300620 765.4
1300630 760.8
1300640 761.3
1300650 761.3
1300660 766.0
1300670 768.0
1300680 768.0
1300690 765.2
1300700 762.6
1300710 762.6
1300720 759.4
1300730 754.4
1300740 748.9
1300750 748.9
1300760 743.6
1300770 738.6
1300780 738.6
1300790 733.8
1300800 729.1
1300810 729.1
1300820 723.7
1300830 718.0
1300840 718.0
1300850 713.0
1300860 708.4
1300870 708.4
1300880 703.9
1300890 699.5
1300900 699.5
1300910 695.5
1300920 691.6
1300930 691.6
1300940 687.8
1300950 684.0
1300960 684.0
1300970 680.8
1300980 678.1
1300990 678.1
1301000 675.0
1301010 671.6
1301020 668.3
1301030 668.3
1301040 665.5
1301050 662.9
1301060 662.9
1301070 660.5
1301080 657.8
1301090 657.8
1301100 655.6
1301110 653.3
1301120 653.3
1301130 651.2
1301140 648.8
1301150 648.8
1301160 643.1
1301170 638.2
1301180 638.2
1301190 635.4
1301200 633.5
1301210 633.5
1301220 631.8
1301230 630.9
1301240 630.9
1301250 629.9
1301260 627.4
1301270 627.4
1301280 625.7
1301290 624.3
1301300 624.3
1301310 623.4
1301320 622.8
1301330 621.4
1301340 621.4
1301350 620.3
1301360 620.2
1301370 620.2
1301380 620.3
1301390 620.0
1301400 620.0
1301410 618.5
1301420 616.8
1301430 616.8
1301440 614.8
1301450 612.0
1301460 612.0
1301470 610.7
1301480 609.6
1301490 609.6
1301500 608.3
1301510 606.9
1301520 606.9
1301530 605.5
1301540 604.0
1301550 604.0
1301560 602.5
1301570 601.3
1301580 601.3
1301590 599.9
1301600 598.6
1301610 597.4
1301620 597.4
1301630 596.2
1301640 595.1
1301650 595.1
1301660 594.1
1301670 592.8
1301680 592.8
1301690 591.4
1301700 589.9
1301710 589.9
1301720 588.4
1301730 586.9
1301740 586.9
1301750 584.6
1301760 582.9
1301770 582.9
1301780 581.6
1301790 580.5
1301800 580.5
1301810 579.4
1301820 578.2
1301830 578.2
1301840 577.1
1301850 576.0
1301860 576.0
1301870 574.8
1301880 573.5
1301890 572.4
1301900 572.4
1301910 571.2
1301920 570.2
1301930 570.2
1301940 569.1
1301950 568.2
1301960 568.2
1301970 568.0
1301980 567.1
1301990 567.1
1302000 563.7
1302010 561.9
1302020 561.9
1302030 561.0
1302040 560.1
1302050 560.1
1302060 559.1
1302070 558.1
1302080 558.1
1302090 556.8
1302100 554.3
1302110 554.3
1302120 552.2
1302130 552.0
1302140 552.0
1302150 551.1
1302160 548.7
1302170 548.3
1302180 548.3
1302190 546.8
1302200 544.0
1302210 544.0
1302220 540.5
1302230 540.7
1302240 540.7
1302250 540.5
1302260 540.3
1302270 540.3
1302280 540.0
1302290 539.5
1302300 539.5
1302310 539.1
1302320 538.8
1302330 538.8
1302340 538.7
1302350 539.2
1302360 539.2
1302370 538.4
1302380 537.8
1302390 537.8
1302400 537.3
1302410 537.3
1302420 537.4
1302430 537.2
1302440 536.0
1302450 536.0
1302460 535.7
1302470 535.0
1302480 534.2
1302490 534.2
1302500 536.7
1302510 537.1
1302520 537.1
1302530 535.4
1302540 535.1
1302550 535.1
1302560 535.1
1302570 535.1
1302580 535.1
1302590 535.3
1302600 535.4
1302610 535.4
1302620 535.2
1302630 535.0
1302640 535.0
1302650 534.9
1302660 534.9
1302670 534.9
1302680 534.8
1302690 534.9
1302700 534.9
1302710 534.9
1302720 535.0
1302730 535.0
1302740 535.0
1302750 535.0
1302760 534.9
1302770 534.9
1302780 534.9
1302790 535.0
1302800 535.0
1302810 535.1
1302820 535.5
1302830 535.5
1302840 535.5
1302850 535.6
1302860 535.6
1302870 535.3
1302880 535.1
1302890 535.1
1302900 535.5
1302910 535.7
1302920 535.7
1302930 535.9
1302940 536.1
1302950 536.1
1302960 536.0
1302970 535.8
1302980 535.8
1302990 535.7
1303000 535.7
1303010 535.7
1303020 535.3
1303030 535.2
1303040 537.0
1303050 537.0
1303060 537.5
1303070 536.8
1303080 536.8
1303090 535.7
1303100 532.9
1303110 532.9
1303120 531.5
1303130 531.5
1303140 531.5
1303150 531.5
1303160 531.5
1303170 531.5
1303180 531.5
1303190 531.5
1303200 531.5
1303210 531.5
1303220 531.5
1303230 531.5
1303240 531.8
1303250 533.4
1303260 533.4
1303270 535.9
1303280 536.0
1303290 536.0
1303300 535.7
1303310 535.7
1303320 535.7
1303330 535.7
1303340 536.0
1303350 536.4
1303360 536.4
1303370 536.1
1303380 535.9
1303390 535.9
1303400 535.8
1303410 535.6
1303420 535.6
1303430 535.5
1303440 535.5
1303450 535.5
1303460 535.3
1303470 534.9
1303480 534.9
1303490 534.7
1303500 534.8
1303510 534.8
1303520 534.9
1303530 535.1
1303540 535.1
1303550 535.1
1303560 535.0
1303570 535.0
1303580 534.8
1303590 534.7
1303600 534.7
1303610 534.7
1303620 534.7
1303630 534.7
1303640 534.7
1303650 534.7
1303660 534.7
1303670 534.7
1303680 534.7
1303690 534.9
1303700 534.9
1303710 534.9
1303720 534.7
1303730 534.7
1303740 534.8
1303750 534.9
1303760 534.9
1303770 534.9
1303780 534.9
1303790 534.9
1303800 535.1
1303810 535.0
1303820 535.1
1303830 535.2
1303840 535.2
1303850 535.2
1303860 535.2
1303870 535.1
1303880 535.1
1303890 535.0
1303900 534.8
1303910 535.0
1303920 535.0
1303930 535.2
1303940 535.1
1303950 535.1
1303960 534.9
1303970 534.3
1303980 534.3
1303990 535.3
1304000 534.3
1304010 534.3
1304020 534.3
1304030 534.6
1304040 534.6
1304050 534.9
1304060 535.2
1304070 535.2
1304080 534.8
1304090 534.4
1304100 534.4
1304110 534.5
1304120 534.5
1304130 534.5
1304140 534.7
1304150 534.8
1304160 534.8
1304170 534.7
1304180 534.7
1304190 534.7
1304200 534.7
1304210 535.0
1304220 535.0
1304230 535.0
1304240 535.1
1304250 534.9
1304260 534.9
1304270 534.8
1304280 534.7
1304290 534.7
1304300 534.4
1304310 534.3
1304320 534.3
1304330 534.3
1304340 534.4
1304350 534.4
1304360 534.3
1304370 534.2
1304380 534.2
1304390 534.0
1304400 533.9
1304410 533.9
1304420 533.9
1304430 534.0
1304440 534.0
1304450 534.0
1304460 533.9
1304470 533.9
1304480 533.9
1304490 534.0
1304500 534.1
1304510 534.1
1304520 534.1
1304530 534.7
1304540 534.7
1304550 534.7
1304560 534.8
1304570 534.8
1304580 534.8
1304590 534.9
1304600 534.9
1304610 535.0
1304620 535.5
1304630 535.5
1304640 536.1
1304650 536.4
1304660 536.4
1304670 536.5
1304680 536.7
1304690 536.7
1304700 536.9
1304710 537.1
1304720 537.1
1304730 537.3
1304740 537.0
1304750 536.5
1304760 536.5
1304770 535.9
1304780 535.0
1304790 535.0
1304800 534.1
1304810 533.5
1304820 533.5
1304830 533.3
1304840 533.3
1304850 533.3
1304860 533.3
1304870 533.3
1304880 533.3
1304890 533.2
1304900 533.3
1304910 533.3
1304920 533.2
1304930 533.3
1304940 533.3
1304950 533.4
1304960 533.7
1304970 533.7
1304980 533.6
1304990 533.3
1305000 533.3
1305010 533.2
1305020 533.2
1305030 533.2
1305040 533.2
1305050 533.1
1305060 533.1
1305070 533.1
1305080 533.1
1305090 533.1
1305100 533.1
1305110 533.2
1305120 533.2
1305130 533.2
1305140 533.2
1305150 533.1
1305160 533.1
1305170 533.1
1305180 533.0
1305190 533.0
1305200 533.0
1305210 533.1
1305220 533.1
1305230 533.2
1305240 537.0
1305250 537.0
1305260 541.2
1305270 542.8
1305280 542.8
1305290 542.9
1305300 542.7
1305310 542.7
1305320 542.5
1305330 542.2
1305340 544.9
1305350 544.9
1305360 548.7
1305370 548.0
1305380 548.0
1305390 547.1
1305400 546.5
1305410 546.5
1305420 546.2
1305430 543.9
1305440 543.9
1305450 541.6
1305460 540.6
1305470 540.6
1305480 540.6
1305490 540.1
1305500 540.1
1305510 539.4
1305520 539.8
1305530 539.8
1305540 542.4
1305550 545.9
1305560 545.9
1305570 547.6
1305580 548.0
1305590 548.0
1305600 547.7
1305610 548.2
1305620 548.8
1305630 548.8
1305640 549.5
1305650 550.1
1305660 550.1
1305670 550.7
1305680 551.4
1305690 551.4
1305700 552.0
1305710 552.7
1305720 552.7
1305730 553.6
1305740 554.7
1305750 554.7
1305760 555.9
1305770 557.0
1305780 557.0
1305790 558.2
1305800 559.5
1305810 559.5
1305820 560.8
1305830 561.8
1305840 561.8
1305850 562.6
1305860 563.9
1305870 563.9
1305880 565.6
1305890 568.0
1305900 569.8
1305910 569.8
1305920 570.7
1305930 571.4
1305940 571.4
1305950 573.5
1305960 574.9
1305970 574.9
1305980 576.0
1305990 576.9
1306000 576.9
1306010 577.9
1306020 579.0
1306030 579.0
1306040 580.0
1306050 581.0
1306060 581.0
1306070 582.1
1306080 583.3
1306090 583.3
1306100 585.0
1306110 587.1
1306120 587.1
1306130 589.3
1306140 591.2
1306150 591.2
1306160 593.0
1306170 594.7
1306180 596.5
1306190 596.5
1306200 598.3
1306210 599.7
1306220 599.7
1306230 600.5
1306240 603.3
1306250 603.3
1306260 606.9
1306270 613.0
1306280 613.0
1306290 619.6
1306300 626.1
1306310 626.1
1306320 632.0
1306330 636.5
1306340 636.5
1306350 640.3
1306360 644.5
1306370 644.5
1306380 647.3
1306390 648.5
1306400 648.5
1306410 649.8
1306420 653.4
1306430 653.4
1306440 657.3
1306450 659.5
1306460 662.7
1306470 662.7
1306480 667.6
1306490 674.1
1306500 674.1
1306510 677.6
1306520 679.1
1306530 679.1
1306540 682.1
1306550 685.4
1306560 685.4
1306570 688.7
1306580 691.2
1306590 691.2
1306600 695.1
1306610 700.2
1306620 700.2
1306630 704.1
1306640 706.7
1306650 706.7
1306660 708.3
1306670 714.4
1306680 714.4
1306690 715.1
1306700 716.6
1306710 716.6
1306720 719.6
1306730 723.6
1306740 723.6
1306750 728.1
1306760 732.9
1306770 738.3
1306780 738.3
1306790 741.3
1306800 739.9
1306810 739.9
1306820 737.5
1306830 738.3
1306840 738.3
1306850 737.8
1306860 736.4
1306870 736.4
1306880 738.0
1306890 742.5
1306900 742.5
1306910 746.3
1306920 748.9
1306930 748.9
1306940 749.8
1306950 749.8
1306960 749.8
1306970 750.0
1306980 749.8
1306990 749.8
1307000 745.9
1307010 744.4
1307020 744.4
1307030 748.8
1307040 753.8
1307050 757.8
1307060 757.8
1307070 761.5
1307080 765.5
1307090 765.5
1307100 769.5
1307110 774.0
1307120 774.0
1307130 778.2
1307140 780.6
1307150 780.6
1307160 782.0
1307170 782.9
1307180 782.9
1307190 783.8
1307200 784.9
1307210 784.9
1307220 786.5
1307230 789.2
1307240 789.2
1307250 792.7
1307260 797.0
1307270 797.0
1307280 802.0
1307290 807.3
1307300 807.3
1307310 812.4
1307320 817.1
1307330 820.3
1307340 820.3
1307350 821.2
1307360 821.2
1307370 821.2
1307380 822.2
1307390 827.3
1307400 827.3
1307410 830.5
1307420 834.3
1307430 834.3
1307440 838.0
1307450 843.1
1307460 843.1
1307470 849.8
1307480 855.3
1307490 855.3
1307500 862.0
1307510 869.8
1307520 869.8
1307530 876.2
1307540 879.3
1307550 879.3
1307560 878.7
1307570 879.6
1307580 879.6
1307590 884.2
1307600 886.6
1307610 887.8
1307620 887.8
1307630 893.3
1307640 897.2
1307650 897.2
1307660 899.5
1307670 906.0
1307680 906.0
1307690 913.1
1307700 920.2
1307710 920.2
1307720 925.9
1307730 926.9
1307740 926.9
1307750 929.0
1307760 932.3
1307770 932.3
1307780 935.8
1307790 938.7
1307800 938.7
1307810 941.2
1307820 944.5
1307830 944.5
1307840 949.4
1307850 954.6
1307860 954.6
1307870 960.3
1307880 965.6
1307890 970.4
1307900 970.4
1307910 973.1
1307920 972.9
1307930 972.9
1307940 974.3
1307950 977.7
1307960 977.7
1307970 982.1
1307980 988.0
1307990 988.0
1308000 994.8
1308010 1001.0
1308020 1001.0
1308030 1006.1
1308040 1010.6
1308050 1010.6
1308060 1015.0
1308070 1019.4
1308080 1019.4
1308090 1025.0
1308100 1031.2
1308110 1034.9
1308120 1040.9
1308130 1047.6
1308140 1047.6
1308150 1054.6
1308160 1059.5
1308170 1061.4
1308180 1061.4
1308190 1064.7
1308200 1067.5
1308210 1067.5
1308220 1070.6
1308230 1075.5
1308240 1075.5
1308250 1080.8
1308260 1084.9
1308270 1084.9
1308280 1089.3
1308290 1092.4
1308300 1092.4
1308310 1095.4
1308320 1097.6
1308330 1097.6
1308340 1100.7
1308350 1104.5
1308360 1104.5
1308370 1106.9
1308380 1108.2
1308390 1108.2
1308400 1110.3
1308410 1112.4
1308420 1112.4
1308430 1114.1
1308440 1115.6
1308450 1115.6
1308460 1116.7
1308470 1117.7
1308480 1119.2
1308490 1119.2
1308500 1119.7
1308510 1121.5
1308520 1121.5
1308530 1124.2
1308540 1127.2
1308550 1127.2
1308560 1131.4
1308570 1136.1
1308580 1136.1
1308590 1140.6
1308600 1144.9
1308610 1144.9
1308620 1150.2
1308630 1155.9
1308640 1155.9
1308650 1158.4
1308660 1158.4
1308670 1158.4
1308680 1159.9
1308690 1162.5
1308700 1162.5
1308710 1165.2
1308720 1168.5
1308730 1168.5
1308740 1171.9
1308750 1175.1
1308760 1177.8
1308770 1177.8
1308780 1179.8
1308790 1180.9
1308800 1180.9
1308810 1182.1
1308820 1184.8
1308830 1189.2
1308840 1192.6
1308850 1194.8
1308860 1194.8
1308870 1197.3
1308880 1200.1
1308890 1200.1
1308900 1203.6
1308910 1206.4
1308920 1206.4
1308930 1209.3
1308940 1213.7
1308950 1213.7
1308960 1219.1
1308970 1224.9
1308980 1224.9
1308990 1228.2
1309000 1229.6
1309010 1229.6
1309020 1230.1
1309030 1230.1
1309040 1229.6
1309050 1229.6
1309060 1229.0
1309070 1228.7
1309080 1228.7
1309090 1227.8
1309100 1227.6
1309110 1227.6
1309120 1226.7
1309130 1224.4
1309140 1224.4
1309150 1221.3
1309160 1218.2
1309170 1218.2
1309180 1215.3
1309190 1212.8
1309200 1212.8
1309210 1208.1
1309220 1203.0
1309230 1203.0
1309240 1199.3
1309250 1196.9
1309260 1196.9
1309270 1195.0
1309280 1193.9
1309290 1193.9
1309300 1193.1
1309310 1191.8
1309320 1189.3
1309330 1189.3
1309340 1187.8
1309350 1184.2
1309360 1184.2
1309370 1181.1
1309380 1176.8
1309390 1176.8
1309400 1171.1
1309410 1166.9
1309420 1166.9
1309430 1163.0
1309440 1159.3
1309450 1159.3
1309460 1157.2
1309470 1156.8
1309480 1156.8
1309490 1158.2
1309500 1159.7
1309510 1159.7
1309520 1161.2
1309530 1163.8
1309540 1163.8
1309550 1166.6
1309560 1171.6
1309570 1171.6
1309580 1169.2
1309590 1167.6
1309600 1168.8
1309610 1168.8
1309620 1170.3
1309630 1171.2
1309640 1171.2
1309650 1170.0
1309660 1168.0
1309670 1168.0
1309680 1167.3
1309690 1166.5
1309700 1166.5
1309710 1165.3
1309720 1163.7
1309730 1163.7
1309740 1161.4
1309750 1157.4
1309760 1157.4
1309770 1153.8
1309780 1150.2
1309790 1150.2
1309800 1147.8
1309810 1144.4
1309820 1144.4
1309830 1137.3
1309840 1130.7
1309850 1130.7
1309860 1130.0
1309870 1132.5
1309880 1132.5
1309890 1132.2
1309900 1128.6
1309910 1126.5
1309920 1126.5
1309930 1125.5
1309940 1120.6
1309950 1120.6
1309960 1115.1
1309970 1109.7
1309980 1109.7
1309990 1104.5
1310000 1101.1
1310010 1101.1
1310020 1098.1
1310030 1092.6
1310040 1092.6
1310050 1083.0
1310060 1074.2
1310070 1074.2
1310080 1067.3
1310090 1058.0
1310100 1058.0
1310110 1049.5
1310120 1041.2
1310130 1041.2
1310140 1032.2
1310150 1034.2
1310160 1034.2
1310170 1043.0
1310180 1052.8
1310190 1066.6
1310200 1066.6
1310210 1083.5
1310220 1096.5
1310230 1096.5
1310240 1106.0
1310250 1114.6
1310260 1114.6
1310270 1123.9
1310280 1135.5
1310290 1137.3
1310300 1150.1
1310310 1161.9
1310320 1161.9
1310330 1174.5
1310340 1185.9
1310350 1185.9
1310360 1195.9
1310370 1202.1
1310380 1202.1
1310390 1213.4
1310400 1225.9
1310410 1225.9
1310420 1235.6
1310430 1244.0
1310440 1244.0
1310450 1251.4
1310460 1257.6
1310470 1261.9
1310480 1261.9
1310490 1264.7
1310500 1266.3
1310510 1266.3
1310520 1266.9
1310530 1267.2
1310540 1267.2
1310550 1267.2
1310560 1266.0
1310570 1266.0
1310580 1263.7
1310590 1261.7
1310600 1261.7
1310610 1258.6
1310620 1254.7
1310630 1254.7
1310640 1252.5
1310650 1251.3
1310660 1251.3
1310670 1250.5
1310680 1250.1
1310690 1250.1
1310700 1249.8
1310710 1248.7
1310720 1248.7
1310730 1247.4
1310740 1245.0
1310750 1240.0
1310760 1240.0
1310770 1234.0
1310780 1235.3
1310790 1235.3
1310800 1240.3
1310810 1244.3
1310820 1244.3
1310830 1248.3
1310840 1252.6
1310850 1252.6
1310860 1256.5
1310870 1261.5
1310880 1261.5
1310890 1266.7
1310900 1273.4
1310910 1273.4
1310920 1278.3
1310930 1281.8
1310940 1281.8
1310950 1284.9
1310960 1286.9
1310970 1286.9
1310980 1287.4
1310990 1286.4
1311000 1286.4
1311010 1288.4
1311020 1285.0
1311030 1288.3
1311040 1288.3
1311050 1290.3
1311060 1296.2
1311070 1296.2
1311080 1303.6
1311090 1310.6
1311100 1310.6
1311110 1316.6
1311120 1321.1
1311130 1321.1
1311140 1325.1
1311150 1328.5
1311160 1328.5
1311170 1331.4
1311180 1334.8
1311190 1334.8
1311200 1339.0
1311210 1342.9
1311220 1342.9
1311230 1345.3
1311240 1346.7
1311250 1346.7
1311260 1348.5
1311270 1350.7
1311280 1350.7
1311290 1353.6
1311300 1358.1
1311310 1358.1
1311320 1362.7
1311330 1367.7
1311340 1373.7
1311350 1373.7
1311360 1378.6
1311370 1383.1
1311380 1383.1
1311390 1387.8
1311400 1391.1
1311410 1391.1
1311420 1394.8
1311430 1398.9
1311440 1398.9
1311450 1402.3
1311460 1407.4
1311470 1407.4
1311480 1413.5
1311490 1419.3
1311500 1419.3
1311510 1424.5
1311520 1429.2
1311530 1429.2
1311540 1432.9
1311550 1436.5
1311560 1436.5
1311570 1439.7
1311580 1442.6
1311590 1442.6
1311600 1447.3
1311610 1454.4
1311620 1460.1
1311630 1460.1
1311640 1464.9
1311650 1469.2
1311660 1469.2
1311670 1473.5
1311680 1477.0
1311690 1477.0
1311700 1479.3
1311710 1482.1
1311720 1482.1
1311730 1485.9
1311740 1489.8
1311750 1489.8
1311760 1493.3
1311770 1496.6
1311780 1496.6
1311790 1500.5
1311800 1505.1
1311810 1505.1
1311820 1508.4
1311830 1511.5
1311840 1511.5
1311850 1515.9
1311860 1521.5
1311870 1521.5
1311880 1529.5
1311890 1536.5
1311900 1540.6
1311910 1540.6
1311920 1543.3
1311930 1545.9
1311940 1545.9
1311950 1548.4
1311960 1550.8
1311970 1550.8
1311980 1553.1
1311990 1555.8
1312000 1555.8
1312010 1558.5
1312020 1560.8
1312030 1560.8
1312040 1563.7
1312050 1566.2
1312060 1566.2
1312070 1568.9
1312080 1570.3
1312090 1570.3
1312100 1569.6
1312110 1567.2
1312120 1567.2
1312130 1564.7
1312140 1562.4
1312150 1562.4
1312160 1561.1
1312170 1561.7
1312180 1562.6
1312190 1562.6
1312200 1564.2
1312210 1567.0
1312220 1567.0
1312230 1569.5
1312240 1572.1
1312250 1572.1
1312260 1575.1
1312270 1578.6
1312280 1578.6
1312290 1581.3
1312300 1583.4
1312310 1583.4
1312320 1581.5
1312330 1579.6
1312340 1579.6
1312350 1581.0
1312360 1583.6
1312370 1583.6
1312380 1586.7
1312390 1589.1
1312400 1589.1
1312410 1590.9
1312420 1593.2
1312430 1593.2
1312440 1595.1
1312450 1597.0
1312460 1599.1
1312470 1599.1
1312480 1601.5
1312490 1604.1
1312500 1609.2
1312510 1611.5
1312520 1613.5
1312530 1613.5
1312540 1616.2
1312550 1619.2
1312560 1619.2
1312570 1621.7
1312580 1624.0
1312590 1624.0
1312600 1626.7
1312610 1629.5
1312620 1629.5
1312630 1631.5
1312640 1632.0
1312650 1632.0
1312660 1631.2
1312670 1630.3
1312680 1630.3
1312690 1629.6
1312700 1628.5
1312710 1628.5
1312720 1627.3
1312730 1625.9
1312740 1625.9
1312750 1626.0
1312760 1626.3
1312770 1626.9
1312780 1626.9
1312790 1626.0
1312800 1625.8
1312810 1625.8
1312820 1625.6
1312830 1624.2
1312840 1624.2
1312850 1621.9
1312860 1619.3
1312870 1619.3
1312880 1617.0
1312890 1614.1
1312900 1614.1
1312910 1610.0
1312920 1606.0
1312930 1606.0
1312940 1603.1
1312950 1601.5
1312960 1601.5
1312970 1600.4
1312980 1599.0
1312990 1599.0
1313000 1598.2
1313010 1596.8
1313020 1596.8
1313030 1594.0
1313040 1590.0
1313050 1585.7
1313060 1585.7
1313070 1581.1
1313080 1576.2
1313090 1576.2
1313100 1570.7
1313110 1567.5
1313120 1567.5
1313130 1562.8
1313140 1558.3
1313150 1558.3
1313160 1555.2
1313170 1552.6
1313180 1552.6
1313190 1549.3
1313200 1545.3
1313210 1545.3
1313220 1541.8
1313230 1539.2
1313240 1535.6
1313250 1532.8
1313260 1530.6
1313270 1530.6
1313280 1527.4
1313290 1524.2
1313300 1524.2
1313310 1520.1
1313320 1516.9
1313330 1512.5
1313340 1512.5
1313350 1507.6
1313360 1502.9
1313370 1502.9
1313380 1498.2
1313390 1493.5
1313400 1493.5
1313410 1488.9
1313420 1486.4
1313430 1486.4
1313440 1483.2
1313450 1478.8
1313460 1478.8
1313470 1474.1
1313480 1469.4
1313490 1469.4
1313500 1464.4
1313510 1458.8
1313520 1458.8
1313530 1452.8
1313540 1449.0
1313550 1449.0
1313560 1445.3
1313570 1441.3
1313580 1441.3
1313590 1437.0
1313600 1431.7
1313610 1427.1
1313620 1427.1
1313630 1423.7
1313640 1419.2
1313650 1419.2
1313660 1414.5
1313670 1410.4
1313680 1410.4
1313690 1406.8
1313700 1402.8
1313710 1402.8
1313720 1398.9
1313730 1395.4
1313740 1395.4
1313750 1392.0
1313760 1388.5
1313770 1388.5
1313780 1384.8
1313790 1382.2
1313800 1382.2
1313810 1379.1
1313820 1375.4
1313830 1375.4
1313840 1372.5
1313850 1369.0
1313860 1369.0
1313870 1363.7
1313880 1362.3
1313890 1362.8
1313900 1362.8
1313910 1362.2
1313920 1360.5
1313930 1360.5
1313940 1357.3
1313950 1352.8
1313960 1352.8
1313970 1349.7
1313980 1345.4
1313990 1345.4
1314000 1342.2
1314010 1338.8
1314020 1338.8
1314030 1335.7
1314040 1333.7
1314050 1333.7
1314060 1331.5
1314070 1328.0
1314080 1328.0
1314090 1324.9
1314100 1320.1
1314110 1320.1
1314120 1315.8
1314130 1313.2
1314140 1313.2
1314150 1311.9
1314160 1313.6
1314170 1316.7
1314180 1316.7
1314190 1321.5
1314200 1325.4
1314210 1325.4
1314220 1328.9
1314230 1332.6
1314240 1332.6
1314250 1335.9
1314260 1338.2
1314270 1338.2
1314280 1340.9
1314290 1342.0
1314300 1342.0
1314310 1343.2
1314320 1345.4
1314330 1345.4
1314340 1348.2
1314350 1351.5
1314360 1351.5
1314370 1354.7
1314380 1357.7
1314390 1357.7
1314400 1359.5
1314410 1361.8
1314420 1361.8
1314430 1363.7
1314440 1366.1
1314450 1366.1
1314460 1369.3
1314470 1372.0
1314480 1374.9
1314490 1374.9
1314500 1378.0
1314510 1381.1
1314520 1381.1
1314530 1384.6
1314540 1388.7
1314550 1388.7
1314560 1393.4
1314570 1397.7
1314580 1397.7
1314590 1402.4
1314600 1407.2
1314610 1407.2
1314620 1412.3
1314630 1417.4
1314640 1417.4
1314650 1422.7
1314660 1427.2
1314670 1427.2
1314680 1431.4
1314690 1435.3
1314700 1435.3
1314710 1438.4
1314720 1441.7
1314730 1447.5
1314740 1451.4
1314750 1455.5
1314760 1459.6
1314770 1459.6
1314780 1463.9
1314790 1466.7
1314800 1466.7
1314810 1466.4
1314820 1465.6
1314830 1465.6
1314840 1465.8
1314850 1467.1
1314860 1467.1
1314870 1470.7
1314880 1473.6
1314890 1473.6
1314900 1473.5
1314910 1472.5
1314920 1472.5
1314930 1473.5
1314940 1476.1
1314950 1476.1
1314960 1478.2
1314970 1478.8
1314980 1478.8
1314990 1478.5
1315000 1476.7
1315010 1476.7
1315020 1474.7
1315030 1475.5
1315040 1474.3
1315050 1474.3
1315060 1470.7
1315070 1466.3
1315080 1466.3
1315090 1461.0
1315100 1455.7
1315110 1455.7
1315120 1450.9
1315130 1446.7
1315140 1446.7
1315150 1443.0
1315160 1439.7
1315170 1439.7
1315180 1436.9
1315190 1434.0
1315200 1434.0
1315210 1430.5
1315220 1426.3
1315230 1426.3
1315240 1421.4
1315250 1417.0
1315260 1417.0
1315270 1413.0
1315280 1409.1
1315290 1409.1
1315300 1405.3
1315310 1401.7
1315320 1397.0
1315330 1397.0
1315340 1392.5
1315350 1389.1
1315360 1389.1
1315370 1384.1
1315380 1380.1
1315390 1380.1
1315400 1375.3
1315410 1371.1
1315420 1371.1
1315430 1367.9
1315440 1364.0
1315450 1364.0
1315460 1359.3
1315470 1354.6
1315480 1354.6
1315490 1349.4
1315500 1345.2
1315510 1345.2
1315520 1340.1
1315530 1335.2
1315540 1335.2
1315550 1331.1
1315560 1326.7
1315570 1326.7
1315580 1322.5
1315590 1317.7
1315600 1312.6
1315610 1312.6
1315620 1308.1
1315630 1303.7
1315640 1303.7
1315650 1299.1
1315660 1294.1
1315670 1294.1
1315680 1289.9
1315690 1285.7
1315700 1285.7
1315710 1281.8
1315720 1278.6
1315730 1278.6
1315740 1275.6
1315750 1272.4
1315760 1272.4
1315770 1269.0
1315780 1264.9
1315790 1264.9
1315800 1260.4
1315810 1256.8
1315820 1256.8
1315830 1250.9
1315840 1244.7
1315850 1244.7
1315860 1237.9
1315870 1232.6
1315880 1232.6
1315890 1228.3
1315900 1224.0
1315910 1219.6
1315920 1219.6
1315930 1215.5
1315940 1211.3
1315950 1211.3
1315960 1207.5
1315970 1203.2
1315980 1203.2
1315990 1198.7
1316000 1194.4
1316010 1194.4
1316020 1189.5
1316030 1184.3
1316040 1184.3
1316050 1179.0
1316060 1172.9
1316070 1172.9
1316080 1172.1
1316090 1167.5
1316100 1167.5
1316110 1160.9
1316120 1154.2
1316130 1154.2
1316140 1149.4
1316150 1143.9
1316160 1143.9
1316170 1135.8
1316180 1127.2
1316190 1120.9
1316200 1120.9
1316210 1116.2
1316220 1111.5
1316230 1111.5
1316240 1115.1
1316250 1106.7
1316260 1106.7
1316270 1099.0
1316280 1094.8
1316290 1094.8
1316300 1093.3
1316310 1091.5
1316320 1091.5
1316330 1088.1
1316340 1085.3
1316350 1085.3
1316360 1081.3
1316370 1075.4
1316380 1075.4
1316390 1068.8
1316400 1061.7
1316410 1061.7
1316420 1055.0
1316430 1048.4
1316440 1048.4
1316450 1042.1
1316460 1036.1
1316470 1030.0
1316480 1030.0
1316490 1024.1
1316500 1018.1
1316510 1018.1
1316520 1012.0
1316530 1006.2
1316540 1006.2
1316550 1001.2
1316560 996.5
1316570 996.5
1316580 991.6
1316590 985.8
1316600 985.8
1316610 979.0
1316620 971.4
1316630 971.4
1316640 967.0
1316650 965.7
1316660 965.7
1316670 963.9
1316680 959.4
1316690 959.4
1316700 955.2
1316710 949.8
1316720 949.8
1316730 943.6
1316740 938.4
1316750 934.1
1316760 934.1
1316770 928.6
1316780 923.2
1316790 923.2
1316800 918.8
1316810 914.9
1316820 914.9
1316830 911.0
1316840 907.8
1316850 907.8
1316860 904.7
1316870 901.1
1316880 901.1
1316890 897.0
1316900 890.8
1316910 890.8
1316920 882.7
1316930 880.0
1316940 880.0
1316950 877.2
1316960 869.5
1316970 869.5
1316980 855.2
1316990 846.2
1317000 851.0
1317010 845.6
1317020 840.5
1317030 835.0
1317040 835.0
1317050 826.4
1317060 819.3
1317070 819.3
1317080 823.8
1317090 826.2
1317100 826.2
1317110 822.4
1317120 817.8
1317130 817.8
1317140 814.2
1317150 813.3
1317160 813.3
1317170 815.9
1317180 820.1
1317190 820.1
1317200 821.4
1317210 819.2
1317220 819.2
1317230 814.6
1317240 811.2
1317250 811.2
1317260 809.1
1317270 806.6
1317280 806.6
1317290 804.2
1317300 801.1
1317310 798.2
1317320 798.2
1317330 795.2
1317340 792.7
1317350 792.7
1317360 790.8
1317370 789.2
1317380 789.2
1317390 787.8
1317400 786.3
1317410 786.3
1317420 784.6
1317430 782.4
1317440 782.4
1317450 779.7
1317460 777.0
1317470 777.0
1317480 774.3
1317490 771.7
1317500 771.7
1317510 769.1
1317520 767.1
1317530 767.1
1317540 765.9
1317550 764.8
1317560 764.8
1317570 763.3
1317580 761.8
1317590 761.8
1317600 761.1
1317610 760.7
1317620 759.5
1317630 759.5
1317640 757.9
1317650 756.4
1317660 756.4
1317670 754.7
1317680 753.0
1317690 753.0
1317700 751.2
1317710 748.9
1317720 748.9
1317730 746.0
1317740 743.1
1317750 743.1
1317760 738.6
1317770 735.9
1317780 735.9
1317790 733.7
1317800 732.4
1317810 732.4
1317820 731.8
1317830 731.1
1317840 731.1
1317850 729.8
1317860 728.5
1317870 728.5
1317880 728.2
1317890 726.6
1317900 722.7
1317910 722.7
1317920 718.3
1317930 714.6
1317940 714.6
1317950 712.4
1317960 710.1
1317970 710.1
1317980 706.4
1317990 704.6
1318000 704.6
1318010 703.8
1318020 703.3
1318030 703.3
1318040 702.5
1318050 701.2
1318060 701.2
1318070 699.1
1318080 697.1
1318090 697.1
1318100 695.7
1318110 694.6
1318120 694.6
1318130 693.0
1318140 691.5
1318150 691.5
1318160 690.5
1318170 690.3
1318180 690.3
1318190 690.3
1318200 690.8
1318210 691.5
1318220 691.5
1318230 691.0
1318240 687.4
1318250 687.4
1318260 684.3
1318270 682.8
1318280 682.8
1318290 681.0
1318300 679.2
1318310 679.2
1318320 677.5
1318330 675.8
1318340 675.8
1318350 673.7
1318360 671.2
1318370 671.2
1318380 669.7
1318390 668.3
1318400 668.3
1318410 666.8
1318420 665.3
1318430 665.3
1318440 663.8
1318450 662.1
1318460 660.6
1318470 660.6
1318480 659.0
1318490 657.5
1318500 657.5
1318510 656.1
1318520 654.7
1318530 654.2
1318540 652.8
1318550 651.2
1318560 651.2
1318570 649.5
1318580 647.8
1318590 647.8
1318600 645.3
1318610 643.2
1318620 643.2
1318630 641.9
1318640 639.7
1318650 639.7
1318660 637.9
1318670 636.6
1318680 636.6
1318690 635.7
1318700 634.6
1318710 634.6
1318720 632.3
1318730 629.9
1318740 627.8
1318750 627.8
1318760 626.2
1318770 624.7
1318780 624.7
1318790 625.5
1318800 626.4
1318810 626.4
1318820 625.4
1318830 623.2
1318840 623.2
1318850 620.6
1318860 617.7
1318870 617.7
1318880 615.3
1318890 614.1
1318900 614.1
1318910 614.9
1318920 615.6
1318930 615.6
1318940 613.0
1318950 608.5
1318960 608.5
1318970 602.8
1318980 597.1
1318990 597.1
1319000 592.1
1319010 588.1
1319020 584.8
1319030 584.8
1319040 582.5
1319050 579.7
1319060 579.7
1319070 577.0
1319080 574.3
1319090 574.3
1319100 571.2
1319110 568.5
1319120 568.5
1319130 565.6
1319140 561.6
1319150 561.6
1319160 556.2
1319170 550.6
1319180 550.6
1319190 545.7
1319200 540.9
1319210 540.9
1319220 537.7
1319230 535.9
1319240 535.9
1319250 535.5
1319260 535.5
1319270 535.5
1319280 535.5
1319290 535.3
1319300 535.2
1319310 534.2
1319320 532.8
1319330 532.5
1319340 532.5
1319350 532.5
1319360 532.5
1319370 532.5
1319380 532.4
1319390 532.3
1319400 532.3
1319410 532.2
1319420 532.2
1319430 532.2
1319440 532.1
1319450 532.1
1319460 532.1
1319470 532.1
1319480 532.0
1319490 532.0
1319500 532.0
1319510 532.0
1319520 532.0
1319530 532.0
1319540 532.1
1319550 532.1
1319560 532.4
1319570 532.1
1319580 532.1
1319590 531.9
1319600 531.8
1319610 531.8
1319620 531.8
1319630 531.8
1319640 531.8
1319650 531.8
1319660 531.7
1319670 531.6
1319680 531.6
1319690 531.5
1319700 531.5
1319710 531.5
1319720 531.5
1319730 531.4
1319740 531.4
1319750 531.5
1319760 531.5
1319770 531.5
1319780 531.6
1319790 531.6
1319800 531.6
1319810 531.4
1319820 531.4
1319830 531.4
1319840 531.4
1319850 531.4
1319860 531.4
1319870 531.4
1319880 531.4
1319890 531.3
1319900 531.3
1319910 531.3
1319920 531.3
1319930 531.3
1319940 531.2
1319950 531.1
1319960 531.1
1319970 531.1
1319980 531.1
1319990 531.1
