1300000 884.7
1300010 878.9
1300020 878.9
1300030 872.7
1300040 865.6
1300050 858.4
1300060 858.4
1300070 851.4
1300080 843.6
1300090 843.6
1300100 836.5
1300110 830.0
1300120 830.0
1300130 824.7
1300140 820.0
1300150 820.0
1300160 815.1
1300170 810.7
1300180 810.7
1300190 807.3
1300200 805.1
1300210 805.1
1300220 803.5
1300230 801.8
1300240 800.3
1300250 798.6
1300260 796.5
1300270 796.5
1300280 794.6
1300290 792.8
1300300 792.8
1300310 791.0
1300320 789.5
1300330 787.7
1300340 787.7
1300350 785.1
1300360 782.6
1300370 782.6
1300380 780.6
1300390 778.2
1300400 778.2
1300410 776.3
1300420 774.2
1300430 774.2
1300440 771.7
1300450 769.0
1300460 769.0
1300470 766.4
1300480 764.4
1300490 764.4
1300500 763.6
1300510 763.8
1300520 763.8
1300530 763.6
1300540 762.4
1300550 762.4
1300560 760.6
1300570 758.0
1300580 758.0
1300590 755.1
1300600 752.2
1300610 752.2
1300620 748.1
1300630 742.8
1300640 738.2
1300650 738.2
1300660 735.4
1300670 733.5
1300680 733.5
1300690 731.6
1300700 730.6
1300710 730.6
1300720 730.3
1300730 730.5
1300740 730.5
1300750 728.6
1300760 725.7
1300770 725.7
1300780 723.7
1300790 721.7
1300800 721.7
1300810 719.4
1300820 716.6
1300830 716.6
1300840 712.8
1300850 709.1
1300860 709.1
1300870 706.2
1300880 704.6
1300890 704.6
1300900 702.8
1300910 701.3
1300920 699.8
1300930 697.7
1300940 694.5
1300950 693.8
1300960 693.8
1300970 693.8
1300980 692.7
1300990 692.7
1301000 690.7
1301010 689.6
1301020 689.6
1301030 688.3
1301040 686.6
1301050 686.6
1301060 685.5
1301070 684.4
1301080 684.4
1301090 683.0
1301100 681.8
1301110 681.8
1301120 680.8
1301130 679.5
1301140 679.5
1301150 678.2
1301160 676.6
1301170 676.6
1301180 673.9
1301190 671.1
1301200 668.7
1301210 668.7
1301220 667.0
1301230 665.8
1301240 665.8
1301250 664.6
1301260 662.5
1301270 662.5
1301280 659.7
1301290 656.7
1301300 656.7
1301310 654.4
1301320 652.7
1301330 652.7
1301340 651.2
1301350 649.5
1301360 649.5
1301370 648.1
1301380 646.3
1301390 646.3
1301400 644.9
1301410 642.8
1301420 642.8
1301430 640.6
1301440 638.8
1301450 638.8
1301460 637.6
1301470 636.6
1301480 635.6
1301490 635.6
1301500 634.7
1301510 633.7
1301520 633.7
1301530 632.6
1301540 631.5
1301550 631.5
1301560 630.0
1301570 628.5
1301580 628.5
1301590 627.1
1301600 625.8
1301610 625.8
1301620 623.7
1301630 622.2
1301640 622.2
1301650 620.1
1301660 617.6
1301670 617.6
1301680 615.2
1301690 612.4
1301700 612.4
1301710 610.3
1301720 608.3
1301730 608.3
1301740 606.5
1301750 604.6
1301760 604.6
1301770 602.5
1301780 601.4
1301790 601.2
1301800 601.2
1301810 600.2
1301820 596.8
1301830 596.8
1301840 595.9
1301850 595.7
1301860 595.7
1301870 594.3
1301880 593.5
1301890 593.5
1301900 593.2
1301910 592.8
1301920 592.8
1301930 591.3
1301940 590.2
1301950 590.2
1301960 589.1
1301970 588.1
1301980 588.1
1301990 587.0
1302000 585.6
1302010 585.6
1302020 584.3
1302030 583.0
1302040 583.0
1302050 581.7
1302060 580.5
1302070 578.2
1302080 578.2
1302090 575.7
1302100 574.7
1302110 574.7
1302120 574.7
1302130 574.6
1302140 574.6
1302150 574.4
1302160 573.9
1302170 573.9
1302180 570.4
1302190 568.5
1302200 568.5
1302210 567.4
1302220 566.2
1302230 566.2
1302240 565.4
1302250 565.0
1302260 565.0
1302270 562.1
1302280 559.8
1302290 559.8
1302300 558.7
1302310 557.8
1302320 557.8
1302330 557.4
1302340 557.0
1302350 555.4
1302360 555.4
1302370 553.6
1302380 551.9
1302390 551.9
1302400 550.5
1302410 550.6
1302420 550.6
1302430 550.1
1302440 546.1
1302450 546.1
1302460 541.5
1302470 540.0
1302480 540.0
1302490 539.7
1302500 539.6
1302510 539.6
1302520 539.0
1302530 539.1
1302540 539.1
1302550 541.0
1302560 541.7
1302570 541.7
1302580 540.1
1302590 537.5
1302600 537.5
1302610 536.6
1302620 536.3
1302630 536.2
1302640 536.2
1302650 536.3
1302660 537.1
1302670 537.1
1302680 539.5
1302690 542.9
1302700 542.9
1302710 544.5
1302720 544.7
1302730 544.7
1302740 544.0
1302750 541.1
1302760 541.1
1302770 537.3
1302780 535.4
1302790 535.4
1302800 534.8
1302810 534.2
1302820 534.2
1302830 533.3
1302840 534.7
1302850 534.7
1302860 536.6
1302870 536.6
1302880 536.6
1302890 535.4
1302900 534.8
1302910 534.8
1302920 534.6
1302930 534.4
1302940 534.3
1302950 534.3
1302960 534.4
1302970 534.8
1302980 534.8
1302990 534.9
1303000 534.6
1303010 534.6
1303020 534.8
1303030 535.3
1303040 535.3
1303050 535.4
1303060 535.5
1303070 535.5
1303080 535.5
1303090 535.5
1303100 535.5
1303110 535.5
1303120 535.3
1303130 535.3
1303140 535.4
1303150 535.3
1303160 535.3
1303170 534.9
1303180 535.0
1303190 535.0
1303200 535.1
1303210 535.2
1303220 535.4
1303230 535.4
1303240 535.5
1303250 535.6
1303260 535.6
1303270 535.7
1303280 535.9
1303290 535.9
1303300 536.0
1303310 536.0
1303320 536.0
1303330 535.9
1303340 535.8
1303350 535.8
1303360 535.5
1303370 534.6
1303380 534.6
1303390 534.7
1303400 536.5
1303410 536.5
1303420 537.2
1303430 535.5
1303440 535.5
1303450 535.1
1303460 534.8
1303470 534.8
1303480 534.8
1303490 534.9
1303500 535.0
1303510 535.0
1303520 535.0
1303530 535.0
1303540 535.0
1303550 535.0
1303560 535.1
1303570 535.1
1303580 535.2
1303590 535.3
1303600 535.3
1303610 535.6
1303620 535.6
1303630 535.6
1303640 535.8
1303650 535.8
1303660 535.8
1303670 535.3
1303680 535.4
1303690 535.4
1303700 535.6
1303710 535.4
1303720 535.4
1303730 533.1
1303740 531.9
1303750 531.9
1303760 531.4
1303770 531.3
1303780 531.2
1303790 531.2
1303800 531.1
1303810 530.9
1303820 530.9
1303830 530.9
1303840 530.8
1303850 530.8
1303860 530.8
1303870 530.8
1303880 530.8
1303890 530.8
1303900 530.8
1303910 530.8
1303920 530.8
1303930 530.8
1303940 530.8
1303950 530.8
1303960 530.7
1303970 530.7
1303980 530.7
1303990 531.0
1304000 531.0
1304010 532.5
1304020 534.6
1304030 534.6
1304040 535.1
1304050 534.8
1304060 534.8
1304070 534.5
1304080 534.3
1304090 534.1
1304100 534.1
1304110 534.1
1304120 534.0
1304130 534.0
1304140 534.0
1304150 534.0
1304160 534.0
1304170 533.9
1304180 533.8
1304190 533.8
1304200 533.8
1304210 533.8
1304220 533.8
1304230 533.7
1304240 533.7
1304250 533.7
1304260 533.7
1304270 533.7
1304280 533.7
1304290 533.7
1304300 533.6
1304310 533.6
1304320 533.6
1304330 533.6
1304340 533.6
1304350 533.5
1304360 533.4
1304370 533.4
1304380 533.4
1304390 533.3
1304400 533.3
1304410 533.3
1304420 533.3
1304430 533.4
1304440 533.9
1304450 533.8
1304460 533.6
1304470 533.6
1304480 533.6
1304490 533.6
1304500 533.6
1304510 533.5
1304520 533.5
1304530 533.5
1304540 533.4
1304550 533.5
1304560 533.5
1304570 533.5
1304580 533.5
1304590 533.5
1304600 533.5
1304610 533.2
1304620 533.2
1304630 532.9
1304640 532.9
1304650 533.1
1304660 533.1
1304670 533.3
1304680 533.4
1304690 533.4
1304700 533.4
1304710 533.3
1304720 533.3
1304730 533.2
1304740 533.1
1304750 533.1
1304760 533.0
1304770 533.0
1304780 533.0
1304790 533.0
1304800 533.0
1304810 533.0
1304820 533.1
1304830 533.0
1304840 533.0
1304850 532.9
1304860 532.8
1304870 532.8
1304880 532.8
1304890 532.8
1304900 532.8
1304910 532.8
1304920 532.7
1304930 532.8
1304940 532.8
1304950 533.1
1304960 532.8
1304970 532.8
1304980 532.8
1304990 532.8
1305000 532.8
1305010 532.7
1305020 532.7
1305030 532.7
1305040 532.7
1305050 532.8
1305060 532.8
1305070 532.8
1305080 532.9
1305090 532.9
1305100 532.8
1305110 532.7
1305120 532.7
1305130 532.7
1305140 532.7
1305150 532.7
1305160 532.7
1305170 532.7
1305180 532.7
1305190 532.6
1305200 532.6
1305210 532.6
1305220 532.6
1305230 532.6
1305240 532.6
1305250 532.6
1305260 532.6
1305270 532.6
1305280 532.6
1305290 532.8
1305300 533.3
1305310 533.3
1305320 533.4
1305330 532.8
1305340 532.8
1305350 532.5
1305360 532.5
1305370 532.5
1305380 532.5
1305390 532.4
1305400 532.4
1305410 532.4
1305420 532.5
1305430 532.5
1305440 532.5
1305450 532.6
1305460 532.6
1305470 532.6
1305480 532.5
1305490 532.5
1305500 532.5
1305510 532.4
1305520 532.3
1305530 532.3
1305540 532.4
1305550 532.6
1305560 532.6
1305570 532.9
1305580 533.4
1305590 533.4
1305600 533.7
1305610 533.6
1305620 533.6
1305630 532.9
1305640 533.1
1305650 533.1
1305660 533.2
1305670 532.9
1305680 532.9
1305690 532.3
1305700 532.1
1305710 532.1
1305720 532.2
1305730 532.5
1305740 532.5
1305750 532.5
1305760 532.4
1305770 532.4
1305780 532.4
1305790 532.3
1305800 532.3
1305810 532.3
1305820 532.3
1305830 532.3
1305840 532.3
1305850 532.3
1305860 532.4
1305870 532.4
1305880 532.5
1305890 532.6
1305900 532.6
1305910 532.8
1305920 533.4
1305930 533.4
1305940 534.3
1305950 535.1
1305960 535.1
1305970 537.0
1305980 540.3
1305990 540.3
1306000 542.9
1306010 543.7
1306020 543.7
1306030 544.0
1306040 544.4
1306050 544.4
1306060 544.9
1306070 545.6
1306080 546.2
1306090 546.2
1306100 546.8
1306110 547.5
1306120 547.5
1306130 548.2
1306140 549.1
1306150 549.1
1306160 550.3
1306170 551.3
1306180 551.3
1306190 552.1
1306200 553.2
1306210 553.2
1306220 554.3
1306230 555.5
1306240 555.5
1306250 556.7
1306260 557.7
1306270 557.7
1306280 558.9
1306290 560.4
1306300 560.4
1306310 561.8
1306320 562.6
1306330 562.6
1306340 563.4
1306350 564.4
1306360 565.6
1306370 565.6
1306380 566.8
1306390 568.4
1306400 568.4
1306410 570.8
1306420 573.8
1306430 573.8
1306440 577.7
1306450 582.0
1306460 582.0
1306470 586.5
1306480 589.6
1306490 589.6
1306500 592.2
1306510 596.2
1306520 596.2
1306530 600.1
1306540 604.5
1306550 604.5
1306560 607.7
1306570 611.3
1306580 611.7
1306590 615.8
1306600 619.6
1306610 619.6
1306620 623.5
1306630 628.7
1306640 628.7
1306650 632.1
1306660 636.0
1306670 642.5
1306680 642.5
1306690 646.7
1306700 650.3
1306710 650.3
1306720 654.1
1306730 658.0
1306740 658.0
1306750 664.4
1306760 669.8
1306770 669.8
1306780 673.1
1306790 675.0
1306800 675.0
1306810 676.4
1306820 678.9
1306830 678.9
1306840 681.1
1306850 682.6
1306860 682.6
1306870 684.4
1306880 687.5
1306890 687.5
1306900 694.1
1306910 700.5
1306920 700.5
1306930 703.4
1306940 705.4
1306950 709.9
1306960 709.9
1306970 715.7
1306980 721.6
1306990 721.6
1307000 727.5
1307010 733.2
1307020 733.2
1307030 738.9
1307040 742.1
1307050 742.1
1307060 744.3
1307070 747.1
1307080 747.1
1307090 749.1
1307100 748.0
1307110 748.0
1307120 746.2
1307130 744.9
1307140 744.9
1307150 743.9
1307160 742.1
1307170 742.1
1307180 737.0
1307190 732.2
1307200 732.2
1307210 730.9
1307220 732.6
1307230 735.4
1307240 735.4
1307250 738.8
1307260 743.1
1307270 743.1
1307280 747.1
1307290 752.7
1307300 752.7
1307310 755.0
1307320 757.0
1307330 757.0
1307340 760.1
1307350 764.3
1307360 764.3
1307370 769.5
1307380 774.7
1307390 774.7
1307400 779.3
1307410 783.2
1307420 783.2
1307430 785.9
1307440 787.0
1307450 787.0
1307460 787.7
1307470 792.7
1307480 792.7
1307490 797.9
1307500 802.1
1307510 806.5
1307520 806.5
1307530 811.1
1307540 815.1
1307550 815.1
1307560 818.0
1307570 821.8
1307580 821.8
1307590 825.6
1307600 829.4
1307610 829.4
1307620 834.0
1307630 837.7
1307640 837.7
1307650 842.2
1307660 845.7
1307670 845.7
1307680 849.3
1307690 851.8
1307700 851.8
1307710 853.7
1307720 855.7
1307730 855.7
1307740 857.6
1307750 859.6
1307760 859.6
1307770 861.7
1307780 863.9
1307790 863.9
1307800 866.4
1307810 868.8
1307820 871.2
1307830 871.2
1307840 873.8
1307850 876.6
1307860 876.6
1307870 879.6
1307880 882.9
1307890 882.9
1307900 886.0
1307910 888.5
1307920 888.5
1307930 891.8
1307940 895.4
1307950 895.4
1307960 898.8
1307970 902.7
1307980 902.7
1307990 908.0
1308000 913.5
1308010 917.0
1308020 921.3
1308030 925.6
1308040 925.6
1308050 929.7
1308060 933.8
1308070 933.8
1308080 938.2
1308090 943.9
1308100 949.5
1308110 949.5
1308120 954.3
1308130 958.7
1308140 958.7
1308150 962.9
1308160 967.9
1308170 967.9
1308180 973.3
1308190 979.2
1308200 979.2
1308210 985.7
1308220 991.5
1308230 991.5
1308240 996.2
1308250 1000.2
1308260 1000.2
1308270 1004.1
1308280 1007.9
1308290 1007.9
1308300 1012.4
1308310 1017.5
1308320 1017.5
1308330 1021.9
1308340 1024.9
1308350 1024.9
1308360 1028.2
1308370 1031.4
1308380 1035.3
1308390 1035.3
1308400 1039.0
1308410 1042.9
1308420 1042.9
1308430 1046.8
1308440 1051.7
1308450 1051.7
1308460 1057.8
1308470 1064.3
1308480 1064.3
1308490 1071.0
1308500 1078.1
1308510 1078.1
1308520 1086.3
1308530 1093.8
1308540 1093.8
1308550 1100.0
1308560 1099.3
1308570 1099.3
1308580 1096.1
1308590 1093.6
1308600 1093.6
1308610 1091.7
1308620 1090.3
1308630 1090.3
1308640 1089.2
1308650 1087.6
1308660 1086.9
1308670 1086.9
1308680 1086.2
1308690 1085.3
1308700 1085.3
1308710 1084.5
1308720 1083.8
1308730 1083.8
1308740 1084.7
1308750 1083.9
1308760 1083.9
1308770 1084.3
1308780 1084.8
1308790 1084.8
1308800 1085.2
1308810 1084.8
1308820 1084.8
1308830 1083.4
1308840 1083.0
1308850 1083.0
1308860 1083.3
1308870 1083.3
1308880 1083.3
1308890 1082.8
1308900 1082.2
1308910 1082.2
1308920 1081.9
1308930 1082.0
1308940 1082.2
1308950 1082.2
1308960 1082.6
1308970 1083.3
1308980 1083.3
1308990 1084.1
1309000 1085.1
1309010 1085.1
1309020 1085.6
1309030 1085.8
1309040 1085.8
1309050 1086.6
1309060 1086.5
1309070 1086.5
1309080 1084.9
1309090 1083.7
1309100 1083.7
1309110 1083.1
1309120 1082.2
1309130 1082.2
1309140 1081.1
1309150 1079.0
1309160 1079.0
1309170 1076.0
1309180 1073.9
1309190 1073.9
1309200 1071.2
1309210 1068.8
1309220 1068.8
1309230 1064.6
1309240 1062.3
1309250 1055.9
1309260 1055.9
1309270 1051.4
1309280 1045.2
1309290 1045.2
1309300 1037.8
1309310 1032.9
1309320 1032.9
1309330 1029.0
1309340 1024.6
1309350 1024.6
1309360 1022.6
1309370 1022.7
1309380 1022.7
1309390 1022.7
1309400 1022.0
1309410 1022.0
1309420 1020.9
1309430 1019.5
1309440 1019.5
1309450 1018.2
1309460 1020.0
1309470 1020.0
1309480 1019.5
1309490 1019.6
1309500 1019.6
1309510 1017.2
1309520 1016.2
1309530 1015.6
1309540 1015.6
1309550 1013.3
1309560 1011.5
1309570 1011.5
1309580 1010.0
1309590 1008.2
1309600 1008.2
1309610 1004.4
1309620 999.1
1309630 999.1
1309640 997.1
1309650 996.4
1309660 996.4
1309670 994.3
1309680 987.5
1309690 987.5
1309700 983.8
1309710 985.0
1309720 985.0
1309730 985.6
1309740 985.7
1309750 985.7
1309760 982.4
1309770 978.3
1309780 978.3
1309790 974.0
1309800 967.7
1309810 958.4
1309820 958.4
1309830 948.0
1309840 938.9
1309850 938.9
1309860 930.5
1309870 920.8
1309880 920.8
1309890 909.9
1309900 912.6
1309910 912.6
1309920 929.7
1309930 942.0
1309940 942.0
1309950 949.8
1309960 958.7
1309970 958.7
1309980 966.8
1309990 973.8
1310000 973.8
1310010 980.6
1310020 987.4
1310030 987.4
1310040 993.7
1310050 1000.0
1310060 1000.0
1310070 1006.9
1310080 1013.5
1310090 1020.1
1310100 1020.1
1310110 1026.5
1310120 1032.5
1310130 1032.5
1310140 1038.0
1310150 1043.1
1310160 1043.1
1310170 1045.8
1310180 1047.6
1310190 1049.2
1310200 1050.8
1310210 1053.3
1310220 1053.3
1310230 1057.1
1310240 1060.9
1310250 1060.9
1310260 1065.9
1310270 1069.2
1310280 1069.2
1310290 1072.1
1310300 1076.3
1310310 1076.3
1310320 1080.2
1310330 1083.7
1310340 1083.7
1310350 1087.2
1310360 1090.4
1310370 1090.4
1310380 1094.2
1310390 1099.0
1310400 1103.7
1310410 1103.7
1310420 1107.7
1310430 1110.8
1310440 1110.8
1310450 1113.6
1310460 1116.8
1310470 1116.8
1310480 1119.9
1310490 1123.0
1310500 1123.0
1310510 1126.0
1310520 1129.2
1310530 1129.2
1310540 1132.6
1310550 1136.1
1310560 1136.1
1310570 1139.7
1310580 1143.1
1310590 1143.1
1310600 1147.4
1310610 1152.8
1310620 1152.8
1310630 1158.9
1310640 1163.9
1310650 1163.9
1310660 1168.9
1310670 1174.2
1310680 1179.6
1310690 1179.6
1310700 1185.2
1310710 1190.8
1310720 1190.8
1310730 1196.4
1310740 1201.4
1310750 1201.4
1310760 1206.5
1310770 1210.8
1310780 1210.8
1310790 1214.8
1310800 1218.9
1310810 1218.9
1310820 1223.5
1310830 1230.0
1310840 1230.0
1310850 1238.6
1310860 1244.7
1310870 1244.7
1310880 1248.6
1310890 1254.9
1310900 1254.9
1310910 1259.6
1310920 1265.1
1310930 1275.0
1310940 1281.4
1310950 1288.2
1310960 1294.7
1310970 1294.7
1310980 1299.4
1310990 1301.1
1311000 1301.1
1311010 1305.5
1311020 1313.4
1311030 1313.4
1311040 1319.7
1311050 1325.5
1311060 1325.5
1311070 1330.1
1311080 1333.7
1311090 1333.7
1311100 1336.8
1311110 1340.3
1311120 1340.3
1311130 1343.3
1311140 1345.5
1311150 1345.5
1311160 1346.6
1311170 1348.1
1311180 1348.1
1311190 1348.5
1311200 1349.7
1311210 1349.7
1311220 1353.1
1311230 1357.3
1311240 1360.3
1311250 1360.3
1311260 1363.3
1311270 1366.3
1311280 1366.3
1311290 1369.6
1311300 1372.6
1311310 1372.6
1311320 1375.2
1311330 1377.1
1311340 1377.1
1311350 1377.8
1311360 1377.7
1311370 1377.7
1311380 1377.5
1311390 1377.0
1311400 1377.0
1311410 1376.5
1311420 1376.0
1311430 1376.0
1311440 1375.1
1311450 1373.3
1311460 1373.3
1311470 1371.6
1311480 1370.4
1311490 1370.4
1311500 1364.1
1311510 1358.1
1311520 1358.1
1311530 1356.4
1311540 1352.8
1311550 1348.7
1311560 1348.7
1311570 1346.4
1311580 1346.0
1311590 1346.0
1311600 1350.7
1311610 1355.8
1311620 1355.8
1311630 1355.8
1311640 1350.3
1311650 1350.3
1311660 1350.1
1311670 1345.2
1311680 1345.2
1311690 1349.6
1311700 1355.0
1311710 1355.0
1311720 1360.5
1311730 1363.5
1311740 1363.5
1311750 1366.2
1311760 1370.6
1311770 1370.6
1311780 1374.7
1311790 1377.8
1311800 1377.8
1311810 1379.6
1311820 1380.4
1311830 1382.9
1311840 1382.9
1311850 1385.5
1311860 1387.3
1311870 1387.3
1311880 1390.4
1311890 1391.2
1311900 1391.2
1311910 1389.9
1311920 1387.8
1311930 1387.8
1311940 1385.2
1311950 1381.8
1311960 1381.8
1311970 1377.5
1311980 1372.8
1311990 1372.8
1312000 1366.1
1312010 1359.3
1312020 1359.3
1312030 1355.8
1312040 1352.8
1312050 1352.8
1312060 1349.9
1312070 1353.7
1312080 1353.7
1312090 1356.9
1312100 1361.0
1312110 1363.2
1312120 1363.2
1312130 1363.3
1312140 1364.6
1312150 1364.6
1312160 1366.4
1312170 1367.9
1312180 1367.9
1312190 1366.8
1312200 1368.6
1312210 1368.6
1312220 1370.0
1312230 1373.1
1312240 1373.1
1312250 1376.7
1312260 1380.4
1312270 1380.4
1312280 1383.5
1312290 1387.3
1312300 1387.3
1312310 1392.2
1312320 1397.4
1312330 1397.4
1312340 1401.7
1312350 1406.7
1312360 1406.7
1312370 1412.2
1312380 1416.1
1312390 1419.7
1312400 1423.1
1312410 1424.9
1312420 1426.2
1312430 1426.2
1312440 1430.4
1312450 1436.1
1312460 1436.1
1312470 1441.4
1312480 1445.7
1312490 1445.7
1312500 1449.8
1312510 1453.2
1312520 1453.2
1312530 1456.9
1312540 1460.5
1312550 1460.5
1312560 1464.2
1312570 1468.2
1312580 1468.2
1312590 1472.4
1312600 1476.7
1312610 1476.7
1312620 1482.0
1312630 1486.0
1312640 1486.0
1312650 1489.5
1312660 1492.4
1312670 1494.7
1312680 1494.7
1312690 1498.4
1312700 1502.6
1312710 1502.6
1312720 1507.7
1312730 1513.4
1312740 1513.4
1312750 1518.7
1312760 1522.9
1312770 1522.9
1312780 1526.1
1312790 1529.8
1312800 1529.8
1312810 1534.2
1312820 1538.8
1312830 1538.8
1312840 1543.3
1312850 1547.4
1312860 1547.4
1312870 1551.8
1312880 1556.4
1312890 1556.4
1312900 1562.1
1312910 1567.0
1312920 1567.0
1312930 1571.3
1312940 1574.9
1312950 1574.9
1312960 1578.8
1312970 1582.7
1312980 1587.7
1312990 1587.7
1313000 1591.3
1313010 1594.2
1313020 1594.2
1313030 1600.7
1313040 1609.7
1313050 1609.7
1313060 1619.5
1313070 1627.9
1313080 1627.9
1313090 1633.8
1313100 1638.2
1313110 1638.2
1313120 1642.5
1313130 1646.8
1313140 1648.2
1313150 1651.2
1313160 1654.0
1313170 1654.0
1313180 1655.3
1313190 1654.9
1313200 1654.9
1313210 1652.9
1313220 1649.3
1313230 1649.3
1313240 1646.2
1313250 1642.9
1313260 1639.2
1313270 1639.2
1313280 1636.3
1313290 1633.6
1313300 1633.6
1313310 1631.0
1313320 1629.0
1313330 1629.0
1313340 1627.5
1313350 1625.9
1313360 1625.9
1313370 1623.2
1313380 1620.4
1313390 1620.4
1313400 1617.4
1313410 1613.5
1313420 1613.5
1313430 1609.2
1313440 1604.5
1313450 1604.5
1313460 1600.4
1313470 1596.5
1313480 1596.5
1313490 1592.3
1313500 1588.0
1313510 1588.0
1313520 1583.8
1313530 1578.7
1313540 1572.9
1313550 1572.9
1313560 1566.9
1313570 1561.5
1313580 1561.5
1313590 1557.1
1313600 1552.8
1313610 1552.8
1313620 1548.9
1313630 1544.1
1313640 1544.1
1313650 1540.5
1313660 1537.0
1313670 1537.0
1313680 1532.7
1313690 1528.2
1313700 1528.2
1313710 1523.4
1313720 1517.3
1313730 1517.3
1313740 1510.7
1313750 1504.2
1313760 1504.2
1313770 1498.5
1313780 1492.7
1313790 1492.7
1313800 1485.4
1313810 1474.6
1313820 1468.5
1313830 1468.5
1313840 1473.0
1313850 1473.1
1313860 1473.1
1313870 1472.1
1313880 1469.9
1313890 1464.5
1313900 1460.2
1313910 1456.8
1313920 1456.8
1313930 1459.0
1313940 1459.0
1313950 1459.0
1313960 1457.2
1313970 1454.4
1313980 1454.4
1313990 1451.2
1314000 1447.8
1314010 1447.8
1314020 1444.5
1314030 1440.8
1314040 1440.8
1314050 1437.3
1314060 1432.8
1314070 1432.8
1314080 1428.9
1314090 1426.3
1314100 1426.3
1314110 1423.1
1314120 1419.5
1314130 1414.9
1314140 1414.9
1314150 1410.4
1314160 1405.0
1314170 1405.0
1314180 1398.4
1314190 1392.6
1314200 1392.6
1314210 1387.1
1314220 1381.6
1314230 1381.6
1314240 1376.0
1314250 1370.4
1314260 1370.4
1314270 1363.8
1314280 1359.9
1314290 1359.9
1314300 1356.4
1314310 1349.8
1314320 1349.8
1314330 1344.5
1314340 1339.8
1314350 1339.8
1314360 1334.3
1314370 1329.4
1314380 1329.4
1314390 1324.5
1314400 1319.1
1314410 1312.0
1314420 1312.0
1314430 1305.5
1314440 1300.0
1314450 1300.0
1314460 1295.0
1314470 1290.6
1314480 1290.6
1314490 1285.4
1314500 1281.7
1314510 1281.7
1314520 1279.7
1314530 1278.7
1314540 1278.7
1314550 1280.8
1314560 1284.8
1314570 1284.8
1314580 1291.0
1314590 1297.8
1314600 1297.8
1314610 1303.8
1314620 1309.2
1314630 1314.8
1314640 1320.0
1314650 1325.2
1314660 1325.2
1314670 1330.0
1314680 1333.6
1314690 1335.4
1314700 1335.4
1314710 1336.9
1314720 1337.1
1314730 1337.1
1314740 1335.8
1314750 1339.1
1314760 1339.1
1314770 1343.9
1314780 1344.6
1314790 1344.6
1314800 1345.3
1314810 1346.0
1314820 1346.0
1314830 1347.2
1314840 1347.4
1314850 1347.4
1314860 1347.5
1314870 1348.6
1314880 1348.6
1314890 1349.6
1314900 1349.6
1314910 1349.6
1314920 1349.3
1314930 1349.3
1314940 1349.3
1314950 1348.8
1314960 1348.6
1314970 1348.6
1314980 1348.6
1314990 1349.5
1315000 1351.0
1315010 1351.0
1315020 1353.6
1315030 1356.1
1315040 1356.1
1315050 1360.3
1315060 1365.0
1315070 1365.0
1315080 1370.2
1315090 1375.3
1315100 1375.3
1315110 1380.4
1315120 1386.1
1315130 1386.1
1315140 1392.0
1315150 1397.9
1315160 1397.9
1315170 1403.9
1315180 1407.7
1315190 1407.7
1315200 1410.2
1315210 1412.0
1315220 1412.0
1315230 1413.0
1315240 1413.0
1315250 1411.6
1315260 1411.6
1315270 1408.2
1315280 1402.8
1315290 1402.8
1315300 1396.5
1315310 1391.0
1315320 1391.0
1315330 1384.7
1315340 1378.7
1315350 1378.7
1315360 1372.1
1315370 1365.4
1315380 1365.4
1315390 1357.5
1315400 1353.6
1315410 1353.6
1315420 1349.7
1315430 1344.7
1315440 1344.7
1315450 1339.7
1315460 1335.0
1315470 1335.0
1315480 1330.4
1315490 1326.7
1315500 1326.7
1315510 1323.4
1315520 1321.9
1315530 1321.9
1315540 1321.2
1315550 1320.6
1315560 1320.5
1315570 1320.5
1315580 1320.0
1315590 1318.5
1315600 1318.5
1315610 1315.5
1315620 1311.6
1315630 1311.6
1315640 1307.4
1315650 1303.2
1315660 1303.2
1315670 1298.8
1315680 1294.7
1315690 1294.7
1315700 1290.8
1315710 1287.1
1315720 1287.1
1315730 1283.0
1315740 1278.4
1315750 1278.4
1315760 1275.9
1315770 1272.9
1315780 1272.9
1315790 1268.1
1315800 1262.8
1315810 1262.8
1315820 1260.3
1315830 1258.8
1315840 1257.4
1315850 1257.4
1315860 1256.2
1315870 1255.2
1315880 1255.2
1315890 1254.0
1315900 1252.5
1315910 1252.5
1315920 1250.3
1315930 1243.8
1315940 1243.8
1315950 1235.1
1315960 1227.3
1315970 1227.3
1315980 1222.9
1315990 1221.4
1316000 1221.4
1316010 1220.4
1316020 1218.6
1316030 1218.6
1316040 1215.3
1316050 1212.0
1316060 1212.0
1316070 1208.9
1316080 1206.1
1316090 1206.1
1316100 1204.0
1316110 1201.1
1316120 1198.2
1316130 1198.2
1316140 1193.0
1316150 1190.1
1316160 1190.1
1316170 1186.0
1316180 1180.7
1316190 1180.7
1316200 1175.8
1316210 1170.7
1316220 1170.7
1316230 1165.0
1316240 1160.3
1316250 1160.3
1316260 1154.1
1316270 1148.3
1316280 1148.3
1316290 1142.7
1316300 1138.4
1316310 1138.4
1316320 1134.4
1316330 1131.5
1316340 1131.5
1316350 1128.2
1316360 1123.9
1316370 1123.9
1316380 1118.9
1316390 1114.3
1316400 1110.9
1316410 1110.9
1316420 1106.6
1316430 1101.7
1316440 1101.7
1316450 1096.6
1316460 1091.0
1316470 1091.0
1316480 1086.0
1316490 1082.0
1316500 1082.0
1316510 1079.2
1316520 1077.5
1316530 1077.5
1316540 1075.8
1316550 1073.7
1316560 1073.7
1316570 1071.9
1316580 1070.5
1316590 1070.5
1316600 1069.0
1316610 1066.5
1316620 1066.5
1316630 1062.9
1316640 1059.5
1316650 1059.5
1316660 1054.7
1316670 1049.4
1316680 1043.4
1316690 1043.4
1316700 1037.6
1316710 1031.5
1316720 1031.5
1316730 1026.3
1316740 1022.0
1316750 1022.0
1316760 1017.7
1316770 1012.2
1316780 1012.2
1316790 1006.3
1316800 999.2
1316810 999.2
1316820 992.7
1316830 986.4
1316840 986.4
1316850 981.6
1316860 977.0
1316870 977.0
1316880 972.6
1316890 969.5
1316900 967.5
1316910 965.1
1316920 960.6
1316930 960.6
1316940 955.9
1316950 952.1
1316960 952.1
1316970 948.3
1316980 944.6
1316990 941.1
1317000 941.1
1317010 937.6
1317020 934.6
1317030 934.6
1317040 932.2
1317050 929.4
1317060 929.4
1317070 926.3
1317080 923.4
1317090 923.4
1317100 920.9
1317110 918.3
1317120 918.3
1317130 914.6
1317140 909.7
1317150 909.7
1317160 903.1
1317170 895.1
1317180 895.1
1317190 886.0
1317200 876.5
1317210 876.5
1317220 869.2
1317230 867.7
1317240 867.7
1317250 871.2
1317260 871.2
1317270 868.4
1317280 868.4
1317290 865.2
1317300 862.3
1317310 862.3
1317320 859.6
1317330 856.1
1317340 856.1
1317350 851.4
1317360 846.0
1317370 846.0
1317380 840.2
1317390 832.8
1317400 832.8
1317410 824.9
1317420 817.4
1317430 817.4
1317440 811.2
1317450 808.2
1317460 808.2
1317470 810.9
1317480 812.6
1317490 812.6
1317500 813.1
1317510 814.3
1317520 814.3
1317530 814.8
1317540 813.9
1317550 812.7
1317560 812.7
1317570 813.2
1317580 812.2
1317590 812.2
1317600 810.0
1317610 809.2
1317620 809.2
1317630 808.9
1317640 806.3
1317650 806.3
1317660 799.7
1317670 795.5
1317680 795.5
1317690 791.0
1317700 786.8
1317710 786.8
1317720 782.8
1317730 779.5
1317740 779.5
1317750 776.7
1317760 774.0
1317770 774.0
1317780 771.1
1317790 768.1
1317800 768.1
1317810 765.0
1317820 762.0
1317830 759.4
1317840 759.4
1317850 757.5
1317860 755.0
1317870 755.0
1317880 751.2
1317890 747.6
1317900 747.6
1317910 746.4
1317920 745.0
1317930 745.0
1317940 742.5
1317950 739.0
1317960 739.0
1317970 736.1
1317980 733.4
1317990 733.4
1318000 731.0
1318010 728.6
1318020 728.6
1318030 726.8
1318040 725.0
1318050 725.0
1318060 723.2
1318070 721.5
1318080 721.5
1318090 719.5
1318100 716.7
1318110 716.7
1318120 714.2
1318130 711.5
1318140 708.6
1318150 708.6
1318160 705.8
1318170 703.2
1318180 703.2
1318190 700.6
1318200 698.5
1318210 698.5
1318220 697.4
1318230 696.1
1318240 696.1
1318250 694.9
1318260 693.8
1318270 693.8
1318280 692.8
1318290 691.8
1318300 691.8
1318310 690.8
1318320 689.9
1318330 689.9
1318340 689.1
1318350 688.2
1318360 688.2
1318370 687.3
1318380 686.4
1318390 686.4
1318400 685.4
1318410 684.6
1318420 683.9
1318430 683.4
1318440 682.7
1318450 682.3
1318460 682.3
1318470 681.7
1318480 681.1
1318490 681.1
1318500 680.2
1318510 678.6
1318520 678.6
1318530 677.0
1318540 675.5
1318550 675.5
1318560 674.2
1318570 673.1
1318580 673.1
1318590 672.2
1318600 671.3
1318610 671.3
1318620 669.7
1318630 666.8
1318640 666.8
1318650 663.5
1318660 660.4
1318670 660.4
1318680 658.4
1318690 656.3
1318700 654.5
1318710 654.5
1318720 652.9
1318730 651.1
1318740 651.1
1318750 648.5
1318760 644.7
1318770 644.7
1318780 640.2
1318790 636.9
1318800 636.9
1318810 634.3
1318820 631.5
1318830 631.5
1318840 629.1
1318850 626.7
1318860 626.7
1318870 623.4
1318880 619.9
1318890 619.9
1318900 615.8
1318910 610.9
1318920 610.9
1318930 605.7
1318940 600.6
1318950 600.6
1318960 595.8
1318970 590.8
1318980 585.4
1318990 585.4
1319000 580.3
1319010 574.7
1319020 574.7
1319030 569.6
1319040 565.5
1319050 565.5
1319060 562.0
1319070 559.4
1319080 559.4
1319090 557.1
1319100 554.2
1319110 554.2
1319120 550.8
1319130 547.4
1319140 547.4
1319150 543.5
1319160 540.1
1319170 540.1
1319180 538.3
1319190 537.3
1319200 537.3
1319210 535.9
1319220 534.6
1319230 534.6
1319240 533.1
1319250 532.2
1319260 531.7
1319270 531.7
1319280 531.5
1319290 531.3
1319300 531.3
1319310 531.2
1319320 531.3
1319330 531.3
1319340 531.3
1319350 531.2
1319360 531.2
1319370 531.2
1319380 531.3
1319390 531.3
1319400 532.1
1319410 533.0
1319420 533.0
1319430 532.3
1319440 531.2
1319450 531.2
1319460 531.1
1319470 531.0
1319480 531.0
1319490 530.9
1319500 530.9
1319510 530.9
1319520 530.9
1319530 530.9
1319540 530.9
1319550 530.9
1319560 530.8
1319570 530.6
1319580 530.6
1319590 530.5
1319600 530.4
1319610 530.4
1319620 530.3
1319630 530.3
1319640 530.3
1319650 530.3
1319660 530.4
1319670 530.4
1319680 530.2
1319690 530.1
1319700 530.1
1319710 530.0
1319720 530.0
1319730 530.0
1319740 530.0
1319750 530.0
1319760 530.0
1319770 530.1
1319780 530.1
1319790 530.1
1319800 530.1
1319810 530.2
1319820 530.2
1319830 530.2
1319840 530.1
1319850 529.8
1319860 529.8
1319870 530.2
1319880 530.2
1319890 530.2
1319900 530.2
1319910 530.2
1319920 530.2
1319930 530.3
1319940 530.3
1319950 530.3
1319960 530.3
1319970 530.4
1319980 530.4
1319990 530.3
