1300000 870.1
1300010 865.0
1300020 858.3
1300030 858.3
1300040 852.6
1300050 848.9
1300060 848.9
1300070 846.0
1300080 847.4
1300090 847.4
1300100 849.9
1300110 848.8
1300120 847.8
1300130 847.8
1300140 849.5
1300150 847.2
1300160 847.2
1300170 841.3
1300180 835.2
1300190 835.2
1300200 828.5
1300210 822.8
1300220 822.8
1300230 822.2
1300240 824.9
1300250 824.9
1300260 828.8
1300270 834.1
1300280 834.1
1300290 840.3
1300300 845.0
1300310 845.0
1300320 848.0
1300330 849.9
1300340 849.9
1300350 850.0
1300360 842.6
1300370 842.6
1300380 842.3
1300390 840.1
1300400 834.8
1300410 834.8
1300420 828.4
1300430 823.5
1300440 823.5
1300450 817.6
1300460 811.4
1300470 811.4
1300480 805.7
1300490 803.1
1300500 803.1
1300510 802.8
1300520 802.8
1300530 802.8
1300540 802.7
1300550 803.1
1300560 803.1
1300570 803.1
1300580 801.7
1300590 801.7
1300600 798.1
1300610 792.2
1300620 792.2
1300630 785.4
1300640 778.8
1300650 778.8
1300660 772.1
1300670 765.6
1300680 758.8
1300690 758.8
1300700 752.2
1300710 745.6
1300720 745.6
1300730 740.0
1300740 737.0
1300750 737.0
1300760 735.8
1300770 735.0
1300780 735.0
1300790 734.8
1300800 735.5
1300810 735.5
1300820 736.4
1300830 737.0
1300840 737.0
1300850 737.8
1300860 740.5
1300870 740.5
1300880 742.0
1300890 745.2
1300900 745.2
1300910 749.8
1300920 753.3
1300930 753.3
1300940 756.5
1300950 759.7
1300960 759.7
1300970 762.0
1300980 762.7
1300990 763.7
1301000 763.7
1301010 763.3
1301020 762.2
1301030 762.2
1301040 760.8
1301050 753.0
1301060 753.0
1301070 750.9
1301080 748.4
1301090 748.4
1301100 746.4
1301110 743.8
1301120 743.8
1301130 741.2
1301140 739.1
1301150 739.1
1301160 737.5
1301170 735.9
1301180 735.9
1301190 733.5
1301200 731.1
1301210 731.1
1301220 728.7
1301230 725.5
1301240 725.5
1301250 722.3
1301260 719.4
1301270 716.2
1301280 716.2
1301290 712.6
1301300 708.8
1301310 708.8
1301320 704.9
1301330 701.2
1301340 701.2
1301350 697.7
1301360 693.4
1301370 693.4
1301380 688.8
1301390 684.2
1301400 684.2
1301410 679.0
1301420 672.8
1301430 672.8
1301440 667.8
1301450 665.9
1301460 665.9
1301470 664.6
1301480 663.2
1301490 663.2
1301500 661.6
1301510 659.9
1301520 659.9
1301530 658.3
1301540 657.0
1301550 652.8
1301560 652.8
1301570 646.3
1301580 642.7
1301590 642.7
1301600 635.9
1301610 629.0
1301620 629.0
1301630 627.1
1301640 625.6
1301650 625.6
1301660 624.4
1301670 623.8
1301680 623.8
1301690 625.5
1301700 631.8
1301710 631.8
1301720 635.7
1301730 634.4
1301740 634.4
1301750 632.0
1301760 627.3
1301770 627.3
1301780 621.4
1301790 620.3
1301800 620.3
1301810 617.3
1301820 616.0
1301830 613.5
1301840 613.5
1301850 612.6
1301860 612.7
1301870 612.7
1301880 610.3
1301890 608.0
1301900 608.0
1301910 604.8
1301920 599.9
1301930 599.9
1301940 596.8
1301950 593.4
1301960 593.4
1301970 591.5
1301980 589.9
1301990 589.9
1302000 588.8
1302010 588.1
1302020 588.1
1302030 587.0
1302040 585.8
1302050 585.8
1302060 584.9
1302070 584.2
1302080 584.2
1302090 582.8
1302100 581.6
1302110 581.6
1302120 580.9
1302130 580.3
1302140 579.5
1302150 579.5
1302160 578.8
1302170 577.2
1302180 577.2
1302190 575.6
1302200 574.3
1302210 574.3
1302220 573.2
1302230 570.9
1302240 570.9
1302250 568.4
1302260 565.4
1302270 565.4
1302280 565.0
1302290 563.1
1302300 563.1
1302310 560.5
1302320 559.6
1302330 559.6
1302340 558.4
1302350 557.8
1302360 557.8
1302370 557.4
1302380 555.7
1302390 555.7
1302400 554.3
1302410 551.9
1302420 551.3
1302430 551.3
1302440 551.0
1302450 550.6
1302460 550.6
1302470 548.9
1302480 548.5
1302490 548.5
1302500 552.1
1302510 554.3
1302520 554.3
1302530 548.0
1302540 545.0
1302550 545.0
1302560 543.9
1302570 540.8
1302580 540.8
1302590 538.4
1302600 538.3
1302610 538.3
1302620 538.1
1302630 538.1
1302640 538.1
1302650 537.9
1302660 537.3
1302670 537.3
1302680 538.3
1302690 541.6
1302700 541.5
1302710 541.5
1302720 538.3
1302730 535.6
1302740 535.6
1302750 535.3
1302760 535.4
1302770 535.4
1302780 535.4
1302790 535.2
1302800 535.2
1302810 535.0
1302820 535.0
1302830 535.0
1302840 535.1
1302850 535.2
1302860 535.2
1302870 534.7
1302880 534.3
1302890 534.3
1302900 534.3
1302910 534.4
1302920 534.4
1302930 534.4
1302940 534.4
1302950 534.4
1302960 534.6
1302970 534.9
1302980 534.9
1302990 534.8
1303000 534.0
1303010 533.9
1303020 533.9
1303030 534.9
1303040 535.5
1303050 535.5
1303060 536.1
1303070 535.1
1303080 535.1
1303090 534.1
1303100 534.3
1303110 534.3
1303120 534.5
1303130 534.7
1303140 534.7
1303150 536.6
1303160 536.3
1303170 536.3
1303180 535.9
1303190 535.6
1303200 535.6
1303210 535.5
1303220 535.4
1303230 535.4
1303240 535.8
1303250 534.6
1303260 534.6
1303270 534.2
1303280 534.3
1303290 534.1
1303300 534.1
1303310 534.1
1303320 534.1
1303330 534.1
1303340 534.1
1303350 534.2
1303360 534.2
1303370 534.3
1303380 534.3
1303390 534.3
1303400 534.3
1303410 534.2
1303420 534.2
1303430 534.2
1303440 534.3
1303450 534.3
1303460 534.4
1303470 534.3
1303480 534.3
1303490 534.2
1303500 534.3
1303510 534.3
1303520 535.9
1303530 537.3
1303540 537.3
1303550 536.4
1303560 534.9
1303570 534.7
1303580 534.7
1303590 534.9
1303600 535.0
1303610 535.0
1303620 534.8
1303630 535.0
1303640 535.0
1303650 535.5
1303660 535.6
1303670 535.6
1303680 535.4
1303690 535.1
1303700 535.1
1303710 534.8
1303720 534.7
1303730 534.7
1303740 534.7
1303750 534.8
1303760 534.8
1303770 534.9
1303780 534.9
1303790 534.9
1303800 535.0
1303810 535.0
1303820 535.0
1303830 534.8
1303840 534.3
1303850 534.3
1303860 534.3
1303870 534.3
1303880 534.5
1303890 534.5
1303900 535.0
1303910 535.3
1303920 535.3
1303930 534.7
1303940 534.4
1303950 534.4
1303960 534.5
1303970 534.6
1303980 534.6
1303990 534.5
1304000 533.9
1304010 533.9
1304020 532.7
1304030 531.2
1304040 531.2
1304050 530.5
1304060 530.4
1304070 530.4
1304080 530.5
1304090 530.6
1304100 530.6
1304110 530.5
1304120 530.6
1304130 530.6
1304140 530.5
1304150 530.6
1304160 530.6
1304170 530.6
1304180 530.6
1304190 530.6
1304200 530.6
1304210 530.8
1304220 532.6
1304230 532.6
1304240 534.2
1304250 534.5
1304260 534.5
1304270 534.8
1304280 534.8
1304290 534.8
1304300 534.4
1304310 534.1
1304320 534.1
1304330 533.9
1304340 533.9
1304350 533.9
1304360 533.9
1304370 533.9
1304380 533.9
1304390 533.8
1304400 533.8
1304410 533.8
1304420 533.8
1304430 533.7
1304440 533.7
1304450 533.7
1304460 533.7
1304470 533.7
1304480 533.7
1304490 533.6
1304500 533.6
1304510 533.6
1304520 533.5
1304530 533.5
1304540 533.5
1304550 533.5
1304560 533.3
1304570 533.3
1304580 533.2
1304590 533.1
1304600 533.1
1304610 533.1
1304620 533.1
1304630 533.1
1304640 533.2
1304650 533.1
1304660 533.1
1304670 533.1
1304680 533.1
1304690 533.1
1304700 533.2
1304710 533.4
1304720 533.5
1304730 533.5
1304740 533.4
1304750 533.3
1304760 533.3
1304770 533.3
1304780 533.1
1304790 533.1
1304800 533.1
1304810 533.1
1304820 533.1
1304830 533.2
1304840 533.2
1304850 533.2
1304860 533.1
1304870 533.1
1304880 533.1
1304890 533.1
1304900 533.0
1304910 533.0
1304920 533.0
1304930 532.9
1304940 532.9
1304950 532.8
1304960 532.8
1304970 532.8
1304980 532.8
1304990 532.9
1305000 533.0
1305010 533.0
1305020 533.0
1305030 533.0
1305040 533.0
1305050 533.0
1305060 533.0
1305070 533.0
1305080 533.0
1305090 532.8
1305100 532.8
1305110 532.7
1305120 532.7
1305130 532.7
1305140 533.0
1305150 533.5
1305160 533.5
1305170 533.4
1305180 532.8
1305190 532.8
1305200 532.6
1305210 532.6
1305220 532.6
1305230 532.5
1305240 532.5
1305250 532.5
1305260 532.5
1305270 532.5
1305280 532.5
1305290 532.6
1305300 532.5
1305310 532.4
1305320 532.4
1305330 532.5
1305340 532.4
1305350 532.4
1305360 532.4
1305370 532.4
1305380 532.4
1305390 532.4
1305400 532.4
1305410 532.4
1305420 532.3
1305430 532.3
1305440 532.3
1305450 532.3
1305460 532.3
1305470 532.3
1305480 532.3
1305490 532.3
1305500 532.3
1305510 532.3
1305520 532.3
1305530 532.3
1305540 532.4
1305550 532.5
1305560 532.5
1305570 532.4
1305580 532.2
1305590 532.2
1305600 532.2
1305610 532.2
1305620 532.1
1305630 532.1
1305640 532.1
1305650 532.1
1305660 532.1
1305670 532.5
1305680 533.0
1305690 533.0
1305700 532.4
1305710 532.1
1305720 532.1
1305730 531.9
1305740 531.8
1305750 531.8
1305760 532.1
1305770 532.4
1305780 532.4
1305790 532.4
1305800 532.4
1305810 532.4
1305820 532.4
1305830 532.3
1305840 532.3
1305850 532.4
1305860 532.5
1305870 532.5
1305880 532.5
1305890 532.3
1305900 532.2
1305910 532.2
1305920 532.2
1305930 532.2
1305940 532.2
1305950 532.2
1305960 532.2
1305970 532.2
1305980 532.2
1305990 532.2
1306000 532.2
1306010 532.3
1306020 532.3
1306030 532.3
1306040 532.3
1306050 532.5
1306060 532.5
1306070 532.7
1306080 533.0
1306090 533.0
1306100 533.5
1306110 534.0
1306120 534.0
1306130 534.6
1306140 535.4
1306150 536.3
1306160 536.3
1306170 536.9
1306180 537.9
1306190 537.9
1306200 538.9
1306210 538.8
1306220 538.8
1306230 539.0
1306240 541.1
1306250 541.1
1306260 543.8
1306270 546.1
1306280 546.1
1306290 547.3
1306300 548.2
1306310 548.2
1306320 548.9
1306330 549.7
1306340 549.7
1306350 551.0
1306360 552.5
1306370 552.5
1306380 554.2
1306390 556.1
1306400 556.1
1306410 557.9
1306420 560.1
1306430 563.1
1306440 563.1
1306450 566.0
1306460 568.9
1306470 568.9
1306480 572.8
1306490 576.1
1306500 576.1
1306510 580.8
1306520 585.0
1306530 585.0
1306540 587.8
1306550 590.9
1306560 590.9
1306570 594.5
1306580 597.9
1306590 597.9
1306600 601.4
1306610 604.8
1306620 604.8
1306630 607.3
1306640 609.7
1306650 609.7
1306660 610.6
1306670 611.3
1306680 611.3
1306690 611.5
1306700 614.9
1306710 614.9
1306720 615.0
1306730 616.4
1306740 619.2
1306750 619.2
1306760 623.4
1306770 626.4
1306780 626.4
1306790 626.8
1306800 627.0
1306810 627.0
1306820 628.8
1306830 630.9
1306840 630.9
1306850 633.9
1306860 636.9
1306870 636.9
1306880 640.3
1306890 645.0
1306900 645.0
1306910 650.3
1306920 655.6
1306930 655.6
1306940 660.0
1306950 663.5
1306960 663.5
1306970 667.8
1306980 671.8
1306990 671.8
1307000 675.9
1307010 679.8
1307020 683.6
1307030 683.6
1307040 687.4
1307050 690.6
1307060 690.6
1307070 692.8
1307080 694.9
1307090 694.9
1307100 696.6
1307110 698.3
1307120 698.3
1307130 699.8
1307140 701.6
1307150 701.6
1307160 703.7
1307170 705.5
1307180 705.5
1307190 707.9
1307200 709.9
1307210 709.9
1307220 711.9
1307230 715.3
1307240 715.3
1307250 720.2
1307260 725.2
1307270 725.2
1307280 730.1
1307290 733.5
1307300 734.2
1307310 734.2
1307320 733.5
1307330 732.5
1307340 732.5
1307350 734.4
1307360 738.6
1307370 738.6
1307380 741.4
1307390 744.0
1307400 744.0
1307410 746.6
1307420 749.8
1307430 749.8
1307440 752.1
1307450 754.7
1307460 754.7
1307470 757.5
1307480 760.3
1307490 760.3
1307500 763.4
1307510 768.0
1307520 768.0
1307530 771.6
1307540 775.5
1307550 775.5
1307560 779.3
1307570 783.2
1307580 787.2
1307590 787.2
1307600 791.6
1307610 796.2
1307620 796.2
1307630 800.7
1307640 804.7
1307650 804.7
1307660 806.7
1307670 807.8
1307680 807.8
1307690 809.2
1307700 812.4
1307710 812.4
1307720 817.2
1307730 822.7
1307740 822.7
1307750 828.6
1307760 834.3
1307770 834.3
1307780 839.9
1307790 844.5
1307800 844.5
1307810 849.2
1307820 853.9
1307830 853.9
1307840 859.3
1307850 861.8
1307860 861.8
1307870 863.3
1307880 865.6
1307890 868.4
1307900 868.4
1307910 871.1
1307920 873.2
1307930 873.2
1307940 875.3
1307950 877.7
1307960 877.7
1307970 880.3
1307980 883.1
1307990 883.1
1308000 885.9
1308010 888.7
1308020 888.7
1308030 891.0
1308040 893.5
1308050 893.5
1308060 896.6
1308070 901.1
1308080 901.1
1308090 905.9
1308100 910.5
1308110 910.5
1308120 914.0
1308130 916.9
1308140 919.4
1308150 923.1
1308160 926.6
1308170 931.7
1308180 931.7
1308190 937.1
1308200 943.0
1308210 943.0
1308220 949.6
1308230 956.2
1308240 956.2
1308250 961.3
1308260 967.4
1308270 967.4
1308280 976.0
1308290 983.8
1308300 983.8
1308310 988.0
1308320 989.4
1308330 989.4
1308340 990.1
1308350 991.4
1308360 991.4
1308370 993.0
1308380 994.7
1308390 994.7
1308400 996.4
1308410 998.6
1308420 998.6
1308430 1001.4
1308440 1004.3
1308450 1007.2
1308460 1007.2
1308470 1010.5
1308480 1014.0
1308490 1014.0
1308500 1018.5
1308510 1025.1
1308520 1025.1
1308530 1029.0
1308540 1030.3
1308550 1030.3
1308560 1032.4
1308570 1035.2
1308580 1035.2
1308590 1037.7
1308600 1039.0
1308610 1039.0
1308620 1037.5
1308630 1034.1
1308640 1034.1
1308650 1031.1
1308660 1029.2
1308670 1029.2
1308680 1028.0
1308690 1027.5
1308700 1027.5
1308710 1026.5
1308720 1026.4
1308730 1026.3
1308740 1026.3
1308750 1025.5
1308760 1024.0
1308770 1024.0
1308780 1023.0
1308790 1025.1
1308800 1025.1
1308810 1029.3
1308820 1032.5
1308830 1032.5
1308840 1033.9
1308850 1035.1
1308860 1037.8
1308870 1037.9
1308880 1037.1
1308890 1037.1
1308900 1035.9
1308910 1035.0
1308920 1035.0
1308930 1034.6
1308940 1034.8
1308950 1034.8
1308960 1035.2
1308970 1035.3
1308980 1035.3
1308990 1034.5
1309000 1032.5
1309010 1032.5
1309020 1028.3
1309030 1025.2
1309040 1026.6
1309050 1026.6
1309060 1029.5
1309070 1030.1
1309080 1030.1
1309090 1029.4
1309100 1027.6
1309110 1027.6
1309120 1024.8
1309130 1023.6
1309140 1023.6
1309150 1024.9
1309160 1026.0
1309170 1026.0
1309180 1023.8
1309190 1023.4
1309200 1023.4
1309210 1025.6
1309220 1026.6
1309230 1026.6
1309240 1027.5
1309250 1027.6
1309260 1027.6
1309270 1026.0
1309280 1021.7
1309290 1021.7
1309300 1015.7
1309310 1009.3
1309320 1003.0
1309330 1003.0
1309340 994.9
1309350 987.9
1309360 987.9
1309370 983.5
1309380 981.2
1309390 981.2
1309400 978.5
1309410 975.7
1309420 975.7
1309430 974.4
1309440 971.1
1309450 971.1
1309460 968.0
1309470 964.1
1309480 964.1
1309490 962.5
1309500 961.6
1309510 961.6
1309520 961.2
1309530 962.0
1309540 962.0
1309550 963.0
1309560 964.7
1309570 964.7
1309580 968.2
1309590 977.0
1309600 974.0
1309610 974.0
1309620 972.7
1309630 971.3
1309640 971.3
1309650 967.0
1309660 961.6
1309670 961.6
1309680 957.3
1309690 953.7
1309700 953.7
1309710 950.2
1309720 946.0
1309730 946.0
1309740 939.2
1309750 929.6
1309760 929.6
1309770 920.7
1309780 912.1
1309790 912.1
1309800 903.1
1309810 894.4
1309820 894.4
1309830 887.0
1309840 884.0
1309850 884.0
1309860 887.5
1309870 895.3
1309880 903.4
1309890 903.4
1309900 909.8
1309910 916.4
1309920 916.4
1309930 924.4
1309940 935.4
1309950 935.4
1309960 949.1
1309970 961.7
1309980 961.7
1309990 971.3
1310000 978.3
1310010 978.3
1310020 984.9
1310030 991.2
1310040 991.2
1310050 997.2
1310060 1003.8
1310070 1003.8
1310080 1008.8
1310090 1013.7
1310100 1013.7
1310110 1017.6
1310120 1019.7
1310130 1019.7
1310140 1022.8
1310150 1025.4
1310160 1025.4
1310170 1027.8
1310180 1030.4
1310190 1033.0
1310200 1033.0
1310210 1034.9
1310220 1037.3
1310230 1037.3
1310240 1039.7
1310250 1042.3
1310260 1042.3
1310270 1045.1
1310280 1047.4
1310290 1047.4
1310300 1050.0
1310310 1053.0
1310320 1053.0
1310330 1055.7
1310340 1058.1
1310350 1058.1
1310360 1060.2
1310370 1062.7
1310380 1062.7
1310390 1065.1
1310400 1067.3
1310410 1067.3
1310420 1069.7
1310430 1072.3
1310440 1072.3
1310450 1075.0
1310460 1078.1
1310470 1081.4
1310480 1081.4
1310490 1084.9
1310500 1088.5
1310510 1088.5
1310520 1091.8
1310530 1095.6
1310540 1095.6
1310550 1098.8
1310560 1102.1
1310570 1102.1
1310580 1105.8
1310590 1108.3
1310600 1108.3
1310610 1110.8
1310620 1114.7
1310630 1114.7
1310640 1118.5
1310650 1121.2
1310660 1121.2
1310670 1124.3
1310680 1128.6
1310690 1128.6
1310700 1134.0
1310710 1140.7
1310720 1140.7
1310730 1147.7
1310740 1154.6
1310750 1161.8
1310760 1161.8
1310770 1166.1
1310780 1168.3
1310790 1168.3
1310800 1170.9
1310810 1174.2
1310820 1174.2
1310830 1177.6
1310840 1181.8
1310850 1181.8
1310860 1186.5
1310870 1190.8
1310880 1190.8
1310890 1194.9
1310900 1199.5
1310910 1199.5
1310920 1204.9
1310930 1209.9
1310940 1209.9
1310950 1213.6
1310960 1218.4
1310970 1218.4
1310980 1223.4
1310990 1227.7
1311000 1227.7
1311010 1232.6
1311020 1236.5
1311030 1239.9
1311040 1239.9
1311050 1249.0
1311060 1252.3
1311070 1252.3
1311080 1257.0
1311090 1265.3
1311100 1265.3
1311110 1273.4
1311120 1279.3
1311130 1279.3
1311140 1285.5
1311150 1290.8
1311160 1290.8
1311170 1294.8
1311180 1301.0
1311190 1301.0
1311200 1307.3
1311210 1314.0
1311220 1314.0
1311230 1321.8
1311240 1331.4
1311250 1331.4
1311260 1344.7
1311270 1347.8
1311280 1347.8
1311290 1350.8
1311300 1352.2
1311310 1352.2
1311320 1351.3
1311330 1349.3
1311340 1348.6
1311350 1348.6
1311360 1349.7
1311370 1351.0
1311380 1351.0
1311390 1351.9
1311400 1351.9
1311410 1351.9
1311420 1351.4
1311430 1350.7
1311440 1350.7
1311450 1348.1
1311460 1344.1
1311470 1344.1
1311480 1339.4
1311490 1334.5
1311500 1334.5
1311510 1329.3
1311520 1323.2
1311530 1323.2
1311540 1318.7
1311550 1316.5
1311560 1316.5
1311570 1311.1
1311580 1303.5
1311590 1303.5
1311600 1296.4
1311610 1290.7
1311620 1284.8
1311630 1284.8
1311640 1280.0
1311650 1281.8
1311660 1281.8
1311670 1284.1
1311680 1285.3
1311690 1285.3
1311700 1285.5
1311710 1288.7
1311720 1288.7
1311730 1293.8
1311740 1300.6
1311750 1300.6
1311760 1306.8
1311770 1312.1
1311780 1312.1
1311790 1322.3
1311800 1327.4
1311810 1327.4
1311820 1331.6
1311830 1333.6
1311840 1333.6
1311850 1334.6
1311860 1334.0
1311870 1334.0
1311880 1332.9
1311890 1332.4
1311900 1331.2
1311910 1331.2
1311920 1329.2
1311930 1326.2
1311940 1326.2
1311950 1322.6
1311960 1318.6
1311970 1318.6
1311980 1315.9
1311990 1311.4
1312000 1311.4
1312010 1302.6
1312020 1290.9
1312030 1290.9
1312040 1286.0
1312050 1294.0
1312060 1294.0
1312070 1300.6
1312080 1303.5
1312090 1303.5
1312100 1304.7
1312110 1301.8
1312120 1301.8
1312130 1300.1
1312140 1299.2
1312150 1299.2
1312160 1299.9
1312170 1306.3
1312180 1310.9
1312190 1310.9
1312200 1316.2
1312210 1322.9
1312220 1322.9
1312230 1328.9
1312240 1333.8
1312250 1333.8
1312260 1338.0
1312270 1344.6
1312280 1344.6
1312290 1350.0
1312300 1354.9
1312310 1354.9
1312320 1360.0
1312330 1365.4
1312340 1365.4
1312350 1371.4
1312360 1377.7
1312370 1377.7
1312380 1383.5
1312390 1389.5
1312400 1389.5
1312410 1395.5
1312420 1399.2
1312430 1399.2
1312440 1402.0
1312450 1404.8
1312460 1406.1
1312470 1406.1
1312480 1406.0
1312490 1405.7
1312500 1405.7
1312510 1407.4
1312520 1411.8
1312530 1414.2
1312540 1418.7
1312550 1421.8
1312560 1421.8
1312570 1426.2
1312580 1432.5
1312590 1432.5
1312600 1438.5
1312610 1445.3
1312620 1445.3
1312630 1452.3
1312640 1458.4
1312650 1458.4
1312660 1463.6
1312670 1468.6
1312680 1468.6
1312690 1472.9
1312700 1476.2
1312710 1476.2
1312720 1479.0
1312730 1481.9
1312740 1481.9
1312750 1485.4
1312760 1488.6
1312770 1491.5
1312780 1491.5
1312790 1495.2
1312800 1500.8
1312810 1500.8
1312820 1506.9
1312830 1511.1
1312840 1511.1
1312850 1513.7
1312860 1518.0
1312870 1518.0
1312880 1525.2
1312890 1531.4
1312900 1531.4
1312910 1537.9
1312920 1544.3
1312930 1544.3
1312940 1548.3
1312950 1552.9
1312960 1552.9
1312970 1559.8
1312980 1568.2
1312990 1568.2
1313000 1575.6
1313010 1582.6
1313020 1582.6
1313030 1589.2
1313040 1594.1
1313050 1598.5
1313060 1598.5
1313070 1603.5
1313080 1608.2
1313090 1608.2
1313100 1612.2
1313110 1614.9
1313120 1614.9
1313130 1619.6
1313140 1627.0
1313150 1627.0
1313160 1634.3
1313170 1643.1
1313180 1643.1
1313190 1651.2
1313200 1656.8
1313210 1656.8
1313220 1663.1
1313230 1668.6
1313240 1668.6
1313250 1673.0
1313260 1676.5
1313270 1676.4
1313280 1678.3
1313290 1679.5
1313300 1679.5
1313310 1679.6
1313320 1678.5
1313330 1676.3
1313340 1676.3
1313350 1673.5
1313360 1670.0
1313370 1670.0
1313380 1666.4
1313390 1662.3
1313400 1662.3
1313410 1658.5
1313420 1655.0
1313430 1655.0
1313440 1651.9
1313450 1648.9
1313460 1648.9
1313470 1645.2
1313480 1640.8
1313490 1640.8
1313500 1636.1
1313510 1630.3
1313520 1630.3
1313530 1623.3
1313540 1615.1
1313550 1615.1
1313560 1609.3
1313570 1606.7
1313580 1606.7
1313590 1603.0
1313600 1597.9
1313610 1593.8
1313620 1593.8
1313630 1587.6
1313640 1582.3
1313650 1582.3
1313660 1577.7
1313670 1572.9
1313680 1572.9
1313690 1572.1
1313700 1570.3
1313710 1570.3
1313720 1567.8
1313730 1565.1
1313740 1565.1
1313750 1562.2
1313760 1559.6
1313770 1559.6
1313780 1557.1
1313790 1553.6
1313800 1553.6
1313810 1550.4
1313820 1547.0
1313830 1547.0
1313840 1540.1
1313850 1537.6
1313860 1537.6
1313870 1539.2
1313880 1537.5
1313890 1537.5
1313900 1536.2
1313910 1535.6
1313920 1533.7
1313930 1533.7
1313940 1531.1
1313950 1528.0
1313960 1528.0
1313970 1524.8
1313980 1520.9
1313990 1520.9
1314000 1516.4
1314010 1508.8
1314020 1508.8
1314030 1504.8
1314040 1501.1
1314050 1501.1
1314060 1497.3
1314070 1493.0
1314080 1493.0
1314090 1488.3
1314100 1484.0
1314110 1484.0
1314120 1480.1
1314130 1475.7
1314140 1475.7
1314150 1469.7
1314160 1461.9
1314170 1461.9
1314180 1454.4
1314190 1443.7
1314200 1436.9
1314210 1436.9
1314220 1429.2
1314230 1422.0
1314240 1422.0
1314250 1416.3
1314260 1411.4
1314270 1411.4
1314280 1406.0
1314290 1400.9
1314300 1400.9
1314310 1394.3
1314320 1387.7
1314330 1387.7
1314340 1380.7
1314350 1374.6
1314360 1374.6
1314370 1368.6
1314380 1361.6
1314390 1361.6
1314400 1355.0
1314410 1349.3
1314420 1349.3
1314430 1343.0
1314440 1336.8
1314450 1336.8
1314460 1331.4
1314470 1326.0
1314480 1320.9
1314490 1320.9
1314500 1315.4
1314510 1310.0
1314520 1310.0
1314530 1304.4
1314540 1298.9
1314550 1298.9
1314560 1293.9
1314570 1287.8
1314580 1287.8
1314590 1281.1
1314600 1275.6
1314610 1275.6
1314620 1271.2
1314630 1267.8
1314640 1267.8
1314650 1266.2
1314660 1267.5
1314670 1267.5
1314680 1268.7
1314690 1272.1
1314700 1272.1
1314710 1278.6
1314720 1285.1
1314730 1285.1
1314740 1290.1
1314750 1293.4
1314760 1303.0
1314770 1303.0
1314780 1304.9
1314790 1309.5
1314800 1309.5
1314810 1317.0
1314820 1325.5
1314830 1325.5
1314840 1330.9
1314850 1335.0
1314860 1335.0
1314870 1339.9
1314880 1343.4
1314890 1343.4
1314900 1346.2
1314910 1348.9
1314920 1348.9
1314930 1351.6
1314940 1354.4
1314950 1354.4
1314960 1358.1
1314970 1362.1
1314980 1362.1
1314990 1365.4
1315000 1369.8
1315010 1369.8
1315020 1375.3
1315030 1380.4
1315040 1380.4
1315050 1386.4
1315060 1392.1
1315070 1396.9
1315080 1396.9
1315090 1402.0
1315100 1405.5
1315110 1405.5
1315120 1407.0
1315130 1407.4
1315140 1407.4
1315150 1407.7
1315160 1407.5
1315170 1407.5
1315180 1407.1
1315190 1405.9
1315200 1405.9
1315210 1404.5
1315220 1402.0
1315230 1402.0
1315240 1397.5
1315250 1394.3
1315260 1394.3
1315270 1393.4
1315280 1392.7
1315290 1392.7
1315300 1391.3
1315310 1389.5
1315320 1389.5
1315330 1386.5
1315340 1383.0
1315350 1380.0
1315360 1380.0
1315370 1376.8
1315380 1373.1
1315390 1373.1
1315400 1368.3
1315410 1363.3
1315420 1363.3
1315430 1359.4
1315440 1356.9
1315450 1356.9
1315460 1354.9
1315470 1353.0
1315480 1353.0
1315490 1350.1
1315500 1345.6
1315510 1345.6
1315520 1338.7
1315530 1334.5
1315540 1334.5
1315550 1331.3
1315560 1329.9
1315570 1329.9
1315580 1329.4
1315590 1328.9
1315600 1328.9
1315610 1327.8
1315620 1326.2
1315630 1325.1
1315640 1325.1
1315650 1324.7
1315660 1324.6
1315670 1324.6
1315680 1324.2
1315690 1323.3
1315700 1323.3
1315710 1322.0
1315720 1320.3
1315730 1320.3
1315740 1317.5
1315750 1313.8
1315760 1313.8
1315770 1307.8
1315780 1300.6
1315790 1300.6
1315800 1293.2
1315810 1286.6
1315820 1286.6
1315830 1282.7
1315840 1279.0
1315850 1279.0
1315860 1274.1
1315870 1271.1
1315880 1271.1
1315890 1268.4
1315900 1265.4
1315910 1262.5
1315920 1262.5
1315930 1259.5
1315940 1256.5
1315950 1256.5
1315960 1253.1
1315970 1248.8
1315980 1248.8
1315990 1244.7
1316000 1240.4
1316010 1240.4
1316020 1236.6
1316030 1232.8
1316040 1232.8
1316050 1229.4
1316060 1225.6
1316070 1225.6
1316080 1220.5
1316090 1216.1
1316100 1216.1
1316110 1211.2
1316120 1207.5
1316130 1207.5
1316140 1205.2
1316150 1202.5
1316160 1202.5
1316170 1199.0
1316180 1194.8
1316190 1191.4
1316200 1191.4
1316210 1188.0
1316220 1185.0
1316230 1185.0
1316240 1182.1
1316250 1177.7
1316260 1177.7
1316270 1171.8
1316280 1166.1
1316290 1166.1
1316300 1161.5
1316310 1157.6
1316320 1157.6
1316330 1154.0
1316340 1150.5
1316350 1150.5
1316360 1147.3
1316370 1144.1
1316380 1144.1
1316390 1140.8
1316400 1137.5
1316410 1137.5
1316420 1135.2
1316430 1133.0
1316440 1133.0
1316450 1131.2
1316460 1129.6
1316470 1129.6
1316480 1127.5
1316490 1125.5
1316500 1123.8
1316510 1123.8
1316520 1121.4
1316530 1118.5
1316540 1118.5
1316550 1115.0
1316560 1110.1
1316570 1110.1
1316580 1104.2
1316590 1098.6
1316600 1098.6
1316610 1092.7
1316620 1086.8
1316630 1086.8
1316640 1081.5
1316650 1077.2
1316660 1077.2
1316670 1073.2
1316680 1068.8
1316690 1068.8
1316700 1063.7
1316710 1058.5
1316720 1058.5
1316730 1053.5
1316740 1049.4
1316750 1049.4
1316760 1045.6
1316770 1041.7
1316780 1036.3
1316790 1036.3
1316800 1030.7
1316810 1025.2
1316820 1025.2
1316830 1019.6
1316840 1014.1
1316850 1014.1
1316860 1009.4
1316870 1005.7
1316880 1005.7
1316890 1001.9
1316900 997.6
1316910 997.6
1316920 994.9
1316930 989.1
1316940 989.1
1316950 983.0
1316960 975.3
1316970 975.3
1316980 969.9
1316990 968.2
1317000 968.2
1317010 965.2
1317020 965.5
1317030 956.7
1317040 960.2
1317050 958.9
1317060 955.6
1317070 955.6
1317080 952.4
1317090 949.1
1317100 949.1
1317110 944.5
1317120 939.5
1317130 939.5
1317140 935.4
1317150 931.0
1317160 931.0
1317170 926.3
1317180 917.3
1317190 917.3
1317200 908.5
1317210 905.6
1317220 905.6
1317230 909.1
1317240 910.8
1317250 910.8
1317260 908.8
1317270 906.4
1317280 906.4
1317290 904.2
1317300 901.8
1317310 901.8
1317320 899.2
1317330 896.3
1317340 892.5
1317350 892.5
1317360 888.3
1317370 883.8
1317380 883.8
1317390 881.0
1317400 879.9
1317410 879.9
1317420 879.9
1317430 879.9
1317440 879.9
1317450 878.4
1317460 876.1
1317470 876.1
1317480 873.5
1317490 870.6
1317500 870.6
1317510 867.6
1317520 863.1
1317530 863.1
1317540 857.7
1317550 853.5
1317560 853.5
1317570 848.7
1317580 843.6
1317590 843.6
1317600 838.8
1317610 833.6
1317620 833.6
1317630 828.7
1317640 824.1
1317650 820.2
1317660 820.2
1317670 817.4
1317680 814.1
1317690 814.1
1317700 812.1
1317710 809.9
1317720 809.9
1317730 806.5
1317740 802.7
1317750 802.7
1317760 798.3
1317770 793.3
1317780 793.3
1317790 788.3
1317800 781.7
1317810 781.7
1317820 777.3
1317830 773.5
1317840 773.5
1317850 768.3
1317860 764.7
1317870 764.7
1317880 762.3
1317890 759.8
1317900 759.8
1317910 757.6
1317920 755.6
1317930 753.2
1317940 753.2
1317950 751.2
1317960 749.1
1317970 749.1
1317980 747.4
1317990 745.6
1318000 745.6
1318010 743.4
1318020 739.9
1318030 739.9
1318040 736.1
1318050 732.6
1318060 732.6
1318070 730.0
1318080 728.0
1318090 728.0
1318100 726.3
1318110 724.7
1318120 724.7
1318130 723.1
1318140 720.8
1318150 720.8
1318160 718.9
1318170 715.5
1318180 715.5
1318190 714.0
1318200 710.8
1318210 708.4
1318220 708.4
1318230 704.8
1318240 701.5
1318250 701.5
1318260 698.4
1318270 695.7
1318280 695.7
1318290 694.2
1318300 693.1
1318310 693.1
1318320 691.9
1318330 691.1
1318340 691.1
1318350 690.5
1318360 690.0
1318370 690.0
1318380 689.6
1318390 689.4
1318400 689.4
1318410 689.3
1318420 689.2
1318430 689.2
1318440 689.4
1318450 689.7
1318460 689.7
1318470 691.0
1318480 691.9
1318490 691.9
1318500 691.9
1318510 691.5
1318520 690.4
1318530 690.4
1318540 688.9
1318550 687.4
1318560 686.6
1318570 684.8
1318580 682.7
1318590 682.7
1318600 680.0
1318610 677.0
1318620 677.0
1318630 675.2
1318640 673.3
1318650 673.3
1318660 670.1
1318670 667.7
1318680 667.7
1318690 665.6
1318700 663.4
1318710 663.4
1318720 661.4
1318730 659.8
1318740 659.8
1318750 658.3
1318760 656.4
1318770 653.8
1318780 653.8
1318790 650.1
1318800 646.0
1318810 646.0
1318820 642.1
1318830 638.3
1318840 638.3
1318850 634.9
1318860 630.5
1318870 630.5
1318880 626.4
1318890 621.1
1318900 621.1
1318910 615.1
1318920 609.6
1318930 609.6
1318940 603.8
1318950 598.1
1318960 598.1
1318970 592.5
1318980 586.5
1318990 586.5
1319000 580.6
1319010 575.2
1319020 575.2
1319030 570.0
1319040 565.5
1319050 565.5
1319060 561.2
1319070 556.8
1319080 553.0
1319090 553.0
1319100 549.9
1319110 547.2
1319120 547.2
1319130 545.2
1319140 543.2
1319150 543.2
1319160 540.7
1319170 538.0
1319180 538.0
1319190 535.2
1319200 533.6
1319210 533.6
1319220 532.3
1319230 531.6
1319240 531.6
1319250 531.8
1319260 531.8
1319270 531.8
1319280 531.4
1319290 531.6
1319300 531.6
1319310 531.7
1319320 531.8
1319330 532.1
1319340 531.7
1319350 531.4
1319360 531.2
1319370 531.2
1319380 531.2
1319390 531.2
1319400 531.2
1319410 532.2
1319420 532.3
1319430 532.3
1319440 532.1
1319450 530.8
1319460 530.8
1319470 530.7
1319480 530.7
1319490 530.7
1319500 530.6
1319510 530.4
1319520 530.4
1319530 530.3
1319540 530.1
1319550 530.1
1319560 529.9
1319570 529.8
1319580 529.8
1319590 529.8
1319600 529.8
1319610 529.8
1319620 529.8
1319630 529.8
1319640 529.8
1319650 529.8
1319660 529.8
1319670 529.7
1319680 529.7
1319690 529.8
1319700 529.8
1319710 529.8
1319720 529.8
1319730 529.8
1319740 529.8
1319750 529.8
1319760 529.8
1319770 529.8
1319780 529.9
1319790 530.0
1319800 530.0
1319810 529.8
1319820 529.5
1319830 529.5
1319840 529.8
1319850 529.9
1319860 529.9
1319870 529.9
1319880 530.0
1319890 530.0
1319900 530.1
1319910 530.0
1319920 529.9
1319930 529.9
1319940 529.9
1319950 530.1
1319960 530.1
1319970 530.0
1319980 530.0
1319990 530.0
