1300000 868.1
1300010 871.5
1300020 871.5
1300030 875.8
1300040 875.0
1300050 875.0
1300060 870.0
1300070 863.8
1300080 863.8
1300090 857.3
1300100 851.3
1300110 851.3
1300120 845.4
1300130 839.5
1300140 833.5
1300150 833.5
1300160 827.4
1300170 820.9
1300180 820.9
1300190 814.7
1300200 809.5
1300210 809.5
1300220 803.2
1300230 796.9
1300240 796.9
1300250 791.6
1300260 789.5
1300270 789.5
1300280 787.3
1300290 785.3
1300300 785.3
1300310 783.1
1300320 781.3
1300330 781.3
1300340 780.0
1300350 778.6
1300360 778.6
1300370 776.9
1300380 775.0
1300390 775.0
1300400 773.2
1300410 771.3
1300420 769.1
1300430 769.1
1300440 767.2
1300450 764.6
1300460 764.6
1300470 761.9
1300480 759.4
1300490 759.4
1300500 756.9
1300510 754.6
1300520 754.6
1300530 752.5
1300540 750.7
1300550 750.7
1300560 749.0
1300570 747.0
1300580 747.0
1300590 744.6
1300600 742.3
1300610 742.3
1300620 739.9
1300630 737.8
1300640 737.8
1300650 735.5
1300660 732.7
1300670 732.7
1300680 730.3
1300690 728.1
1300700 726.1
1300710 726.1
1300720 724.0
1300730 721.7
1300740 721.7
1300750 719.5
1300760 717.4
1300770 717.4
1300780 715.8
1300790 714.1
1300800 714.1
1300810 712.2
1300820 709.8
1300830 709.8
1300840 707.5
1300850 705.2
1300860 705.2
1300870 703.6
1300880 701.8
1300890 700.6
1300900 698.7
1300910 696.0
1300920 696.0
1300930 694.7
1300940 693.7
1300950 693.7
1300960 693.2
1300970 691.2
1300980 687.9
1300990 687.9
1301000 685.9
1301010 684.7
1301020 684.7
1301030 682.5
1301040 680.7
1301050 680.7
1301060 679.0
1301070 676.9
1301080 676.9
1301090 674.0
1301100 672.1
1301110 672.1
1301120 671.4
1301130 670.4
1301140 670.4
1301150 668.2
1301160 665.7
1301170 665.7
1301180 664.4
1301190 661.9
1301200 661.9
1301210 659.8
1301220 658.0
1301230 658.0
1301240 656.3
1301250 654.9
1301260 654.9
1301270 653.3
1301280 650.6
1301290 648.4
1301300 648.4
1301310 646.9
1301320 645.4
1301330 645.4
1301340 643.9
1301350 642.2
1301360 642.2
1301370 640.3
1301380 638.4
1301390 638.4
1301400 636.6
1301410 635.0
1301420 635.0
1301430 633.4
1301440 631.9
1301450 631.9
1301460 630.6
1301470 629.5
1301480 629.5
1301490 628.5
1301500 627.6
1301510 627.6
1301520 626.6
1301530 625.7
1301540 625.7
1301550 624.7
1301560 623.8
1301570 622.8
1301580 622.8
1301590 621.1
1301600 619.3
1301610 619.3
1301620 616.6
1301630 614.8
1301640 614.8
1301650 613.5
1301660 612.2
1301670 612.2
1301680 610.8
1301690 609.4
1301700 609.4
1301710 608.8
1301720 607.1
1301730 607.1
1301740 604.9
1301750 603.4
1301760 603.4
1301770 601.9
1301780 599.4
1301790 599.4
1301800 596.5
1301810 596.0
1301820 596.0
1301830 594.0
1301840 592.5
1301850 592.3
1301860 592.3
1301870 591.4
1301880 590.2
1301890 590.2
1301900 588.8
1301910 588.2
1301920 588.2
1301930 588.1
1301940 588.0
1301950 588.0
1301960 587.9
1301970 587.0
1301980 587.0
1301990 586.1
1302000 583.9
1302010 583.9
1302020 582.6
1302030 581.5
1302040 581.5
1302050 578.7
1302060 575.9
1302070 575.9
1302080 575.0
1302090 574.7
1302100 574.7
1302110 574.7
1302120 574.7
1302130 574.5
1302140 574.5
1302150 573.1
1302160 569.9
1302170 569.9
1302180 567.9
1302190 567.4
1302200 567.4
1302210 566.7
1302220 565.9
1302230 565.9
1302240 565.5
1302250 564.1
1302260 564.1
1302270 562.4
1302280 560.8
1302290 560.1
1302300 558.3
1302310 557.3
1302320 557.3
1302330 555.9
1302340 553.5
1302350 553.5
1302360 552.0
1302370 551.6
1302380 551.6
1302390 551.5
1302400 548.9
1302410 548.9
1302420 543.5
1302430 540.8
1302440 540.4
1302450 540.4
1302460 540.3
1302470 539.9
1302480 539.9
1302490 539.9
1302500 540.4
1302510 540.4
1302520 539.1
1302530 536.4
1302540 536.4
1302550 535.6
1302560 535.4
1302570 535.4
1302580 535.3
1302590 535.1
1302600 535.1
1302610 535.0
1302620 535.0
1302630 535.0
1302640 535.0
1302650 534.8
1302660 534.8
1302670 534.5
1302680 534.6
1302690 534.6
1302700 534.7
1302710 534.9
1302720 535.5
1302730 535.5
1302740 537.5
1302750 541.5
1302760 541.5
1302770 543.4
1302780 540.8
1302790 540.8
1302800 537.8
1302810 537.2
1302820 537.2
1302830 537.5
1302840 535.6
1302850 535.6
1302860 534.7
1302870 534.7
1302880 534.7
1302890 534.6
1302900 534.7
1302910 534.7
1302920 534.7
1302930 534.4
1302940 534.4
1302950 534.4
1302960 534.5
1302970 534.5
1302980 534.6
1302990 534.8
1303000 534.8
1303010 534.8
1303020 535.0
1303030 535.2
1303040 535.2
1303050 535.3
1303060 535.4
1303070 535.4
1303080 535.5
1303090 535.5
1303100 535.5
1303110 535.6
1303120 535.8
1303130 535.8
1303140 536.0
1303150 536.0
1303160 536.0
1303170 535.4
1303180 535.4
1303190 535.4
1303200 535.5
1303210 535.8
1303220 535.8
1303230 536.0
1303240 536.1
1303250 536.1
1303260 536.1
1303270 536.0
1303280 536.0
1303290 536.0
1303300 536.0
1303310 535.9
1303320 535.9
1303330 535.1
1303340 534.6
1303350 534.6
1303360 535.9
1303370 537.3
1303380 537.3
1303390 536.2
1303400 535.3
1303410 535.3
1303420 535.4
1303430 535.4
1303440 535.4
1303450 535.4
1303460 535.2
1303470 535.2
1303480 535.1
1303490 535.0
1303500 535.0
1303510 535.0
1303520 534.8
1303530 534.8
1303540 534.7
1303550 534.8
1303560 534.8
1303570 535.2
1303580 535.3
1303590 535.3
1303600 535.3
1303610 535.3
1303620 535.4
1303630 535.4
1303640 535.7
1303650 535.2
1303660 535.2
1303670 534.2
1303680 533.3
1303690 531.4
1303700 531.1
1303710 531.1
1303720 531.1
1303730 531.0
1303740 531.0
1303750 531.0
1303760 531.0
1303770 531.0
1303780 531.0
1303790 531.0
1303800 530.9
1303810 530.9
1303820 530.9
1303830 530.9
1303840 530.9
1303850 530.9
1303860 530.9
1303870 530.9
1303880 530.9
1303890 530.9
1303900 531.1
1303910 531.1
1303920 532.5
1303930 534.5
1303940 534.5
1303950 535.2
1303960 535.2
1303970 535.2
1303980 535.1
1303990 535.1
1304000 535.1
1304010 535.1
1304020 535.1
1304030 535.1
1304040 534.6
1304050 534.1
1304060 534.1
1304070 534.0
1304080 534.0
1304090 534.0
1304100 534.0
1304110 533.9
1304120 533.9
1304130 533.8
1304140 533.8
1304150 533.7
1304160 533.7
1304170 533.7
1304180 533.7
1304190 533.7
1304200 533.6
1304210 533.6
1304220 533.6
1304230 533.6
1304240 533.5
1304250 533.5
1304260 533.4
1304270 533.4
1304280 533.4
1304290 533.4
1304300 533.5
1304310 533.5
1304320 533.6
1304330 533.8
1304340 533.8
1304350 533.9
1304360 533.9
1304370 533.9
1304380 533.8
1304390 533.7
1304400 533.7
1304410 533.6
1304420 533.5
1304430 533.5
1304440 533.5
1304450 533.5
1304460 533.4
1304470 533.4
1304480 533.4
1304490 533.4
1304500 533.4
1304510 533.4
1304520 533.4
1304530 533.4
1304540 533.4
1304550 533.4
1304560 533.4
1304570 533.4
1304580 533.3
1304590 533.3
1304600 533.3
1304610 533.3
1304620 533.3
1304630 533.4
1304640 533.5
1304650 533.5
1304660 533.5
1304670 533.5
1304680 533.5
1304690 533.6
1304700 533.5
1304710 533.4
1304720 533.4
1304730 533.4
1304740 533.4
1304750 533.4
1304760 533.4
1304770 533.3
1304780 533.3
1304790 533.2
1304800 533.1
1304810 533.1
1304820 533.0
1304830 532.9
1304840 532.9
1304850 532.8
1304860 532.8
1304870 532.8
1304880 532.8
1304890 532.8
1304900 532.8
1304910 532.7
1304920 532.9
1304930 532.9
1304940 533.0
1304950 532.8
1304960 532.8
1304970 532.7
1304980 532.7
1304990 532.7
1305000 532.6
1305010 532.5
1305020 532.5
1305030 532.5
1305040 532.5
1305050 532.5
1305060 532.5
1305070 532.5
1305080 532.5
1305090 532.5
1305100 532.5
1305110 532.4
1305120 532.4
1305130 532.5
1305140 532.5
1305150 532.5
1305160 532.5
1305170 532.6
1305180 532.6
1305190 532.7
1305200 532.8
1305210 532.8
1305220 533.0
1305230 533.1
1305240 533.1
1305250 533.1
1305260 533.2
1305270 533.2
1305280 533.1
1305290 533.1
1305300 533.2
1305310 533.2
1305320 533.2
1305330 533.3
1305340 533.3
1305350 533.4
1305360 533.4
1305370 533.4
1305380 533.4
1305390 533.3
1305400 533.3
1305410 533.1
1305420 532.9
1305430 532.9
1305440 532.6
1305450 532.6
1305460 532.6
1305470 532.6
1305480 532.6
1305490 532.6
1305500 532.6
1305510 532.8
1305520 532.8
1305530 533.1
1305540 533.1
1305550 533.1
1305560 533.2
1305570 533.2
1305580 533.3
1305590 533.3
1305600 533.5
1305610 533.5
1305620 533.5
1305630 533.5
1305640 533.5
1305650 533.5
1305660 533.5
1305670 533.4
1305680 533.4
1305690 533.4
1305700 533.5
1305710 533.5
1305720 533.9
1305730 534.0
1305740 534.0
1305750 533.0
1305760 532.6
1305770 532.6
1305780 532.6
1305790 532.5
1305800 532.5
1305810 532.3
1305820 532.4
1305830 532.4
1305840 532.4
1305850 533.3
1305860 534.7
1305870 534.7
1305880 535.0
1305890 536.5
1305900 536.5
1305910 540.2
1305920 542.2
1305930 542.2
1305940 542.9
1305950 543.7
1305960 543.7
1305970 544.5
1305980 544.9
1305990 544.9
1306000 545.3
1306010 545.9
1306020 545.9
1306030 546.6
1306040 547.2
1306050 547.2
1306060 547.7
1306070 548.5
1306080 548.5
1306090 549.7
1306100 550.5
1306110 550.5
1306120 551.0
1306130 551.7
1306140 551.7
1306150 552.6
1306160 553.6
1306170 554.8
1306180 554.8
1306190 556.1
1306200 557.4
1306210 557.4
1306220 558.6
1306230 559.8
1306240 559.8
1306250 561.0
1306260 562.3
1306270 562.3
1306280 563.7
1306290 565.2
1306300 565.2
1306310 566.5
1306320 567.8
1306330 567.8
1306340 569.0
1306350 570.3
1306360 570.3
1306370 571.5
1306380 572.8
1306390 572.8
1306400 573.8
1306410 575.7
1306420 575.7
1306430 578.2
1306440 581.6
1306450 585.0
1306460 585.0
1306470 588.4
1306480 591.4
1306490 591.4
1306500 594.6
1306510 598.2
1306520 598.2
1306530 601.5
1306540 605.5
1306550 605.5
1306560 608.9
1306570 612.8
1306580 612.8
1306590 617.2
1306600 621.6
1306610 621.6
1306620 625.9
1306630 628.7
1306640 628.7
1306650 632.8
1306660 636.8
1306670 636.8
1306680 640.9
1306690 645.5
1306700 645.5
1306710 649.0
1306720 655.8
1306730 661.7
1306740 661.7
1306750 665.6
1306760 668.0
1306770 668.0
1306780 669.6
1306790 671.5
1306800 671.5
1306810 676.0
1306820 682.1
1306830 682.1
1306840 687.2
1306850 691.0
1306860 691.0
1306870 697.8
1306880 707.3
1306890 707.3
1306900 715.6
1306910 721.0
1306920 721.0
1306930 722.2
1306940 721.7
1306950 721.7
1306960 721.6
1306970 721.8
1306980 721.8
1306990 722.7
1307000 725.7
1307010 730.9
1307020 730.9
1307030 736.3
1307040 743.3
1307050 743.3
1307060 749.7
1307070 751.5
1307080 751.5
1307090 751.8
1307100 752.0
1307110 752.0
1307120 752.1
1307130 752.5
1307140 752.5
1307150 752.8
1307160 752.1
1307170 752.1
1307180 748.1
1307190 744.0
1307200 744.0
1307210 741.2
1307220 740.4
1307230 740.4
1307240 741.5
1307250 747.4
1307260 747.4
1307270 750.2
1307280 755.0
1307290 759.2
1307300 759.2
1307310 763.2
1307320 767.5
1307330 767.5
1307340 772.8
1307350 777.9
1307360 777.9
1307370 783.6
1307380 787.9
1307390 787.9
1307400 790.8
1307410 793.2
1307420 793.2
1307430 795.4
1307440 797.8
1307450 797.8
1307460 800.4
1307470 802.8
1307480 802.8
1307490 804.3
1307500 805.8
1307510 805.8
1307520 810.5
1307530 817.6
1307540 817.6
1307550 821.8
1307560 825.2
1307570 825.2
1307580 829.1
1307590 833.0
1307600 836.3
1307610 836.3
1307620 839.3
1307630 841.9
1307640 841.9
1307650 844.9
1307660 848.5
1307670 848.5
1307680 851.1
1307690 852.0
1307700 852.0
1307710 854.1
1307720 857.3
1307730 857.3
1307740 860.0
1307750 862.5
1307760 862.5
1307770 864.9
1307780 867.3
1307790 867.3
1307800 870.2
1307810 873.8
1307820 873.8
1307830 877.4
1307840 880.1
1307850 880.1
1307860 883.4
1307870 886.9
1307880 889.9
1307890 889.9
1307900 892.9
1307910 897.3
1307920 897.3
1307930 901.6
1307940 905.9
1307950 905.9
1307960 910.6
1307970 918.5
1307980 918.5
1307990 922.5
1308000 926.6
1308010 926.6
1308020 930.7
1308030 935.2
1308040 935.2
1308050 939.5
1308060 944.0
1308070 944.0
1308080 948.6
1308090 953.5
1308100 953.5
1308110 958.7
1308120 964.4
1308130 964.4
1308140 970.6
1308150 976.9
1308160 982.9
1308170 982.9
1308180 989.1
1308190 995.5
1308200 995.5
1308210 1000.8
1308220 1004.8
1308230 1004.8
1308240 1008.9
1308250 1012.8
1308260 1012.8
1308270 1016.5
1308280 1020.2
1308290 1020.2
1308300 1023.9
1308310 1027.4
1308320 1027.4
1308330 1030.5
1308340 1034.3
1308350 1034.3
1308360 1038.8
1308370 1043.1
1308380 1043.1
1308390 1047.2
1308400 1051.2
1308410 1051.2
1308420 1055.5
1308430 1060.4
1308440 1064.8
1308450 1064.8
1308460 1068.7
1308470 1073.8
1308480 1073.8
1308490 1079.9
1308500 1087.0
1308510 1087.0
1308520 1095.1
1308530 1102.8
1308540 1102.8
1308550 1106.4
1308560 1107.7
1308570 1107.7
1308580 1106.9
1308590 1104.5
1308600 1104.5
1308610 1101.4
1308620 1098.4
1308630 1098.4
1308640 1096.2
1308650 1094.8
1308660 1094.8
1308670 1094.0
1308680 1094.2
1308690 1094.2
1308700 1100.6
1308710 1101.3
1308720 1101.3
1308730 1101.1
1308740 1100.2
1308750 1100.3
1308760 1100.3
1308770 1100.4
1308780 1100.5
1308790 1100.5
1308800 1100.7
1308810 1100.2
1308820 1100.2
1308830 1100.9
1308840 1102.4
1308850 1102.4
1308860 1103.5
1308870 1104.5
1308880 1104.5
1308890 1106.3
1308900 1107.7
1308910 1107.7
1308920 1107.6
1308930 1107.3
1308940 1107.3
1308950 1107.8
1308960 1108.3
1308970 1108.3
1308980 1109.1
1308990 1109.4
1309000 1109.4
1309010 1109.0
1309020 1108.0
1309030 1107.0
1309040 1107.0
1309050 1105.9
1309060 1105.1
1309070 1105.1
1309080 1104.6
1309090 1103.2
1309100 1103.2
1309110 1101.8
1309120 1100.4
1309130 1100.4
1309140 1098.4
1309150 1095.7
1309160 1095.7
1309170 1092.1
1309180 1090.0
1309190 1090.0
1309200 1086.0
1309210 1079.7
1309220 1079.7
1309230 1072.3
1309240 1064.7
1309250 1064.7
1309260 1058.6
1309270 1053.9
1309280 1053.9
1309290 1050.0
1309300 1046.8
1309310 1044.9
1309320 1044.9
1309330 1042.2
1309340 1039.6
1309350 1039.6
1309360 1036.6
1309370 1035.2
1309380 1035.2
1309390 1034.1
1309400 1033.5
1309410 1033.5
1309420 1037.3
1309430 1037.9
1309440 1037.9
1309450 1038.2
1309460 1037.7
1309470 1037.7
1309480 1036.8
1309490 1036.5
1309500 1036.5
1309510 1037.5
1309520 1037.4
1309530 1037.4
1309540 1035.9
1309550 1034.0
1309560 1034.0
1309570 1032.5
1309580 1031.5
1309590 1029.1
1309600 1029.1
1309610 1026.6
1309620 1024.7
1309630 1024.7
1309640 1021.2
1309650 1015.4
1309660 1015.4
1309670 1012.5
1309680 1013.3
1309690 1013.3
1309700 1013.8
1309710 1016.4
1309720 1016.4
1309730 1016.9
1309740 1014.9
1309750 1014.9
1309760 1011.5
1309770 1004.6
1309780 1004.6
1309790 996.6
1309800 989.0
1309810 989.0
1309820 981.9
1309830 976.8
1309840 976.8
1309850 971.2
1309860 965.0
1309870 958.6
1309880 958.6
1309890 951.7
1309900 945.2
1309910 945.2
1309920 936.1
1309930 931.6
1309940 931.6
1309950 940.7
1309960 949.6
1309970 949.6
1309980 957.5
1309990 965.8
1310000 965.8
1310010 974.4
1310020 983.1
1310030 983.1
1310040 990.8
1310050 996.7
1310060 996.7
1310070 1002.6
1310080 1008.6
1310090 1008.6
1310100 1014.4
1310110 1020.5
1310120 1020.5
1310130 1028.3
1310140 1035.1
1310150 1035.5
1310160 1041.5
1310170 1047.7
1310180 1053.8
1310190 1053.8
1310200 1058.4
1310210 1061.9
1310220 1061.9
1310230 1066.8
1310240 1071.3
1310250 1071.3
1310260 1075.1
1310270 1078.8
1310280 1078.8
1310290 1082.5
1310300 1085.8
1310310 1085.8
1310320 1089.3
1310330 1092.9
1310340 1092.9
1310350 1096.2
1310360 1100.5
1310370 1100.5
1310380 1105.0
1310390 1108.9
1310400 1108.9
1310410 1113.0
1310420 1117.4
1310430 1117.4
1310440 1121.0
1310450 1124.6
1310460 1127.8
1310470 1127.8
1310480 1131.5
1310490 1135.1
1310500 1135.1
1310510 1138.9
1310520 1142.8
1310530 1142.8
1310540 1147.8
1310550 1153.9
1310560 1153.9
1310570 1160.0
1310580 1165.8
1310590 1165.8
1310600 1170.9
1310610 1175.5
1310620 1175.5
1310630 1181.7
1310640 1189.2
1310650 1189.2
1310660 1194.8
1310670 1201.3
1310680 1201.3
1310690 1208.8
1310700 1210.0
1310710 1210.0
1310720 1210.2
1310730 1215.0
1310740 1220.6
1310750 1220.6
1310760 1225.8
1310770 1231.4
1310780 1231.4
1310790 1235.8
1310800 1241.6
1310810 1241.6
1310820 1248.7
1310830 1257.2
1310840 1257.2
1310850 1265.6
1310860 1271.6
1310870 1271.6
1310880 1281.9
1310890 1288.4
1310900 1288.4
1310910 1295.5
1310920 1300.6
1310930 1300.6
1310940 1307.0
1310950 1314.3
1310960 1314.3
1310970 1319.3
1310980 1322.2
1310990 1322.2
1311000 1324.3
1311010 1328.8
1311020 1333.7
1311030 1333.7
1311040 1336.8
1311050 1338.8
1311060 1338.8
1311070 1342.3
1311080 1347.2
1311090 1347.2
1311100 1350.5
1311110 1351.6
1311120 1351.6
1311130 1351.7
1311140 1349.9
1311150 1349.9
1311160 1347.4
1311170 1350.1
1311180 1350.1
1311190 1353.5
1311200 1357.7
1311210 1357.7
1311220 1361.7
1311230 1364.6
1311240 1364.6
1311250 1368.3
1311260 1371.5
1311270 1371.5
1311280 1375.0
1311290 1378.5
1311300 1378.5
1311310 1381.5
1311320 1383.2
1311330 1384.5
1311340 1384.5
1311350 1385.4
1311360 1386.0
1311370 1386.0
1311380 1386.4
1311390 1386.8
1311400 1386.8
1311410 1386.7
1311420 1386.3
1311430 1386.3
1311440 1385.3
1311450 1383.8
1311460 1383.8
1311470 1383.1
1311480 1381.6
1311490 1381.6
1311500 1378.9
1311510 1377.3
1311520 1377.3
1311530 1377.1
1311540 1377.7
1311550 1377.7
1311560 1376.3
1311570 1373.2
1311580 1373.2
1311590 1370.5
1311600 1373.9
1311610 1376.0
1311620 1381.3
1311630 1381.2
1311640 1379.4
1311650 1379.4
1311660 1374.1
1311670 1367.8
1311680 1367.8
1311690 1370.9
1311700 1377.9
1311710 1377.9
1311720 1382.8
1311730 1385.7
1311740 1385.7
1311750 1389.0
1311760 1390.8
1311770 1390.8
1311780 1391.5
1311790 1392.9
1311800 1392.9
1311810 1394.6
1311820 1396.1
1311830 1396.1
1311840 1399.0
1311850 1402.2
1311860 1402.2
1311870 1404.3
1311880 1406.2
1311890 1408.2
1311900 1408.2
1311910 1408.7
1311920 1406.5
1311930 1406.5
1311940 1403.8
1311950 1400.5
1311960 1400.5
1311970 1396.0
1311980 1391.1
1311990 1391.1
1312000 1386.3
1312010 1383.7
1312020 1383.7
1312030 1379.2
1312040 1374.9
1312050 1374.9
1312060 1376.6
1312070 1378.3
1312080 1378.3
1312090 1380.7
1312100 1382.7
1312110 1382.7
1312120 1386.3
1312130 1388.1
1312140 1388.1
1312150 1386.7
1312160 1386.3
1312170 1386.9
1312180 1386.9
1312190 1383.3
1312200 1383.0
1312210 1383.0
1312220 1384.8
1312230 1388.8
1312240 1388.8
1312250 1393.0
1312260 1397.1
1312270 1397.1
1312280 1400.7
1312290 1403.2
1312300 1403.2
1312310 1405.7
1312320 1408.5
1312330 1408.5
1312340 1412.9
1312350 1418.1
1312360 1421.9
1312370 1426.9
1312380 1432.4
1312390 1432.4
1312400 1437.0
1312410 1439.3
1312420 1439.3
1312430 1440.3
1312440 1441.9
1312450 1444.8
1312460 1444.8
1312470 1449.2
1312480 1454.7
1312490 1454.7
1312500 1460.3
1312510 1466.5
1312520 1466.5
1312530 1471.0
1312540 1475.3
1312550 1475.3
1312560 1480.6
1312570 1485.6
1312580 1485.6
1312590 1491.2
1312600 1495.1
1312610 1495.1
1312620 1498.1
1312630 1501.2
1312640 1501.2
1312650 1504.4
1312660 1506.8
1312670 1506.8
1312680 1508.9
1312690 1511.7
1312700 1511.7
1312710 1517.3
1312720 1522.2
1312730 1522.2
1312740 1525.1
1312750 1527.6
1312760 1531.5
1312770 1531.5
1312780 1536.2
1312790 1541.3
1312800 1541.3
1312810 1545.8
1312820 1550.0
1312830 1550.0
1312840 1553.1
1312850 1556.1
1312860 1556.1
1312870 1559.1
1312880 1563.7
1312890 1563.7
1312900 1571.2
1312910 1578.2
1312920 1578.2
1312930 1584.0
1312940 1588.9
1312950 1588.9
1312960 1593.7
1312970 1597.9
1312980 1597.9
1312990 1600.2
1313000 1601.6
1313010 1601.6
1313020 1603.8
1313030 1607.4
1313040 1612.8
1313050 1612.8
1313060 1619.4
1313070 1626.3
1313080 1626.3
1313090 1635.4
1313100 1642.9
1313110 1642.9
1313120 1645.3
1313130 1644.8
1313140 1644.8
1313150 1642.6
1313160 1639.8
1313170 1639.8
1313180 1638.5
1313190 1638.0
1313200 1638.0
1313210 1636.8
1313220 1634.1
1313230 1634.1
1313240 1630.1
1313250 1627.3
1313260 1627.3
1313270 1624.6
1313280 1621.9
1313290 1621.9
1313300 1619.8
1313310 1616.8
1313320 1613.4
1313330 1613.4
1313340 1610.3
1313350 1607.7
1313360 1607.7
1313370 1605.5
1313380 1603.0
1313390 1603.0
1313400 1600.2
1313410 1596.8
1313420 1596.8
1313430 1592.5
1313440 1587.9
1313450 1587.9
1313460 1583.2
1313470 1578.9
1313480 1578.9
1313490 1574.9
1313500 1570.8
1313510 1570.8
1313520 1566.8
1313530 1562.8
1313540 1562.8
1313550 1558.7
1313560 1554.3
1313570 1554.3
1313580 1549.3
1313590 1544.7
1313600 1539.0
1313610 1539.0
1313620 1532.9
1313630 1529.7
1313640 1529.7
1313650 1525.6
1313660 1521.9
1313670 1521.9
1313680 1517.9
1313690 1513.3
1313700 1513.3
1313710 1508.8
1313720 1504.4
1313730 1504.4
1313740 1500.0
1313750 1495.5
1313760 1495.5
1313770 1489.5
1313780 1482.4
1313790 1482.4
1313800 1474.7
1313810 1467.3
1313820 1467.3
1313830 1459.9
1313840 1454.7
1313850 1454.7
1313860 1448.1
1313870 1441.7
1313880 1441.7
1313890 1435.0
1313900 1429.2
1313910 1427.7
1313920 1427.7
1313930 1431.4
1313940 1434.4
1313950 1434.4
1313960 1436.7
1313970 1438.0
1313980 1438.0
1313990 1437.0
1314000 1434.7
1314010 1434.7
1314020 1431.1
1314030 1427.5
1314040 1427.5
1314050 1423.3
1314060 1418.2
1314070 1418.2
1314080 1414.4
1314090 1410.5
1314100 1410.5
1314110 1406.5
1314120 1402.5
1314130 1402.5
1314140 1397.9
1314150 1393.2
1314160 1393.2
1314170 1386.5
1314180 1379.7
1314190 1374.5
1314200 1374.5
1314210 1368.0
1314220 1362.0
1314230 1362.0
1314240 1357.2
1314250 1355.8
1314260 1355.8
1314270 1354.9
1314280 1352.8
1314290 1352.8
1314300 1347.0
1314310 1339.8
1314320 1339.8
1314330 1333.7
1314340 1328.8
1314350 1328.8
1314360 1324.8
1314370 1320.2
1314380 1320.2
1314390 1312.9
1314400 1307.0
1314410 1307.0
1314420 1303.3
1314430 1299.0
1314440 1299.0
1314450 1294.6
1314460 1288.8
1314470 1284.6
1314480 1284.6
1314490 1282.1
1314500 1283.6
1314510 1283.6
1314520 1287.1
1314530 1292.4
1314540 1292.4
1314550 1299.0
1314560 1304.7
1314570 1304.7
1314580 1310.5
1314590 1319.2
1314600 1319.2
1314610 1325.5
1314620 1332.3
1314630 1332.3
1314640 1337.3
1314650 1339.0
1314660 1339.0
1314670 1340.7
1314680 1341.9
1314690 1341.9
1314700 1343.2
1314710 1345.4
1314720 1345.4
1314730 1347.1
1314740 1348.0
1314750 1348.5
1314760 1348.5
1314770 1348.9
1314780 1349.9
1314790 1349.9
1314800 1351.5
1314810 1353.2
1314820 1353.2
1314830 1354.7
1314840 1356.0
1314850 1356.0
1314860 1357.2
1314870 1358.9
1314880 1358.9
1314890 1360.7
1314900 1361.5
1314910 1361.5
1314920 1361.5
1314930 1361.5
1314940 1361.5
1314950 1361.3
1314960 1361.0
1314970 1361.0
1314980 1360.8
1314990 1361.7
1315000 1361.7
1315010 1363.0
1315020 1365.2
1315030 1367.4
1315040 1367.4
1315050 1368.2
1315060 1367.9
1315070 1367.9
1315080 1368.3
1315090 1370.8
1315100 1370.8
1315110 1375.3
1315120 1380.7
1315130 1380.7
1315140 1386.4
1315150 1392.1
1315160 1392.1
1315170 1397.5
1315180 1402.6
1315190 1402.6
1315200 1407.2
1315210 1410.4
1315220 1410.4
1315230 1412.4
1315240 1412.6
1315250 1412.6
1315260 1409.4
1315270 1404.3
1315280 1404.3
1315290 1399.3
1315300 1393.9
1315310 1393.9
1315320 1390.1
1315330 1383.9
1315340 1376.9
1315350 1376.9
1315360 1370.9
1315370 1365.4
1315380 1365.4
1315390 1359.7
1315400 1353.5
1315410 1353.5
1315420 1347.4
1315430 1341.0
1315440 1341.0
1315450 1334.9
1315460 1329.7
1315470 1329.7
1315480 1325.0
1315490 1321.1
1315500 1321.1
1315510 1319.0
1315520 1316.7
1315530 1316.7
1315540 1312.8
1315550 1307.9
1315560 1307.9
1315570 1304.3
1315580 1303.4
1315590 1303.4
1315600 1302.1
1315610 1300.7
1315620 1298.6
1315630 1298.6
1315640 1296.0
1315650 1292.2
1315660 1292.2
1315670 1287.7
1315680 1282.0
1315690 1282.0
1315700 1277.9
1315710 1275.1
1315720 1275.1
1315730 1273.0
1315740 1270.8
1315750 1270.8
1315760 1268.8
1315770 1265.9
1315780 1265.9
1315790 1261.6
1315800 1258.8
1315810 1258.8
1315820 1257.6
1315830 1256.8
1315840 1256.8
1315850 1255.2
1315860 1253.1
1315870 1253.1
1315880 1250.6
1315890 1247.9
1315900 1244.3
1315910 1244.3
1315920 1240.2
1315930 1234.8
1315940 1234.8
1315950 1229.7
1315960 1224.5
1315970 1224.5
1315980 1220.6
1315990 1218.4
1316000 1218.4
1316010 1214.1
1316020 1210.8
1316030 1210.8
1316040 1209.1
1316050 1206.8
1316060 1206.8
1316070 1203.0
1316080 1199.6
1316090 1199.6
1316100 1194.3
1316110 1189.9
1316120 1189.9
1316130 1186.0
1316140 1181.1
1316150 1181.1
1316160 1174.7
1316170 1169.0
1316180 1165.9
1316190 1165.9
1316200 1162.6
1316210 1158.1
1316220 1158.1
1316230 1152.8
1316240 1146.9
1316250 1146.9
1316260 1141.6
1316270 1135.9
1316280 1135.9
1316290 1130.1
1316300 1124.6
1316310 1124.6
1316320 1120.4
1316330 1116.5
1316340 1116.5
1316350 1114.0
1316360 1111.2
1316370 1111.2
1316380 1106.9
1316390 1102.6
1316400 1102.6
1316410 1098.7
1316420 1094.9
1316430 1094.9
1316440 1091.2
1316450 1087.1
1316460 1087.1
1316470 1082.6
1316480 1077.9
1316490 1072.7
1316500 1072.7
1316510 1067.2
1316520 1060.7
1316530 1060.7
1316540 1054.2
1316550 1048.6
1316560 1048.6
1316570 1045.0
1316580 1043.0
1316590 1043.0
1316600 1042.1
1316610 1042.2
1316620 1042.2
1316630 1042.5
1316640 1042.0
1316650 1042.0
1316660 1040.7
1316670 1038.3
1316680 1038.3
1316690 1035.1
1316700 1031.1
1316710 1031.1
1316720 1026.6
1316730 1021.6
1316740 1021.6
1316750 1016.5
1316760 1012.1
1316770 1008.2
1316780 1008.2
1316790 1004.2
1316800 999.6
1316810 999.6
1316820 992.9
1316830 985.7
1316840 985.7
1316850 978.8
1316860 969.8
1316870 969.8
1316880 964.7
1316890 959.8
1316900 959.8
1316910 955.0
1316920 950.8
1316930 950.8
1316940 947.4
1316950 944.1
1316960 944.1
1316970 940.7
1316980 936.8
1316990 936.8
1317000 933.0
1317010 929.9
1317020 929.9
1317030 927.2
1317040 924.2
1317050 920.2
1317060 920.2
1317070 914.0
1317080 907.0
1317090 907.0
1317100 902.1
1317110 897.5
1317120 897.5
1317130 893.3
1317140 890.8
1317150 890.8
1317160 886.7
1317170 881.3
1317180 881.3
1317190 875.1
1317200 868.6
1317210 868.6
1317220 862.9
1317230 857.2
1317240 857.2
1317250 851.7
1317260 846.9
1317270 846.9
1317280 843.1
1317290 841.5
1317300 841.5
1317310 840.5
1317320 838.8
1317330 837.6
1317340 837.6
1317350 837.1
1317360 835.5
1317370 835.5
1317380 833.2
1317390 829.7
1317400 829.7
1317410 825.3
1317420 820.6
1317430 820.6
1317440 815.9
1317450 810.0
1317460 810.0
1317470 803.7
1317480 798.5
1317490 798.5
1317500 795.4
1317510 795.5
1317520 795.5
1317530 795.1
1317540 794.2
1317550 794.2
1317560 793.0
1317570 792.8
1317580 792.8
1317590 792.1
1317600 791.0
1317610 790.9
1317620 785.5
1317630 784.8
1317640 784.2
1317650 784.2
1317660 783.5
1317670 782.7
1317680 782.7
1317690 781.5
1317700 779.3
1317710 779.3
1317720 776.1
1317730 773.3
1317740 773.3
1317750 771.0
1317760 768.6
1317770 768.6
1317780 766.0
1317790 763.5
1317800 763.5
1317810 761.1
1317820 758.4
1317830 758.4
1317840 755.6
1317850 754.2
1317860 754.2
1317870 752.3
1317880 750.3
1317890 750.3
1317900 747.2
1317910 744.7
1317920 742.6
1317930 742.6
1317940 739.3
1317950 735.7
1317960 735.7
1317970 733.1
1317980 730.8
1317990 730.8
1318000 728.3
1318010 726.7
1318020 726.7
1318030 725.0
1318040 723.6
1318050 723.6
1318060 721.3
1318070 718.7
1318080 718.7
1318090 716.5
1318100 714.2
1318110 714.2
1318120 711.9
1318130 709.6
1318140 709.6
1318150 707.5
1318160 705.4
1318170 705.4
1318180 703.5
1318190 701.7
1318200 699.8
1318210 699.8
1318220 698.4
1318230 697.2
1318240 697.2
1318250 695.9
1318260 694.6
1318270 694.6
1318280 693.5
1318290 692.5
1318300 692.5
1318310 691.7
1318320 691.0
1318330 691.0
1318340 690.2
1318350 689.3
1318360 689.3
1318370 688.1
1318380 686.9
1318390 687.2
1318400 686.0
1318410 684.9
1318420 684.9
1318430 683.6
1318440 682.5
1318450 682.5
1318460 681.5
1318470 680.0
1318480 678.5
1318490 678.5
1318500 676.8
1318510 675.0
1318520 675.0
1318530 673.2
1318540 671.3
1318550 671.3
1318560 669.8
1318570 668.2
1318580 668.2
1318590 666.3
1318600 664.2
1318610 664.2
1318620 662.2
1318630 659.9
1318640 659.9
1318650 658.0
1318660 655.8
1318670 655.8
1318680 654.3
1318690 651.7
1318700 651.7
1318710 649.4
1318720 647.4
1318730 647.4
1318740 645.2
1318750 642.8
1318760 639.7
1318770 639.7
1318780 636.4
1318790 632.6
1318800 632.6
1318810 629.2
1318820 626.4
1318830 626.4
1318840 623.6
1318850 620.8
1318860 620.8
1318870 617.9
1318880 614.7
1318890 614.7
1318900 610.9
1318910 606.1
1318920 606.1
1318930 600.8
1318940 595.7
1318950 595.7
1318960 590.9
1318970 586.4
1318980 586.4
1318990 582.4
1319000 578.2
1319010 578.2
1319020 573.5
1319030 568.9
1319040 565.4
1319050 565.4
1319060 561.9
1319070 558.4
1319080 558.4
1319090 555.1
1319100 551.6
1319110 551.6
1319120 547.6
1319130 544.5
1319140 544.5
1319150 541.9
1319160 540.3
1319170 540.3
1319180 539.0
1319190 537.6
1319200 537.6
1319210 535.3
1319220 534.0
1319230 534.0
1319240 533.1
1319250 532.4
1319260 532.4
1319270 531.9
1319280 531.7
1319290 531.7
1319300 531.5
1319310 531.5
1319320 531.5
1319330 531.5
1319340 531.4
1319350 531.4
1319360 531.4
1319370 531.7
1319380 532.5
1319390 532.5
1319400 533.2
1319410 532.6
1319420 532.6
1319430 531.5
1319440 531.4
1319450 531.4
1319460 531.3
1319470 531.2
1319480 531.2
1319490 531.2
1319500 531.1
1319510 531.1
1319520 531.1
1319530 531.0
1319540 531.0
1319550 531.0
1319560 530.9
1319570 530.9
1319580 530.9
1319590 530.8
1319600 530.8
1319610 530.8
1319620 530.7
1319630 530.5
1319640 530.5
1319650 530.5
1319660 530.4
1319670 530.4
1319680 530.6
1319690 530.3
1319700 530.3
1319710 530.3
1319720 530.2
1319730 530.2
1319740 530.2
1319750 530.2
1319760 530.2
1319770 530.2
1319780 530.2
1319790 530.2
1319800 530.2
1319810 530.2
1319820 530.2
1319830 530.2
1319840 530.3
1319850 530.3
1319860 530.0
1319870 530.1
1319880 530.1
1319890 530.3
1319900 530.3
1319910 530.3
1319920 530.3
1319930 530.4
1319940 530.4
1319950 530.4
1319960 530.4
1319970 530.4
1319980 530.4
1319990 530.3
