1300000 1254.9
1300010 1254.9
1300020 1251.2
1300030 1246.7
1300040 1243.3
1300050 1243.3
1300060 1238.5
1300070 1232.7
1300080 1232.7
1300090 1220.4
1300100 1213.1
1300110 1213.1
1300120 1204.9
1300130 1196.0
1300140 1196.0
1300150 1188.0
1300160 1181.9
1300170 1181.9
1300180 1175.7
1300190 1168.5
1300200 1168.5
1300210 1160.2
1300220 1152.5
1300230 1152.5
1300240 1145.1
1300250 1138.3
1300260 1138.3
1300270 1131.5
1300280 1125.1
1300290 1125.1
1300300 1120.6
1300310 1117.3
1300320 1113.4
1300330 1113.4
1300340 1109.0
1300350 1103.9
1300360 1103.9
1300370 1098.6
1300380 1094.3
1300390 1094.3
1300400 1090.5
1300410 1087.9
1300420 1087.9
1300430 1085.1
1300440 1081.8
1300450 1081.8
1300460 1077.8
1300470 1073.4
1300480 1073.4
1300490 1069.1
1300500 1065.3
1300510 1065.3
1300520 1060.2
1300530 1053.0
1300540 1053.0
1300550 1044.2
1300560 1037.5
1300570 1037.5
1300580 1032.2
1300590 1027.0
1300600 1022.9
1300610 1022.9
1300620 1019.3
1300630 1015.4
1300640 1015.4
1300650 1011.6
1300660 1008.2
1300670 1008.2
1300680 1004.9
1300690 1001.7
1300700 1001.7
1300710 999.4
1300720 997.1
1300730 997.1
1300740 994.2
1300750 990.5
1300760 990.5
1300770 986.8
1300780 980.0
1300790 980.0
1300800 976.8
1300810 974.4
1300820 974.4
1300830 972.0
1300840 969.6
1300850 969.6
1300860 967.3
1300870 965.2
1300880 963.4
1300890 963.4
1300900 961.4
1300910 959.8
1300920 959.8
1300930 958.2
1300940 956.8
1300950 956.8
1300960 955.1
1300970 952.8
1300980 952.8
1300990 950.1
1301000 947.1
1301010 947.1
1301020 943.1
1301030 937.8
1301040 937.8
1301050 935.1
1301060 934.3
1301070 934.3
1301080 932.6
1301090 929.1
1301100 929.1
1301110 925.5
1301120 921.3
1301130 921.3
1301140 917.6
1301150 913.7
1301160 913.7
1301170 906.9
1301180 896.2
1301190 886.5
1301200 886.5
1301210 878.7
1301220 873.3
1301230 873.3
1301240 873.1
1301250 874.5
1301260 874.5
1301270 872.8
1301280 866.6
1301290 866.6
1301300 861.1
1301310 858.6
1301320 858.6
1301330 856.4
1301340 855.2
1301350 855.2
1301360 855.2
1301370 855.9
1301380 855.9
1301390 856.7
1301400 857.5
1301410 857.5
1301420 858.6
1301430 860.1
1301440 860.1
1301450 862.5
1301460 864.6
1301470 865.4
1301480 860.2
1301490 861.0
1301500 860.3
1301510 860.3
1301520 857.8
1301530 853.5
1301540 853.5
1301550 851.9
1301560 848.5
1301570 848.5
1301580 844.0
1301590 840.7
1301600 840.7
1301610 839.5
1301620 840.8
1301630 840.8
1301640 842.9
1301650 843.5
1301660 843.5
1301670 840.9
1301680 835.5
1301690 835.5
1301700 830.2
1301710 826.7
1301720 826.7
1301730 825.1
1301740 824.7
1301750 824.8
1301760 824.8
1301770 825.2
1301780 824.6
1301790 824.6
1301800 822.5
1301810 819.6
1301820 819.6
1301830 816.4
1301840 813.1
1301850 813.1
1301860 809.8
1301870 806.8
1301880 806.8
1301890 803.5
1301900 800.2
1301910 800.2
1301920 797.5
1301930 795.3
1301940 795.3
1301950 792.4
1301960 790.7
1301970 790.7
1301980 790.1
1301990 789.8
1302000 789.8
1302010 787.8
1302020 786.3
1302030 786.3
1302040 785.7
1302050 785.1
1302060 784.6
1302070 784.6
1302080 784.4
1302090 784.2
1302100 784.2
1302110 784.3
1302120 784.3
1302130 784.3
1302140 784.2
1302150 784.3
1302160 784.3
1302170 787.8
1302180 789.2
1302190 789.2
1302200 790.6
1302210 791.1
1302220 791.1
1302230 792.5
1302240 795.2
1302250 795.2
1302260 798.6
1302270 802.1
1302280 802.1
1302290 805.5
1302300 808.7
1302310 808.7
1302320 811.4
1302330 813.2
1302340 813.6
1302350 813.6
1302360 812.9
1302370 811.9
1302380 811.9
1302390 810.9
1302400 810.1
1302410 810.1
1302420 809.5
1302430 809.2
1302440 809.2
1302450 809.1
1302460 809.1
1302470 809.1
1302480 809.1
1302490 809.1
1302500 809.1
1302510 809.3
1302520 808.8
1302530 808.8
1302540 805.8
1302550 801.6
1302560 801.6
1302570 797.7
1302580 793.0
1302590 793.0
1302600 788.2
1302610 783.4
1302620 778.9
1302630 778.9
1302640 775.1
1302650 771.0
1302660 771.0
1302670 767.2
1302680 763.8
1302690 763.8
1302700 760.5
1302710 757.5
1302720 757.5
1302730 755.4
1302740 754.8
1302750 754.8
1302760 754.6
1302770 755.5
1302780 755.5
1302790 758.0
1302800 762.3
1302810 762.3
1302820 765.6
1302830 768.4
1302840 768.4
1302850 771.4
1302860 772.6
1302870 772.6
1302880 768.4
1302890 767.4
1302900 767.4
1302910 766.3
1302920 766.4
1302930 766.8
1302940 766.8
1302950 765.0
1302960 762.1
1302970 762.1
1302980 759.0
1302990 755.9
1303000 755.9
1303010 752.2
1303020 748.3
1303030 748.3
1303040 743.9
1303050 739.3
1303060 739.3
1303070 733.9
1303080 727.2
1303090 727.2
1303100 720.1
1303110 712.0
1303120 712.0
1303130 705.2
1303140 699.7
1303150 699.7
1303160 694.4
1303170 689.3
1303180 689.3
1303190 684.3
1303200 678.2
1303210 671.2
1303220 671.2
1303230 664.4
1303240 657.7
1303250 657.7
1303260 653.7
1303270 651.6
1303280 651.6
1303290 653.6
1303300 656.4
1303310 656.4
1303320 654.1
1303330 649.2
1303340 649.2
1303350 644.6
1303360 640.2
1303370 640.2
1303380 635.0
1303390 628.6
1303400 628.6
1303410 625.8
1303420 623.7
1303430 623.7
1303440 620.3
1303450 616.8
1303460 616.8
1303470 613.2
1303480 609.3
1303490 605.2
1303500 605.2
1303510 601.1
1303520 597.3
1303530 597.3
1303540 593.2
1303550 587.6
1303560 587.6
1303570 581.7
1303580 573.3
1303590 573.3
1303600 567.3
1303610 561.3
1303620 561.3
1303630 555.4
1303640 552.1
1303650 552.1
1303660 554.0
1303670 555.0
1303680 555.0
1303690 553.4
1303700 551.1
1303710 551.1
1303720 548.0
1303730 543.6
1303740 543.6
1303750 540.6
1303760 539.0
1303770 539.0
1303780 538.2
1303790 537.8
1303800 535.7
1303810 535.7
1303820 534.9
1303830 534.7
1303840 534.7
1303850 534.6
1303860 534.5
1303870 534.5
1303880 534.4
1303890 534.4
1303900 534.4
1303910 534.4
1303920 534.1
1303930 534.1
1303940 532.7
1303950 532.9
1303960 532.9
1303970 533.6
1303980 533.7
1303990 533.7
1304000 533.8
1304010 533.7
1304020 533.7
1304030 533.7
1304040 533.6
1304050 533.6
1304060 533.6
1304070 533.6
1304080 533.5
1304090 533.5
1304100 533.5
1304110 533.5
1304120 533.5
1304130 533.5
1304140 533.5
1304150 533.5
1304160 533.4
1304170 533.5
1304180 533.5
1304190 533.5
1304200 533.5
1304210 533.5
1304220 533.5
1304230 533.5
1304240 533.5
1304250 533.5
1304260 533.5
1304270 533.5
1304280 533.1
1304290 533.8
1304300 533.8
1304310 533.0
1304320 532.2
1304330 532.2
1304340 532.9
1304350 534.5
1304360 536.9
1304370 536.9
1304380 540.1
1304390 543.0
1304400 543.0
1304410 545.3
1304420 546.1
1304430 546.1
1304440 546.2
1304450 546.1
1304460 546.1
1304470 546.0
1304480 546.0
1304490 546.0
1304500 546.1
1304510 546.0
1304520 546.0
1304530 546.0
1304540 546.0
1304550 546.0
1304560 546.1
1304570 546.0
1304580 546.0
1304590 545.9
1304600 545.9
1304610 545.9
1304620 545.9
1304630 545.8
1304640 545.8
1304650 543.8
1304660 540.7
1304670 539.1
1304680 539.1
1304690 538.5
1304700 538.0
1304710 538.0
1304720 537.7
1304730 537.8
1304740 537.8
1304750 539.0
1304760 539.0
1304770 539.0
1304780 538.7
1304790 538.7
1304800 538.7
1304810 538.7
1304820 538.4
1304830 538.4
1304840 538.2
1304850 538.0
1304860 538.0
1304870 537.9
1304880 537.3
1304890 537.3
1304900 535.8
1304910 534.8
1304920 534.8
1304930 533.5
1304940 532.2
1304950 535.2
1304960 535.2
1304970 536.2
1304980 534.0
1304990 535.0
1305000 533.8
1305010 533.9
1305020 533.9
1305030 535.3
1305040 537.4
1305050 537.4
1305060 541.3
1305070 542.3
1305080 542.3
1305090 542.1
1305100 542.0
1305110 542.0
1305120 541.8
1305130 541.6
1305140 541.6
1305150 541.5
1305160 541.3
1305170 541.3
1305180 541.0
1305190 540.3
1305200 540.3
1305210 539.2
1305220 537.8
1305230 536.3
1305240 536.3
1305250 535.0
1305260 534.0
1305270 534.0
1305280 533.6
1305290 533.5
1305300 533.5
1305310 533.4
1305320 533.4
1305330 533.4
1305340 533.0
1305350 532.5
1305360 532.5
1305370 531.2
1305380 530.2
1305390 530.2
1305400 530.2
1305410 530.0
1305420 530.0
1305430 529.6
1305440 529.2
1305450 529.2
1305460 529.1
1305470 529.1
1305480 529.1
1305490 529.1
1305500 529.1
1305510 529.1
1305520 529.1
1305530 529.1
1305540 529.1
1305550 529.1
1305560 529.0
1305570 529.0
1305580 529.0
1305590 529.0
1305600 529.0
1305610 529.0
1305620 529.0
1305630 529.0
1305640 529.0
1305650 529.0
1305660 529.0
1305670 529.0
1305680 529.0
1305690 529.0
1305700 529.0
1305710 531.3
1305720 532.2
1305730 532.2
1305740 532.8
1305750 533.6
1305760 533.6
1305770 534.2
1305780 534.3
1305790 534.3
1305800 533.7
1305810 532.6
1305820 532.7
1305830 532.7
1305840 533.1
1305850 533.4
1305860 533.4
1305870 533.4
1305880 532.8
1305890 532.8
1305900 532.6
1305910 532.6
1305920 532.6
1305930 532.6
1305940 532.6
1305950 532.6
1305960 532.6
1305970 532.5
1305980 532.5
1305990 532.5
1306000 532.5
1306010 532.5
1306020 532.4
1306030 532.4
1306040 532.4
1306050 532.2
1306060 532.0
1306070 532.0
1306080 531.8
1306090 531.7
1306100 531.7
1306110 531.7
1306120 531.7
1306130 531.7
1306140 531.7
1306150 531.6
1306160 531.6
1306170 531.6
1306180 531.6
1306190 531.6
1306200 531.6
1306210 531.6
1306220 531.6
1306230 531.6
1306240 531.6
1306250 531.7
1306260 531.7
1306270 531.6
1306280 531.6
1306290 531.6
1306300 531.6
1306310 531.6
1306320 531.6
1306330 531.5
1306340 531.5
1306350 531.5
1306360 531.4
1306370 531.2
1306380 531.4
1306390 531.4
1306400 531.5
1306410 531.4
1306420 531.4
1306430 531.4
1306440 531.5
1306450 531.5
1306460 532.7
1306470 532.8
1306480 532.8
1306490 531.5
1306500 531.4
1306510 531.4
1306520 531.3
1306530 531.5
1306540 531.5
1306550 531.6
1306560 531.6
1306570 531.6
1306580 531.6
1306590 531.7
1306600 531.7
1306610 531.6
1306620 531.5
1306630 531.5
1306640 531.5
1306650 531.5
1306660 531.5
1306670 531.4
1306680 531.3
1306690 531.3
1306700 531.3
1306710 531.3
1306720 531.4
1306730 531.4
1306740 531.6
1306750 531.7
1306760 531.7
1306770 531.7
1306780 531.7
1306790 531.7
1306800 531.9
1306810 532.3
1306820 532.3
1306830 532.8
1306840 536.1
1306850 536.1
1306860 542.1
1306870 547.3
1306880 547.3
1306890 551.7
1306900 554.8
1306910 554.8
1306920 558.0
1306930 561.9
1306940 561.9
1306950 564.5
1306960 567.0
1306970 569.2
1306980 569.2
1306990 570.2
1307000 571.4
1307010 571.4
1307020 573.8
1307030 576.4
1307040 576.4
1307050 580.1
1307060 587.3
1307070 587.3
1307080 596.7
1307090 598.0
1307100 598.0
1307110 601.6
1307120 611.4
1307130 611.4
1307140 623.8
1307150 633.7
1307160 633.7
1307170 638.2
1307180 639.6
1307190 639.6
1307200 641.8
1307210 643.4
1307220 643.4
1307230 643.6
1307240 643.0
1307250 642.3
1307260 642.3
1307270 641.8
1307280 641.6
1307290 641.6
1307300 641.4
1307310 641.4
1307320 641.4
1307330 642.2
1307340 643.1
1307350 643.1
1307360 643.8
1307370 645.1
1307380 645.1
1307390 646.9
1307400 649.5
1307410 649.5
1307420 651.7
1307430 652.9
1307440 652.9
1307450 653.9
1307460 655.3
1307470 655.3
1307480 656.9
1307490 658.4
1307500 658.4
1307510 660.1
1307520 661.7
1307530 661.7
1307540 663.1
1307550 664.7
1307560 666.3
1307570 666.3
1307580 667.3
1307590 668.2
1307600 668.2
1307610 670.2
1307620 673.1
1307630 673.1
1307640 675.5
1307650 677.1
1307660 677.1
1307670 678.7
1307680 680.7
1307690 680.7
1307700 683.2
1307710 685.4
1307720 685.4
1307730 687.5
1307740 689.4
1307750 689.4
1307760 689.9
1307770 689.1
1307780 689.1
1307790 688.4
1307800 688.5
1307810 688.5
1307820 689.6
1307830 691.1
1307840 693.0
1307850 693.0
1307860 697.1
1307870 698.8
1307880 698.8
1307890 700.4
1307900 702.5
1307910 702.5
1307920 705.6
1307930 707.9
1307940 707.9
1307950 710.0
1307960 711.7
1307970 711.7
1307980 713.8
1307990 716.1
1308000 716.1
1308010 718.6
1308020 721.4
1308030 721.4
1308040 724.4
1308050 726.0
1308060 726.0
1308070 727.5
1308080 729.4
1308090 729.4
1308100 731.2
1308110 733.3
1308120 735.7
1308130 735.7
1308140 737.9
1308150 740.8
1308160 740.8
1308170 743.7
1308180 746.5
1308190 746.5
1308200 749.7
1308210 752.3
1308220 752.3
1308230 755.0
1308240 757.7
1308250 757.7
1308260 761.3
1308270 764.8
1308280 764.8
1308290 768.0
1308300 771.1
1308310 771.1
1308320 773.7
1308330 775.6
1308340 775.6
1308350 776.9
1308360 777.7
1308370 777.7
1308380 778.2
1308390 779.0
1308400 779.0
1308410 780.2
1308420 781.7
1308430 783.0
1308440 783.0
1308450 784.3
1308460 785.7
1308470 785.7
1308480 787.4
1308490 790.0
1308500 790.0
1308510 793.7
1308520 798.2
1308530 798.2
1308540 803.5
1308550 808.7
1308560 808.7
1308570 812.7
1308580 813.5
1308590 813.5
1308600 814.0
1308610 813.9
1308620 813.9
1308630 813.1
1308640 812.2
1308650 812.2
1308660 811.4
1308670 810.3
1308680 810.3
1308690 808.3
1308700 805.9
1308710 803.9
1308720 803.9
1308730 801.1
1308740 799.1
1308750 799.1
1308760 797.9
1308770 797.4
1308780 797.4
1308790 797.1
1308800 797.1
1308810 797.1
1308820 797.1
1308830 797.2
1308840 797.2
1308850 797.6
1308860 798.2
1308870 798.2
1308880 798.9
1308890 799.5
1308900 799.5
1308910 799.6
1308920 799.8
1308930 799.8
1308940 800.1
1308950 800.6
1308960 800.6
1308970 801.2
1308980 801.8
1308990 802.3
1309000 802.3
1309010 802.8
1309020 803.2
1309030 803.2
1309040 803.6
1309050 803.8
1309060 803.8
1309070 804.1
1309080 804.5
1309090 804.5
1309100 805.2
1309110 805.3
1309120 805.3
1309130 805.5
1309140 805.3
1309150 805.3
1309160 804.2
1309170 801.9
1309180 801.9
1309190 798.3
1309200 794.8
1309210 794.8
1309220 791.2
1309230 785.7
1309240 785.7
1309250 780.9
1309260 777.9
1309270 775.3
1309280 775.3
1309290 772.1
1309300 769.5
1309310 778.0
1309320 775.8
1309330 773.8
1309340 773.8
1309350 771.0
1309360 778.0
1309370 778.0
1309380 786.5
1309390 795.1
1309400 795.1
1309410 803.4
1309420 811.1
1309430 811.1
1309440 815.9
1309450 819.8
1309460 819.8
1309470 824.9
1309480 829.2
1309490 829.2
1309500 831.2
1309510 832.5
1309520 832.5
1309530 833.3
1309540 833.6
1309550 833.6
1309560 833.6
1309570 833.5
1309580 833.8
1309590 833.8
1309600 834.9
1309610 835.8
1309620 835.8
1309630 836.8
1309640 838.1
1309650 838.1
1309660 839.5
1309670 841.1
1309680 841.1
1309690 842.7
1309700 844.2
1309710 844.2
1309720 845.7
1309730 846.9
1309740 846.9
1309750 848.3
1309760 849.9
1309770 849.9
1309780 852.4
1309790 857.7
1309800 857.7
1309810 861.8
1309820 866.8
1309830 866.8
1309840 872.6
1309850 879.2
1309860 885.9
1309870 885.9
1309880 892.0
1309890 896.5
1309900 896.5
1309910 898.2
1309920 898.6
1309930 898.6
1309940 899.6
1309950 903.7
1309960 903.7
1309970 908.3
1309980 913.0
1309990 913.0
1310000 917.7
1310010 922.3
1310020 922.3
1310030 927.0
1310040 931.7
1310050 931.7
1310060 934.5
1310070 937.4
1310080 937.4
1310090 940.6
1310100 943.9
1310110 943.9
1310120 947.0
1310130 949.4
1310140 951.7
1310150 951.7
1310160 953.9
1310170 956.0
1310180 956.0
1310190 957.3
1310200 956.4
1310210 956.4
1310220 954.4
1310230 951.4
1310240 951.4
1310250 949.2
1310260 948.3
1310270 948.3
1310280 947.8
1310290 946.5
1310300 946.5
1310310 943.5
1310320 940.0
1310330 940.0
1310340 938.1
1310350 938.6
1310360 938.6
1310370 940.1
1310380 941.4
1310390 941.4
1310400 941.9
1310410 942.5
1310420 942.5
1310430 943.3
1310440 944.3
1310450 945.7
1310460 945.7
1310470 947.2
1310480 948.8
1310490 948.8
1310500 950.6
1310510 952.3
1310520 952.3
1310530 954.5
1310540 957.5
1310550 957.5
1310560 959.9
1310570 961.8
1310580 961.8
1310590 963.6
1310600 965.7
1310610 965.7
1310620 968.0
1310630 969.9
1310640 969.9
1310650 971.2
1310660 972.0
1310670 972.0
1310680 973.2
1310690 974.8
1310700 974.8
1310710 976.4
1310720 977.8
1310730 979.1
1310740 979.1
1310750 980.6
1310760 982.0
1310770 983.6
1310780 985.6
1310790 989.0
1310800 989.0
1310810 992.6
1310820 996.1
1310830 996.1
1310840 999.6
1310850 1002.2
1310860 1002.2
1310870 1004.8
1310880 1007.4
1310890 1007.4
1310900 1009.8
1310910 1011.9
1310920 1011.9
1310930 1013.8
1310940 1015.5
1310950 1015.5
1310960 1018.6
1310970 1021.1
1310980 1021.1
1310990 1022.7
1311000 1024.4
1311010 1026.6
1311020 1026.6
1311030 1028.1
1311040 1029.2
1311050 1029.2
1311060 1030.3
1311070 1030.9
1311080 1030.9
1311090 1032.4
1311100 1034.9
1311110 1034.9
1311120 1037.4
1311130 1038.4
1311140 1038.4
1311150 1038.4
1311160 1039.9
1311170 1039.9
1311180 1042.4
1311190 1046.6
1311200 1046.6
1311210 1049.2
1311220 1051.9
1311230 1051.9
1311240 1053.3
1311250 1055.1
1311260 1055.1
1311270 1058.7
1311280 1060.5
1311290 1060.5
1311300 1061.6
1311310 1062.8
1311320 1064.0
1311330 1064.0
1311340 1065.4
1311350 1066.5
1311360 1066.5
1311370 1067.5
1311380 1067.9
1311390 1067.9
1311400 1068.5
1311410 1068.5
1311420 1068.5
1311430 1067.0
1311440 1065.2
1311450 1065.2
1311460 1064.0
1311470 1062.2
1311480 1062.2
1311490 1059.7
1311500 1064.4
1311510 1064.4
1311520 1059.9
1311530 1054.6
1311540 1054.6
1311550 1049.8
1311560 1044.7
1311570 1044.7
1311580 1039.2
1311590 1033.2
1311600 1024.5
1311610 1024.5
1311620 1016.0
1311630 1009.4
1311640 1009.4
1311650 1005.1
1311660 1005.4
1311670 1005.4
1311680 1009.8
1311690 1016.0
1311700 1016.0
1311710 1024.4
1311720 1033.2
1311730 1033.2
1311740 1041.5
1311750 1047.9
1311760 1047.9
1311770 1054.0
1311780 1060.7
1311790 1060.7
1311800 1067.9
1311810 1075.4
1311820 1075.4
1311830 1082.2
1311840 1090.9
1311850 1090.9
1311860 1099.3
1311870 1103.4
1311880 1108.3
1311890 1108.3
1311900 1115.2
1311910 1122.6
1311920 1122.6
1311930 1129.8
1311940 1136.6
1311950 1136.6
1311960 1143.4
1311970 1150.2
1311980 1150.2
1311990 1157.0
1312000 1164.2
1312010 1164.2
1312020 1171.9
1312030 1179.1
1312040 1179.1
1312050 1184.6
1312060 1191.8
1312070 1191.8
1312080 1199.4
1312090 1207.5
1312100 1207.5
1312110 1217.0
1312120 1224.6
1312130 1224.6
1312140 1231.4
1312150 1237.5
1312160 1243.3
1312170 1243.3
1312180 1248.4
1312190 1251.5
1312200 1251.5
1312210 1252.9
1312220 1254.5
1312230 1254.5
1312240 1258.3
1312250 1261.7
1312260 1261.7
1312270 1269.1
1312280 1275.0
1312290 1275.0
1312300 1281.3
1312310 1287.4
1312320 1287.4
1312330 1293.0
1312340 1299.1
1312350 1299.1
1312360 1303.3
1312370 1307.6
1312380 1307.6
1312390 1312.4
1312400 1317.5
1312410 1317.5
1312420 1322.4
1312430 1327.1
1312440 1327.1
1312450 1332.0
1312460 1336.9
1312470 1341.7
1312480 1341.7
1312490 1345.4
1312500 1348.9
1312510 1348.9
1312520 1352.6
1312530 1356.8
1312540 1356.8
1312550 1361.1
1312560 1366.0
1312570 1366.0
1312580 1371.3
1312590 1377.0
1312600 1377.0
1312610 1382.8
1312620 1388.9
1312630 1388.9
1312640 1394.5
1312650 1399.7
1312660 1399.7
1312670 1404.7
1312680 1409.7
1312690 1409.7
1312700 1415.0
1312710 1420.1
1312720 1420.1
1312730 1425.1
1312740 1430.6
1312750 1435.1
1312760 1435.1
1312770 1439.4
1312780 1446.3
1312790 1446.3
1312800 1453.1
1312810 1460.1
1312820 1460.1
1312830 1466.9
1312840 1473.3
1312850 1473.3
1312860 1480.0
1312870 1487.1
1312880 1487.1
1312890 1494.2
1312900 1501.2
1312910 1501.2
1312920 1508.5
1312930 1515.5
1312940 1515.5
1312950 1521.3
1312960 1525.5
1312970 1525.5
1312980 1535.7
1312990 1540.0
1313000 1540.0
1313010 1544.3
1313020 1549.1
1313030 1552.5
1313040 1552.5
1313050 1554.5
1313060 1553.0
1313070 1553.0
1313080 1546.4
1313090 1546.3
1313100 1546.3
1313110 1556.3
1313120 1568.3
1313130 1568.3
1313140 1574.2
1313150 1577.7
1313160 1577.7
1313170 1582.7
1313180 1584.9
1313190 1584.9
1313200 1585.3
1313210 1586.4
1313220 1586.4
1313230 1588.7
1313240 1591.7
1313250 1591.7
1313260 1593.7
1313270 1595.6
1313280 1595.6
1313290 1597.6
1313300 1602.2
1313310 1602.2
1313320 1608.9
1313330 1614.3
1313340 1619.7
1313350 1619.7
1313360 1624.9
1313370 1628.8
1313380 1628.8
1313390 1633.0
1313400 1637.7
1313410 1637.7
1313420 1642.9
1313430 1647.7
1313440 1647.7
1313450 1652.4
1313460 1656.7
1313470 1656.7
1313480 1658.9
1313490 1660.9
1313500 1660.9
1313510 1664.7
1313520 1668.9
1313530 1668.9
1313540 1671.4
1313550 1672.7
1313560 1672.7
1313570 1674.5
1313580 1675.5
1313590 1675.5
1313600 1676.1
1313610 1676.0
1313620 1675.2
1313630 1675.2
1313640 1672.8
1313650 1669.2
1313660 1669.2
1313670 1665.4
1313680 1661.3
1313690 1661.3
1313700 1658.2
1313710 1654.8
1313720 1654.8
1313730 1650.9
1313740 1647.4
1313750 1647.4
1313760 1643.5
1313770 1638.8
1313780 1638.8
1313790 1633.9
1313800 1628.8
1313810 1628.8
1313820 1623.9
1313830 1620.3
1313840 1620.3
1313850 1616.6
1313860 1612.6
1313870 1612.6
1313880 1607.7
1313890 1605.9
1313900 1604.9
1313910 1604.9
1313920 1601.9
1313930 1598.0
1313940 1598.0
1313950 1593.4
1313960 1593.1
1313970 1593.1
1313980 1593.5
1313990 1592.7
1314000 1592.7
1314010 1591.7
1314020 1590.0
1314030 1590.0
1314040 1588.6
1314050 1586.5
1314060 1586.5
1314070 1585.6
1314080 1584.8
1314090 1584.8
1314100 1583.6
1314110 1581.9
1314120 1581.9
1314130 1579.8
1314140 1578.2
1314150 1578.2
1314160 1576.2
1314170 1574.3
1314180 1572.1
1314190 1572.1
1314200 1569.9
1314210 1567.5
1314220 1567.5
1314230 1565.0
1314240 1562.5
1314250 1562.5
1314260 1559.8
1314270 1556.2
1314280 1556.2
1314290 1552.7
1314300 1548.8
1314310 1548.8
1314320 1544.8
1314330 1541.1
1314340 1541.1
1314350 1537.7
1314360 1535.1
1314370 1535.1
1314380 1532.7
1314390 1529.9
1314400 1529.9
1314410 1526.5
1314420 1523.5
1314430 1523.5
1314440 1519.5
1314450 1515.5
1314460 1515.5
1314470 1512.2
1314480 1507.8
1314490 1504.3
1314500 1504.3
1314510 1501.3
1314520 1497.9
1314530 1497.9
1314540 1494.7
1314550 1490.4
1314560 1490.4
1314570 1485.8
1314580 1481.6
1314590 1481.6
1314600 1476.9
1314610 1471.8
1314620 1471.8
1314630 1466.2
1314640 1460.4
1314650 1460.4
1314660 1454.8
1314670 1449.0
1314680 1449.0
1314690 1443.2
1314700 1437.6
1314710 1437.6
1314720 1432.1
1314730 1425.6
1314740 1425.6
1314750 1417.4
1314760 1409.1
1314770 1401.7
1314780 1401.7
1314790 1394.7
1314800 1387.9
1314810 1387.9
1314820 1381.3
1314830 1374.5
1314840 1374.5
1314850 1368.2
1314860 1361.7
1314870 1361.7
1314880 1355.1
1314890 1347.8
1314900 1347.8
1314910 1340.3
1314920 1333.5
1314930 1333.5
1314940 1327.0
1314950 1320.3
1314960 1320.3
1314970 1313.7
1314980 1307.5
1314990 1307.5
1315000 1301.7
1315010 1297.4
1315020 1297.4
1315030 1290.1
1315040 1285.9
1315050 1281.1
1315060 1281.1
1315070 1276.1
1315080 1274.2
1315090 1274.2
1315100 1270.0
1315110 1266.9
1315120 1266.9
1315130 1264.4
1315140 1261.5
1315150 1261.5
1315160 1258.6
1315170 1254.2
1315180 1254.2
1315190 1247.5
1315200 1240.1
1315210 1240.1
1315220 1233.8
1315230 1215.7
1315240 1215.7
1315250 1207.6
1315260 1199.7
1315270 1199.7
1315280 1194.0
1315290 1188.7
1315300 1188.7
1315310 1182.3
1315320 1175.6
1315330 1175.6
1315340 1169.6
1315350 1165.0
1315360 1162.4
1315370 1162.4
1315380 1159.4
1315390 1158.2
1315400 1158.2
1315410 1161.7
1315420 1167.8
1315430 1167.8
1315440 1175.4
1315450 1180.6
1315460 1180.6
1315470 1183.9
1315480 1188.9
1315490 1188.9
1315500 1194.8
1315510 1199.9
1315520 1199.9
1315530 1204.6
1315540 1210.8
1315550 1210.8
1315560 1218.9
1315570 1228.1
1315580 1228.1
1315590 1236.9
1315600 1247.5
1315610 1247.5
1315620 1258.1
1315630 1268.9
1315640 1277.2
1315650 1277.2
1315660 1286.0
1315670 1295.1
1315680 1295.1
1315690 1300.0
1315700 1302.4
1315710 1302.4
1315720 1305.2
1315730 1309.3
1315740 1309.3
1315750 1314.8
1315760 1320.9
1315770 1320.9
1315780 1326.9
1315790 1333.6
1315800 1333.6
1315810 1338.9
1315820 1342.4
1315830 1342.4
1315840 1343.2
1315850 1342.3
1315860 1342.3
1315870 1340.7
1315880 1338.9
1315890 1338.9
1315900 1336.4
1315910 1334.7
1315920 1334.6
1315930 1334.6
1315940 1334.4
1315950 1334.2
1315960 1334.2
1315970 1334.5
1315980 1340.4
1315990 1340.4
1316000 1343.5
1316010 1346.0
1316020 1346.0
1316030 1347.1
1316040 1348.8
1316050 1348.8
1316060 1353.2
1316070 1359.2
1316080 1359.2
1316090 1364.6
1316100 1367.7
1316110 1367.7
1316120 1367.0
1316130 1362.0
1316140 1362.0
1316150 1355.8
1316160 1348.7
1316170 1348.7
1316180 1341.8
1316190 1335.3
1316200 1335.3
1316210 1330.2
1316220 1325.9
1316230 1321.5
1316240 1321.5
1316250 1318.2
1316260 1315.5
1316270 1315.5
1316280 1312.0
1316290 1307.4
1316300 1307.4
1316310 1302.2
1316320 1297.3
1316330 1297.3
1316340 1293.2
1316350 1286.2
1316360 1286.2
1316370 1277.3
1316380 1268.9
1316390 1268.9
1316400 1261.0
1316410 1254.0
1316420 1254.0
1316430 1249.0
1316440 1248.9
1316450 1248.9
1316460 1249.0
1316470 1246.3
1316480 1246.3
1316490 1243.2
1316500 1239.7
1316510 1235.5
1316520 1235.5
1316530 1230.8
1316540 1226.0
1316550 1226.0
1316560 1220.9
1316570 1215.6
1316580 1215.6
1316590 1210.3
1316600 1205.0
1316610 1205.0
1316620 1200.6
1316630 1197.5
1316640 1197.5
1316650 1194.9
1316660 1189.9
1316670 1189.9
1316680 1184.0
1316690 1178.3
1316700 1178.3
1316710 1173.6
1316720 1170.1
1316730 1170.1
1316740 1165.9
1316750 1162.1
1316760 1162.1
1316770 1158.8
1316780 1156.7
1316790 1155.5
1316800 1155.5
1316810 1154.4
1316820 1151.6
1316830 1151.6
1316840 1147.9
1316850 1143.8
1316860 1143.8
1316870 1140.4
1316880 1137.1
1316890 1137.1
1316900 1133.6
1316910 1130.2
1316920 1130.2
1316930 1127.0
1316940 1123.3
1316950 1123.3
1316960 1119.1
1316970 1114.6
1316980 1114.6
1316990 1109.2
1317000 1103.3
1317010 1103.3
1317020 1097.1
1317030 1090.5
1317040 1090.5
1317050 1085.1
1317060 1079.9
1317070 1073.4
1317080 1073.4
1317090 1069.0
1317100 1065.4
1317110 1065.4
1317120 1060.2
1317130 1056.0
1317140 1056.0
1317150 1052.2
1317160 1047.6
1317170 1047.6
1317180 1040.9
1317190 1034.6
1317200 1034.6
1317210 1027.6
1317220 1021.1
1317230 1021.1
1317240 1015.4
1317250 1009.2
1317260 1009.2
1317270 1002.9
1317280 997.1
1317290 997.1
1317300 991.6
1317310 985.4
1317320 985.4
1317330 979.7
1317340 974.8
1317350 974.8
1317360 970.7
1317370 966.8
1317380 962.2
1317390 962.2
1317400 954.1
1317410 946.5
1317420 946.5
1317430 938.8
1317440 932.8
1317450 932.8
1317460 927.8
1317470 923.6
1317480 923.6
1317490 920.0
1317500 915.7
1317510 915.7
1317520 910.6
1317530 904.9
1317540 904.9
1317550 899.3
1317560 894.6
1317570 894.6
1317580 891.0
1317590 887.3
1317600 887.3
1317610 884.0
1317620 881.2
1317630 881.2
1317640 878.1
1317650 874.9
1317660 870.7
1317670 870.7
1317680 866.1
1317690 861.8
1317700 861.8
1317710 857.6
1317720 853.5
1317730 853.5
1317740 850.0
1317750 846.3
1317760 846.3
1317770 842.4
1317780 839.3
1317790 839.3
1317800 836.8
1317810 834.5
1317820 834.5
1317830 832.7
1317840 831.1
1317850 831.1
1317860 829.0
1317870 826.2
1317880 826.2
1317890 823.7
1317900 821.6
1317910 821.6
1317920 819.0
1317930 816.0
1317940 812.9
1317950 812.9
1317960 810.2
1317970 807.6
1317980 807.6
1317990 805.2
1318000 802.1
1318010 802.1
1318020 798.4
1318030 794.4
1318040 794.4
1318050 789.3
1318060 783.8
1318070 783.8
1318080 778.1
1318090 772.4
1318100 772.4
1318110 768.0
1318120 763.7
1318130 763.7
1318140 758.5
1318150 753.0
1318160 753.0
1318170 748.0
1318180 743.4
1318190 743.4
1318200 739.3
1318210 735.8
1318220 735.8
1318230 733.1
1318240 730.6
1318250 728.0
1318260 728.0
1318270 725.4
1318280 723.1
1318290 723.1
1318300 721.0
1318310 719.2
1318320 719.2
1318330 716.6
1318340 714.5
1318350 714.5
1318360 713.0
1318370 711.4
1318380 711.4
1318390 710.0
1318400 708.7
1318410 708.7
1318420 707.1
1318430 705.2
1318440 705.2
1318450 702.9
1318460 700.6
1318470 700.6
1318480 698.9
1318490 697.4
1318500 697.4
1318510 694.7
1318520 689.0
1318530 682.5
1318540 682.5
1318550 676.4
1318560 671.5
1318570 671.5
1318580 668.7
1318590 667.2
1318600 667.2
1318610 665.0
1318620 662.7
1318630 662.7
1318640 659.3
1318650 655.1
1318660 655.1
1318670 651.9
1318680 649.3
1318690 649.3
1318700 639.7
1318710 628.6
1318720 628.6
1318730 622.0
1318740 615.9
1318750 615.9
1318760 609.7
1318770 602.5
1318780 602.5
1318790 595.9
1318800 589.1
1318810 581.9
1318820 581.9
1318830 573.2
1318840 564.7
1318850 564.7
1318860 556.2
1318870 548.1
1318880 548.1
1318890 541.8
1318900 537.2
1318910 537.2
1318920 532.4
1318930 530.0
1318940 530.0
1318950 528.9
1318960 528.4
1318970 528.4
1318980 528.3
1318990 528.2
1319000 528.2
1319010 528.3
1319020 528.3
1319030 528.3
1319040 528.4
1319050 528.4
1319060 528.4
1319070 528.4
1319080 528.4
1319090 528.3
1319100 528.3
1319110 528.3
1319120 528.4
1319130 528.4
1319140 528.7
1319150 529.4
1319160 529.4
1319170 529.1
1319180 528.4
1319190 528.4
1319200 528.3
1319210 528.3
1319220 528.3
1319230 528.2
1319240 528.6
1319250 528.6
1319260 529.2
1319270 528.6
1319280 528.6
1319290 528.1
1319300 528.2
1319310 528.2
1319320 528.2
1319330 528.2
1319340 528.2
1319350 528.2
1319360 528.2
1319370 528.2
1319380 528.3
1319390 528.3
1319400 528.3
1319410 528.3
1319420 528.5
1319430 528.6
1319440 528.6
1319450 528.6
1319460 528.6
1319470 528.6
1319480 528.5
1319490 528.5
1319500 528.5
1319510 528.6
1319520 528.6
1319530 528.6
1319540 527.6
1319550 528.0
1319560 528.0
1319570 528.5
1319580 528.8
1319590 528.8
1319600 528.9
1319610 529.0
1319620 529.0
1319630 528.8
1319640 528.7
1319650 528.7
1319660 528.8
1319670 528.4
1319680 528.5
1319690 528.5
1319700 528.7
1319710 528.8
1319720 528.8
1319730 529.0
1319740 529.3
1319750 529.3
1319760 529.3
1319770 529.4
1319780 529.4
1319790 529.4
1319800 529.5
1319810 529.5
1319820 529.6
1319830 529.4
1319840 529.4
1319850 529.3
1319860 529.3
1319870 529.3
1319880 529.3
1319890 529.3
1319900 529.3
1319910 529.3
1319920 529.3
1319930 529.3
1319940 529.3
1319950 529.3
1319960 529.3
1319970 529.3
1319980 529.3
1319990 529.4
