1300000 961.1
1300010 958.8
1300020 958.8
1300030 956.4
1300040 951.9
1300050 951.9
1300060 945.0
1300070 939.8
1300080 939.8
1300090 937.9
1300100 935.4
1300110 935.4
1300120 931.1
1300130 928.7
1300140 928.7
1300150 925.8
1300160 923.4
1300170 923.4
1300180 918.3
1300190 914.4
1300200 908.4
1300210 908.4
1300220 903.0
1300230 899.0
1300240 899.0
1300250 894.4
1300260 887.8
1300270 887.8
1300280 883.1
1300290 879.3
1300300 879.3
1300310 875.6
1300320 871.8
1300330 871.8
1300340 868.2
1300350 864.1
1300360 864.1
1300370 861.5
1300380 860.5
1300390 853.6
1300400 850.5
1300410 846.1
1300420 846.1
1300430 842.0
1300440 842.5
1300450 842.5
1300460 845.8
1300470 846.4
1300480 844.0
1300490 844.0
1300500 843.0
1300510 843.3
1300520 843.3
1300530 839.2
1300540 834.0
1300550 834.0
1300560 829.2
1300570 826.2
1300580 826.2
1300590 826.0
1300600 826.9
1300610 826.9
1300620 829.7
1300630 834.5
1300640 834.5
1300650 840.6
1300660 847.3
1300670 847.3
1300680 852.6
1300690 854.7
1300700 854.7
1300710 856.6
1300720 859.6
1300730 859.6
1300740 862.6
1300750 862.4
1300760 863.7
1300770 863.7
1300780 865.2
1300790 865.4
1300800 865.4
1300810 868.6
1300820 871.9
1300830 871.9
1300840 872.0
1300850 871.7
1300860 871.7
1300870 871.8
1300880 870.9
1300890 870.9
1300900 869.6
1300910 868.9
1300920 868.9
1300930 866.5
1300940 861.6
1300950 861.6
1300960 855.8
1300970 850.4
1300980 850.4
1300990 844.6
1301000 839.2
1301010 839.2
1301020 833.8
1301030 828.5
1301040 828.5
1301050 823.9
1301060 821.8
1301070 821.7
1301080 816.6
1301090 816.3
1301100 816.8
1301110 816.8
1301120 817.8
1301130 819.0
1301140 819.0
1301150 820.7
1301160 822.7
1301170 822.7
1301180 824.2
1301190 825.0
1301200 825.0
1301210 825.6
1301220 826.3
1301230 826.3
1301240 827.5
1301250 829.0
1301260 829.0
1301270 830.6
1301280 831.7
1301290 831.7
1301300 831.9
1301310 830.0
1301320 830.0
1301330 826.0
1301340 821.4
1301350 817.6
1301360 817.6
1301370 814.6
1301380 811.5
1301390 811.5
1301400 808.1
1301410 804.0
1301420 804.0
1301430 798.9
1301440 792.8
1301450 792.8
1301460 786.2
1301470 779.7
1301480 779.7
1301490 773.6
1301500 768.1
1301510 768.1
1301520 762.5
1301530 757.4
1301540 757.4
1301550 752.3
1301560 747.7
1301570 747.7
1301580 743.2
1301590 738.4
1301600 738.4
1301610 733.8
1301620 730.0
1301630 728.3
1301640 728.3
1301650 729.3
1301660 731.3
1301670 731.3
1301680 733.0
1301690 733.1
1301700 733.1
1301710 733.4
1301720 734.1
1301730 734.1
1301740 734.0
1301750 732.6
1301760 732.6
1301770 729.2
1301780 722.8
1301790 722.8
1301800 723.5
1301810 724.9
1301820 724.9
1301830 726.1
1301840 726.1
1301850 726.1
1301860 724.4
1301870 721.8
1301880 721.8
1301890 719.3
1301900 716.2
1301910 716.2
1301920 712.8
1301930 709.8
1301940 707.8
1301950 707.8
1301960 706.0
1301970 703.4
1301980 703.4
1301990 700.6
1302000 697.4
1302010 697.4
1302020 694.9
1302030 692.9
1302040 692.9
1302050 689.6
1302060 685.7
1302070 685.7
1302080 684.0
1302090 682.7
1302100 682.7
1302110 680.7
1302120 679.1
1302130 679.1
1302140 676.8
1302150 673.6
1302160 673.6
1302170 671.1
1302180 669.4
1302190 669.4
1302200 667.6
1302210 664.5
1302220 660.6
1302230 660.6
1302240 658.2
1302250 657.3
1302260 657.3
1302270 655.5
1302280 653.1
1302290 653.1
1302300 650.6
1302310 648.2
1302320 648.2
1302330 645.8
1302340 642.9
1302350 642.9
1302360 639.6
1302370 635.8
1302380 635.8
1302390 631.1
1302400 627.8
1302410 627.8
1302420 626.9
1302430 625.4
1302440 625.4
1302450 623.1
1302460 620.8
1302470 620.8
1302480 613.9
1302490 611.7
1302500 608.8
1302510 608.8
1302520 606.2
1302530 603.7
1302540 603.7
1302550 601.2
1302560 598.7
1302570 598.7
1302580 596.7
1302590 595.4
1302600 595.4
1302610 594.4
1302620 592.5
1302630 592.5
1302640 590.6
1302650 588.7
1302660 588.7
1302670 586.9
1302680 585.3
1302690 585.3
1302700 583.2
1302710 578.0
1302720 578.0
1302730 571.5
1302740 568.0
1302750 568.0
1302760 566.2
1302770 565.4
1302780 562.3
1302790 562.3
1302800 557.0
1302810 552.5
1302820 552.5
1302830 550.6
1302840 549.5
1302850 549.5
1302860 548.6
1302870 547.5
1302880 547.5
1302890 546.7
1302900 545.8
1302910 545.8
1302920 545.0
1302930 542.9
1302940 542.9
1302950 542.3
1302960 541.2
1302970 541.2
1302980 540.9
1302990 540.2
1303000 540.2
1303010 539.4
1303020 537.6
1303030 537.6
1303040 535.1
1303050 536.1
1303060 536.1
1303070 535.6
1303080 535.8
1303090 536.8
1303100 536.8
1303110 537.1
1303120 536.6
1303130 536.6
1303140 535.9
1303150 535.2
1303160 535.2
1303170 534.8
1303180 534.3
1303190 534.3
1303200 534.8
1303210 535.4
1303220 535.4
1303230 534.5
1303240 534.8
1303250 534.8
1303260 535.7
1303270 536.1
1303280 536.1
1303290 536.1
1303300 535.8
1303310 535.8
1303320 535.4
1303330 534.6
1303340 534.6
1303350 533.6
1303360 533.6
1303370 533.7
1303380 533.7
1303390 533.6
1303400 533.0
1303410 533.0
1303420 532.8
1303430 533.4
1303440 533.4
1303450 533.7
1303460 533.6
1303470 533.6
1303480 533.5
1303490 533.4
1303500 533.4
1303510 533.4
1303520 533.4
1303530 533.4
1303540 533.4
1303550 533.5
1303560 533.5
1303570 533.6
1303580 533.7
1303590 533.7
1303600 535.4
1303610 535.4
1303620 535.4
1303630 533.8
1303640 533.6
1303650 533.8
1303660 533.8
1303670 535.0
1303680 536.1
1303690 536.1
1303700 536.1
1303710 534.6
1303720 534.6
1303730 534.4
1303740 534.6
1303750 534.6
1303760 534.8
1303770 534.8
1303780 534.8
1303790 534.9
1303800 535.0
1303810 535.0
1303820 534.9
1303830 534.9
1303840 534.9
1303850 535.3
1303860 536.3
1303870 536.3
1303880 538.1
1303890 537.2
1303900 537.2
1303910 537.4
1303920 536.2
1303930 536.2
1303940 534.6
1303950 534.0
1303960 533.8
1303970 533.8
1303980 533.7
1303990 533.7
1304000 533.7
1304010 533.6
1304020 533.3
1304030 533.3
1304040 533.4
1304050 533.4
1304060 533.4
1304070 533.5
1304080 533.4
1304090 533.4
1304100 533.4
1304110 533.4
1304120 533.4
1304130 533.3
1304140 533.2
1304150 533.2
1304160 533.2
1304170 534.0
1304180 534.0
1304190 534.7
1304200 534.4
1304210 534.4
1304220 534.1
1304230 534.0
1304240 533.9
1304250 533.9
1304260 533.8
1304270 533.8
1304280 533.8
1304290 534.0
1304300 534.2
1304310 534.2
1304320 534.3
1304330 534.4
1304340 534.4
1304350 534.4
1304360 534.3
1304370 534.3
1304380 534.1
1304390 533.7
1304400 533.7
1304410 533.3
1304420 534.0
1304430 534.0
1304440 533.9
1304450 534.1
1304460 534.1
1304470 534.4
1304480 534.6
1304490 534.6
1304500 533.6
1304510 531.7
1304520 530.4
1304530 530.4
1304540 530.1
1304550 530.1
1304560 530.1
1304570 530.0
1304580 530.0
1304590 530.1
1304600 530.0
1304610 530.0
1304620 530.0
1304630 530.0
1304640 529.9
1304650 529.9
1304660 529.9
1304670 529.9
1304680 529.9
1304690 530.0
1304700 530.2
1304710 530.2
1304720 530.3
1304730 530.5
1304740 530.5
1304750 531.5
1304760 533.2
1304770 533.2
1304780 534.2
1304790 534.5
1304800 534.5
1304810 534.5
1304820 534.1
1304830 533.7
1304840 533.7
1304850 533.5
1304860 534.0
1304870 534.0
1304880 534.1
1304890 533.6
1304900 533.6
1304910 533.5
1304920 533.4
1304930 533.4
1304940 533.2
1304950 533.3
1304960 533.3
1304970 533.2
1304980 533.4
1304990 533.4
1305000 533.4
1305010 533.4
1305020 533.4
1305030 533.3
1305040 533.4
1305050 533.4
1305060 533.4
1305070 533.5
1305080 533.5
1305090 533.5
1305100 533.5
1305110 533.5
1305120 533.5
1305130 533.5
1305140 533.5
1305150 533.5
1305160 533.5
1305170 533.5
1305180 533.5
1305190 533.5
1305200 533.6
1305210 533.6
1305220 533.6
1305230 533.6
1305240 533.6
1305250 533.6
1305260 533.5
1305270 533.5
1305280 533.3
1305290 533.1
1305300 533.3
1305310 533.4
1305320 533.6
1305330 533.6
1305340 533.3
1305350 533.3
1305360 533.3
1305370 533.0
1305380 532.9
1305390 533.0
1305400 533.0
1305410 533.0
1305420 532.9
1305430 532.9
1305440 532.8
1305450 532.7
1305460 532.7
1305470 532.6
1305480 532.6
1305490 532.6
1305500 532.5
1305510 532.5
1305520 532.5
1305530 532.4
1305540 532.4
1305550 532.4
1305560 532.4
1305570 532.4
1305580 532.4
1305590 532.4
1305600 532.3
1305610 532.3
1305620 532.3
1305630 532.3
1305640 532.3
1305650 532.2
1305660 532.2
1305670 532.2
1305680 532.2
1305690 532.2
1305700 532.2
1305710 532.2
1305720 532.1
1305730 532.1
1305740 532.1
1305750 532.1
1305760 532.1
1305770 532.1
1305780 532.1
1305790 532.1
1305800 532.1
1305810 532.1
1305820 532.0
1305830 532.0
1305840 532.0
1305850 531.9
1305860 531.9
1305870 531.8
1305880 532.0
1305890 532.0
1305900 532.1
1305910 532.1
1305920 532.1
1305930 532.1
1305940 532.1
1305950 532.1
1305960 532.1
1305970 532.0
1305980 532.1
1305990 532.1
1306000 532.1
1306010 532.3
1306020 533.4
1306030 533.3
1306040 532.6
1306050 532.6
1306060 531.9
1306070 532.1
1306080 532.1
1306090 532.0
1306100 531.9
1306110 531.9
1306120 532.0
1306130 532.0
1306140 532.0
1306150 531.9
1306160 531.9
1306170 531.9
1306180 531.9
1306190 531.9
1306200 531.9
1306210 532.0
1306220 531.9
1306230 531.9
1306240 531.8
1306250 531.9
1306260 531.8
1306270 531.8
1306280 531.8
1306290 531.8
1306300 531.8
1306310 531.9
1306320 532.0
1306330 532.0
1306340 531.8
1306350 531.7
1306360 531.7
1306370 531.8
1306380 531.7
1306390 531.7
1306400 531.8
1306410 532.6
1306420 532.6
1306430 533.2
1306440 533.2
1306450 533.2
1306460 533.1
1306470 533.6
1306480 533.6
1306490 536.0
1306500 541.5
1306510 541.5
1306520 548.4
1306530 553.7
1306540 558.7
1306550 558.7
1306560 565.9
1306570 571.8
1306580 571.8
1306590 577.5
1306600 583.2
1306610 583.2
1306620 587.6
1306630 593.6
1306640 593.6
1306650 606.6
1306660 614.3
1306670 614.3
1306680 620.4
1306690 627.4
1306700 627.4
1306710 633.1
1306720 637.6
1306730 638.5
1306740 642.9
1306750 646.8
1306760 646.8
1306770 649.6
1306780 652.4
1306790 652.4
1306800 655.3
1306810 658.2
1306820 661.0
1306830 661.0
1306840 663.5
1306850 666.2
1306860 666.2
1306870 668.9
1306880 672.0
1306890 672.0
1306900 675.1
1306910 678.4
1306920 678.4
1306930 681.9
1306940 685.4
1306950 685.4
1306960 688.4
1306970 691.3
1306980 691.3
1306990 693.5
1307000 695.7
1307010 695.7
1307020 697.7
1307030 699.6
1307040 699.6
1307050 701.3
1307060 703.0
1307070 703.0
1307080 704.7
1307090 706.7
1307100 709.0
1307110 709.0
1307120 711.8
1307130 715.0
1307140 715.0
1307150 719.3
1307160 723.8
1307170 723.8
1307180 727.5
1307190 730.4
1307200 730.4
1307210 732.0
1307220 733.0
1307230 733.0
1307240 734.5
1307250 736.9
1307260 736.9
1307270 739.0
1307280 741.4
1307290 741.4
1307300 743.8
1307310 746.0
1307320 746.0
1307330 747.8
1307340 749.7
1307350 749.7
1307360 751.1
1307370 752.0
1307380 752.0
1307390 752.6
1307400 752.7
1307410 752.5
1307420 752.5
1307430 752.2
1307440 752.1
1307450 753.2
1307460 753.5
1307470 754.0
1307480 754.0
1307490 754.9
1307500 756.1
1307510 756.1
1307520 758.2
1307530 761.5
1307540 761.5
1307550 765.3
1307560 768.3
1307570 768.3
1307580 771.9
1307590 777.8
1307600 777.8
1307610 782.3
1307620 784.1
1307630 784.1
1307640 785.3
1307650 785.4
1307660 785.4
1307670 784.9
1307680 785.0
1307690 784.4
1307700 784.4
1307710 785.8
1307720 787.7
1307730 787.7
1307740 789.2
1307750 790.5
1307760 790.5
1307770 792.3
1307780 795.4
1307790 795.4
1307800 799.4
1307810 801.5
1307820 801.5
1307830 801.5
1307840 800.9
1307850 800.9
1307860 801.8
1307870 803.1
1307880 803.1
1307890 805.2
1307900 807.4
1307910 807.4
1307920 810.1
1307930 812.9
1307940 812.9
1307950 814.7
1307960 816.6
1307970 819.4
1307980 819.4
1307990 821.0
1308000 822.5
1308010 822.5
1308020 824.7
1308030 825.8
1308040 825.8
1308050 824.2
1308060 822.1
1308070 822.1
1308080 820.3
1308090 821.5
1308100 821.5
1308110 823.6
1308120 825.9
1308130 825.9
1308140 829.0
1308150 831.8
1308160 831.8
1308170 839.3
1308180 842.0
1308190 842.0
1308200 844.5
1308210 847.1
1308220 847.1
1308230 851.1
1308240 856.0
1308250 856.0
1308260 862.2
1308270 871.0
1308280 879.8
1308290 879.8
1308300 885.0
1308310 889.3
1308320 889.3
1308330 892.0
1308340 894.9
1308350 894.9
1308360 898.3
1308370 898.9
1308380 898.9
1308390 897.4
1308400 896.3
1308410 896.3
1308420 898.7
1308430 899.0
1308440 899.0
1308450 896.4
1308460 899.8
1308470 899.8
1308480 905.8
1308490 903.5
1308500 903.5
1308510 903.3
1308520 904.7
1308530 904.7
1308540 906.5
1308550 908.0
1308560 909.7
1308570 909.7
1308580 910.9
1308590 912.1
1308600 912.1
1308610 915.7
1308620 917.4
1308630 917.4
1308640 915.6
1308650 912.6
1308660 912.6
1308670 910.6
1308680 907.4
1308690 907.4
1308700 903.5
1308710 899.9
1308720 899.9
1308730 895.9
1308740 895.0
1308750 895.0
1308760 896.8
1308770 895.8
1308780 895.8
1308790 897.4
1308800 898.8
1308810 898.8
1308820 898.5
1308830 899.0
1308840 900.1
1308850 900.1
1308860 900.3
1308870 901.5
1308880 901.5
1308890 903.6
1308900 910.1
1308910 910.1
1308920 912.6
1308930 914.7
1308940 914.7
1308950 916.7
1308960 918.9
1308970 918.9
1308980 920.7
1308990 921.7
1309000 921.7
1309010 922.6
1309020 923.6
1309030 923.6
1309040 924.3
1309050 924.6
1309060 924.6
1309070 924.5
1309080 924.6
1309090 924.6
1309100 924.9
1309110 926.1
1309120 927.3
1309130 927.3
1309140 928.8
1309150 929.8
1309160 929.8
1309170 929.6
1309180 929.1
1309190 929.1
1309200 928.4
1309210 927.0
1309220 927.0
1309230 924.5
1309240 921.6
1309250 921.6
1309260 921.7
1309270 921.4
1309280 921.4
1309290 919.7
1309300 919.7
1309310 919.7
1309320 920.6
1309330 920.2
1309340 920.2
1309350 920.5
1309360 921.2
1309370 921.2
1309380 917.2
1309390 910.8
1309400 910.8
1309410 904.5
1309420 898.3
1309430 892.2
1309440 892.2
1309450 890.4
1309460 888.4
1309470 888.4
1309480 882.0
1309490 875.4
1309500 875.4
1309510 871.1
1309520 866.6
1309530 866.6
1309540 860.5
1309550 854.1
1309560 854.1
1309570 847.1
1309580 839.6
1309590 839.6
1309600 835.0
1309610 831.3
1309620 833.9
1309630 834.9
1309640 841.9
1309650 841.9
1309660 849.3
1309670 856.5
1309680 856.5
1309690 862.7
1309700 870.2
1309710 876.6
1309720 876.6
1309730 880.3
1309740 884.5
1309750 884.5
1309760 888.2
1309770 891.8
1309780 891.8
1309790 895.6
1309800 899.5
1309810 899.5
1309820 903.7
1309830 907.6
1309840 907.6
1309850 911.5
1309860 915.9
1309870 915.9
1309880 920.8
1309890 925.7
1309900 925.7
1309910 930.4
1309920 935.7
1309930 935.7
1309940 941.0
1309950 943.8
1309960 943.8
1309970 945.6
1309980 947.7
1309990 949.2
1310000 949.2
1310010 950.9
1310020 952.6
1310030 952.6
1310040 954.2
1310050 955.6
1310060 955.6
1310070 957.0
1310080 958.1
1310090 958.1
1310100 960.1
1310110 962.0
1310120 962.0
1310130 964.0
1310140 967.4
1310150 967.4
1310160 971.8
1310170 975.6
1310180 975.6
1310190 975.5
1310200 975.3
1310210 975.3
1310220 976.9
1310230 979.6
1310240 979.6
1310250 983.4
1310260 988.4
1310270 993.6
1310280 993.6
1310290 998.2
1310300 1002.5
1310310 1002.5
1310320 1007.1
1310330 1009.7
1310340 1009.7
1310350 1013.1
1310360 1014.4
1310370 1014.4
1310380 1015.8
1310390 1017.5
1310400 1017.5
1310410 1019.7
1310420 1022.0
1310430 1022.0
1310440 1024.2
1310450 1026.3
1310460 1026.3
1310470 1029.4
1310480 1032.8
1310490 1032.8
1310500 1035.1
1310510 1037.0
1310520 1037.0
1310530 1038.7
1310540 1041.3
1310550 1041.3
1310560 1043.9
1310570 1047.2
1310580 1052.0
1310590 1052.0
1310600 1057.6
1310610 1061.8
1310620 1061.8
1310630 1065.4
1310640 1068.8
1310650 1068.8
1310660 1072.1
1310670 1074.8
1310680 1074.8
1310690 1077.8
1310700 1080.9
1310710 1080.9
1310720 1084.2
1310730 1086.6
1310740 1086.6
1310750 1088.5
1310760 1090.8
1310770 1090.8
1310780 1093.7
1310790 1096.1
1310800 1096.1
1310810 1098.1
1310820 1100.6
1310830 1100.6
1310840 1104.0
1310850 1107.4
1310860 1110.6
1310870 1110.6
1310880 1113.6
1310890 1117.4
1310900 1117.4
1310910 1121.0
1310920 1124.6
1310930 1124.6
1310940 1128.8
1310950 1133.7
1310960 1133.7
1310970 1139.4
1310980 1145.1
1310990 1145.1
1311000 1150.5
1311010 1156.5
1311020 1156.5
1311030 1162.4
1311040 1168.2
1311050 1168.2
1311060 1174.6
1311070 1181.6
1311080 1181.6
1311090 1193.2
1311100 1199.0
1311110 1199.0
1311120 1203.2
1311130 1206.6
1311140 1209.4
1311150 1209.4
1311160 1211.4
1311170 1213.0
1311180 1213.0
1311190 1214.5
1311200 1216.2
1311210 1216.2
1311220 1218.0
1311230 1219.8
1311240 1219.8
1311250 1221.2
1311260 1222.3
1311270 1222.3
1311280 1223.7
1311290 1224.9
1311300 1224.9
1311310 1226.1
1311320 1226.6
1311330 1226.6
1311340 1227.8
1311350 1228.7
1311360 1228.7
1311370 1229.9
1311380 1232.3
1311390 1232.3
1311400 1235.7
1311410 1238.6
1311420 1241.1
1311430 1241.1
1311440 1243.7
1311450 1245.8
1311460 1245.8
1311470 1246.8
1311480 1247.8
1311490 1247.8
1311500 1250.7
1311510 1253.6
1311520 1253.6
1311530 1255.4
1311540 1256.7
1311550 1256.7
1311560 1256.8
1311570 1255.7
1311580 1255.7
1311590 1254.3
1311600 1253.0
1311610 1253.0
1311620 1252.2
1311630 1251.9
1311640 1251.9
1311650 1251.4
1311660 1251.1
1311670 1251.1
1311680 1250.3
1311690 1248.5
1311700 1248.5
1311710 1245.1
1311720 1238.6
1311730 1230.5
1311740 1230.5
1311750 1223.0
1311760 1215.0
1311770 1215.0
1311780 1204.2
1311790 1195.1
1311800 1195.1
1311810 1183.6
1311820 1172.9
1311830 1172.9
1311840 1168.7
1311850 1163.2
1311860 1163.2
1311870 1159.0
1311880 1161.7
1311890 1161.7
1311900 1169.4
1311910 1179.2
1311920 1179.2
1311930 1186.3
1311940 1185.7
1311950 1185.7
1311960 1181.9
1311970 1174.9
1311980 1174.9
1311990 1166.2
1312000 1169.4
1312010 1182.8
1312020 1182.8
1312030 1195.2
1312040 1206.9
1312050 1206.9
1312060 1216.4
1312070 1225.1
1312080 1225.1
1312090 1231.7
1312100 1238.2
1312110 1238.2
1312120 1243.2
1312130 1248.3
1312140 1248.3
1312150 1253.2
1312160 1257.7
1312170 1257.7
1312180 1262.7
1312190 1268.7
1312200 1268.7
1312210 1274.6
1312220 1279.6
1312230 1279.6
1312240 1284.0
1312250 1288.0
1312260 1288.0
1312270 1292.2
1312280 1298.2
1312290 1304.6
1312300 1304.6
1312310 1311.3
1312320 1317.9
1312330 1317.9
1312340 1324.3
1312350 1331.1
1312360 1331.1
1312370 1337.9
1312380 1344.0
1312390 1344.0
1312400 1350.2
1312410 1357.1
1312420 1357.1
1312430 1364.4
1312440 1372.0
1312450 1372.0
1312460 1380.0
1312470 1388.0
1312480 1388.0
1312490 1396.0
1312500 1403.6
1312510 1403.6
1312520 1410.9
1312530 1417.7
1312540 1417.7
1312550 1423.8
1312560 1428.4
1312570 1435.6
1312580 1435.6
1312590 1443.3
1312600 1450.8
1312610 1450.8
1312620 1457.0
1312630 1463.6
1312640 1463.6
1312650 1471.3
1312660 1476.6
1312670 1476.6
1312680 1481.3
1312690 1486.7
1312700 1486.7
1312710 1492.2
1312720 1497.4
1312730 1497.4
1312740 1503.5
1312750 1510.3
1312760 1510.3
1312770 1517.6
1312780 1524.7
1312790 1524.7
1312800 1529.4
1312810 1533.5
1312820 1533.5
1312830 1538.2
1312840 1543.0
1312850 1543.0
1312860 1547.6
1312870 1551.2
1312880 1555.0
1312890 1555.0
1312900 1559.1
1312910 1563.0
1312920 1563.0
1312930 1567.6
1312940 1571.3
1312950 1571.3
1312960 1575.2
1312970 1579.8
1312980 1579.8
1312990 1585.0
1313000 1590.8
1313010 1590.8
1313020 1597.0
1313030 1602.3
1313040 1602.3
1313050 1607.1
1313060 1612.0
1313070 1612.0
1313080 1617.3
1313090 1623.0
1313100 1623.0
1313110 1628.8
1313120 1634.7
1313130 1634.7
1313140 1640.0
1313150 1644.8
1313160 1649.1
1313170 1649.1
1313180 1653.7
1313190 1658.6
1313200 1658.6
1313210 1664.7
1313220 1670.9
1313230 1670.9
1313240 1676.1
1313250 1682.6
1313260 1682.6
1313270 1689.3
1313280 1696.6
1313290 1696.6
1313300 1703.2
1313310 1710.5
1313320 1710.5
1313330 1716.9
1313340 1722.3
1313350 1722.3
1313360 1727.1
1313370 1731.5
1313380 1731.5
1313390 1735.6
1313400 1736.6
1313410 1736.6
1313420 1735.5
1313430 1733.1
1313440 1730.4
1313450 1730.4
1313460 1727.8
1313470 1725.2
1313480 1725.2
1313490 1722.3
1313500 1719.1
1313510 1719.1
1313520 1715.5
1313530 1710.6
1313540 1710.6
1313550 1703.8
1313560 1696.3
1313570 1696.3
1313580 1688.6
1313590 1681.7
1313600 1681.7
1313610 1674.9
1313620 1667.7
1313630 1667.7
1313640 1661.4
1313650 1655.9
1313660 1655.9
1313670 1650.0
1313680 1643.7
1313690 1643.7
1313700 1637.2
1313710 1630.1
1313720 1630.1
1313730 1626.2
1313740 1624.0
1313750 1619.3
1313760 1619.3
1313770 1614.2
1313780 1608.1
1313790 1608.1
1313800 1603.1
1313810 1596.0
1313820 1596.0
1313830 1590.6
1313840 1585.8
1313850 1585.8
1313860 1579.0
1313870 1573.1
1313880 1573.1
1313890 1569.9
1313900 1566.7
1313910 1566.7
1313920 1561.4
1313930 1556.3
1313940 1556.3
1313950 1551.7
1313960 1547.3
1313970 1547.3
1313980 1542.9
1313990 1538.0
1314000 1538.0
1314010 1532.4
1314020 1527.1
1314030 1521.7
1314040 1521.7
1314050 1519.6
1314060 1513.1
1314070 1513.1
1314080 1506.0
1314090 1499.3
1314100 1499.3
1314110 1492.5
1314120 1485.3
1314130 1485.3
1314140 1478.7
1314150 1472.5
1314160 1472.5
1314170 1466.5
1314180 1460.5
1314190 1460.5
1314200 1454.2
1314210 1448.5
1314220 1448.5
1314230 1443.1
1314240 1436.9
1314250 1436.9
1314260 1430.5
1314270 1423.7
1314280 1423.7
1314290 1416.5
1314300 1410.8
1314310 1406.9
1314320 1406.9
1314330 1402.9
1314340 1399.5
1314350 1399.5
1314360 1397.1
1314370 1393.7
1314380 1393.7
1314390 1389.8
1314400 1385.4
1314410 1385.4
1314420 1380.1
1314430 1374.4
1314440 1374.4
1314450 1368.4
1314460 1359.9
1314470 1359.9
1314480 1351.7
1314490 1345.4
1314500 1345.4
1314510 1339.8
1314520 1333.6
1314530 1333.6
1314540 1327.0
1314550 1322.5
1314560 1322.5
1314570 1318.5
1314580 1313.9
1314590 1311.9
1314600 1311.9
1314610 1311.1
1314620 1307.7
1314630 1307.7
1314640 1301.8
1314650 1298.4
1314660 1298.4
1314670 1294.3
1314680 1289.0
1314690 1289.0
1314700 1286.8
1314710 1285.8
1314720 1285.8
1314730 1280.7
1314740 1275.5
1314750 1275.5
1314760 1269.9
1314770 1263.6
1314780 1263.6
1314790 1257.8
1314800 1248.0
1314810 1248.0
1314820 1242.0
1314830 1237.4
1314840 1237.4
1314850 1234.3
1314860 1232.8
1314870 1239.1
1314880 1239.1
1314890 1248.0
1314900 1257.3
1314910 1257.3
1314920 1267.6
1314930 1272.0
1314940 1272.0
1314950 1272.9
1314960 1275.4
1314970 1275.4
1314980 1277.5
1314990 1275.3
1315000 1275.3
1315010 1278.7
1315020 1284.7
1315030 1284.7
1315040 1289.8
1315050 1295.2
1315060 1295.2
1315070 1300.4
1315080 1306.8
1315090 1306.8
1315100 1311.5
1315110 1313.4
1315120 1313.4
1315130 1314.9
1315140 1316.6
1315150 1316.6
1315160 1316.2
1315170 1316.2
1315180 1317.9
1315190 1317.9
1315200 1320.5
1315210 1324.4
1315220 1324.4
1315230 1328.1
1315240 1332.5
1315250 1332.5
1315260 1335.5
1315270 1335.4
1315280 1335.4
1315290 1332.6
1315300 1329.8
1315310 1329.8
1315320 1326.7
1315330 1322.4
1315340 1322.4
1315350 1317.5
1315360 1313.0
1315370 1313.0
1315380 1314.5
1315390 1320.1
1315400 1320.1
1315410 1326.0
1315420 1332.9
1315430 1332.9
1315440 1337.9
1315450 1341.7
1315460 1344.6
1315470 1344.6
1315480 1348.0
1315490 1351.1
1315500 1351.1
1315510 1353.3
1315520 1355.7
1315530 1355.7
1315540 1357.9
1315550 1363.0
1315560 1363.0
1315570 1363.5
1315580 1364.6
1315590 1364.6
1315600 1366.8
1315610 1369.9
1315620 1369.9
1315630 1372.7
1315640 1375.2
1315650 1375.2
1315660 1378.4
1315670 1382.7
1315680 1382.7
1315690 1387.3
1315700 1390.8
1315710 1390.8
1315720 1394.3
1315730 1400.8
1315740 1406.4
1315750 1406.4
1315760 1409.5
1315770 1411.3
1315780 1411.3
1315790 1415.0
1315800 1420.6
1315810 1420.6
1315820 1425.7
1315830 1429.2
1315840 1429.2
1315850 1429.9
1315860 1427.6
1315870 1427.6
1315880 1422.0
1315890 1413.4
1315900 1413.4
1315910 1402.7
1315920 1391.0
1315930 1391.0
1315940 1384.6
1315950 1378.7
1315960 1378.7
1315970 1373.8
1315980 1371.0
1315990 1371.0
1316000 1368.1
1316010 1365.4
1316020 1365.4
1316030 1362.2
1316040 1358.8
1316050 1355.6
1316060 1355.6
1316070 1353.1
1316080 1350.0
1316090 1350.0
1316100 1345.0
1316110 1340.3
1316120 1340.3
1316130 1334.9
1316140 1328.7
1316150 1328.7
1316160 1323.5
1316170 1319.8
1316180 1319.8
1316190 1315.2
1316200 1310.8
1316210 1310.8
1316220 1307.6
1316230 1302.1
1316240 1302.1
1316250 1294.7
1316260 1287.2
1316270 1287.2
1316280 1279.4
1316290 1272.6
1316300 1272.6
1316310 1266.3
1316320 1258.6
1316330 1250.5
1316340 1250.5
1316350 1243.2
1316360 1236.4
1316370 1236.4
1316380 1230.2
1316390 1225.3
1316400 1225.3
1316410 1220.3
1316420 1214.1
1316430 1214.1
1316440 1207.3
1316450 1199.8
1316460 1199.8
1316470 1192.3
1316480 1184.8
1316490 1184.8
1316500 1178.3
1316510 1172.6
1316520 1172.6
1316530 1167.8
1316540 1162.8
1316550 1162.8
1316560 1158.2
1316570 1153.4
1316580 1153.4
1316590 1148.4
1316600 1143.5
1316610 1139.6
1316620 1139.6
1316630 1136.1
1316640 1133.6
1316650 1133.6
1316660 1130.9
1316670 1127.9
1316680 1127.9
1316690 1124.5
1316700 1120.0
1316710 1120.0
1316720 1114.8
1316730 1109.9
1316740 1109.9
1316750 1105.2
1316760 1100.7
1316770 1100.7
1316780 1096.4
1316790 1092.0
1316800 1092.0
1316810 1087.0
1316820 1082.1
1316830 1082.1
1316840 1077.9
1316850 1073.3
1316860 1073.3
1316870 1068.0
1316880 1062.8
1316890 1057.1
1316900 1057.1
1316910 1053.0
1316920 1049.5
1316930 1049.5
1316940 1045.7
1316950 1042.0
1316960 1042.0
1316970 1039.6
1316980 1039.0
1316990 1039.0
1317000 1038.4
1317010 1038.3
1317020 1038.3
1317030 1037.3
1317040 1035.5
1317050 1035.5
1317060 1033.7
1317070 1030.4
1317080 1030.4
1317090 1028.1
1317100 1024.0
1317110 1024.0
1317120 1020.8
1317130 1018.9
1317140 1018.9
1317150 1017.4
1317160 1014.4
1317170 1014.4
1317180 1009.0
1317190 1004.0
1317200 999.8
1317210 999.8
1317220 995.6
1317230 991.3
1317240 991.3
1317250 987.4
1317260 983.9
1317270 983.9
1317280 980.7
1317290 977.5
1317300 977.5
1317310 974.7
1317320 972.2
1317330 972.2
1317340 969.4
1317350 966.3
1317360 966.3
1317370 962.4
1317380 956.6
1317390 956.6
1317400 951.4
1317410 945.6
1317420 945.6
1317430 940.4
1317440 935.1
1317450 935.1
1317460 931.2
1317470 928.4
1317480 926.0
1317490 926.0
1317500 922.9
1317510 919.1
1317520 919.1
1317530 916.0
1317540 908.7
1317550 908.7
1317560 901.6
1317570 895.7
1317580 895.7
1317590 890.7
1317600 885.6
1317610 885.6
1317620 881.7
1317630 877.9
1317640 877.9
1317650 874.2
1317660 870.8
1317670 870.8
1317680 868.1
1317690 863.3
1317700 863.3
1317710 858.4
1317720 854.3
1317730 854.3
1317740 850.6
1317750 846.7
1317760 843.2
1317770 843.2
1317780 840.1
1317790 837.2
1317800 837.2
1317810 834.2
1317820 830.6
1317830 830.1
1317840 826.1
1317850 821.3
1317860 821.3
1317870 816.5
1317880 812.6
1317890 812.6
1317900 809.6
1317910 806.2
1317920 806.2
1317930 801.8
1317940 797.7
1317950 797.7
1317960 792.1
1317970 786.6
1317980 786.6
1317990 782.3
1318000 776.8
1318010 776.8
1318020 773.3
1318030 769.4
1318040 764.0
1318050 764.0
1318060 758.5
1318070 752.8
1318080 752.8
1318090 747.1
1318100 741.1
1318110 741.1
1318120 736.5
1318130 732.5
1318140 732.5
1318150 728.9
1318160 725.8
1318170 725.8
1318180 723.3
1318190 721.8
1318200 721.8
1318210 720.2
1318220 717.3
1318230 717.3
1318240 714.3
1318250 710.9
1318260 710.9
1318270 707.8
1318280 704.7
1318290 704.7
1318300 702.5
1318310 700.7
1318320 700.7
1318330 699.8
1318340 699.0
1318350 696.9
1318360 696.9
1318370 695.8
1318380 694.7
1318390 694.7
1318400 693.9
1318410 692.7
1318420 692.7
1318430 691.5
1318440 690.8
1318450 690.8
1318460 690.3
1318470 690.0
1318480 690.0
1318490 689.6
1318500 689.0
1318510 689.0
1318520 688.3
1318530 687.7
1318540 687.7
1318550 686.8
1318560 685.5
1318570 685.5
1318580 684.4
1318590 683.4
1318600 684.4
1318610 683.8
1318620 683.2
1318630 682.3
1318640 682.3
1318650 681.0
1318660 679.0
1318670 679.0
1318680 676.9
1318690 674.2
1318700 674.2
1318710 670.2
1318720 665.6
1318730 665.6
1318740 660.5
1318750 655.7
1318760 655.7
1318770 651.5
1318780 647.8
1318790 647.8
1318800 642.9
1318810 637.5
1318820 637.5
1318830 633.8
1318840 628.6
1318850 628.6
1318860 622.6
1318870 617.4
1318880 617.4
1318890 612.9
1318900 608.6
1318910 604.8
1318920 604.8
1318930 601.0
1318940 596.5
1318950 596.5
1318960 591.4
1318970 585.8
1318980 585.8
1318990 576.7
1319000 566.6
1319010 566.6
1319020 560.4
1319030 554.9
1319040 554.9
1319050 549.4
1319060 543.5
1319070 543.5
1319080 537.4
1319090 532.8
1319100 532.8
1319110 530.7
1319120 530.3
1319130 530.3
1319140 530.1
1319150 530.1
1319160 530.1
1319170 530.1
1319180 530.0
1319190 530.0
1319200 530.0
1319210 529.9
1319220 529.9
1319230 529.9
1319240 529.9
1319250 529.9
1319260 529.9
1319270 529.9
1319280 530.1
1319290 530.1
1319300 530.5
1319310 530.8
1319320 530.8
1319330 530.7
1319340 530.7
1319350 530.7
1319360 530.7
1319370 531.0
1319380 531.0
1319390 530.1
1319400 529.4
1319410 529.4
1319420 529.3
1319430 529.2
1319440 529.2
1319450 529.3
1319460 529.3
1319470 529.3
1319480 529.4
1319490 529.4
1319500 529.4
1319510 529.4
1319520 529.4
1319530 529.5
1319540 529.5
1319550 529.5
1319560 529.4
1319570 529.4
1319580 529.2
1319590 529.2
1319600 529.2
1319610 529.3
1319620 529.2
1319630 529.2
1319640 529.0
1319650 529.0
1319660 529.0
1319670 529.1
1319680 529.1
1319690 529.1
1319700 529.2
1319710 529.2
1319720 529.2
1319730 529.0
1319740 528.6
1319750 528.6
1319760 529.1
1319770 529.2
1319780 529.2
1319790 529.2
1319800 529.2
1319810 529.3
1319820 529.3
1319830 529.4
1319840 529.4
1319850 529.4
1319860 529.5
1319870 529.5
1319880 529.5
1319890 529.6
1319900 529.6
1319910 529.6
1319920 529.6
1319930 529.6
1319940 529.6
1319950 529.7
1319960 529.7
1319970 529.7
1319980 529.6
1319990 529.7
