1300000 1213.2
1300010 1213.2
1300020 1210.9
1300030 1208.9
1300040 1208.9
1300050 1207.2
1300060 1205.6
1300070 1205.6
1300080 1203.3
1300090 1200.8
1300100 1200.8
1300110 1201.0
1300120 1199.4
1300130 1199.4
1300140 1197.9
1300150 1195.8
1300160 1195.8
1300170 1192.7
1300180 1191.3
1300190 1191.3
1300200 1190.2
1300210 1186.7
1300220 1186.7
1300230 1183.7
1300240 1182.1
1300250 1182.1
1300260 1182.3
1300270 1178.5
1300280 1172.5
1300290 1172.5
1300300 1169.4
1300310 1170.5
1300320 1170.5
1300330 1173.2
1300340 1175.4
1300350 1175.4
1300360 1176.5
1300370 1176.6
1300380 1176.6
1300390 1177.0
1300400 1176.8
1300410 1176.8
1300420 1175.4
1300430 1174.0
1300440 1174.0
1300450 1172.2
1300460 1170.4
1300470 1170.4
1300480 1169.5
1300490 1166.7
1300500 1166.7
1300510 1162.2
1300520 1159.9
1300530 1159.9
1300540 1160.4
1300550 1160.4
1300560 1160.4
1300570 1159.4
1300580 1158.2
1300590 1157.8
1300600 1157.8
1300610 1157.1
1300620 1156.1
1300630 1161.4
1300640 1160.4
1300650 1158.9
1300660 1158.9
1300670 1156.8
1300680 1154.5
1300690 1154.5
1300700 1152.4
1300710 1150.7
1300720 1150.7
1300730 1148.8
1300740 1148.1
1300750 1148.1
1300760 1147.2
1300770 1145.0
1300780 1145.0
1300790 1142.8
1300800 1140.8
1300810 1140.8
1300820 1138.2
1300830 1134.9
1300840 1134.9
1300850 1131.2
1300860 1127.4
1300870 1123.4
1300880 1123.4
1300890 1119.5
1300900 1116.1
1300910 1116.1
1300920 1112.4
1300930 1111.6
1300940 1111.6
1300950 1112.6
1300960 1112.3
1300970 1112.3
1300980 1110.1
1300990 1107.1
1301000 1107.1
1301010 1103.6
1301020 1099.9
1301030 1099.9
1301040 1096.7
1301050 1093.4
1301060 1093.4
1301070 1090.9
1301080 1088.2
1301090 1088.2
1301100 1085.5
1301110 1082.2
1301120 1082.2
1301130 1079.1
1301140 1075.9
1301150 1072.9
1301160 1072.9
1301170 1069.9
1301180 1067.0
1301190 1067.0
1301200 1063.9
1301210 1060.6
1301220 1060.6
1301230 1056.7
1301240 1053.0
1301250 1053.0
1301260 1048.1
1301270 1043.5
1301280 1043.5
1301290 1037.8
1301300 1032.0
1301310 1032.0
1301320 1028.6
1301330 1023.7
1301340 1023.7
1301350 1019.4
1301360 1014.8
1301370 1014.8
1301380 1010.1
1301390 1005.5
1301400 1005.5
1301410 1001.1
1301420 997.6
1301430 997.6
1301440 994.2
1301450 989.9
1301460 985.4
1301470 985.4
1301480 981.5
1301490 976.9
1301500 976.9
1301510 970.8
1301520 964.9
1301530 964.9
1301540 959.3
1301550 952.5
1301560 952.5
1301570 945.8
1301580 939.2
1301590 939.2
1301600 933.2
1301610 927.6
1301620 927.6
1301630 921.8
1301640 916.3
1301650 916.3
1301660 910.7
1301670 904.0
1301680 904.0
1301690 898.9
1301700 897.4
1301710 897.4
1301720 896.7
1301730 894.5
1301740 888.9
1301750 888.9
1301760 882.2
1301770 874.9
1301780 874.9
1301790 868.2
1301800 864.6
1301810 864.6
1301820 863.9
1301830 862.2
1301840 862.2
1301850 858.5
1301860 854.2
1301870 854.2
1301880 853.1
1301890 855.3
1301900 855.3
1301910 860.7
1301920 866.0
1301930 866.0
1301940 865.4
1301950 860.8
1301960 860.8
1301970 855.7
1301980 851.1
1301990 851.1
1302000 849.4
1302010 850.4
1302020 853.0
1302030 854.7
1302040 857.8
1302050 862.8
1302060 862.8
1302070 868.9
1302080 874.9
1302090 874.9
1302100 879.0
1302110 879.3
1302120 879.3
1302130 878.5
1302140 878.8
1302150 878.8
1302160 880.2
1302170 884.9
1302180 884.9
1302190 889.6
1302200 888.7
1302210 888.7
1302220 888.0
1302230 888.5
1302240 888.5
1302250 888.5
1302260 889.4
1302270 889.4
1302280 887.6
1302290 881.2
1302300 881.2
1302310 873.7
1302320 867.4
1302330 861.7
1302340 861.7
1302350 857.4
1302360 855.2
1302370 855.2
1302380 854.2
1302390 853.5
1302400 853.5
1302410 851.7
1302420 851.3
1302430 851.3
1302440 851.5
1302450 851.6
1302460 851.6
1302470 852.3
1302480 854.0
1302490 854.0
1302500 855.5
1302510 859.4
1302520 859.4
1302530 864.3
1302540 867.8
1302550 867.8
1302560 867.7
1302570 862.3
1302580 862.3
1302590 855.3
1302600 847.9
1302610 840.9
1302620 840.9
1302630 834.0
1302640 829.3
1302650 829.3
1302660 826.3
1302670 826.0
1302680 826.0
1302690 827.1
1302700 828.8
1302710 828.8
1302720 836.9
1302730 838.5
1302740 838.5
1302750 838.1
1302760 834.5
1302770 834.5
1302780 830.4
1302790 828.2
1302800 828.2
1302810 831.1
1302820 834.9
1302830 834.9
1302840 836.9
1302850 837.0
1302860 837.0
1302870 838.6
1302880 840.8
1302890 840.8
1302900 842.8
1302910 845.2
1302920 845.5
1302930 845.5
1302940 840.6
1302950 834.5
1302960 834.5
1302970 830.4
1302980 831.9
1302990 831.9
1303000 831.7
1303010 828.1
1303020 828.1
1303030 823.8
1303040 819.3
1303050 819.3
1303060 815.1
1303070 811.0
1303080 811.0
1303090 806.9
1303100 802.5
1303110 802.5
1303120 797.8
1303130 793.5
1303140 793.5
1303150 789.7
1303160 785.8
1303170 785.8
1303180 781.7
1303190 777.3
1303200 772.4
1303210 772.4
1303220 767.6
1303230 762.5
1303240 762.5
1303250 756.8
1303260 751.0
1303270 751.0
1303280 744.9
1303290 739.2
1303300 739.2
1303310 734.0
1303320 729.3
1303330 729.3
1303340 724.6
1303350 719.5
1303360 719.5
1303370 714.1
1303380 708.2
1303390 708.2
1303400 701.5
1303410 694.4
1303420 693.1
1303430 687.1
1303440 681.9
1303450 681.9
1303460 677.7
1303470 673.8
1303480 673.8
1303490 670.2
1303500 666.7
1303510 662.5
1303520 662.5
1303530 656.9
1303540 651.2
1303550 651.2
1303560 646.2
1303570 641.7
1303580 641.7
1303590 638.0
1303600 634.3
1303610 634.3
1303620 629.5
1303630 624.3
1303640 624.3
1303650 617.3
1303660 611.5
1303670 611.5
1303680 607.2
1303690 604.4
1303700 604.4
1303710 604.0
1303720 603.7
1303730 603.7
1303740 604.1
1303750 604.0
1303760 604.0
1303770 605.0
1303780 609.0
1303790 618.2
1303800 618.2
1303810 625.1
1303820 628.2
1303830 628.2
1303840 628.1
1303850 623.6
1303860 623.6
1303870 618.0
1303880 612.4
1303890 612.4
1303900 607.4
1303910 602.7
1303920 602.7
1303930 598.6
1303940 595.4
1303950 595.4
1303960 590.3
1303970 576.7
1303980 576.7
1303990 572.3
1304000 575.3
1304010 575.3
1304020 579.5
1304030 581.7
1304040 581.7
1304050 581.6
1304060 581.9
1304070 581.6
1304080 581.6
1304090 581.2
1304100 580.7
1304110 580.7
1304120 580.9
1304130 579.3
1304140 579.3
1304150 578.4
1304160 577.6
1304170 577.6
1304180 576.8
1304190 576.6
1304200 576.6
1304210 575.8
1304220 574.7
1304230 574.7
1304240 573.6
1304250 572.7
1304260 572.7
1304270 571.9
1304280 571.1
1304290 571.1
1304300 570.3
1304310 569.6
1304320 569.6
1304330 569.0
1304340 568.1
1304350 568.1
1304360 567.1
1304370 566.4
1304380 565.9
1304390 565.9
1304400 565.6
1304410 565.5
1304420 565.5
1304430 565.4
1304440 565.0
1304450 565.0
1304460 564.3
1304470 563.1
1304480 563.1
1304490 562.1
1304500 561.7
1304510 561.7
1304520 561.3
1304530 560.5
1304540 560.5
1304550 559.7
1304560 559.0
1304570 559.0
1304580 558.3
1304590 557.8
1304600 557.8
1304610 557.2
1304620 556.6
1304630 556.6
1304640 556.1
1304650 555.6
1304660 555.2
1304670 555.2
1304680 554.7
1304690 554.2
1304700 554.2
1304710 553.6
1304720 553.1
1304730 553.1
1304740 552.6
1304750 552.1
1304760 552.1
1304770 551.6
1304780 551.3
1304790 551.3
1304800 550.9
1304810 550.4
1304820 550.4
1304830 549.7
1304840 549.1
1304850 549.1
1304860 548.7
1304870 548.3
1304880 548.3
1304890 547.9
1304900 547.6
1304910 547.6
1304920 547.2
1304930 546.9
1304940 546.9
1304950 546.6
1304960 546.3
1304970 545.8
1304980 545.8
1304990 545.0
1305000 544.5
1305010 544.5
1305020 544.1
1305030 543.9
1305040 543.9
1305050 543.6
1305060 542.9
1305070 542.9
1305080 542.3
1305090 541.6
1305100 541.6
1305110 541.2
1305120 540.8
1305130 540.8
1305140 540.5
1305150 540.2
1305160 540.2
1305170 540.0
1305180 539.7
1305190 539.7
1305200 539.4
1305210 539.1
1305220 539.1
1305230 538.8
1305240 538.5
1305250 538.2
1305260 538.2
1305270 537.9
1305280 537.9
1305290 537.9
1305300 537.8
1305310 537.5
1305320 537.5
1305330 537.1
1305340 533.7
1305350 533.7
1305360 531.3
1305370 531.0
1305380 531.0
1305390 531.0
1305400 531.0
1305410 531.0
1305420 530.9
1305430 530.9
1305440 530.9
1305450 530.9
1305460 530.8
1305470 530.8
1305480 530.8
1305490 530.8
1305500 530.8
1305510 530.8
1305520 530.8
1305530 530.9
1305540 530.9
1305550 531.0
1305560 531.0
1305570 531.0
1305580 531.0
1305590 531.1
1305600 531.1
1305610 531.2
1305620 531.2
1305630 531.2
1305640 531.1
1305650 531.0
1305660 531.0
1305670 530.8
1305680 530.8
1305690 530.8
1305700 530.8
1305710 531.0
1305720 531.0
1305730 531.1
1305740 531.2
1305750 531.2
1305760 531.1
1305770 531.1
1305780 531.1
1305790 531.1
1305800 530.8
1305810 530.8
1305820 530.5
1305830 530.4
1305840 530.4
1305850 530.4
1305860 530.4
1305870 530.6
1305880 530.6
1305890 530.8
1305900 530.7
1305910 530.7
1305920 530.6
1305930 530.6
1305940 530.6
1305950 530.6
1305960 530.6
1305970 530.6
1305980 530.7
1305990 530.7
1306000 530.7
1306010 530.6
1306020 530.6
1306030 530.6
1306040 530.6
1306050 530.7
1306060 530.7
1306070 530.7
1306080 530.8
1306090 530.8
1306100 530.9
1306110 530.6
1306120 529.5
1306130 529.5
1306140 529.0
1306150 529.3
1306160 529.3
1306170 530.1
1306180 532.4
1306190 532.4
1306200 534.1
1306210 534.1
1306220 534.1
1306230 532.5
1306240 531.0
1306250 531.0
1306260 530.7
1306270 530.7
1306280 530.7
1306290 530.8
1306300 530.7
1306310 530.7
1306320 530.6
1306330 530.7
1306340 530.7
1306350 530.7
1306360 530.8
1306370 530.8
1306380 530.9
1306390 530.9
1306400 531.6
1306410 531.6
1306420 532.9
1306430 533.0
1306440 533.0
1306450 534.5
1306460 539.0
1306470 539.0
1306480 542.1
1306490 542.0
1306500 542.0
1306510 541.2
1306520 540.9
1306530 540.9
1306540 540.1
1306550 535.9
1306560 535.9
1306570 531.7
1306580 531.0
1306590 531.0
1306600 530.8
1306610 531.0
1306620 531.0
1306630 531.9
1306640 531.8
1306650 531.8
1306660 531.9
1306670 535.1
1306680 535.1
1306690 539.9
1306700 541.1
1306710 536.1
1306720 536.1
1306730 531.4
1306740 531.0
1306750 531.0
1306760 531.2
1306770 531.5
1306780 531.5
1306790 532.1
1306800 533.3
1306810 533.3
1306820 533.7
1306830 533.8
1306840 533.8
1306850 533.7
1306860 533.5
1306870 533.5
1306880 532.4
1306890 531.8
1306900 531.8
1306910 531.5
1306920 531.4
1306930 531.4
1306940 530.1
1306950 528.3
1306960 528.3
1306970 528.0
1306980 528.0
1306990 527.9
1307000 527.9
1307010 527.9
1307020 527.9
1307030 527.9
1307040 527.9
1307050 527.9
1307060 527.9
1307070 527.9
1307080 527.9
1307090 527.9
1307100 527.9
1307110 527.9
1307120 527.9
1307130 527.9
1307140 527.9
1307150 527.9
1307160 527.8
1307170 527.8
1307180 527.8
1307190 527.8
1307200 528.5
1307210 528.5
1307220 530.4
1307230 531.6
1307240 531.6
1307250 531.9
1307260 531.8
1307270 531.8
1307280 531.4
1307290 531.2
1307300 531.1
1307310 531.1
1307320 531.1
1307330 531.1
1307340 531.1
1307350 531.0
1307360 530.9
1307370 530.9
1307380 530.9
1307390 530.8
1307400 530.8
1307410 530.9
1307420 530.9
1307430 530.9
1307440 530.9
1307450 530.8
1307460 530.8
1307470 530.9
1307480 530.8
1307490 530.8
1307500 530.8
1307510 530.7
1307520 530.7
1307530 530.7
1307540 530.7
1307550 530.7
1307560 530.7
1307570 530.7
1307580 530.8
1307590 530.8
1307600 530.8
1307610 530.8
1307620 530.8
1307630 530.7
1307640 530.7
1307650 530.7
1307660 530.8
1307670 530.8
1307680 530.8
1307690 530.9
1307700 531.0
1307710 531.0
1307720 531.4
1307730 530.9
1307740 530.9
1307750 532.1
1307760 533.7
1307770 533.7
1307780 534.2
1307790 534.8
1307800 534.8
1307810 535.6
1307820 536.7
1307830 536.7
1307840 537.8
1307850 538.9
1307860 539.1
1307870 539.1
1307880 539.3
1307890 540.0
1307900 540.0
1307910 540.9
1307920 541.4
1307930 541.4
1307940 542.1
1307950 543.1
1307960 543.1
1307970 543.7
1307980 544.4
1307990 544.4
1308000 545.4
1308010 547.6
1308020 547.6
1308030 549.0
1308040 550.3
1308050 550.3
1308060 550.9
1308070 551.8
1308080 551.8
1308090 552.5
1308100 553.4
1308110 553.4
1308120 554.9
1308130 555.9
1308140 555.9
1308150 556.9
1308160 558.2
1308170 559.4
1308180 559.4
1308190 560.5
1308200 561.7
1308210 561.7
1308220 562.9
1308230 564.1
1308240 564.1
1308250 565.2
1308260 566.3
1308270 566.3
1308280 567.5
1308290 568.9
1308300 568.9
1308310 570.4
1308320 571.8
1308330 571.8
1308340 572.9
1308350 574.0
1308360 574.0
1308370 576.1
1308380 577.4
1308390 577.4
1308400 578.5
1308410 579.0
1308420 579.8
1308430 580.0
1308440 579.2
1308450 577.4
1308460 577.4
1308470 576.3
1308480 580.4
1308490 580.4
1308500 582.4
1308510 585.2
1308520 585.2
1308530 588.3
1308540 589.3
1308550 589.3
1308560 589.9
1308570 590.0
1308580 590.0
1308590 588.9
1308600 587.9
1308610 587.9
1308620 587.8
1308630 586.9
1308640 586.9
1308650 585.2
1308660 585.0
1308670 585.0
1308680 585.1
1308690 586.4
1308700 586.4
1308710 589.3
1308720 592.9
1308730 597.0
1308740 597.0
1308750 601.4
1308760 606.0
1308770 606.0
1308780 610.8
1308790 616.5
1308800 616.5
1308810 623.3
1308820 629.9
1308830 629.9
1308840 634.8
1308850 637.9
1308860 637.9
1308870 639.5
1308880 641.3
1308890 641.3
1308900 643.7
1308910 646.3
1308920 646.3
1308930 649.9
1308940 651.5
1308950 651.5
1308960 651.9
1308970 652.0
1308980 652.0
1308990 652.0
1309000 652.4
1309010 652.4
1309020 654.2
1309030 656.2
1309040 657.2
1309050 657.2
1309060 657.8
1309070 658.1
1309080 658.1
1309090 658.2
1309100 658.1
1309110 658.1
1309120 657.7
1309130 656.4
1309140 659.1
1309150 656.4
1309160 655.7
1309170 655.7
1309180 659.4
1309190 663.7
1309200 663.7
1309210 667.6
1309220 671.2
1309230 671.2
1309240 675.1
1309250 680.5
1309260 680.5
1309270 685.9
1309280 690.3
1309290 690.3
1309300 695.5
1309310 701.7
1309320 705.4
1309330 705.4
1309340 708.8
1309350 712.2
1309360 712.2
1309370 715.4
1309380 718.8
1309390 718.8
1309400 721.8
1309410 723.9
1309420 723.9
1309430 726.4
1309440 729.5
1309450 729.5
1309460 732.3
1309470 734.9
1309480 734.9
1309490 737.0
1309500 739.2
1309510 739.2
1309520 741.6
1309530 744.6
1309540 744.6
1309550 750.5
1309560 757.0
1309570 757.0
1309580 761.7
1309590 765.7
1309600 765.7
1309610 768.2
1309620 770.5
1309630 772.0
1309640 772.0
1309650 774.2
1309660 775.7
1309670 775.7
1309680 778.0
1309690 779.4
1309700 779.4
1309710 781.2
1309720 784.5
1309730 784.5
1309740 789.4
1309750 794.8
1309760 794.8
1309770 800.2
1309780 806.4
1309790 806.4
1309800 814.3
1309810 822.7
1309820 822.7
1309830 830.0
1309840 835.6
1309850 835.6
1309860 839.2
1309870 839.7
1309880 839.7
1309890 842.4
1309900 844.3
1309910 847.3
1309920 847.3
1309930 850.1
1309940 850.6
1309950 850.6
1309960 851.8
1309970 853.6
1309980 853.6
1309990 855.2
1310000 855.4
1310010 855.4
1310020 855.8
1310030 856.6
1310040 856.6
1310050 856.7
1310060 858.4
1310070 858.4
1310080 859.8
1310090 859.4
1310100 859.4
1310110 856.9
1310120 853.8
1310130 853.8
1310140 851.5
1310150 850.1
1310160 850.1
1310170 848.8
1310180 846.6
1310190 844.4
1310200 844.4
1310210 843.7
1310220 844.4
1310230 844.4
1310240 845.4
1310250 846.4
1310260 846.4
1310270 847.0
1310280 847.3
1310290 847.3
1310300 847.4
1310310 848.5
1310320 848.5
1310330 851.1
1310340 854.7
1310350 854.7
1310360 858.9
1310370 863.3
1310380 863.3
1310390 868.7
1310400 874.2
1310410 874.2
1310420 879.7
1310430 885.9
1310440 885.9
1310450 891.7
1310460 895.6
1310470 895.6
1310480 898.0
1310490 899.2
1310500 899.7
1310510 899.7
1310520 898.6
1310530 896.8
1310540 896.8
1310550 895.5
1310560 894.7
1310570 894.7
1310580 894.2
1310590 893.8
1310600 895.7
1310610 896.3
1310620 896.5
1310630 896.5
1310640 897.3
1310650 898.7
1310660 898.7
1310670 900.5
1310680 902.0
1310690 902.0
1310700 903.0
1310710 903.6
1310720 903.6
1310730 904.4
1310740 904.8
1310750 904.8
1310760 904.1
1310770 902.5
1310780 900.2
1310790 900.2
1310800 897.5
1310810 895.0
1310820 895.0
1310830 893.2
1310840 892.0
1310850 892.0
1310860 891.2
1310870 890.5
1310880 890.5
1310890 890.0
1310900 889.8
1310910 889.8
1310920 890.5
1310930 891.6
1310940 891.6
1310950 892.8
1310960 893.6
1310970 893.6
1310980 894.0
1310990 894.1
1311000 894.1
1311010 894.1
1311020 894.5
1311030 894.5
1311040 895.7
1311050 896.5
1311060 896.5
1311070 896.2
1311080 895.6
1311090 889.0
1311100 889.0
1311110 877.5
1311120 869.4
1311130 869.4
1311140 861.5
1311150 854.2
1311160 854.2
1311170 848.0
1311180 842.4
1311190 842.4
1311200 837.0
1311210 833.2
1311220 833.2
1311230 828.0
1311240 821.0
1311250 821.0
1311260 813.0
1311270 806.1
1311280 806.1
1311290 800.8
1311300 794.1
1311310 794.1
1311320 786.3
1311330 780.1
1311340 775.2
1311350 771.1
1311360 768.4
1311370 766.6
1311380 766.6
1311390 766.6
1311400 770.0
1311410 770.0
1311420 775.6
1311430 781.0
1311440 781.0
1311450 785.9
1311460 789.7
1311470 789.7
1311480 793.5
1311490 797.8
1311500 797.8
1311510 804.9
1311520 809.9
1311530 809.9
1311540 817.0
1311550 821.5
1311560 821.5
1311570 823.4
1311580 826.1
1311590 826.1
1311600 830.1
1311610 833.1
1311620 833.1
1311630 836.7
1311640 839.2
1311650 838.0
1311660 838.0
1311670 838.4
1311680 837.8
1311690 837.8
1311700 837.0
1311710 835.2
1311720 835.2
1311730 837.6
1311740 849.4
1311750 849.4
1311760 859.0
1311770 869.0
1311780 869.0
1311790 879.6
1311800 885.8
1311810 885.8
1311820 890.7
1311830 895.4
1311840 895.4
1311850 899.9
1311860 905.4
1311870 905.4
1311880 911.0
1311890 916.9
1311900 916.9
1311910 922.8
1311920 929.1
1311930 929.1
1311940 934.9
1311950 937.1
1311960 934.7
1311970 934.7
1311980 931.2
1311990 927.6
1312000 927.6
1312010 924.4
1312020 920.5
1312030 920.5
1312040 915.4
1312050 912.4
1312060 912.4
1312070 909.8
1312080 915.6
1312090 915.6
1312100 918.3
1312110 920.4
1312120 920.4
1312130 921.4
1312140 925.5
1312150 925.5
1312160 932.9
1312170 939.8
1312180 939.8
1312190 946.8
1312200 952.2
1312210 952.2
1312220 956.4
1312230 955.5
1312240 951.9
1312250 951.9
1312260 948.3
1312270 945.8
1312280 945.8
1312290 943.5
1312300 942.1
1312310 942.1
1312320 942.4
1312330 945.3
1312340 945.3
1312350 950.9
1312360 957.5
1312370 957.5
1312380 963.2
1312390 965.4
1312400 965.4
1312410 966.2
1312420 965.9
1312430 965.9
1312440 962.2
1312450 959.3
1312460 959.3
1312470 959.5
1312480 959.0
1312490 959.0
1312500 952.8
1312510 943.8
1312520 936.6
1312530 936.6
1312540 929.9
1312550 923.5
1312560 923.5
1312570 918.9
1312580 918.0
1312590 918.0
1312600 919.8
1312610 921.4
1312620 921.4
1312630 923.2
1312640 925.1
1312650 925.1
1312660 927.1
1312670 927.6
1312680 927.6
1312690 928.2
1312700 930.6
1312710 930.6
1312720 933.2
1312730 937.6
1312740 937.6
1312750 944.7
1312760 951.6
1312770 951.6
1312780 958.0
1312790 961.4
1312800 961.4
1312810 964.4
1312820 969.8
1312830 971.5
1312840 971.5
1312850 973.9
1312860 977.0
1312870 977.0
1312880 980.0
1312890 983.2
1312900 983.2
1312910 988.1
1312920 994.3
1312930 994.3
1312940 999.8
1312950 1004.7
1312960 1004.7
1312970 1009.5
1312980 1013.6
1312990 1013.6
1313000 1017.5
1313010 1021.9
1313020 1021.9
1313030 1026.6
1313040 1031.5
1313050 1031.5
1313060 1036.3
1313070 1041.2
1313080 1041.2
1313090 1045.6
1313100 1050.1
1313110 1055.3
1313120 1055.3
1313130 1060.7
1313140 1066.3
1313150 1066.3
1313160 1071.1
1313170 1076.0
1313180 1076.0
1313190 1081.7
1313200 1087.1
1313210 1087.1
1313220 1092.3
1313230 1097.7
1313240 1097.7
1313250 1103.1
1313260 1108.0
1313270 1108.0
1313280 1113.2
1313290 1118.8
1313300 1118.8
1313310 1124.7
1313320 1130.1
1313330 1130.1
1313340 1135.6
1313350 1141.8
1313360 1141.8
1313370 1147.4
1313380 1152.9
1313390 1159.2
1313400 1159.2
1313410 1167.0
1313420 1175.7
1313430 1175.7
1313440 1184.2
1313450 1193.6
1313460 1193.6
1313470 1203.4
1313480 1211.1
1313490 1211.1
1313500 1221.5
1313510 1232.0
1313520 1232.0
1313530 1239.6
1313540 1243.1
1313550 1243.1
1313560 1256.2
1313570 1262.5
1313580 1262.5
1313590 1269.0
1313600 1273.2
1313610 1273.2
1313620 1276.0
1313630 1279.1
1313640 1279.1
1313650 1282.0
1313660 1285.6
1313670 1285.6
1313680 1289.4
1313690 1293.4
1313700 1298.1
1313710 1298.1
1313720 1303.5
1313730 1308.1
1313740 1308.1
1313750 1314.5
1313760 1321.5
1313770 1321.5
1313780 1325.9
1313790 1328.4
1313800 1328.4
1313810 1333.2
1313820 1339.6
1313830 1339.6
1313840 1345.0
1313850 1348.1
1313860 1348.1
1313870 1351.2
1313880 1353.0
1313890 1353.0
1313900 1351.1
1313910 1351.6
1313920 1351.6
1313930 1355.3
1313940 1359.1
1313950 1359.1
1313960 1362.2
1313970 1364.1
1313980 1365.0
1313990 1365.0
1314000 1366.1
1314010 1369.0
1314020 1369.0
1314030 1371.5
1314040 1372.7
1314050 1372.7
1314060 1373.2
1314070 1373.9
1314080 1373.9
1314090 1374.3
1314100 1374.8
1314110 1374.8
1314120 1376.1
1314130 1377.4
1314140 1377.4
1314150 1378.1
1314160 1379.0
1314170 1379.0
1314180 1381.5
1314190 1385.1
1314200 1385.1
1314210 1387.1
1314220 1388.0
1314230 1388.0
1314240 1390.4
1314250 1390.6
1314260 1390.6
1314270 1388.9
1314280 1389.8
1314290 1391.8
1314300 1391.8
1314310 1399.6
1314320 1402.6
1314330 1402.6
1314340 1406.0
1314350 1409.0
1314360 1409.0
1314370 1413.2
1314380 1418.4
1314390 1418.4
1314400 1423.0
1314410 1426.6
1314420 1426.6
1314430 1428.0
1314440 1427.4
1314450 1427.4
1314460 1427.6
1314470 1427.7
1314480 1427.7
1314490 1425.9
1314500 1427.1
1314510 1427.1
1314520 1430.4
1314530 1435.8
1314540 1435.8
1314550 1439.4
1314560 1440.4
1314570 1441.3
1314580 1441.3
1314590 1441.2
1314600 1440.8
1314610 1440.8
1314620 1443.3
1314630 1449.5
1314640 1449.5
1314650 1453.7
1314660 1455.4
1314670 1455.4
1314680 1458.5
1314690 1463.0
1314700 1463.0
1314710 1467.8
1314720 1473.8
1314730 1473.8
1314740 1480.1
1314750 1486.7
1314760 1486.7
1314770 1494.7
1314780 1503.3
1314790 1503.3
1314800 1504.4
1314810 1501.8
1314820 1501.8
1314830 1499.0
1314840 1496.2
1314850 1493.8
1314860 1493.8
1314870 1491.4
1314880 1487.3
1314890 1487.3
1314900 1483.2
1314910 1477.6
1314920 1477.6
1314930 1467.4
1314940 1456.7
1314950 1456.7
1314960 1448.1
1314970 1440.8
1314980 1440.8
1314990 1433.7
1315000 1426.4
1315010 1426.4
1315020 1419.7
1315030 1413.9
1315040 1413.9
1315050 1409.0
1315060 1406.8
1315070 1406.8
1315080 1402.0
1315090 1398.0
1315100 1398.0
1315110 1395.4
1315120 1393.2
1315130 1393.2
1315140 1389.0
1315150 1382.2
1315160 1376.4
1315170 1376.4
1315180 1370.9
1315190 1366.5
1315200 1366.5
1315210 1362.6
1315220 1358.2
1315230 1358.2
1315240 1354.7
1315250 1351.3
1315260 1351.3
1315270 1348.4
1315280 1346.3
1315290 1346.3
1315300 1343.7
1315310 1340.2
1315320 1340.2
1315330 1336.4
1315340 1332.0
1315350 1332.0
1315360 1328.6
1315370 1324.7
1315380 1324.7
1315390 1320.4
1315400 1316.8
1315410 1316.8
1315420 1312.5
1315430 1305.0
1315440 1296.1
1315450 1296.1
1315460 1287.8
1315470 1281.3
1315480 1281.3
1315490 1276.2
1315500 1272.4
1315510 1272.4
1315520 1267.9
1315530 1262.7
1315540 1262.7
1315550 1258.1
1315560 1253.6
1315570 1253.6
1315580 1249.8
1315590 1245.1
1315600 1245.1
1315610 1240.0
1315620 1235.0
1315630 1235.0
1315640 1229.5
1315650 1223.7
1315660 1223.7
1315670 1218.8
1315680 1214.6
1315690 1214.6
1315700 1210.9
1315710 1206.6
1315720 1202.0
1315730 1202.0
1315740 1198.3
1315750 1193.5
1315760 1193.5
1315770 1187.4
1315780 1181.0
1315790 1181.0
1315800 1174.2
1315810 1167.9
1315820 1167.9
1315830 1160.2
1315840 1153.3
1315850 1153.3
1315860 1146.4
1315870 1140.6
1315880 1140.6
1315890 1135.4
1315900 1130.0
1315910 1130.0
1315920 1126.4
1315930 1122.7
1315940 1122.7
1315950 1118.6
1315960 1114.5
1315970 1114.5
1315980 1109.5
1315990 1104.2
1316000 1104.2
1316010 1099.2
1316020 1095.5
1316030 1092.3
1316040 1092.3
1316050 1088.5
1316060 1085.6
1316070 1085.6
1316080 1083.6
1316090 1081.0
1316100 1081.0
1316110 1077.7
1316120 1074.3
1316130 1074.3
1316140 1071.1
1316150 1067.9
1316160 1067.9
1316170 1064.8
1316180 1062.0
1316190 1062.0
1316200 1057.9
1316210 1052.5
1316220 1052.5
1316230 1046.0
1316240 1038.7
1316250 1038.7
1316260 1033.6
1316270 1032.0
1316280 1032.0
1316290 1030.6
1316300 1028.1
1316310 1026.2
1316320 1026.2
1316330 1025.9
1316340 1026.0
1316350 1026.0
1316360 1025.7
1316370 1024.8
1316380 1024.8
1316390 1023.5
1316400 1021.8
1316410 1021.8
1316420 1019.4
1316430 1016.3
1316440 1016.3
1316450 1012.5
1316460 1008.3
1316470 1008.3
1316480 1004.6
1316490 1002.0
1316500 1002.0
1316510 1000.3
1316520 998.8
1316530 998.8
1316540 993.9
1316550 986.9
1316560 986.9
1316570 982.8
1316580 976.5
1316590 976.5
1316600 970.6
1316610 965.3
1316620 960.4
1316630 960.4
1316640 955.6
1316650 947.3
1316660 947.3
1316670 938.2
1316680 931.8
1316690 931.8
1316700 924.4
1316710 916.8
1316720 916.8
1316730 904.7
1316740 892.2
1316750 892.2
1316760 882.7
1316770 873.7
1316780 873.7
1316790 866.9
1316800 860.0
1316810 860.0
1316820 851.6
1316830 840.7
1316840 840.7
1316850 829.0
1316860 812.3
1316870 812.3
1316880 797.9
1316890 784.1
1316900 761.7
1316910 761.7
1316920 753.5
1316930 762.0
1316940 762.0
1316950 778.3
1316960 790.2
1316970 790.2
1316980 797.3
1316990 807.8
1317000 807.8
1317010 821.3
1317020 837.7
1317030 837.7
1317040 845.7
1317050 850.3
1317060 850.3
1317070 856.6
1317080 865.1
1317090 865.1
1317100 874.8
1317110 885.9
1317120 885.9
1317130 893.0
1317140 891.5
1317150 891.5
1317160 886.9
1317170 881.9
1317180 875.7
1317190 875.7
1317200 869.8
1317210 865.2
1317220 865.2
1317230 863.2
1317240 857.1
1317250 857.1
1317260 849.4
1317270 848.0
1317280 848.0
1317290 850.0
1317300 850.9
1317310 850.9
1317320 847.2
1317330 844.0
1317340 844.0
1317350 840.7
1317360 839.4
1317370 839.4
1317380 839.3
1317390 837.9
1317400 837.9
1317410 837.7
1317420 834.5
1317430 834.5
1317440 826.8
1317450 820.1
1317460 820.1
1317470 814.3
1317480 809.3
1317490 805.1
1317500 805.1
1317510 801.3
1317520 796.7
1317530 796.7
1317540 788.5
1317550 778.5
1317560 778.5
1317570 771.3
1317580 766.8
1317590 766.8
1317600 759.6
1317610 751.0
1317620 751.0
1317630 742.7
1317640 733.9
1317650 733.9
1317660 725.3
1317670 718.0
1317680 718.0
1317690 711.3
1317700 705.6
1317710 705.6
1317720 701.0
1317730 696.5
1317740 696.5
1317750 694.8
1317760 693.2
1317770 687.9
1317780 687.9
1317790 682.5
1317800 678.6
1317810 678.6
1317820 669.4
1317830 658.6
1317840 658.6
1317850 648.6
1317860 639.2
1317870 639.2
1317880 630.6
1317890 621.8
1317900 621.8
1317910 613.8
1317920 607.1
1317930 607.1
1317940 600.0
1317950 592.8
1317960 592.8
1317970 585.6
1317980 578.1
1317990 578.1
1318000 571.3
1318010 564.4
1318020 564.4
1318030 557.5
1318040 551.5
1318050 548.2
1318060 548.2
1318070 546.0
1318080 544.2
1318090 544.2
1318100 545.0
1318110 543.2
1318120 543.2
1318130 541.0
1318140 539.1
1318150 539.1
1318160 537.7
1318170 537.1
1318180 537.1
1318190 536.8
1318200 536.5
1318210 536.5
1318220 536.3
1318230 536.1
1318240 536.1
1318250 536.0
1318260 535.6
1318270 535.6
1318280 535.3
1318290 534.8
1318300 534.8
1318310 534.4
1318320 534.1
1318330 534.1
1318340 533.8
1318350 533.5
1318360 533.3
1318370 533.3
1318380 533.0
1318390 532.7
1318400 532.7
1318410 532.4
1318420 532.0
1318430 532.0
1318440 531.7
1318450 531.4
1318460 531.4
1318470 531.1
1318480 530.9
1318490 530.9
1318500 531.1
1318510 530.8
1318520 530.8
1318530 530.1
1318540 530.0
1318550 530.0
1318560 530.0
1318570 529.9
1318580 529.9
1318590 529.8
1318600 529.4
1318610 529.4
1318620 529.0
1318630 528.8
1318640 528.6
1318650 528.6
1318660 528.5
1318670 528.4
1318680 528.4
1318690 528.3
1318700 528.2
1318710 528.2
1318720 528.1
1318730 528.0
1318740 528.0
1318750 527.9
1318760 527.9
1318770 527.9
1318780 528.5
1318790 529.0
1318800 529.0
1318810 528.1
1318820 527.9
1318830 527.9
1318840 527.2
1318850 527.1
1318860 527.0
1318870 526.9
1318880 526.8
1318890 526.8
1318900 526.8
1318910 526.7
1318920 526.7
1318930 526.7
1318940 526.7
1318950 526.6
1318960 526.6
1318970 526.6
1318980 526.6
1318990 526.6
1319000 526.6
1319010 526.6
1319020 526.6
1319030 526.5
1319040 526.6
1319050 526.6
1319060 526.6
1319070 526.6
1319080 526.6
1319090 526.6
1319100 526.8
1319110 526.8
1319120 526.8
1319130 526.7
1319140 526.7
1319150 526.7
1319160 526.7
1319170 526.7
1319180 526.8
1319190 526.7
1319200 526.7
1319210 526.0
1319220 526.4
1319230 526.7
1319240 526.7
1319250 526.7
1319260 526.7
1319270 526.7
1319280 526.7
1319290 526.8
1319300 526.8
1319310 526.8
1319320 526.8
1319330 526.8
1319340 526.8
1319350 526.8
1319360 526.8
1319370 526.9
1319380 527.0
1319390 527.0
1319400 527.0
1319410 527.0
1319420 527.0
1319430 527.1
1319440 527.1
1319450 527.1
1319460 527.1
1319470 527.2
1319480 527.2
1319490 527.2
1319500 527.3
1319510 527.5
1319520 527.5
1319530 527.5
1319540 527.6
1319550 527.6
1319560 527.7
1319570 527.8
1319580 527.8
1319590 527.6
1319600 527.0
1319610 527.0
1319620 527.3
1319630 527.6
1319640 527.7
1319650 527.7
1319660 527.7
1319670 527.7
1319680 527.6
1319690 527.5
1319700 527.5
1319710 527.6
1319720 527.6
1319730 527.6
1319740 527.6
1319750 527.6
1319760 527.6
1319770 527.7
1319780 527.7
1319790 527.7
1319800 527.8
1319810 527.9
1319820 528.0
1319830 528.0
1319840 528.1
1319850 528.2
1319860 528.2
1319870 528.3
1319880 528.5
1319890 528.5
1319900 528.6
1319910 528.7
1319920 528.7
1319930 528.9
1319940 528.7
1319950 528.7
1319960 526.8
1319970 526.4
1319980 526.4
1319990 526.5
