1300000 1134.3
1300010 1132.0
1300020 1132.0
1300030 1129.8
1300040 1127.9
1300050 1127.9
1300060 1126.4
1300070 1124.7
1300080 1124.7
1300090 1122.8
1300100 1119.8
1300110 1119.8
1300120 1120.3
1300130 1120.9
1300140 1120.9
1300150 1120.5
1300160 1120.5
1300170 1120.5
1300180 1120.9
1300190 1120.9
1300200 1120.9
1300210 1119.3
1300220 1117.6
1300230 1117.6
1300240 1118.4
1300250 1118.5
1300260 1118.5
1300270 1116.7
1300280 1115.2
1300290 1114.7
1300300 1114.7
1300310 1113.6
1300320 1111.6
1300330 1111.6
1300340 1108.7
1300350 1105.2
1300360 1105.2
1300370 1102.8
1300380 1101.7
1300390 1101.7
1300400 1100.5
1300410 1098.3
1300420 1098.3
1300430 1095.9
1300440 1094.1
1300450 1094.1
1300460 1093.7
1300470 1092.8
1300480 1092.8
1300490 1090.7
1300500 1088.6
1300510 1088.6
1300520 1086.9
1300530 1085.3
1300540 1089.9
1300550 1088.5
1300560 1086.3
1300570 1086.3
1300580 1085.4
1300590 1084.6
1300600 1083.1
1300610 1083.1
1300620 1082.1
1300630 1080.2
1300640 1080.2
1300650 1079.1
1300660 1076.5
1300670 1076.5
1300680 1074.5
1300690 1074.1
1300700 1074.1
1300710 1073.3
1300720 1071.0
1300730 1071.0
1300740 1068.9
1300750 1066.6
1300760 1066.6
1300770 1063.9
1300780 1061.3
1300790 1061.3
1300800 1058.3
1300810 1055.2
1300820 1055.2
1300830 1052.1
1300840 1048.9
1300850 1048.9
1300860 1046.1
1300870 1042.7
1300880 1040.3
1300890 1040.3
1300900 1038.8
1300910 1036.9
1300920 1036.9
1300930 1034.5
1300940 1032.5
1300950 1032.5
1300960 1030.4
1300970 1026.9
1300980 1026.9
1300990 1025.9
1301000 1024.7
1301010 1024.7
1301020 1022.0
1301030 1019.6
1301040 1019.6
1301050 1017.2
1301060 1015.3
1301070 1015.3
1301080 1013.7
1301090 1012.8
1301100 1012.8
1301110 1011.4
1301120 1009.3
1301130 1009.3
1301140 1006.9
1301150 1004.7
1301160 1004.7
1301170 1003.0
1301180 1000.9
1301190 998.9
1301200 998.9
1301210 996.9
1301220 994.8
1301230 997.9
1301240 995.1
1301250 992.4
1301260 992.4
1301270 990.1
1301280 987.9
1301290 987.9
1301300 985.7
1301310 983.6
1301320 983.6
1301330 981.6
1301340 979.9
1301350 979.9
1301360 978.5
1301370 978.0
1301380 978.0
1301390 978.2
1301400 977.8
1301410 977.8
1301420 975.2
1301430 970.5
1301440 970.5
1301450 963.3
1301460 955.9
1301470 950.2
1301480 950.2
1301490 945.1
1301500 941.4
1301510 941.4
1301520 939.8
1301530 938.4
1301540 938.4
1301550 936.1
1301560 933.6
1301570 933.6
1301580 929.9
1301590 925.6
1301600 925.6
1301610 922.2
1301620 921.1
1301630 921.1
1301640 920.1
1301650 918.5
1301660 918.5
1301670 915.2
1301680 911.7
1301690 911.7
1301700 907.7
1301710 902.6
1301720 902.6
1301730 895.6
1301740 887.5
1301750 879.3
1301760 879.3
1301770 871.9
1301780 865.6
1301790 865.6
1301800 859.9
1301810 855.2
1301820 855.2
1301830 851.9
1301840 849.9
1301850 849.9
1301860 847.6
1301870 844.0
1301880 844.0
1301890 838.6
1301900 832.2
1301910 832.2
1301920 825.9
1301930 819.2
1301940 819.2
1301950 814.1
1301960 812.2
1301970 812.2
1301980 812.8
1301990 813.6
1302000 813.6
1302010 814.0
1302020 816.1
1302030 816.1
1302040 820.3
1302050 824.3
1302060 830.6
1302070 830.6
1302080 837.7
1302090 843.9
1302100 843.9
1302110 847.7
1302120 845.9
1302130 845.9
1302140 840.5
1302150 833.0
1302160 833.0
1302170 826.0
1302180 819.1
1302190 819.1
1302200 812.9
1302210 807.4
1302220 807.4
1302230 802.6
1302240 803.6
1302250 803.6
1302260 806.6
1302270 810.8
1302280 810.8
1302290 814.9
1302300 817.3
1302310 817.3
1302320 817.6
1302330 819.1
1302340 821.2
1302350 821.2
1302360 820.7
1302370 819.6
1302380 819.6
1302390 818.3
1302400 818.3
1302410 818.3
1302420 820.8
1302430 824.4
1302440 824.4
1302450 825.6
1302460 823.6
1302470 823.6
1302480 818.4
1302490 812.9
1302500 812.9
1302510 808.1
1302520 802.1
1302530 802.1
1302540 795.9
1302550 790.4
1302560 790.4
1302570 784.3
1302580 778.9
1302590 778.9
1302600 774.0
1302610 770.2
1302620 770.2
1302630 773.6
1302640 769.3
1302650 765.9
1302660 765.9
1302670 767.4
1302680 769.3
1302690 769.3
1302700 765.4
1302710 759.1
1302720 759.1
1302730 750.5
1302740 741.0
1302750 741.0
1302760 730.6
1302770 720.7
1302780 720.7
1302790 714.6
1302800 717.1
1302810 717.1
1302820 717.4
1302830 713.9
1302840 713.9
1302850 709.1
1302860 709.2
1302870 709.2
1302880 710.6
1302890 708.6
1302900 708.6
1302910 714.4
1302920 718.9
1302930 710.8
1302940 710.8
1302950 702.6
1302960 700.8
1302970 700.8
1302980 705.7
1302990 714.5
1303000 714.5
1303010 719.5
1303020 719.3
1303030 719.3
1303040 715.2
1303050 718.2
1303060 718.2
1303070 717.2
1303080 713.5
1303090 713.5
1303100 713.8
1303110 715.1
1303120 715.1
1303130 714.1
1303140 711.4
1303150 711.4
1303160 711.0
1303170 709.0
1303180 709.0
1303190 708.3
1303200 707.5
1303210 707.5
1303220 707.5
1303230 703.6
1303240 697.8
1303250 697.8
1303260 690.9
1303270 684.2
1303280 684.2
1303290 677.4
1303300 667.8
1303310 667.8
1303320 656.3
1303330 646.6
1303340 646.6
1303350 636.8
1303360 627.1
1303370 627.1
1303380 619.4
1303390 613.3
1303400 613.3
1303410 606.9
1303420 601.3
1303430 601.3
1303440 598.4
1303450 596.6
1303460 596.6
1303470 595.0
1303480 595.9
1303490 595.9
1303500 599.9
1303510 602.9
1303520 604.6
1303530 604.6
1303540 607.2
1303550 611.2
1303560 611.2
1303570 615.7
1303580 620.3
1303590 620.3
1303600 624.0
1303610 627.4
1303620 627.4
1303630 631.0
1303640 633.7
1303650 633.7
1303660 636.2
1303670 641.3
1303680 641.3
1303690 644.9
1303700 644.8
1303710 644.8
1303720 644.5
1303730 644.0
1303740 644.0
1303750 643.9
1303760 644.7
1303770 644.7
1303780 644.3
1303790 638.7
1303800 631.4
1303810 631.4
1303820 625.4
1303830 620.8
1303840 620.8
1303850 616.2
1303860 615.1
1303870 615.1
1303880 616.7
1303890 623.2
1303900 623.2
1303910 629.6
1303920 636.3
1303930 636.3
1303940 641.6
1303950 639.1
1303960 639.1
1303970 634.8
1303980 629.1
1303990 629.1
1304000 622.9
1304010 616.1
1304020 616.1
1304030 611.4
1304040 606.4
1304050 606.4
1304060 604.9
1304070 604.4
1304080 604.4
1304090 604.0
1304100 603.1
1304110 602.0
1304120 602.0
1304130 603.2
1304140 606.7
1304150 606.7
1304160 611.0
1304170 614.5
1304180 614.5
1304190 615.8
1304200 613.3
1304210 613.3
1304220 608.1
1304230 602.5
1304240 602.5
1304250 599.7
1304260 598.3
1304270 598.3
1304280 598.1
1304290 598.3
1304300 598.3
1304310 598.3
1304320 597.6
1304330 597.6
1304340 595.2
1304350 591.7
1304360 591.7
1304370 587.8
1304380 584.1
1304390 581.0
1304400 581.0
1304410 578.9
1304420 576.4
1304430 576.4
1304440 574.3
1304450 571.7
1304460 571.7
1304470 568.9
1304480 567.7
1304490 567.7
1304500 566.8
1304510 566.3
1304520 566.3
1304530 566.1
1304540 566.0
1304550 566.0
1304560 566.0
1304570 564.6
1304580 564.6
1304590 563.5
1304600 563.0
1304610 563.0
1304620 562.6
1304630 562.1
1304640 562.1
1304650 561.7
1304660 561.3
1304670 561.3
1304680 560.8
1304690 560.1
1304700 559.5
1304710 559.5
1304720 559.0
1304730 558.3
1304740 557.6
1304750 557.1
1304760 556.8
1304770 556.8
1304780 556.0
1304790 555.3
1304800 555.3
1304810 554.7
1304820 553.9
1304830 553.9
1304840 553.1
1304850 552.3
1304860 552.3
1304870 551.5
1304880 550.8
1304890 550.8
1304900 550.1
1304910 549.4
1304920 549.4
1304930 548.8
1304940 548.1
1304950 548.1
1304960 547.4
1304970 546.7
1304980 546.0
1304990 546.0
1305000 545.3
1305010 544.6
1305020 544.6
1305030 544.0
1305040 543.4
1305050 543.4
1305060 542.9
1305070 542.4
1305080 542.4
1305090 541.8
1305100 541.1
1305110 541.1
1305120 540.5
1305130 540.1
1305140 540.1
1305150 539.5
1305160 538.3
1305170 538.3
1305180 537.3
1305190 537.1
1305200 537.1
1305210 537.5
1305220 537.4
1305230 537.4
1305240 537.3
1305250 536.7
1305260 533.8
1305270 533.8
1305280 531.5
1305290 531.1
1305300 531.1
1305310 530.9
1305320 530.8
1305330 530.8
1305340 530.9
1305350 530.9
1305360 530.9
1305370 530.8
1305380 530.8
1305390 530.8
1305400 530.8
1305410 530.8
1305420 530.8
1305430 530.8
1305440 530.7
1305450 530.9
1305460 531.0
1305470 530.9
1305480 530.9
1305490 530.9
1305500 530.9
1305510 530.9
1305520 530.8
1305530 530.8
1305540 530.8
1305550 530.8
1305560 530.8
1305570 530.8
1305580 530.8
1305590 530.8
1305600 530.7
1305610 530.7
1305620 530.6
1305630 530.5
1305640 530.5
1305650 530.6
1305660 530.7
1305670 530.7
1305680 530.8
1305690 530.8
1305700 530.8
1305710 530.7
1305720 530.5
1305730 530.5
1305740 530.7
1305750 530.8
1305760 530.8
1305770 530.8
1305780 530.5
1305790 530.5
1305800 530.3
1305810 530.2
1305820 530.2
1305830 530.2
1305840 530.3
1305850 530.4
1305860 530.4
1305870 530.4
1305880 530.4
1305890 530.4
1305900 530.4
1305910 530.5
1305920 530.5
1305930 530.6
1305940 530.7
1305950 530.7
1305960 530.6
1305970 530.6
1305980 530.6
1305990 530.6
1306000 530.6
1306010 530.6
1306020 530.6
1306030 530.5
1306040 530.5
1306050 530.4
1306060 530.5
1306070 530.5
1306080 530.6
1306090 530.5
1306100 530.5
1306110 530.4
1306120 530.5
1306130 530.5
1306140 530.5
1306150 530.5
1306160 530.5
1306170 530.6
1306180 530.4
1306190 530.3
1306200 530.3
1306210 529.8
1306220 530.4
1306230 530.4
1306240 530.5
1306250 530.5
1306260 530.5
1306270 530.5
1306280 530.5
1306290 530.5
1306300 530.5
1306310 530.5
1306320 530.5
1306330 530.5
1306340 530.5
1306350 530.5
1306360 530.6
1306370 530.7
1306380 530.7
1306390 530.1
1306400 529.1
1306410 529.1
1306420 528.7
1306430 528.8
1306440 530.3
1306450 530.3
1306460 532.5
1306470 533.7
1306480 533.7
1306490 533.4
1306500 531.5
1306510 531.5
1306520 530.4
1306530 530.3
1306540 530.3
1306550 530.3
1306560 530.3
1306570 530.3
1306580 530.1
1306590 530.1
1306600 530.1
1306610 530.0
1306620 530.1
1306630 530.1
1306640 530.3
1306650 530.5
1306660 530.5
1306670 530.5
1306680 530.3
1306690 530.3
1306700 530.5
1306710 530.7
1306720 530.7
1306730 530.7
1306740 530.7
1306750 530.6
1306760 530.6
1306770 530.8
1306780 530.6
1306790 530.6
1306800 530.5
1306810 530.5
1306820 530.5
1306830 530.5
1306840 530.6
1306850 530.6
1306860 531.1
1306870 532.2
1306880 532.2
1306890 530.6
1306900 530.4
1306910 530.4
1306920 530.5
1306930 530.4
1306940 530.4
1306950 530.4
1306960 530.4
1306970 530.4
1306980 530.5
1306990 530.5
1307000 530.5
1307010 530.7
1307020 531.2
1307030 532.1
1307040 532.1
1307050 533.2
1307060 533.5
1307070 533.5
1307080 533.5
1307090 533.5
1307100 533.5
1307110 533.1
1307120 531.8
1307130 531.8
1307140 531.2
1307150 531.3
1307160 531.3
1307170 531.4
1307180 531.2
1307190 531.2
1307200 529.9
1307210 528.4
1307220 528.4
1307230 528.0
1307240 527.9
1307250 527.9
1307260 527.7
1307270 527.4
1307280 527.4
1307290 527.4
1307300 527.3
1307310 527.3
1307320 527.3
1307330 527.3
1307340 527.3
1307350 527.3
1307360 527.3
1307370 527.3
1307380 527.3
1307390 527.4
1307400 529.2
1307410 529.2
1307420 531.1
1307430 529.9
1307440 529.9
1307450 528.4
1307460 527.9
1307470 527.9
1307480 528.3
1307490 530.0
1307500 530.0
1307510 531.2
1307520 531.8
1307530 531.8
1307540 531.7
1307550 531.1
1307560 531.1
1307570 530.8
1307580 530.8
1307590 530.8
1307600 530.8
1307610 530.8
1307620 530.8
1307630 530.8
1307640 530.8
1307650 530.8
1307660 530.8
1307670 530.9
1307680 531.2
1307690 531.2
1307700 530.8
1307710 532.3
1307720 532.3
1307730 532.5
1307740 532.7
1307750 532.7
1307760 533.1
1307770 533.4
1307780 533.4
1307790 533.9
1307800 535.1
1307810 535.1
1307820 535.7
1307830 535.8
1307840 535.8
1307850 536.3
1307860 536.9
1307870 536.9
1307880 537.3
1307890 537.7
1307900 538.2
1307910 538.2
1307920 538.7
1307930 539.2
1307940 539.2
1307950 539.9
1307960 540.7
1307970 540.7
1307980 541.4
1307990 542.3
1308000 542.3
1308010 543.5
1308020 544.6
1308030 544.6
1308040 545.3
1308050 546.1
1308060 546.1
1308070 547.6
1308080 548.6
1308090 548.6
1308100 549.7
1308110 550.6
1308120 550.6
1308130 551.9
1308140 553.3
1308150 553.3
1308160 554.6
1308170 555.8
1308180 556.9
1308190 556.9
1308200 557.0
1308210 555.9
1308220 555.9
1308230 557.8
1308240 559.0
1308250 559.0
1308260 559.6
1308270 560.2
1308280 560.2
1308290 560.8
1308300 561.7
1308310 561.7
1308320 562.8
1308330 564.4
1308340 564.4
1308350 565.9
1308360 566.4
1308370 566.4
1308380 566.7
1308390 566.5
1308400 566.5
1308410 566.5
1308420 566.8
1308430 566.8
1308440 566.6
1308450 566.2
1308460 566.2
1308470 566.2
1308480 566.6
1308490 567.2
1308500 567.2
1308510 568.1
1308520 568.9
1308530 568.9
1308540 569.2
1308550 569.4
1308560 569.4
1308570 569.8
1308580 569.2
1308590 569.2
1308600 568.5
1308610 567.5
1308620 567.5
1308630 566.9
1308640 566.3
1308650 566.3
1308660 565.8
1308670 565.4
1308680 565.4
1308690 565.1
1308700 564.7
1308710 564.7
1308720 564.4
1308730 564.0
1308740 564.0
1308750 563.6
1308760 563.3
1308770 563.1
1308780 563.1
1308790 562.7
1308800 562.6
1308810 562.6
1308820 562.7
1308830 563.3
1308840 563.3
1308850 564.5
1308860 566.9
1308870 566.9
1308880 570.0
1308890 573.9
1308900 573.9
1308910 591.1
1308920 608.0
1308930 608.0
1308940 616.0
1308950 617.2
1308960 617.2
1308970 615.3
1308980 614.8
1308990 614.8
1309000 616.5
1309010 614.0
1309020 614.0
1309030 610.3
1309040 607.0
1309050 610.1
1309060 610.1
1309070 609.7
1309080 609.4
1309090 609.4
1309100 607.8
1309110 605.2
1309120 605.2
1309130 602.9
1309140 599.9
1309150 599.9
1309160 596.8
1309170 598.9
1309180 598.9
1309190 602.0
1309200 603.1
1309210 603.1
1309220 604.0
1309230 605.8
1309240 605.8
1309250 608.0
1309260 610.5
1309270 610.5
1309280 613.7
1309290 617.8
1309300 617.8
1309310 622.6
1309320 627.8
1309330 627.8
1309340 632.9
1309350 637.9
1309360 643.3
1309370 643.3
1309380 649.8
1309390 656.6
1309400 656.6
1309410 665.3
1309420 675.1
1309430 675.1
1309440 683.8
1309450 689.8
1309460 689.8
1309470 693.7
1309480 697.3
1309490 697.3
1309500 700.3
1309510 703.4
1309520 703.4
1309530 706.5
1309540 708.2
1309550 708.2
1309560 709.5
1309570 710.7
1309580 710.7
1309590 710.7
1309600 709.6
1309610 709.6
1309620 708.8
1309630 709.3
1309640 710.8
1309650 710.8
1309660 713.9
1309670 716.7
1309680 716.7
1309690 718.7
1309700 722.6
1309710 722.6
1309720 728.1
1309730 733.0
1309740 733.0
1309750 736.2
1309760 738.0
1309770 738.0
1309780 748.5
1309790 751.2
1309800 751.2
1309810 751.7
1309820 752.5
1309830 752.5
1309840 756.8
1309850 756.3
1309860 756.3
1309870 760.7
1309880 762.1
1309890 762.1
1309900 765.5
1309910 769.1
1309920 769.1
1309930 771.9
1309940 779.9
1309950 777.3
1309960 777.3
1309970 772.5
1309980 771.7
1309990 771.7
1310000 773.2
1310010 775.0
1310020 775.0
1310030 776.8
1310040 778.9
1310050 778.9
1310060 782.4
1310070 784.8
1310080 784.8
1310090 785.3
1310100 787.1
1310110 787.1
1310120 790.1
1310130 791.6
1310140 791.6
1310150 792.6
1310160 794.6
1310170 794.6
1310180 797.4
1310190 799.7
1310200 799.7
1310210 801.2
1310220 801.3
1310230 803.2
1310240 803.2
1310250 811.5
1310260 814.0
1310270 814.0
1310280 812.2
1310290 809.3
1310300 809.3
1310310 806.1
1310320 800.7
1310330 800.7
1310340 794.3
1310350 788.7
1310360 788.7
1310370 784.2
1310380 781.6
1310390 781.6
1310400 781.1
1310410 781.9
1310420 781.9
1310430 783.3
1310440 785.2
1310450 785.2
1310460 788.2
1310470 791.8
1310480 791.8
1310490 795.7
1310500 800.2
1310510 820.4
1310520 820.4
1310530 823.5
1310540 826.3
1310550 826.3
1310560 828.5
1310570 829.8
1310580 829.8
1310590 831.9
1310600 834.6
1310610 834.6
1310620 838.2
1310630 843.0
1310640 843.0
1310650 848.6
1310660 855.6
1310670 855.6
1310680 860.0
1310690 861.9
1310700 861.9
1310710 860.7
1310720 858.8
1310730 858.8
1310740 858.8
1310750 859.2
1310760 859.2
1310770 859.3
1310780 859.8
1310790 859.8
1310800 861.1
1310810 862.8
1310820 864.3
1310830 864.3
1310840 866.0
1310850 867.5
1310860 867.5
1310870 868.8
1310880 869.6
1310890 869.6
1310900 869.2
1310910 867.9
1310920 867.9
1310930 864.4
1310940 861.4
1310950 861.4
1310960 860.6
1310970 861.4
1310980 861.4
1310990 863.6
1311000 865.0
1311010 865.0
1311020 865.4
1311030 867.0
1311040 867.0
1311050 869.0
1311060 871.5
1311070 871.5
1311080 872.0
1311090 871.7
1311100 871.0
1311110 871.0
1311120 868.6
1311130 867.3
1311140 867.3
1311150 868.1
1311160 869.5
1311170 869.5
1311180 869.7
1311190 869.8
1311200 869.8
1311210 872.9
1311220 875.6
1311230 875.6
1311240 877.3
1311250 881.6
1311260 881.6
1311270 881.5
1311280 880.3
1311290 880.3
1311300 875.8
1311310 868.8
1311320 868.8
1311330 859.3
1311340 840.7
1311350 840.7
1311360 818.0
1311370 804.7
1311380 804.7
1311390 794.4
1311400 785.0
1311410 776.5
1311420 776.5
1311430 768.3
1311440 760.8
1311450 760.8
1311460 752.8
1311470 745.9
1311480 745.9
1311490 741.5
1311500 740.1
1311510 740.1
1311520 741.8
1311530 742.9
1311540 742.9
1311550 744.7
1311560 751.4
1311570 751.4
1311580 759.7
1311590 767.5
1311600 767.5
1311610 775.2
1311620 782.7
1311630 782.7
1311640 790.5
1311650 798.4
1311660 798.4
1311670 807.4
1311680 817.3
1311690 826.8
1311700 826.8
1311710 835.9
1311720 836.6
1311730 836.6
1311740 833.2
1311750 834.1
1311760 834.1
1311770 838.4
1311780 840.1
1311790 840.1
1311800 839.5
1311810 839.8
1311820 839.8
1311830 841.6
1311840 843.6
1311850 843.6
1311860 845.4
1311870 847.5
1311880 847.5
1311890 849.5
1311900 851.3
1311910 851.3
1311920 853.0
1311930 854.8
1311940 854.8
1311950 857.4
1311960 861.1
1311970 864.9
1311980 864.5
1311990 867.7
1312000 872.2
1312010 872.2
1312020 877.7
1312030 883.6
1312040 883.6
1312050 889.7
1312060 895.7
1312070 895.7
1312080 900.8
1312090 905.3
1312100 905.3
1312110 905.9
1312120 902.8
1312130 902.8
1312140 899.2
1312150 892.6
1312160 892.6
1312170 888.2
1312180 882.3
1312190 882.3
1312200 876.8
1312210 872.3
1312220 872.3
1312230 867.8
1312240 868.3
1312250 868.3
1312260 873.2
1312270 876.7
1312280 879.3
1312290 879.3
1312300 880.1
1312310 880.5
1312320 880.5
1312330 880.3
1312340 878.4
1312350 878.4
1312360 877.1
1312370 878.3
1312380 878.3
1312390 874.6
1312400 867.6
1312410 867.6
1312420 861.1
1312430 857.3
1312440 857.3
1312450 856.7
1312460 856.8
1312470 856.8
1312480 855.9
1312490 853.7
1312500 853.7
1312510 854.1
1312520 855.2
1312530 855.2
1312540 853.0
1312550 849.1
1312560 846.5
1312570 846.5
1312580 846.7
1312590 847.3
1312600 847.3
1312610 848.6
1312620 851.6
1312630 851.6
1312640 857.7
1312650 861.7
1312660 861.7
1312670 864.6
1312680 868.3
1312690 868.3
1312700 871.6
1312710 875.1
1312720 878.1
1312730 881.9
1312740 885.8
1312750 885.8
1312760 887.2
1312770 890.2
1312780 890.2
1312790 894.8
1312800 899.4
1312810 899.4
1312820 903.6
1312830 907.6
1312840 907.6
1312850 910.7
1312860 913.8
1312870 917.0
1312880 917.0
1312890 920.9
1312900 925.0
1312910 925.0
1312920 928.9
1312930 932.9
1312940 932.9
1312950 937.3
1312960 941.7
1312970 941.7
1312980 946.0
1312990 950.5
1313000 950.5
1313010 955.4
1313020 960.1
1313030 960.1
1313040 964.7
1313050 969.7
1313060 969.7
1313070 975.0
1313080 980.2
1313090 980.2
1313100 985.2
1313110 990.3
1313120 990.3
1313130 996.6
1313140 1003.7
1313150 1010.3
1313160 1010.3
1313170 1017.0
1313180 1021.8
1313190 1021.8
1313200 1027.4
1313210 1033.8
1313220 1033.8
1313230 1041.2
1313240 1050.7
1313250 1050.7
1313260 1058.9
1313270 1067.0
1313280 1067.0
1313290 1076.9
1313300 1087.6
1313310 1087.6
1313320 1100.4
1313330 1110.9
1313340 1110.9
1313350 1115.4
1313360 1119.4
1313370 1119.4
1313380 1125.7
1313390 1132.5
1313400 1132.5
1313410 1137.3
1313420 1140.7
1313430 1143.9
1313440 1143.9
1313450 1148.3
1313460 1154.2
1313470 1156.0
1313480 1162.6
1313490 1168.0
1313500 1168.0
1313510 1171.1
1313520 1176.1
1313530 1176.1
1313540 1181.3
1313550 1185.6
1313560 1185.6
1313570 1190.7
1313580 1195.5
1313590 1195.5
1313600 1197.0
1313610 1197.2
1313620 1197.2
1313630 1196.9
1313640 1199.1
1313650 1199.1
1313660 1202.1
1313670 1203.6
1313680 1203.6
1313690 1210.4
1313700 1217.0
1313710 1217.0
1313720 1222.8
1313730 1225.9
1313740 1226.9
1313750 1226.9
1313760 1229.5
1313770 1233.2
1313780 1233.2
1313790 1239.6
1313800 1245.2
1313810 1245.2
1313820 1250.2
1313830 1254.1
1313840 1254.1
1313850 1256.5
1313860 1258.1
1313870 1258.1
1313880 1261.1
1313890 1267.8
1313900 1267.8
1313910 1276.8
1313920 1281.4
1313930 1281.4
1313940 1285.6
1313950 1291.2
1313960 1291.2
1313970 1295.6
1313980 1299.5
1313990 1299.5
1314000 1303.6
1314010 1306.4
1314020 1308.9
1314030 1308.9
1314040 1311.0
1314050 1312.8
1314060 1312.8
1314070 1313.7
1314080 1312.7
1314090 1312.7
1314100 1311.3
1314110 1308.2
1314120 1308.2
1314130 1302.3
1314140 1299.5
1314150 1299.5
1314160 1298.4
1314170 1297.6
1314180 1297.6
1314190 1296.7
1314200 1297.1
1314210 1301.1
1314220 1300.9
1314230 1300.6
1314240 1300.6
1314250 1302.5
1314260 1305.3
1314270 1305.3
1314280 1307.5
1314290 1308.9
1314300 1311.4
1314310 1311.4
1314320 1314.6
1314330 1319.3
1314340 1319.3
1314350 1323.4
1314360 1327.7
1314370 1327.7
1314380 1332.2
1314390 1335.3
1314400 1335.3
1314410 1339.7
1314420 1345.1
1314430 1345.1
1314440 1349.8
1314450 1354.1
1314460 1354.1
1314470 1359.3
1314480 1364.6
1314490 1364.6
1314500 1366.7
1314510 1367.8
1314520 1367.8
1314530 1368.9
1314540 1371.2
1314550 1371.2
1314560 1374.7
1314570 1377.9
1314580 1377.9
1314590 1380.8
1314600 1383.3
1314610 1384.8
1314620 1384.8
1314630 1385.6
1314640 1385.1
1314650 1385.1
1314660 1384.8
1314670 1381.6
1314680 1381.6
1314690 1379.6
1314700 1378.1
1314710 1378.1
1314720 1377.5
1314730 1379.6
1314740 1379.6
1314750 1383.6
1314760 1388.8
1314770 1388.8
1314780 1394.6
1314790 1399.7
1314800 1399.7
1314810 1407.8
1314820 1416.3
1314830 1416.3
1314840 1419.3
1314850 1420.0
1314860 1420.0
1314870 1420.4
1314880 1421.1
1314890 1422.0
1314900 1422.0
1314910 1422.4
1314920 1419.7
1314930 1419.7
1314940 1411.9
1314950 1405.7
1314960 1406.3
1314970 1403.7
1314980 1402.3
1314990 1402.3
1315000 1400.8
1315010 1397.0
1315020 1397.0
1315030 1390.4
1315040 1383.9
1315050 1383.9
1315060 1377.9
1315070 1371.6
1315080 1371.6
1315090 1366.8
1315100 1363.0
1315110 1363.0
1315120 1360.6
1315130 1358.8
1315140 1358.8
1315150 1357.2
1315160 1354.6
1315170 1354.6
1315180 1350.3
1315190 1345.3
1315200 1340.4
1315210 1340.4
1315220 1337.4
1315230 1333.6
1315240 1333.6
1315250 1327.0
1315260 1321.5
1315270 1321.5
1315280 1319.3
1315290 1315.0
1315300 1315.0
1315310 1309.3
1315320 1304.5
1315330 1304.5
1315340 1300.9
1315350 1296.9
1315360 1296.9
1315370 1294.0
1315380 1290.6
1315390 1290.6
1315400 1286.1
1315410 1281.7
1315420 1281.7
1315430 1277.8
1315440 1276.4
1315450 1276.4
1315460 1277.7
1315470 1277.1
1315480 1272.2
1315490 1272.2
1315500 1266.3
1315510 1262.1
1315520 1262.1
1315530 1257.6
1315540 1252.8
1315550 1252.8
1315560 1247.7
1315570 1243.7
1315580 1243.7
1315590 1242.4
1315600 1240.0
1315610 1240.0
1315620 1234.0
1315630 1227.4
1315640 1227.4
1315650 1221.7
1315660 1216.4
1315670 1216.4
1315680 1212.1
1315690 1208.8
1315700 1208.8
1315710 1204.4
1315720 1197.2
1315730 1197.2
1315740 1190.7
1315750 1184.9
1315760 1180.1
1315770 1180.1
1315780 1175.0
1315790 1170.7
1315800 1170.7
1315810 1165.9
1315820 1161.7
1315830 1161.7
1315840 1157.1
1315850 1152.9
1315860 1152.9
1315870 1148.4
1315880 1143.7
1315890 1143.7
1315900 1139.0
1315910 1134.9
1315920 1134.9
1315930 1131.2
1315940 1127.8
1315950 1127.8
1315960 1124.8
1315970 1121.3
1315980 1121.3
1315990 1117.3
1316000 1113.5
1316010 1113.5
1316020 1107.9
1316030 1102.2
1316040 1102.2
1316050 1096.5
1316060 1089.9
1316070 1083.7
1316080 1083.7
1316090 1078.0
1316100 1071.8
1316110 1071.8
1316120 1065.4
1316130 1059.2
1316140 1059.2
1316150 1054.9
1316160 1052.4
1316170 1052.4
1316180 1050.3
1316190 1048.2
1316200 1048.2
1316210 1045.5
1316220 1040.0
1316230 1040.0
1316240 1034.7
1316250 1030.5
1316260 1030.5
1316270 1025.4
1316280 1020.5
1316290 1020.5
1316300 1015.7
1316310 1011.0
1316320 1011.0
1316330 1006.7
1316340 1002.8
1316350 999.1
1316360 999.1
1316370 996.2
1316380 993.6
1316390 993.6
1316400 990.2
1316410 986.3
1316420 986.3
1316430 981.9
1316440 978.0
1316450 978.0
1316460 974.1
1316470 970.0
1316480 970.8
1316490 968.3
1316500 966.3
1316510 966.3
1316520 963.5
1316530 959.5
1316540 959.5
1316550 954.6
1316560 949.0
1316570 949.0
1316580 943.6
1316590 938.1
1316600 938.1
1316610 932.9
1316620 927.4
1316630 922.1
1316640 922.1
1316650 917.8
1316660 914.5
1316670 914.5
1316680 911.3
1316690 908.5
1316700 908.5
1316710 905.5
1316720 901.7
1316730 901.7
1316740 897.3
1316750 892.8
1316760 892.8
1316770 888.3
1316780 883.9
1316790 883.9
1316800 879.3
1316810 875.1
1316820 875.1
1316830 869.6
1316840 863.3
1316850 863.3
1316860 856.4
1316870 836.4
1316880 836.4
1316890 818.3
1316900 809.6
1316910 809.6
1316920 800.0
1316930 791.6
1316940 783.7
1316950 783.7
1316960 777.8
1316970 773.8
1316980 773.8
1316990 770.5
1317000 766.8
1317010 766.8
1317020 757.1
1317030 741.4
1317040 741.4
1317050 725.9
1317060 716.3
1317070 716.3
1317080 710.3
1317090 708.9
1317100 708.9
1317110 708.1
1317120 718.9
1317130 718.9
1317140 733.7
1317150 733.1
1317160 733.1
1317170 722.9
1317180 707.7
1317190 707.7
1317200 696.9
1317210 703.2
1317220 712.1
1317230 712.1
1317240 729.7
1317250 744.5
1317260 744.5
1317270 755.1
1317280 750.1
1317290 750.1
1317300 745.4
1317310 735.9
1317320 735.9
1317330 724.1
1317340 721.9
1317350 721.9
1317360 726.0
1317370 732.6
1317380 732.6
1317390 738.7
1317400 744.4
1317410 744.4
1317420 745.0
1317430 743.2
1317440 743.2
1317450 740.9
1317460 738.0
1317470 738.0
1317480 733.3
1317490 728.9
1317500 728.9
1317510 725.8
1317520 722.2
1317530 718.1
1317540 718.1
1317550 713.5
1317560 707.9
1317570 707.9
1317580 702.2
1317590 696.6
1317600 696.6
1317610 690.7
1317620 685.6
1317630 685.6
1317640 679.7
1317650 671.0
1317660 671.0
1317670 662.4
1317680 656.5
1317690 656.5
1317700 651.3
1317710 645.3
1317720 645.3
1317730 638.2
1317740 631.0
1317750 631.0
1317760 624.9
1317770 619.3
1317780 619.3
1317790 614.1
1317800 608.9
1317810 602.0
1317820 602.0
1317830 593.2
1317840 584.0
1317850 584.0
1317860 575.7
1317870 568.1
1317880 568.1
1317890 562.6
1317900 559.8
1317910 559.8
1317920 556.5
1317930 553.3
1317940 553.3
1317950 551.7
1317960 551.3
1317970 551.3
1317980 550.3
1317990 549.4
1318000 548.1
1318010 547.6
1318020 547.5
1318030 547.5
1318040 547.5
1318050 547.0
1318060 547.0
1318070 546.1
1318080 545.9
1318090 545.3
1318100 545.3
1318110 544.7
1318120 544.4
1318130 544.4
1318140 543.9
1318150 543.5
1318160 543.5
1318170 542.5
1318180 541.6
1318190 541.6
1318200 541.1
1318210 540.5
1318220 540.5
1318230 539.9
1318240 539.3
1318250 539.3
1318260 538.7
1318270 538.2
1318280 538.2
1318290 537.6
1318300 537.1
1318310 537.1
1318320 536.7
1318330 536.3
1318340 536.3
1318350 535.8
1318360 535.4
1318370 535.4
1318380 535.2
1318390 534.6
1318400 534.1
1318410 534.1
1318420 533.8
1318430 533.5
1318440 533.5
1318450 533.2
1318460 532.9
1318470 532.9
1318480 532.6
1318490 532.3
1318500 532.3
1318510 532.1
1318520 531.9
1318530 531.9
1318540 531.6
1318550 531.3
1318560 531.3
1318570 531.0
1318580 530.7
1318590 530.7
1318600 530.4
1318610 530.1
1318620 530.1
1318630 529.8
1318640 529.5
1318650 529.5
1318660 529.3
1318670 529.4
1318680 530.3
1318690 530.3
1318700 529.7
1318710 529.4
1318720 529.4
1318730 529.4
1318740 529.1
1318750 529.1
1318760 528.9
1318770 528.8
1318780 528.8
1318790 528.7
1318800 528.5
1318810 528.5
1318820 528.4
1318830 528.3
1318840 528.3
1318850 528.1
1318860 527.9
1318870 527.9
1318880 527.8
1318890 527.6
1318900 527.6
1318910 527.4
1318920 527.2
1318930 527.2
1318940 527.0
1318950 526.7
1318960 526.7
1318970 526.6
1318980 526.7
1318990 526.7
1319000 526.7
1319010 526.6
1319020 526.6
1319030 526.6
1319040 526.5
1319050 526.5
1319060 526.5
1319070 526.5
1319080 526.5
1319090 526.5
1319100 526.5
1319110 526.6
1319120 526.6
1319130 526.6
1319140 526.5
1319150 526.5
1319160 526.5
1319170 526.5
1319180 526.5
1319190 526.3
1319200 525.6
1319210 525.6
1319220 526.5
1319230 526.5
1319240 526.5
1319250 526.5
1319260 526.5
1319270 526.6
1319280 526.6
1319290 526.7
1319300 526.7
1319310 526.7
1319320 526.8
1319330 526.7
1319340 526.7
1319350 526.8
1319360 526.8
1319370 526.8
1319380 526.8
1319390 526.8
1319400 526.8
1319410 526.7
1319420 526.7
1319430 526.7
1319440 526.7
1319450 526.7
1319460 526.7
1319470 526.8
1319480 526.8
1319490 526.8
1319500 526.8
1319510 526.8
1319520 526.8
1319530 526.9
1319540 526.9
1319550 526.9
1319560 526.9
1319570 527.0
1319580 527.0
1319590 527.0
1319600 527.1
1319610 527.2
1319620 527.2
1319630 527.2
1319640 527.3
1319650 527.3
1319660 527.4
1319670 527.7
1319680 527.7
1319690 527.5
1319700 527.5
1319710 527.5
1319720 527.6
1319730 527.6
1319740 527.6
1319750 527.7
1319760 527.3
1319770 527.3
1319780 526.8
1319790 527.7
1319800 527.7
1319810 527.9
1319820 528.0
1319830 528.0
1319840 528.1
1319850 528.2
1319860 528.4
1319870 528.4
1319880 528.6
1319890 528.7
1319900 528.7
1319910 528.8
1319920 527.5
1319930 527.5
1319940 526.3
1319950 526.2
1319960 526.2
1319970 526.2
1319980 526.5
1319990 526.5
