1300000 1158.3
1300010 1158.3
1300020 1156.5
1300030 1155.0
1300040 1155.0
1300050 1153.9
1300060 1152.3
1300070 1152.3
1300080 1150.3
1300090 1147.2
1300100 1144.0
1300110 1144.0
1300120 1144.7
1300130 1146.0
1300140 1146.0
1300150 1145.1
1300160 1143.8
1300170 1143.8
1300180 1141.7
1300190 1138.9
1300200 1138.9
1300210 1138.4
1300220 1138.6
1300230 1138.6
1300240 1138.3
1300250 1140.5
1300260 1140.5
1300270 1136.4
1300280 1133.8
1300290 1133.8
1300300 1132.8
1300310 1134.3
1300320 1134.3
1300330 1134.2
1300340 1129.2
1300350 1129.2
1300360 1123.6
1300370 1121.3
1300380 1121.3
1300390 1122.3
1300400 1124.3
1300410 1125.5
1300420 1125.5
1300430 1125.2
1300440 1124.2
1300450 1124.2
1300460 1122.6
1300470 1120.5
1300480 1120.5
1300490 1117.7
1300500 1115.9
1300510 1115.9
1300520 1114.0
1300530 1110.1
1300540 1110.1
1300550 1108.4
1300560 1108.7
1300570 1108.7
1300580 1108.1
1300590 1106.1
1300600 1106.1
1300610 1104.7
1300620 1102.0
1300630 1102.0
1300640 1100.4
1300650 1098.4
1300660 1098.4
1300670 1096.0
1300680 1095.0
1300690 1095.2
1300700 1095.2
1300710 1094.6
1300720 1092.8
1300730 1092.8
1300740 1089.7
1300750 1087.8
1300760 1087.8
1300770 1087.0
1300780 1086.2
1300790 1086.2
1300800 1084.5
1300810 1082.6
1300820 1082.6
1300830 1081.7
1300840 1080.5
1300850 1080.5
1300860 1078.9
1300870 1077.4
1300880 1077.4
1300890 1075.4
1300900 1073.5
1300910 1073.5
1300920 1071.4
1300930 1069.3
1300940 1069.3
1300950 1068.6
1300960 1064.0
1300970 1064.0
1300980 1060.3
1300990 1055.6
1301000 1050.0
1301010 1050.0
1301020 1047.4
1301030 1046.8
1301040 1046.8
1301050 1045.5
1301060 1043.9
1301070 1043.9
1301080 1041.6
1301090 1038.3
1301100 1038.3
1301110 1035.6
1301120 1033.0
1301130 1033.0
1301140 1031.3
1301150 1029.8
1301160 1029.8
1301170 1027.6
1301180 1024.9
1301190 1024.9
1301200 1021.8
1301210 1018.9
1301220 1018.9
1301230 1015.8
1301240 1012.6
1301250 1012.6
1301260 1009.4
1301270 1006.3
1301280 1003.2
1301290 1003.2
1301300 1000.7
1301310 997.8
1301320 997.8
1301330 994.4
1301340 991.2
1301350 991.2
1301360 989.1
1301370 987.5
1301380 987.5
1301390 985.0
1301400 981.8
1301410 981.8
1301420 978.2
1301430 971.3
1301440 971.3
1301450 963.3
1301460 955.2
1301470 955.2
1301480 947.0
1301490 939.0
1301500 939.0
1301510 930.9
1301520 922.9
1301530 922.9
1301540 915.5
1301550 910.0
1301560 905.8
1301570 905.8
1301580 901.3
1301590 896.5
1301600 896.5
1301610 893.8
1301620 892.3
1301630 892.3
1301640 884.9
1301650 882.7
1301660 882.7
1301670 882.1
1301680 878.6
1301690 878.6
1301700 876.2
1301710 873.0
1301720 873.0
1301730 869.2
1301740 867.4
1301750 867.4
1301760 867.2
1301770 867.1
1301780 867.1
1301790 862.3
1301800 856.4
1301810 856.4
1301820 850.6
1301830 844.7
1301840 844.7
1301850 839.1
1301860 833.8
1301870 830.4
1301880 830.4
1301890 829.6
1301900 826.4
1301910 826.4
1301920 823.9
1301930 823.9
1301940 823.9
1301950 826.7
1301960 831.4
1301970 831.4
1301980 836.4
1301990 840.8
1302000 840.8
1302010 842.3
1302020 840.8
1302030 840.8
1302040 838.3
1302050 835.4
1302060 835.4
1302070 832.8
1302080 832.8
1302090 832.8
1302100 836.5
1302110 843.2
1302120 843.2
1302130 849.6
1302140 854.2
1302150 851.9
1302160 851.9
1302170 845.0
1302180 838.4
1302190 838.4
1302200 833.3
1302210 827.3
1302220 827.3
1302230 824.7
1302240 827.6
1302250 827.6
1302260 833.1
1302270 839.3
1302280 839.3
1302290 845.5
1302300 850.7
1302310 850.7
1302320 855.4
1302330 858.3
1302340 863.6
1302350 861.7
1302360 857.2
1302370 857.2
1302380 850.0
1302390 841.9
1302400 841.9
1302410 834.0
1302420 826.2
1302430 826.2
1302440 818.8
1302450 812.4
1302460 809.4
1302470 809.4
1302480 809.6
1302490 810.4
1302500 810.4
1302510 812.0
1302520 813.5
1302530 813.5
1302540 812.4
1302550 813.1
1302560 813.1
1302570 812.6
1302580 808.7
1302590 808.7
1302600 805.9
1302610 803.9
1302620 803.9
1302630 802.0
1302640 799.8
1302650 799.8
1302660 797.1
1302670 792.2
1302680 792.2
1302690 787.2
1302700 782.1
1302710 782.1
1302720 772.7
1302730 762.0
1302740 757.9
1302750 757.9
1302760 761.1
1302770 763.2
1302780 763.2
1302790 766.6
1302800 770.4
1302810 770.4
1302820 770.6
1302830 770.7
1302840 770.7
1302850 771.5
1302860 770.7
1302870 770.7
1302880 772.2
1302890 773.7
1302900 773.7
1302910 772.3
1302920 770.3
1302930 770.3
1302940 759.6
1302950 750.4
1302960 750.4
1302970 743.6
1302980 750.2
1302990 750.2
1303000 757.3
1303010 758.0
1303020 759.1
1303030 759.1
1303040 765.4
1303050 763.1
1303060 763.1
1303070 762.5
1303080 764.1
1303090 764.1
1303100 763.5
1303110 764.8
1303120 764.8
1303130 766.4
1303140 763.8
1303150 763.8
1303160 758.1
1303170 751.8
1303180 751.8
1303190 745.7
1303200 739.2
1303210 739.2
1303220 732.4
1303230 725.8
1303240 725.8
1303250 717.5
1303260 708.0
1303270 708.0
1303280 704.1
1303290 698.0
1303300 698.0
1303310 690.2
1303320 681.2
1303330 673.1
1303340 673.1
1303350 664.7
1303360 655.1
1303370 655.1
1303380 645.2
1303390 637.3
1303400 637.3
1303410 634.4
1303420 633.5
1303430 633.5
1303440 631.1
1303450 625.6
1303460 625.6
1303470 618.1
1303480 610.1
1303490 610.1
1303500 603.7
1303510 599.0
1303520 599.0
1303530 595.0
1303540 593.0
1303550 593.0
1303560 592.4
1303570 591.4
1303580 591.4
1303590 590.2
1303600 590.1
1303610 592.2
1303620 592.2
1303630 595.6
1303640 597.9
1303650 597.9
1303660 598.4
1303670 600.4
1303680 600.4
1303690 601.6
1303700 601.0
1303710 601.0
1303720 601.7
1303730 602.1
1303740 602.1
1303750 595.0
1303760 593.8
1303770 593.8
1303780 591.6
1303790 590.0
1303800 590.0
1303810 588.8
1303820 588.1
1303830 588.1
1303840 587.7
1303850 588.0
1303860 588.0
1303870 588.3
1303880 588.4
1303890 588.4
1303900 588.4
1303910 591.1
1303920 596.0
1303930 596.0
1303940 602.1
1303950 608.5
1303960 608.5
1303970 614.1
1303980 614.7
1303990 614.7
1304000 613.3
1304010 609.8
1304020 609.8
1304030 605.3
1304040 600.4
1304050 600.4
1304060 597.9
1304070 596.3
1304080 596.3
1304090 594.5
1304100 593.7
1304110 593.7
1304120 592.8
1304130 591.1
1304140 591.1
1304150 589.9
1304160 588.2
1304170 588.2
1304180 587.8
1304190 587.1
1304200 585.5
1304210 585.5
1304220 582.7
1304230 579.4
1304240 579.4
1304250 576.3
1304260 574.4
1304270 574.4
1304280 572.9
1304290 571.4
1304300 571.4
1304310 570.8
1304320 569.4
1304330 569.4
1304340 568.4
1304350 568.4
1304360 568.4
1304370 568.5
1304380 568.5
1304390 568.5
1304400 568.3
1304410 567.1
1304420 567.1
1304430 565.9
1304440 564.7
1304450 563.7
1304460 563.6
1304470 563.3
1304480 562.1
1304490 562.1
1304500 561.4
1304510 561.0
1304520 561.0
1304530 560.6
1304540 560.3
1304550 560.3
1304560 559.9
1304570 559.3
1304580 559.3
1304590 558.7
1304600 558.1
1304610 558.1
1304620 557.7
1304630 557.1
1304640 557.1
1304650 556.8
1304660 556.6
1304670 556.6
1304680 556.3
1304690 555.8
1304700 555.8
1304710 555.2
1304720 554.6
1304730 554.6
1304740 554.0
1304750 553.5
1304760 553.5
1304770 553.2
1304780 552.9
1304790 552.5
1304800 552.5
1304810 552.2
1304820 551.9
1304830 551.9
1304840 551.4
1304850 550.7
1304860 550.7
1304870 550.0
1304880 549.4
1304890 549.4
1304900 548.7
1304910 548.2
1304920 548.2
1304930 547.6
1304940 547.0
1304950 547.0
1304960 546.4
1304970 545.8
1304980 545.8
1304990 545.1
1305000 544.6
1305010 544.6
1305020 544.1
1305030 543.5
1305040 543.5
1305050 543.0
1305060 542.5
1305070 542.1
1305080 542.1
1305090 541.7
1305100 541.3
1305110 541.3
1305120 541.0
1305130 539.8
1305140 539.8
1305150 539.2
1305160 538.9
1305170 538.9
1305180 538.3
1305190 537.8
1305200 537.8
1305210 537.6
1305220 537.4
1305230 537.4
1305240 537.1
1305250 536.9
1305260 536.9
1305270 536.8
1305280 536.7
1305290 536.7
1305300 536.7
1305310 535.0
1305320 535.0
1305330 531.6
1305340 531.2
1305350 531.2
1305360 531.1
1305370 530.9
1305380 530.7
1305390 530.7
1305400 530.7
1305410 530.8
1305420 530.8
1305430 530.9
1305440 531.0
1305450 531.0
1305460 531.0
1305470 530.9
1305480 530.9
1305490 530.9
1305500 531.0
1305510 531.0
1305520 530.9
1305530 530.8
1305540 530.8
1305550 530.9
1305560 530.9
1305570 530.9
1305580 530.9
1305590 530.9
1305600 530.9
1305610 530.8
1305620 530.7
1305630 530.7
1305640 530.6
1305650 530.6
1305660 530.6
1305670 530.6
1305680 530.7
1305690 530.7
1305700 530.7
1305710 530.8
1305720 530.8
1305730 530.8
1305740 530.8
1305750 530.6
1305760 530.6
1305770 530.6
1305780 530.7
1305790 530.7
1305800 530.7
1305810 530.4
1305820 530.4
1305830 530.4
1305840 530.4
1305850 530.4
1305860 530.4
1305870 530.3
1305880 530.3
1305890 530.4
1305900 530.5
1305910 530.5
1305920 530.5
1305930 530.6
1305940 530.7
1305950 530.7
1305960 530.7
1305970 530.8
1305980 530.8
1305990 530.8
1306000 530.8
1306010 530.8
1306020 530.8
1306030 530.8
1306040 530.8
1306050 530.8
1306060 530.8
1306070 530.8
1306080 530.7
1306090 530.7
1306100 530.7
1306110 530.7
1306120 530.7
1306130 530.7
1306140 530.6
1306150 530.7
1306160 530.7
1306170 530.7
1306180 530.7
1306190 530.7
1306200 530.6
1306210 530.4
1306220 530.4
1306230 530.4
1306240 530.4
1306250 530.5
1306260 530.5
1306270 530.4
1306280 529.7
1306290 529.7
1306300 528.9
1306310 529.1
1306320 529.1
1306330 530.5
1306340 531.1
1306350 531.1
1306360 532.4
1306370 533.8
1306380 533.8
1306390 534.0
1306400 532.5
1306410 532.5
1306420 530.7
1306430 531.1
1306440 531.1
1306450 531.6
1306460 530.6
1306470 530.6
1306480 530.6
1306490 530.5
1306500 530.5
1306510 530.5
1306520 530.4
1306530 530.4
1306540 530.4
1306550 530.4
1306560 530.5
1306570 530.5
1306580 530.5
1306590 530.6
1306600 530.6
1306610 530.7
1306620 530.6
1306630 530.6
1306640 530.7
1306650 530.7
1306660 530.7
1306670 530.6
1306680 530.5
1306690 530.5
1306700 530.6
1306710 530.7
1306720 530.7
1306730 530.8
1306740 530.8
1306750 530.8
1306760 531.0
1306770 532.0
1306780 532.0
1306790 531.8
1306800 531.7
1306810 531.7
1306820 534.0
1306830 533.2
1306840 531.4
1306850 531.4
1306860 530.8
1306870 530.6
1306880 530.6
1306890 530.7
1306900 530.8
1306910 530.8
1306920 530.9
1306930 531.3
1306940 531.3
1306950 532.2
1306960 533.3
1306970 533.3
1306980 533.6
1306990 533.6
1307000 533.6
1307010 533.6
1307020 533.2
1307030 533.2
1307040 531.9
1307050 531.2
1307060 531.2
1307070 530.8
1307080 529.8
1307090 529.8
1307100 529.8
1307110 531.1
1307120 530.6
1307130 530.6
1307140 528.6
1307150 527.9
1307160 527.9
1307170 527.7
1307180 527.6
1307190 527.6
1307200 527.6
1307210 527.6
1307220 527.6
1307230 527.5
1307240 527.5
1307250 527.5
1307260 527.5
1307270 527.4
1307280 527.4
1307290 527.4
1307300 527.4
1307310 527.4
1307320 527.5
1307330 528.7
1307340 528.7
1307350 530.4
1307360 529.7
1307370 529.7
1307380 528.5
1307390 530.4
1307400 531.6
1307410 531.6
1307420 531.8
1307430 531.4
1307440 531.4
1307450 531.0
1307460 530.9
1307470 530.9
1307480 530.9
1307490 530.8
1307500 530.8
1307510 530.8
1307520 530.8
1307530 530.8
1307540 530.7
1307550 530.7
1307560 530.7
1307570 530.8
1307580 530.8
1307590 530.8
1307600 530.8
1307610 530.8
1307620 530.8
1307630 530.8
1307640 530.9
1307650 530.9
1307660 531.0
1307670 531.0
1307680 531.0
1307690 531.1
1307700 531.6
1307710 530.6
1307720 530.6
1307730 531.5
1307740 532.1
1307750 532.1
1307760 532.6
1307770 533.0
1307780 533.0
1307790 533.3
1307800 533.8
1307810 533.8
1307820 534.3
1307830 534.7
1307840 534.7
1307850 535.3
1307860 535.8
1307870 535.8
1307880 536.4
1307890 537.1
1307900 537.1
1307910 537.7
1307920 538.6
1307930 538.6
1307940 539.6
1307950 540.4
1307960 540.4
1307970 541.2
1307980 542.0
1307990 542.8
1308000 542.8
1308010 543.7
1308020 544.6
1308030 544.9
1308040 545.9
1308050 547.1
1308060 547.1
1308070 549.1
1308080 550.6
1308090 550.6
1308100 551.4
1308110 552.4
1308120 552.4
1308130 554.1
1308140 554.5
1308150 554.5
1308160 555.3
1308170 556.8
1308180 556.8
1308190 557.8
1308200 558.9
1308210 558.9
1308220 560.1
1308230 561.3
1308240 561.3
1308250 562.5
1308260 563.7
1308270 564.6
1308280 564.6
1308290 564.8
1308300 563.8
1308310 563.8
1308320 563.7
1308330 566.1
1308340 566.1
1308350 568.0
1308360 569.1
1308370 569.1
1308380 570.2
1308390 571.7
1308400 571.7
1308410 571.7
1308420 571.9
1308430 571.9
1308440 572.5
1308450 572.6
1308460 572.6
1308470 573.2
1308480 573.8
1308490 573.8
1308500 573.8
1308510 573.4
1308520 573.4
1308530 573.4
1308540 574.1
1308550 574.1
1308560 575.5
1308570 577.0
1308580 577.2
1308590 577.2
1308600 576.5
1308610 575.6
1308620 575.6
1308630 573.9
1308640 573.5
1308650 573.5
1308660 573.0
1308670 572.2
1308680 572.2
1308690 571.4
1308700 570.8
1308710 570.8
1308720 570.3
1308730 569.7
1308740 569.7
1308750 569.0
1308760 569.5
1308770 569.5
1308780 569.3
1308790 570.0
1308800 570.0
1308810 573.0
1308820 578.4
1308830 578.4
1308840 584.6
1308850 591.4
1308860 598.2
1308870 598.2
1308880 604.7
1308890 611.2
1308900 611.2
1308910 622.1
1308920 628.8
1308930 628.8
1308940 631.7
1308950 633.5
1308960 633.5
1308970 634.3
1308980 634.7
1308990 634.7
1309000 635.5
1309010 635.5
1309020 635.5
1309030 633.8
1309040 632.6
1309050 632.6
1309060 634.0
1309070 635.9
1309080 635.9
1309090 635.1
1309100 631.8
1309110 631.8
1309120 626.2
1309130 620.2
1309140 620.2
1309150 615.5
1309160 613.3
1309170 613.3
1309180 613.3
1309190 615.9
1309200 619.3
1309210 619.3
1309220 621.9
1309230 624.4
1309240 624.4
1309250 627.3
1309260 630.5
1309270 630.5
1309280 634.3
1309290 638.7
1309300 638.7
1309310 643.4
1309320 648.8
1309330 648.8
1309340 654.7
1309350 661.6
1309360 661.6
1309370 669.2
1309380 677.0
1309390 677.0
1309400 686.1
1309410 692.4
1309420 692.4
1309430 695.3
1309440 697.0
1309450 698.5
1309460 698.5
1309470 699.9
1309480 704.2
1309490 704.2
1309500 706.4
1309510 707.8
1309520 707.8
1309530 709.8
1309540 713.0
1309550 713.0
1309560 717.2
1309570 721.7
1309580 721.7
1309590 725.8
1309600 731.4
1309610 731.4
1309620 737.6
1309630 743.9
1309640 743.9
1309650 748.5
1309660 751.4
1309670 751.4
1309680 751.4
1309690 750.3
1309700 750.3
1309710 751.2
1309720 757.8
1309730 765.5
1309740 765.5
1309750 773.2
1309760 781.9
1309770 781.9
1309780 792.3
1309790 801.1
1309800 801.1
1309810 807.5
1309820 810.2
1309830 810.2
1309840 810.7
1309850 810.8
1309860 810.8
1309870 812.0
1309880 812.9
1309890 812.9
1309900 820.2
1309910 824.0
1309920 824.0
1309930 823.7
1309940 820.0
1309950 820.0
1309960 820.6
1309970 822.2
1309980 822.2
1309990 820.8
1310000 822.3
1310010 822.3
1310020 824.2
1310030 825.2
1310040 827.1
1310050 827.1
1310060 829.7
1310070 831.4
1310080 831.4
1310090 832.8
1310100 840.4
1310110 840.4
1310120 849.6
1310130 849.4
1310140 849.4
1310150 852.0
1310160 855.0
1310170 855.0
1310180 853.3
1310190 849.8
1310200 849.8
1310210 854.4
1310220 855.7
1310230 855.7
1310240 856.4
1310250 858.9
1310260 858.9
1310270 860.7
1310280 859.2
1310290 859.2
1310300 855.1
1310310 851.0
1310320 845.7
1310330 845.7
1310340 837.6
1310350 830.9
1310360 830.9
1310370 826.0
1310380 823.1
1310390 823.1
1310400 820.2
1310410 820.6
1310420 820.6
1310430 823.3
1310440 825.7
1310450 825.7
1310460 827.8
1310470 830.3
1310480 830.3
1310490 834.3
1310500 838.6
1310510 838.6
1310520 842.0
1310530 844.1
1310540 844.1
1310550 845.0
1310560 846.5
1310570 846.5
1310580 849.2
1310590 853.0
1310600 853.0
1310610 858.5
1310620 865.0
1310630 869.5
1310640 869.5
1310650 871.6
1310660 872.8
1310670 872.8
1310680 874.0
1310690 874.8
1310700 874.8
1310710 872.6
1310720 871.5
1310730 871.5
1310740 873.2
1310750 875.7
1310760 875.7
1310770 879.0
1310780 882.8
1310790 882.8
1310800 886.0
1310810 886.6
1310820 886.6
1310830 886.1
1310840 885.3
1310850 885.3
1310860 884.4
1310870 884.4
1310880 884.4
1310890 885.4
1310900 887.8
1310910 890.7
1310920 890.7
1310930 890.6
1310940 889.6
1310950 890.5
1310960 887.1
1310970 882.5
1310980 882.5
1310990 878.4
1311000 876.8
1311010 876.8
1311020 879.1
1311030 882.7
1311040 882.7
1311050 884.9
1311060 882.3
1311070 882.3
1311080 879.8
1311090 879.5
1311100 879.5
1311110 881.4
1311120 883.8
1311130 883.8
1311140 883.1
1311150 880.8
1311160 880.8
1311170 878.4
1311180 874.8
1311190 871.6
1311200 871.6
1311210 869.3
1311220 865.6
1311230 865.6
1311240 861.8
1311250 857.3
1311260 857.3
1311270 852.9
1311280 848.4
1311290 848.4
1311300 842.1
1311310 831.0
1311320 831.0
1311330 820.2
1311340 810.1
1311350 810.1
1311360 800.8
1311370 794.1
1311380 794.1
1311390 786.9
1311400 778.5
1311410 778.5
1311420 771.4
1311430 763.7
1311440 763.7
1311450 755.9
1311460 749.5
1311470 749.5
1311480 747.7
1311490 747.1
1311500 748.1
1311510 748.1
1311520 750.2
1311530 755.0
1311540 755.0
1311550 758.7
1311560 759.7
1311570 759.7
1311580 761.6
1311590 764.7
1311600 764.7
1311610 769.0
1311620 774.3
1311630 774.3
1311640 781.7
1311650 791.0
1311660 791.0
1311670 802.0
1311680 808.9
1311690 808.9
1311700 817.6
1311710 825.1
1311720 825.1
1311730 831.3
1311740 840.0
1311750 840.0
1311760 848.6
1311770 856.7
1311780 864.4
1311790 864.4
1311800 870.6
1311810 876.2
1311820 876.2
1311830 879.6
1311840 880.8
1311850 880.8
1311860 882.0
1311870 883.8
1311880 883.8
1311890 885.9
1311900 887.8
1311910 887.8
1311920 889.3
1311930 890.6
1311940 890.6
1311950 889.6
1311960 886.6
1311970 886.6
1311980 883.0
1311990 879.8
1312000 879.8
1312010 878.2
1312020 879.5
1312030 879.5
1312040 884.5
1312050 890.5
1312060 890.5
1312070 896.8
1312080 903.2
1312090 909.5
1312100 909.5
1312110 914.9
1312120 918.4
1312130 918.4
1312140 917.1
1312150 912.3
1312160 912.3
1312170 907.1
1312180 900.1
1312190 900.1
1312200 895.9
1312210 897.3
1312220 897.3
1312230 895.6
1312240 893.3
1312250 893.3
1312260 893.2
1312270 898.3
1312280 898.3
1312290 904.7
1312300 911.2
1312310 911.2
1312320 916.0
1312330 916.0
1312340 916.0
1312350 912.9
1312360 907.4
1312370 901.2
1312380 901.2
1312390 895.8
1312400 891.8
1312410 891.8
1312420 898.6
1312430 899.2
1312440 899.2
1312450 899.0
1312460 896.8
1312470 896.8
1312480 893.8
1312490 891.9
1312500 891.9
1312510 891.7
1312520 889.9
1312530 889.9
1312540 884.7
1312550 880.1
1312560 880.1
1312570 877.5
1312580 875.5
1312590 875.5
1312600 874.0
1312610 874.1
1312620 874.1
1312630 874.8
1312640 876.5
1312650 878.5
1312660 878.5
1312670 885.0
1312680 890.2
1312690 890.2
1312700 892.8
1312710 896.0
1312720 896.0
1312730 900.2
1312740 904.3
1312750 904.3
1312760 907.9
1312770 911.1
1312780 911.1
1312790 914.4
1312800 917.5
1312810 917.5
1312820 921.5
1312830 926.7
1312840 926.7
1312850 931.2
1312860 935.5
1312870 935.5
1312880 939.7
1312890 943.5
1312900 943.5
1312910 947.4
1312920 951.7
1312930 951.7
1312940 956.1
1312950 960.4
1312960 964.5
1312970 964.5
1312980 968.9
1312990 973.3
1313000 973.3
1313010 977.6
1313020 982.2
1313030 982.2
1313040 987.0
1313050 992.0
1313060 992.0
1313070 996.9
1313080 1001.8
1313090 1001.8
1313100 1006.5
1313110 1011.7
1313120 1011.7
1313130 1017.5
1313140 1023.0
1313150 1023.0
1313160 1032.6
1313170 1038.4
1313180 1038.4
1313190 1043.6
1313200 1048.4
1313210 1048.4
1313220 1053.8
1313230 1059.7
1313240 1065.3
1313250 1065.3
1313260 1072.1
1313270 1079.8
1313280 1079.8
1313290 1087.5
1313300 1095.3
1313310 1095.3
1313320 1102.9
1313330 1110.6
1313340 1110.6
1313350 1118.5
1313360 1126.7
1313370 1126.7
1313380 1135.2
1313390 1145.0
1313400 1145.0
1313410 1154.5
1313420 1162.9
1313430 1162.9
1313440 1170.7
1313450 1177.0
1313460 1177.0
1313470 1181.1
1313480 1184.8
1313490 1184.8
1313500 1188.6
1313510 1192.4
1313520 1195.8
1313530 1195.8
1313540 1199.1
1313550 1202.9
1313560 1202.9
1313570 1206.3
1313580 1208.6
1313590 1208.6
1313600 1211.9
1313610 1216.7
1313620 1216.7
1313630 1219.6
1313640 1222.2
1313650 1222.2
1313660 1224.9
1313670 1228.3
1313680 1228.3
1313690 1232.1
1313700 1235.9
1313710 1235.9
1313720 1240.5
1313730 1244.9
1313740 1244.9
1313750 1249.3
1313760 1254.0
1313770 1254.0
1313780 1258.9
1313790 1264.1
1313800 1264.1
1313810 1268.6
1313820 1272.3
1313830 1275.9
1313840 1275.9
1313850 1280.6
1313860 1283.7
1313870 1283.7
1313880 1286.3
1313890 1289.3
1313900 1289.3
1313910 1297.6
1313920 1300.8
1313930 1300.8
1313940 1303.7
1313950 1307.7
1313960 1307.7
1313970 1314.6
1313980 1321.8
1313990 1321.8
1314000 1324.6
1314010 1327.4
1314020 1327.4
1314030 1330.5
1314040 1332.7
1314050 1332.7
1314060 1334.5
1314070 1335.6
1314080 1335.6
1314090 1335.9
1314100 1337.9
1314110 1340.6
1314120 1340.6
1314130 1343.8
1314140 1348.0
1314150 1348.0
1314160 1349.6
1314170 1348.2
1314180 1348.2
1314190 1344.4
1314200 1338.8
1314210 1338.8
1314220 1337.4
1314230 1337.7
1314240 1337.7
1314250 1336.1
1314260 1335.0
1314270 1335.0
1314280 1335.2
1314290 1337.2
1314300 1337.2
1314310 1342.2
1314320 1348.9
1314330 1348.9
1314340 1354.7
1314350 1357.7
1314360 1357.7
1314370 1361.3
1314380 1363.7
1314390 1363.7
1314400 1366.2
1314410 1369.2
1314420 1372.4
1314430 1372.4
1314440 1375.2
1314450 1377.9
1314460 1377.9
1314470 1381.7
1314480 1384.9
1314490 1384.9
1314500 1388.6
1314510 1392.0
1314520 1392.0
1314530 1392.6
1314540 1394.2
1314550 1394.2
1314560 1396.3
1314570 1400.1
1314580 1400.1
1314590 1404.4
1314600 1407.8
1314610 1407.8
1314620 1409.7
1314630 1408.7
1314640 1408.7
1314650 1405.6
1314660 1409.0
1314670 1409.0
1314680 1411.4
1314690 1414.4
1314700 1417.1
1314710 1417.1
1314720 1418.8
1314730 1422.2
1314740 1422.2
1314750 1431.9
1314760 1439.5
1314770 1439.5
1314780 1444.8
1314790 1448.1
1314800 1448.1
1314810 1448.3
1314820 1448.5
1314830 1448.5
1314840 1449.0
1314850 1449.1
1314860 1449.1
1314870 1448.6
1314880 1447.4
1314890 1447.4
1314900 1443.3
1314910 1438.1
1314920 1438.1
1314930 1432.9
1314940 1427.4
1314950 1427.4
1314960 1423.9
1314970 1418.3
1314980 1411.7
1314990 1411.7
1315000 1405.0
1315010 1398.5
1315020 1398.5
1315030 1392.4
1315040 1386.3
1315050 1386.3
1315060 1380.2
1315070 1375.6
1315080 1375.6
1315090 1371.8
1315100 1368.7
1315110 1368.7
1315120 1365.6
1315130 1363.6
1315140 1363.6
1315150 1360.0
1315160 1357.7
1315170 1357.7
1315180 1356.4
1315190 1353.8
1315200 1353.8
1315210 1350.5
1315220 1346.3
1315230 1346.3
1315240 1342.8
1315250 1338.8
1315260 1338.8
1315270 1334.8
1315280 1331.1
1315290 1329.9
1315300 1329.9
1315310 1329.5
1315320 1327.6
1315330 1327.6
1315340 1322.5
1315350 1315.8
1315360 1315.8
1315370 1308.5
1315380 1301.9
1315390 1301.9
1315400 1297.5
1315410 1299.6
1315420 1299.6
1315430 1297.9
1315440 1293.8
1315450 1293.8
1315460 1287.2
1315470 1280.2
1315480 1280.2
1315490 1274.4
1315500 1272.1
1315510 1272.1
1315520 1267.1
1315530 1259.4
1315540 1259.4
1315550 1251.3
1315560 1244.0
1315570 1238.1
1315580 1238.1
1315590 1235.5
1315600 1233.9
1315610 1233.9
1315620 1232.3
1315630 1231.1
1315640 1231.1
1315650 1226.5
1315660 1220.3
1315670 1220.3
1315680 1215.5
1315690 1215.2
1315700 1215.2
1315710 1211.8
1315720 1206.2
1315730 1206.2
1315740 1199.9
1315750 1192.7
1315760 1192.7
1315770 1185.0
1315780 1175.5
1315790 1175.5
1315800 1169.1
1315810 1164.0
1315820 1164.0
1315830 1159.3
1315840 1155.8
1315850 1151.4
1315860 1151.4
1315870 1146.7
1315880 1142.3
1315890 1142.3
1315900 1138.1
1315910 1133.8
1315920 1133.8
1315930 1129.9
1315940 1125.7
1315950 1125.7
1315960 1121.6
1315970 1117.6
1315980 1117.6
1315990 1111.9
1316000 1107.1
1316010 1107.1
1316020 1102.4
1316030 1097.8
1316040 1097.8
1316050 1093.7
1316060 1088.2
1316070 1088.2
1316080 1083.0
1316090 1079.5
1316100 1079.5
1316110 1076.1
1316120 1071.5
1316130 1071.5
1316140 1066.3
1316150 1061.1
1316160 1056.3
1316170 1059.0
1316180 1054.5
1316190 1049.2
1316200 1049.2
1316210 1045.4
1316220 1042.0
1316230 1042.0
1316240 1039.2
1316250 1036.3
1316260 1036.3
1316270 1032.9
1316280 1026.5
1316290 1026.5
1316300 1017.9
1316310 1011.4
1316320 1011.4
1316330 1006.6
1316340 1002.7
1316350 1002.7
1316360 999.7
1316370 998.2
1316380 998.2
1316390 997.5
1316400 996.8
1316410 996.8
1316420 996.1
1316430 995.3
1316440 994.1
1316450 994.1
1316460 993.1
1316470 991.5
1316480 991.5
1316490 988.3
1316500 984.9
1316510 984.9
1316520 982.4
1316530 979.7
1316540 979.7
1316550 975.5
1316560 969.5
1316570 969.5
1316580 962.7
1316590 954.8
1316600 954.8
1316610 947.3
1316620 941.0
1316630 941.0
1316640 935.2
1316650 929.9
1316660 929.9
1316670 924.9
1316680 919.7
1316690 919.7
1316700 912.0
1316710 903.2
1316720 903.2
1316730 893.9
1316740 884.4
1316750 876.5
1316760 876.5
1316770 868.8
1316780 862.0
1316790 862.0
1316800 858.3
1316810 856.4
1316820 856.4
1316830 846.9
1316840 838.3
1316850 838.3
1316860 831.9
1316870 821.7
1316880 821.7
1316890 810.6
1316900 795.1
1316910 795.1
1316920 782.6
1316930 769.2
1316940 769.2
1316950 759.5
1316960 750.8
1316970 750.8
1316980 742.5
1316990 730.3
1317000 730.3
1317010 716.7
1317020 719.5
1317030 736.4
1317040 736.4
1317050 748.5
1317060 760.0
1317070 760.0
1317080 773.3
1317090 782.9
1317100 782.9
1317110 790.8
1317120 791.7
1317130 791.7
1317140 787.4
1317150 783.3
1317160 783.3
1317170 784.7
1317180 789.3
1317190 789.3
1317200 792.3
1317210 789.0
1317220 789.0
1317230 789.6
1317240 791.2
1317250 791.2
1317260 794.6
1317270 798.2
1317280 798.2
1317290 788.6
1317300 776.1
1317310 774.1
1317320 774.1
1317330 772.9
1317340 772.0
1317350 772.0
1317360 767.4
1317370 769.0
1317380 769.0
1317390 773.0
1317400 777.3
1317410 777.3
1317420 780.1
1317430 779.9
1317440 779.9
1317450 774.1
1317460 768.2
1317470 768.2
1317480 764.1
1317490 760.3
1317500 760.3
1317510 757.9
1317520 750.1
1317530 750.1
1317540 740.8
1317550 733.1
1317560 733.1
1317570 727.0
1317580 724.1
1317590 724.1
1317600 720.0
1317610 714.1
1317620 706.0
1317630 706.0
1317640 697.5
1317650 688.8
1317660 688.8
1317670 680.2
1317680 672.6
1317690 675.7
1317700 668.1
1317710 660.8
1317720 660.8
1317730 653.2
1317740 645.2
1317750 645.2
1317760 638.9
1317770 633.7
1317780 633.7
1317790 628.9
1317800 625.1
1317810 625.1
1317820 620.2
1317830 614.2
1317840 614.2
1317850 610.2
1317860 603.7
1317870 603.7
1317880 594.7
1317890 583.1
1317900 573.5
1317910 573.5
1317920 566.2
1317930 560.7
1317940 560.7
1317950 556.4
1317960 552.1
1317970 552.1
1317980 548.8
1317990 546.6
1318000 546.6
1318010 545.2
1318020 544.7
1318030 544.7
1318040 544.4
1318050 544.3
1318060 544.3
1318070 544.2
1318080 543.7
1318090 543.7
1318100 543.0
1318110 542.5
1318120 542.5
1318130 542.1
1318140 541.7
1318150 541.7
1318160 541.4
1318170 540.8
1318180 540.2
1318190 540.2
1318200 539.6
1318210 539.1
1318220 539.1
1318230 538.5
1318240 537.8
1318250 537.8
1318260 537.2
1318270 536.7
1318280 536.7
1318290 536.3
1318300 535.9
1318310 535.9
1318320 535.6
1318330 535.3
1318340 535.3
1318350 535.1
1318360 535.1
1318370 535.1
1318380 535.1
1318390 534.6
1318400 534.6
1318410 533.8
1318420 533.0
1318430 533.0
1318440 532.6
1318450 532.2
1318460 532.2
1318470 531.9
1318480 531.6
1318490 531.4
1318500 531.4
1318510 531.1
1318520 530.9
1318530 530.9
1318540 530.6
1318550 530.4
1318560 530.4
1318570 530.2
1318580 530.0
1318590 530.0
1318600 529.7
1318610 529.5
1318620 529.5
1318630 529.2
1318640 529.0
1318650 529.0
1318660 528.9
1318670 528.8
1318680 528.8
1318690 528.7
1318700 528.6
1318710 528.6
1318720 529.1
1318730 529.7
1318740 529.7
1318750 528.5
1318760 528.9
1318770 528.1
1318780 528.1
1318790 527.5
1318800 527.3
1318810 527.3
1318820 527.2
1318830 527.1
1318840 527.1
1318850 527.0
1318860 526.9
1318870 526.9
1318880 526.8
1318890 526.7
1318900 526.7
1318910 526.6
1318920 526.5
1318930 526.5
1318940 526.5
1318950 526.5
1318960 526.5
1318970 526.5
1318980 526.5
1318990 526.5
1319000 526.7
1319010 526.8
1319020 526.8
1319030 526.7
1319040 526.6
1319050 526.6
1319060 526.5
1319070 526.5
1319080 526.5
1319090 526.5
1319100 526.5
1319110 526.5
1319120 526.5
1319130 526.5
1319140 526.6
1319150 526.6
1319160 526.7
1319170 526.7
1319180 526.7
1319190 526.5
1319200 525.7
1319210 525.7
1319220 526.6
1319230 526.6
1319240 526.6
1319250 526.6
1319260 526.7
1319270 526.7
1319280 526.7
1319290 526.7
1319300 526.7
1319310 526.8
1319320 526.8
1319330 526.8
1319340 526.8
1319350 526.7
1319360 526.8
1319370 526.8
1319380 526.8
1319390 526.8
1319400 526.8
1319410 526.8
1319420 526.8
1319430 526.8
1319440 526.8
1319450 526.9
1319460 526.9
1319470 526.9
1319480 526.9
1319490 526.9
1319500 526.9
1319510 526.9
1319520 526.9
1319530 527.0
1319540 527.1
1319550 527.1
1319560 527.2
1319570 527.3
1319580 527.3
1319590 527.4
1319600 527.4
1319610 527.4
1319620 527.5
1319630 527.6
1319640 527.6
1319650 527.6
1319660 527.6
1319670 527.7
1319680 527.7
1319690 527.7
1319700 527.8
1319710 527.8
1319720 527.6
1319730 526.8
1319740 526.8
1319750 527.1
1319760 527.5
1319770 527.5
1319780 527.7
1319790 527.8
1319800 527.8
1319810 527.9
1319820 528.1
1319830 528.1
1319840 528.2
1319850 528.3
1319860 528.3
1319870 528.4
1319880 528.6
1319890 528.6
1319900 528.7
1319910 528.9
1319920 528.9
1319930 528.7
1319940 527.1
1319950 526.3
1319960 526.3
1319970 526.3
1319980 526.2
1319990 526.3
