1300000 955.9
1300010 954.0
1300020 949.1
1300030 949.1
1300040 943.6
1300050 940.3
1300060 940.3
1300070 942.1
1300080 946.6
1300090 946.6
1300100 951.2
1300110 953.4
1300120 953.4
1300130 954.0
1300140 955.1
1300150 955.1
1300160 956.3
1300170 958.4
1300180 961.5
1300190 961.5
1300200 968.7
1300210 976.9
1300220 976.9
1300230 983.4
1300240 987.6
1300250 987.6
1300260 990.9
1300270 995.4
1300280 1002.6
1300290 1005.1
1300300 1002.0
1300310 1002.0
1300320 998.1
1300330 993.3
1300340 993.3
1300350 990.9
1300360 993.7
1300370 993.7
1300380 996.8
1300390 999.5
1300400 999.5
1300410 999.1
1300420 996.1
1300430 996.1
1300440 993.5
1300450 994.6
1300460 994.6
1300470 995.0
1300480 996.4
1300490 998.1
1300500 998.1
1300510 997.8
1300520 993.7
1300530 993.7
1300540 991.4
1300550 989.8
1300560 989.8
1300570 985.9
1300580 984.3
1300590 984.3
1300600 983.6
1300610 985.6
1300620 985.6
1300630 988.1
1300640 989.0
1300650 989.0
1300660 990.3
1300670 988.2
1300680 988.2
1300690 985.5
1300700 983.4
1300710 983.4
1300720 981.8
1300730 981.7
1300740 981.7
1300750 979.4
1300760 978.7
1300770 980.2
1300780 980.2
1300790 980.7
1300800 979.9
1300810 979.9
1300820 979.2
1300830 977.4
1300840 977.4
1300850 976.0
1300860 974.3
1300870 974.3
1300880 972.5
1300890 969.7
1300900 969.7
1300910 961.0
1300920 928.2
1300930 928.2
1300940 898.2
1300950 890.8
1300960 890.8
1300970 894.1
1300980 890.5
1300990 890.5
1301000 887.5
1301010 884.5
1301020 884.5
1301030 879.1
1301040 876.4
1301050 876.4
1301060 876.0
1301070 874.0
1301080 872.7
1301090 872.7
1301100 874.9
1301110 877.2
1301120 877.2
1301130 876.9
1301140 873.5
1301150 873.5
1301160 870.7
1301170 871.5
1301180 871.5
1301190 875.2
1301200 876.4
1301210 876.4
1301220 875.9
1301230 877.1
1301240 877.1
1301250 876.0
1301260 875.6
1301270 875.6
1301280 875.2
1301290 870.4
1301300 870.4
1301310 868.5
1301320 867.4
1301330 867.4
1301340 866.4
1301350 866.0
1301360 863.9
1301370 863.9
1301380 856.9
1301390 855.3
1301400 855.3
1301410 854.9
1301420 860.9
1301430 860.9
1301440 870.7
1301450 878.5
1301460 878.5
1301470 886.3
1301480 886.5
1301490 886.5
1301500 874.4
1301510 864.5
1301520 864.5
1301530 862.2
1301540 856.6
1301550 856.6
1301560 849.6
1301570 843.4
1301580 843.4
1301590 837.6
1301600 832.0
1301610 832.0
1301620 828.0
1301630 826.0
1301640 825.3
1301650 825.3
1301660 830.5
1301670 843.0
1301680 843.0
1301690 842.8
1301700 841.4
1301710 841.4
1301720 842.8
1301730 840.8
1301740 840.8
1301750 838.0
1301760 830.3
1301770 830.3
1301780 808.8
1301790 787.6
1301800 787.6
1301810 782.9
1301820 780.6
1301830 780.6
1301840 780.6
1301850 783.0
1301860 783.0
1301870 784.5
1301880 785.7
1301890 785.7
1301900 787.6
1301910 790.2
1301920 790.2
1301930 793.2
1301940 796.6
1301950 797.6
1301960 797.6
1301970 797.5
1301980 796.8
1301990 796.8
1302000 796.8
1302010 798.1
1302020 798.1
1302030 801.7
1302040 803.7
1302050 803.7
1302060 805.6
1302070 810.6
1302080 810.6
1302090 816.1
1302100 821.1
1302110 821.1
1302120 822.1
1302130 819.6
1302140 819.6
1302150 814.5
1302160 809.2
1302170 809.2
1302180 806.7
1302190 807.6
1302200 807.6
1302210 808.8
1302220 809.7
1302230 811.0
1302240 811.0
1302250 812.9
1302260 815.6
1302270 815.6
1302280 819.8
1302290 823.0
1302300 823.0
1302310 822.1
1302320 821.9
1302330 821.9
1302340 820.8
1302350 821.6
1302360 821.6
1302370 816.8
1302380 818.9
1302390 818.9
1302400 820.3
1302410 821.9
1302420 821.9
1302430 824.7
1302440 825.9
1302450 825.9
1302460 822.4
1302470 817.6
1302480 817.6
1302490 813.3
1302500 811.2
1302510 811.2
1302520 806.6
1302530 798.5
1302540 793.5
1302550 793.5
1302560 791.4
1302570 783.2
1302580 783.2
1302590 775.0
1302600 770.7
1302610 770.7
1302620 771.7
1302630 769.6
1302640 769.6
1302650 773.5
1302660 788.4
1302670 788.4
1302680 802.7
1302690 803.9
1302700 803.9
1302710 803.0
1302720 802.0
1302730 802.0
1302740 800.7
1302750 800.1
1302760 800.1
1302770 799.4
1302780 797.3
1302790 797.3
1302800 793.6
1302810 791.8
1302820 789.8
1302830 789.8
1302840 788.9
1302850 787.6
1302860 787.6
1302870 784.6
1302880 780.7
1302890 780.7
1302900 780.9
1302910 773.5
1302920 773.5
1302930 763.3
1302940 761.2
1302950 761.2
1302960 758.4
1302970 757.0
1302980 757.0
1302990 755.7
1303000 755.7
1303010 755.7
1303020 755.3
1303030 753.9
1303040 753.9
1303050 750.8
1303060 749.3
1303070 737.4
1303080 737.7
1303090 736.7
1303100 736.7
1303110 735.5
1303120 734.3
1303130 732.8
1303140 732.8
1303150 731.3
1303160 728.2
1303170 728.2
1303180 729.1
1303190 730.2
1303200 730.2
1303210 724.8
1303220 721.5
1303230 721.5
1303240 720.6
1303250 717.0
1303260 717.0
1303270 714.9
1303280 710.2
1303290 710.2
1303300 705.6
1303310 704.6
1303320 704.6
1303330 704.6
1303340 707.4
1303350 707.4
1303360 724.3
1303370 745.2
1303380 745.2
1303390 745.0
1303400 743.1
1303410 744.4
1303420 744.4
1303430 752.8
1303440 779.3
1303450 779.3
1303460 794.7
1303470 797.9
1303480 797.9
1303490 793.7
1303500 788.4
1303510 788.4
1303520 783.1
1303530 781.1
1303540 781.1
1303550 781.6
1303560 782.2
1303570 782.2
1303580 783.9
1303590 786.1
1303600 786.1
1303610 788.7
1303620 788.2
1303630 788.2
1303640 783.4
1303650 776.8
1303660 776.8
1303670 772.0
1303680 768.6
1303690 763.3
1303700 763.3
1303710 755.2
1303720 747.0
1303730 747.0
1303740 740.7
1303750 737.0
1303760 737.0
1303770 733.5
1303780 723.3
1303790 723.3
1303800 720.1
1303810 714.5
1303820 714.5
1303830 708.5
1303840 704.9
1303850 704.9
1303860 700.8
1303870 696.1
1303880 696.1
1303890 692.1
1303900 688.9
1303910 688.9
1303920 685.3
1303930 679.8
1303940 679.8
1303950 672.6
1303960 672.7
1303970 672.7
1303980 679.7
1303990 685.6
1304000 690.0
1304010 690.0
1304020 695.1
1304030 699.7
1304040 699.7
1304050 705.4
1304060 711.5
1304070 711.5
1304080 714.7
1304090 714.4
1304100 714.4
1304110 715.2
1304120 713.7
1304130 713.7
1304140 712.2
1304150 710.4
1304160 710.4
1304170 707.7
1304180 704.9
1304190 704.9
1304200 703.0
1304210 700.0
1304220 700.0
1304230 694.9
1304240 688.3
1304250 688.3
1304260 681.5
1304270 674.5
1304280 668.1
1304290 668.1
1304300 662.8
1304310 657.7
1304320 657.7
1304330 652.1
1304340 646.1
1304350 646.1
1304360 640.6
1304370 635.2
1304380 635.2
1304390 630.6
1304400 626.3
1304410 626.3
1304420 622.0
1304430 617.9
1304440 617.9
1304450 613.6
1304460 609.7
1304470 609.7
1304480 604.8
1304490 601.5
1304500 601.5
1304510 598.6
1304520 596.3
1304530 596.3
1304540 594.5
1304550 593.5
1304560 593.5
1304570 592.1
1304580 591.8
1304590 591.8
1304600 591.8
1304610 590.2
1304620 588.5
1304630 588.5
1304640 587.1
1304650 585.7
1304660 585.7
1304670 584.2
1304680 582.3
1304690 582.3
1304700 581.2
1304710 580.6
1304720 580.6
1304730 579.9
1304740 578.8
1304750 578.8
1304760 577.3
1304770 576.0
1304780 576.0
1304790 574.8
1304800 573.9
1304810 573.9
1304820 573.0
1304830 572.3
1304840 572.3
1304850 571.7
1304860 570.7
1304870 569.5
1304880 569.5
1304890 568.4
1304900 567.3
1304910 567.3
1304920 566.1
1304930 564.4
1304940 564.4
1304950 562.5
1304960 560.9
1304970 560.9
1304980 559.1
1304990 556.8
1305000 556.8
1305010 555.1
1305020 553.6
1305030 553.6
1305040 551.5
1305050 549.3
1305060 549.3
1305070 547.6
1305080 546.0
1305090 546.0
1305100 544.4
1305110 543.1
1305120 543.1
1305130 541.8
1305140 538.3
1305150 538.3
1305160 533.5
1305170 532.1
1305180 529.4
1305190 529.6
1305200 529.6
1305210 530.6
1305220 530.6
1305230 530.8
1305240 530.8
1305250 530.8
1305260 530.9
1305270 530.8
1305280 530.8
1305290 530.6
1305300 530.4
1305310 530.4
1305320 530.4
1305330 530.6
1305340 530.6
1305350 530.7
1305360 530.8
1305370 530.8
1305380 530.9
1305390 530.9
1305400 530.9
1305410 531.0
1305420 530.9
1305430 530.9
1305440 530.9
1305450 530.8
1305460 530.7
1305470 530.7
1305480 530.6
1305490 530.6
1305500 530.6
1305510 530.5
1305520 530.5
1305530 530.5
1305540 530.5
1305550 530.6
1305560 530.6
1305570 530.6
1305580 530.6
1305590 530.6
1305600 530.6
1305610 530.5
1305620 530.5
1305630 530.5
1305640 530.6
1305650 530.6
1305660 530.3
1305670 530.0
1305680 530.0
1305690 530.0
1305700 530.0
1305710 530.0
1305720 530.0
1305730 530.0
1305740 530.0
1305750 530.0
1305760 530.0
1305770 530.1
1305780 530.1
1305790 530.1
1305800 530.0
1305810 530.0
1305820 529.9
1305830 530.0
1305840 530.0
1305850 530.2
1305860 530.3
1305870 530.3
1305880 530.3
1305890 530.3
1305900 530.3
1305910 530.4
1305920 530.4
1305930 530.4
1305940 530.4
1305950 530.3
1305960 530.3
1305970 530.2
1305980 530.2
1305990 530.2
1306000 530.3
1306010 530.3
1306020 530.3
1306030 530.3
1306040 529.9
1306050 529.8
1306060 529.8
1306070 530.1
1306080 529.9
1306090 529.9
1306100 529.9
1306110 530.0
1306120 530.0
1306130 529.9
1306140 529.6
1306150 529.6
1306160 529.8
1306170 530.1
1306180 530.1
1306190 530.1
1306200 530.1
1306210 530.1
1306220 530.0
1306230 530.0
1306240 530.0
1306250 530.0
1306260 529.9
1306270 529.9
1306280 529.8
1306290 529.7
1306300 529.7
1306310 529.8
1306320 529.9
1306330 529.8
1306340 529.8
1306350 529.8
1306360 529.8
1306370 529.8
1306380 529.9
1306390 529.9
1306400 529.9
1306410 530.0
1306420 530.0
1306430 530.0
1306440 529.7
1306450 529.7
1306460 529.7
1306470 529.7
1306480 529.8
1306490 529.8
1306500 529.9
1306510 530.2
1306520 530.2
1306530 530.2
1306540 529.9
1306550 529.9
1306560 530.1
1306570 530.1
1306580 530.1
1306590 530.1
1306600 530.0
1306610 530.0
1306620 530.0
1306630 530.0
1306640 530.0
1306650 530.0
1306660 530.0
1306670 530.1
1306680 530.1
1306690 530.0
1306700 529.1
1306710 529.1
1306720 529.3
1306730 529.7
1306740 529.7
1306750 529.8
1306760 529.9
1306770 529.9
1306780 530.3
1306790 530.3
1306800 530.3
1306810 529.9
1306820 528.9
1306830 528.9
1306840 528.6
1306850 529.1
1306860 529.1
1306870 530.9
1306880 532.6
1306890 532.6
1306900 532.9
1306910 531.6
1306920 530.4
1306930 530.4
1306940 530.2
1306950 530.2
1306960 530.2
1306970 530.1
1306980 530.1
1306990 530.1
1307000 530.1
1307010 530.1
1307020 530.1
1307030 530.2
1307040 530.1
1307050 530.1
1307060 530.2
1307070 530.2
1307080 530.2
1307090 530.2
1307100 530.1
1307110 530.1
1307120 530.1
1307130 530.2
1307140 530.2
1307150 530.2
1307160 530.3
1307170 530.3
1307180 530.4
1307190 530.7
1307200 530.7
1307210 532.0
1307220 531.7
1307230 530.7
1307240 530.7
1307250 530.3
1307260 530.2
1307270 530.2
1307280 530.3
1307290 530.3
1307300 530.3
1307310 530.3
1307320 530.3
1307330 530.3
1307340 530.2
1307350 530.4
1307360 530.4
1307370 530.7
1307380 531.6
1307390 531.6
1307400 532.9
1307410 533.2
1307420 533.2
1307430 533.2
1307440 533.2
1307450 533.2
1307460 532.8
1307470 531.7
1307480 531.7
1307490 531.3
1307500 530.1
1307510 528.0
1307520 528.0
1307530 527.6
1307540 527.6
1307550 527.6
1307560 527.4
1307570 527.2
1307580 527.2
1307590 527.1
1307600 527.1
1307610 527.1
1307620 527.1
1307630 527.1
1307640 527.1
1307650 527.1
1307660 527.0
1307670 527.0
1307680 527.0
1307690 527.0
1307700 527.0
1307710 527.0
1307720 527.0
1307730 527.0
1307740 527.7
1307750 532.1
1307760 532.1
1307770 535.3
1307780 535.5
1307790 535.7
1307800 535.7
1307810 536.1
1307820 536.1
1307830 536.1
1307840 535.0
1307850 533.3
1307860 533.3
1307870 534.9
1307880 535.7
1307890 535.7
1307900 535.9
1307910 536.2
1307920 536.2
1307930 535.4
1307940 535.1
1307950 535.1
1307960 535.5
1307970 535.5
1307980 535.5
1307990 535.7
1308000 536.1
1308010 536.1
1308020 536.4
1308030 536.7
1308040 536.7
1308050 536.9
1308060 538.1
1308070 538.1
1308080 538.5
1308090 538.3
1308100 538.8
1308110 538.8
1308120 539.3
1308130 539.6
1308140 539.6
1308150 539.8
1308160 540.1
1308170 540.1
1308180 540.4
1308190 541.0
1308200 541.0
1308210 541.6
1308220 542.1
1308230 542.1
1308240 542.3
1308250 542.5
1308260 542.5
1308270 542.9
1308280 543.2
1308290 543.2
1308300 543.5
1308310 543.9
1308320 543.9
1308330 544.1
1308340 544.5
1308350 544.5
1308360 544.7
1308370 545.0
1308380 545.6
1308390 545.6
1308400 546.0
1308410 546.0
1308420 546.0
1308430 545.8
1308440 546.1
1308450 546.1
1308460 546.4
1308470 545.3
1308480 545.3
1308490 545.2
1308500 544.6
1308510 544.6
1308520 544.1
1308530 543.7
1308540 543.7
1308550 543.6
1308560 544.1
1308570 544.1
1308580 544.2
1308590 543.9
1308600 543.9
1308610 543.9
1308620 544.2
1308630 544.2
1308640 545.0
1308650 545.0
1308660 545.0
1308670 544.4
1308680 544.3
1308690 544.2
1308700 544.2
1308710 544.5
1308720 544.7
1308730 544.7
1308740 544.6
1308750 544.0
1308760 544.0
1308770 543.7
1308780 544.4
1308790 544.4
1308800 544.2
1308810 544.1
1308820 544.1
1308830 544.0
1308840 543.7
1308850 543.7
1308860 543.6
1308870 543.3
1308880 543.3
1308890 543.0
1308900 542.6
1308910 542.6
1308920 542.2
1308930 541.8
1308940 541.8
1308950 541.3
1308960 540.9
1308970 540.6
1308980 540.6
1308990 540.2
1309000 539.8
1309010 539.8
1309020 539.4
1309030 539.0
1309040 539.0
1309050 538.5
1309060 538.0
1309070 538.0
1309080 537.7
1309090 537.3
1309100 537.3
1309110 537.0
1309120 536.8
1309130 536.8
1309140 536.6
1309150 536.4
1309160 536.4
1309170 536.2
1309180 536.0
1309190 536.0
1309200 535.8
1309210 535.8
1309220 535.8
1309230 535.7
1309240 535.3
1309250 535.1
1309260 535.1
1309270 535.0
1309280 535.0
1309290 535.0
1309300 535.1
1309310 535.1
1309320 535.1
1309330 535.2
1309340 535.4
1309350 535.4
1309360 535.8
1309370 536.2
1309380 536.2
1309390 537.1
1309400 538.3
1309410 538.3
1309420 539.6
1309430 541.0
1309440 541.0
1309450 542.6
1309460 544.1
1309470 544.1
1309480 546.3
1309490 548.1
1309500 548.1
1309510 554.7
1309520 559.1
1309530 559.1
1309540 561.2
1309550 562.1
1309560 563.3
1309570 563.3
1309580 564.5
1309590 565.4
1309600 565.4
1309610 566.0
1309620 567.3
1309630 567.3
1309640 568.9
1309650 570.6
1309660 570.6
1309670 571.7
1309680 572.0
1309690 572.0
1309700 572.9
1309710 574.4
1309720 574.4
1309730 576.1
1309740 577.7
1309750 577.7
1309760 579.3
1309770 580.6
1309780 580.6
1309790 581.4
1309800 582.6
1309810 582.6
1309820 583.9
1309830 585.2
1309840 587.7
1309850 587.7
1309860 589.6
1309870 591.2
1309880 591.2
1309890 592.6
1309900 593.6
1309910 593.6
1309920 595.0
1309930 595.3
1309940 595.3
1309950 595.9
1309960 597.1
1309970 597.1
1309980 598.5
1309990 599.8
1310000 599.8
1310010 601.2
1310020 602.8
1310030 602.8
1310040 604.3
1310050 605.8
1310060 605.8
1310070 607.2
1310080 607.8
1310090 607.8
1310100 608.5
1310110 609.1
1310120 609.1
1310130 609.7
1310140 610.0
1310150 610.2
1310160 610.2
1310170 609.7
1310180 609.5
1310190 609.5
1310200 611.6
1310210 614.5
1310220 614.5
1310230 617.3
1310240 625.7
1310250 625.7
1310260 626.5
1310270 630.0
1310280 630.0
1310290 632.9
1310300 634.3
1310310 634.3
1310320 640.3
1310330 647.4
1310340 647.4
1310350 650.8
1310360 652.7
1310370 652.7
1310380 653.5
1310390 652.1
1310400 652.1
1310410 651.3
1310420 652.5
1310430 652.5
1310440 652.5
1310450 650.9
1310460 648.7
1310470 648.7
1310480 648.3
1310490 652.2
1310500 652.2
1310510 659.1
1310520 661.7
1310530 661.7
1310540 663.3
1310550 665.1
1310560 665.1
1310570 667.0
1310580 669.3
1310590 669.3
1310600 671.6
1310610 674.9
1310620 674.9
1310630 678.7
1310640 681.3
1310650 681.3
1310660 682.6
1310670 684.0
1310680 684.0
1310690 687.8
1310700 688.5
1310710 689.3
1310720 689.3
1310730 693.5
1310740 696.6
1310750 696.6
1310760 702.7
1310770 704.8
1310780 704.8
1310790 706.3
1310800 708.1
1310810 708.1
1310820 709.4
1310830 709.5
1310840 709.5
1310850 708.3
1310860 707.5
1310870 707.5
1310880 708.9
1310890 708.9
1310900 708.9
1310910 709.5
1310920 713.0
1310930 713.0
1310940 719.9
1310950 722.7
1310960 722.7
1310970 736.1
1310980 737.8
1310990 737.8
1311000 734.6
1311010 729.5
1311020 728.9
1311030 728.9
1311040 730.6
1311050 731.4
1311060 731.4
1311070 733.2
1311080 735.7
1311090 735.7
1311100 739.2
1311110 742.9
1311120 742.9
1311130 745.7
1311140 748.8
1311150 748.8
1311160 752.1
1311170 754.1
1311180 754.1
1311190 756.8
1311200 760.4
1311210 760.4
1311220 763.7
1311230 766.5
1311240 766.5
1311250 769.5
1311260 773.2
1311270 773.2
1311280 777.0
1311290 778.6
1311300 774.4
1311310 774.4
1311320 771.0
1311330 771.1
1311340 771.1
1311350 756.9
1311360 745.8
1311370 745.8
1311380 747.1
1311390 736.8
1311400 736.8
1311410 714.9
1311420 696.5
1311430 696.5
1311440 685.1
1311450 685.5
1311460 685.5
1311470 695.9
1311480 704.6
1311490 704.6
1311500 712.0
1311510 720.6
1311520 720.6
1311530 728.0
1311540 736.9
1311550 736.9
1311560 742.3
1311570 750.2
1311580 750.2
1311590 760.2
1311600 767.1
1311610 774.8
1311620 774.8
1311630 784.0
1311640 785.1
1311650 785.1
1311660 781.7
1311670 783.9
1311680 783.9
1311690 788.2
1311700 793.5
1311710 795.4
1311720 801.5
1311730 808.0
1311740 808.0
1311750 814.8
1311760 820.0
1311770 820.0
1311780 825.4
1311790 830.2
1311800 830.2
1311810 835.9
1311820 842.7
1311830 842.7
1311840 848.5
1311850 855.2
1311860 855.2
1311870 860.6
1311880 865.5
1311890 868.6
1311900 868.6
1311910 871.2
1311920 873.4
1311930 873.4
1311940 873.4
1311950 872.0
1311960 872.0
1311970 870.4
1311980 870.2
1311990 870.2
1312000 872.6
1312010 876.9
1312020 876.9
1312030 880.2
1312040 881.1
1312050 881.1
1312060 879.5
1312070 877.3
1312080 877.3
1312090 874.7
1312100 870.7
1312110 870.7
1312120 864.9
1312130 857.9
1312140 857.9
1312150 850.8
1312160 844.0
1312170 844.0
1312180 837.0
1312190 830.3
1312200 823.5
1312210 823.5
1312220 817.2
1312230 811.4
1312240 811.4
1312250 806.8
1312260 803.1
1312270 803.1
1312280 799.7
1312290 796.6
1312300 796.6
1312310 791.9
1312320 784.8
1312330 784.8
1312340 778.0
1312350 773.8
1312360 773.8
1312370 772.9
1312380 773.7
1312390 773.7
1312400 774.5
1312410 775.3
1312420 775.3
1312430 775.5
1312440 774.4
1312450 777.2
1312460 777.2
1312470 780.1
1312480 786.6
1312490 786.6
1312500 792.3
1312510 799.6
1312520 799.6
1312530 806.7
1312540 812.9
1312550 812.9
1312560 817.4
1312570 816.0
1312580 816.0
1312590 812.1
1312600 808.5
1312610 808.5
1312620 805.8
1312630 802.6
1312640 802.6
1312650 799.3
1312660 799.3
1312670 799.3
1312680 800.1
1312690 799.9
1312700 799.9
1312710 799.6
1312720 801.1
1312730 801.1
1312740 802.6
1312750 803.6
1312760 804.7
1312770 804.7
1312780 807.0
1312790 810.2
1312800 810.2
1312810 813.8
1312820 817.1
1312830 817.1
1312840 820.3
1312850 823.3
1312860 823.3
1312870 826.0
1312880 828.4
1312890 828.4
1312900 831.6
1312910 836.0
1312920 836.0
1312930 841.0
1312940 845.9
1312950 845.9
1312960 850.8
1312970 855.7
1312980 855.7
1312990 859.9
1313000 864.5
1313010 864.5
1313020 870.0
1313030 875.9
1313040 875.9
1313050 881.8
1313060 888.6
1313070 896.8
1313080 896.8
1313090 906.3
1313100 916.5
1313110 916.5
1313120 926.9
1313130 935.6
1313140 935.6
1313150 943.2
1313160 951.2
1313170 951.2
1313180 960.0
1313190 971.3
1313200 971.3
1313210 979.0
1313220 985.9
1313230 985.9
1313240 994.0
1313250 1002.7
1313260 1002.7
1313270 1011.0
1313280 1018.1
1313290 1018.1
1313300 1023.8
1313310 1028.7
1313320 1028.7
1313330 1032.8
1313340 1035.9
1313350 1038.6
1313360 1038.6
1313370 1041.4
1313380 1044.5
1313390 1044.5
1313400 1048.3
1313410 1053.0
1313420 1053.0
1313430 1056.2
1313440 1057.1
1313450 1057.1
1313460 1059.3
1313470 1063.1
1313480 1063.1
1313490 1067.2
1313500 1071.6
1313510 1071.6
1313520 1076.4
1313530 1081.1
1313540 1081.1
1313550 1084.9
1313560 1088.4
1313570 1088.4
1313580 1091.7
1313590 1095.2
1313600 1095.2
1313610 1098.6
1313620 1102.1
1313630 1102.1
1313640 1105.6
1313650 1107.8
1313660 1108.0
1313670 1108.0
1313680 1110.4
1313690 1115.1
1313700 1115.1
1313710 1118.9
1313720 1119.7
1313730 1119.7
1313740 1120.2
1313750 1121.9
1313760 1121.9
1313770 1124.1
1313780 1126.5
1313790 1126.5
1313800 1129.6
1313810 1134.0
1313820 1134.0
1313830 1139.8
1313840 1145.2
1313850 1145.2
1313860 1151.0
1313870 1156.5
1313880 1156.5
1313890 1161.9
1313900 1168.0
1313910 1168.0
1313920 1174.8
1313930 1179.7
1313940 1190.5
1313950 1190.5
1313960 1194.7
1313970 1198.2
1313980 1198.2
1313990 1201.2
1314000 1204.3
1314010 1204.3
1314020 1207.1
1314030 1209.3
1314040 1209.3
1314050 1209.7
1314060 1210.2
1314070 1210.2
1314080 1211.0
1314090 1210.4
1314100 1210.4
1314110 1209.9
1314120 1210.9
1314130 1210.9
1314140 1212.3
1314150 1213.4
1314160 1213.4
1314170 1213.4
1314180 1212.6
1314190 1212.6
1314200 1211.0
1314210 1209.8
1314220 1209.2
1314230 1209.2
1314240 1209.6
1314250 1211.8
1314260 1211.8
1314270 1214.8
1314280 1216.4
1314290 1216.4
1314300 1215.3
1314310 1218.4
1314320 1218.4
1314330 1221.2
1314340 1223.3
1314350 1223.3
1314360 1228.8
1314370 1233.3
1314380 1233.3
1314390 1238.2
1314400 1244.7
1314410 1244.7
1314420 1248.1
1314430 1252.1
1314440 1252.1
1314450 1254.5
1314460 1255.5
1314470 1255.5
1314480 1256.2
1314490 1257.5
1314500 1257.5
1314510 1259.5
1314520 1261.0
1314530 1260.2
1314540 1260.2
1314550 1260.4
1314560 1262.8
1314570 1262.8
1314580 1261.9
1314590 1261.0
1314600 1261.0
1314610 1260.0
1314620 1260.1
1314630 1260.1
1314640 1263.3
1314650 1266.8
1314660 1266.8
1314670 1269.8
1314680 1273.7
1314690 1278.2
1314700 1282.3
1314710 1288.4
1314720 1288.4
1314730 1294.5
1314740 1299.3
1314750 1299.3
1314760 1304.1
1314770 1309.6
1314780 1309.6
1314790 1315.3
1314800 1322.3
1314810 1329.7
1314820 1329.7
1314830 1338.2
1314840 1346.0
1314850 1346.0
1314860 1353.1
1314870 1357.2
1314880 1357.2
1314890 1360.3
1314900 1363.3
1314910 1363.3
1314920 1367.1
1314930 1369.4
1314940 1369.4
1314950 1371.2
1314960 1373.6
1314970 1373.6
1314980 1374.8
1314990 1375.5
1315000 1375.5
1315010 1376.2
1315020 1377.1
1315030 1377.1
1315040 1378.1
1315050 1378.2
1315060 1378.2
1315070 1376.1
1315080 1369.7
1315090 1369.7
1315100 1360.8
1315110 1350.2
1315120 1340.5
1315130 1340.5
1315140 1332.1
1315150 1325.4
1315160 1325.4
1315170 1318.1
1315180 1309.9
1315190 1309.9
1315200 1301.4
1315210 1293.4
1315220 1293.4
1315230 1287.5
1315240 1283.4
1315250 1283.4
1315260 1280.9
1315270 1279.2
1315280 1279.2
1315290 1279.0
1315300 1279.8
1315310 1279.8
1315320 1280.8
1315330 1281.6
1315340 1281.6
1315350 1281.9
1315360 1280.5
1315370 1280.5
1315380 1278.8
1315390 1276.6
1315400 1273.4
1315410 1273.4
1315420 1270.0
1315430 1267.2
1315440 1271.3
1315450 1268.8
1315460 1265.5
1315470 1265.5
1315480 1262.0
1315490 1256.5
1315500 1256.5
1315510 1250.3
1315520 1245.3
1315530 1245.3
1315540 1239.9
1315550 1234.2
1315560 1234.2
1315570 1228.1
1315580 1222.1
1315590 1222.1
1315600 1216.1
1315610 1210.1
1315620 1210.1
1315630 1205.2
1315640 1199.7
1315650 1199.7
1315660 1194.3
1315670 1189.6
1315680 1184.7
1315690 1184.7
1315700 1180.7
1315710 1176.1
1315720 1176.1
1315730 1171.2
1315740 1167.2
1315750 1167.2
1315760 1164.9
1315770 1163.9
1315780 1163.9
1315790 1161.5
1315800 1157.4
1315810 1157.4
1315820 1151.7
1315830 1144.9
1315840 1144.9
1315850 1139.5
1315860 1135.4
1315870 1135.4
1315880 1132.7
1315890 1128.8
1315900 1128.8
1315910 1123.4
1315920 1118.6
1315930 1118.6
1315940 1114.8
1315950 1111.7
1315960 1111.7
1315970 1109.5
1315980 1106.7
1315990 1103.4
1316000 1103.4
1316010 1098.9
1316020 1094.3
1316030 1094.3
1316040 1090.4
1316050 1087.5
1316060 1087.5
1316070 1084.8
1316080 1081.2
1316090 1081.2
1316100 1076.8
1316110 1073.2
1316120 1073.2
1316130 1069.4
1316140 1066.3
1316150 1066.3
1316160 1063.6
1316170 1059.8
1316180 1059.8
1316190 1054.9
1316200 1051.0
1316210 1051.0
1316220 1046.5
1316230 1041.4
1316240 1041.4
1316250 1036.8
1316260 1031.8
1316270 1027.3
1316280 1027.3
1316290 1023.4
1316300 1019.7
1316310 1019.7
1316320 1015.6
1316330 1011.1
1316340 1011.1
1316350 1006.5
1316360 1002.2
1316370 1002.2
1316380 998.1
1316390 994.2
1316400 994.2
1316410 990.7
1316420 987.4
1316430 987.4
1316440 984.0
1316450 980.8
1316460 980.8
1316470 977.6
1316480 973.8
1316490 973.8
1316500 970.6
1316510 966.1
1316520 966.1
1316530 962.5
1316540 959.9
1316550 959.9
1316560 956.8
1316570 953.6
1316580 950.7
1316590 950.7
1316600 947.9
1316610 945.0
1316620 945.0
1316630 942.5
1316640 939.5
1316650 939.5
1316660 934.6
1316670 928.4
1316680 928.4
1316690 923.0
1316700 917.5
1316710 917.5
1316720 912.2
1316730 905.1
1316740 905.1
1316750 898.9
1316760 892.1
1316770 892.1
1316780 887.5
1316790 885.6
1316800 885.6
1316810 884.1
1316820 880.7
1316830 880.7
1316840 872.2
1316850 863.6
1316860 857.6
1316870 857.6
1316880 851.7
1316890 845.8
1316900 845.8
1316910 841.3
1316920 840.9
1316930 840.9
1316940 840.6
1316950 837.4
1316960 826.8
1316970 821.2
1316980 820.2
1316990 820.2
1317000 816.9
1317010 809.5
1317020 809.5
1317030 800.9
1317040 792.4
1317050 792.4
1317060 783.9
1317070 774.7
1317080 774.7
1317090 763.3
1317100 751.5
1317110 751.5
1317120 746.2
1317130 744.8
1317140 742.7
1317150 742.7
1317160 739.8
1317170 735.3
1317180 735.3
1317190 728.1
1317200 721.1
1317210 721.1
1317220 713.5
1317230 706.0
1317240 706.0
1317250 697.8
1317260 691.5
1317270 691.5
1317280 681.8
1317290 672.4
1317300 672.4
1317310 664.2
1317320 656.8
1317330 656.8
1317340 649.1
1317350 641.5
1317360 641.5
1317370 635.0
1317380 630.2
1317390 630.2
1317400 627.1
1317410 625.5
1317420 625.5
1317430 622.6
1317440 615.0
1317450 607.7
1317460 607.7
1317470 602.6
1317480 599.9
1317490 599.9
1317500 599.6
1317510 599.6
1317520 599.6
1317530 600.2
1317540 601.1
1317550 601.1
1317560 600.2
1317570 598.6
1317580 598.6
1317590 597.0
1317600 596.2
1317610 596.2
1317620 594.3
1317630 592.1
1317640 592.1
1317650 590.5
1317660 588.5
1317670 588.5
1317680 586.7
1317690 585.1
1317700 585.1
1317710 583.6
1317720 582.3
1317730 581.1
1317740 581.1
1317750 579.7
1317760 578.1
1317770 578.1
1317780 576.8
1317790 575.4
1317800 575.4
1317810 574.3
1317820 572.3
1317830 572.3
1317840 571.2
1317850 570.1
1317860 570.1
1317870 567.8
1317880 566.4
1317890 566.4
1317900 565.1
1317910 563.9
1317920 563.9
1317930 563.0
1317940 561.4
1317950 561.4
1317960 559.8
1317970 558.5
1317980 558.5
1317990 557.0
1318000 555.7
1318010 555.7
1318020 554.7
1318030 553.5
1318040 552.1
1318050 552.1
1318060 551.2
1318070 550.2
1318080 550.2
1318090 548.8
1318100 547.8
1318110 547.8
1318120 547.0
1318130 545.9
1318140 545.9
1318150 545.4
1318160 544.5
1318170 544.5
1318180 543.3
1318190 542.4
1318200 542.4
1318210 541.4
1318220 541.0
1318230 541.0
1318240 540.6
1318250 539.4
1318260 539.4
1318270 538.8
1318280 538.6
1318290 538.6
1318300 538.6
1318310 537.7
1318320 536.9
1318330 536.9
1318340 536.5
1318350 536.1
1318360 536.1
1318370 535.8
1318380 535.3
1318390 535.3
1318400 535.0
1318410 534.7
1318420 534.7
1318430 534.4
1318440 534.0
1318450 534.0
1318460 533.7
1318470 533.4
1318480 533.5
1318490 533.2
1318500 532.8
1318510 532.8
1318520 532.5
1318530 532.5
1318540 532.5
1318550 532.7
1318560 532.4
1318570 532.4
1318580 532.1
1318590 531.2
1318600 530.7
1318610 530.7
1318620 530.4
1318630 530.2
1318640 530.2
1318650 529.9
1318660 529.7
1318670 529.7
1318680 529.4
1318690 529.2
1318700 529.2
1318710 529.0
1318720 528.8
1318730 528.8
1318740 528.6
1318750 528.3
1318760 528.3
1318770 528.2
1318780 528.0
1318790 528.0
1318800 527.9
1318810 527.8
1318820 527.8
1318830 527.8
1318840 528.2
1318850 528.2
1318860 528.1
1318870 527.6
1318880 527.6
1318890 527.2
1318900 527.1
1318910 526.9
1318920 526.9
1318930 526.8
1318940 526.8
1318950 526.8
1318960 526.7
1318970 526.6
1318980 526.6
1318990 526.6
1319000 526.5
1319010 526.5
1319020 526.4
1319030 526.4
1319040 526.4
1319050 526.5
1319060 526.5
1319070 526.5
1319080 526.3
1319090 526.3
1319100 526.3
1319110 526.3
1319120 526.3
1319130 526.3
1319140 526.3
1319150 526.2
1319160 526.2
1319170 526.2
1319180 525.4
1319190 526.0
1319200 526.0
1319210 526.2
1319220 526.1
1319230 526.1
1319240 526.1
1319250 526.2
1319260 526.2
1319270 526.3
1319280 526.4
1319290 526.4
1319300 526.5
1319310 526.7
1319320 526.7
1319330 526.7
1319340 526.7
1319350 526.7
1319360 526.7
1319370 526.6
1319380 526.6
1319390 526.7
1319400 526.8
1319410 526.8
1319420 526.8
1319430 526.7
1319440 526.7
1319450 526.8
1319460 526.9
1319470 526.9
1319480 526.8
1319490 526.7
1319500 526.8
1319510 526.8
1319520 526.8
1319530 526.8
1319540 526.8
1319550 526.8
1319560 526.8
1319570 526.8
1319580 526.9
1319590 526.9
1319600 526.9
1319610 526.9
1319620 526.9
1319630 526.9
1319640 526.9
1319650 527.0
1319660 527.0
1319670 527.1
1319680 527.1
1319690 527.1
1319700 527.3
1319710 527.3
1319720 527.3
1319730 527.3
1319740 527.4
1319750 527.4
1319760 526.8
1319770 526.4
1319780 527.3
1319790 527.3
1319800 527.5
1319810 527.4
1319820 527.4
1319830 527.4
1319840 527.5
1319850 527.5
1319860 527.6
1319870 527.7
1319880 527.7
1319890 527.8
1319900 528.0
1319910 528.0
1319920 528.3
1319930 526.8
1319940 526.8
1319950 525.7
1319960 525.7
1319970 525.7
1319980 525.7
1319990 526.4
