1300000 1567.0
1300010 1567.9
1300020 1569.0
1300030 1569.0
1300040 1567.1
1300050 1567.5
1300060 1567.5
1300070 1568.1
1300080 1569.2
1300090 1569.2
1300100 1569.7
1300110 1570.2
1300120 1570.5
1300130 1570.5
1300140 1570.2
1300150 1569.6
1300160 1569.6
1300170 1568.7
1300180 1568.0
1300190 1568.0
1300200 1567.2
1300210 1566.0
1300220 1566.0
1300230 1564.5
1300240 1563.3
1300250 1563.3
1300260 1562.6
1300270 1560.5
1300280 1560.5
1300290 1557.9
1300300 1555.2
1300310 1555.2
1300320 1552.0
1300330 1547.8
1300340 1547.8
1300350 1543.2
1300360 1538.7
1300370 1538.7
1300380 1534.3
1300390 1529.7
1300400 1529.7
1300410 1524.3
1300420 1519.3
1300430 1515.9
1300440 1515.9
1300450 1512.1
1300460 1507.3
1300470 1507.3
1300480 1503.0
1300490 1499.2
1300500 1499.2
1300510 1496.1
1300520 1491.9
1300530 1491.9
1300540 1487.9
1300550 1483.9
1300560 1483.9
1300570 1480.6
1300580 1477.8
1300590 1477.8
1300600 1475.7
1300610 1473.9
1300620 1473.9
1300630 1471.9
1300640 1469.9
1300650 1469.9
1300660 1468.4
1300670 1466.7
1300680 1466.7
1300690 1464.4
1300700 1461.4
1300710 1461.4
1300720 1458.2
1300730 1450.3
1300740 1446.8
1300750 1446.8
1300760 1444.2
1300770 1442.4
1300780 1442.4
1300790 1440.1
1300800 1436.7
1300810 1436.7
1300820 1432.3
1300830 1427.7
1300840 1427.7
1300850 1422.7
1300860 1417.5
1300870 1417.5
1300880 1412.7
1300890 1408.1
1300900 1408.1
1300910 1404.1
1300920 1399.4
1300930 1399.4
1300940 1394.9
1300950 1390.8
1300960 1390.8
1300970 1386.8
1300980 1383.1
1300990 1383.1
1301000 1380.5
1301010 1377.7
1301020 1374.2
1301030 1374.2
1301040 1371.1
1301050 1368.0
1301060 1368.0
1301070 1363.9
1301080 1357.9
1301090 1357.9
1301100 1349.8
1301110 1341.1
1301120 1341.1
1301130 1332.2
1301140 1323.1
1301150 1323.1
1301160 1315.1
1301170 1307.4
1301180 1307.4
1301190 1298.7
1301200 1290.4
1301210 1290.4
1301220 1280.6
1301230 1269.4
1301240 1269.4
1301250 1258.0
1301260 1239.2
1301270 1239.2
1301280 1219.7
1301290 1208.3
1301300 1208.3
1301310 1199.3
1301320 1196.0
1301330 1193.9
1301340 1193.9
1301350 1193.1
1301360 1198.8
1301370 1198.8
1301380 1212.8
1301390 1226.4
1301400 1226.4
1301410 1234.6
1301420 1242.2
1301430 1225.4
1301440 1243.8
1301450 1258.9
1301460 1258.9
1301470 1268.6
1301480 1277.2
1301490 1277.2
1301500 1283.2
1301510 1283.8
1301520 1283.8
1301530 1280.9
1301540 1276.1
1301550 1276.1
1301560 1269.5
1301570 1262.2
1301580 1262.2
1301590 1255.8
1301600 1257.4
1301610 1262.1
1301620 1262.1
1301630 1266.5
1301640 1271.1
1301650 1271.1
1301660 1275.4
1301670 1278.4
1301680 1278.4
1301690 1278.6
1301700 1272.5
1301710 1272.5
1301720 1267.9
1301730 1274.0
1301740 1274.0
1301750 1279.3
1301760 1283.7
1301770 1283.7
1301780 1287.3
1301790 1289.9
1301800 1289.9
1301810 1291.4
1301820 1292.3
1301830 1292.3
1301840 1291.9
1301850 1290.7
1301860 1290.7
1301870 1290.0
1301880 1290.0
1301890 1290.0
1301900 1290.0
1301910 1289.2
1301920 1286.6
1301930 1286.6
1301940 1283.2
1301950 1280.6
1301960 1280.6
1301970 1277.5
1301980 1273.3
1301990 1273.3
1302000 1267.2
1302010 1262.4
1302020 1262.4
1302030 1262.1
1302040 1265.6
1302050 1265.6
1302060 1269.9
1302070 1273.4
1302080 1273.4
1302090 1274.6
1302100 1273.6
1302110 1273.6
1302120 1271.3
1302130 1265.7
1302140 1265.7
1302150 1262.5
1302160 1257.9
1302170 1257.9
1302180 1252.8
1302190 1248.7
1302200 1245.6
1302210 1245.6
1302220 1243.8
1302230 1241.9
1302240 1241.9
1302250 1240.4
1302260 1240.3
1302270 1240.3
1302280 1240.7
1302290 1240.2
1302300 1240.2
1302310 1239.0
1302320 1238.4
1302330 1238.4
1302340 1237.7
1302350 1236.3
1302360 1236.3
1302370 1235.1
1302380 1234.2
1302390 1234.2
1302400 1233.6
1302410 1231.2
1302420 1231.2
1302430 1227.3
1302440 1224.6
1302450 1224.6
1302460 1227.6
1302470 1231.0
1302480 1231.0
1302490 1232.6
1302500 1232.4
1302510 1231.4
1302520 1231.4
1302530 1229.6
1302540 1227.9
1302550 1227.9
1302560 1228.4
1302570 1229.2
1302580 1229.2
1302590 1229.1
1302600 1228.7
1302610 1228.7
1302620 1228.4
1302630 1228.1
1302640 1228.1
1302650 1227.3
1302660 1225.9
1302670 1225.9
1302680 1223.4
1302690 1219.0
1302700 1219.0
1302710 1215.6
1302720 1215.9
1302730 1215.9
1302740 1217.7
1302750 1219.1
1302760 1219.1
1302770 1220.0
1302780 1220.5
1302790 1221.8
1302800 1221.8
1302810 1222.6
1302820 1222.3
1302830 1216.7
1302840 1215.7
1302850 1215.2
1302860 1215.2
1302870 1213.6
1302880 1210.4
1302890 1210.4
1302900 1206.3
1302910 1202.7
1302920 1202.7
1302930 1200.6
1302940 1198.2
1302950 1198.2
1302960 1195.5
1302970 1193.1
1302980 1193.1
1302990 1190.8
1303000 1187.6
1303010 1187.6
1303020 1183.3
1303030 1179.0
1303040 1179.0
1303050 1175.7
1303060 1172.2
1303070 1172.2
1303080 1169.2
1303090 1165.7
1303100 1162.7
1303110 1162.7
1303120 1161.0
1303130 1159.3
1303140 1159.3
1303150 1156.6
1303160 1153.4
1303170 1153.4
1303180 1149.7
1303190 1145.1
1303200 1145.1
1303210 1139.2
1303220 1134.3
1303230 1134.3
1303240 1130.5
1303250 1126.0
1303260 1126.0
1303270 1122.0
1303280 1117.7
1303290 1117.7
1303300 1113.2
1303310 1108.5
1303320 1108.5
1303330 1102.4
1303340 1096.1
1303350 1096.1
1303360 1090.2
1303370 1083.5
1303380 1077.5
1303390 1077.5
1303400 1071.5
1303410 1065.8
1303420 1065.8
1303430 1061.2
1303440 1057.3
1303450 1057.3
1303460 1054.5
1303470 1051.7
1303480 1051.7
1303490 1048.4
1303500 1044.4
1303510 1044.4
1303520 1040.1
1303530 1031.9
1303540 1031.9
1303550 1027.9
1303560 1023.1
1303570 1023.1
1303580 1017.7
1303590 1012.1
1303600 1012.1
1303610 1007.6
1303620 1006.3
1303630 1006.3
1303640 1008.3
1303650 1009.9
1303660 1009.9
1303670 1010.2
1303680 1009.3
1303690 1005.7
1303700 1005.7
1303710 1001.2
1303720 998.0
1303730 998.0
1303740 996.2
1303750 995.0
1303760 995.0
1303770 993.3
1303780 991.0
1303790 991.0
1303800 986.6
1303810 982.0
1303820 982.0
1303830 979.5
1303840 977.7
1303850 977.7
1303860 974.8
1303870 971.2
1303880 971.2
1303890 968.9
1303900 967.8
1303910 967.8
1303920 965.9
1303930 963.6
1303940 963.6
1303950 961.3
1303960 959.3
1303970 956.3
1303980 956.3
1303990 952.6
1304000 949.5
1304010 949.5
1304020 946.9
1304030 944.6
1304040 944.6
1304050 942.0
1304060 940.1
1304070 940.1
1304080 938.6
1304090 936.9
1304100 936.9
1304110 935.7
1304120 934.6
1304130 934.6
1304140 933.6
1304150 932.3
1304160 932.3
1304170 931.4
1304180 929.8
1304190 929.8
1304200 927.2
1304210 924.4
1304220 924.4
1304230 923.0
1304240 918.9
1304250 918.9
1304260 918.1
1304270 918.2
1304280 917.5
1304290 917.5
1304300 915.4
1304310 911.8
1304320 911.8
1304330 908.7
1304340 905.8
1304350 905.8
1304360 901.4
1304370 895.7
1304380 895.7
1304390 889.1
1304400 884.3
1304410 884.3
1304420 879.3
1304430 876.0
1304440 876.0
1304450 873.5
1304460 872.6
1304470 872.6
1304480 873.1
1304490 874.2
1304500 874.2
1304510 873.8
1304520 871.5
1304530 871.5
1304540 865.7
1304550 864.6
1304560 869.2
1304570 869.2
1304580 870.7
1304590 871.6
1304600 871.6
1304610 872.2
1304620 872.2
1304630 872.2
1304640 871.5
1304650 868.8
1304660 868.8
1304670 867.0
1304680 867.2
1304690 867.2
1304700 868.0
1304710 868.3
1304720 868.3
1304730 867.3
1304740 867.5
1304750 867.5
1304760 867.9
1304770 867.7
1304780 867.7
1304790 866.3
1304800 864.3
1304810 864.3
1304820 863.2
1304830 863.0
1304840 863.0
1304850 862.3
1304860 861.5
1304870 860.9
1304880 860.9
1304890 860.8
1304900 861.1
1304910 861.1
1304920 860.9
1304930 860.3
1304940 860.3
1304950 855.3
1304960 854.2
1304970 854.2
1304980 854.3
1304990 853.8
1305000 853.8
1305010 852.6
1305020 850.2
1305030 850.2
1305040 847.6
1305050 846.7
1305060 846.7
1305070 847.3
1305080 848.4
1305090 848.4
1305100 849.3
1305110 849.1
1305120 849.1
1305130 848.3
1305140 847.2
1305150 846.0
1305160 846.0
1305170 844.8
1305180 844.0
1305190 844.0
1305200 843.1
1305210 843.3
1305220 843.3
1305230 844.4
1305240 844.9
1305250 844.9
1305260 845.1
1305270 845.3
1305280 845.3
1305290 845.4
1305300 845.5
1305310 845.5
1305320 845.1
1305330 843.9
1305340 843.9
1305350 843.6
1305360 844.3
1305370 844.3
1305380 844.7
1305390 845.4
1305400 845.4
1305410 845.0
1305420 845.4
1305430 845.4
1305440 846.3
1305450 847.8
1305460 849.4
1305470 849.4
1305480 850.0
1305490 849.3
1305500 849.3
1305510 847.9
1305520 846.5
1305530 846.5
1305540 843.9
1305550 840.7
1305560 840.7
1305570 836.6
1305580 830.8
1305590 830.8
1305600 826.4
1305610 823.7
1305620 823.7
1305630 823.2
1305640 823.1
1305650 823.1
1305660 816.5
1305670 815.1
1305680 815.1
1305690 813.1
1305700 810.4
1305710 810.4
1305720 808.0
1305730 805.6
1305740 802.6
1305750 802.6
1305760 798.2
1305770 791.4
1305780 791.4
1305790 784.7
1305800 778.7
1305810 778.7
1305820 773.6
1305830 768.7
1305840 768.7
1305850 764.0
1305860 759.7
1305870 759.7
1305880 755.7
1305890 752.2
1305900 752.2
1305910 749.5
1305920 747.2
1305930 747.2
1305940 745.2
1305950 743.2
1305960 743.2
1305970 741.4
1305980 740.0
1305990 740.0
1306000 738.0
1306010 734.7
1306020 734.7
1306030 730.4
1306040 726.5
1306050 722.5
1306060 722.5
1306070 718.9
1306080 714.5
1306090 714.5
1306100 709.9
1306110 706.4
1306120 706.4
1306130 704.3
1306140 703.1
1306150 703.1
1306160 699.4
1306170 694.1
1306180 694.1
1306190 691.3
1306200 692.0
1306210 692.0
1306220 694.2
1306230 695.6
1306240 695.6
1306250 693.3
1306260 688.0
1306270 688.0
1306280 682.0
1306290 675.9
1306300 675.9
1306310 670.1
1306320 665.9
1306330 663.3
1306340 663.3
1306350 662.1
1306360 660.0
1306370 656.3
1306380 653.9
1306390 651.4
1306400 651.4
1306410 649.4
1306420 648.7
1306430 648.7
1306440 650.6
1306450 654.0
1306460 654.0
1306470 654.8
1306480 650.7
1306490 650.7
1306500 645.8
1306510 640.1
1306520 640.1
1306530 634.3
1306540 628.8
1306550 628.8
1306560 623.8
1306570 619.3
1306580 619.3
1306590 613.8
1306600 607.8
1306610 607.8
1306620 603.9
1306630 601.7
1306640 600.3
1306650 600.3
1306660 600.1
1306670 600.3
1306680 600.3
1306690 598.9
1306700 597.5
1306710 597.5
1306720 597.7
1306730 600.8
1306740 600.8
1306750 603.2
1306760 601.4
1306770 601.4
1306780 598.3
1306790 594.8
1306800 594.8
1306810 591.5
1306820 588.7
1306830 588.7
1306840 586.6
1306850 585.2
1306860 585.2
1306870 583.4
1306880 580.9
1306890 580.9
1306900 579.3
1306910 578.9
1306920 578.9
1306930 576.1
1306940 573.3
1306950 571.1
1306960 571.1
1306970 570.2
1306980 568.8
1306990 568.8
1307000 566.2
1307010 563.2
1307020 563.2
1307030 561.2
1307040 560.7
1307050 560.7
1307060 561.6
1307070 562.8
1307080 562.8
1307090 560.5
1307100 560.3
1307110 560.3
1307120 558.6
1307130 557.2
1307140 557.2
1307150 556.8
1307160 554.7
1307170 554.7
1307180 551.3
1307190 549.0
1307200 549.0
1307210 546.3
1307220 543.2
1307230 540.0
1307240 540.0
1307250 536.3
1307260 532.8
1307270 532.8
1307280 530.2
1307290 528.8
1307300 528.8
1307310 528.6
1307320 528.6
1307330 528.6
1307340 529.0
1307350 528.6
1307360 528.6
1307370 527.9
1307380 528.4
1307390 528.4
1307400 528.7
1307410 528.6
1307420 528.6
1307430 528.5
1307440 528.5
1307450 528.5
1307460 528.5
1307470 528.5
1307480 528.5
1307490 528.5
1307500 528.6
1307510 528.6
1307520 528.5
1307530 528.4
1307540 528.6
1307550 528.6
1307560 528.7
1307570 528.6
1307580 528.6
1307590 528.6
1307600 528.6
1307610 528.6
1307620 528.6
1307630 528.6
1307640 528.6
1307650 528.5
1307660 528.6
1307670 528.6
1307680 528.6
1307690 528.6
1307700 528.6
1307710 528.4
1307720 528.3
1307730 528.3
1307740 528.4
1307750 528.6
1307760 528.6
1307770 528.6
1307780 528.4
1307790 528.4
1307800 528.5
1307810 528.3
1307820 528.0
1307830 528.0
1307840 528.9
1307850 528.9
1307860 528.9
1307870 528.7
1307880 528.6
1307890 528.6
1307900 528.7
1307910 528.7
1307920 528.7
1307930 528.6
1307940 528.7
1307950 528.7
1307960 528.7
1307970 528.7
1307980 528.7
1307990 528.7
1308000 528.7
1308010 528.7
1308020 528.7
1308030 528.7
1308040 528.7
1308050 528.7
1308060 528.6
1308070 528.6
1308080 528.7
1308090 528.6
1308100 528.6
1308110 528.6
1308120 528.5
1308130 528.5
1308140 528.5
1308150 528.4
1308160 528.3
1308170 528.3
1308180 528.3
1308190 528.4
1308200 528.4
1308210 528.4
1308220 528.4
1308230 528.4
1308240 528.5
1308250 528.5
1308260 528.5
1308270 528.6
1308280 529.2
1308290 529.2
1308300 529.1
1308310 526.4
1308320 526.4
1308330 525.4
1308340 525.0
1308350 525.0
1308360 525.1
1308370 525.4
1308380 525.4
1308390 525.9
1308400 527.1
1308410 529.4
1308420 529.4
1308430 529.0
1308440 528.8
1308450 528.8
1308460 528.9
1308470 529.0
1308480 529.0
1308490 529.0
1308500 528.9
1308510 528.9
1308520 528.7
1308530 528.6
1308540 528.6
1308550 528.5
1308560 528.5
1308570 528.5
1308580 528.6
1308590 528.7
1308600 528.7
1308610 528.8
1308620 528.7
1308630 528.7
1308640 528.8
1308650 529.0
1308660 529.0
1308670 528.9
1308680 528.3
1308690 528.3
1308700 528.2
1308710 529.5
1308720 530.1
1308730 530.1
1308740 529.6
1308750 529.1
1308760 529.1
1308770 529.0
1308780 529.0
1308790 529.0
1308800 529.1
1308810 529.2
1308820 529.2
1308830 529.5
1308840 530.7
1308850 530.7
1308860 533.0
1308870 535.5
1308880 535.5
1308890 536.6
1308900 536.7
1308910 536.7
1308920 536.7
1308930 536.7
1308940 536.7
1308950 536.5
1308960 535.4
1308970 535.4
1308980 533.4
1308990 531.7
1309000 530.7
1309010 530.7
1309020 529.5
1309030 527.7
1309040 527.7
1309050 526.3
1309060 525.5
1309070 525.5
1309080 525.2
1309090 525.2
1309100 525.2
1309110 525.2
1309120 525.3
1309130 525.3
1309140 525.2
1309150 525.3
1309160 525.3
1309170 525.2
1309180 525.2
1309190 525.2
1309200 525.2
1309210 525.3
1309220 525.3
1309230 525.3
1309240 525.3
1309250 525.3
1309260 525.7
1309270 525.8
1309280 525.8
1309290 525.8
1309300 526.0
1309310 526.5
1309320 526.5
1309330 527.3
1309340 528.1
1309350 528.1
1309360 528.7
1309370 529.4
1309380 529.4
1309390 530.2
1309400 530.5
1309410 530.5
1309420 530.0
1309430 529.1
1309440 529.1
1309450 528.6
1309460 528.5
1309470 528.5
1309480 528.5
1309490 528.6
1309500 528.6
1309510 528.6
1309520 528.7
1309530 528.7
1309540 528.6
1309550 528.6
1309560 528.6
1309570 528.5
1309580 528.5
1309590 528.5
1309600 528.5
1309610 528.5
1309620 528.4
1309630 528.4
1309640 528.4
1309650 528.3
1309660 528.3
1309670 528.3
1309680 528.2
1309690 528.2
1309700 528.3
1309710 528.2
1309720 528.2
1309730 528.2
1309740 528.2
1309750 528.2
1309760 528.1
1309770 528.1
1309780 528.1
1309790 528.3
1309800 528.3
1309810 528.3
1309820 528.2
1309830 528.2
1309840 528.2
1309850 528.3
1309860 528.3
1309870 528.3
1309880 528.3
1309890 528.3
1309900 528.2
1309910 528.2
1309920 528.2
1309930 528.2
1309940 528.2
1309950 528.1
1309960 528.1
1309970 528.1
1309980 528.1
1309990 528.0
1310000 528.0
1310010 528.2
1310020 528.4
1310030 528.4
1310040 528.3
1310050 528.1
1310060 528.1
1310070 528.1
1310080 528.0
1310090 528.0
1310100 528.1
1310110 528.3
1310120 528.3
1310130 528.1
1310140 528.0
1310150 528.0
1310160 527.9
1310170 528.2
1310180 528.1
1310190 528.1
1310200 527.8
1310210 527.7
1310220 527.7
1310230 528.5
1310240 529.1
1310250 529.1
1310260 529.2
1310270 528.5
1310280 528.5
1310290 527.8
1310300 527.8
1310310 527.8
1310320 527.8
1310330 527.8
1310340 527.8
1310350 527.7
1310360 527.7
1310370 527.7
1310380 527.7
1310390 527.7
1310400 527.7
1310410 527.8
1310420 527.7
1310430 527.7
1310440 527.7
1310450 527.6
1310460 527.6
1310470 527.9
1310480 527.7
1310490 527.7
1310500 527.7
1310510 527.7
1310520 527.7
1310530 527.7
1310540 527.7
1310550 527.8
1310560 527.8
1310570 529.5
1310580 530.6
1310590 530.6
1310600 528.7
1310610 527.7
1310620 527.7
1310630 527.8
1310640 527.8
1310650 527.8
1310660 527.9
1310670 528.1
1310680 528.1
1310690 528.1
1310700 528.3
1310710 528.3
1310720 528.5
1310730 527.8
1310740 527.8
1310750 526.8
1310760 525.3
1310770 524.4
1310780 524.4
1310790 523.9
1310800 523.7
1310810 523.7
1310820 523.7
1310830 523.7
1310840 523.7
1310850 523.6
1310860 523.6
1310870 523.6
1310880 523.6
1310890 523.6
1310900 523.6
1310910 523.6
1310920 523.5
1310930 523.5
1310940 523.5
1310950 523.5
1310960 523.5
1310970 523.5
1310980 523.5
1310990 523.5
1311000 523.4
1311010 523.4
1311020 523.4
1311030 523.4
1311040 523.4
1311050 523.4
1311060 523.4
1311070 523.4
1311080 523.4
1311090 523.4
1311100 523.4
1311110 523.4
1311120 523.4
1311130 523.4
1311140 523.4
1311150 523.4
1311160 523.4
1311170 523.4
1311180 523.4
1311190 523.4
1311200 523.4
1311210 523.4
1311220 523.3
1311230 523.4
1311240 523.4
1311250 523.4
1311260 523.4
1311270 523.4
1311280 523.4
1311290 523.3
1311300 523.3
1311310 523.3
1311320 523.5
1311330 523.5
1311340 524.2
1311350 525.5
1311360 527.0
1311370 527.0
1311380 527.9
1311390 527.7
1311400 527.7
1311410 527.4
1311420 527.5
1311430 527.5
1311440 527.9
1311450 530.0
1311460 532.8
1311470 533.4
1311480 533.7
1311490 533.7
1311500 533.8
1311510 534.2
1311520 534.2
1311530 534.9
1311540 535.7
1311550 535.7
1311560 536.1
1311570 536.5
1311580 536.5
1311590 537.3
1311600 538.5
1311610 538.5
1311620 539.5
1311630 541.6
1311640 541.6
1311650 544.0
1311660 546.5
1311670 548.2
1311680 548.2
1311690 549.7
1311700 550.8
1311710 550.8
1311720 552.1
1311730 553.3
1311740 553.3
1311750 554.3
1311760 555.4
1311770 555.4
1311780 556.3
1311790 557.6
1311800 557.6
1311810 558.8
1311820 559.9
1311830 559.9
1311840 561.2
1311850 562.7
1311860 562.7
1311870 563.8
1311880 564.9
1311890 564.9
1311900 566.3
1311910 567.3
1311920 567.3
1311930 567.8
1311940 568.8
1311950 569.7
1311960 569.7
1311970 570.9
1311980 571.9
1311990 571.9
1312000 572.6
1312010 573.1
1312020 573.1
1312030 573.7
1312040 574.1
1312050 574.1
1312060 574.0
1312070 574.7
1312080 574.7
1312090 575.4
1312100 576.1
1312110 576.1
1312120 576.4
1312130 577.3
1312140 577.3
1312150 578.2
1312160 578.6
1312170 578.6
1312180 578.8
1312190 579.2
1312200 580.2
1312210 581.3
1312220 582.2
1312230 582.2
1312240 582.6
1312250 583.2
1312260 584.3
1312270 584.3
1312280 584.9
1312290 585.1
1312300 585.1
1312310 585.3
1312320 585.9
1312330 585.9
1312340 587.1
1312350 587.6
1312360 587.6
1312370 587.6
1312380 587.8
1312390 587.8
1312400 587.9
1312410 588.5
1312420 588.5
1312430 589.3
1312440 589.9
1312450 589.9
1312460 590.4
1312470 589.8
1312480 589.8
1312490 589.3
1312500 588.9
1312510 588.9
1312520 589.1
1312530 589.7
1312540 589.1
1312550 589.1
1312560 588.9
1312570 589.1
1312580 589.1
1312590 589.1
1312600 589.3
1312610 589.3
1312620 589.4
1312630 589.6
1312640 589.6
1312650 590.4
1312660 593.0
1312670 593.0
1312680 596.5
1312690 598.9
1312700 598.9
1312710 600.5
1312720 603.6
1312730 603.6
1312740 608.0
1312750 611.6
1312760 611.6
1312770 615.6
1312780 620.3
1312790 620.3
1312800 626.4
1312810 631.4
1312820 631.4
1312830 633.8
1312840 634.7
1312850 634.8
1312860 634.8
1312870 633.6
1312880 635.3
1312890 635.3
1312900 640.4
1312910 646.3
1312920 646.3
1312930 651.5
1312940 662.2
1312950 662.2
1312960 666.6
1312970 668.9
1312980 668.9
1312990 669.6
1313000 672.2
1313010 672.2
1313020 673.8
1313030 676.3
1313040 676.3
1313050 675.3
1313060 670.1
1313070 670.1
1313080 662.1
1313090 654.5
1313100 654.5
1313110 649.7
1313120 647.7
1313130 649.4
1313140 649.4
1313150 650.9
1313160 652.2
1313170 652.2
1313180 653.6
1313190 655.3
1313200 655.3
1313210 657.5
1313220 662.6
1313230 662.6
1313240 671.5
1313250 680.8
1313260 680.8
1313270 692.7
1313280 704.8
1313290 704.8
1313300 710.5
1313310 713.0
1313320 713.0
1313330 714.4
1313340 715.3
1313350 715.3
1313360 717.1
1313370 717.5
1313380 717.5
1313390 718.9
1313400 722.2
1313410 722.2
1313420 720.7
1313430 712.2
1313440 703.7
1313450 703.7
1313460 697.4
1313470 693.6
1313480 693.6
1313490 693.3
1313500 695.1
1313510 695.1
1313520 699.3
1313530 707.0
1313540 707.0
1313550 715.2
1313560 725.7
1313570 725.7
1313580 735.2
1313590 744.1
1313600 744.1
1313610 755.4
1313620 766.7
1313630 766.7
1313640 773.6
1313650 778.1
1313660 778.1
1313670 782.3
1313680 788.9
1313690 781.7
1313700 784.6
1313710 790.5
1313720 797.8
1313730 797.8
1313740 805.8
1313750 815.7
1313760 815.7
1313770 825.3
1313780 827.5
1313790 827.5
1313800 829.4
1313810 832.4
1313820 832.4
1313830 835.0
1313840 837.2
1313850 837.2
1313860 840.7
1313870 846.1
1313880 846.1
1313890 852.2
1313900 856.7
1313910 856.7
1313920 857.9
1313930 861.2
1313940 861.2
1313950 868.0
1313960 877.8
1313970 877.8
1313980 886.0
1313990 891.5
1314000 891.5
1314010 896.0
1314020 901.5
1314030 908.5
1314040 908.5
1314050 915.1
1314060 922.1
1314070 922.1
1314080 927.8
1314090 933.5
1314100 933.5
1314110 940.8
1314120 941.7
1314130 941.7
1314140 938.9
1314150 936.4
1314160 936.4
1314170 934.4
1314180 932.9
1314190 932.9
1314200 932.0
1314210 931.8
1314220 931.8
1314230 932.0
1314240 932.1
1314250 932.1
1314260 932.3
1314270 932.1
1314280 932.1
1314290 932.0
1314300 932.7
1314310 933.6
1314320 933.6
1314330 934.0
1314340 933.7
1314350 933.7
1314360 934.1
1314370 934.6
1314380 934.6
1314390 935.4
1314400 936.4
1314410 936.4
1314420 938.1
1314430 944.1
1314440 944.1
1314450 947.8
1314460 950.8
1314470 950.8
1314480 954.0
1314490 957.9
1314500 957.9
1314510 961.7
1314520 965.2
1314530 965.2
1314540 969.6
1314550 973.3
1314560 973.3
1314570 976.7
1314580 981.2
1314590 981.2
1314600 981.7
1314610 978.3
1314620 980.1
1314630 980.1
1314640 985.4
1314650 990.8
1314660 990.8
1314670 994.8
1314680 1001.0
1314690 1001.0
1314700 1005.6
1314710 1008.5
1314720 1008.5
1314730 1010.5
1314740 1012.4
1314750 1012.4
1314760 1014.0
1314770 1016.0
1314780 1016.0
1314790 1019.1
1314800 1022.4
1314810 1022.4
1314820 1025.8
1314830 1028.0
1314840 1028.0
1314850 1029.6
1314860 1031.4
1314870 1031.4
1314880 1033.7
1314890 1036.9
1314900 1039.2
1314910 1039.2
1314920 1041.4
1314930 1044.3
1314940 1044.3
1314950 1046.8
1314960 1049.3
1314970 1049.3
1314980 1052.9
1314990 1055.3
1315000 1055.3
1315010 1057.4
1315020 1061.8
1315030 1061.8
1315040 1066.2
1315050 1069.0
1315060 1069.0
1315070 1069.8
1315080 1068.3
1315090 1068.3
1315100 1065.2
1315110 1063.8
1315120 1063.8
1315130 1063.9
1315140 1063.9
1315150 1063.9
1315160 1066.6
1315170 1071.3
1315180 1071.3
1315190 1075.3
1315200 1080.6
1315210 1093.5
1315220 1093.5
1315230 1102.5
1315240 1101.5
1315250 1101.5
1315260 1083.2
1315270 1069.4
1315280 1069.4
1315290 1062.4
1315300 1059.6
1315310 1059.6
1315320 1055.5
1315330 1047.5
1315340 1047.5
1315350 1042.1
1315360 1034.6
1315370 1034.6
1315380 1027.5
1315390 1023.6
1315400 1023.6
1315410 1020.3
1315420 1018.2
1315430 1018.2
1315440 1016.8
1315450 1014.4
1315460 1014.4
1315470 1012.6
1315480 1010.6
1315490 1008.3
1315500 1008.3
1315510 1006.8
1315520 1005.5
1315530 1005.5
1315540 1004.0
1315550 1002.8
1315560 1002.8
1315570 1000.8
1315580 1000.5
1315590 1000.5
1315600 1000.1
1315610 999.8
1315620 999.8
1315630 999.6
1315640 999.8
1315650 999.8
1315660 1002.6
1315670 1004.2
1315680 1004.2
1315690 1005.2
1315700 1006.1
1315710 1006.1
1315720 1006.8
1315730 1006.6
1315740 1006.6
1315750 1009.8
1315760 1014.6
1315770 1014.6
1315780 1019.2
1315790 1023.9
1315800 1027.5
1315810 1027.5
1315820 1027.9
1315830 1026.5
1315840 1026.5
1315850 1019.7
1315860 1007.8
1315870 1007.8
1315880 996.4
1315890 985.3
1315900 985.3
1315910 978.2
1315920 971.5
1315930 971.5
1315940 971.4
1315950 965.9
1315960 965.9
1315970 960.5
1315980 955.0
1315990 955.0
1316000 949.6
1316010 944.6
1316020 944.6
1316030 940.4
1316040 937.0
1316050 937.0
1316060 933.3
1316070 929.2
1316080 925.6
1316090 925.6
1316100 923.2
1316110 920.6
1316120 920.6
1316130 919.1
1316140 915.4
1316150 915.4
1316160 911.8
1316170 909.6
1316180 909.6
1316190 892.0
1316200 879.1
1316210 879.1
1316220 872.2
1316230 865.8
1316240 865.8
1316250 859.2
1316260 854.3
1316270 854.3
1316280 850.0
1316290 846.7
1316300 846.7
1316310 843.8
1316320 837.3
1316330 837.3
1316340 833.3
1316350 847.8
1316360 847.8
1316370 848.6
1316380 841.5
1316390 831.9
1316400 831.9
1316410 820.4
1316420 812.7
1316430 812.7
1316440 806.1
1316450 798.1
1316460 798.1
1316470 784.4
1316480 766.6
1316490 766.6
1316500 757.9
1316510 757.8
1316520 757.8
1316530 762.8
1316540 780.8
1316550 780.8
1316560 789.9
1316570 782.9
1316580 782.9
1316590 769.5
1316600 751.4
1316610 751.4
1316620 734.2
1316630 717.5
1316640 717.5
1316650 706.3
1316660 697.1
1316670 692.6
1316680 692.6
1316690 687.2
1316700 690.3
1316710 690.3
1316720 677.8
1316730 667.5
1316740 667.5
1316750 658.3
1316760 649.5
1316770 649.5
1316780 641.7
1316790 633.6
1316800 633.6
1316810 625.5
1316820 617.6
1316830 617.6
1316840 608.5
1316850 598.4
1316860 598.4
1316870 588.1
1316880 579.0
1316890 579.0
1316900 572.3
1316910 566.9
1316920 566.9
1316930 561.9
1316940 556.8
1316950 556.8
1316960 551.9
1316970 547.3
1316980 543.6
1316990 543.6
1317000 540.3
1317010 536.7
1317020 536.7
1317030 533.0
1317040 528.4
1317050 528.4
1317060 525.7
1317070 525.6
1317080 525.6
1317090 525.5
1317100 524.4
1317110 524.4
1317120 522.6
1317130 522.0
1317140 522.0
1317150 522.1
1317160 521.8
1317170 521.8
1317180 522.2
1317190 522.3
1317200 522.3
1317210 522.1
1317220 522.1
1317230 522.1
1317240 522.1
1317250 522.0
1317260 522.0
1317270 522.0
1317280 522.0
1317290 522.0
1317300 522.0
1317310 522.0
1317320 521.9
1317330 521.9
1317340 522.2
1317350 522.5
1317360 522.5
1317370 522.2
1317380 522.0
1317390 522.0
1317400 522.1
1317410 522.1
1317420 522.1
1317430 522.1
1317440 522.1
1317450 522.1
1317460 522.2
1317470 522.2
1317480 522.2
1317490 522.1
1317500 521.9
1317510 521.9
1317520 521.7
1317530 522.2
1317540 522.2
1317550 522.5
1317560 522.4
1317570 522.3
1317580 522.3
1317590 522.2
1317600 522.2
1317610 522.2
1317620 522.4
1317630 522.4
1317640 522.4
1317650 522.4
1317660 522.5
1317670 522.5
1317680 522.6
1317690 522.7
1317700 522.7
1317710 522.9
1317720 523.0
1317730 523.0
1317740 523.0
1317750 523.0
1317760 523.0
1317770 523.1
1317780 523.1
1317790 523.1
1317800 523.2
1317810 523.3
1317820 523.3
1317830 523.3
1317840 523.4
1317850 523.4
1317860 523.4
1317870 523.5
1317880 523.5
1317890 523.5
1317900 523.6
1317910 523.7
1317920 523.7
1317930 523.9
1317940 524.1
1317950 524.1
1317960 524.7
1317970 524.9
1317980 524.9
1317990 524.9
1318000 525.0
1318010 525.0
1318020 525.0
1318030 525.1
1318040 525.1
1318050 524.9
1318060 524.9
1318070 524.9
1318080 525.0
1318090 525.3
1318100 525.3
1318110 525.6
1318120 525.9
1318130 525.9
1318140 526.2
1318150 526.5
1318160 526.8
1318170 526.8
1318180 527.0
1318190 527.1
1318200 527.1
1318210 527.4
1318220 528.0
1318230 528.0
1318240 528.2
1318250 528.3
1318260 528.3
1318270 529.2
1318280 530.0
1318290 530.0
1318300 529.4
1318310 528.7
1318320 528.7
1318330 528.3
1318340 527.7
1318350 527.7
1318360 527.5
1318370 526.9
1318380 526.9
1318390 526.4
1318400 525.9
1318410 525.9
1318420 525.7
1318430 525.6
1318440 525.5
1318450 525.5
1318460 525.4
1318470 525.2
1318480 525.2
1318490 525.2
1318500 525.4
1318510 525.4
1318520 525.6
1318530 525.8
1318540 525.8
1318550 525.8
1318560 525.5
1318570 525.5
1318580 525.8
1318590 526.0
1318600 526.0
1318610 525.5
1318620 525.3
1318630 525.3
1318640 525.5
1318650 525.7
1318660 525.7
1318670 525.6
1318680 525.2
1318690 525.2
1318700 525.2
1318710 525.3
1318720 525.3
1318730 525.2
1318740 525.2
1318750 524.5
1318760 524.5
1318770 524.4
1318780 525.4
1318790 525.4
1318800 525.8
1318810 525.9
1318820 525.9
1318830 525.8
1318840 525.7
1318850 525.7
1318860 525.6
1318870 525.5
1318880 525.5
1318890 525.3
1318900 525.3
1318910 525.3
1318920 525.4
1318930 525.4
1318940 525.4
1318950 525.2
1318960 525.2
1318970 525.2
1318980 525.2
1318990 525.3
1319000 525.3
1319010 525.4
1319020 525.4
1319030 525.5
1319040 525.5
1319050 525.5
1319060 525.5
1319070 525.5
1319080 525.5
1319090 525.6
1319100 525.6
1319110 525.7
1319120 525.8
1319130 525.8
1319140 526.0
1319150 526.2
1319160 526.2
1319170 526.4
1319180 525.1
1319190 525.1
1319200 524.0
1319210 523.9
1319220 523.9
1319230 523.9
1319240 523.9
1319250 523.9
1319260 523.9
1319270 525.3
1319280 525.3
1319290 526.5
1319300 526.5
1319310 526.5
1319320 526.4
1319330 526.3
1319340 526.4
1319350 526.4
1319360 526.3
1319370 526.3
1319380 526.3
1319390 526.3
1319400 526.2
1319410 526.2
1319420 526.3
1319430 526.1
1319440 526.1
1319450 526.1
1319460 526.2
1319470 526.2
1319480 526.1
1319490 526.0
1319500 526.0
1319510 526.1
1319520 526.1
1319530 526.1
1319540 526.1
1319550 526.4
1319560 526.4
1319570 526.9
1319580 527.2
1319590 527.2
1319600 527.2
1319610 527.2
1319620 527.1
1319630 527.1
1319640 526.9
1319650 526.2
1319660 526.2
1319670 526.7
1319680 527.2
1319690 527.2
1319700 527.9
1319710 528.8
1319720 528.8
1319730 529.8
1319740 530.9
1319750 530.9
1319760 532.0
1319770 533.2
1319780 533.2
1319790 534.5
1319800 535.7
1319810 535.7
1319820 537.1
1319830 538.5
1319840 538.5
1319850 540.0
1319860 541.4
1319870 541.4
1319880 542.8
1319890 544.3
1319900 544.3
1319910 545.8
1319920 547.5
1319930 549.1
1319940 549.1
1319950 550.5
1319960 552.1
1319970 552.1
1319980 554.0
1319990 556.1
