1300000 1644.0
1300010 1644.0
1300020 1643.8
1300030 1643.9
1300040 1643.9
1300050 1643.7
1300060 1643.2
1300070 1642.1
1300080 1642.1
1300090 1640.7
1300100 1638.3
1300110 1638.3
1300120 1635.2
1300130 1632.5
1300140 1632.5
1300150 1631.7
1300160 1630.5
1300170 1630.5
1300180 1628.6
1300190 1626.6
1300200 1626.6
1300210 1623.9
1300220 1621.2
1300230 1621.2
1300240 1618.5
1300250 1617.1
1300260 1617.1
1300270 1615.6
1300280 1613.5
1300290 1613.5
1300300 1610.4
1300310 1607.6
1300320 1607.6
1300330 1604.6
1300340 1601.8
1300350 1601.8
1300360 1599.5
1300370 1596.6
1300380 1593.1
1300390 1593.1
1300400 1589.1
1300410 1584.5
1300420 1584.5
1300430 1578.5
1300440 1572.4
1300450 1572.4
1300460 1565.9
1300470 1559.6
1300480 1559.6
1300490 1553.2
1300500 1545.9
1300510 1545.9
1300520 1536.2
1300530 1526.3
1300540 1526.3
1300550 1517.0
1300560 1508.4
1300570 1508.4
1300580 1499.5
1300590 1491.3
1300600 1491.3
1300610 1483.4
1300620 1475.4
1300630 1475.4
1300640 1467.2
1300650 1458.9
1300660 1451.3
1300670 1451.3
1300680 1443.3
1300690 1435.4
1300700 1435.4
1300710 1426.2
1300720 1416.5
1300730 1416.5
1300740 1406.6
1300750 1396.5
1300760 1396.5
1300770 1387.8
1300780 1380.3
1300790 1380.3
1300800 1375.7
1300810 1372.1
1300820 1372.1
1300830 1371.5
1300840 1367.2
1300850 1367.2
1300860 1359.7
1300870 1356.0
1300880 1356.0
1300890 1355.6
1300900 1355.1
1300910 1355.1
1300920 1344.2
1300930 1343.9
1300940 1343.9
1300950 1345.5
1300960 1342.0
1300970 1335.9
1300980 1335.9
1300990 1321.8
1301000 1313.2
1301010 1313.2
1301020 1322.0
1301030 1339.9
1301040 1339.9
1301050 1341.6
1301060 1343.1
1301070 1343.1
1301080 1347.6
1301090 1352.6
1301100 1352.6
1301110 1351.6
1301120 1348.4
1301130 1348.4
1301140 1347.5
1301150 1341.9
1301160 1341.9
1301170 1344.0
1301180 1350.3
1301190 1350.3
1301200 1358.2
1301210 1366.8
1301220 1366.8
1301230 1375.3
1301240 1378.9
1301250 1378.0
1301260 1378.0
1301270 1380.4
1301280 1383.0
1301290 1383.0
1301300 1383.1
1301310 1381.2
1301320 1381.2
1301330 1381.1
1301340 1381.5
1301350 1381.5
1301360 1380.9
1301370 1375.0
1301380 1375.0
1301390 1373.4
1301400 1371.5
1301410 1371.5
1301420 1370.2
1301430 1369.7
1301440 1369.7
1301450 1367.8
1301460 1363.9
1301470 1363.9
1301480 1358.6
1301490 1351.3
1301500 1351.3
1301510 1343.6
1301520 1340.3
1301530 1340.3
1301540 1347.3
1301550 1357.4
1301560 1362.2
1301570 1362.2
1301580 1363.9
1301590 1363.7
1301600 1363.7
1301610 1361.5
1301620 1359.4
1301630 1359.4
1301640 1358.4
1301650 1356.9
1301660 1356.9
1301670 1354.9
1301680 1352.9
1301690 1352.9
1301700 1350.5
1301710 1347.3
1301720 1347.3
1301730 1350.0
1301740 1351.4
1301750 1351.4
1301760 1351.6
1301770 1352.0
1301780 1352.0
1301790 1351.9
1301800 1351.5
1301810 1351.5
1301820 1351.0
1301830 1350.1
1301840 1349.1
1301850 1349.1
1301860 1348.4
1301870 1347.1
1301880 1347.1
1301890 1345.6
1301900 1344.5
1301910 1344.5
1301920 1343.2
1301930 1341.7
1301940 1341.7
1301950 1339.1
1301960 1336.7
1301970 1336.7
1301980 1336.3
1301990 1336.7
1302000 1336.7
1302010 1339.1
1302020 1341.9
1302030 1341.9
1302040 1341.2
1302050 1339.4
1302060 1339.4
1302070 1335.3
1302080 1335.4
1302090 1335.4
1302100 1335.0
1302110 1333.8
1302120 1333.8
1302130 1333.3
1302140 1332.8
1302150 1331.9
1302160 1331.9
1302170 1331.2
1302180 1330.3
1302190 1330.3
1302200 1329.0
1302210 1327.4
1302220 1327.4
1302230 1325.8
1302240 1323.8
1302250 1323.8
1302260 1322.7
1302270 1323.2
1302280 1323.2
1302290 1323.3
1302300 1322.4
1302310 1322.4
1302320 1320.8
1302330 1319.5
1302340 1319.5
1302350 1318.0
1302360 1316.1
1302370 1316.1
1302380 1313.8
1302390 1310.4
1302400 1310.4
1302410 1307.5
1302420 1309.3
1302430 1313.3
1302440 1313.3
1302450 1316.5
1302460 1319.1
1302470 1319.1
1302480 1320.6
1302490 1321.2
1302500 1321.2
1302510 1321.5
1302520 1321.6
1302530 1321.6
1302540 1321.6
1302550 1321.6
1302560 1321.6
1302570 1320.9
1302580 1320.1
1302590 1320.1
1302600 1320.2
1302610 1320.5
1302620 1320.5
1302630 1319.7
1302640 1318.4
1302650 1318.4
1302660 1317.5
1302670 1316.7
1302680 1316.7
1302690 1316.1
1302700 1316.2
1302710 1316.2
1302720 1316.7
1302730 1316.4
1302740 1316.9
1302750 1316.9
1302760 1317.5
1302770 1313.5
1302780 1313.5
1302790 1314.2
1302800 1314.5
1302810 1314.5
1302820 1315.1
1302830 1315.6
1302840 1315.6
1302850 1315.4
1302860 1314.7
1302870 1314.7
1302880 1313.6
1302890 1313.8
1302900 1313.8
1302910 1314.1
1302920 1315.5
1302930 1315.5
1302940 1315.9
1302950 1316.1
1302960 1316.1
1302970 1315.9
1302980 1314.6
1302990 1314.6
1303000 1313.8
1303010 1313.1
1303020 1313.1
1303030 1311.9
1303040 1310.1
1303050 1308.7
1303060 1308.7
1303070 1305.5
1303080 1302.2
1303090 1302.2
1303100 1299.6
1303110 1296.8
1303120 1296.8
1303130 1294.1
1303140 1291.7
1303150 1291.7
1303160 1286.4
1303170 1281.6
1303180 1281.6
1303190 1276.9
1303200 1273.2
1303210 1273.2
1303220 1268.5
1303230 1263.5
1303240 1263.5
1303250 1259.5
1303260 1255.3
1303270 1255.3
1303280 1250.8
1303290 1247.2
1303300 1247.2
1303310 1242.6
1303320 1235.9
1303330 1227.2
1303340 1227.2
1303350 1218.6
1303360 1210.7
1303370 1210.7
1303380 1202.4
1303390 1195.2
1303400 1195.2
1303410 1179.7
1303420 1157.8
1303430 1157.8
1303440 1152.5
1303450 1149.9
1303460 1149.9
1303470 1149.5
1303480 1142.3
1303490 1142.3
1303500 1146.1
1303510 1147.1
1303520 1147.1
1303530 1147.9
1303540 1150.3
1303550 1150.3
1303560 1154.4
1303570 1158.9
1303580 1158.9
1303590 1159.3
1303600 1156.0
1303610 1156.0
1303620 1153.1
1303630 1151.0
1303640 1146.8
1303650 1146.8
1303660 1141.0
1303670 1136.4
1303680 1136.4
1303690 1132.4
1303700 1128.7
1303710 1128.7
1303720 1125.2
1303730 1120.2
1303740 1120.2
1303750 1115.1
1303760 1108.4
1303770 1108.4
1303780 1102.9
1303790 1103.2
1303800 1103.2
1303810 1103.7
1303820 1106.9
1303830 1106.9
1303840 1107.7
1303850 1105.2
1303860 1105.2
1303870 1102.4
1303880 1098.6
1303890 1098.6
1303900 1093.6
1303910 1088.5
1303920 1083.4
1303930 1083.4
1303940 1079.6
1303950 1076.6
1303960 1076.6
1303970 1073.4
1303980 1067.7
1303990 1067.7
1304000 1062.8
1304010 1059.2
1304020 1059.2
1304030 1056.2
1304040 1051.8
1304050 1051.8
1304060 1048.0
1304070 1045.1
1304080 1045.1
1304090 1041.3
1304100 1038.6
1304110 1038.6
1304120 1037.8
1304130 1038.2
1304140 1038.2
1304150 1038.5
1304160 1038.5
1304170 1038.5
1304180 1023.7
1304190 1020.1
1304200 1020.1
1304210 1015.9
1304220 1012.2
1304230 1009.9
1304240 1009.9
1304250 1007.2
1304260 1005.0
1304270 1005.0
1304280 1002.4
1304290 1000.1
1304300 1000.1
1304310 998.2
1304320 996.9
1304330 996.9
1304340 997.4
1304350 997.6
1304360 997.6
1304370 993.2
1304380 988.2
1304390 988.2
1304400 984.5
1304410 980.1
1304420 980.1
1304430 975.3
1304440 969.5
1304450 969.5
1304460 965.7
1304470 962.8
1304480 962.8
1304490 962.0
1304500 964.5
1304510 967.9
1304520 967.9
1304530 971.2
1304540 971.8
1304550 971.8
1304560 971.7
1304570 970.6
1304580 970.6
1304590 968.3
1304600 965.8
1304610 965.8
1304620 963.8
1304630 962.7
1304640 962.7
1304650 962.3
1304660 963.4
1304670 963.4
1304680 963.8
1304690 963.7
1304700 963.7
1304710 962.6
1304720 960.7
1304730 960.7
1304740 958.3
1304750 956.0
1304760 956.0
1304770 955.9
1304780 957.2
1304790 957.2
1304800 957.4
1304810 957.1
1304820 956.4
1304830 956.4
1304840 955.8
1304850 953.6
1304860 953.6
1304870 951.4
1304880 951.7
1304890 947.2
1304900 948.2
1304910 949.0
1304920 949.0
1304930 949.5
1304940 949.4
1304950 949.4
1304960 948.2
1304970 947.4
1304980 947.4
1304990 948.4
1305000 949.5
1305010 949.5
1305020 950.5
1305030 952.6
1305040 952.6
1305050 953.7
1305060 953.8
1305070 953.8
1305080 954.0
1305090 954.1
1305100 953.8
1305110 953.8
1305120 953.1
1305130 952.4
1305140 952.4
1305150 951.6
1305160 950.9
1305170 950.9
1305180 951.0
1305190 950.7
1305200 950.7
1305210 950.4
1305220 950.2
1305230 950.2
1305240 949.3
1305250 948.0
1305260 948.0
1305270 946.2
1305280 943.8
1305290 943.8
1305300 942.2
1305310 941.4
1305320 941.4
1305330 940.8
1305340 940.5
1305350 940.5
1305360 940.3
1305370 940.2
1305380 940.2
1305390 940.1
1305400 939.8
1305410 939.7
1305420 939.7
1305430 939.2
1305440 938.6
1305450 938.6
1305460 937.9
1305470 936.1
1305480 936.1
1305490 934.1
1305500 932.1
1305510 932.1
1305520 929.4
1305530 928.2
1305540 928.2
1305550 928.6
1305560 929.8
1305570 929.8
1305580 930.6
1305590 932.7
1305600 928.1
1305610 929.1
1305620 929.3
1305630 929.3
1305640 930.1
1305650 931.8
1305660 931.8
1305670 932.1
1305680 931.7
1305690 930.8
1305700 930.8
1305710 929.5
1305720 927.0
1305730 927.0
1305740 924.9
1305750 922.4
1305760 922.4
1305770 920.6
1305780 918.2
1305790 918.2
1305800 914.7
1305810 908.7
1305820 908.7
1305830 901.4
1305840 893.2
1305850 893.2
1305860 885.0
1305870 877.1
1305880 877.1
1305890 870.6
1305900 863.7
1305910 863.7
1305920 856.2
1305930 850.7
1305940 850.7
1305950 845.4
1305960 840.0
1305970 840.0
1305980 834.3
1305990 829.0
1306000 822.5
1306010 822.5
1306020 816.4
1306030 811.9
1306040 811.9
1306050 807.5
1306060 802.8
1306070 802.8
1306080 797.5
1306090 791.6
1306100 791.6
1306110 785.4
1306120 778.6
1306130 778.6
1306140 772.2
1306150 767.3
1306160 767.3
1306170 762.0
1306180 757.1
1306190 757.1
1306200 752.6
1306210 748.4
1306220 748.4
1306230 744.6
1306240 740.3
1306250 740.3
1306260 735.5
1306270 730.5
1306280 725.9
1306290 725.9
1306300 721.2
1306310 716.7
1306320 715.2
1306330 710.2
1306340 704.0
1306350 704.0
1306360 697.6
1306370 690.8
1306380 690.8
1306390 683.7
1306400 677.4
1306410 677.4
1306420 673.1
1306430 671.8
1306440 671.8
1306450 671.3
1306460 669.5
1306470 669.5
1306480 667.9
1306490 667.1
1306500 667.1
1306510 665.8
1306520 664.6
1306530 664.6
1306540 662.8
1306550 660.9
1306560 660.9
1306570 660.1
1306580 663.5
1306590 669.1
1306600 669.1
1306610 674.2
1306620 677.7
1306630 677.7
1306640 679.1
1306650 678.8
1306660 678.8
1306670 675.2
1306680 670.8
1306690 670.8
1306700 666.5
1306710 662.1
1306720 662.1
1306730 657.7
1306740 652.4
1306750 652.4
1306760 648.2
1306770 646.8
1306780 646.8
1306790 649.1
1306800 649.1
1306810 649.1
1306820 647.8
1306830 648.2
1306840 648.2
1306850 649.1
1306860 649.9
1306870 649.9
1306880 650.3
1306890 649.5
1306900 648.6
1306910 648.6
1306920 648.2
1306930 647.7
1306940 647.7
1306950 646.6
1306960 650.9
1306970 650.9
1306980 651.3
1306990 651.4
1307000 651.4
1307010 653.1
1307020 653.9
1307030 653.9
1307040 649.2
1307050 649.4
1307060 649.4
1307070 649.1
1307080 649.5
1307090 649.5
1307100 649.7
1307110 649.2
1307120 649.2
1307130 647.7
1307140 644.1
1307150 644.1
1307160 640.0
1307170 638.2
1307180 636.9
1307190 636.9
1307200 635.1
1307210 633.0
1307220 633.0
1307230 631.8
1307240 631.4
1307250 631.4
1307260 630.8
1307270 630.8
1307280 630.8
1307290 631.0
1307300 629.4
1307310 629.4
1307320 627.6
1307330 625.6
1307340 625.6
1307350 622.1
1307360 614.5
1307370 614.5
1307380 608.3
1307390 603.4
1307400 603.4
1307410 598.4
1307420 593.4
1307430 593.4
1307440 588.7
1307450 583.6
1307460 583.6
1307470 578.0
1307480 574.0
1307490 568.8
1307500 568.8
1307510 561.8
1307520 553.9
1307530 553.9
1307540 546.1
1307550 541.1
1307560 541.1
1307570 537.0
1307580 532.7
1307590 532.7
1307600 529.4
1307610 528.6
1307620 528.6
1307630 528.2
1307640 528.3
1307650 528.3
1307660 528.4
1307670 528.1
1307680 528.1
1307690 527.7
1307700 528.1
1307710 528.1
1307720 528.4
1307730 528.5
1307740 528.5
1307750 528.5
1307760 528.5
1307770 528.4
1307780 528.4
1307790 528.3
1307800 528.2
1307810 528.2
1307820 528.1
1307830 528.0
1307840 528.0
1307850 528.3
1307860 528.4
1307870 528.4
1307880 528.4
1307890 528.3
1307900 528.3
1307910 528.4
1307920 528.4
1307930 528.4
1307940 528.4
1307950 528.4
1307960 528.4
1307970 528.4
1307980 528.1
1307990 528.1
1308000 527.8
1308010 528.2
1308020 528.2
1308030 528.3
1308040 528.3
1308050 528.3
1308060 528.3
1308070 528.4
1308080 528.4
1308090 528.4
1308100 528.3
1308110 528.3
1308120 528.3
1308130 528.4
1308140 528.5
1308150 528.5
1308160 526.2
1308170 525.3
1308180 525.3
1308190 524.9
1308200 524.7
1308210 524.7
1308220 524.5
1308230 524.5
1308240 524.5
1308250 524.5
1308260 524.6
1308270 524.6
1308280 524.7
1308290 524.9
1308300 524.9
1308310 525.3
1308320 526.1
1308330 526.1
1308340 528.2
1308350 529.0
1308360 528.3
1308370 528.3
1308380 528.3
1308390 528.3
1308400 528.3
1308410 528.3
1308420 528.3
1308430 528.3
1308440 528.4
1308450 528.4
1308460 528.4
1308470 528.5
1308480 528.5
1308490 528.5
1308500 528.5
1308510 528.5
1308520 528.5
1308530 528.3
1308540 528.5
1308550 528.5
1308560 528.6
1308570 528.4
1308580 528.4
1308590 528.5
1308600 528.7
1308610 528.7
1308620 528.7
1308630 528.7
1308640 528.7
1308650 528.7
1308660 528.8
1308670 528.6
1308680 528.6
1308690 528.6
1308700 528.6
1308710 528.6
1308720 528.7
1308730 528.7
1308740 528.7
1308750 528.6
1308760 528.5
1308770 528.5
1308780 528.3
1308790 528.1
1308800 528.1
1308810 528.0
1308820 528.1
1308830 528.1
1308840 528.3
1308850 528.4
1308860 528.4
1308870 528.4
1308880 528.5
1308890 528.5
1308900 528.5
1308910 528.6
1308920 528.6
1308930 528.6
1308940 528.5
1308950 528.6
1308960 528.6
1308970 528.6
1308980 528.6
1308990 528.6
1309000 528.6
1309010 528.5
1309020 528.5
1309030 528.4
1309040 528.1
1309050 528.1
1309060 528.4
1309070 529.3
1309080 529.3
1309090 530.0
1309100 530.4
1309110 530.4
1309120 529.1
1309130 527.9
1309140 527.9
1309150 529.3
1309160 528.8
1309170 528.8
1309180 528.5
1309190 528.4
1309200 528.4
1309210 528.4
1309220 528.4
1309230 528.4
1309240 528.4
1309250 528.4
1309260 528.4
1309270 528.4
1309280 528.4
1309290 528.5
1309300 528.5
1309310 528.6
1309320 528.7
1309330 528.7
1309340 529.1
1309350 530.0
1309360 530.0
1309370 531.6
1309380 533.4
1309390 533.4
1309400 534.6
1309410 535.0
1309420 535.0
1309430 535.0
1309440 534.9
1309450 534.9
1309460 534.9
1309470 534.9
1309480 534.9
1309490 534.7
1309500 534.5
1309510 534.5
1309520 534.2
1309530 533.4
1309540 532.6
1309550 532.6
1309560 531.8
1309570 531.3
1309580 531.3
1309590 531.0
1309600 530.8
1309610 530.8
1309620 530.5
1309630 529.9
1309640 529.9
1309650 529.2
1309660 528.3
1309670 528.3
1309680 527.1
1309690 526.3
1309700 526.3
1309710 525.7
1309720 525.4
1309730 525.4
1309740 525.1
1309750 525.0
1309760 525.0
1309770 524.9
1309780 524.9
1309790 524.9
1309800 524.9
1309810 524.9
1309820 524.9
1309830 524.9
1309840 524.9
1309850 524.8
1309860 524.8
1309870 524.8
1309880 524.7
1309890 524.7
1309900 524.7
1309910 524.6
1309920 524.6
1309930 524.6
1309940 524.6
1309950 524.6
1309960 524.7
1309970 524.6
1309980 524.6
1309990 524.6
1310000 524.6
1310010 524.6
1310020 524.6
1310030 524.6
1310040 524.6
1310050 524.6
1310060 524.6
1310070 524.6
1310080 524.6
1310090 524.5
1310100 524.5
1310110 524.5
1310120 524.5
1310130 524.5
1310140 524.5
1310150 524.5
1310160 524.5
1310170 524.5
1310180 524.5
1310190 524.4
1310200 524.4
1310210 524.4
1310220 524.4
1310230 524.4
1310240 524.4
1310250 524.4
1310260 524.4
1310270 524.4
1310280 524.3
1310290 524.3
1310300 524.3
1310310 524.3
1310320 524.3
1310330 524.3
1310340 524.3
1310350 524.3
1310360 524.2
1310370 524.2
1310380 524.2
1310390 524.2
1310400 524.3
1310410 524.3
1310420 524.3
1310430 524.3
1310440 524.4
1310450 524.4
1310460 524.8
1310470 525.5
1310480 525.5
1310490 526.5
1310500 527.6
1310510 527.6
1310520 528.7
1310530 529.5
1310540 529.5
1310550 529.9
1310560 530.0
1310570 530.0
1310580 530.2
1310590 530.6
1310600 530.6
1310610 531.0
1310620 531.7
1310630 531.7
1310640 532.7
1310650 533.7
1310660 533.7
1310670 531.4
1310680 533.4
1310690 533.4
1310700 536.4
1310710 537.4
1310720 537.6
1310730 537.6
1310740 537.6
1310750 535.1
1310760 535.1
1310770 530.7
1310780 530.2
1310790 530.2
1310800 530.1
1310810 530.0
1310820 530.0
1310830 529.9
1310840 529.6
1310850 529.6
1310860 528.9
1310870 527.7
1310880 527.7
1310890 528.1
1310900 528.5
1310910 528.5
1310920 528.6
1310930 528.9
1310940 528.9
1310950 529.0
1310960 529.2
1310970 529.2
1310980 529.4
1310990 529.2
1311000 529.2
1311010 528.2
1311020 528.1
1311030 528.1
1311040 528.1
1311050 528.2
1311060 528.2
1311070 528.2
1311080 528.2
1311090 528.1
1311100 528.1
1311110 528.1
1311120 528.2
1311130 528.2
1311140 528.2
1311150 528.2
1311160 528.2
1311170 528.2
1311180 528.2
1311190 528.2
1311200 528.3
1311210 528.3
1311220 528.3
1311230 528.4
1311240 528.4
1311250 528.4
1311260 528.3
1311270 528.4
1311280 528.4
1311290 528.1
1311300 528.1
1311310 528.1
1311320 528.1
1311330 527.7
1311340 527.5
1311350 527.5
1311360 527.8
1311370 529.4
1311380 529.4
1311390 528.5
1311400 527.4
1311410 527.4
1311420 527.2
1311430 527.2
1311440 527.2
1311450 526.9
1311460 525.1
1311470 525.1
1311480 523.6
1311490 523.1
1311500 523.1
1311510 523.1
1311520 523.1
1311530 523.1
1311540 523.1
1311550 523.0
1311560 523.0
1311570 523.0
1311580 523.0
1311590 523.0
1311600 523.1
1311610 523.8
1311620 525.8
1311630 525.8
1311640 527.5
1311650 528.3
1311660 528.3
1311670 528.8
1311680 529.2
1311690 529.2
1311700 529.5
1311710 529.5
1311720 529.5
1311730 529.4
1311740 529.4
1311750 529.4
1311760 529.3
1311770 529.3
1311780 529.3
1311790 529.3
1311800 529.4
1311810 529.4
1311820 529.6
1311830 528.5
1311840 528.5
1311850 527.9
1311860 530.8
1311870 530.8
1311880 533.6
1311890 536.4
1311900 536.4
1311910 540.1
1311920 543.9
1311930 547.5
1311940 547.5
1311950 549.4
1311960 550.4
1311970 550.4
1311980 551.0
1311990 551.4
1312000 551.4
1312010 551.9
1312020 552.5
1312030 552.5
1312040 553.0
1312050 553.8
1312060 553.8
1312070 554.6
1312080 555.2
1312090 555.2
1312100 555.4
1312110 555.6
1312120 555.6
1312130 556.2
1312140 558.0
1312150 558.0
1312160 557.9
1312170 558.2
1312180 558.2
1312190 559.4
1312200 560.3
1312210 560.5
1312220 560.5
1312230 560.5
1312240 560.2
1312250 560.2
1312260 560.8
1312270 561.6
1312280 561.6
1312290 562.6
1312300 562.0
1312310 562.0
1312320 562.6
1312330 563.2
1312340 563.2
1312350 563.7
1312360 563.6
1312370 563.6
1312380 563.2
1312390 563.5
1312400 563.5
1312410 564.0
1312420 564.2
1312430 564.2
1312440 564.5
1312450 564.3
1312460 564.3
1312470 563.7
1312480 564.1
1312490 564.1
1312500 565.0
1312510 564.5
1312520 564.4
1312530 564.4
1312540 564.8
1312550 565.0
1312560 565.0
1312570 564.7
1312580 564.8
1312590 564.8
1312600 564.8
1312610 564.3
1312620 564.3
1312630 564.3
1312640 564.8
1312650 564.8
1312660 565.5
1312670 566.2
1312680 566.2
1312690 566.9
1312700 567.7
1312710 567.7
1312720 568.3
1312730 569.0
1312740 569.0
1312750 570.0
1312760 571.1
1312770 571.1
1312780 572.4
1312790 573.7
1312800 574.9
1312810 574.9
1312820 576.1
1312830 577.5
1312840 577.5
1312850 579.2
1312860 581.3
1312870 581.3
1312880 584.3
1312890 585.6
1312900 585.6
1312910 587.2
1312920 589.0
1312930 589.0
1312940 590.4
1312950 591.7
1312960 591.7
1312970 593.2
1312980 595.0
1312990 595.0
1313000 597.0
1313010 598.5
1313020 598.5
1313030 600.4
1313040 600.7
1313050 600.7
1313060 600.8
1313070 602.1
1313080 602.1
1313090 604.0
1313100 605.3
1313110 605.1
1313120 605.1
1313130 605.3
1313140 607.5
1313150 607.5
1313160 609.6
1313170 610.8
1313180 610.8
1313190 611.9
1313200 613.2
1313210 613.2
1313220 613.7
1313230 615.2
1313240 615.2
1313250 618.4
1313260 621.3
1313270 621.3
1313280 623.6
1313290 625.5
1313300 625.5
1313310 626.7
1313320 627.4
1313330 627.4
1313340 627.6
1313350 627.3
1313360 627.3
1313370 627.5
1313380 627.4
1313390 628.3
1313400 628.3
1313410 629.1
1313420 628.5
1313430 628.5
1313440 624.2
1313450 624.5
1313460 624.5
1313470 631.2
1313480 641.8
1313490 641.8
1313500 652.4
1313510 666.7
1313520 666.7
1313530 678.1
1313540 681.2
1313550 681.2
1313560 685.6
1313570 687.9
1313580 687.9
1313590 686.3
1313600 688.0
1313610 688.0
1313620 691.1
1313630 701.6
1313640 701.6
1313650 706.1
1313660 713.4
1313670 713.4
1313680 721.3
1313690 727.4
1313700 732.1
1313710 732.1
1313720 736.6
1313730 741.4
1313740 741.4
1313750 747.3
1313760 750.4
1313770 750.4
1313780 758.3
1313790 767.8
1313800 767.8
1313810 777.2
1313820 786.0
1313830 786.0
1313840 794.6
1313850 801.1
1313860 801.1
1313870 806.1
1313880 810.4
1313890 810.4
1313900 812.3
1313910 816.0
1313920 816.0
1313930 821.1
1313940 830.0
1313950 830.0
1313960 833.1
1313970 834.8
1313980 836.4
1313990 836.4
1314000 836.7
1314010 835.2
1314020 835.2
1314030 833.2
1314040 835.3
1314050 835.3
1314060 840.7
1314070 847.2
1314080 847.2
1314090 855.0
1314100 863.6
1314110 863.6
1314120 875.2
1314130 888.4
1314140 888.4
1314150 890.6
1314160 891.5
1314170 891.5
1314180 896.5
1314190 902.7
1314200 902.7
1314210 907.7
1314220 915.9
1314230 915.9
1314240 923.9
1314250 930.9
1314260 930.9
1314270 938.9
1314280 948.8
1314290 951.8
1314300 951.8
1314310 951.7
1314320 949.9
1314330 949.9
1314340 948.0
1314350 947.3
1314360 947.3
1314370 946.0
1314380 943.4
1314390 943.4
1314400 941.7
1314410 939.9
1314420 939.9
1314430 941.4
1314440 942.7
1314450 942.7
1314460 935.5
1314470 926.4
1314480 926.4
1314490 921.3
1314500 918.7
1314510 918.7
1314520 917.8
1314530 917.3
1314540 917.3
1314550 917.6
1314560 918.7
1314570 920.0
1314580 920.0
1314590 920.4
1314600 920.3
1314610 920.3
1314620 919.9
1314630 919.6
1314640 919.6
1314650 920.7
1314660 922.7
1314670 922.7
1314680 925.4
1314690 927.6
1314700 927.6
1314710 929.6
1314720 932.1
1314730 932.1
1314740 934.4
1314750 936.4
1314760 936.4
1314770 938.6
1314780 943.6
1314790 943.6
1314800 948.8
1314810 952.3
1314820 952.3
1314830 954.7
1314840 956.3
1314850 956.3
1314860 957.9
1314870 961.0
1314880 966.3
1314890 966.3
1314900 970.3
1314910 972.7
1314920 972.7
1314930 975.1
1314940 977.3
1314950 977.3
1314960 978.9
1314970 981.7
1314980 981.7
1314990 984.5
1315000 986.4
1315010 986.4
1315020 987.1
1315030 985.8
1315040 985.8
1315050 984.7
1315060 985.8
1315070 985.8
1315080 988.8
1315090 990.5
1315100 990.5
1315110 993.5
1315120 996.2
1315130 998.5
1315140 998.4
1315150 996.7
1315160 996.2
1315170 996.2
1315180 999.9
1315190 1003.3
1315200 1003.3
1315210 1002.2
1315220 987.2
1315230 987.2
1315240 964.0
1315250 953.6
1315260 953.6
1315270 943.4
1315280 937.2
1315290 937.2
1315300 933.9
1315310 929.7
1315320 929.7
1315330 925.9
1315340 922.5
1315350 922.5
1315360 920.8
1315370 921.3
1315380 921.3
1315390 921.1
1315400 919.0
1315410 919.0
1315420 916.0
1315430 913.7
1315440 913.7
1315450 910.1
1315460 906.7
1315470 906.3
1315480 906.3
1315490 905.5
1315500 905.6
1315510 905.6
1315520 906.7
1315530 905.9
1315540 905.9
1315550 904.7
1315560 901.2
1315570 901.2
1315580 896.4
1315590 890.9
1315600 890.9
1315610 886.8
1315620 882.7
1315630 882.7
1315640 879.1
1315650 876.6
1315660 876.6
1315670 872.9
1315680 870.1
1315690 870.1
1315700 868.4
1315710 866.2
1315720 866.2
1315730 864.7
1315740 864.0
1315750 862.2
1315760 862.2
1315770 860.8
1315780 860.2
1315790 860.2
1315800 861.8
1315810 863.9
1315820 863.9
1315830 864.4
1315840 861.9
1315850 861.9
1315860 859.6
1315870 856.5
1315880 863.9
1315890 861.0
1315900 859.4
1315910 859.4
1315920 858.5
1315930 856.6
1315940 856.6
1315950 853.9
1315960 852.0
1315970 852.0
1315980 851.0
1315990 850.2
1316000 850.2
1316010 848.2
1316020 845.9
1316030 845.9
1316040 843.9
1316050 841.2
1316060 837.5
1316070 837.5
1316080 834.0
1316090 830.8
1316100 830.8
1316110 826.6
1316120 815.1
1316130 815.1
1316140 796.4
1316150 777.2
1316160 777.2
1316170 756.5
1316180 738.0
1316190 738.0
1316200 726.4
1316210 712.9
1316220 712.9
1316230 700.2
1316240 692.4
1316250 692.4
1316260 686.0
1316270 680.8
1316280 680.8
1316290 675.3
1316300 670.3
1316310 670.3
1316320 665.1
1316330 659.0
1316340 651.6
1316350 651.6
1316360 643.5
1316370 638.4
1316380 638.4
1316390 635.6
1316400 632.9
1316410 632.9
1316420 627.0
1316430 624.8
1316440 624.8
1316450 621.9
1316460 617.0
1316470 617.0
1316480 612.4
1316490 607.2
1316500 607.2
1316510 601.8
1316520 596.4
1316530 596.4
1316540 591.8
1316550 587.4
1316560 587.4
1316570 583.0
1316580 578.3
1316590 578.3
1316600 573.5
1316610 569.9
1316620 569.9
1316630 566.9
1316640 566.9
1316650 562.0
1316660 562.0
1316670 557.9
1316680 554.4
1316690 554.4
1316700 550.7
1316710 545.8
1316720 545.8
1316730 540.5
1316740 535.4
1316750 535.4
1316760 530.3
1316770 527.0
1316780 527.0
1316790 526.5
1316800 526.4
1316810 526.4
1316820 526.5
1316830 527.4
1316840 527.4
1316850 527.6
1316860 526.4
1316870 526.4
1316880 524.9
1316890 523.9
1316900 523.9
1316910 523.9
1316920 523.9
1316930 523.9
1316940 523.9
1316950 523.9
1316960 523.9
1316970 523.9
1316980 523.9
1316990 524.0
1317000 524.0
1317010 524.0
1317020 524.0
1317030 524.0
1317040 523.9
1317050 523.8
1317060 523.8
1317070 523.8
1317080 523.8
1317090 523.8
1317100 523.8
1317110 523.8
1317120 523.8
1317130 523.8
1317140 523.8
1317150 523.8
1317160 523.9
1317170 524.4
1317180 524.4
1317190 524.6
1317200 524.4
1317210 524.4
1317220 524.2
1317230 524.3
1317240 524.6
1317250 524.6
1317260 524.7
1317270 524.5
1317280 524.5
1317290 524.4
1317300 523.9
1317310 523.9
1317320 523.0
1317330 522.5
1317340 522.5
1317350 522.2
1317360 521.7
1317370 521.7
1317380 522.3
1317390 522.3
1317400 522.3
1317410 522.3
1317420 522.3
1317430 522.3
1317440 522.3
1317450 522.3
1317460 522.3
1317470 522.2
1317480 522.2
1317490 522.2
1317500 522.3
1317510 522.3
1317520 522.4
1317530 522.4
1317540 522.4
1317550 522.3
1317560 522.3
1317570 522.3
1317580 522.3
1317590 522.3
1317600 522.3
1317610 522.3
1317620 522.3
1317630 522.3
1317640 522.2
1317650 522.2
1317660 522.2
1317670 522.1
1317680 522.1
1317690 522.1
1317700 522.0
1317710 522.0
1317720 522.0
1317730 522.0
1317740 522.0
1317750 522.0
1317760 522.1
1317770 522.1
1317780 522.1
1317790 522.1
1317800 522.1
1317810 522.3
1317820 522.5
1317830 522.5
1317840 522.5
1317850 522.6
1317860 522.6
1317870 522.6
1317880 522.7
1317890 522.8
1317900 522.8
1317910 523.0
1317920 522.9
1317930 522.9
1317940 523.4
1317950 524.4
1317960 524.4
1317970 523.8
1317980 523.6
1317990 523.6
1318000 523.7
1318010 523.7
1318020 523.7
1318030 523.8
1318040 523.8
1318050 523.8
1318060 523.8
1318070 523.9
1318080 523.9
1318090 523.9
1318100 523.9
1318110 524.0
1318120 524.0
1318130 524.0
1318140 524.1
1318150 524.1
1318160 524.1
1318170 524.2
1318180 524.2
1318190 524.3
1318200 524.4
1318210 524.4
1318220 524.5
1318230 524.6
1318240 524.6
1318250 524.7
1318260 524.9
1318270 524.9
1318280 525.1
1318290 525.2
1318300 525.2
1318310 525.3
1318320 525.4
1318330 525.4
1318340 525.5
1318350 525.6
1318360 525.6
1318370 525.7
1318380 525.8
1318390 525.8
1318400 525.9
1318410 526.1
1318420 526.3
1318430 526.3
1318440 527.4
1318450 528.1
1318460 528.1
1318470 527.3
1318480 526.7
1318490 526.7
1318500 526.6
1318510 526.8
1318520 526.8
1318530 526.5
1318540 526.3
1318550 526.3
1318560 526.1
1318570 525.7
1318580 525.7
1318590 524.6
1318600 524.0
1318610 524.0
1318620 524.7
1318630 524.9
1318640 524.9
1318650 525.2
1318660 525.2
1318670 525.2
1318680 525.3
1318690 525.8
1318700 525.7
1318710 525.7
1318720 525.5
1318730 525.4
1318740 525.4
1318750 525.4
1318760 525.4
1318770 525.4
1318780 525.3
1318790 525.3
1318800 525.3
1318810 525.4
1318820 525.5
1318830 525.5
1318840 525.7
1318850 525.7
1318860 525.7
1318870 525.8
1318880 525.7
1318890 525.7
1318900 525.8
1318910 525.9
1318920 525.9
1318930 525.8
1318940 525.9
1318950 525.9
1318960 525.9
1318970 526.0
1318980 526.0
1318990 525.9
1319000 526.0
1319010 526.1
1319020 526.1
1319030 525.1
1319040 523.9
1319050 523.9
1319060 523.5
1319070 523.4
1319080 523.4
1319090 523.5
1319100 523.5
1319110 523.5
1319120 524.1
1319130 527.2
1319140 527.2
1319150 530.3
1319160 532.0
1319170 532.0
1319180 533.3
1319190 534.7
1319200 534.7
1319210 536.4
1319220 538.2
1319230 538.2
1319240 540.1
1319250 541.8
1319260 541.8
1319270 543.6
1319280 545.9
1319290 545.9
1319300 548.3
1319310 551.4
1319320 553.9
1319330 553.9
1319340 554.5
1319350 553.9
1319360 553.9
1319370 553.4
1319380 552.7
1319390 552.7
1319400 551.1
1319410 550.0
1319420 550.0
1319430 549.0
1319440 548.0
1319450 548.0
1319460 546.6
1319470 545.3
1319480 545.3
1319490 544.2
1319500 543.4
1319510 543.4
1319520 542.6
1319530 541.8
1319540 541.8
1319550 541.1
1319560 540.5
1319570 540.5
1319580 539.2
1319590 536.8
1319600 536.2
1319610 536.2
1319620 537.7
1319630 538.3
1319640 538.3
1319650 538.1
1319660 537.4
1319670 537.4
1319680 536.6
1319690 537.0
1319700 535.3
1319710 536.4
1319720 538.3
1319730 538.3
1319740 540.3
1319750 542.7
1319760 542.7
1319770 544.9
1319780 547.0
1319790 547.0
1319800 548.8
1319810 550.4
1319820 550.4
1319830 551.6
1319840 553.3
1319850 553.3
1319860 554.3
1319870 555.4
1319880 555.4
1319890 557.5
1319900 559.3
1319910 561.2
1319920 561.2
1319930 563.9
1319940 565.7
1319950 565.7
1319960 567.6
1319970 569.5
1319980 569.5
1319990 572.4
