1300000 1805.7
1300010 1805.7
1300020 1807.9
1300030 1808.3
1300040 1810.6
1300050 1810.6
1300060 1813.7
1300070 1817.1
1300080 1817.1
1300090 1821.0
1300100 1826.3
1300110 1826.3
1300120 1831.5
1300130 1836.6
1300140 1836.6
1300150 1842.2
1300160 1847.8
1300170 1847.8
1300180 1854.0
1300190 1860.4
1300200 1860.4
1300210 1866.0
1300220 1871.2
1300230 1871.2
1300240 1876.5
1300250 1880.6
1300260 1880.6
1300270 1880.6
1300280 1878.3
1300290 1878.3
1300300 1878.4
1300310 1883.8
1300320 1883.8
1300330 1891.5
1300340 1898.0
1300350 1903.4
1300360 1903.4
1300370 1906.9
1300380 1908.2
1300390 1908.2
1300400 1908.8
1300410 1906.6
1300420 1906.6
1300430 1905.9
1300440 1904.3
1300450 1904.3
1300460 1902.5
1300470 1899.9
1300480 1899.9
1300490 1896.5
1300500 1893.2
1300510 1893.2
1300520 1891.1
1300530 1890.3
1300540 1890.3
1300550 1888.4
1300560 1885.9
1300570 1885.9
1300580 1883.8
1300590 1881.2
1300600 1881.2
1300610 1879.1
1300620 1878.3
1300630 1878.3
1300640 1878.1
1300650 1876.3
1300660 1872.0
1300670 1872.0
1300680 1869.0
1300690 1866.5
1300700 1866.5
1300710 1863.5
1300720 1861.0
1300730 1861.0
1300740 1857.3
1300750 1853.5
1300760 1853.5
1300770 1850.7
1300780 1846.5
1300790 1846.5
1300800 1843.3
1300810 1841.5
1300820 1841.5
1300830 1839.2
1300840 1836.7
1300850 1836.7
1300860 1834.1
1300870 1831.5
1300880 1831.5
1300890 1829.0
1300900 1826.3
1300910 1826.3
1300920 1823.4
1300930 1820.6
1300940 1819.5
1300950 1819.5
1300960 1819.0
1300970 1818.2
1300980 1818.2
1300990 1817.2
1301000 1817.2
1301010 1817.2
1301020 1816.7
1301030 1815.4
1301040 1815.4
1301050 1812.6
1301060 1809.7
1301070 1809.7
1301080 1806.8
1301090 1804.8
1301100 1802.5
1301110 1799.6
1301120 1796.4
1301130 1796.4
1301140 1793.9
1301150 1794.9
1301160 1794.9
1301170 1795.6
1301180 1796.5
1301190 1796.5
1301200 1797.2
1301210 1796.9
1301220 1796.9
1301230 1795.4
1301240 1794.5
1301250 1794.6
1301260 1794.6
1301270 1795.1
1301280 1795.2
1301290 1795.2
1301300 1794.9
1301310 1792.8
1301320 1792.8
1301330 1790.4
1301340 1790.4
1301350 1790.4
1301360 1790.3
1301370 1788.5
1301380 1788.5
1301390 1787.3
1301400 1786.8
1301410 1786.8
1301420 1787.0
1301430 1786.6
1301440 1786.6
1301450 1786.3
1301460 1785.3
1301470 1785.3
1301480 1784.5
1301490 1783.2
1301500 1783.2
1301510 1782.3
1301520 1782.0
1301530 1782.0
1301540 1782.0
1301550 1780.7
1301560 1778.9
1301570 1778.9
1301580 1776.4
1301590 1774.3
1301600 1774.3
1301610 1773.5
1301620 1772.8
1301630 1772.8
1301640 1772.7
1301650 1771.7
1301660 1771.7
1301670 1770.5
1301680 1769.7
1301690 1769.7
1301700 1768.9
1301710 1767.6
1301720 1767.6
1301730 1766.3
1301740 1764.6
1301750 1764.6
1301760 1761.7
1301770 1761.4
1301780 1761.4
1301790 1761.2
1301800 1756.1
1301810 1756.1
1301820 1755.7
1301830 1754.7
1301840 1754.2
1301850 1754.2
1301860 1753.0
1301870 1751.7
1301880 1751.7
1301890 1750.6
1301900 1749.1
1301910 1749.1
1301920 1747.4
1301930 1745.9
1301940 1745.9
1301950 1744.3
1301960 1743.3
1301970 1743.3
1301980 1743.7
1301990 1743.0
1302000 1743.0
1302010 1741.8
1302020 1741.5
1302030 1741.5
1302040 1741.1
1302050 1740.2
1302060 1740.2
1302070 1739.0
1302080 1737.5
1302090 1737.5
1302100 1737.0
1302110 1736.4
1302120 1736.4
1302130 1735.9
1302140 1735.7
1302150 1735.3
1302160 1735.3
1302170 1735.1
1302180 1734.3
1302190 1734.3
1302200 1733.7
1302210 1734.1
1302220 1734.1
1302230 1734.6
1302240 1734.6
1302250 1734.6
1302260 1734.9
1302270 1734.5
1302280 1734.5
1302290 1733.4
1302300 1732.7
1302310 1732.7
1302320 1731.7
1302330 1731.0
1302340 1731.0
1302350 1730.5
1302360 1730.6
1302370 1730.6
1302380 1729.6
1302390 1729.0
1302400 1729.0
1302410 1729.2
1302420 1729.0
1302430 1729.0
1302440 1728.1
1302450 1727.2
1302460 1726.9
1302470 1726.9
1302480 1726.9
1302490 1725.7
1302500 1722.1
1302510 1722.0
1302520 1722.4
1302530 1722.4
1302540 1722.9
1302550 1723.1
1302560 1723.1
1302570 1722.0
1302580 1720.4
1302590 1720.4
1302600 1720.5
1302610 1720.6
1302620 1720.6
1302630 1720.1
1302640 1718.2
1302650 1718.2
1302660 1716.9
1302670 1716.6
1302680 1716.6
1302690 1716.2
1302700 1716.8
1302710 1716.8
1302720 1717.0
1302730 1716.5
1302740 1715.6
1302750 1715.6
1302760 1715.0
1302770 1714.6
1302780 1714.6
1302790 1714.9
1302800 1715.1
1302810 1715.1
1302820 1715.1
1302830 1715.5
1302840 1715.5
1302850 1716.2
1302860 1717.3
1302870 1717.3
1302880 1717.4
1302890 1717.4
1302900 1717.4
1302910 1717.9
1302920 1718.3
1302930 1718.3
1302940 1718.5
1302950 1719.0
1302960 1719.0
1302970 1719.6
1302980 1720.3
1302990 1720.3
1303000 1721.0
1303010 1722.0
1303020 1722.0
1303030 1723.0
1303040 1723.9
1303050 1724.4
1303060 1724.4
1303070 1724.8
1303080 1725.3
1303090 1725.3
1303100 1725.6
1303110 1725.6
1303120 1725.6
1303130 1725.3
1303140 1725.0
1303150 1725.0
1303160 1724.7
1303170 1724.1
1303180 1724.1
1303190 1724.0
1303200 1720.5
1303210 1720.5
1303220 1720.9
1303230 1720.7
1303240 1720.7
1303250 1720.9
1303260 1720.7
1303270 1720.7
1303280 1719.6
1303290 1719.4
1303300 1719.4
1303310 1720.5
1303320 1720.6
1303330 1720.6
1303340 1720.2
1303350 1720.3
1303360 1719.9
1303370 1719.9
1303380 1719.8
1303390 1720.5
1303400 1720.5
1303410 1721.3
1303420 1721.7
1303430 1721.7
1303440 1722.2
1303450 1721.9
1303460 1721.9
1303470 1721.4
1303480 1721.6
1303490 1721.6
1303500 1721.2
1303510 1721.2
1303520 1721.2
1303530 1720.4
1303540 1719.6
1303550 1719.6
1303560 1719.3
1303570 1719.6
1303580 1719.6
1303590 1719.7
1303600 1719.4
1303610 1719.4
1303620 1719.2
1303630 1719.4
1303640 1719.6
1303650 1719.6
1303660 1719.5
1303670 1719.3
1303680 1719.3
1303690 1719.6
1303700 1719.8
1303710 1719.8
1303720 1719.5
1303730 1718.9
1303740 1718.9
1303750 1718.2
1303760 1718.0
1303770 1718.0
1303780 1718.1
1303790 1718.1
1303800 1718.1
1303810 1718.0
1303820 1717.4
1303830 1717.4
1303840 1716.6
1303850 1716.0
1303860 1716.0
1303870 1715.9
1303880 1716.0
1303890 1716.0
1303900 1715.7
1303910 1705.8
1303920 1705.8
1303930 1704.8
1303940 1703.8
1303950 1702.7
1303960 1702.7
1303970 1702.0
1303980 1701.0
1303990 1701.0
1304000 1700.0
1304010 1698.7
1304020 1698.7
1304030 1697.4
1304040 1696.5
1304050 1696.5
1304060 1698.0
1304070 1700.3
1304080 1700.3
1304090 1701.2
1304100 1701.5
1304110 1701.5
1304120 1701.2
1304130 1701.1
1304140 1701.1
1304150 1700.7
1304160 1700.3
1304170 1700.3
1304180 1700.3
1304190 1700.2
1304200 1700.2
1304210 1699.8
1304220 1699.6
1304230 1699.6
1304240 1700.2
1304250 1700.8
1304260 1702.0
1304270 1702.0
1304280 1703.4
1304290 1704.3
1304300 1704.3
1304310 1705.2
1304320 1706.1
1304330 1706.1
1304340 1707.0
1304350 1707.3
1304360 1707.3
1304370 1708.1
1304380 1709.3
1304390 1709.3
1304400 1710.8
1304410 1711.8
1304420 1711.8
1304430 1712.6
1304440 1714.0
1304450 1714.0
1304460 1715.4
1304470 1715.5
1304480 1715.5
1304490 1715.5
1304500 1715.4
1304510 1715.4
1304520 1716.3
1304530 1717.2
1304540 1718.6
1304550 1718.6
1304560 1720.6
1304570 1722.7
1304580 1722.7
1304590 1723.8
1304600 1724.6
1304610 1719.8
1304620 1721.7
1304630 1722.9
1304640 1722.9
1304650 1723.7
1304660 1723.9
1304670 1723.9
1304680 1723.5
1304690 1723.6
1304700 1723.6
1304710 1724.0
1304720 1723.6
1304730 1723.6
1304740 1721.8
1304750 1720.5
1304760 1720.5
1304770 1720.2
1304780 1719.8
1304790 1719.8
1304800 1719.4
1304810 1718.6
1304820 1718.6
1304830 1718.0
1304840 1718.8
1304850 1719.6
1304860 1719.6
1304870 1719.4
1304880 1719.3
1304890 1719.3
1304900 1720.4
1304910 1720.9
1304920 1720.9
1304930 1719.4
1304940 1717.6
1304950 1717.6
1304960 1716.8
1304970 1715.7
1304980 1715.7
1304990 1714.1
1305000 1713.0
1305010 1713.0
1305020 1711.2
1305030 1709.7
1305040 1709.7
1305050 1708.5
1305060 1706.2
1305070 1706.2
1305080 1704.3
1305090 1701.4
1305100 1701.4
1305110 1700.2
1305120 1700.4
1305130 1700.6
1305140 1700.6
1305150 1700.8
1305160 1699.6
1305170 1699.6
1305180 1698.6
1305190 1696.3
1305200 1696.3
1305210 1693.0
1305220 1689.9
1305230 1689.9
1305240 1686.3
1305250 1681.8
1305260 1681.8
1305270 1677.8
1305280 1673.3
1305290 1673.3
1305300 1666.3
1305310 1661.9
1305320 1651.2
1305330 1649.8
1305340 1647.3
1305350 1647.3
1305360 1641.9
1305370 1631.4
1305380 1631.4
1305390 1615.6
1305400 1607.0
1305410 1607.0
1305420 1607.2
1305430 1612.2
1305440 1608.7
1305450 1608.7
1305460 1602.1
1305470 1596.7
1305480 1596.7
1305490 1590.5
1305500 1581.9
1305510 1581.9
1305520 1576.5
1305530 1573.4
1305540 1573.4
1305550 1570.1
1305560 1564.7
1305570 1564.7
1305580 1560.3
1305590 1558.0
1305600 1558.0
1305610 1552.3
1305620 1546.5
1305630 1546.5
1305640 1540.8
1305650 1536.1
1305660 1536.1
1305670 1532.3
1305680 1528.3
1305690 1528.3
1305700 1523.6
1305710 1518.3
1305720 1518.3
1305730 1513.4
1305740 1508.3
1305750 1499.7
1305760 1499.7
1305770 1492.5
1305780 1487.9
1305790 1487.9
1305800 1483.0
1305810 1474.0
1305820 1474.0
1305830 1466.5
1305840 1461.9
1305850 1461.9
1305860 1459.4
1305870 1460.1
1305880 1460.1
1305890 1461.7
1305900 1458.3
1305910 1458.3
1305920 1453.2
1305930 1451.0
1305940 1451.0
1305950 1448.0
1305960 1445.7
1305970 1445.7
1305980 1444.3
1305990 1444.5
1306000 1444.5
1306010 1447.9
1306020 1453.0
1306030 1457.8
1306040 1451.2
1306050 1456.1
1306060 1458.1
1306070 1458.1
1306080 1458.7
1306090 1460.9
1306100 1460.9
1306110 1463.1
1306120 1463.6
1306130 1463.6
1306140 1462.6
1306150 1461.1
1306160 1461.1
1306170 1461.4
1306180 1462.9
1306190 1462.9
1306200 1463.8
1306210 1465.3
1306220 1465.3
1306230 1467.0
1306240 1469.2
1306250 1469.2
1306260 1473.5
1306270 1475.6
1306280 1475.6
1306290 1476.1
1306300 1474.2
1306310 1474.2
1306320 1472.6
1306330 1471.4
1306340 1467.7
1306350 1467.7
1306360 1462.0
1306370 1455.2
1306380 1455.2
1306390 1446.3
1306400 1438.6
1306410 1438.6
1306420 1432.4
1306430 1426.9
1306440 1426.9
1306450 1421.1
1306460 1414.8
1306470 1414.8
1306480 1408.5
1306490 1402.4
1306500 1402.4
1306510 1396.0
1306520 1390.5
1306530 1390.5
1306540 1386.7
1306550 1382.3
1306560 1382.3
1306570 1377.9
1306580 1374.1
1306590 1374.1
1306600 1371.1
1306610 1367.4
1306620 1367.4
1306630 1358.1
1306640 1350.9
1306650 1345.9
1306660 1345.9
1306670 1340.1
1306680 1334.9
1306690 1334.9
1306700 1329.0
1306710 1320.4
1306720 1320.4
1306730 1311.2
1306740 1302.3
1306750 1293.2
1306760 1274.7
1306770 1249.1
1306780 1249.1
1306790 1245.4
1306800 1255.6
1306810 1255.6
1306820 1265.6
1306830 1274.2
1306840 1274.2
1306850 1281.5
1306860 1289.4
1306870 1289.4
1306880 1296.1
1306890 1301.0
1306900 1301.0
1306910 1302.4
1306920 1302.5
1306930 1303.6
1306940 1303.6
1306950 1312.2
1306960 1321.5
1306970 1321.5
1306980 1330.5
1306990 1337.3
1307000 1337.3
1307010 1340.6
1307020 1340.3
1307030 1340.3
1307040 1340.2
1307050 1337.1
1307060 1337.1
1307070 1333.1
1307080 1326.9
1307090 1326.9
1307100 1320.5
1307110 1311.8
1307120 1311.8
1307130 1300.6
1307140 1287.7
1307150 1287.7
1307160 1274.0
1307170 1263.5
1307180 1263.5
1307190 1253.1
1307200 1244.5
1307210 1244.5
1307220 1238.9
1307230 1234.4
1307240 1225.9
1307250 1225.9
1307260 1213.5
1307270 1195.2
1307280 1195.2
1307290 1183.1
1307300 1184.4
1307310 1184.4
1307320 1190.9
1307330 1201.4
1307340 1201.4
1307350 1212.2
1307360 1218.1
1307370 1218.1
1307380 1217.7
1307390 1214.4
1307400 1214.4
1307410 1211.9
1307420 1206.3
1307430 1206.3
1307440 1199.8
1307450 1198.1
1307460 1198.1
1307470 1186.7
1307480 1184.9
1307490 1184.9
1307500 1186.1
1307510 1190.2
1307520 1194.0
1307530 1194.0
1307540 1196.2
1307550 1194.2
1307560 1194.2
1307570 1190.6
1307580 1184.2
1307590 1184.2
1307600 1178.4
1307610 1173.0
1307620 1173.0
1307630 1164.2
1307640 1157.0
1307650 1157.0
1307660 1151.9
1307670 1145.7
1307680 1145.7
1307690 1142.0
1307700 1138.7
1307710 1138.7
1307720 1134.2
1307730 1129.5
1307740 1129.5
1307750 1125.0
1307760 1120.2
1307770 1120.2
1307780 1116.3
1307790 1112.1
1307800 1112.1
1307810 1111.6
1307820 1114.8
1307830 1114.8
1307840 1114.8
1307850 1116.2
1307860 1119.3
1307870 1119.3
1307880 1120.8
1307890 1121.3
1307900 1121.3
1307910 1122.0
1307920 1123.7
1307930 1123.7
1307940 1126.7
1307950 1130.4
1307960 1130.4
1307970 1132.3
1307980 1129.9
1307990 1129.9
1308000 1124.7
1308010 1118.4
1308020 1118.4
1308030 1108.9
1308040 1098.6
1308050 1098.6
1308060 1091.8
1308070 1084.1
1308080 1084.1
1308090 1063.5
1308100 1032.4
1308110 1032.4
1308120 1025.9
1308130 1025.8
1308140 1026.0
1308150 1026.0
1308160 1025.5
1308170 1025.1
1308180 1025.1
1308190 1022.7
1308200 1006.6
1308210 1006.6
1308220 1002.9
1308230 999.1
1308240 999.1
1308250 995.0
1308260 992.9
1308270 992.9
1308280 989.9
1308290 985.9
1308300 985.9
1308310 980.0
1308320 971.9
1308330 971.9
1308340 963.1
1308350 957.4
1308360 957.4
1308370 947.0
1308380 932.5
1308390 932.5
1308400 922.0
1308410 907.1
1308420 888.7
1308430 888.7
1308440 866.4
1308450 848.4
1308460 848.4
1308470 841.2
1308480 834.8
1308490 834.8
1308500 828.0
1308510 820.3
1308520 820.3
1308530 813.2
1308540 807.9
1308550 807.9
1308560 802.9
1308570 796.4
1308580 796.4
1308590 789.4
1308600 781.8
1308610 781.8
1308620 773.2
1308630 760.9
1308640 760.9
1308650 749.8
1308660 740.5
1308670 740.5
1308680 734.2
1308690 729.7
1308700 729.7
1308710 727.1
1308720 725.1
1308730 723.5
1308740 723.5
1308750 721.7
1308760 720.3
1308770 720.3
1308780 720.1
1308790 720.8
1308800 720.8
1308810 720.7
1308820 720.1
1308830 720.1
1308840 719.1
1308850 717.7
1308860 717.7
1308870 716.9
1308880 718.7
1308890 718.7
1308900 721.5
1308910 723.2
1308920 719.5
1308930 715.8
1308940 711.0
1308950 711.0
1308960 706.4
1308970 702.5
1308980 702.5
1308990 698.9
1309000 695.1
1309010 695.1
1309020 691.5
1309030 689.3
1309040 688.0
1309050 688.0
1309060 686.4
1309070 685.1
1309080 685.1
1309090 683.9
1309100 682.1
1309110 682.1
1309120 680.2
1309130 678.4
1309140 678.4
1309150 676.9
1309160 675.7
1309170 675.7
1309180 674.4
1309190 672.8
1309200 672.8
1309210 671.4
1309220 669.9
1309230 669.9
1309240 666.4
1309250 662.3
1309260 662.3
1309270 658.0
1309280 652.2
1309290 652.2
1309300 647.2
1309310 648.5
1309320 651.4
1309330 651.4
1309340 651.1
1309350 649.0
1309360 649.0
1309370 645.2
1309380 640.2
1309390 640.2
1309400 635.5
1309410 631.9
1309420 631.9
1309430 628.8
1309440 624.9
1309450 624.9
1309460 622.4
1309470 620.5
1309480 620.5
1309490 618.3
1309500 616.7
1309510 616.7
1309520 614.3
1309530 612.0
1309540 612.0
1309550 612.3
1309560 613.0
1309570 613.0
1309580 613.4
1309590 613.8
1309600 613.8
1309610 614.2
1309620 614.7
1309630 614.7
1309640 614.7
1309650 609.4
1309660 609.4
1309670 609.4
1309680 609.6
1309690 609.1
1309700 609.1
1309710 610.4
1309720 613.0
1309730 613.0
1309740 616.4
1309750 618.1
1309760 618.1
1309770 616.7
1309780 613.9
1309790 613.9
1309800 610.6
1309810 609.6
1309820 609.6
1309830 609.8
1309840 609.6
1309850 609.6
1309860 608.4
1309870 607.3
1309880 607.3
1309890 606.6
1309900 606.6
1309910 607.7
1309920 607.7
1309930 609.8
1309940 611.4
1309950 611.4
1309960 614.2
1309970 617.7
1309980 617.7
1309990 620.1
1310000 618.3
1310010 618.3
1310020 611.5
1310030 605.3
1310040 605.3
1310050 601.3
1310060 599.3
1310070 599.3
1310080 597.2
1310090 594.9
1310100 594.9
1310110 591.6
1310120 589.4
1310130 589.4
1310140 585.6
1310150 581.4
1310160 581.4
1310170 578.5
1310180 578.0
1310190 578.0
1310200 578.0
1310210 577.6
1310220 577.6
1310230 577.6
1310240 577.5
1310250 577.8
1310260 577.8
1310270 578.0
1310280 577.9
1310290 577.9
1310300 578.4
1310310 578.7
1310320 578.7
1310330 578.9
1310340 579.1
1310350 579.1
1310360 579.1
1310370 579.2
1310380 578.4
1310390 577.1
1310400 578.1
1310410 578.1
1310420 579.4
1310430 578.3
1310440 578.3
1310450 576.0
1310460 573.3
1310470 573.3
1310480 571.5
1310490 570.8
1310500 570.8
1310510 573.1
1310520 575.0
1310530 575.9
1310540 575.9
1310550 576.6
1310560 576.7
1310570 576.7
1310580 576.6
1310590 576.6
1310600 576.6
1310610 576.7
1310620 576.7
1310630 576.7
1310640 576.7
1310650 576.9
1310660 576.9
1310670 576.7
1310680 576.2
1310690 576.2
1310700 576.0
1310710 575.8
1310720 575.8
1310730 575.4
1310740 575.5
1310750 575.5
1310760 575.1
1310770 574.6
1310780 574.6
1310790 574.6
1310800 574.6
1310810 574.5
1310820 574.5
1310830 574.7
1310840 575.2
1310850 575.2
1310860 575.6
1310870 575.9
1310880 575.9
1310890 576.1
1310900 575.5
1310910 575.5
1310920 575.1
1310930 575.3
1310940 575.3
1310950 575.3
1310960 574.8
1310970 574.8
1310980 574.2
1310990 574.0
1311000 574.0
1311010 573.7
1311020 573.4
1311030 573.4
1311040 573.1
1311050 572.8
1311060 572.8
1311070 572.5
1311080 572.2
1311090 572.2
1311100 572.0
1311110 571.3
1311120 570.4
1311130 570.4
1311140 569.8
1311150 569.3
1311160 569.3
1311170 568.9
1311180 568.3
1311190 568.3
1311200 568.1
1311210 568.1
1311220 568.1
1311230 567.6
1311240 567.4
1311250 567.4
1311260 567.1
1311270 566.7
1311280 566.7
1311290 566.9
1311300 567.3
1311310 567.3
1311320 567.3
1311330 566.7
1311340 566.7
1311350 566.1
1311360 566.3
1311370 566.3
1311380 566.3
1311390 566.4
1311400 566.4
1311410 566.4
1311420 566.2
1311430 566.0
1311440 566.0
1311450 565.4
1311460 565.4
1311470 565.4
1311480 564.9
1311490 563.9
1311500 563.9
1311510 564.3
1311520 564.3
1311530 564.3
1311540 563.7
1311550 563.0
1311560 563.0
1311570 562.8
1311580 562.6
1311590 562.6
1311600 562.7
1311610 562.7
1311620 562.7
1311630 562.7
1311640 562.3
1311650 562.3
1311660 561.9
1311670 561.9
1311680 561.9
1311690 562.9
1311700 564.6
1311710 565.0
1311720 565.0
1311730 565.9
1311740 567.5
1311750 567.5
1311760 568.8
1311770 568.8
1311780 568.8
1311790 569.2
1311800 569.9
1311810 569.9
1311820 570.2
1311830 570.6
1311840 570.6
1311850 571.5
1311860 572.2
1311870 572.2
1311880 572.8
1311890 573.8
1311900 573.8
1311910 575.0
1311920 575.4
1311930 575.4
1311940 575.7
1311950 575.7
1311960 575.7
1311970 575.6
1311980 575.6
1311990 575.6
1312000 575.6
1312010 575.6
1312020 575.5
1312030 575.5
1312040 575.5
1312050 575.3
1312060 575.3
1312070 573.8
1312080 573.5
1312090 573.5
1312100 573.3
1312110 571.2
1312120 571.2
1312130 570.5
1312140 572.6
1312150 572.6
1312160 575.4
1312170 576.3
1312180 576.3
1312190 571.8
1312200 566.7
1312210 566.7
1312220 555.0
1312230 534.7
1312240 534.7
1312250 528.0
1312260 527.1
1312270 527.1
1312280 526.7
1312290 526.5
1312300 527.2
1312310 527.2
1312320 528.1
1312330 527.9
1312340 527.9
1312350 527.1
1312360 527.7
1312370 527.7
1312380 529.8
1312390 542.4
1312400 542.4
1312410 552.4
1312420 569.2
1312430 569.2
1312440 577.5
1312450 588.9
1312460 588.9
1312470 594.1
1312480 592.5
1312490 592.5
1312500 590.4
1312510 585.2
1312520 585.2
1312530 579.7
1312540 572.9
1312550 572.9
1312560 568.2
1312570 565.6
1312580 565.6
1312590 560.7
1312600 548.0
1312610 536.0
1312620 536.0
1312630 528.7
1312640 528.1
1312650 528.1
1312660 528.3
1312670 528.4
1312680 528.4
1312690 528.4
1312700 528.6
1312710 528.6
1312720 528.7
1312730 528.7
1312740 528.7
1312750 528.7
1312760 528.7
1312770 528.7
1312780 528.7
1312790 528.7
1312800 528.7
1312810 528.5
1312820 528.3
1312830 528.3
1312840 527.5
1312850 527.2
1312860 527.2
1312870 527.5
1312880 527.1
1312890 527.1
1312900 525.9
1312910 524.8
1312920 524.1
1312930 524.1
1312940 524.0
1312950 524.5
1312960 524.5
1312970 524.0
1312980 523.7
1312990 523.7
1313000 523.6
1313010 523.8
1313020 523.8
1313030 524.4
1313040 524.8
1313050 524.8
1313060 527.2
1313070 531.5
1313080 531.5
1313090 534.6
1313100 535.2
1313110 535.2
1313120 535.2
1313130 535.2
1313140 535.2
1313150 532.1
1313160 527.5
1313170 527.5
1313180 525.7
1313190 525.5
1313200 525.3
1313210 525.3
1313220 523.7
1313230 521.9
1313240 521.9
1313250 521.5
1313260 521.5
1313270 521.5
1313280 521.4
1313290 521.4
1313300 521.4
1313310 521.4
1313320 521.4
1313330 521.4
1313340 521.5
1313350 521.5
1313360 521.5
1313370 521.5
1313380 521.8
1313390 521.8
1313400 523.4
1313410 525.2
1313420 525.2
1313430 526.2
1313440 526.0
1313450 526.0
1313460 525.3
1313470 524.8
1313480 524.8
1313490 524.7
1313500 524.7
1313510 524.5
1313520 524.5
1313530 524.3
1313540 524.2
1313550 524.2
1313560 524.1
1313570 524.1
1313580 524.1
1313590 524.2
1313600 524.0
1313610 524.0
1313620 523.9
1313630 523.9
1313640 523.9
1313650 523.9
1313660 523.9
1313670 523.9
1313680 523.8
1313690 523.8
1313700 523.8
1313710 523.8
1313720 523.7
1313730 523.7
1313740 523.7
1313750 523.9
1313760 523.9
1313770 523.6
1313780 523.5
1313790 523.5
1313800 523.5
1313810 523.5
1313820 523.5
1313830 523.5
1313840 523.5
1313850 523.5
1313860 523.5
1313870 523.5
1313880 523.4
1313890 523.4
1313900 523.5
1313910 523.4
1313920 523.4
1313930 523.4
1313940 523.4
1313950 523.4
1313960 523.5
1313970 523.4
1313980 523.4
1313990 523.4
1314000 523.3
1314010 523.3
1314020 523.3
1314030 523.2
1314040 523.2
1314050 523.2
1314060 523.2
1314070 523.2
1314080 523.2
1314090 523.2
1314100 523.2
1314110 523.2
1314120 523.1
1314130 523.1
1314140 523.1
1314150 522.9
1314160 522.4
1314170 522.4
1314180 522.3
1314190 522.7
1314200 522.7
1314210 523.0
1314220 523.0
1314230 523.0
1314240 523.1
1314250 523.1
1314260 523.1
1314270 523.1
1314280 523.1
1314290 523.1
1314300 523.1
1314310 523.2
1314320 523.2
1314330 523.2
1314340 523.3
1314350 523.3
1314360 523.3
1314370 523.3
1314380 523.3
1314390 523.2
1314400 523.2
1314410 523.3
1314420 523.3
1314430 523.6
1314440 523.9
1314450 523.9
1314460 524.1
1314470 524.1
1314480 524.1
1314490 524.0
1314500 523.9
1314510 523.9
1314520 523.8
1314530 523.6
1314540 523.6
1314550 523.4
1314560 523.3
1314570 523.3
1314580 523.3
1314590 523.4
1314600 523.4
1314610 523.3
1314620 523.3
1314630 523.3
1314640 523.3
1314650 523.3
1314660 523.3
1314670 523.4
1314680 523.4
1314690 523.6
1314700 523.6
1314710 523.6
1314720 523.7
1314730 523.7
1314740 523.9
1314750 524.3
1314760 524.3
1314770 527.3
1314780 529.1
1314790 529.1
1314800 529.1
1314810 528.4
1314820 528.4
1314830 525.0
1314840 524.3
1314850 524.3
1314860 523.7
1314870 523.5
1314880 523.5
1314890 523.5
1314900 523.4
1314910 523.4
1314920 523.4
1314930 523.6
1314940 523.6
1314950 524.1
1314960 524.7
1314970 524.7
1314980 525.5
1314990 526.4
1315000 527.3
1315010 527.3
1315020 529.4
1315030 533.5
1315040 533.5
1315050 538.4
1315060 536.9
1315070 536.9
1315080 536.3
1315090 542.9
1315100 542.9
1315110 550.7
1315120 563.6
1315130 563.6
1315140 569.2
1315150 595.2
1315160 595.2
1315170 625.8
1315180 637.7
1315190 637.7
1315200 644.9
1315210 652.6
1315220 652.6
1315230 659.5
1315240 659.1
1315250 659.1
1315260 655.9
1315270 643.5
1315280 643.5
1315290 631.8
1315300 627.2
1315310 627.4
1315320 627.4
1315330 630.2
1315340 632.0
1315350 632.0
1315360 635.7
1315370 647.3
1315380 647.3
1315390 650.5
1315400 652.4
1315410 652.4
1315420 637.6
1315430 628.1
1315440 628.1
1315450 626.1
1315460 623.7
1315470 623.7
1315480 629.1
1315490 649.8
1315500 649.8
1315510 669.0
1315520 678.9
1315530 678.9
1315540 652.0
1315550 623.3
1315560 623.3
1315570 597.6
1315580 586.2
1315590 589.1
1315600 589.1
1315610 579.6
1315620 568.9
1315630 568.9
1315640 560.1
1315650 552.8
1315660 552.8
1315670 546.5
1315680 540.0
1315690 540.0
1315700 536.3
1315710 533.8
1315720 533.8
1315730 530.3
1315740 526.4
1315750 526.4
1315760 525.0
1315770 524.4
1315780 524.4
1315790 524.0
1315800 523.9
1315810 523.9
1315820 523.9
1315830 523.9
1315840 523.9
1315850 524.1
1315860 524.2
1315870 524.2
1315880 524.0
1315890 523.9
1315900 523.9
1315910 523.9
1315920 523.9
1315930 523.9
1315940 523.9
1315950 523.9
1315960 523.8
1315970 523.8
1315980 523.9
1315990 523.9
1316000 523.9
1316010 523.8
1316020 523.8
1316030 523.8
1316040 523.6
1316050 523.6
1316060 523.6
1316070 523.6
1316080 523.6
1316090 523.6
1316100 523.6
1316110 523.5
1316120 523.5
1316130 523.4
1316140 523.2
1316150 523.2
1316160 523.1
1316170 522.9
1316180 522.8
1316190 522.8
1316200 522.7
1316210 522.8
1316220 522.8
1316230 522.9
1316240 522.9
1316250 522.9
1316260 522.9
1316270 523.0
1316280 523.0
1316290 523.0
1316300 523.0
1316310 523.0
1316320 523.1
1316330 523.1
1316340 523.1
1316350 523.1
1316360 523.1
1316370 523.1
1316380 523.1
1316390 523.1
1316400 523.1
1316410 523.1
1316420 523.2
1316430 523.2
1316440 523.2
1316450 523.3
1316460 523.3
1316470 523.3
1316480 523.3
1316490 523.2
1316500 523.2
1316510 523.2
1316520 523.3
1316530 523.3
1316540 523.2
1316550 523.3
1316560 523.3
1316570 523.3
1316580 523.3
1316590 523.3
1316600 523.3
1316610 523.2
1316620 523.2
1316630 523.1
1316640 523.0
1316650 523.0
1316660 522.9
1316670 522.7
1316680 522.7
1316690 522.4
1316700 522.1
1316710 522.1
1316720 521.9
1316730 521.8
1316740 521.8
1316750 521.4
1316760 521.9
1316770 521.9
1316780 521.9
1316790 522.0
1316800 522.1
1316810 522.1
1316820 522.3
1316830 522.3
1316840 522.3
1316850 522.3
1316860 522.3
1316870 522.3
1316880 522.2
1316890 522.2
1316900 522.2
1316910 522.2
1316920 522.2
1316930 522.2
1316940 522.2
1316950 522.1
1316960 522.1
1316970 521.9
1316980 521.7
1316990 521.7
1317000 521.6
1317010 521.4
1317020 521.4
1317030 521.3
1317040 521.5
1317050 521.5
1317060 521.6
1317070 521.7
1317080 521.7
1317090 521.7
1317100 521.6
1317110 521.6
1317120 521.6
1317130 521.6
1317140 521.6
1317150 521.6
1317160 521.6
1317170 521.7
1317180 521.7
1317190 521.8
1317200 521.8
1317210 521.8
1317220 521.8
1317230 522.0
1317240 522.0
1317250 521.8
1317260 521.6
1317270 521.6
1317280 521.8
1317290 521.9
1317300 521.9
1317310 521.9
1317320 521.9
1317330 521.9
1317340 521.8
1317350 521.8
1317360 521.8
1317370 521.9
1317380 522.0
1317390 522.0
1317400 522.0
1317410 522.0
1317420 522.1
1317430 522.1
1317440 522.3
1317450 522.4
1317460 522.4
1317470 522.4
1317480 522.5
1317490 522.5
1317500 521.7
1317510 521.4
1317520 521.4
1317530 522.3
1317540 522.2
1317550 522.2
1317560 522.2
1317570 522.3
1317580 522.3
1317590 522.4
1317600 522.5
1317610 522.5
1317620 522.4
1317630 522.4
1317640 522.4
1317650 522.5
1317660 522.5
1317670 522.6
1317680 522.6
1317690 522.7
1317700 522.8
1317710 522.8
1317720 522.8
1317730 522.8
1317740 522.8
1317750 522.9
1317760 523.0
1317770 523.0
1317780 523.1
1317790 523.0
1317800 523.0
1317810 523.1
1317820 523.4
1317830 523.4
1317840 523.5
1317850 523.6
1317860 523.6
1317870 523.3
1317880 523.3
1317890 523.3
1317900 523.5
1317910 524.0
1317920 524.0
1317930 524.8
1317940 524.1
1317950 524.1
1317960 523.0
1317970 521.0
1317980 520.6
1317990 520.6
1318000 520.7
1318010 521.2
1318020 521.2
1318030 523.8
1318040 524.5
1318050 524.5
1318060 523.7
1318070 523.6
1318080 523.6
1318090 523.5
1318100 523.5
1318110 523.5
1318120 523.5
1318130 523.4
1318140 523.4
1318150 523.3
1318160 523.2
1318170 523.2
1318180 523.1
1318190 523.1
1318200 523.1
1318210 523.0
1318220 523.0
1318230 523.0
1318240 523.0
1318250 523.0
1318260 523.0
1318270 523.0
1318280 522.9
1318290 522.9
1318300 522.9
1318310 522.9
1318320 522.9
1318330 522.9
1318340 522.9
1318350 523.1
1318360 523.1
1318370 523.0
1318380 522.7
1318390 522.7
1318400 522.6
1318410 522.6
1318420 522.6
1318430 522.7
1318440 522.7
1318450 522.7
1318460 522.7
1318470 522.7
1318480 522.7
1318490 522.8
1318500 522.9
1318510 522.9
1318520 523.5
1318530 525.8
1318540 525.8
1318550 527.9
1318560 530.1
1318570 534.8
1318580 534.8
1318590 537.7
1318600 539.1
1318610 539.1
1318620 540.4
1318630 541.2
1318640 541.0
1318650 541.8
1318660 542.8
1318670 542.8
1318680 543.7
1318690 546.6
1318700 546.6
1318710 550.3
1318720 553.8
1318730 553.8
1318740 557.6
1318750 561.8
1318760 561.8
1318770 566.2
1318780 570.2
1318790 570.2
1318800 575.6
1318810 582.6
1318820 582.6
1318830 589.1
1318840 593.4
1318850 593.4
1318860 599.1
1318870 605.4
1318880 609.6
1318890 609.6
1318900 612.8
1318910 615.5
1318920 615.5
1318930 618.9
1318940 622.0
1318950 622.0
1318960 624.7
1318970 627.4
1318980 627.4
1318990 630.9
1319000 636.9
1319010 636.9
1319020 643.0
1319030 647.7
1319040 647.7
1319050 652.4
1319060 654.9
1319070 654.9
1319080 656.4
1319090 659.8
1319100 659.8
1319110 664.2
1319120 669.8
1319130 669.8
1319140 675.9
1319150 679.7
1319160 679.7
1319170 682.2
1319180 684.0
1319190 684.4
1319200 684.4
1319210 686.1
1319220 687.2
1319230 687.2
1319240 690.0
1319250 693.9
1319260 693.9
1319270 696.4
1319280 700.2
1319290 700.2
1319300 704.3
1319310 708.7
1319320 708.7
1319330 712.1
1319340 716.7
1319350 716.7
1319360 719.5
1319370 723.3
1319380 723.3
1319390 728.1
1319400 735.7
1319410 728.0
1319420 735.4
1319430 741.2
1319440 741.2
1319450 747.2
1319460 752.6
1319470 756.7
1319480 756.7
1319490 760.8
1319500 765.2
1319510 765.2
1319520 769.3
1319530 774.3
1319540 774.3
1319550 778.4
1319560 783.0
1319570 783.0
1319580 788.9
1319590 795.4
1319600 795.4
1319610 801.5
1319620 806.9
1319630 806.9
1319640 812.4
1319650 818.4
1319660 818.4
1319670 823.9
1319680 826.8
1319690 826.8
1319700 830.2
1319710 833.2
1319720 833.2
1319730 837.2
1319740 841.6
1319750 841.6
1319760 845.8
1319770 851.0
1319780 857.3
1319790 857.3
1319800 863.3
1319810 868.0
1319820 868.0
1319830 870.5
1319840 873.3
1319850 873.3
1319860 876.9
1319870 880.9
1319880 880.9
1319890 885.4
1319900 889.5
1319910 889.5
1319920 894.8
1319930 900.8
1319940 900.8
1319950 906.2
1319960 910.6
1319970 910.6
1319980 914.9
1319990 919.2
