1300000 1981.5
1300010 1981.5
1300020 1984.1
1300030 1995.1
1300040 1995.1
1300050 2007.1
1300060 2016.8
1300070 2016.8
1300080 2024.1
1300090 2030.2
1300100 2030.2
1300110 2036.0
1300120 2041.3
1300130 2041.3
1300140 2046.2
1300150 2050.1
1300160 2050.1
1300170 2053.3
1300180 2055.8
1300190 2055.8
1300200 2058.1
1300210 2059.7
1300220 2060.8
1300230 2060.8
1300240 2060.7
1300250 2060.1
1300260 2060.1
1300270 2058.4
1300280 2055.9
1300290 2055.9
1300300 2048.0
1300310 2045.1
1300320 2045.1
1300330 2042.0
1300340 2040.9
1300350 2040.9
1300360 2040.3
1300370 2038.4
1300380 2038.4
1300390 2036.4
1300400 2035.0
1300410 2035.0
1300420 2033.2
1300430 2032.0
1300440 2032.0
1300450 2030.9
1300460 2029.4
1300470 2029.4
1300480 2027.4
1300490 2025.8
1300500 2025.8
1300510 2023.4
1300520 2020.6
1300530 2019.8
1300540 2019.8
1300550 2020.1
1300560 2019.8
1300570 2019.8
1300580 2018.0
1300590 2014.7
1300600 2014.7
1300610 2011.6
1300620 2008.9
1300630 2008.9
1300640 2006.3
1300650 2002.8
1300660 2002.8
1300670 1999.5
1300680 1997.2
1300690 1997.2
1300700 1995.5
1300710 1993.5
1300720 1993.5
1300730 1991.1
1300740 1989.3
1300750 1989.3
1300760 1988.5
1300770 1987.1
1300780 1987.1
1300790 1984.5
1300800 1981.0
1300810 1981.0
1300820 1977.4
1300830 1974.5
1300840 1974.2
1300850 1974.2
1300860 1973.3
1300870 1973.5
1300880 1973.5
1300890 1973.8
1300900 1974.7
1300910 1974.7
1300920 1977.4
1300930 1981.4
1300940 1981.4
1300950 1984.0
1300960 1984.4
1300970 1984.4
1300980 1985.4
1300990 1980.3
1301000 1980.3
1301010 1978.4
1301020 1975.5
1301030 1975.5
1301040 1972.5
1301050 1972.0
1301060 1972.0
1301070 1972.0
1301080 1971.2
1301090 1971.2
1301100 1970.8
1301110 1969.5
1301120 1967.5
1301130 1967.5
1301140 1965.0
1301150 1965.1
1301160 1965.1
1301170 1966.3
1301180 1966.9
1301190 1966.9
1301200 1963.4
1301210 1960.3
1301220 1960.3
1301230 1960.4
1301240 1961.2
1301250 1961.2
1301260 1962.6
1301270 1963.9
1301280 1963.9
1301290 1964.2
1301300 1963.3
1301310 1963.3
1301320 1962.8
1301330 1962.6
1301340 1962.6
1301350 1962.6
1301360 1964.7
1301370 1964.7
1301380 1967.9
1301390 1969.7
1301400 1969.7
1301410 1971.2
1301420 1972.1
1301430 1972.8
1301440 1972.8
1301450 1975.1
1301460 1976.4
1301470 1976.4
1301480 1976.1
1301490 1976.2
1301500 1976.2
1301510 1977.1
1301520 1978.8
1301530 1978.8
1301540 1979.4
1301550 1980.1
1301560 1980.1
1301570 1980.4
1301580 1980.7
1301590 1980.7
1301600 1980.9
1301610 1980.8
1301620 1980.8
1301630 1980.7
1301640 1980.6
1301650 1980.6
1301660 1980.5
1301670 1980.8
1301680 1980.8
1301690 1975.2
1301700 1975.1
1301710 1975.1
1301720 1975.1
1301730 1974.9
1301740 1975.1
1301750 1975.1
1301760 1975.3
1301770 1975.2
1301780 1975.2
1301790 1974.9
1301800 1974.7
1301810 1974.7
1301820 1974.5
1301830 1974.2
1301840 1974.2
1301850 1974.1
1301860 1973.9
1301870 1973.9
1301880 1973.6
1301890 1973.4
1301900 1973.4
1301910 1973.0
1301920 1972.3
1301930 1972.3
1301940 1971.3
1301950 1970.6
1301960 1970.6
1301970 1970.0
1301980 1969.7
1301990 1969.7
1302000 1969.8
1302010 1970.2
1302020 1970.1
1302030 1970.1
1302040 1969.8
1302050 1969.6
1302060 1969.6
1302070 1969.4
1302080 1969.0
1302090 1969.0
1302100 1968.4
1302110 1967.5
1302120 1967.5
1302130 1966.7
1302140 1965.7
1302150 1965.7
1302160 1964.8
1302170 1963.8
1302180 1963.8
1302190 1962.9
1302200 1962.1
1302210 1962.1
1302220 1961.2
1302230 1960.2
1302240 1960.2
1302250 1959.2
1302260 1958.0
1302270 1958.0
1302280 1956.8
1302290 1955.7
1302300 1955.7
1302310 1954.9
1302320 1954.2
1302330 1953.9
1302340 1953.9
1302350 1953.6
1302360 1952.3
1302370 1952.3
1302380 1943.5
1302390 1941.4
1302400 1941.4
1302410 1939.6
1302420 1936.9
1302430 1936.9
1302440 1933.8
1302450 1931.6
1302460 1931.6
1302470 1931.1
1302480 1929.9
1302490 1929.9
1302500 1929.9
1302510 1930.7
1302520 1930.7
1302530 1931.6
1302540 1932.3
1302550 1932.3
1302560 1932.7
1302570 1933.0
1302580 1933.0
1302590 1933.2
1302600 1933.0
1302610 1933.0
1302620 1932.6
1302630 1932.4
1302640 1932.5
1302650 1932.5
1302660 1931.7
1302670 1930.7
1302680 1930.7
1302690 1929.7
1302700 1928.3
1302710 1928.3
1302720 1927.0
1302730 1925.7
1302740 1925.7
1302750 1924.4
1302760 1922.9
1302770 1922.9
1302780 1923.3
1302790 1923.7
1302800 1923.7
1302810 1923.9
1302820 1922.6
1302830 1922.6
1302840 1922.5
1302850 1923.3
1302860 1923.3
1302870 1924.1
1302880 1923.9
1302890 1923.9
1302900 1923.6
1302910 1924.3
1302920 1924.4
1302930 1924.4
1302940 1923.2
1302950 1922.9
1302960 1922.9
1302970 1922.6
1302980 1922.4
1302990 1922.4
1303000 1922.7
1303010 1922.9
1303020 1922.9
1303030 1923.5
1303040 1923.8
1303050 1923.8
1303060 1925.2
1303070 1927.3
1303080 1927.3
1303090 1923.7
1303100 1924.7
1303110 1924.7
1303120 1925.0
1303130 1925.3
1303140 1925.3
1303150 1923.8
1303160 1922.1
1303170 1922.1
1303180 1921.4
1303190 1919.4
1303200 1919.4
1303210 1919.1
1303220 1918.3
1303230 1916.8
1303240 1916.8
1303250 1916.5
1303260 1916.0
1303270 1916.0
1303280 1916.1
1303290 1915.5
1303300 1915.5
1303310 1913.6
1303320 1913.2
1303330 1913.2
1303340 1912.3
1303350 1911.4
1303360 1911.4
1303370 1910.8
1303380 1911.1
1303390 1911.1
1303400 1911.8
1303410 1912.3
1303420 1912.3
1303430 1913.6
1303440 1914.7
1303450 1914.7
1303460 1916.3
1303470 1917.3
1303480 1917.3
1303490 1918.1
1303500 1917.4
1303510 1917.4
1303520 1917.4
1303530 1917.2
1303540 1916.9
1303550 1916.9
1303560 1917.2
1303570 1917.4
1303580 1917.4
1303590 1917.0
1303600 1916.9
1303610 1916.9
1303620 1917.6
1303630 1916.8
1303640 1916.8
1303650 1918.0
1303660 1920.6
1303670 1920.6
1303680 1921.2
1303690 1921.5
1303700 1921.5
1303710 1921.5
1303720 1921.6
1303730 1921.6
1303740 1920.9
1303750 1919.7
1303760 1919.7
1303770 1919.4
1303780 1918.6
1303790 1912.9
1303800 1911.6
1303810 1910.8
1303820 1910.2
1303830 1910.2
1303840 1909.6
1303850 1909.2
1303860 1909.2
1303870 1908.6
1303880 1907.2
1303890 1907.2
1303900 1906.5
1303910 1905.8
1303920 1905.8
1303930 1905.0
1303940 1904.5
1303950 1904.5
1303960 1903.8
1303970 1903.1
1303980 1903.1
1303990 1903.0
1304000 1902.3
1304010 1902.3
1304020 1900.7
1304030 1899.4
1304040 1899.4
1304050 1898.5
1304060 1900.0
1304070 1900.0
1304080 1901.4
1304090 1904.1
1304100 1904.1
1304110 1905.0
1304120 1906.1
1304130 1906.3
1304140 1906.3
1304150 1906.7
1304160 1906.6
1304170 1906.6
1304180 1907.5
1304190 1909.8
1304200 1909.8
1304210 1910.8
1304220 1913.1
1304230 1913.1
1304240 1915.1
1304250 1917.1
1304260 1917.1
1304270 1918.5
1304280 1919.2
1304290 1919.2
1304300 1920.5
1304310 1921.6
1304320 1921.6
1304330 1920.8
1304340 1920.2
1304350 1920.2
1304360 1919.1
1304370 1918.6
1304380 1918.6
1304390 1918.0
1304400 1919.8
1304410 1919.8
1304420 1923.1
1304430 1926.2
1304440 1928.5
1304450 1928.5
1304460 1930.1
1304470 1931.8
1304480 1931.8
1304490 1931.9
1304500 1930.3
1304510 1930.3
1304520 1927.7
1304530 1924.9
1304540 1924.9
1304550 1923.6
1304560 1921.6
1304570 1921.6
1304580 1918.3
1304590 1918.1
1304600 1918.1
1304610 1919.3
1304620 1921.2
1304630 1921.2
1304640 1921.9
1304650 1923.0
1304660 1923.0
1304670 1922.9
1304680 1921.4
1304690 1921.4
1304700 1919.4
1304710 1915.1
1304720 1911.3
1304730 1911.3
1304740 1908.2
1304750 1905.5
1304760 1905.5
1304770 1904.6
1304780 1906.5
1304790 1906.5
1304800 1906.8
1304810 1907.9
1304820 1907.9
1304830 1908.3
1304840 1908.5
1304850 1908.5
1304860 1906.6
1304870 1905.0
1304880 1905.0
1304890 1904.2
1304900 1904.5
1304910 1904.5
1304920 1901.6
1304930 1898.4
1304940 1898.4
1304950 1898.3
1304960 1896.6
1304970 1896.6
1304980 1891.2
1304990 1885.1
1305000 1885.1
1305010 1881.0
1305020 1877.1
1305030 1874.4
1305040 1874.4
1305050 1870.5
1305060 1866.9
1305070 1866.9
1305080 1863.8
1305090 1861.4
1305100 1861.4
1305110 1858.2
1305120 1857.4
1305130 1857.4
1305140 1857.9
1305150 1857.1
1305160 1857.1
1305170 1853.0
1305180 1849.7
1305190 1849.7
1305200 1848.8
1305210 1852.4
1305220 1852.4
1305230 1850.5
1305240 1846.6
1305250 1846.6
1305260 1841.2
1305270 1836.1
1305280 1836.1
1305290 1834.2
1305300 1834.1
1305310 1834.1
1305320 1831.9
1305330 1826.7
1305340 1822.2
1305350 1822.2
1305360 1818.5
1305370 1814.6
1305380 1814.6
1305390 1813.0
1305400 1812.1
1305410 1812.1
1305420 1806.5
1305430 1798.2
1305440 1798.2
1305450 1792.1
1305460 1787.6
1305470 1787.6
1305480 1783.3
1305490 1779.9
1305500 1779.9
1305510 1777.0
1305520 1773.9
1305530 1773.9
1305540 1770.5
1305550 1767.6
1305560 1767.6
1305570 1765.9
1305580 1763.1
1305590 1763.1
1305600 1759.8
1305610 1755.9
1305620 1755.9
1305630 1750.6
1305640 1745.5
1305650 1740.4
1305660 1740.4
1305670 1737.1
1305680 1733.5
1305690 1733.5
1305700 1730.2
1305710 1725.9
1305720 1725.9
1305730 1724.5
1305740 1723.4
1305750 1723.4
1305760 1721.0
1305770 1718.6
1305780 1718.6
1305790 1716.6
1305800 1717.3
1305810 1717.3
1305820 1720.1
1305830 1723.4
1305840 1723.4
1305850 1728.2
1305860 1731.0
1305870 1731.0
1305880 1729.5
1305890 1726.3
1305900 1726.3
1305910 1725.7
1305920 1726.4
1305930 1725.1
1305940 1725.1
1305950 1725.4
1305960 1725.6
1305970 1725.6
1305980 1725.5
1305990 1725.2
1306000 1725.2
1306010 1724.7
1306020 1723.7
1306030 1723.7
1306040 1723.0
1306050 1722.6
1306060 1722.6
1306070 1721.6
1306080 1721.4
1306090 1721.4
1306100 1721.0
1306110 1720.4
1306120 1720.4
1306130 1720.0
1306140 1719.4
1306150 1719.4
1306160 1718.5
1306170 1716.9
1306180 1716.9
1306190 1713.5
1306200 1711.0
1306210 1711.0
1306220 1708.1
1306230 1703.9
1306240 1701.5
1306250 1701.5
1306260 1699.8
1306270 1697.2
1306280 1697.2
1306290 1691.9
1306300 1683.3
1306310 1683.3
1306320 1671.8
1306330 1659.6
1306340 1659.6
1306350 1650.0
1306360 1641.4
1306370 1641.4
1306380 1634.0
1306390 1627.4
1306400 1627.4
1306410 1620.6
1306420 1613.2
1306430 1613.2
1306440 1607.9
1306450 1605.1
1306460 1605.1
1306470 1603.8
1306480 1602.6
1306490 1602.6
1306500 1599.3
1306510 1595.0
1306520 1595.0
1306530 1591.5
1306540 1588.7
1306550 1586.5
1306560 1586.5
1306570 1585.2
1306580 1583.3
1306590 1583.3
1306600 1579.3
1306610 1571.8
1306620 1571.8
1306630 1564.1
1306640 1553.9
1306650 1553.9
1306660 1554.4
1306670 1559.4
1306680 1559.4
1306690 1566.0
1306700 1565.3
1306710 1565.3
1306720 1565.0
1306730 1564.8
1306740 1564.8
1306750 1563.8
1306760 1563.0
1306770 1563.0
1306780 1560.6
1306790 1557.4
1306800 1557.4
1306810 1553.3
1306820 1548.9
1306830 1544.7
1306840 1544.7
1306850 1540.9
1306860 1538.3
1306870 1538.3
1306880 1531.5
1306890 1524.2
1306900 1524.2
1306910 1523.4
1306920 1523.4
1306930 1523.4
1306940 1522.6
1306950 1521.8
1306960 1521.8
1306970 1521.4
1306980 1518.9
1306990 1518.9
1307000 1515.1
1307010 1512.3
1307020 1512.3
1307030 1510.4
1307040 1507.5
1307050 1507.5
1307060 1505.5
1307070 1504.4
1307080 1504.4
1307090 1502.5
1307100 1498.5
1307110 1498.5
1307120 1494.3
1307130 1490.6
1307140 1488.9
1307150 1488.9
1307160 1487.3
1307170 1486.2
1307180 1486.2
1307190 1483.6
1307200 1478.1
1307210 1478.1
1307220 1473.8
1307230 1474.3
1307240 1474.3
1307250 1475.1
1307260 1472.8
1307270 1472.8
1307280 1467.6
1307290 1463.2
1307300 1463.2
1307310 1461.2
1307320 1456.5
1307330 1456.5
1307340 1452.7
1307350 1448.6
1307360 1447.9
1307370 1444.9
1307380 1443.9
1307390 1443.9
1307400 1442.3
1307410 1439.2
1307420 1435.3
1307430 1435.3
1307440 1429.8
1307450 1424.4
1307460 1424.4
1307470 1421.2
1307480 1418.2
1307490 1418.2
1307500 1415.7
1307510 1414.2
1307520 1414.2
1307530 1411.8
1307540 1407.5
1307550 1407.5
1307560 1403.7
1307570 1399.4
1307580 1399.4
1307590 1395.4
1307600 1393.5
1307610 1393.5
1307620 1392.5
1307630 1391.0
1307640 1391.0
1307650 1389.5
1307660 1390.1
1307670 1390.1
1307680 1391.1
1307690 1392.6
1307700 1392.6
1307710 1393.0
1307720 1392.7
1307730 1390.9
1307740 1390.9
1307750 1388.8
1307760 1387.2
1307770 1387.2
1307780 1385.3
1307790 1383.2
1307800 1383.2
1307810 1380.6
1307820 1377.8
1307830 1377.8
1307840 1373.8
1307850 1368.4
1307860 1368.4
1307870 1361.5
1307880 1353.8
1307890 1353.8
1307900 1345.7
1307910 1337.1
1307920 1337.1
1307930 1326.5
1307940 1317.8
1307950 1317.8
1307960 1309.2
1307970 1301.3
1307980 1301.3
1307990 1294.0
1308000 1287.4
1308010 1287.4
1308020 1280.9
1308030 1274.1
1308040 1264.2
1308050 1264.2
1308060 1256.0
1308070 1251.3
1308080 1256.7
1308090 1256.6
1308100 1259.0
1308110 1259.0
1308120 1255.8
1308130 1249.9
1308140 1249.9
1308150 1240.6
1308160 1232.5
1308170 1232.5
1308180 1224.9
1308190 1216.8
1308200 1216.8
1308210 1207.8
1308220 1198.3
1308230 1198.3
1308240 1189.4
1308250 1178.1
1308260 1178.1
1308270 1167.1
1308280 1154.5
1308290 1154.5
1308300 1138.8
1308310 1125.3
1308320 1116.4
1308330 1116.4
1308340 1105.3
1308350 1092.3
1308360 1092.3
1308370 1082.2
1308380 1073.6
1308390 1073.6
1308400 1063.8
1308410 1056.7
1308420 1056.7
1308430 1051.3
1308440 1045.4
1308450 1045.4
1308460 1040.6
1308470 1036.1
1308480 1036.1
1308490 1029.7
1308500 1021.0
1308510 1021.0
1308520 1012.1
1308530 1003.6
1308540 1003.6
1308550 996.6
1308560 992.3
1308570 992.3
1308580 991.2
1308590 991.8
1308600 991.8
1308610 993.1
1308620 993.9
1308630 992.0
1308640 992.0
1308650 989.8
1308660 986.7
1308670 986.7
1308680 984.5
1308690 982.0
1308700 982.0
1308710 978.8
1308720 975.3
1308730 975.3
1308740 971.2
1308750 967.5
1308760 967.5
1308770 963.6
1308780 960.0
1308790 960.0
1308800 955.8
1308810 947.8
1308820 947.8
1308830 944.2
1308840 939.9
1308850 939.9
1308860 935.2
1308870 930.8
1308880 930.8
1308890 926.4
1308900 922.9
1308910 922.9
1308920 920.5
1308930 916.3
1308940 912.3
1308950 912.3
1308960 907.9
1308970 901.6
1308980 901.6
1308990 895.5
1309000 890.9
1309010 890.9
1309020 886.3
1309030 881.7
1309040 881.7
1309050 877.5
1309060 873.3
1309070 873.3
1309080 869.1
1309090 865.1
1309100 865.1
1309110 863.0
1309120 861.7
1309130 861.7
1309140 860.6
1309150 857.8
1309160 857.8
1309170 853.4
1309180 848.8
1309190 848.8
1309200 843.4
1309210 838.9
1309220 835.6
1309230 835.6
1309240 832.9
1309250 830.6
1309260 830.6
1309270 828.8
1309280 827.2
1309290 827.2
1309300 825.5
1309310 822.9
1309320 822.9
1309330 819.3
1309340 815.0
1309350 815.0
1309360 810.8
1309370 807.7
1309380 807.7
1309390 803.5
1309400 795.4
1309410 795.4
1309420 787.7
1309430 784.1
1309440 784.1
1309450 778.2
1309460 777.1
1309470 777.1
1309480 782.0
1309490 786.4
1309500 786.4
1309510 790.2
1309520 793.1
1309530 798.8
1309540 798.8
1309550 794.7
1309560 788.8
1309570 788.8
1309580 782.4
1309590 775.7
1309600 775.7
1309610 769.4
1309620 764.5
1309630 764.5
1309640 762.2
1309650 761.4
1309660 761.4
1309670 761.1
1309680 761.4
1309690 761.4
1309700 762.1
1309710 763.4
1309720 763.4
1309730 763.4
1309740 761.6
1309750 761.6
1309760 759.2
1309770 756.6
1309780 756.6
1309790 754.0
1309800 751.6
1309810 751.6
1309820 748.9
1309830 745.5
1309840 741.9
1309850 741.9
1309860 737.3
1309870 731.3
1309880 731.3
1309890 725.1
1309900 718.9
1309910 718.9
1309920 712.6
1309930 706.5
1309940 706.5
1309950 700.5
1309960 694.4
1309970 694.4
1309980 688.4
1309990 682.5
1310000 682.5
1310010 677.2
1310020 672.6
1310030 672.6
1310040 668.2
1310050 663.5
1310060 663.5
1310070 658.8
1310080 653.9
1310090 653.9
1310100 649.3
1310110 645.2
1310120 641.6
1310130 641.6
1310140 638.3
1310150 635.8
1310160 635.8
1310170 633.6
1310180 632.6
1310190 632.6
1310200 632.4
1310210 631.2
1310220 631.2
1310230 629.1
1310240 627.1
1310250 627.1
1310260 626.0
1310270 621.6
1310280 621.6
1310290 617.3
1310300 613.6
1310310 613.6
1310320 613.1
1310330 612.5
1310340 612.5
1310350 612.0
1310360 611.5
1310370 611.5
1310380 610.9
1310390 610.1
1310400 610.1
1310410 608.8
1310420 607.1
1310430 605.9
1310440 605.9
1310450 602.8
1310460 600.2
1310470 600.2
1310480 599.5
1310490 600.3
1310500 600.3
1310510 602.5
1310520 602.7
1310530 602.7
1310540 603.1
1310550 604.3
1310560 604.3
1310570 604.9
1310580 605.0
1310590 605.0
1310600 605.6
1310610 606.0
1310620 606.0
1310630 605.4
1310640 604.4
1310650 604.4
1310660 603.6
1310670 603.5
1310680 603.5
1310690 602.8
1310700 602.3
1310710 602.3
1310720 602.2
1310730 602.2
1310740 602.6
1310750 602.6
1310760 603.4
1310770 604.0
1310780 604.0
1310790 604.0
1310800 604.0
1310810 604.0
1310820 603.9
1310830 604.1
1310840 604.1
1310850 605.3
1310860 605.5
1310870 605.5
1310880 606.0
1310890 607.5
1310900 607.5
1310910 610.7
1310920 613.3
1310930 613.3
1310940 614.3
1310950 614.6
1310960 614.6
1310970 615.0
1310980 618.3
1310990 618.3
1311000 619.9
1311010 624.1
1311020 629.2
1311030 629.2
1311040 634.2
1311050 635.7
1311060 635.7
1311070 638.7
1311080 642.8
1311090 642.8
1311100 647.0
1311110 653.2
1311120 653.2
1311130 660.9
1311140 667.5
1311150 667.5
1311160 674.0
1311170 680.3
1311180 680.3
1311190 686.3
1311200 691.7
1311210 691.7
1311220 696.5
1311230 701.4
1311240 701.4
1311250 706.4
1311260 710.9
1311270 710.9
1311280 715.3
1311290 719.2
1311300 719.2
1311310 720.3
1311320 717.7
1311330 714.0
1311340 714.0
1311350 710.1
1311360 706.3
1311370 706.3
1311380 702.6
1311390 698.6
1311400 698.6
1311410 693.4
1311420 687.0
1311430 687.0
1311440 680.2
1311450 673.0
1311460 673.0
1311470 665.9
1311480 659.4
1311490 659.4
1311500 654.4
1311510 650.6
1311520 650.6
1311530 647.7
1311540 646.7
1311550 646.7
1311560 644.2
1311570 639.7
1311580 639.7
1311590 634.7
1311600 629.4
1311610 629.4
1311620 624.0
1311630 619.4
1311640 615.4
1311650 615.4
1311660 612.5
1311670 610.3
1311680 610.3
1311690 608.3
1311700 606.3
1311710 606.3
1311720 604.3
1311730 602.7
1311740 601.6
1311750 600.2
1311760 598.6
1311770 598.6
1311780 597.0
1311790 595.4
1311800 595.4
1311810 594.1
1311820 592.4
1311830 592.4
1311840 590.7
1311850 589.3
1311860 589.3
1311870 588.0
1311880 586.5
1311890 586.5
1311900 585.5
1311910 584.5
1311920 583.6
1311930 583.6
1311940 582.7
1311950 581.7
1311960 581.7
1311970 580.7
1311980 579.5
1311990 579.5
1312000 578.2
1312010 577.0
1312020 577.0
1312030 575.8
1312040 574.5
1312050 574.5
1312060 573.4
1312070 572.6
1312080 572.6
1312090 571.7
1312100 570.5
1312110 570.5
1312120 569.3
1312130 568.3
1312140 568.3
1312150 567.3
1312160 566.3
1312170 566.3
1312180 565.4
1312190 564.5
1312200 564.5
1312210 563.7
1312220 562.9
1312230 562.1
1312240 562.1
1312250 561.4
1312260 560.8
1312270 560.8
1312280 560.1
1312290 559.3
1312300 559.3
1312310 558.5
1312320 557.7
1312330 557.7
1312340 557.1
1312350 556.4
1312360 556.4
1312370 555.7
1312380 555.0
1312390 555.0
1312400 554.3
1312410 553.5
1312420 553.5
1312430 552.7
1312440 551.8
1312450 551.8
1312460 551.1
1312470 550.6
1312480 550.5
1312490 550.2
1312500 549.8
1312510 549.8
1312520 549.5
1312530 549.3
1312540 549.1
1312550 549.1
1312560 549.0
1312570 548.8
1312580 548.8
1312590 548.8
1312600 548.9
1312610 548.9
1312620 549.1
1312630 549.8
1312640 549.8
1312650 551.7
1312660 555.6
1312670 555.6
1312680 560.8
1312690 566.7
1312700 566.7
1312710 573.5
1312720 580.9
1312730 580.9
1312740 585.4
1312750 588.8
1312760 588.8
1312770 592.2
1312780 595.7
1312790 595.7
1312800 597.4
1312810 599.1
1312820 601.6
1312830 601.6
1312840 604.9
1312850 607.7
1312860 607.7
1312870 608.4
1312880 608.3
1312890 608.3
1312900 609.0
1312910 608.7
1312920 608.7
1312930 606.1
1312940 601.9
1312950 601.9
1312960 598.8
1312970 597.9
1312980 597.9
1312990 596.6
1313000 595.1
1313010 595.1
1313020 594.0
1313030 593.9
1313040 593.9
1313050 592.1
1313060 590.8
1313070 590.8
1313080 592.2
1313090 592.9
1313100 592.9
1313110 591.5
1313120 589.1
1313130 588.8
1313140 588.8
1313150 589.4
1313160 587.6
1313170 587.6
1313180 585.7
1313190 585.6
1313200 585.6
1313210 586.8
1313220 583.1
1313230 583.1
1313240 581.5
1313250 579.9
1313260 579.9
1313270 578.4
1313280 577.6
1313290 577.6
1313300 574.7
1313310 569.4
1313320 569.4
1313330 555.1
1313340 540.5
1313350 540.5
1313360 540.0
1313370 540.2
1313380 540.2
1313390 540.3
1313400 537.4
1313410 537.4
1313420 530.7
1313430 527.0
1313440 526.6
1313450 526.6
1313460 526.0
1313470 524.2
1313480 524.2
1313490 521.3
1313500 521.0
1313510 521.0
1313520 521.0
1313530 521.0
1313540 521.0
1313550 521.0
1313560 521.0
1313570 521.0
1313580 521.0
1313590 521.0
1313600 521.0
1313610 521.3
1313620 523.1
1313630 523.1
1313640 524.3
1313650 524.5
1313660 524.5
1313670 525.5
1313680 525.0
1313690 525.0
1313700 524.7
1313710 524.4
1313720 524.3
1313730 524.3
1313740 524.3
1313750 524.3
1313760 524.3
1313770 524.2
1313780 524.2
1313790 524.2
1313800 524.2
1313810 524.2
1313820 524.2
1313830 524.2
1313840 524.2
1313850 524.2
1313860 524.2
1313870 524.2
1313880 524.2
1313890 524.1
1313900 524.0
1313910 524.0
1313920 524.0
1313930 524.0
1313940 524.0
1313950 523.9
1313960 523.9
1313970 523.8
1313980 523.8
1313990 523.9
1314000 523.9
1314010 523.7
1314020 523.6
1314030 523.5
1314040 523.5
1314050 523.4
1314060 523.4
1314070 523.4
1314080 523.4
1314090 523.4
1314100 523.4
1314110 523.4
1314120 523.3
1314130 523.3
1314140 523.2
1314150 523.3
1314160 523.3
1314170 523.4
1314180 523.5
1314190 523.5
1314200 523.7
1314210 524.3
1314220 524.3
1314230 524.8
1314240 524.7
1314250 524.7
1314260 524.2
1314270 523.5
1314280 523.5
1314290 523.2
1314300 523.9
1314310 523.9
1314320 524.9
1314330 525.2
1314340 525.6
1314350 525.6
1314360 526.2
1314370 527.6
1314380 527.6
1314390 529.2
1314400 529.3
1314410 529.3
1314420 527.7
1314430 525.2
1314440 525.2
1314450 524.3
1314460 524.2
1314470 524.2
1314480 524.0
1314490 524.2
1314500 524.2
1314510 525.9
1314520 526.9
1314530 526.9
1314540 526.3
1314550 523.9
1314560 523.9
1314570 522.8
1314580 522.7
1314590 522.7
1314600 522.7
1314610 522.7
1314620 522.7
1314630 522.7
1314640 522.6
1314650 522.6
1314660 522.6
1314670 522.7
1314680 522.7
1314690 522.7
1314700 522.6
1314710 522.6
1314720 522.5
1314730 522.5
1314740 522.5
1314750 522.5
1314760 522.6
1314770 522.5
1314780 522.5
1314790 522.5
1314800 522.5
1314810 522.5
1314820 522.5
1314830 522.5
1314840 522.5
1314850 522.5
1314860 522.5
1314870 522.5
1314880 522.5
1314890 522.4
1314900 522.4
1314910 522.4
1314920 522.4
1314930 522.4
1314940 522.4
1314950 522.4
1314960 522.4
1314970 522.4
1314980 522.7
1314990 523.1
1315000 523.1
1315010 523.1
1315020 523.4
1315030 523.4
1315040 523.6
1315050 523.6
1315060 523.6
1315070 523.6
1315080 523.6
1315090 523.6
1315100 523.6
1315110 523.5
1315120 523.5
1315130 523.2
1315140 522.9
1315150 522.9
1315160 522.9
1315170 522.8
1315180 522.8
1315190 522.7
1315200 522.6
1315210 522.6
1315220 522.5
1315230 522.4
1315240 522.3
1315250 522.3
1315260 522.3
1315270 522.2
1315280 522.2
1315290 522.2
1315300 522.1
1315310 522.1
1315320 522.1
1315330 522.1
1315340 522.1
1315350 522.0
1315360 522.0
1315370 522.0
1315380 522.0
1315390 522.0
1315400 522.0
1315410 521.9
1315420 522.0
1315430 522.0
1315440 522.1
1315450 522.1
1315460 522.1
1315470 522.3
1315480 522.3
1315490 522.3
1315500 522.3
1315510 522.3
1315520 522.3
1315530 522.3
1315540 523.1
1315550 523.2
1315560 523.2
1315570 523.1
1315580 523.1
1315590 523.1
1315600 523.3
1315610 523.3
1315620 523.3
1315630 522.8
1315640 522.7
1315650 522.7
1315660 523.3
1315670 523.4
1315680 523.4
1315690 523.4
1315700 523.3
1315710 523.3
1315720 523.1
1315730 523.0
1315740 523.0
1315750 523.3
1315760 523.3
1315770 523.3
1315780 523.3
1315790 523.3
1315800 523.3
1315810 523.1
1315820 522.7
1315830 522.6
1315840 522.6
1315850 522.6
1315860 522.8
1315870 522.8
1315880 522.8
1315890 522.8
1315900 522.8
1315910 522.8
1315920 522.7
1315930 522.7
1315940 522.6
1315950 522.7
1315960 522.7
1315970 522.5
1315980 522.4
1315990 522.4
1316000 522.4
1316010 522.2
1316020 522.2
1316030 522.1
1316040 522.0
1316050 522.0
1316060 522.0
1316070 522.1
1316080 522.1
1316090 522.2
1316100 522.3
1316110 522.3
1316120 522.1
1316130 522.0
1316140 522.0
1316150 522.0
1316160 521.9
1316170 521.9
1316180 521.9
1316190 521.9
1316200 521.9
1316210 521.9
1316220 521.8
1316230 521.8
1316240 521.8
1316250 521.8
1316260 521.7
1316270 521.7
1316280 521.7
1316290 521.7
1316300 521.7
1316310 521.7
1316320 521.7
1316330 521.7
1316340 521.7
1316350 521.6
1316360 521.6
1316370 521.6
1316380 521.6
1316390 521.6
1316400 521.6
1316410 521.6
1316420 521.5
1316430 521.5
1316440 521.5
1316450 521.5
1316460 521.5
1316470 521.5
1316480 521.5
1316490 521.5
1316500 521.7
1316510 521.9
1316520 521.9
1316530 522.7
1316540 523.2
1316550 523.2
1316560 523.1
1316570 523.1
1316580 523.1
1316590 522.8
1316600 522.7
1316610 522.7
1316620 522.2
1316630 522.0
1316640 522.0
1316650 522.9
1316660 523.8
1316670 523.8
1316680 523.6
1316690 523.5
1316700 523.5
1316710 523.1
1316720 523.3
1316730 523.1
1316740 523.1
1316750 522.9
1316760 522.7
1316770 522.7
1316780 522.7
1316790 522.9
1316800 522.9
1316810 523.0
1316820 523.0
1316830 523.0
1316840 522.9
1316850 522.7
1316860 522.7
1316870 522.6
1316880 522.5
1316890 522.5
1316900 522.5
1316910 522.7
1316920 522.7
1316930 522.7
1316940 522.6
1316950 522.6
1316960 522.7
1316970 522.2
1316980 522.2
1316990 521.5
1317000 521.4
1317010 521.4
1317020 521.4
1317030 521.5
1317040 521.5
1317050 521.5
1317060 521.5
1317070 521.5
1317080 521.5
1317090 521.5
1317100 521.6
1317110 521.6
1317120 521.7
1317130 521.8
1317140 521.8
1317150 521.9
1317160 522.0
1317170 522.0
1317180 522.1
1317190 522.0
1317200 522.0
1317210 521.8
1317220 521.8
1317230 521.8
1317240 522.0
1317250 522.3
1317260 522.3
1317270 522.4
1317280 522.1
1317290 522.1
1317300 521.5
1317310 521.0
1317320 521.0
1317330 521.0
1317340 520.6
1317350 521.2
1317360 521.2
1317370 521.3
1317380 521.3
1317390 521.3
1317400 521.3
1317410 521.3
1317420 521.3
1317430 521.2
1317440 521.2
1317450 521.2
1317460 521.3
1317470 521.4
1317480 521.4
1317490 521.4
1317500 521.4
1317510 521.4
1317520 521.5
1317530 521.6
1317540 521.6
1317550 521.7
1317560 521.8
1317570 521.8
1317580 521.8
1317590 521.8
1317600 521.8
1317610 521.8
1317620 521.8
1317630 521.8
1317640 521.8
1317650 521.9
1317660 521.9
1317670 521.9
1317680 521.9
1317690 521.9
1317700 521.9
1317710 522.0
1317720 522.0
1317730 522.0
1317740 522.0
1317750 522.1
1317760 522.1
1317770 522.2
1317780 522.2
1317790 522.2
1317800 522.3
1317810 522.3
1317820 522.3
1317830 522.5
1317840 522.7
1317850 522.7
1317860 522.8
1317870 522.9
1317880 522.9
1317890 523.6
1317900 524.1
1317910 524.1
1317920 521.9
1317930 519.9
1317940 519.6
1317950 519.6
1317960 519.6
1317970 519.6
1317980 519.6
1317990 521.6
1318000 523.7
1318010 523.7
1318020 523.9
1318030 522.9
1318040 522.9
1318050 522.8
1318060 522.8
1318070 522.8
1318080 522.7
1318090 522.5
1318100 522.5
1318110 523.3
1318120 524.4
1318130 524.4
1318140 526.7
1318150 529.8
1318160 529.8
1318170 533.1
1318180 535.6
1318190 535.6
1318200 537.9
1318210 539.8
1318220 541.7
1318230 541.7
1318240 543.8
1318250 546.0
1318260 546.0
1318270 548.4
1318280 550.3
1318290 550.3
1318300 551.6
1318310 553.4
1318320 553.4
1318330 555.6
1318340 558.9
1318350 558.9
1318360 566.3
1318370 573.9
1318380 573.9
1318390 579.7
1318400 583.2
1318410 583.2
1318420 587.6
1318430 592.5
1318440 592.5
1318450 597.5
1318460 603.2
1318470 603.2
1318480 609.6
1318490 616.4
1318500 616.4
1318510 621.4
1318520 627.9
1318530 634.5
1318540 634.5
1318550 641.1
1318560 647.0
1318570 647.0
1318580 652.3
1318590 657.4
1318600 657.4
1318610 662.7
1318620 668.2
1318630 668.2
1318640 673.5
1318650 679.1
1318660 679.1
1318670 685.1
1318680 691.6
1318690 691.6
1318700 702.1
1318710 714.1
1318720 714.1
1318730 727.9
1318740 740.2
1318750 740.2
1318760 752.1
1318770 760.0
1318780 760.0
1318790 760.8
1318800 762.4
1318810 762.4
1318820 766.5
1318830 769.9
1318840 773.3
1318850 773.3
1318860 776.1
1318870 780.0
1318880 780.0
1318890 785.4
1318900 790.6
1318910 790.6
1318920 796.2
1318930 800.7
1318940 800.7
1318950 804.0
1318960 806.7
1318970 806.7
1318980 809.9
1318990 813.6
1319000 813.6
1319010 818.6
1319020 823.9
1319030 823.9
1319040 829.1
1319050 834.3
1319060 834.3
1319070 839.5
1319080 844.4
1319090 844.4
1319100 851.1
1319110 859.6
1319120 868.5
1319130 868.5
1319140 876.6
1319150 882.9
1319160 882.9
1319170 888.9
1319180 894.1
1319190 894.1
1319200 900.0
1319210 903.4
1319220 903.4
1319230 905.5
1319240 906.7
1319250 906.7
1319260 907.6
1319270 908.5
1319280 902.8
1319290 902.1
1319300 900.6
1319310 900.6
1319320 901.3
1319330 903.1
1319340 903.1
1319350 905.1
1319360 908.4
1319370 908.4
1319380 911.9
1319390 914.9
1319400 914.9
1319410 917.7
1319420 921.0
1319430 925.0
1319440 925.0
1319450 929.5
1319460 932.9
1319470 932.9
1319480 934.8
1319490 937.5
1319500 937.5
1319510 943.0
1319520 950.3
1319530 950.3
1319540 957.3
1319550 961.4
1319560 961.4
1319570 963.8
1319580 965.0
1319590 965.0
1319600 965.7
1319610 968.2
1319620 968.2
1319630 972.7
1319640 978.8
1319650 978.8
1319660 985.8
1319670 991.1
1319680 991.1
1319690 993.3
1319700 995.2
1319710 995.2
1319720 997.8
1319730 1002.1
1319740 1007.4
1319750 1007.4
1319760 1013.1
1319770 1018.7
1319780 1018.7
1319790 1024.5
1319800 1030.4
1319810 1030.4
1319820 1036.9
1319830 1042.7
1319840 1042.7
1319850 1048.9
1319860 1053.6
1319870 1053.6
1319880 1058.2
1319890 1062.2
1319900 1062.2
1319910 1065.3
1319920 1068.6
1319930 1068.6
1319940 1072.4
1319950 1075.6
1319960 1075.6
1319970 1079.6
1319980 1084.2
1319990 1084.2
