1300000 1980.4
1300010 1980.4
1300020 1986.5
1300030 1990.1
1300040 1990.1
1300050 1993.9
1300060 1998.9
1300070 1998.9
1300080 2004.9
1300090 2011.2
1300100 2011.2
1300110 2017.2
1300120 2021.5
1300130 2021.5
1300140 2025.0
1300150 2028.4
1300160 2028.4
1300170 2032.2
1300180 2034.4
1300190 2034.4
1300200 2036.1
1300210 2037.1
1300220 2037.1
1300230 2037.3
1300240 2037.0
1300250 2037.0
1300260 2030.0
1300270 2028.3
1300280 2028.3
1300290 2025.2
1300300 2024.6
1300310 2023.5
1300320 2023.5
1300330 2021.9
1300340 2021.0
1300350 2021.0
1300360 2019.7
1300370 2017.7
1300380 2017.7
1300390 2016.8
1300400 2015.9
1300410 2015.9
1300420 2014.6
1300430 2013.8
1300440 2013.8
1300450 2012.5
1300460 2011.3
1300470 2011.3
1300480 2010.1
1300490 2009.3
1300500 2009.3
1300510 2008.1
1300520 2006.2
1300530 2006.2
1300540 2003.4
1300550 2000.4
1300560 2000.4
1300570 1997.2
1300580 1993.6
1300590 1993.6
1300600 1991.2
1300610 1988.9
1300620 1986.1
1300630 1986.1
1300640 1984.2
1300650 1983.9
1300660 1983.9
1300670 1982.3
1300680 1979.2
1300690 1979.2
1300700 1979.2
1300710 1978.5
1300720 1978.5
1300730 1975.8
1300740 1973.3
1300750 1973.3
1300760 1971.6
1300770 1969.2
1300780 1969.2
1300790 1967.8
1300800 1965.2
1300810 1965.2
1300820 1961.8
1300830 1958.5
1300840 1958.5
1300850 1956.5
1300860 1955.9
1300870 1955.9
1300880 1954.4
1300890 1953.0
1300900 1952.4
1300910 1952.4
1300920 1952.5
1300930 1953.6
1300940 1953.6
1300950 1948.9
1300960 1950.0
1300970 1950.0
1300980 1951.8
1300990 1953.7
1301000 1953.7
1301010 1954.6
1301020 1955.9
1301030 1955.9
1301040 1958.4
1301050 1958.5
1301060 1958.5
1301070 1957.5
1301080 1956.7
1301090 1956.7
1301100 1956.5
1301110 1955.8
1301120 1955.8
1301130 1954.0
1301140 1952.7
1301150 1952.7
1301160 1951.8
1301170 1952.2
1301180 1952.2
1301190 1953.7
1301200 1952.8
1301210 1952.9
1301220 1952.9
1301230 1952.4
1301240 1952.2
1301250 1952.2
1301260 1952.9
1301270 1953.5
1301280 1953.5
1301290 1952.3
1301300 1951.8
1301310 1951.8
1301320 1951.8
1301330 1951.6
1301340 1951.6
1301350 1950.7
1301360 1951.3
1301370 1951.3
1301380 1952.4
1301390 1954.3
1301400 1954.3
1301410 1955.9
1301420 1957.9
1301430 1957.9
1301440 1959.1
1301450 1960.2
1301460 1960.2
1301470 1961.0
1301480 1960.8
1301490 1960.8
1301500 1960.5
1301510 1960.5
1301520 1960.5
1301530 1960.5
1301540 1960.3
1301550 1960.0
1301560 1960.0
1301570 1960.7
1301580 1961.1
1301590 1961.1
1301600 1960.9
1301610 1960.1
1301620 1960.1
1301630 1958.9
1301640 1958.0
1301650 1951.2
1301660 1950.0
1301670 1949.6
1301680 1949.6
1301690 1950.1
1301700 1949.1
1301710 1949.1
1301720 1949.2
1301730 1949.7
1301740 1949.7
1301750 1950.6
1301760 1950.6
1301770 1950.6
1301780 1949.5
1301790 1949.1
1301800 1948.9
1301810 1948.9
1301820 1948.4
1301830 1948.7
1301840 1948.7
1301850 1949.5
1301860 1949.8
1301870 1949.8
1301880 1949.0
1301890 1948.4
1301900 1948.4
1301910 1947.6
1301920 1946.1
1301930 1946.1
1301940 1944.6
1301950 1943.9
1301960 1943.9
1301970 1943.2
1301980 1942.8
1301990 1942.8
1302000 1942.5
1302010 1942.7
1302020 1942.7
1302030 1942.6
1302040 1942.5
1302050 1942.5
1302060 1942.5
1302070 1942.5
1302080 1942.5
1302090 1942.3
1302100 1942.1
1302110 1941.4
1302120 1941.4
1302130 1940.9
1302140 1940.1
1302150 1940.1
1302160 1939.4
1302170 1938.8
1302180 1938.8
1302190 1937.5
1302200 1936.4
1302210 1936.4
1302220 1935.2
1302230 1934.1
1302240 1934.1
1302250 1933.0
1302260 1932.2
1302270 1932.2
1302280 1931.1
1302290 1930.5
1302300 1930.5
1302310 1929.6
1302320 1928.9
1302330 1928.9
1302340 1928.0
1302350 1919.0
1302360 1919.0
1302370 1916.7
1302380 1914.1
1302390 1914.1
1302400 1911.7
1302410 1908.9
1302420 1907.7
1302430 1907.7
1302440 1906.3
1302450 1904.6
1302460 1904.6
1302470 1901.8
1302480 1900.1
1302490 1900.1
1302500 1900.9
1302510 1902.0
1302520 1902.0
1302530 1903.3
1302540 1904.3
1302550 1904.3
1302560 1906.3
1302570 1908.0
1302580 1908.0
1302590 1908.7
1302600 1909.3
1302610 1909.3
1302620 1911.7
1302630 1913.0
1302640 1913.0
1302650 1911.4
1302660 1911.3
1302670 1911.3
1302680 1910.7
1302690 1909.0
1302700 1907.2
1302710 1907.2
1302720 1906.9
1302730 1906.1
1302740 1906.1
1302750 1906.7
1302760 1907.5
1302770 1907.5
1302780 1907.8
1302790 1907.8
1302800 1907.8
1302810 1906.6
1302820 1906.9
1302830 1906.9
1302840 1906.8
1302850 1906.8
1302860 1906.8
1302870 1906.4
1302880 1905.4
1302890 1905.4
1302900 1905.1
1302910 1904.8
1302920 1904.8
1302930 1904.6
1302940 1904.8
1302950 1904.8
1302960 1905.2
1302970 1905.8
1302980 1905.8
1302990 1905.0
1303000 1904.9
1303010 1904.7
1303020 1904.7
1303030 1905.2
1303040 1907.0
1303050 1901.7
1303060 1901.7
1303070 1901.9
1303080 1901.9
1303090 1902.9
1303100 1903.1
1303110 1903.1
1303120 1904.0
1303130 1902.9
1303140 1902.9
1303150 1901.9
1303160 1901.9
1303170 1901.9
1303180 1901.2
1303190 1900.9
1303200 1900.9
1303210 1900.2
1303220 1898.8
1303230 1898.8
1303240 1897.8
1303250 1895.9
1303260 1895.9
1303270 1893.1
1303280 1893.4
1303290 1893.4
1303300 1892.8
1303310 1891.7
1303320 1892.1
1303330 1892.1
1303340 1891.7
1303350 1891.3
1303360 1891.3
1303370 1890.5
1303380 1889.8
1303390 1889.8
1303400 1889.6
1303410 1890.2
1303420 1890.2
1303430 1890.8
1303440 1891.4
1303450 1891.4
1303460 1892.6
1303470 1894.0
1303480 1894.0
1303490 1894.5
1303500 1894.4
1303510 1894.4
1303520 1894.2
1303530 1894.0
1303540 1894.0
1303550 1894.0
1303560 1894.0
1303570 1894.0
1303580 1893.6
1303590 1893.7
1303600 1893.7
1303610 1893.7
1303620 1893.5
1303630 1894.8
1303640 1894.8
1303650 1894.8
1303660 1896.1
1303670 1896.1
1303680 1898.3
1303690 1899.0
1303700 1899.0
1303710 1899.3
1303720 1899.1
1303730 1899.1
1303740 1898.4
1303750 1891.9
1303760 1891.9
1303770 1890.4
1303780 1889.2
1303790 1889.2
1303800 1888.0
1303810 1887.1
1303820 1887.1
1303830 1886.3
1303840 1885.7
1303850 1885.7
1303860 1885.7
1303870 1884.9
1303880 1884.9
1303890 1885.4
1303900 1884.4
1303910 1883.0
1303920 1883.0
1303930 1881.0
1303940 1879.7
1303950 1879.7
1303960 1879.6
1303970 1879.1
1303980 1879.1
1303990 1878.2
1304000 1878.7
1304010 1878.7
1304020 1878.0
1304030 1877.4
1304040 1877.4
1304050 1877.4
1304060 1878.0
1304070 1878.0
1304080 1878.8
1304090 1880.6
1304100 1880.6
1304110 1881.8
1304120 1883.0
1304130 1883.0
1304140 1884.3
1304150 1885.1
1304160 1885.1
1304170 1886.2
1304180 1887.9
1304190 1887.9
1304200 1890.3
1304210 1893.0
1304220 1894.3
1304230 1894.3
1304240 1894.7
1304250 1896.9
1304260 1896.9
1304270 1899.4
1304280 1901.6
1304290 1901.6
1304300 1903.2
1304310 1904.0
1304320 1904.0
1304330 1903.2
1304340 1904.2
1304350 1904.2
1304360 1903.3
1304370 1902.9
1304380 1902.9
1304390 1904.4
1304400 1907.1
1304410 1907.1
1304420 1909.8
1304430 1912.1
1304440 1912.1
1304450 1913.5
1304460 1910.8
1304470 1910.8
1304480 1912.4
1304490 1914.4
1304500 1915.8
1304510 1915.8
1304520 1915.6
1304530 1915.0
1304540 1915.0
1304550 1913.2
1304560 1913.6
1304570 1913.6
1304580 1914.3
1304590 1913.8
1304600 1913.8
1304610 1913.9
1304620 1913.9
1304630 1913.9
1304640 1914.2
1304650 1913.7
1304660 1913.7
1304670 1914.4
1304680 1916.4
1304690 1916.4
1304700 1917.6
1304710 1917.7
1304720 1917.7
1304730 1916.9
1304740 1916.2
1304750 1916.2
1304760 1916.2
1304770 1915.4
1304780 1915.4
1304790 1916.0
1304800 1916.6
1304810 1917.1
1304820 1917.1
1304830 1917.6
1304840 1917.5
1304850 1917.5
1304860 1917.4
1304870 1919.3
1304880 1919.3
1304890 1920.3
1304900 1919.6
1304910 1919.6
1304920 1918.1
1304930 1917.8
1304940 1917.8
1304950 1917.6
1304960 1916.0
1304970 1916.0
1304980 1913.4
1304990 1908.3
1305000 1908.3
1305010 1904.9
1305020 1903.4
1305030 1903.4
1305040 1901.2
1305050 1899.9
1305060 1899.9
1305070 1896.2
1305080 1891.9
1305090 1891.9
1305100 1888.0
1305110 1883.8
1305120 1881.6
1305130 1881.6
1305140 1878.5
1305150 1875.0
1305160 1875.0
1305170 1872.0
1305180 1870.0
1305190 1870.0
1305200 1867.6
1305210 1862.3
1305220 1862.3
1305230 1858.2
1305240 1854.7
1305250 1854.7
1305260 1852.5
1305270 1847.4
1305280 1847.4
1305290 1845.3
1305300 1842.7
1305310 1842.7
1305320 1836.3
1305330 1830.4
1305340 1830.4
1305350 1827.5
1305360 1826.8
1305370 1826.8
1305380 1824.6
1305390 1821.7
1305400 1819.8
1305410 1819.8
1305420 1818.3
1305430 1814.9
1305440 1814.9
1305450 1811.6
1305460 1811.7
1305470 1811.7
1305480 1809.5
1305490 1804.2
1305500 1804.2
1305510 1800.3
1305520 1795.1
1305530 1795.1
1305540 1791.8
1305550 1788.1
1305560 1788.1
1305570 1784.4
1305580 1781.9
1305590 1781.9
1305600 1776.6
1305610 1769.3
1305620 1769.3
1305630 1764.6
1305640 1761.2
1305650 1761.2
1305660 1757.9
1305670 1756.3
1305680 1756.3
1305690 1753.5
1305700 1749.3
1305710 1746.3
1305720 1746.3
1305730 1743.5
1305740 1741.2
1305750 1741.2
1305760 1739.6
1305770 1738.1
1305780 1738.1
1305790 1735.1
1305800 1733.1
1305810 1733.1
1305820 1731.8
1305830 1727.3
1305840 1727.3
1305850 1722.5
1305860 1719.5
1305870 1719.5
1305880 1710.5
1305890 1707.2
1305900 1707.2
1305910 1704.5
1305920 1703.4
1305930 1703.4
1305940 1703.2
1305950 1703.2
1305960 1703.2
1305970 1702.4
1305980 1700.6
1305990 1700.6
1306000 1698.0
1306010 1695.2
1306020 1692.9
1306030 1692.9
1306040 1691.1
1306050 1689.7
1306060 1689.7
1306070 1689.1
1306080 1688.7
1306090 1688.7
1306100 1688.8
1306110 1689.6
1306120 1689.6
1306130 1690.6
1306140 1691.1
1306150 1691.1
1306160 1690.8
1306170 1687.2
1306180 1687.2
1306190 1686.3
1306200 1687.6
1306210 1687.6
1306220 1687.6
1306230 1685.5
1306240 1685.5
1306250 1682.4
1306260 1678.3
1306270 1678.3
1306280 1674.7
1306290 1672.4
1306300 1669.2
1306310 1669.2
1306320 1662.6
1306330 1650.7
1306340 1650.7
1306350 1640.4
1306360 1632.5
1306370 1632.5
1306380 1625.7
1306390 1618.1
1306400 1618.1
1306410 1611.0
1306420 1601.2
1306430 1601.2
1306440 1588.2
1306450 1579.3
1306460 1579.3
1306470 1573.1
1306480 1570.0
1306490 1570.0
1306500 1566.5
1306510 1559.8
1306520 1559.8
1306530 1553.1
1306540 1547.9
1306550 1547.9
1306560 1545.5
1306570 1543.1
1306580 1543.1
1306590 1544.0
1306600 1535.8
1306610 1535.5
1306620 1535.5
1306630 1535.1
1306640 1529.9
1306650 1529.9
1306660 1521.2
1306670 1520.9
1306680 1520.9
1306690 1525.5
1306700 1534.7
1306710 1534.7
1306720 1546.9
1306730 1556.0
1306740 1556.0
1306750 1559.0
1306760 1558.5
1306770 1558.5
1306780 1556.0
1306790 1551.9
1306800 1551.9
1306810 1545.1
1306820 1540.6
1306830 1540.6
1306840 1538.0
1306850 1534.5
1306860 1534.5
1306870 1532.5
1306880 1529.3
1306890 1529.3
1306900 1525.9
1306910 1522.1
1306920 1519.0
1306930 1519.0
1306940 1516.1
1306950 1511.8
1306960 1511.8
1306970 1508.3
1306980 1506.4
1306990 1506.4
1307000 1506.7
1307010 1509.4
1307020 1509.4
1307030 1510.2
1307040 1509.5
1307050 1509.5
1307060 1505.6
1307070 1502.3
1307080 1502.3
1307090 1498.1
1307100 1494.1
1307110 1494.1
1307120 1490.7
1307130 1487.8
1307140 1487.8
1307150 1484.2
1307160 1479.6
1307170 1479.6
1307180 1475.9
1307190 1472.0
1307200 1468.3
1307210 1468.3
1307220 1465.6
1307230 1464.9
1307240 1464.9
1307250 1464.1
1307260 1461.3
1307270 1461.3
1307280 1458.0
1307290 1456.6
1307300 1456.6
1307310 1455.9
1307320 1449.4
1307330 1449.4
1307340 1447.0
1307350 1445.3
1307360 1445.3
1307370 1444.1
1307380 1441.8
1307390 1441.8
1307400 1437.6
1307410 1433.1
1307420 1433.1
1307430 1429.2
1307440 1427.8
1307450 1427.8
1307460 1427.6
1307470 1426.6
1307480 1426.6
1307490 1427.1
1307500 1427.9
1307510 1426.7
1307520 1426.7
1307530 1424.4
1307540 1421.6
1307550 1421.6
1307560 1420.0
1307570 1418.6
1307580 1418.6
1307590 1415.0
1307600 1411.7
1307610 1411.7
1307620 1407.8
1307630 1400.5
1307640 1400.5
1307650 1392.4
1307660 1386.9
1307670 1386.9
1307680 1383.8
1307690 1382.4
1307700 1382.4
1307710 1383.8
1307720 1384.6
1307730 1384.6
1307740 1385.8
1307750 1385.8
1307760 1385.8
1307770 1384.5
1307780 1383.4
1307790 1383.4
1307800 1382.5
1307810 1380.3
1307820 1376.4
1307830 1376.4
1307840 1371.0
1307850 1364.7
1307860 1364.7
1307870 1358.2
1307880 1352.5
1307890 1352.5
1307900 1347.2
1307910 1341.5
1307920 1341.5
1307930 1333.3
1307940 1325.4
1307950 1325.4
1307960 1319.8
1307970 1314.7
1307980 1314.7
1307990 1309.2
1308000 1302.0
1308010 1302.0
1308020 1295.0
1308030 1289.1
1308040 1291.2
1308050 1284.7
1308060 1283.0
1308070 1283.0
1308080 1286.6
1308090 1287.0
1308100 1283.0
1308110 1283.0
1308120 1276.6
1308130 1265.8
1308140 1265.8
1308150 1250.9
1308160 1237.6
1308170 1237.6
1308180 1224.1
1308190 1211.5
1308200 1211.5
1308210 1198.8
1308220 1183.4
1308230 1183.4
1308240 1171.0
1308250 1156.1
1308260 1156.1
1308270 1140.1
1308280 1125.9
1308290 1125.9
1308300 1114.9
1308310 1101.6
1308320 1101.6
1308330 1092.2
1308340 1083.3
1308350 1083.3
1308360 1070.7
1308370 1055.9
1308380 1055.9
1308390 1043.4
1308400 1034.4
1308410 1029.7
1308420 1029.7
1308430 1025.1
1308440 1020.1
1308450 1020.1
1308460 1016.4
1308470 1012.0
1308480 1012.0
1308490 1007.3
1308500 1001.5
1308510 1001.5
1308520 995.9
1308530 990.1
1308540 990.1
1308550 983.8
1308560 974.6
1308570 974.6
1308580 967.1
1308590 964.2
1308600 964.2
1308610 963.9
1308620 964.2
1308630 964.2
1308640 963.3
1308650 960.1
1308660 960.1
1308670 957.2
1308680 955.1
1308690 955.1
1308700 954.0
1308710 953.0
1308720 951.7
1308730 951.7
1308740 949.3
1308750 945.6
1308760 945.6
1308770 934.8
1308780 931.6
1308790 931.6
1308800 927.8
1308810 923.6
1308820 923.6
1308830 919.5
1308840 915.6
1308850 915.6
1308860 912.7
1308870 909.9
1308880 909.9
1308890 906.4
1308900 901.6
1308910 901.6
1308920 897.6
1308930 893.7
1308940 893.7
1308950 889.1
1308960 884.6
1308970 884.6
1308980 880.7
1308990 876.1
1309000 870.4
1309010 870.4
1309020 865.3
1309030 861.3
1309040 861.3
1309050 856.2
1309060 850.5
1309070 850.5
1309080 847.8
1309090 845.7
1309100 845.7
1309110 842.7
1309120 840.2
1309130 840.2
1309140 838.3
1309150 837.2
1309160 837.2
1309170 836.1
1309180 834.1
1309190 834.1
1309200 832.1
1309210 830.6
1309220 830.6
1309230 828.9
1309240 827.4
1309250 827.4
1309260 826.2
1309270 823.9
1309280 823.9
1309290 821.6
1309300 819.2
1309310 817.3
1309320 817.3
1309330 817.0
1309340 816.5
1309350 816.5
1309360 814.5
1309370 812.3
1309380 812.3
1309390 811.0
1309400 810.3
1309410 810.3
1309420 807.4
1309430 804.4
1309440 804.4
1309450 801.4
1309460 798.8
1309470 798.8
1309480 798.5
1309490 799.0
1309500 799.0
1309510 798.6
1309520 798.1
1309530 798.1
1309540 797.4
1309550 795.8
1309560 795.8
1309570 793.2
1309580 790.7
1309590 790.7
1309600 788.6
1309610 787.2
1309620 786.3
1309630 786.3
1309640 785.8
1309650 785.3
1309660 785.3
1309670 784.0
1309680 783.3
1309690 783.3
1309700 783.1
1309710 783.5
1309720 783.5
1309730 782.6
1309740 781.8
1309750 781.8
1309760 780.4
1309770 777.4
1309780 777.4
1309790 772.5
1309800 766.4
1309810 766.4
1309820 760.0
1309830 753.5
1309840 753.5
1309850 747.4
1309860 742.1
1309870 742.1
1309880 737.2
1309890 731.6
1309900 726.1
1309910 726.1
1309920 721.0
1309930 716.2
1309940 716.2
1309950 711.2
1309960 706.0
1309970 706.0
1309980 700.6
1309990 694.8
1310000 694.8
1310010 689.0
1310020 683.1
1310030 683.1
1310040 677.4
1310050 671.7
1310060 671.7
1310070 666.1
1310080 660.4
1310090 660.4
1310100 654.6
1310110 649.1
1310120 649.1
1310130 643.2
1310140 638.1
1310150 638.1
1310160 634.2
1310170 631.8
1310180 631.8
1310190 629.7
1310200 626.2
1310210 624.8
1310220 624.8
1310230 622.1
1310240 622.3
1310250 622.3
1310260 621.8
1310270 620.4
1310280 620.4
1310290 617.8
1310300 612.0
1310310 612.0
1310320 608.5
1310330 608.1
1310340 608.1
1310350 607.7
1310360 607.3
1310370 607.3
1310380 606.5
1310390 605.8
1310400 605.8
1310410 604.5
1310420 603.4
1310430 603.4
1310440 602.4
1310450 601.4
1310460 601.4
1310470 597.6
1310480 596.7
1310490 596.7
1310500 598.3
1310510 599.1
1310520 600.6
1310530 600.6
1310540 600.9
1310550 600.7
1310560 600.7
1310570 600.8
1310580 600.6
1310590 600.6
1310600 600.5
1310610 600.6
1310620 600.6
1310630 601.0
1310640 601.0
1310650 601.0
1310660 601.1
1310670 601.2
1310680 601.2
1310690 600.6
1310700 600.3
1310710 600.3
1310720 599.6
1310730 599.0
1310740 599.0
1310750 598.5
1310760 598.4
1310770 598.4
1310780 598.3
1310790 598.6
1310800 599.0
1310810 599.0
1310820 599.8
1310830 600.4
1310840 600.4
1310850 600.6
1310860 600.0
1310870 600.0
1310880 599.7
1310890 599.6
1310900 599.6
1310910 600.0
1310920 601.7
1310930 601.7
1310940 604.1
1310950 605.5
1310960 604.1
1310970 606.1
1310980 608.2
1310990 608.2
1311000 610.6
1311010 613.9
1311020 613.9
1311030 616.5
1311040 619.2
1311050 619.2
1311060 623.1
1311070 627.5
1311080 627.5
1311090 631.5
1311100 636.5
1311110 642.2
1311120 642.2
1311130 647.3
1311140 651.6
1311150 651.6
1311160 656.9
1311170 663.1
1311180 663.1
1311190 669.2
1311200 673.5
1311210 673.5
1311220 677.3
1311230 681.9
1311240 681.9
1311250 687.7
1311260 693.6
1311270 693.6
1311280 699.0
1311290 702.2
1311300 702.2
1311310 700.8
1311320 696.9
1311330 696.9
1311340 692.9
1311350 689.6
1311360 689.6
1311370 686.2
1311380 682.6
1311390 682.6
1311400 679.5
1311410 676.9
1311420 674.9
1311430 674.9
1311440 671.3
1311450 668.0
1311460 668.0
1311470 664.2
1311480 659.5
1311490 659.5
1311500 655.1
1311510 651.0
1311520 651.0
1311530 647.5
1311540 644.3
1311550 644.3
1311560 641.7
1311570 639.2
1311580 639.2
1311590 637.0
1311600 633.9
1311610 633.9
1311620 629.8
1311630 624.8
1311640 624.8
1311650 619.2
1311660 613.7
1311670 613.7
1311680 608.5
1311690 603.6
1311700 599.6
1311710 599.6
1311720 597.1
1311730 596.1
1311740 596.1
1311750 594.8
1311760 593.4
1311770 593.4
1311780 592.2
1311790 591.2
1311800 591.2
1311810 590.1
1311820 588.8
1311830 588.8
1311840 587.2
1311850 585.9
1311860 585.9
1311870 584.6
1311880 583.5
1311890 583.5
1311900 582.3
1311910 581.2
1311920 581.2
1311930 580.5
1311940 580.1
1311950 580.1
1311960 579.7
1311970 579.2
1311980 579.2
1311990 578.8
1312000 577.9
1312010 576.6
1312020 576.6
1312030 575.3
1312040 574.1
1312050 574.1
1312060 573.1
1312070 572.0
1312080 572.0
1312090 571.0
1312100 570.1
1312110 570.1
1312120 569.2
1312130 568.3
1312140 568.3
1312150 567.6
1312160 566.6
1312170 566.6
1312180 565.5
1312190 564.3
1312200 564.3
1312210 563.2
1312220 562.1
1312230 562.1
1312240 561.1
1312250 560.0
1312260 560.0
1312270 559.1
1312280 558.3
1312290 558.3
1312300 557.5
1312310 556.8
1312320 556.2
1312330 556.2
1312340 555.7
1312350 554.7
1312360 554.7
1312370 553.8
1312380 553.0
1312390 553.0
1312400 552.4
1312410 552.0
1312420 552.0
1312430 551.6
1312440 551.0
1312450 551.0
1312460 550.6
1312470 550.3
1312480 550.3
1312490 550.1
1312500 549.9
1312510 549.9
1312520 549.7
1312530 549.6
1312540 549.6
1312550 549.8
1312560 550.4
1312570 550.4
1312580 551.5
1312590 554.8
1312600 560.4
1312610 560.4
1312620 566.4
1312630 572.9
1312640 572.9
1312650 578.6
1312660 583.0
1312670 583.0
1312680 587.9
1312690 592.5
1312700 592.5
1312710 596.7
1312720 600.8
1312730 600.8
1312740 603.5
1312750 604.4
1312760 604.4
1312770 604.8
1312780 605.9
1312790 605.9
1312800 607.1
1312810 608.5
1312820 608.5
1312830 610.3
1312840 612.1
1312850 612.1
1312860 613.8
1312870 614.0
1312880 614.0
1312890 614.0
1312900 613.0
1312910 609.2
1312920 609.2
1312930 603.7
1312940 597.8
1312950 597.8
1312960 596.4
1312970 599.6
1312980 599.6
1312990 601.7
1313000 601.0
1313010 601.0
1313020 597.1
1313030 594.1
1313040 594.1
1313050 593.9
1313060 593.1
1313070 593.1
1313080 589.8
1313090 587.6
1313100 587.6
1313110 585.1
1313120 581.3
1313130 581.3
1313140 579.5
1313150 580.3
1313160 580.3
1313170 582.2
1313180 576.9
1313190 576.9
1313200 573.8
1313210 569.1
1313220 564.1
1313230 564.1
1313240 559.3
1313250 553.9
1313260 553.9
1313270 548.8
1313280 546.5
1313290 546.5
1313300 543.5
1313310 539.6
1313320 539.6
1313330 539.0
1313340 539.4
1313350 539.4
1313360 539.5
1313370 539.7
1313380 539.7
1313390 539.8
1313400 539.5
1313410 539.5
1313420 536.6
1313430 530.1
1313440 530.1
1313450 525.2
1313460 521.8
1313470 521.8
1313480 521.0
1313490 521.0
1313500 521.0
1313510 521.0
1313520 521.0
1313530 521.0
1313540 521.0
1313550 521.0
1313560 521.0
1313570 521.0
1313580 521.1
1313590 523.2
1313600 523.2
1313610 524.5
1313620 524.5
1313630 524.5
1313640 525.5
1313650 525.1
1313660 525.1
1313670 524.7
1313680 524.6
1313690 524.6
1313700 524.5
1313710 524.5
1313720 524.5
1313730 524.4
1313740 524.4
1313750 524.4
1313760 524.3
1313770 524.3
1313780 524.3
1313790 524.4
1313800 524.4
1313810 524.3
1313820 524.3
1313830 524.2
1313840 524.2
1313850 524.2
1313860 524.1
1313870 524.1
1313880 524.1
1313890 524.0
1313900 523.9
1313910 523.9
1313920 523.9
1313930 523.8
1313940 523.8
1313950 523.8
1313960 523.7
1313970 523.7
1313980 523.6
1313990 523.6
1314000 523.6
1314010 523.5
1314020 523.5
1314030 523.5
1314040 523.4
1314050 523.3
1314060 523.3
1314070 523.4
1314080 523.7
1314090 524.3
1314100 524.3
1314110 524.8
1314120 524.8
1314130 524.8
1314140 524.2
1314150 523.5
1314160 523.5
1314170 523.2
1314180 523.2
1314190 523.2
1314200 523.2
1314210 523.1
1314220 523.1
1314230 523.1
1314240 523.0
1314250 523.0
1314260 523.0
1314270 523.0
1314280 523.0
1314290 523.0
1314300 522.9
1314310 522.9
1314320 522.9
1314330 522.8
1314340 522.8
1314350 522.8
1314360 522.8
1314370 522.8
1314380 522.8
1314390 522.9
1314400 523.5
1314410 523.5
1314420 524.8
1314430 526.6
1314440 526.6
1314450 527.7
1314460 527.8
1314470 527.8
1314480 527.9
1314490 527.9
1314500 527.9
1314510 527.8
1314520 525.8
1314530 525.8
1314540 523.0
1314550 522.6
1314560 522.6
1314570 522.6
1314580 522.6
1314590 522.6
1314600 522.6
1314610 522.6
1314620 522.6
1314630 522.6
1314640 522.6
1314650 522.6
1314660 522.6
1314670 522.6
1314680 522.7
1314690 522.7
1314700 522.6
1314710 522.5
1314720 522.5
1314730 522.5
1314740 522.5
1314750 522.5
1314760 522.5
1314770 522.5
1314780 522.5
1314790 522.5
1314800 522.5
1314810 522.5
1314820 522.6
1314830 522.6
1314840 522.6
1314850 522.5
1314860 522.4
1314870 522.4
1314880 522.4
1314890 522.5
1314900 522.5
1314910 522.5
1314920 522.6
1314930 522.6
1314940 522.6
1314950 522.5
1314960 522.5
1314970 522.5
1314980 522.7
1314990 523.0
1315000 523.0
1315010 523.1
1315020 523.5
1315030 523.5
1315040 523.8
1315050 523.5
1315060 523.5
1315070 522.5
1315080 521.7
1315090 521.7
1315100 522.0
1315110 522.3
1315120 522.3
1315130 522.3
1315140 522.3
1315150 522.3
1315160 522.3
1315170 522.5
1315180 522.5
1315190 522.4
1315200 522.4
1315210 522.4
1315220 522.4
1315230 522.4
1315240 522.4
1315250 522.5
1315260 522.4
1315270 522.4
1315280 522.4
1315290 522.4
1315300 522.4
1315310 522.4
1315320 522.3
1315330 522.3
1315340 522.3
1315350 522.3
1315360 522.2
1315370 522.2
1315380 522.1
1315390 522.2
1315400 522.2
1315410 522.2
1315420 522.3
1315430 522.3
1315440 522.3
1315450 522.2
1315460 522.2
1315470 522.2
1315480 522.2
1315490 522.2
1315500 522.2
1315510 522.2
1315520 522.2
1315530 522.4
1315540 523.1
1315550 523.1
1315560 522.9
1315570 522.9
1315580 522.9
1315590 522.9
1315600 522.8
1315610 522.6
1315620 522.6
1315630 522.2
1315640 522.4
1315650 522.4
1315660 522.4
1315670 522.4
1315680 522.4
1315690 522.3
1315700 522.3
1315710 522.3
1315720 522.8
1315730 522.6
1315740 522.6
1315750 522.5
1315760 523.2
1315770 523.2
1315780 523.3
1315790 522.2
1315800 522.2
1315810 522.2
1315820 522.3
1315830 522.3
1315840 522.2
1315850 522.0
1315860 522.0
1315870 522.0
1315880 522.0
1315890 522.2
1315900 522.2
1315910 522.0
1315920 522.4
1315930 522.4
1315940 522.3
1315950 522.5
1315960 522.5
1315970 523.0
1315980 523.1
1315990 523.1
1316000 523.0
1316010 522.8
1316020 522.8
1316030 522.5
1316040 522.4
1316050 522.4
1316060 522.3
1316070 522.3
1316080 522.3
1316090 522.3
1316100 522.2
1316110 522.2
1316120 522.2
1316130 522.3
1316140 522.3
1316150 522.4
1316160 522.4
1316170 522.4
1316180 522.4
1316190 522.4
1316200 522.3
1316210 522.3
1316220 522.2
1316230 522.1
1316240 522.1
1316250 522.1
1316260 522.0
1316270 522.0
1316280 522.0
1316290 522.0
1316300 522.0
1316310 522.0
1316320 522.0
1316330 522.0
1316340 522.0
1316350 522.0
1316360 522.0
1316370 522.0
1316380 521.9
1316390 521.9
1316400 521.8
1316410 521.7
1316420 521.7
1316430 521.7
1316440 521.8
1316450 521.8
1316460 521.9
1316470 521.9
1316480 521.9
1316490 522.0
1316500 522.1
1316510 522.2
1316520 522.2
1316530 522.4
1316540 522.5
1316550 522.5
1316560 522.7
1316570 522.8
1316580 522.8
1316590 522.6
1316600 522.0
1316610 522.0
1316620 522.1
1316630 522.5
1316640 522.5
1316650 523.0
1316660 523.1
1316670 523.1
1316680 523.5
1316690 523.6
1316700 523.6
1316710 523.4
1316720 523.3
1316730 523.3
1316740 523.0
1316750 523.1
1316760 523.1
1316770 523.1
1316780 522.9
1316790 521.9
1316800 521.9
1316810 521.3
1316820 521.3
1316830 521.3
1316840 521.3
1316850 521.3
1316860 521.3
1316870 521.3
1316880 521.4
1316890 521.4
1316900 521.4
1316910 521.4
1316920 521.4
1316930 521.5
1316940 521.5
1316950 521.6
1316960 521.7
1316970 521.7
1316980 521.7
1316990 521.8
1317000 521.8
1317010 521.8
1317020 521.7
1317030 521.8
1317040 521.8
1317050 521.8
1317060 521.8
1317070 521.8
1317080 521.8
1317090 521.8
1317100 521.9
1317110 521.9
1317120 521.9
1317130 522.0
1317140 522.0
1317150 522.1
1317160 522.2
1317170 522.2
1317180 522.2
1317190 522.0
1317200 522.0
1317210 521.7
1317220 521.4
1317230 521.4
1317240 521.3
1317250 521.2
1317260 521.2
1317270 521.2
1317280 521.2
1317290 521.2
1317300 521.1
1317310 521.2
1317320 521.2
1317330 521.3
1317340 521.4
1317350 521.4
1317360 520.6
1317370 521.4
1317380 521.4
1317390 521.4
1317400 521.4
1317410 521.3
1317420 521.3
1317430 521.4
1317440 521.5
1317450 521.5
1317460 521.6
1317470 521.6
1317480 521.6
1317490 521.6
1317500 521.6
1317510 521.6
1317520 521.5
1317530 521.6
1317540 521.6
1317550 521.7
1317560 521.8
1317570 521.8
1317580 521.9
1317590 521.7
1317600 521.7
1317610 521.8
1317620 522.0
1317630 522.0
1317640 522.0
1317650 522.1
1317660 522.1
1317670 522.1
1317680 522.2
1317690 522.3
1317700 522.3
1317710 522.2
1317720 522.3
1317730 522.3
1317740 522.3
1317750 522.4
1317760 522.4
1317770 522.3
1317780 522.4
1317790 522.4
1317800 522.4
1317810 522.4
1317820 522.4
1317830 522.5
1317840 522.7
1317850 522.7
1317860 522.8
1317870 522.9
1317880 522.9
1317890 523.4
1317900 524.2
1317910 524.2
1317920 522.5
1317930 520.3
1317940 520.3
1317950 519.7
1317960 519.7
1317970 519.7
1317980 519.8
1317990 521.1
1318000 523.4
1318010 523.4
1318020 524.2
1318030 523.1
1318040 523.1
1318050 522.9
1318060 522.9
1318070 522.9
1318080 522.9
1318090 522.9
1318100 522.9
1318110 522.5
1318120 522.6
1318130 522.6
1318140 524.3
1318150 527.1
1318160 527.1
1318170 527.7
1318180 530.1
1318190 530.1
1318200 532.4
1318210 533.8
1318220 533.8
1318230 535.1
1318240 536.3
1318250 536.3
1318260 537.9
1318270 540.3
1318280 540.3
1318290 543.5
1318300 546.7
1318310 551.8
1318320 551.8
1318330 557.1
1318340 562.1
1318350 562.1
1318360 567.9
1318370 573.7
1318380 573.7
1318390 576.9
1318400 579.5
1318410 579.5
1318420 581.8
1318430 584.7
1318440 584.7
1318450 588.8
1318460 594.5
1318470 592.1
1318480 597.9
1318490 603.8
1318500 603.8
1318510 609.6
1318520 615.1
1318530 615.1
1318540 620.6
1318550 626.2
1318560 626.2
1318570 631.6
1318580 636.6
1318590 641.8
1318600 641.8
1318610 646.9
1318620 652.6
1318630 652.6
1318640 658.7
1318650 665.2
1318660 665.2
1318670 673.0
1318680 680.8
1318690 680.8
1318700 686.5
1318710 693.2
1318720 693.2
1318730 700.9
1318740 708.9
1318750 708.9
1318760 716.5
1318770 726.0
1318780 726.0
1318790 740.2
1318800 750.2
1318810 750.2
1318820 753.6
1318830 757.1
1318840 757.1
1318850 754.3
1318860 754.1
1318870 754.1
1318880 758.4
1318890 764.1
1318900 769.7
1318910 769.7
1318920 774.6
1318930 780.4
1318940 780.4
1318950 786.5
1318960 792.1
1318970 792.1
1318980 800.1
1318990 807.8
1319000 807.8
1319010 815.4
1319020 821.0
1319030 821.0
1319040 824.8
1319050 827.8
1319060 827.8
1319070 830.4
1319080 834.9
1319090 834.9
1319100 840.5
1319110 846.3
1319120 846.3
1319130 852.6
1319140 859.7
1319150 859.7
1319160 869.3
1319170 877.5
1319180 877.5
1319190 884.2
1319200 886.2
1319210 888.3
1319220 888.3
1319230 891.1
1319240 884.6
1319250 884.6
1319260 884.8
1319270 884.4
1319280 884.4
1319290 884.8
1319300 886.8
1319310 886.8
1319320 890.4
1319330 894.7
1319340 894.7
1319350 899.0
1319360 903.1
1319370 903.1
1319380 907.1
1319390 909.9
1319400 909.9
1319410 908.4
1319420 904.6
1319430 904.6
1319440 900.2
1319450 898.9
1319460 898.9
1319470 900.0
1319480 903.3
1319490 910.5
1319500 910.5
1319510 915.3
1319520 920.6
1319530 920.6
1319540 924.7
1319550 928.5
1319560 928.5
1319570 932.7
1319580 936.5
1319590 936.5
1319600 941.2
1319610 946.9
1319620 946.9
1319630 953.5
1319640 959.6
1319650 959.6
1319660 962.4
1319670 965.0
1319680 965.0
1319690 968.9
1319700 972.9
1319710 972.9
1319720 978.7
1319730 983.8
1319740 983.8
1319750 988.6
1319760 991.6
1319770 991.6
1319780 995.7
1319790 1001.5
1319800 1007.6
1319810 1007.6
1319820 1014.0
1319830 1020.3
1319840 1020.3
1319850 1025.3
1319860 1029.1
1319870 1029.1
1319880 1035.3
1319890 1042.4
1319900 1042.4
1319910 1045.7
1319920 1048.2
1319930 1048.2
1319940 1051.4
1319950 1056.6
1319960 1056.6
1319970 1060.7
1319980 1063.4
1319990 1063.4
