1300000 1655.9
1300010 1662.6
1300020 1670.9
1300030 1670.9
1300040 1675.6
1300050 1682.5
1300060 1682.5
1300070 1690.6
1300080 1700.0
1300090 1700.0
1300100 1708.8
1300110 1714.4
1300120 1714.4
1300130 1718.3
1300140 1721.7
1300150 1721.7
1300160 1726.1
1300170 1726.8
1300180 1726.8
1300190 1723.2
1300200 1719.1
1300210 1716.0
1300220 1716.0
1300230 1713.9
1300240 1714.2
1300250 1714.2
1300260 1715.7
1300270 1718.4
1300280 1718.4
1300290 1724.7
1300300 1724.1
1300310 1724.1
1300320 1725.4
1300330 1730.7
1300340 1730.7
1300350 1735.0
1300360 1731.0
1300370 1731.0
1300380 1728.2
1300390 1727.6
1300400 1727.6
1300410 1726.8
1300420 1726.2
1300430 1726.2
1300440 1725.3
1300450 1724.6
1300460 1724.6
1300470 1724.6
1300480 1723.0
1300490 1723.0
1300500 1725.4
1300510 1729.9
1300520 1735.4
1300530 1735.4
1300540 1742.1
1300550 1753.5
1300560 1753.5
1300570 1759.5
1300580 1763.7
1300590 1763.7
1300600 1763.8
1300610 1761.2
1300620 1761.2
1300630 1757.0
1300640 1755.0
1300650 1755.0
1300660 1755.7
1300670 1757.9
1300680 1757.9
1300690 1760.7
1300700 1763.2
1300710 1763.2
1300720 1765.8
1300730 1768.4
1300740 1768.4
1300750 1772.0
1300760 1774.8
1300770 1774.8
1300780 1776.6
1300790 1778.0
1300800 1778.0
1300810 1780.0
1300820 1781.7
1300830 1782.9
1300840 1782.9
1300850 1784.0
1300860 1785.5
1300870 1785.5
1300880 1786.6
1300890 1789.3
1300900 1789.3
1300910 1791.5
1300920 1793.5
1300930 1793.5
1300940 1796.8
1300950 1801.7
1300960 1801.7
1300970 1807.0
1300980 1812.8
1300990 1812.8
1301000 1818.9
1301010 1825.0
1301020 1825.0
1301030 1830.9
1301040 1834.7
1301050 1834.7
1301060 1839.8
1301070 1846.5
1301080 1846.5
1301090 1852.6
1301100 1857.7
1301110 1857.7
1301120 1867.5
1301130 1873.3
1301140 1879.8
1301150 1879.8
1301160 1891.5
1301170 1899.5
1301180 1899.5
1301190 1904.5
1301200 1909.8
1301210 1909.8
1301220 1917.2
1301230 1925.9
1301240 1925.9
1301250 1939.5
1301260 1945.3
1301270 1945.3
1301280 1940.0
1301290 1916.4
1301300 1916.4
1301310 1904.8
1301320 1895.2
1301330 1895.2
1301340 1886.8
1301350 1879.9
1301360 1879.9
1301370 1873.4
1301380 1867.0
1301390 1867.0
1301400 1861.3
1301410 1854.7
1301420 1854.7
1301430 1847.8
1301440 1842.2
1301450 1837.2
1301460 1837.2
1301470 1833.0
1301480 1829.0
1301490 1829.0
1301500 1825.6
1301510 1823.1
1301520 1823.1
1301530 1821.0
1301540 1817.6
1301550 1817.6
1301560 1815.2
1301570 1815.0
1301580 1815.0
1301590 1817.0
1301600 1817.4
1301610 1817.4
1301620 1814.9
1301630 1813.1
1301640 1813.1
1301650 1809.5
1301660 1805.1
1301670 1805.1
1301680 1800.5
1301690 1799.2
1301700 1799.2
1301710 1798.7
1301720 1797.1
1301730 1794.3
1301740 1794.3
1301750 1791.3
1301760 1789.3
1301770 1789.3
1301780 1788.2
1301790 1787.9
1301800 1787.9
1301810 1788.8
1301820 1787.9
1301830 1787.9
1301840 1786.9
1301850 1786.9
1301860 1786.9
1301870 1786.9
1301880 1786.5
1301890 1786.5
1301900 1784.4
1301910 1780.8
1301920 1780.8
1301930 1777.9
1301940 1777.1
1301950 1777.1
1301960 1772.4
1301970 1770.4
1301980 1770.4
1301990 1767.6
1302000 1764.6
1302010 1764.6
1302020 1762.5
1302030 1760.8
1302040 1758.4
1302050 1758.4
1302060 1756.3
1302070 1754.3
1302080 1754.3
1302090 1753.7
1302100 1750.4
1302110 1750.4
1302120 1746.2
1302130 1742.5
1302140 1742.5
1302150 1738.7
1302160 1736.0
1302170 1736.0
1302180 1733.0
1302190 1730.5
1302200 1730.5
1302210 1727.8
1302220 1724.0
1302230 1724.0
1302240 1721.0
1302250 1718.1
1302260 1718.1
1302270 1713.3
1302280 1710.8
1302290 1710.8
1302300 1707.7
1302310 1704.8
1302320 1704.8
1302330 1702.8
1302340 1698.6
1302350 1695.2
1302360 1695.2
1302370 1695.2
1302380 1697.0
1302390 1697.0
1302400 1699.7
1302410 1701.2
1302420 1701.2
1302430 1701.8
1302440 1702.9
1302450 1702.9
1302460 1704.3
1302470 1706.6
1302480 1706.6
1302490 1708.8
1302500 1710.9
1302510 1710.9
1302520 1713.3
1302530 1715.4
1302540 1715.4
1302550 1715.2
1302560 1716.9
1302570 1716.9
1302580 1720.3
1302590 1721.9
1302600 1721.9
1302610 1727.7
1302620 1731.2
1302630 1731.2
1302640 1731.8
1302650 1741.3
1302660 1747.0
1302670 1747.0
1302680 1752.5
1302690 1756.3
1302700 1756.3
1302710 1758.1
1302720 1764.3
1302730 1764.3
1302740 1775.4
1302750 1784.0
1302760 1784.0
1302770 1788.3
1302780 1788.7
1302790 1788.7
1302800 1787.7
1302810 1787.1
1302820 1787.1
1302830 1788.9
1302840 1790.2
1302850 1790.2
1302860 1791.0
1302870 1791.9
1302880 1791.9
1302890 1792.4
1302900 1792.4
1302910 1792.4
1302920 1792.1
1302930 1791.7
1302940 1790.3
1302950 1790.3
1302960 1783.0
1302970 1773.8
1302980 1773.8
1302990 1768.1
1303000 1762.8
1303010 1762.8
1303020 1754.2
1303030 1747.6
1303040 1747.6
1303050 1742.7
1303060 1736.7
1303070 1736.7
1303080 1728.8
1303090 1719.7
1303100 1719.7
1303110 1706.8
1303120 1693.1
1303130 1693.1
1303140 1679.3
1303150 1670.7
1303160 1670.7
1303170 1665.8
1303180 1660.6
1303190 1660.6
1303200 1654.6
1303210 1648.4
1303220 1648.4
1303230 1643.2
1303240 1638.3
1303250 1633.2
1303260 1633.2
1303270 1628.6
1303280 1623.9
1303290 1623.9
1303300 1619.4
1303310 1614.7
1303320 1614.7
1303330 1609.8
1303340 1605.0
1303350 1610.2
1303360 1605.2
1303370 1600.3
1303380 1600.3
1303390 1595.5
1303400 1590.0
1303410 1590.0
1303420 1584.2
1303430 1578.0
1303440 1578.0
1303450 1570.5
1303460 1562.3
1303470 1562.3
1303480 1558.6
1303490 1560.2
1303500 1560.2
1303510 1561.7
1303520 1558.5
1303530 1558.5
1303540 1548.8
1303550 1540.4
1303560 1539.8
1303570 1539.8
1303580 1541.1
1303590 1545.1
1303600 1545.1
1303610 1543.1
1303620 1539.3
1303630 1539.3
1303640 1537.2
1303650 1534.0
1303660 1534.0
1303670 1528.2
1303680 1521.0
1303690 1521.0
1303700 1515.6
1303710 1512.1
1303720 1512.1
1303730 1515.7
1303740 1517.4
1303750 1517.4
1303760 1515.0
1303770 1511.6
1303780 1511.6
1303790 1507.9
1303800 1506.0
1303810 1506.0
1303820 1503.5
1303830 1501.8
1303840 1501.8
1303850 1500.2
1303860 1498.6
1303870 1497.6
1303880 1497.6
1303890 1496.0
1303900 1493.7
1303910 1493.7
1303920 1492.2
1303930 1490.5
1303940 1490.5
1303950 1491.4
1303960 1493.8
1303970 1493.8
1303980 1495.5
1303990 1496.3
1304000 1496.3
1304010 1495.7
1304020 1493.6
1304030 1493.6
1304040 1491.0
1304050 1500.6
1304060 1500.6
1304070 1499.6
1304080 1501.6
1304090 1501.6
1304100 1499.5
1304110 1496.8
1304120 1496.8
1304130 1497.3
1304140 1499.0
1304150 1494.1
1304160 1494.1
1304170 1490.5
1304180 1489.1
1304190 1489.1
1304200 1483.1
1304210 1474.2
1304220 1474.2
1304230 1465.7
1304240 1460.3
1304250 1460.3
1304260 1460.4
1304270 1465.8
1304280 1465.8
1304290 1473.8
1304300 1478.8
1304310 1478.8
1304320 1481.1
1304330 1482.6
1304340 1482.6
1304350 1483.4
1304360 1484.1
1304370 1484.1
1304380 1484.6
1304390 1484.1
1304400 1484.1
1304410 1481.4
1304420 1476.2
1304430 1476.2
1304440 1470.0
1304450 1463.7
1304460 1457.8
1304470 1457.8
1304480 1452.5
1304490 1447.6
1304500 1447.6
1304510 1444.3
1304520 1441.3
1304530 1441.3
1304540 1438.4
1304550 1435.3
1304560 1435.3
1304570 1429.9
1304580 1424.5
1304590 1424.5
1304600 1419.4
1304610 1417.4
1304620 1417.4
1304630 1422.6
1304640 1429.8
1304650 1429.8
1304660 1437.6
1304670 1445.3
1304680 1445.3
1304690 1452.3
1304700 1459.7
1304710 1459.7
1304720 1467.2
1304730 1473.2
1304740 1473.2
1304750 1478.5
1304760 1486.1
1304770 1491.7
1304780 1491.7
1304790 1497.1
1304800 1502.2
1304810 1502.2
1304820 1507.0
1304830 1511.6
1304840 1511.6
1304850 1516.0
1304860 1520.0
1304870 1520.0
1304880 1523.7
1304890 1526.1
1304900 1526.1
1304910 1527.0
1304920 1528.4
1304930 1528.4
1304940 1529.9
1304950 1528.7
1304960 1528.7
1304970 1526.8
1304980 1526.2
1304990 1526.2
1305000 1527.0
1305010 1527.7
1305020 1527.7
1305030 1527.0
1305040 1528.7
1305050 1528.7
1305060 1531.5
1305070 1533.8
1305080 1534.9
1305090 1534.9
1305100 1538.9
1305110 1546.8
1305120 1546.8
1305130 1552.1
1305140 1554.0
1305150 1554.0
1305160 1554.1
1305170 1552.8
1305180 1552.8
1305190 1549.5
1305200 1547.5
1305210 1547.5
1305220 1546.1
1305230 1540.1
1305240 1540.1
1305250 1530.8
1305260 1521.1
1305270 1521.1
1305280 1510.8
1305290 1494.4
1305300 1494.4
1305310 1481.8
1305320 1472.9
1305330 1472.9
1305340 1463.9
1305350 1455.7
1305360 1444.6
1305370 1444.6
1305380 1428.6
1305390 1415.9
1305400 1415.9
1305410 1406.7
1305420 1398.7
1305430 1398.7
1305440 1391.2
1305450 1384.1
1305460 1384.1
1305470 1375.5
1305480 1369.1
1305490 1369.1
1305500 1363.0
1305510 1356.9
1305520 1356.9
1305530 1350.8
1305540 1344.8
1305550 1344.8
1305560 1339.2
1305570 1334.7
1305580 1334.7
1305590 1330.1
1305600 1325.5
1305610 1325.5
1305620 1321.3
1305630 1317.1
1305640 1317.1
1305650 1313.4
1305660 1309.3
1305670 1305.1
1305680 1305.1
1305690 1301.6
1305700 1296.9
1305710 1296.9
1305720 1289.9
1305730 1282.3
1305740 1282.3
1305750 1271.0
1305760 1258.6
1305770 1258.6
1305780 1248.1
1305790 1238.2
1305800 1238.2
1305810 1228.9
1305820 1219.9
1305830 1219.9
1305840 1211.6
1305850 1203.7
1305860 1203.7
1305870 1196.5
1305880 1189.3
1305890 1189.3
1305900 1181.7
1305910 1173.3
1305920 1173.3
1305930 1166.9
1305940 1169.9
1305950 1169.9
1305960 1176.0
1305970 1179.1
1305980 1181.6
1305990 1181.6
1306000 1184.0
1306010 1185.0
1306020 1185.0
1306030 1186.2
1306040 1188.1
1306050 1188.1
1306060 1189.0
1306070 1189.9
1306080 1189.9
1306090 1189.0
1306100 1187.8
1306110 1187.8
1306120 1186.3
1306130 1184.6
1306140 1184.6
1306150 1184.9
1306160 1187.2
1306170 1187.2
1306180 1187.9
1306190 1192.3
1306200 1192.3
1306210 1192.1
1306220 1191.2
1306230 1191.2
1306240 1190.0
1306250 1188.0
1306260 1188.0
1306270 1185.7
1306280 1182.7
1306290 1180.4
1306300 1180.4
1306310 1176.5
1306320 1173.1
1306330 1173.1
1306340 1171.5
1306350 1171.0
1306360 1171.0
1306370 1171.9
1306380 1173.4
1306390 1173.4
1306400 1173.2
1306410 1172.1
1306420 1172.1
1306430 1171.5
1306440 1171.3
1306450 1171.3
1306460 1170.7
1306470 1170.1
1306480 1170.1
1306490 1169.0
1306500 1167.9
1306510 1167.9
1306520 1166.1
1306530 1163.6
1306540 1163.6
1306550 1160.7
1306560 1158.1
1306570 1156.5
1306580 1156.5
1306590 1155.6
1306600 1155.4
1306610 1155.4
1306620 1154.3
1306630 1152.5
1306640 1152.5
1306650 1150.9
1306660 1149.4
1306670 1149.4
1306680 1147.4
1306690 1145.9
1306700 1145.9
1306710 1144.4
1306720 1142.2
1306730 1142.2
1306740 1138.9
1306750 1134.9
1306760 1134.9
1306770 1131.2
1306780 1127.7
1306790 1127.7
1306800 1124.2
1306810 1121.6
1306820 1121.6
1306830 1120.4
1306840 1119.5
1306850 1119.5
1306860 1118.2
1306870 1116.8
1306880 1114.7
1306890 1114.7
1306900 1111.6
1306910 1111.0
1306920 1111.0
1306930 1107.8
1306940 1104.9
1306950 1104.9
1306960 1101.6
1306970 1097.8
1306980 1097.8
1306990 1094.2
1307000 1091.3
1307010 1091.3
1307020 1088.4
1307030 1085.0
1307040 1085.0
1307050 1081.9
1307060 1079.8
1307070 1079.8
1307080 1079.1
1307090 1078.5
1307100 1078.5
1307110 1078.2
1307120 1079.8
1307130 1079.8
1307140 1082.4
1307150 1085.9
1307160 1085.9
1307170 1089.7
1307180 1092.2
1307190 1092.1
1307200 1092.1
1307210 1090.2
1307220 1088.2
1307230 1088.2
1307240 1085.0
1307250 1080.4
1307260 1080.4
1307270 1074.7
1307280 1068.4
1307290 1068.4
1307300 1061.6
1307310 1055.0
1307320 1055.0
1307330 1049.1
1307340 1045.0
1307350 1045.0
1307360 1042.2
1307370 1040.3
1307380 1040.3
1307390 1039.8
1307400 1041.3
1307410 1041.3
1307420 1043.5
1307430 1042.0
1307440 1042.0
1307450 1036.6
1307460 1031.4
1307470 1031.4
1307480 1027.3
1307490 1023.9
1307500 1019.0
1307510 1019.0
1307520 1016.9
1307530 1020.0
1307540 1020.0
1307550 1019.1
1307560 1016.5
1307570 1016.5
1307580 1015.6
1307590 1013.8
1307600 1013.8
1307610 1009.8
1307620 1004.6
1307630 1005.8
1307640 1002.9
1307650 1001.2
1307660 1001.2
1307670 999.6
1307680 997.7
1307690 997.7
1307700 996.1
1307710 994.7
1307720 994.7
1307730 992.8
1307740 990.9
1307750 990.9
1307760 988.8
1307770 986.7
1307780 984.8
1307790 984.8
1307800 982.8
1307810 980.4
1307820 980.4
1307830 978.0
1307840 976.1
1307850 976.1
1307860 974.2
1307870 972.2
1307880 972.2
1307890 970.2
1307900 968.4
1307910 968.4
1307920 966.5
1307930 964.8
1307940 964.8
1307950 963.1
1307960 961.5
1307970 961.5
1307980 959.8
1307990 957.9
1308000 957.9
1308010 956.1
1308020 954.3
1308030 954.3
1308040 952.7
1308050 950.8
1308060 950.8
1308070 948.9
1308080 947.5
1308090 946.1
1308100 946.1
1308110 944.8
1308120 943.7
1308130 943.7
1308140 942.6
1308150 941.6
1308160 941.6
1308170 940.4
1308180 939.4
1308190 939.4
1308200 938.2
1308210 937.1
1308220 937.1
1308230 936.2
1308240 935.0
1308250 935.0
1308260 933.5
1308270 932.1
1308280 932.1
1308290 931.1
1308300 930.2
1308310 930.2
1308320 929.1
1308330 928.0
1308340 928.0
1308350 926.9
1308360 925.7
1308370 925.7
1308380 924.5
1308390 923.5
1308400 922.3
1308410 922.3
1308420 921.2
1308430 920.2
1308440 920.2
1308450 919.0
1308460 917.8
1308470 917.8
1308480 916.7
1308490 915.7
1308500 915.7
1308510 914.6
1308520 913.4
1308530 913.4
1308540 912.2
1308550 911.0
1308560 911.0
1308570 909.8
1308580 905.5
1308590 905.5
1308600 899.1
1308610 893.1
1308620 893.1
1308630 888.4
1308640 885.1
1308650 885.1
1308660 881.7
1308670 877.7
1308680 877.7
1308690 873.4
1308700 868.5
1308710 865.3
1308720 865.3
1308730 865.6
1308740 865.3
1308750 865.3
1308760 865.8
1308770 866.5
1308780 866.5
1308790 865.3
1308800 861.3
1308810 861.3
1308820 856.7
1308830 851.6
1308840 851.6
1308850 846.9
1308860 843.1
1308870 843.1
1308880 839.7
1308890 836.8
1308900 836.8
1308910 834.0
1308920 831.5
1308930 831.5
1308940 829.1
1308950 826.1
1308960 826.1
1308970 821.9
1308980 818.2
1308990 815.9
1309000 815.9
1309010 813.3
1309020 810.6
1309030 810.6
1309040 808.7
1309050 806.3
1309060 806.3
1309070 803.6
1309080 798.7
1309090 798.7
1309100 792.5
1309110 786.0
1309120 786.0
1309130 779.6
1309140 772.3
1309150 772.3
1309160 765.0
1309170 758.5
1309180 758.5
1309190 753.8
1309200 751.1
1309210 751.1
1309220 750.0
1309230 751.2
1309240 751.2
1309250 754.6
1309260 759.2
1309270 759.2
1309280 758.8
1309290 756.2
1309300 756.6
1309310 756.6
1309320 754.3
1309330 752.2
1309340 752.2
1309350 750.4
1309360 745.2
1309370 745.2
1309380 737.7
1309390 735.1
1309400 735.1
1309410 736.9
1309420 731.3
1309430 731.3
1309440 724.9
1309450 721.0
1309460 721.0
1309470 721.0
1309480 720.7
1309490 720.7
1309500 717.6
1309510 715.0
1309520 715.0
1309530 711.8
1309540 708.0
1309550 708.0
1309560 701.6
1309570 697.5
1309580 697.5
1309590 689.9
1309600 685.1
1309610 682.0
1309620 682.0
1309630 679.3
1309640 675.9
1309650 675.9
1309660 676.0
1309670 679.2
1309680 679.2
1309690 683.8
1309700 686.7
1309710 686.7
1309720 688.1
1309730 688.9
1309740 688.9
1309750 688.4
1309760 688.6
1309770 688.6
1309780 690.1
1309790 691.8
1309800 691.8
1309810 692.7
1309820 696.4
1309830 696.4
1309840 703.1
1309850 709.6
1309860 709.6
1309870 714.4
1309880 713.6
1309890 713.6
1309900 711.7
1309910 709.2
1309920 708.8
1309930 708.8
1309940 710.4
1309950 713.6
1309960 713.6
1309970 717.9
1309980 723.1
1309990 723.1
1310000 728.7
1310010 734.3
1310020 734.3
1310030 740.3
1310040 745.7
1310050 745.7
1310060 750.8
1310070 756.3
1310080 756.3
1310090 763.2
1310100 770.1
1310110 770.1
1310120 777.0
1310130 783.4
1310140 783.4
1310150 786.4
1310160 785.4
1310170 785.4
1310180 782.5
1310190 779.5
1310200 777.9
1310210 777.9
1310220 775.9
1310230 772.0
1310240 772.0
1310250 770.0
1310260 771.3
1310270 771.3
1310280 770.3
1310290 766.4
1310300 766.4
1310310 764.9
1310320 763.9
1310330 763.9
1310340 762.2
1310350 761.7
1310360 761.7
1310370 760.3
1310380 758.2
1310390 758.2
1310400 756.3
1310410 754.9
1310420 754.9
1310430 753.8
1310440 752.5
1310450 752.5
1310460 750.8
1310470 748.5
1310480 748.5
1310490 746.0
1310500 743.9
1310510 742.1
1310520 742.1
1310530 740.2
1310540 737.2
1310550 737.2
1310560 737.0
1310570 736.7
1310580 736.7
1310590 736.4
1310600 736.0
1310610 736.0
1310620 735.1
1310630 734.1
1310640 734.1
1310650 733.2
1310660 732.2
1310670 732.2
1310680 730.7
1310690 729.1
1310700 729.1
1310710 728.0
1310720 727.3
1310730 727.3
1310740 726.7
1310750 726.6
1310760 726.6
1310770 726.6
1310780 726.1
1310790 726.1
1310800 725.2
1310810 724.1
1310820 722.8
1310830 722.8
1310840 721.6
1310850 720.5
1310860 720.5
1310870 719.4
1310880 718.3
1310890 718.3
1310900 717.1
1310910 715.8
1310920 715.8
1310930 714.4
1310940 713.0
1310950 713.0
1310960 711.9
1310970 710.9
1310980 710.9
1310990 710.2
1311000 709.7
1311010 709.7
1311020 708.9
1311030 707.9
1311040 707.9
1311050 706.7
1311060 705.4
1311070 705.4
1311080 704.2
1311090 702.8
1311100 702.8
1311110 701.2
1311120 700.0
1311130 698.9
1311140 698.9
1311150 697.9
1311160 696.6
1311170 696.6
1311180 695.5
1311190 694.4
1311200 694.4
1311210 693.3
1311220 691.9
1311230 691.9
1311240 690.7
1311250 689.8
1311260 689.8
1311270 688.9
1311280 687.8
1311290 687.8
1311300 686.7
1311310 685.3
1311320 685.3
1311330 684.3
1311340 682.8
1311350 682.8
1311360 681.2
1311370 680.5
1311380 680.5
1311390 678.5
1311400 675.8
1311410 672.6
1311420 672.6
1311430 669.8
1311440 670.9
1311450 670.9
1311460 670.3
1311470 671.6
1311480 671.6
1311490 672.0
1311500 671.8
1311510 671.8
1311520 671.2
1311530 670.5
1311540 670.5
1311550 669.7
1311560 669.1
1311570 669.1
1311580 668.2
1311590 667.0
1311600 667.0
1311610 666.3
1311620 665.4
1311630 665.4
1311640 664.3
1311650 663.6
1311660 663.6
1311670 662.5
1311680 661.4
1311690 661.4
1311700 660.6
1311710 659.7
1311720 658.8
1311730 658.8
1311740 658.0
1311750 657.0
1311760 657.0
1311770 655.7
1311780 654.8
1311790 654.8
1311800 653.8
1311810 652.8
1311820 652.8
1311830 652.0
1311840 651.1
1311850 651.1
1311860 650.2
1311870 649.4
1311880 649.4
1311890 648.6
1311900 647.8
1311910 647.8
1311920 647.1
1311930 646.4
1311940 646.4
1311950 645.7
1311960 644.9
1311970 644.9
1311980 644.3
1311990 644.7
1312000 644.7
1312010 649.4
1312020 649.9
1312030 649.3
1312040 649.3
1312050 648.7
1312060 648.6
1312070 648.6
1312080 648.9
1312090 650.1
1312100 650.1
1312110 651.6
1312120 653.8
1312130 653.8
1312140 655.4
1312150 656.4
1312160 656.4
1312170 656.2
1312180 657.5
1312190 657.5
1312200 660.7
1312210 661.7
1312220 661.7
1312230 661.0
1312240 662.7
1312250 662.7
1312260 665.9
1312270 666.1
1312280 666.1
1312290 664.9
1312300 662.7
1312310 662.7
1312320 659.2
1312330 656.9
1312340 657.1
1312350 657.1
1312360 657.4
1312370 657.4
1312380 657.4
1312390 654.5
1312400 650.5
1312410 650.5
1312420 650.6
1312430 654.0
1312440 654.0
1312450 655.1
1312460 652.4
1312470 652.4
1312480 649.9
1312490 651.2
1312500 651.2
1312510 654.1
1312520 655.6
1312530 655.6
1312540 658.9
1312550 662.0
1312560 662.0
1312570 665.4
1312580 667.1
1312590 667.1
1312600 667.6
1312610 665.3
1312620 662.2
1312630 662.2
1312640 661.6
1312650 662.6
1312660 662.6
1312670 662.8
1312680 660.2
1312690 660.2
1312700 657.3
1312710 656.9
1312720 656.9
1312730 657.0
1312740 654.8
1312750 654.8
1312760 646.4
1312770 642.6
1312780 642.6
1312790 640.2
1312800 639.7
1312810 639.7
1312820 640.7
1312830 643.7
1312840 643.7
1312850 646.9
1312860 645.7
1312870 645.7
1312880 643.6
1312890 642.6
1312900 642.6
1312910 638.6
1312920 634.3
1312930 629.8
1312940 629.8
1312950 625.2
1312960 620.5
1312970 620.5
1312980 615.5
1312990 610.5
1313000 610.5
1313010 605.5
1313020 600.7
1313030 600.7
1313040 595.8
1313050 590.8
1313060 590.8
1313070 585.5
1313080 580.3
1313090 580.3
1313100 575.7
1313110 572.9
1313120 572.9
1313130 571.9
1313140 571.3
1313150 571.3
1313160 570.8
1313170 570.2
1313180 570.2
1313190 569.9
1313200 569.5
1313210 569.5
1313220 569.0
1313230 568.5
1313240 567.9
1313250 567.9
1313260 567.2
1313270 566.5
1313280 566.5
1313290 565.8
1313300 565.5
1313310 565.5
1313320 564.8
1313330 563.2
1313340 563.2
1313350 562.1
1313360 562.0
1313370 562.0
1313380 561.6
1313390 561.5
1313400 561.5
1313410 561.3
1313420 561.3
1313430 561.3
1313440 561.4
1313450 561.0
1313460 561.0
1313470 560.5
1313480 559.7
1313490 559.7
1313500 558.5
1313510 557.8
1313520 557.8
1313530 557.6
1313540 557.2
1313550 556.5
1313560 556.5
1313570 555.9
1313580 555.6
1313590 555.6
1313600 555.4
1313610 555.1
1313620 555.1
1313630 554.8
1313640 554.6
1313650 554.6
1313660 554.4
1313670 554.3
1313680 554.3
1313690 554.3
1313700 554.1
1313710 554.1
1313720 553.8
1313730 553.5
1313740 553.5
1313750 554.3
1313760 553.7
1313770 553.7
1313780 554.2
1313790 552.7
1313800 552.7
1313810 553.5
1313820 553.8
1313830 551.5
1313840 551.5
1313850 551.2
1313860 550.9
1313870 550.9
1313880 550.5
1313890 550.3
1313900 550.3
1313910 550.6
1313920 551.0
1313930 551.0
1313940 551.0
1313950 550.8
1313960 550.8
1313970 550.7
1313980 550.5
1313990 550.5
1314000 550.1
1314010 549.8
1314020 549.8
1314030 549.5
1314040 549.4
1314050 549.4
1314060 549.4
1314070 549.6
1314080 549.6
1314090 549.6
1314100 549.7
1314110 549.7
1314120 549.8
1314130 549.5
1314140 549.4
1314150 549.4
1314160 549.2
1314170 548.9
1314180 548.9
1314190 548.6
1314200 548.0
1314210 548.0
1314220 547.2
1314230 546.7
1314240 546.7
1314250 549.2
1314260 551.1
1314270 551.1
1314280 552.0
1314290 552.0
1314300 552.0
1314310 551.8
1314320 551.6
1314330 551.6
1314340 551.6
1314350 551.6
1314360 551.6
1314370 551.0
1314380 549.5
1314390 549.5
1314400 549.5
1314410 550.7
1314420 550.7
1314430 550.6
1314440 549.8
1314450 548.7
1314460 548.7
1314470 547.6
1314480 546.9
1314490 546.9
1314500 546.5
1314510 546.5
1314520 546.5
1314530 546.6
1314540 546.8
1314550 546.8
1314560 547.0
1314570 547.3
1314580 547.3
1314590 547.7
1314600 547.9
1314610 547.9
1314620 547.7
1314630 547.4
1314640 547.4
1314650 547.0
1314660 547.1
1314670 547.1
1314680 547.3
1314690 547.3
1314700 547.3
1314710 547.6
1314720 547.5
1314730 547.5
1314740 547.4
1314750 547.1
1314760 547.0
1314770 547.0
1314780 546.9
1314790 546.7
1314800 546.7
1314810 546.8
1314820 546.6
1314830 546.6
1314840 546.5
1314850 546.4
1314860 546.4
1314870 546.1
1314880 545.8
1314890 545.8
1314900 545.8
1314910 545.7
1314920 545.7
1314930 545.6
1314940 545.5
1314950 545.5
1314960 545.6
1314970 545.9
1314980 545.9
1314990 545.9
1315000 545.2
1315010 545.2
1315020 545.1
1315030 545.2
1315040 545.3
1315050 545.3
1315060 545.2
1315070 545.1
1315080 545.1
1315090 544.4
1315100 543.9
1315110 543.9
1315120 543.7
1315130 543.6
1315140 543.6
1315150 543.6
1315160 543.3
1315170 543.3
1315180 543.2
1315190 543.0
1315200 543.0
1315210 542.7
1315220 542.5
1315230 542.5
1315240 542.3
1315250 542.1
1315260 542.1
1315270 541.6
1315280 541.3
1315290 541.3
1315300 541.1
1315310 541.1
1315320 541.1
1315330 540.9
1315340 540.8
1315350 540.7
1315360 540.7
1315370 540.5
1315380 540.0
1315390 540.0
1315400 539.3
1315410 538.6
1315420 538.6
1315430 538.5
1315440 538.5
1315450 538.5
1315460 538.3
1315470 538.2
1315480 538.2
1315490 537.7
1315500 537.3
1315510 537.3
1315520 536.8
1315530 536.3
1315540 536.3
1315550 535.8
1315560 535.3
1315570 535.3
1315580 535.0
1315590 534.8
1315600 534.8
1315610 534.5
1315620 534.2
1315630 534.2
1315640 533.7
1315650 533.3
1315660 532.9
1315670 532.9
1315680 532.5
1315690 532.2
1315700 532.2
1315710 531.7
1315720 531.3
1315730 531.3
1315740 530.8
1315750 530.4
1315760 530.1
1315770 529.8
1315780 529.3
1315790 529.3
1315800 528.9
1315810 528.5
1315820 528.5
1315830 528.1
1315840 527.0
1315850 527.0
1315860 525.8
1315870 525.9
1315880 525.9
1315890 526.0
1315900 526.1
1315910 526.1
1315920 526.1
1315930 526.1
1315940 526.0
1315950 526.0
1315960 525.3
1315970 525.0
1315980 525.0
1315990 524.8
1316000 524.5
1316010 524.5
1316020 524.2
1316030 524.5
1316040 524.5
1316050 524.6
1316060 524.3
1316070 524.3
1316080 522.7
1316090 521.5
1316100 521.5
1316110 521.5
1316120 521.5
1316130 521.5
1316140 521.3
1316150 521.2
1316160 521.2
1316170 521.2
1316180 521.3
1316190 521.3
1316200 521.3
1316210 521.4
1316220 521.4
1316230 521.4
1316240 521.4
1316250 521.4
1316260 521.4
1316270 521.5
1316280 521.5
1316290 521.5
1316300 521.6
1316310 521.6
1316320 521.6
1316330 521.6
1316340 521.7
1316350 521.7
1316360 521.7
1316370 521.8
1316380 521.8
1316390 521.8
1316400 521.8
1316410 521.8
1316420 521.8
1316430 521.8
1316440 521.8
1316450 521.8
1316460 521.8
1316470 521.8
1316480 521.9
1316490 522.1
1316500 522.1
1316510 523.4
1316520 523.2
1316530 523.2
1316540 522.6
1316550 522.0
1316560 521.9
1316570 521.9
1316580 521.3
1316590 519.1
1316600 519.1
1316610 518.4
1316620 518.3
1316630 518.3
1316640 518.2
1316650 518.2
1316660 518.2
1316670 518.2
1316680 518.2
1316690 518.2
1316700 518.2
1316710 518.2
1316720 518.2
1316730 518.1
1316740 518.1
1316750 518.1
1316760 518.2
1316770 518.1
1316780 518.1
1316790 518.1
1316800 518.1
1316810 518.1
1316820 518.1
1316830 518.1
1316840 518.1
1316850 518.1
1316860 518.1
1316870 518.1
1316880 518.1
1316890 518.2
1316900 518.4
1316910 518.4
1316920 518.9
1316930 519.8
1316940 519.8
1316950 520.8
1316960 521.1
1316970 521.1
1316980 521.9
1316990 522.6
1317000 522.6
1317010 522.8
1317020 522.9
1317030 522.9
1317040 522.8
1317050 522.4
1317060 522.4
1317070 522.1
1317080 521.9
1317090 521.9
1317100 521.9
1317110 521.8
1317120 521.8
1317130 521.7
1317140 521.7
1317150 521.6
1317160 521.6
1317170 521.6
1317180 521.7
1317190 521.7
1317200 521.6
1317210 521.5
1317220 521.5
1317230 521.4
1317240 521.3
1317250 521.3
1317260 521.3
1317270 521.3
1317280 521.3
1317290 521.3
1317300 521.4
1317310 521.4
1317320 521.3
1317330 521.3
1317340 521.3
1317350 521.3
1317360 521.3
1317370 521.3
1317380 521.3
1317390 521.4
1317400 521.4
1317410 521.5
1317420 520.7
1317430 520.7
1317440 520.2
1317450 521.9
1317460 521.9
1317470 521.9
1317480 521.8
1317490 521.8
1317500 521.8
1317510 521.8
1317520 521.9
1317530 521.9
1317540 522.3
1317550 522.8
1317560 522.8
1317570 523.2
1317580 521.9
1317590 521.9
1317600 519.3
1317610 517.7
1317620 517.7
1317630 517.7
1317640 517.7
1317650 517.7
1317660 518.8
1317670 522.2
1317680 522.2
1317690 522.7
1317700 522.1
1317710 522.1
1317720 522.1
1317730 522.2
1317740 522.2
1317750 522.1
1317760 522.0
1317770 521.5
1317780 521.5
1317790 521.5
1317800 521.5
1317810 521.5
1317820 521.5
1317830 521.3
1317840 521.3
1317850 521.2
1317860 521.2
1317870 521.2
1317880 521.0
1317890 520.7
1317900 520.7
1317910 520.6
1317920 520.6
1317930 520.6
1317940 520.6
1317950 520.6
1317960 520.6
1317970 520.6
1317980 520.5
1317990 520.5
1318000 520.1
1318010 520.4
1318020 520.4
1318030 520.4
1318040 520.5
1318050 520.5
1318060 520.5
1318070 520.4
1318080 520.4
1318090 520.4
1318100 520.4
1318110 521.1
1318120 521.1
1318130 522.1
1318140 522.3
1318150 522.3
1318160 522.6
1318170 524.0
1318180 524.0
1318190 524.1
1318200 522.6
1318210 522.6
1318220 522.2
1318230 525.1
1318240 525.1
1318250 532.9
1318260 541.3
1318270 541.3
1318280 547.3
1318290 557.7
1318300 557.7
1318310 567.6
1318320 574.7
1318330 574.7
1318340 584.4
1318350 598.0
1318360 603.6
1318370 603.6
1318380 608.5
1318390 616.2
1318400 616.2
1318410 619.4
1318420 624.8
1318430 624.8
1318440 632.7
1318450 637.9
1318460 637.9
1318470 641.5
1318480 648.6
1318490 648.6
1318500 658.7
1318510 668.0
1318520 668.0
1318530 675.5
1318540 678.8
1318550 678.8
1318560 681.3
1318570 683.2
1318580 683.2
1318590 686.1
1318600 689.5
1318610 689.5
1318620 692.3
1318630 693.6
1318640 693.6
1318650 686.9
1318660 687.5
1318670 701.4
1318680 701.4
1318690 711.6
1318700 714.0
1318710 714.0
1318720 718.5
1318730 730.5
1318740 730.5
1318750 737.3
1318760 736.9
1318770 736.9
1318780 748.0
1318790 755.8
1318800 765.6
1318810 773.4
1318820 783.5
1318830 783.5
1318840 794.6
1318850 809.2
1318860 809.2
1318870 822.4
1318880 823.1
1318890 823.1
1318900 822.3
1318910 833.5
1318920 833.5
1318930 848.1
1318940 857.1
1318950 857.1
1318960 864.0
1318970 871.6
1318980 875.7
1318990 875.7
1319000 876.2
1319010 873.7
1319020 873.7
1319030 871.1
1319040 868.5
1319050 868.5
1319060 866.2
1319070 863.0
1319080 863.0
1319090 866.7
1319100 872.2
1319110 872.2
1319120 875.0
1319130 878.8
1319140 878.8
1319150 885.4
1319160 890.3
1319170 890.3
1319180 891.3
1319190 893.3
1319200 893.3
1319210 889.8
1319220 895.6
1319230 895.6
1319240 907.4
1319250 916.0
1319260 916.0
1319270 921.8
1319280 925.1
1319290 927.8
1319300 927.8
1319310 929.8
1319320 929.6
1319330 929.6
1319340 929.6
1319350 928.8
1319360 928.8
1319370 931.3
1319380 936.5
1319390 936.5
1319400 946.8
1319410 961.9
1319420 961.9
1319430 968.8
1319440 969.5
1319450 969.5
1319460 974.3
1319470 978.1
1319480 978.1
1319490 981.0
1319500 981.2
1319510 981.2
1319520 976.4
1319530 971.6
1319540 971.6
1319550 967.8
1319560 962.4
1319570 961.4
1319580 961.4
1319590 957.5
1319600 950.9
1319610 950.9
1319620 942.4
1319630 935.2
1319640 935.2
1319650 928.9
1319660 919.0
1319670 919.0
1319680 909.0
1319690 901.6
1319700 901.6
1319710 900.8
1319720 903.5
1319730 903.5
1319740 907.3
1319750 912.5
1319760 912.5
1319770 918.9
1319780 927.0
1319790 927.0
1319800 929.2
1319810 923.8
1319820 923.8
1319830 919.6
1319840 919.6
1319850 919.6
1319860 921.7
1319870 924.0
1319880 918.6
1319890 918.6
1319900 920.5
1319910 931.1
1319920 931.1
1319930 944.8
1319940 949.2
1319950 949.2
1319960 955.4
1319970 962.5
1319980 962.5
1319990 973.6
