1300000 1166.8
1300010 1168.5
1300020 1168.5
1300030 1170.3
1300040 1173.4
1300050 1178.6
1300060 1178.6
1300070 1184.0
1300080 1188.7
1300090 1188.7
1300100 1193.4
1300110 1197.8
1300120 1197.8
1300130 1201.1
1300140 1203.4
1300150 1203.4
1300160 1204.9
1300170 1205.9
1300180 1205.9
1300190 1207.4
1300200 1211.9
1300210 1211.9
1300220 1217.3
1300230 1221.8
1300240 1221.8
1300250 1225.5
1300260 1225.4
1300270 1225.4
1300280 1225.3
1300290 1228.0
1300300 1228.0
1300310 1232.0
1300320 1235.9
1300330 1235.9
1300340 1238.8
1300350 1242.1
1300360 1246.7
1300370 1246.7
1300380 1252.4
1300390 1258.2
1300400 1258.2
1300410 1262.5
1300420 1266.0
1300430 1266.0
1300440 1268.9
1300450 1272.6
1300460 1272.6
1300470 1276.3
1300480 1280.5
1300490 1280.5
1300500 1285.0
1300510 1290.2
1300520 1290.2
1300530 1295.8
1300540 1301.5
1300550 1301.5
1300560 1306.4
1300570 1310.7
1300580 1310.7
1300590 1313.0
1300600 1313.8
1300610 1313.8
1300620 1317.9
1300630 1319.5
1300640 1319.5
1300650 1322.9
1300660 1322.2
1300670 1325.8
1300680 1325.8
1300690 1338.9
1300700 1347.4
1300710 1347.4
1300720 1345.3
1300730 1342.1
1300740 1342.1
1300750 1359.8
1300760 1367.5
1300770 1367.5
1300780 1366.1
1300790 1370.6
1300800 1370.6
1300810 1378.3
1300820 1390.2
1300830 1390.2
1300840 1401.4
1300850 1406.3
1300860 1406.3
1300870 1409.9
1300880 1413.8
1300890 1413.8
1300900 1417.0
1300910 1419.1
1300920 1419.1
1300930 1421.0
1300940 1422.9
1300950 1422.9
1300960 1424.2
1300970 1434.5
1300980 1443.7
1300990 1443.7
1301000 1449.6
1301010 1455.9
1301020 1455.9
1301030 1462.3
1301040 1468.1
1301050 1468.1
1301060 1470.9
1301070 1473.2
1301080 1473.2
1301090 1475.8
1301100 1479.2
1301110 1479.2
1301120 1482.4
1301130 1483.8
1301140 1483.8
1301150 1484.2
1301160 1484.6
1301170 1484.6
1301180 1485.0
1301190 1485.6
1301200 1485.6
1301210 1486.6
1301220 1486.6
1301230 1486.6
1301240 1485.7
1301250 1485.5
1301260 1485.4
1301270 1485.4
1301280 1484.8
1301290 1483.2
1301300 1483.2
1301310 1481.6
1301320 1482.2
1301330 1482.2
1301340 1483.1
1301350 1487.6
1301360 1487.6
1301370 1485.6
1301380 1483.6
1301390 1483.6
1301400 1484.9
1301410 1487.2
1301420 1487.2
1301430 1491.4
1301440 1495.0
1301450 1495.0
1301460 1497.0
1301470 1497.6
1301480 1497.6
1301490 1500.6
1301500 1505.0
1301510 1505.0
1301520 1508.6
1301530 1512.0
1301540 1512.0
1301550 1515.4
1301560 1519.5
1301570 1524.0
1301580 1524.0
1301590 1528.7
1301600 1534.2
1301610 1534.2
1301620 1538.1
1301630 1542.6
1301640 1542.6
1301650 1547.6
1301660 1553.4
1301670 1553.4
1301680 1559.8
1301690 1566.4
1301700 1566.4
1301710 1573.1
1301720 1579.7
1301730 1579.7
1301740 1586.4
1301750 1593.0
1301760 1593.0
1301770 1599.1
1301780 1604.7
1301790 1604.7
1301800 1610.1
1301810 1615.5
1301820 1615.5
1301830 1620.5
1301840 1624.7
1301850 1624.7
1301860 1628.3
1301870 1632.8
1301880 1638.0
1301890 1638.0
1301900 1643.3
1301910 1648.3
1301920 1648.3
1301930 1653.1
1301940 1658.1
1301950 1658.1
1301960 1663.5
1301970 1669.0
1301980 1669.0
1301990 1675.3
1302000 1681.4
1302010 1681.4
1302020 1687.1
1302030 1692.8
1302040 1692.8
1302050 1695.9
1302060 1695.9
1302070 1695.9
1302080 1693.5
1302090 1693.2
1302100 1693.2
1302110 1695.3
1302120 1699.5
1302130 1699.5
1302140 1703.8
1302150 1708.4
1302160 1708.4
1302170 1713.3
1302180 1718.9
1302190 1723.9
1302200 1723.9
1302210 1728.3
1302220 1732.0
1302230 1732.0
1302240 1734.9
1302250 1738.9
1302260 1738.9
1302270 1742.7
1302280 1745.1
1302290 1745.1
1302300 1747.1
1302310 1748.2
1302320 1748.2
1302330 1749.0
1302340 1749.6
1302350 1749.6
1302360 1748.6
1302370 1748.5
1302380 1748.5
1302390 1750.9
1302400 1750.9
1302410 1750.9
1302420 1746.8
1302430 1749.3
1302440 1749.3
1302450 1751.9
1302460 1756.5
1302470 1756.5
1302480 1757.8
1302490 1758.4
1302500 1758.4
1302510 1758.4
1302520 1758.2
1302530 1759.2
1302540 1759.2
1302550 1761.0
1302560 1763.1
1302570 1763.1
1302580 1764.9
1302590 1766.7
1302600 1766.7
1302610 1768.2
1302620 1769.5
1302630 1769.5
1302640 1770.9
1302650 1772.1
1302660 1772.1
1302670 1773.2
1302680 1773.1
1302690 1773.1
1302700 1772.5
1302710 1771.5
1302720 1771.5
1302730 1770.2
1302740 1769.5
1302750 1766.1
1302760 1765.7
1302770 1758.8
1302780 1758.8
1302790 1747.8
1302800 1740.9
1302810 1735.6
1302820 1735.6
1302830 1730.9
1302840 1725.4
1302850 1725.4
1302860 1721.5
1302870 1721.1
1302880 1721.1
1302890 1721.0
1302900 1715.9
1302910 1715.9
1302920 1710.8
1302930 1708.4
1302940 1708.4
1302950 1708.3
1302960 1709.1
1302970 1709.1
1302980 1713.5
1302990 1720.3
1303000 1720.3
1303010 1725.4
1303020 1727.6
1303030 1727.6
1303040 1729.5
1303050 1731.6
1303060 1731.6
1303070 1733.7
1303080 1735.9
1303090 1735.9
1303100 1739.1
1303110 1743.3
1303120 1748.2
1303130 1748.2
1303140 1753.5
1303150 1760.3
1303160 1760.3
1303170 1767.9
1303180 1774.9
1303190 1774.9
1303200 1782.6
1303210 1790.2
1303220 1790.2
1303230 1797.8
1303240 1806.5
1303250 1806.5
1303260 1814.1
1303270 1819.1
1303280 1819.1
1303290 1823.8
1303300 1827.9
1303310 1827.9
1303320 1831.6
1303330 1835.4
1303340 1835.4
1303350 1839.3
1303360 1842.3
1303370 1842.3
1303380 1843.3
1303390 1842.2
1303400 1841.5
1303410 1841.5
1303420 1846.3
1303430 1851.6
1303440 1851.6
1303450 1848.2
1303460 1853.2
1303470 1853.2
1303480 1857.9
1303490 1862.9
1303500 1862.9
1303510 1868.5
1303520 1871.7
1303530 1871.7
1303540 1870.4
1303550 1864.7
1303560 1864.7
1303570 1857.9
1303580 1851.9
1303590 1851.9
1303600 1847.5
1303610 1843.3
1303620 1843.3
1303630 1840.2
1303640 1838.9
1303650 1838.9
1303660 1838.6
1303670 1835.1
1303680 1835.1
1303690 1835.3
1303700 1831.1
1303710 1822.5
1303720 1822.5
1303730 1815.2
1303740 1809.0
1303750 1809.0
1303760 1804.9
1303770 1802.6
1303780 1802.6
1303790 1795.1
1303800 1787.6
1303810 1787.6
1303820 1780.6
1303830 1781.5
1303840 1781.5
1303850 1786.1
1303860 1791.0
1303870 1791.0
1303880 1792.6
1303890 1784.7
1303900 1784.7
1303910 1770.6
1303920 1760.9
1303930 1760.9
1303940 1754.9
1303950 1747.7
1303960 1747.7
1303970 1741.9
1303980 1736.7
1303990 1736.7
1304000 1733.9
1304010 1730.0
1304020 1723.9
1304030 1723.9
1304040 1730.2
1304050 1734.5
1304060 1734.5
1304070 1729.6
1304080 1720.9
1304090 1720.9
1304100 1712.9
1304110 1705.0
1304120 1705.0
1304130 1701.4
1304140 1700.5
1304150 1700.5
1304160 1685.8
1304170 1684.2
1304180 1684.2
1304190 1678.2
1304200 1671.0
1304210 1671.0
1304220 1664.5
1304230 1658.9
1304240 1658.9
1304250 1654.2
1304260 1648.2
1304270 1648.2
1304280 1646.2
1304290 1646.6
1304300 1646.6
1304310 1646.2
1304320 1644.3
1304330 1638.2
1304340 1638.2
1304350 1630.8
1304360 1623.0
1304370 1623.0
1304380 1616.0
1304390 1610.0
1304400 1610.0
1304410 1602.0
1304420 1593.1
1304430 1593.1
1304440 1583.9
1304450 1573.9
1304460 1573.9
1304470 1565.3
1304480 1564.5
1304490 1564.5
1304500 1568.8
1304510 1568.9
1304520 1568.9
1304530 1566.5
1304540 1556.5
1304550 1556.5
1304560 1554.5
1304570 1559.2
1304580 1559.2
1304590 1567.5
1304600 1577.6
1304610 1577.6
1304620 1583.6
1304630 1580.5
1304640 1571.3
1304650 1571.3
1304660 1562.2
1304670 1553.8
1304680 1553.8
1304690 1546.3
1304700 1538.1
1304710 1538.1
1304720 1530.9
1304730 1521.9
1304740 1521.9
1304750 1510.5
1304760 1505.5
1304770 1505.5
1304780 1512.3
1304790 1517.8
1304800 1517.8
1304810 1518.5
1304820 1520.4
1304830 1520.4
1304840 1518.3
1304850 1511.1
1304860 1502.9
1304870 1496.5
1304880 1490.1
1304890 1490.1
1304900 1484.1
1304910 1477.7
1304920 1477.7
1304930 1470.7
1304940 1464.1
1304950 1458.8
1304960 1458.8
1304970 1452.6
1304980 1446.7
1304990 1446.7
1305000 1440.8
1305010 1434.9
1305020 1434.9
1305030 1426.9
1305040 1416.7
1305050 1416.7
1305060 1414.2
1305070 1415.4
1305080 1415.4
1305090 1412.6
1305100 1402.7
1305110 1402.7
1305120 1393.7
1305130 1384.9
1305140 1384.9
1305150 1373.0
1305160 1375.6
1305170 1375.6
1305180 1372.2
1305190 1370.9
1305200 1370.9
1305210 1368.2
1305220 1365.0
1305230 1359.1
1305240 1359.1
1305250 1351.5
1305260 1343.3
1305270 1343.3
1305280 1333.6
1305290 1324.4
1305300 1324.4
1305310 1322.0
1305320 1319.6
1305330 1319.6
1305340 1308.4
1305350 1292.5
1305360 1292.5
1305370 1277.0
1305380 1269.7
1305390 1269.7
1305400 1262.0
1305410 1259.6
1305420 1259.6
1305430 1253.3
1305440 1246.2
1305450 1246.2
1305460 1240.5
1305470 1234.4
1305480 1234.4
1305490 1228.1
1305500 1225.3
1305510 1225.3
1305520 1219.6
1305530 1210.8
1305540 1205.5
1305550 1205.5
1305560 1200.0
1305570 1192.2
1305580 1184.4
1305590 1176.7
1305600 1171.4
1305610 1171.4
1305620 1167.3
1305630 1161.7
1305640 1161.7
1305650 1155.8
1305660 1152.9
1305670 1152.9
1305680 1145.1
1305690 1134.2
1305700 1134.2
1305710 1124.3
1305720 1116.2
1305730 1116.2
1305740 1108.8
1305750 1101.5
1305760 1101.5
1305770 1094.4
1305780 1087.9
1305790 1087.9
1305800 1081.6
1305810 1074.4
1305820 1074.4
1305830 1067.7
1305840 1061.8
1305850 1056.7
1305860 1056.7
1305870 1050.8
1305880 1044.5
1305890 1044.5
1305900 1041.2
1305910 1040.7
1305920 1040.7
1305930 1041.1
1305940 1043.4
1305950 1043.4
1305960 1050.2
1305970 1059.1
1305980 1059.1
1305990 1069.0
1306000 1076.1
1306010 1076.1
1306020 1080.1
1306030 1082.4
1306040 1082.4
1306050 1083.6
1306060 1085.7
1306070 1085.7
1306080 1092.6
1306090 1096.0
1306100 1096.0
1306110 1098.4
1306120 1100.9
1306130 1100.9
1306140 1103.3
1306150 1105.3
1306160 1107.8
1306170 1107.8
1306180 1111.0
1306190 1114.4
1306200 1114.4
1306210 1118.0
1306220 1121.6
1306230 1121.6
1306240 1124.9
1306250 1127.3
1306260 1127.3
1306270 1129.5
1306280 1131.5
1306290 1139.2
1306300 1140.6
1306310 1141.8
1306320 1141.8
1306330 1142.6
1306340 1144.6
1306350 1144.6
1306360 1146.5
1306370 1148.4
1306380 1148.4
1306390 1149.8
1306400 1150.7
1306410 1150.7
1306420 1151.7
1306430 1152.9
1306440 1152.9
1306450 1153.5
1306460 1154.5
1306470 1156.0
1306480 1156.0
1306490 1158.3
1306500 1160.1
1306510 1160.1
1306520 1162.0
1306530 1164.1
1306540 1164.1
1306550 1166.3
1306560 1168.0
1306570 1168.0
1306580 1166.9
1306590 1164.1
1306600 1164.1
1306610 1160.7
1306620 1156.9
1306630 1156.9
1306640 1151.9
1306650 1145.7
1306660 1145.7
1306670 1138.3
1306680 1130.7
1306690 1130.7
1306700 1123.7
1306710 1116.4
1306720 1116.4
1306730 1108.8
1306740 1101.2
1306750 1101.2
1306760 1093.6
1306770 1086.5
1306780 1079.9
1306790 1079.9
1306800 1073.1
1306810 1066.3
1306820 1066.3
1306830 1059.3
1306840 1052.1
1306850 1052.1
1306860 1045.1
1306870 1038.1
1306880 1038.1
1306890 1030.7
1306900 1023.7
1306910 1023.7
1306920 1017.0
1306930 1010.5
1306940 1010.5
1306950 1004.0
1306960 998.1
1306970 998.1
1306980 992.4
1306990 987.3
1307000 987.3
1307010 981.0
1307020 976.1
1307030 976.1
1307040 972.1
1307050 968.7
1307060 965.8
1307070 965.8
1307080 963.2
1307090 961.0
1307100 961.0
1307110 959.1
1307120 957.4
1307130 957.4
1307140 955.8
1307150 954.1
1307160 954.1
1307170 951.1
1307180 948.0
1307190 948.0
1307200 946.7
1307210 946.0
1307220 946.0
1307230 945.3
1307240 944.5
1307250 944.5
1307260 943.5
1307270 942.8
1307280 942.8
1307290 942.4
1307300 942.0
1307310 942.0
1307320 941.5
1307330 940.9
1307340 940.9
1307350 940.4
1307360 938.8
1307370 935.7
1307380 935.7
1307390 937.2
1307400 938.0
1307410 938.0
1307420 937.6
1307430 937.1
1307440 937.1
1307450 936.6
1307460 935.9
1307470 935.9
1307480 935.1
1307490 934.7
1307500 934.7
1307510 934.6
1307520 934.0
1307530 934.0
1307540 933.4
1307550 933.2
1307560 933.2
1307570 932.8
1307580 932.0
1307590 932.0
1307600 930.1
1307610 927.7
1307620 927.7
1307630 925.1
1307640 921.1
1307650 921.1
1307660 916.2
1307670 910.7
1307680 904.9
1307690 904.9
1307700 899.0
1307710 894.3
1307720 894.3
1307730 884.6
1307740 879.3
1307750 879.3
1307760 872.7
1307770 868.6
1307780 868.6
1307790 863.9
1307800 859.0
1307810 859.0
1307820 854.7
1307830 849.9
1307840 849.9
1307850 845.1
1307860 840.5
1307870 840.5
1307880 835.8
1307890 830.2
1307900 830.2
1307910 824.8
1307920 821.3
1307930 821.3
1307940 817.3
1307950 812.3
1307960 812.3
1307970 807.8
1307980 802.9
1307990 801.1
1308000 801.1
1308010 803.6
1308020 806.0
1308030 806.0
1308040 804.2
1308050 803.6
1308060 803.6
1308070 802.1
1308080 797.9
1308090 797.9
1308100 792.3
1308110 789.7
1308120 789.7
1308130 791.0
1308140 792.5
1308150 792.5
1308160 793.9
1308170 796.5
1308180 796.5
1308190 798.7
1308200 799.2
1308210 799.2
1308220 799.3
1308230 800.4
1308240 800.4
1308250 802.3
1308260 805.0
1308270 805.0
1308280 806.8
1308290 808.8
1308300 812.8
1308310 812.8
1308320 817.4
1308330 821.4
1308340 821.4
1308350 825.1
1308360 830.0
1308370 830.0
1308380 834.0
1308390 839.2
1308400 839.2
1308410 844.9
1308420 850.5
1308430 850.5
1308440 856.0
1308450 861.1
1308460 856.2
1308470 861.3
1308480 866.3
1308490 866.3
1308500 871.7
1308510 878.0
1308520 878.0
1308530 883.8
1308540 887.0
1308550 887.0
1308560 888.9
1308570 891.1
1308580 891.1
1308590 893.6
1308600 896.4
1308610 899.6
1308620 899.6
1308630 902.8
1308640 903.6
1308650 903.6
1308660 902.1
1308670 899.4
1308680 899.4
1308690 895.6
1308700 891.3
1308710 891.3
1308720 886.2
1308730 880.4
1308740 880.4
1308750 877.1
1308760 879.2
1308770 879.2
1308780 881.7
1308790 881.0
1308800 881.0
1308810 879.5
1308820 880.9
1308830 880.9
1308840 884.4
1308850 889.1
1308860 889.1
1308870 894.8
1308880 901.2
1308890 901.2
1308900 907.9
1308910 915.0
1308920 922.2
1308930 922.2
1308940 929.9
1308950 936.8
1308960 936.8
1308970 938.0
1308980 933.8
1308990 933.8
1309000 932.3
1309010 932.6
1309020 932.6
1309030 933.0
1309040 932.7
1309050 932.7
1309060 933.1
1309070 937.3
1309080 937.3
1309090 940.3
1309100 939.9
1309110 939.9
1309120 939.8
1309130 940.1
1309140 940.1
1309150 941.8
1309160 941.8
1309170 941.8
1309180 934.5
1309190 934.5
1309200 935.2
1309210 935.2
1309220 937.3
1309230 940.9
1309240 940.9
1309250 945.2
1309260 949.5
1309270 949.5
1309280 951.2
1309290 949.6
1309300 949.6
1309310 946.5
1309320 945.7
1309330 945.7
1309340 946.1
1309350 945.0
1309360 945.0
1309370 947.0
1309380 951.1
1309390 951.1
1309400 953.1
1309410 953.7
1309420 953.7
1309430 954.1
1309440 954.5
1309450 954.5
1309460 955.2
1309470 955.8
1309480 955.8
1309490 956.1
1309500 956.4
1309510 956.9
1309520 956.9
1309530 957.3
1309540 957.7
1309550 957.7
1309560 958.4
1309570 958.9
1309580 958.9
1309590 958.8
1309600 958.2
1309610 958.2
1309620 954.7
1309630 949.3
1309640 949.3
1309650 943.9
1309660 938.6
1309670 938.6
1309680 933.0
1309690 928.1
1309700 928.1
1309710 927.1
1309720 928.5
1309730 928.5
1309740 931.7
1309750 935.8
1309760 935.8
1309770 939.0
1309780 941.5
1309790 941.5
1309800 944.1
1309810 945.1
1309820 943.2
1309830 943.2
1309840 938.3
1309850 932.5
1309860 932.5
1309870 926.6
1309880 921.3
1309890 921.3
1309900 915.9
1309910 912.1
1309920 912.1
1309930 906.9
1309940 901.4
1309950 901.4
1309960 897.4
1309970 896.5
1309980 896.5
1309990 896.6
1310000 896.5
1310010 896.5
1310020 896.2
1310030 896.0
1310040 896.0
1310050 895.0
1310060 894.6
1310070 894.6
1310080 895.7
1310090 898.9
1310100 898.9
1310110 902.0
1310120 901.4
1310130 900.1
1310140 900.1
1310150 901.2
1310160 903.7
1310170 903.7
1310180 907.6
1310190 912.2
1310200 912.2
1310210 916.8
1310220 921.9
1310230 921.9
1310240 928.0
1310250 934.6
1310260 934.6
1310270 941.0
1310280 946.5
1310290 946.5
1310300 949.8
1310310 952.2
1310320 952.2
1310330 954.2
1310340 955.9
1310350 955.9
1310360 957.4
1310370 958.7
1310380 958.7
1310390 961.5
1310400 964.8
1310410 964.8
1310420 966.0
1310430 966.4
1310440 966.7
1310450 966.7
1310460 966.1
1310470 970.0
1310480 970.0
1310490 975.2
1310500 980.6
1310510 980.6
1310520 986.0
1310530 990.8
1310540 990.8
1310550 994.9
1310560 999.6
1310570 999.6
1310580 1004.8
1310590 1008.4
1310600 1008.4
1310610 1012.1
1310620 1017.2
1310630 1017.2
1310640 1022.9
1310650 1023.7
1310660 1023.7
1310670 1027.5
1310680 1029.5
1310690 1029.5
1310700 1031.8
1310710 1033.7
1310720 1033.7
1310730 1035.4
1310740 1036.4
1310750 1036.1
1310760 1036.1
1310770 1034.0
1310780 1031.3
1310790 1031.3
1310800 1030.1
1310810 1029.3
1310820 1029.3
1310830 1029.3
1310840 1029.9
1310850 1029.9
1310860 1031.3
1310870 1033.1
1310880 1033.1
1310890 1034.9
1310900 1035.8
1310910 1035.8
1310920 1035.5
1310930 1035.1
1310940 1035.1
1310950 1034.7
1310960 1033.7
1310970 1033.7
1310980 1033.0
1310990 1032.7
1311000 1032.7
1311010 1032.7
1311020 1033.1
1311030 1034.7
1311040 1034.7
1311050 1036.3
1311060 1037.4
1311070 1037.4
1311080 1038.3
1311090 1039.0
1311100 1039.0
1311110 1039.0
1311120 1038.4
1311130 1038.4
1311140 1038.5
1311150 1037.9
1311160 1037.9
1311170 1037.9
1311180 1038.1
1311190 1038.1
1311200 1039.1
1311210 1040.1
1311220 1040.1
1311230 1040.7
1311240 1041.4
1311250 1041.4
1311260 1040.4
1311270 1039.7
1311280 1039.7
1311290 1039.2
1311300 1038.0
1311310 1038.0
1311320 1036.2
1311330 1037.7
1311340 1040.1
1311350 1040.1
1311360 1041.5
1311370 1042.2
1311380 1038.4
1311390 1037.7
1311400 1035.7
1311410 1035.7
1311420 1031.1
1311430 1026.8
1311440 1026.8
1311450 1025.4
1311460 1026.6
1311470 1026.6
1311480 1026.0
1311490 1023.3
1311500 1023.3
1311510 1019.1
1311520 1020.8
1311530 1020.8
1311540 1022.4
1311550 1023.7
1311560 1023.7
1311570 1024.7
1311580 1024.6
1311590 1024.6
1311600 1023.8
1311610 1024.5
1311620 1024.5
1311630 1023.7
1311640 1021.8
1311650 1020.9
1311660 1020.9
1311670 1019.4
1311680 1014.5
1311690 1014.5
1311700 1011.3
1311710 1008.8
1311720 1008.8
1311730 1003.9
1311740 1000.1
1311750 1000.1
1311760 995.7
1311770 990.8
1311780 990.8
1311790 986.6
1311800 982.9
1311810 982.9
1311820 980.3
1311830 978.8
1311840 978.8
1311850 977.4
1311860 975.8
1311870 975.8
1311880 973.9
1311890 972.0
1311900 972.0
1311910 970.0
1311920 968.2
1311930 968.2
1311940 966.5
1311950 964.1
1311960 961.0
1311970 961.0
1311980 956.5
1311990 952.2
1312000 952.2
1312010 948.4
1312020 944.9
1312030 944.9
1312040 941.4
1312050 937.3
1312060 937.3
1312070 933.7
1312080 931.4
1312090 931.4
1312100 929.5
1312110 927.6
1312120 927.8
1312130 926.0
1312140 923.2
1312150 923.2
1312160 919.3
1312170 915.6
1312180 915.6
1312190 912.7
1312200 908.6
1312210 908.6
1312220 903.8
1312230 899.4
1312240 899.4
1312250 895.7
1312260 890.4
1312270 883.2
1312280 883.2
1312290 875.5
1312300 868.2
1312310 868.2
1312320 861.0
1312330 853.5
1312340 853.5
1312350 846.0
1312360 839.3
1312370 839.3
1312380 832.4
1312390 825.6
1312400 825.6
1312410 818.6
1312420 810.9
1312430 810.9
1312440 802.6
1312450 794.3
1312460 794.3
1312470 785.0
1312480 775.3
1312490 775.3
1312500 766.1
1312510 757.2
1312520 757.2
1312530 748.4
1312540 738.5
1312550 738.5
1312560 730.0
1312570 723.0
1312580 717.9
1312590 717.9
1312600 715.4
1312610 714.0
1312620 714.0
1312630 713.1
1312640 712.6
1312650 712.6
1312660 711.7
1312670 709.7
1312680 709.7
1312690 707.4
1312700 705.7
1312710 705.7
1312720 705.1
1312730 705.1
1312740 705.1
1312750 705.3
1312760 705.4
1312770 705.4
1312780 706.0
1312790 707.6
1312800 707.6
1312810 709.1
1312820 709.8
1312830 709.8
1312840 711.7
1312850 714.4
1312860 714.4
1312870 712.1
1312880 714.8
1312890 717.8
1312900 717.8
1312910 717.0
1312920 711.7
1312930 711.7
1312940 705.2
1312950 699.0
1312960 699.0
1312970 692.9
1312980 687.0
1312990 687.0
1313000 682.3
1313010 677.1
1313020 677.1
1313030 674.3
1313040 675.9
1313050 675.9
1313060 678.3
1313070 681.7
1313080 681.7
1313090 685.9
1313100 690.6
1313110 690.6
1313120 695.3
1313130 696.2
1313140 696.2
1313150 694.8
1313160 693.3
1313170 691.5
1313180 691.5
1313190 689.5
1313200 687.8
1313210 687.8
1313220 686.3
1313230 684.5
1313240 684.5
1313250 682.8
1313260 682.0
1313270 682.0
1313280 681.0
1313290 679.5
1313300 679.5
1313310 678.2
1313320 676.8
1313330 676.8
1313340 675.6
1313350 674.3
1313360 674.3
1313370 672.8
1313380 671.3
1313390 671.3
1313400 669.9
1313410 668.9
1313420 668.9
1313430 668.1
1313440 667.7
1313450 667.7
1313460 667.7
1313470 667.3
1313480 663.9
1313490 663.9
1313500 657.7
1313510 653.7
1313520 653.7
1313530 653.1
1313540 650.9
1313550 650.9
1313560 650.2
1313570 651.8
1313580 651.8
1313590 657.0
1313600 661.9
1313610 659.7
1313620 659.5
1313630 655.3
1313640 655.3
1313650 650.7
1313660 646.2
1313670 646.2
1313680 645.4
1313690 647.5
1313700 647.5
1313710 648.7
1313720 650.2
1313730 650.2
1313740 651.1
1313750 652.0
1313760 652.0
1313770 653.3
1313780 654.2
1313790 654.9
1313800 654.9
1313810 655.9
1313820 656.7
1313830 656.7
1313840 657.1
1313850 657.8
1313860 657.8
1313870 658.7
1313880 660.3
1313890 660.3
1313900 662.7
1313910 664.5
1313920 664.5
1313930 665.2
1313940 664.3
1313950 664.3
1313960 662.3
1313970 659.7
1313980 659.7
1313990 657.4
1314000 655.3
1314010 655.3
1314020 653.2
1314030 651.2
1314040 651.2
1314050 649.1
1314060 644.7
1314070 644.7
1314080 640.5
1314090 639.5
1314100 640.8
1314110 640.8
1314120 642.2
1314130 640.7
1314140 640.7
1314150 641.5
1314160 643.3
1314170 643.3
1314180 643.3
1314190 642.0
1314200 642.0
1314210 640.7
1314220 639.2
1314230 639.2
1314240 638.0
1314250 637.4
1314260 637.4
1314270 636.7
1314280 634.9
1314290 634.9
1314300 633.3
1314310 631.8
1314320 631.8
1314330 629.6
1314340 627.9
1314350 627.9
1314360 624.7
1314370 624.8
1314380 624.8
1314390 625.1
1314400 626.0
1314410 626.5
1314420 626.5
1314430 627.2
1314440 627.3
1314450 627.3
1314460 627.9
1314470 628.2
1314480 628.2
1314490 628.5
1314500 627.9
1314510 627.9
1314520 628.3
1314530 628.4
1314540 628.4
1314550 628.0
1314560 627.2
1314570 627.2
1314580 627.8
1314590 628.2
1314600 628.2
1314610 628.8
1314620 629.6
1314630 629.6
1314640 630.5
1314650 630.7
1314660 630.7
1314670 631.5
1314680 631.8
1314690 631.3
1314700 631.3
1314710 630.9
1314720 630.3
1314730 630.3
1314740 630.1
1314750 630.1
1314760 630.1
1314770 630.0
1314780 629.1
1314790 629.1
1314800 628.9
1314810 628.8
1314820 628.8
1314830 628.2
1314840 627.7
1314850 627.7
1314860 627.8
1314870 627.9
1314880 627.9
1314890 628.3
1314900 627.6
1314910 627.6
1314920 626.4
1314930 625.6
1314940 625.6
1314950 625.1
1314960 625.1
1314970 625.1
1314980 624.3
1314990 623.3
1315000 621.9
1315010 621.9
1315020 621.4
1315030 620.4
1315040 620.4
1315050 619.1
1315060 618.2
1315070 618.2
1315080 617.4
1315090 616.3
1315100 616.3
1315110 615.1
1315120 614.0
1315130 614.0
1315140 613.0
1315150 611.9
1315160 611.9
1315170 611.2
1315180 610.4
1315190 610.4
1315200 609.5
1315210 608.5
1315220 608.5
1315230 607.6
1315240 606.5
1315250 606.5
1315260 605.0
1315270 604.1
1315280 604.1
1315290 604.0
1315300 603.4
1315310 602.8
1315320 602.8
1315330 602.0
1315340 601.2
1315350 601.2
1315360 601.2
1315370 600.5
1315380 600.5
1315390 599.7
1315400 598.8
1315410 598.8
1315420 598.3
1315430 598.0
1315440 598.0
1315450 597.6
1315460 596.8
1315470 596.8
1315480 595.9
1315490 595.3
1315500 595.3
1315510 594.8
1315520 594.1
1315530 594.1
1315540 593.7
1315550 592.9
1315560 592.9
1315570 591.9
1315580 591.9
1315590 591.9
1315600 591.1
1315610 590.2
1315620 589.4
1315630 589.4
1315640 587.9
1315650 587.0
1315660 587.0
1315670 586.5
1315680 586.1
1315690 586.1
1315700 585.7
1315710 585.4
1315720 585.4
1315730 585.1
1315740 584.8
1315750 584.8
1315760 584.5
1315770 583.9
1315780 583.9
1315790 583.6
1315800 583.4
1315810 583.4
1315820 582.8
1315830 582.1
1315840 582.1
1315850 581.4
1315860 580.6
1315870 580.1
1315880 579.2
1315890 578.4
1315900 578.4
1315910 578.0
1315920 577.4
1315930 576.8
1315940 576.8
1315950 576.4
1315960 576.0
1315970 576.0
1315980 575.6
1315990 574.6
1316000 574.6
1316010 573.7
1316020 572.8
1316030 572.8
1316040 572.1
1316050 571.2
1316060 571.2
1316070 570.3
1316080 569.6
1316090 569.6
1316100 569.4
1316110 568.8
1316120 568.8
1316130 568.5
1316140 568.2
1316150 568.2
1316160 567.7
1316170 567.3
1316180 567.3
1316190 566.9
1316200 566.4
1316210 566.4
1316220 566.1
1316230 565.6
1316240 565.3
1316250 565.3
1316260 565.0
1316270 564.2
1316280 564.2
1316290 563.3
1316300 562.5
1316310 562.5
1316320 561.7
1316330 561.0
1316340 561.0
1316350 560.4
1316360 559.9
1316370 559.9
1316380 559.0
1316390 558.1
1316400 558.1
1316410 557.1
1316420 556.4
1316430 556.4
1316440 556.0
1316450 555.2
1316460 555.2
1316470 554.5
1316480 553.8
1316490 553.8
1316500 553.3
1316510 552.9
1316520 552.8
1316530 552.8
1316540 552.7
1316550 552.6
1316560 552.6
1316570 552.9
1316580 552.2
1316590 552.2
1316600 551.2
1316610 550.5
1316620 550.9
1316630 549.8
1316640 549.2
1316650 549.2
1316660 548.4
1316670 548.3
1316680 548.3
1316690 547.8
1316700 547.8
1316710 547.8
1316720 547.0
1316730 545.8
1316740 545.8
1316750 545.2
1316760 544.6
1316770 544.6
1316780 543.8
1316790 542.6
1316800 542.6
1316810 541.9
1316820 541.3
1316830 540.9
1316840 540.9
1316850 540.1
1316860 539.5
1316870 539.5
1316880 539.1
1316890 538.5
1316900 538.5
1316910 538.2
1316920 537.8
1316930 537.8
1316940 537.4
1316950 537.1
1316960 537.1
1316970 536.5
1316980 535.7
1316990 535.7
1317000 535.2
1317010 534.7
1317020 534.7
1317030 534.1
1317040 533.6
1317050 533.6
1317060 533.3
1317070 532.8
1317080 532.8
1317090 532.3
1317100 531.9
1317110 531.9
1317120 531.2
1317130 530.7
1317140 530.2
1317150 530.2
1317160 529.8
1317170 529.6
1317180 529.6
1317190 529.0
1317200 528.3
1317210 528.3
1317220 527.8
1317230 527.5
1317240 527.5
1317250 527.2
1317260 526.9
1317270 526.9
1317280 526.7
1317290 525.8
1317300 525.8
1317310 524.4
1317320 523.1
1317330 523.1
1317340 521.9
1317350 520.8
1317360 520.8
1317370 520.0
1317380 518.4
1317390 518.4
1317400 518.6
1317410 520.5
1317420 520.5
1317430 522.6
1317440 522.6
1317450 520.5
1317460 520.5
1317470 518.7
1317480 519.0
1317490 519.0
1317500 520.0
1317510 520.0
1317520 520.0
1317530 519.9
1317540 519.8
1317550 519.8
1317560 519.7
1317570 519.4
1317580 519.4
1317590 519.5
1317600 519.5
1317610 519.5
1317620 519.4
1317630 519.3
1317640 519.3
1317650 519.3
1317660 519.4
1317670 519.4
1317680 519.6
1317690 519.6
1317700 519.6
1317710 519.8
1317720 519.9
1317730 519.9
1317740 519.9
1317750 519.9
1317760 519.9
1317770 519.9
1317780 519.8
1317790 519.8
1317800 519.8
1317810 519.8
1317820 519.8
1317830 519.8
1317840 519.8
1317850 519.8
1317860 519.8
1317870 519.9
1317880 519.8
1317890 519.8
1317900 519.8
1317910 519.7
1317920 519.7
1317930 519.7
1317940 519.7
1317950 519.7
1317960 519.7
1317970 519.7
1317980 519.7
1317990 519.6
1318000 519.6
1318010 519.6
1318020 519.6
1318030 519.6
1318040 519.6
1318050 519.6
1318060 519.7
1318070 519.7
1318080 519.7
1318090 519.6
1318100 519.5
1318110 519.5
1318120 519.5
1318130 519.5
1318140 519.5
1318150 519.7
1318160 519.8
1318170 519.8
1318180 519.9
1318190 519.9
1318200 519.9
1318210 519.9
1318220 519.9
1318230 519.9
1318240 519.9
1318250 519.9
1318260 519.9
1318270 519.9
1318280 519.9
1318290 519.9
1318300 519.9
1318310 520.0
1318320 520.0
1318330 520.1
1318340 520.3
1318350 520.5
1318360 520.5
1318370 520.6
1318380 521.2
1318390 521.2
1318400 522.0
1318410 522.5
1318420 522.5
1318430 522.6
1318440 522.6
1318450 522.6
1318460 522.6
1318470 522.5
1318480 522.5
1318490 522.1
1318500 521.6
1318510 521.6
1318520 521.0
1318530 520.5
1318540 520.5
1318550 520.6
1318560 520.6
1318570 520.6
1318580 520.4
1318590 520.4
1318600 520.4
1318610 520.7
1318620 520.3
1318630 520.3
1318640 518.1
1318650 516.6
1318660 516.4
1318670 516.4
1318680 516.4
1318690 516.4
1318700 516.4
1318710 516.4
1318720 516.4
1318730 516.4
1318740 516.4
1318750 516.4
1318760 516.4
1318770 516.4
1318780 516.4
1318790 516.4
1318800 516.6
1318810 518.2
1318820 518.2
1318830 520.2
1318840 521.2
1318850 521.2
1318860 520.5
1318870 520.2
1318880 520.2
1318890 520.4
1318900 519.9
1318910 519.9
1318920 519.8
1318930 519.8
1318940 519.8
1318950 519.8
1318960 519.8
1318970 519.7
1318980 519.7
1318990 519.6
1319000 519.5
1319010 519.5
1319020 519.5
1319030 519.5
1319040 519.5
1319050 519.5
1319060 519.4
1319070 519.4
1319080 519.3
1319090 519.2
1319100 519.2
1319110 519.2
1319120 519.3
1319130 519.3
1319140 520.1
1319150 520.7
1319160 520.7
1319170 522.7
1319180 523.0
1319190 523.0
1319200 521.1
1319210 519.4
1319220 519.4
1319230 519.4
1319240 519.5
1319250 519.5
1319260 519.8
1319270 520.5
1319280 522.1
1319290 522.1
1319300 524.7
1319310 529.9
1319320 529.9
1319330 534.3
1319340 539.2
1319350 539.2
1319360 545.0
1319370 550.1
1319380 550.1
1319390 554.0
1319400 556.3
1319410 556.3
1319420 558.4
1319430 560.2
1319440 560.2
1319450 561.3
1319460 562.2
1319470 562.2
1319480 562.8
1319490 563.2
1319500 563.2
1319510 563.4
1319520 563.5
1319530 563.5
1319540 563.5
1319550 563.5
1319560 563.5
1319570 563.6
1319580 563.7
1319590 564.2
1319600 564.2
1319610 565.2
1319620 566.3
1319630 566.3
1319640 567.9
1319650 569.2
1319660 569.2
1319670 570.2
1319680 571.6
1319690 571.4
1319700 572.9
1319710 574.3
1319720 574.3
1319730 575.9
1319740 577.6
1319750 577.6
1319760 579.4
1319770 581.1
1319780 581.1
1319790 582.7
1319800 584.0
1319810 584.0
1319820 585.3
1319830 586.7
1319840 586.7
1319850 588.6
1319860 590.7
1319870 590.7
1319880 593.7
1319890 595.4
1319900 598.2
1319910 598.2
1319920 601.9
1319930 605.1
1319940 605.1
1319950 607.1
1319960 609.2
1319970 609.2
1319980 611.3
1319990 613.5
