1300000 1318.4
1300010 1324.3
1300020 1321.6
1300030 1321.6
1300040 1321.8
1300050 1320.9
1300060 1320.9
1300070 1319.4
1300080 1316.1
1300090 1316.1
1300100 1312.2
1300110 1309.1
1300120 1309.1
1300130 1310.0
1300140 1316.2
1300150 1316.2
1300160 1328.2
1300170 1341.0
1300180 1350.6
1300190 1350.6
1300200 1357.4
1300210 1364.6
1300220 1364.6
1300230 1372.1
1300240 1379.4
1300250 1379.4
1300260 1386.6
1300270 1395.3
1300280 1395.3
1300290 1407.7
1300300 1415.2
1300310 1415.2
1300320 1433.0
1300330 1443.1
1300340 1443.1
1300350 1459.2
1300360 1476.7
1300370 1476.7
1300380 1488.6
1300390 1496.5
1300400 1496.5
1300410 1500.4
1300420 1500.3
1300430 1500.3
1300440 1500.1
1300450 1501.1
1300460 1501.1
1300470 1503.3
1300480 1507.2
1300490 1515.0
1300500 1515.0
1300510 1524.0
1300520 1523.1
1300530 1523.1
1300540 1522.5
1300550 1522.3
1300560 1522.3
1300570 1524.1
1300580 1527.6
1300590 1527.6
1300600 1532.8
1300610 1537.5
1300620 1537.5
1300630 1542.7
1300640 1549.7
1300650 1549.7
1300660 1557.5
1300670 1565.8
1300680 1565.8
1300690 1572.7
1300700 1574.7
1300710 1574.7
1300720 1574.2
1300730 1575.5
1300740 1575.5
1300750 1579.8
1300760 1590.2
1300770 1590.2
1300780 1601.7
1300790 1610.2
1300800 1617.9
1300810 1617.9
1300820 1625.2
1300830 1632.4
1300840 1632.4
1300850 1640.4
1300860 1649.5
1300870 1649.5
1300880 1658.3
1300890 1674.8
1300900 1674.8
1300910 1693.4
1300920 1700.9
1300930 1700.9
1300940 1705.3
1300950 1713.0
1300960 1713.0
1300970 1730.4
1300980 1742.2
1300990 1742.2
1301000 1754.2
1301010 1760.6
1301020 1760.6
1301030 1770.0
1301040 1781.5
1301050 1781.5
1301060 1783.8
1301070 1779.7
1301080 1779.7
1301090 1772.4
1301100 1762.4
1301110 1755.5
1301120 1755.5
1301130 1749.3
1301140 1745.1
1301150 1745.1
1301160 1741.8
1301170 1737.2
1301180 1737.2
1301190 1729.7
1301200 1722.8
1301210 1722.8
1301220 1716.6
1301230 1710.2
1301240 1710.2
1301250 1703.6
1301260 1697.8
1301270 1697.8
1301280 1692.0
1301290 1687.5
1301300 1687.5
1301310 1685.4
1301320 1684.0
1301330 1684.0
1301340 1682.0
1301350 1680.4
1301360 1680.4
1301370 1679.2
1301380 1678.3
1301390 1678.3
1301400 1677.0
1301410 1675.7
1301420 1673.9
1301430 1673.9
1301440 1673.2
1301450 1673.0
1301460 1673.0
1301470 1673.1
1301480 1673.3
1301490 1673.3
1301500 1673.3
1301510 1672.8
1301520 1672.8
1301530 1671.4
1301540 1669.7
1301550 1669.7
1301560 1667.8
1301570 1665.9
1301580 1665.9
1301590 1663.8
1301600 1661.3
1301610 1661.3
1301620 1661.0
1301630 1663.2
1301640 1663.2
1301650 1664.2
1301660 1666.0
1301670 1666.0
1301680 1668.4
1301690 1673.7
1301700 1672.7
1301710 1672.7
1301720 1672.5
1301730 1675.4
1301740 1675.4
1301750 1680.0
1301760 1684.9
1301770 1684.9
1301780 1689.2
1301790 1692.7
1301800 1692.7
1301810 1695.3
1301820 1697.9
1301830 1697.9
1301840 1700.6
1301850 1702.6
1301860 1702.6
1301870 1703.6
1301880 1704.1
1301890 1704.1
1301900 1704.4
1301910 1704.0
1301920 1704.0
1301930 1704.7
1301940 1704.9
1301950 1704.9
1301960 1704.5
1301970 1703.2
1301980 1703.2
1301990 1701.9
1302000 1700.3
1302010 1699.2
1302020 1699.2
1302030 1698.3
1302040 1696.3
1302050 1696.3
1302060 1694.1
1302070 1691.9
1302080 1691.9
1302090 1689.7
1302100 1686.5
1302110 1686.5
1302120 1681.8
1302130 1677.2
1302140 1677.2
1302150 1673.0
1302160 1669.7
1302170 1669.7
1302180 1666.3
1302190 1662.9
1302200 1662.9
1302210 1659.2
1302220 1655.6
1302230 1655.6
1302240 1652.7
1302250 1650.2
1302260 1650.2
1302270 1648.6
1302280 1648.4
1302290 1648.4
1302300 1647.8
1302310 1646.4
1302320 1645.0
1302330 1645.0
1302340 1643.2
1302350 1640.9
1302360 1640.9
1302370 1638.3
1302380 1635.1
1302390 1631.8
1302400 1627.5
1302410 1623.9
1302420 1623.9
1302430 1621.6
1302440 1619.5
1302450 1619.5
1302460 1617.8
1302470 1616.1
1302480 1616.1
1302490 1614.2
1302500 1611.7
1302510 1611.7
1302520 1609.1
1302530 1606.1
1302540 1606.1
1302550 1602.5
1302560 1598.4
1302570 1598.4
1302580 1594.3
1302590 1590.5
1302600 1590.5
1302610 1587.1
1302620 1583.7
1302630 1581.3
1302640 1581.3
1302650 1579.4
1302660 1577.5
1302670 1577.5
1302680 1575.6
1302690 1573.5
1302700 1573.5
1302710 1570.7
1302720 1566.8
1302730 1566.8
1302740 1562.4
1302750 1558.3
1302760 1558.3
1302770 1555.6
1302780 1553.1
1302790 1553.1
1302800 1549.9
1302810 1546.1
1302820 1546.1
1302830 1542.7
1302840 1539.6
1302850 1539.6
1302860 1536.3
1302870 1533.2
1302880 1533.2
1302890 1530.4
1302900 1527.5
1302910 1527.5
1302920 1523.5
1302930 1519.1
1302940 1516.4
1302950 1516.4
1302960 1514.7
1302970 1513.4
1302980 1513.4
1302990 1513.3
1303000 1513.6
1303010 1513.6
1303020 1514.0
1303030 1514.3
1303040 1514.3
1303050 1514.0
1303060 1513.2
1303070 1513.2
1303080 1512.6
1303090 1508.6
1303100 1508.6
1303110 1507.6
1303120 1507.7
1303130 1507.7
1303140 1508.4
1303150 1508.1
1303160 1508.1
1303170 1507.0
1303180 1506.1
1303190 1506.1
1303200 1506.1
1303210 1505.6
1303220 1505.6
1303230 1505.3
1303240 1505.0
1303250 1504.3
1303260 1504.3
1303270 1506.6
1303280 1508.7
1303290 1508.7
1303300 1510.1
1303310 1511.1
1303320 1511.1
1303330 1512.7
1303340 1514.3
1303350 1514.3
1303360 1516.3
1303370 1517.5
1303380 1517.5
1303390 1518.6
1303400 1519.6
1303410 1519.6
1303420 1519.9
1303430 1521.0
1303440 1521.0
1303450 1523.5
1303460 1525.8
1303470 1525.8
1303480 1527.2
1303490 1527.8
1303500 1527.8
1303510 1527.2
1303520 1525.7
1303530 1523.7
1303540 1523.7
1303550 1520.7
1303560 1518.0
1303570 1518.0
1303580 1516.0
1303590 1514.7
1303600 1514.7
1303610 1512.7
1303620 1510.5
1303630 1510.5
1303640 1510.2
1303650 1511.0
1303660 1511.0
1303670 1512.9
1303680 1513.8
1303690 1513.8
1303700 1513.8
1303710 1511.1
1303720 1511.1
1303730 1508.0
1303740 1504.3
1303750 1504.3
1303760 1501.8
1303770 1500.1
1303780 1500.1
1303790 1496.5
1303800 1486.6
1303810 1486.6
1303820 1481.7
1303830 1477.0
1303840 1472.6
1303850 1472.6
1303860 1467.1
1303870 1461.5
1303880 1461.5
1303890 1456.7
1303900 1453.4
1303910 1453.4
1303920 1452.8
1303930 1450.7
1303940 1450.7
1303950 1446.5
1303960 1440.8
1303970 1440.8
1303980 1435.3
1303990 1430.3
1304000 1430.3
1304010 1425.4
1304020 1420.8
1304030 1420.8
1304040 1414.2
1304050 1406.1
1304060 1406.1
1304070 1400.3
1304080 1401.0
1304090 1401.0
1304100 1399.0
1304110 1397.1
1304120 1397.1
1304130 1397.4
1304140 1397.2
1304150 1396.6
1304160 1396.6
1304170 1393.5
1304180 1388.1
1304190 1388.1
1304200 1382.0
1304210 1377.2
1304220 1377.2
1304230 1372.2
1304240 1370.4
1304250 1370.4
1304260 1367.4
1304270 1363.5
1304280 1363.5
1304290 1358.7
1304300 1355.5
1304310 1355.5
1304320 1354.5
1304330 1353.4
1304340 1353.4
1304350 1351.5
1304360 1350.5
1304370 1350.5
1304380 1348.6
1304390 1342.9
1304400 1342.9
1304410 1336.8
1304420 1331.2
1304430 1331.2
1304440 1327.1
1304450 1323.8
1304460 1319.1
1304470 1319.1
1304480 1313.0
1304490 1306.4
1304500 1306.4
1304510 1294.6
1304520 1294.3
1304530 1294.3
1304540 1294.5
1304550 1292.3
1304560 1292.3
1304570 1285.7
1304580 1278.7
1304590 1278.7
1304600 1272.2
1304610 1266.8
1304620 1266.8
1304630 1261.9
1304640 1256.6
1304650 1256.6
1304660 1251.3
1304670 1245.5
1304680 1245.5
1304690 1240.2
1304700 1235.0
1304710 1235.0
1304720 1230.4
1304730 1226.2
1304740 1226.2
1304750 1221.4
1304760 1217.3
1304770 1212.4
1304780 1212.4
1304790 1206.8
1304800 1200.2
1304810 1200.2
1304820 1194.6
1304830 1191.6
1304840 1191.6
1304850 1190.9
1304860 1191.2
1304870 1191.2
1304880 1192.8
1304890 1196.5
1304900 1196.5
1304910 1199.9
1304920 1202.2
1304930 1202.2
1304940 1202.1
1304950 1201.1
1304960 1201.1
1304970 1199.5
1304980 1198.7
1304990 1198.7
1305000 1198.5
1305010 1199.6
1305020 1199.6
1305030 1201.3
1305040 1201.9
1305050 1200.0
1305060 1200.0
1305070 1196.3
1305080 1192.2
1305090 1192.2
1305100 1188.5
1305110 1184.7
1305120 1184.7
1305130 1180.9
1305140 1175.8
1305150 1175.8
1305160 1173.2
1305170 1170.8
1305180 1170.8
1305190 1170.1
1305200 1168.6
1305210 1168.6
1305220 1171.5
1305230 1169.0
1305240 1169.0
1305250 1167.0
1305260 1167.0
1305270 1167.0
1305280 1168.2
1305290 1169.4
1305300 1169.4
1305310 1170.1
1305320 1171.5
1305330 1171.5
1305340 1174.4
1305350 1178.8
1305360 1184.1
1305370 1184.1
1305380 1188.1
1305390 1191.8
1305400 1191.8
1305410 1197.3
1305420 1203.2
1305430 1203.2
1305440 1208.7
1305450 1213.3
1305460 1213.3
1305470 1218.3
1305480 1223.3
1305490 1223.3
1305500 1228.2
1305510 1232.8
1305520 1232.8
1305530 1236.8
1305540 1240.8
1305550 1240.8
1305560 1244.6
1305570 1247.8
1305580 1247.8
1305590 1250.5
1305600 1252.6
1305610 1252.6
1305620 1254.2
1305630 1255.0
1305640 1255.0
1305650 1255.7
1305660 1255.8
1305670 1256.0
1305680 1256.0
1305690 1256.6
1305700 1257.3
1305710 1257.3
1305720 1258.0
1305730 1258.4
1305740 1258.4
1305750 1258.3
1305760 1258.7
1305770 1258.7
1305780 1260.1
1305790 1261.6
1305800 1261.6
1305810 1262.7
1305820 1263.8
1305830 1263.8
1305840 1265.5
1305850 1266.7
1305860 1266.7
1305870 1268.2
1305880 1269.9
1305890 1269.9
1305900 1271.0
1305910 1271.4
1305920 1271.4
1305930 1278.4
1305940 1279.0
1305950 1279.0
1305960 1279.5
1305970 1281.6
1305980 1285.2
1305990 1285.2
1306000 1288.0
1306010 1289.6
1306020 1289.6
1306030 1288.8
1306040 1285.1
1306050 1285.1
1306060 1280.1
1306070 1274.0
1306080 1274.0
1306090 1267.1
1306100 1259.3
1306110 1259.3
1306120 1251.7
1306130 1245.0
1306140 1245.0
1306150 1239.2
1306160 1234.5
1306170 1234.5
1306180 1230.0
1306190 1225.6
1306200 1225.6
1306210 1221.5
1306220 1217.1
1306230 1217.1
1306240 1212.3
1306250 1207.5
1306260 1207.5
1306270 1203.2
1306280 1199.4
1306290 1195.5
1306300 1195.5
1306310 1190.8
1306320 1186.1
1306330 1186.1
1306340 1181.5
1306350 1177.6
1306360 1177.6
1306370 1175.0
1306380 1172.2
1306390 1172.2
1306400 1167.1
1306410 1162.7
1306420 1162.7
1306430 1159.0
1306440 1155.2
1306450 1155.2
1306460 1151.3
1306470 1147.1
1306480 1147.1
1306490 1143.5
1306500 1140.3
1306510 1140.3
1306520 1137.0
1306530 1131.8
1306540 1131.8
1306550 1125.7
1306560 1119.4
1306570 1112.4
1306580 1112.4
1306590 1105.3
1306600 1097.9
1306610 1097.9
1306620 1090.6
1306630 1083.2
1306640 1083.2
1306650 1072.8
1306660 1065.6
1306670 1065.6
1306680 1059.1
1306690 1052.3
1306700 1052.3
1306710 1045.4
1306720 1039.3
1306730 1039.3
1306740 1033.7
1306750 1028.3
1306760 1028.3
1306770 1023.1
1306780 1017.9
1306790 1017.9
1306800 1012.6
1306810 1008.3
1306820 1008.3
1306830 1005.7
1306840 1004.0
1306850 1004.0
1306860 1002.5
1306870 1001.3
1306880 999.9
1306890 999.9
1306900 998.4
1306910 997.1
1306920 997.1
1306930 995.8
1306940 994.3
1306950 994.3
1306960 992.7
1306970 991.2
1306980 991.2
1306990 989.6
1307000 987.6
1307010 987.6
1307020 985.4
1307030 982.5
1307040 982.5
1307050 978.0
1307060 973.7
1307070 973.7
1307080 970.0
1307090 967.4
1307100 967.4
1307110 965.6
1307120 964.9
1307130 964.9
1307140 964.0
1307150 964.0
1307160 964.0
1307170 964.9
1307180 963.7
1307190 961.0
1307200 961.0
1307210 958.1
1307220 956.2
1307230 956.2
1307240 955.0
1307250 953.6
1307260 953.6
1307270 952.1
1307280 949.5
1307290 949.5
1307300 947.0
1307310 944.5
1307320 944.5
1307330 940.6
1307340 936.4
1307350 936.4
1307360 931.9
1307370 923.0
1307380 923.0
1307390 918.8
1307400 914.8
1307410 914.8
1307420 909.3
1307430 903.7
1307440 903.7
1307450 901.8
1307460 901.3
1307470 901.3
1307480 902.0
1307490 906.3
1307500 911.1
1307510 911.1
1307520 916.1
1307530 922.1
1307540 922.1
1307550 925.8
1307560 926.5
1307570 926.5
1307580 926.1
1307590 924.3
1307600 924.3
1307610 924.9
1307620 925.8
1307630 925.8
1307640 928.3
1307650 933.1
1307660 933.1
1307670 938.6
1307680 943.7
1307690 943.7
1307700 945.3
1307710 944.9
1307720 944.9
1307730 944.3
1307740 943.6
1307750 943.6
1307760 942.9
1307770 942.2
1307780 941.5
1307790 941.5
1307800 940.9
1307810 940.2
1307820 940.2
1307830 939.6
1307840 938.9
1307850 938.9
1307860 938.5
1307870 938.1
1307880 938.1
1307890 937.6
1307900 937.4
1307910 937.4
1307920 937.4
1307930 937.2
1307940 937.2
1307950 936.9
1307960 936.6
1307970 936.6
1307980 936.1
1307990 935.7
1308000 935.7
1308010 935.3
1308020 934.9
1308030 934.9
1308040 934.6
1308050 933.5
1308060 933.5
1308070 931.7
1308080 930.0
1308090 926.5
1308100 926.5
1308110 924.3
1308120 922.4
1308130 922.4
1308140 922.3
1308150 923.5
1308160 923.5
1308170 922.7
1308180 918.4
1308190 918.4
1308200 912.0
1308210 905.0
1308220 905.0
1308230 897.9
1308240 890.8
1308250 890.8
1308260 884.0
1308270 877.5
1308280 877.5
1308290 871.1
1308300 864.7
1308310 864.7
1308320 858.3
1308330 851.5
1308340 851.5
1308350 844.0
1308360 836.8
1308370 836.8
1308380 830.6
1308390 824.4
1308400 817.3
1308410 817.3
1308420 810.7
1308430 804.2
1308440 804.2
1308450 797.6
1308460 790.3
1308470 790.3
1308480 783.4
1308490 776.3
1308500 776.3
1308510 771.6
1308520 767.6
1308530 767.6
1308540 763.9
1308550 759.7
1308560 759.7
1308570 753.5
1308580 749.4
1308590 749.4
1308600 751.7
1308610 755.0
1308620 755.0
1308630 758.7
1308640 762.6
1308650 762.6
1308660 766.3
1308670 769.4
1308680 769.4
1308690 772.4
1308700 775.7
1308710 779.4
1308720 779.4
1308730 783.1
1308740 786.3
1308750 786.3
1308760 789.8
1308770 794.9
1308780 794.9
1308790 799.8
1308800 803.7
1308810 803.7
1308820 810.8
1308830 816.7
1308840 816.7
1308850 822.9
1308860 828.2
1308870 828.2
1308880 831.6
1308890 834.6
1308900 834.6
1308910 837.6
1308920 840.2
1308930 840.2
1308940 842.3
1308950 843.1
1308960 843.1
1308970 842.5
1308980 840.8
1308990 840.8
1309000 838.6
1309010 835.8
1309020 833.2
1309030 833.2
1309040 830.8
1309050 828.2
1309060 828.2
1309070 825.6
1309080 822.9
1309090 822.9
1309100 821.0
1309110 821.4
1309120 821.4
1309130 822.5
1309140 823.8
1309150 823.8
1309160 828.2
1309170 834.2
1309180 834.2
1309190 840.0
1309200 846.1
1309210 846.1
1309220 852.5
1309230 858.9
1309240 858.9
1309250 865.0
1309260 870.7
1309270 870.7
1309280 875.1
1309290 878.2
1309300 880.6
1309310 880.6
1309320 882.9
1309330 885.5
1309340 885.5
1309350 888.9
1309360 894.0
1309370 894.0
1309380 899.4
1309390 900.3
1309400 900.3
1309410 895.1
1309420 888.9
1309430 888.9
1309440 882.8
1309450 876.8
1309460 876.8
1309470 871.0
1309480 865.1
1309490 865.1
1309500 858.8
1309510 852.7
1309520 852.7
1309530 847.2
1309540 837.9
1309550 837.9
1309560 837.3
1309570 841.7
1309580 841.7
1309590 848.6
1309600 855.5
1309610 862.1
1309620 862.1
1309630 868.3
1309640 874.7
1309650 874.7
1309660 881.0
1309670 887.4
1309680 887.4
1309690 893.9
1309700 898.9
1309710 898.9
1309720 899.2
1309730 896.7
1309740 896.7
1309750 894.0
1309760 892.9
1309770 892.9
1309780 892.1
1309790 890.8
1309800 890.8
1309810 889.4
1309820 887.9
1309830 887.9
1309840 885.6
1309850 881.9
1309860 881.9
1309870 877.3
1309880 872.9
1309890 872.9
1309900 869.5
1309910 867.7
1309920 868.4
1309930 868.4
1309940 871.0
1309950 873.1
1309960 873.1
1309970 874.1
1309980 874.9
1309990 874.9
1310000 873.5
1310010 873.1
1310020 873.1
1310030 876.1
1310040 879.7
1310050 879.7
1310060 880.7
1310070 882.3
1310080 882.3
1310090 880.5
1310100 875.9
1310110 875.9
1310120 870.3
1310130 863.6
1310140 863.6
1310150 856.1
1310160 851.7
1310170 851.7
1310180 846.0
1310190 839.8
1310200 839.8
1310210 833.9
1310220 828.5
1310230 823.8
1310240 823.8
1310250 819.5
1310260 816.1
1310270 816.1
1310280 813.4
1310290 813.7
1310300 813.7
1310310 814.1
1310320 813.9
1310330 813.9
1310340 814.0
1310350 814.9
1310360 814.9
1310370 816.9
1310380 821.2
1310390 821.2
1310400 825.7
1310410 827.8
1310420 827.8
1310430 827.3
1310440 827.1
1310450 827.1
1310460 828.3
1310470 829.7
1310480 829.7
1310490 830.6
1310500 832.4
1310510 832.4
1310520 835.2
1310530 838.1
1310540 841.2
1310550 841.2
1310560 844.6
1310570 847.2
1310580 847.2
1310590 850.1
1310600 852.7
1310610 852.7
1310620 852.5
1310630 849.3
1310640 849.3
1310650 845.4
1310660 840.8
1310670 840.8
1310680 836.0
1310690 831.2
1310700 831.2
1310710 826.0
1310720 821.0
1310730 821.0
1310740 816.8
1310750 813.0
1310760 813.0
1310770 811.3
1310780 812.3
1310790 812.3
1310800 813.2
1310810 812.7
1310820 812.7
1310830 810.2
1310840 807.3
1310850 805.5
1310860 805.5
1310870 804.1
1310880 802.9
1310890 802.9
1310900 802.1
1310910 803.1
1310920 803.1
1310930 804.7
1310940 804.7
1310950 804.7
1310960 805.0
1310970 806.7
1310980 806.7
1310990 806.8
1311000 808.2
1311010 802.0
1311020 803.7
1311030 807.1
1311040 807.1
1311050 811.4
1311060 815.0
1311070 815.0
1311080 816.3
1311090 815.8
1311100 815.8
1311110 815.1
1311120 814.1
1311130 813.5
1311140 813.5
1311150 812.7
1311160 811.2
1311170 811.2
1311180 809.4
1311190 808.3
1311200 808.3
1311210 806.6
1311220 804.7
1311230 804.7
1311240 802.9
1311250 801.1
1311260 801.1
1311270 799.6
1311280 798.6
1311290 798.6
1311300 797.5
1311310 796.2
1311320 796.2
1311330 795.1
1311340 794.1
1311350 794.1
1311360 793.3
1311370 792.3
1311380 792.3
1311390 791.2
1311400 790.8
1311410 790.8
1311420 788.7
1311430 786.6
1311440 785.4
1311450 785.4
1311460 784.7
1311470 783.6
1311480 783.6
1311490 783.2
1311500 783.4
1311510 783.4
1311520 782.8
1311530 782.9
1311540 782.9
1311550 783.7
1311560 784.3
1311570 784.3
1311580 783.1
1311590 781.5
1311600 781.5
1311610 780.2
1311620 779.7
1311630 779.7
1311640 779.2
1311650 778.9
1311660 778.9
1311670 778.2
1311680 778.7
1311690 778.7
1311700 779.7
1311710 778.0
1311720 778.0
1311730 775.4
1311740 774.8
1311750 770.6
1311760 770.6
1311770 769.5
1311780 768.4
1311790 768.4
1311800 766.9
1311810 764.9
1311820 764.9
1311830 763.1
1311840 761.2
1311850 761.2
1311860 759.2
1311870 757.4
1311880 757.4
1311890 755.8
1311900 754.0
1311910 754.0
1311920 751.9
1311930 749.4
1311940 749.4
1311950 746.7
1311960 744.5
1311970 744.5
1311980 742.6
1311990 740.8
1312000 740.8
1312010 738.7
1312020 736.4
1312030 736.4
1312040 734.3
1312050 732.3
1312060 730.2
1312070 730.2
1312080 728.5
1312090 727.0
1312100 727.0
1312110 725.0
1312120 722.9
1312130 722.9
1312140 720.8
1312150 718.7
1312160 718.7
1312170 716.4
1312180 714.2
1312190 714.2
1312200 711.8
1312210 708.9
1312220 708.9
1312230 705.9
1312240 702.9
1312250 702.9
1312260 700.0
1312270 697.4
1312280 697.4
1312290 695.4
1312300 693.6
1312310 693.6
1312320 692.0
1312330 690.5
1312340 690.5
1312350 689.2
1312360 688.1
1312370 687.9
1312380 687.9
1312390 688.9
1312400 686.2
1312410 686.2
1312420 682.1
1312430 678.3
1312440 678.3
1312450 675.1
1312460 671.9
1312470 671.9
1312480 669.0
1312490 663.3
1312500 663.3
1312510 661.5
1312520 659.0
1312530 659.0
1312540 656.8
1312550 655.7
1312560 655.7
1312570 654.2
1312580 652.0
1312590 652.0
1312600 649.5
1312610 645.7
1312620 645.7
1312630 641.4
1312640 637.5
1312650 636.1
1312660 636.1
1312670 636.6
1312680 636.7
1312690 636.7
1312700 634.0
1312710 629.6
1312720 629.6
1312730 627.2
1312740 626.3
1312750 626.3
1312760 625.0
1312770 624.4
1312780 624.4
1312790 624.4
1312800 624.5
1312810 624.5
1312820 624.5
1312830 624.5
1312840 624.5
1312850 625.0
1312860 628.8
1312870 628.8
1312880 633.0
1312890 638.0
1312900 638.0
1312910 643.3
1312920 647.1
1312930 647.1
1312940 647.1
1312950 644.1
1312960 640.8
1312970 640.8
1312980 638.8
1312990 637.7
1313000 637.7
1313010 638.0
1313020 641.3
1313030 641.3
1313040 645.3
1313050 646.3
1313060 646.3
1313070 645.6
1313080 644.4
1313090 644.4
1313100 641.3
1313110 636.3
1313120 636.3
1313130 630.5
1313140 625.1
1313150 625.1
1313160 620.5
1313170 616.0
1313180 616.0
1313190 611.9
1313200 609.1
1313210 609.1
1313220 606.8
1313230 602.5
1313240 602.5
1313250 600.5
1313260 598.8
1313270 597.5
1313280 597.5
1313290 596.2
1313300 595.1
1313310 595.1
1313320 594.3
1313330 593.8
1313340 593.8
1313350 593.1
1313360 592.5
1313370 592.5
1313380 592.0
1313390 591.5
1313400 591.5
1313410 591.1
1313420 590.9
1313430 590.9
1313440 590.4
1313450 589.8
1313460 589.8
1313470 589.1
1313480 587.9
1313490 587.9
1313500 586.6
1313510 585.7
1313520 585.7
1313530 584.8
1313540 584.0
1313550 584.0
1313560 583.5
1313570 583.3
1313580 583.4
1313590 583.4
1313600 583.6
1313610 584.1
1313620 584.1
1313630 584.6
1313640 585.2
1313650 585.2
1313660 585.7
1313670 586.1
1313680 586.1
1313690 586.3
1313700 586.4
1313710 586.4
1313720 586.7
1313730 587.3
1313740 587.3
1313750 587.7
1313760 587.9
1313770 587.9
1313780 588.1
1313790 588.4
1313800 588.4
1313810 588.7
1313820 589.6
1313830 589.6
1313840 590.2
1313850 590.5
1313860 590.5
1313870 590.5
1313880 590.7
1313890 590.9
1313900 590.9
1313910 591.2
1313920 591.6
1313930 591.6
1313940 591.9
1313950 592.0
1313960 592.0
1313970 592.1
1313980 591.1
1313990 591.1
1314000 591.1
1314010 591.1
1314020 591.1
1314030 592.3
1314040 593.2
1314050 593.2
1314060 592.1
1314070 592.0
1314080 592.0
1314090 591.7
1314100 591.0
1314110 591.0
1314120 590.1
1314130 589.5
1314140 589.5
1314150 589.4
1314160 589.3
1314170 589.1
1314180 589.1
1314190 588.7
1314200 588.4
1314210 588.4
1314220 588.4
1314230 588.5
1314240 588.5
1314250 588.5
1314260 588.4
1314270 588.4
1314280 588.1
1314290 587.8
1314300 587.8
1314310 587.6
1314320 587.8
1314330 587.8
1314340 587.1
1314350 586.7
1314360 586.7
1314370 586.7
1314380 587.3
1314390 587.3
1314400 587.6
1314410 588.2
1314420 588.2
1314430 588.3
1314440 588.4
1314450 588.4
1314460 588.9
1314470 589.1
1314480 589.1
1314490 589.1
1314500 589.3
1314510 589.7
1314520 589.7
1314530 589.4
1314540 589.4
1314550 589.4
1314560 589.2
1314570 588.9
1314580 588.9
1314590 588.1
1314600 588.0
1314610 588.0
1314620 588.2
1314630 588.0
1314640 588.0
1314650 587.8
1314660 587.8
1314670 587.8
1314680 588.7
1314690 588.7
1314700 588.7
1314710 588.6
1314720 588.7
1314730 587.6
1314740 587.5
1314750 588.0
1314760 588.0
1314770 587.9
1314780 587.4
1314790 587.2
1314800 587.2
1314810 586.9
1314820 586.6
1314830 586.6
1314840 586.9
1314850 587.1
1314860 587.1
1314870 587.3
1314880 587.2
1314890 587.2
1314900 587.3
1314910 587.1
1314920 587.1
1314930 586.8
1314940 586.5
1314950 586.5
1314960 586.0
1314970 585.5
1314980 585.5
1314990 585.6
1315000 585.2
1315010 585.2
1315020 585.2
1315030 585.0
1315040 585.0
1315050 584.9
1315060 585.1
1315070 585.1
1315080 584.3
1315090 583.6
1315100 584.2
1315110 584.2
1315120 583.8
1315130 583.3
1315140 583.3
1315150 582.1
1315160 581.1
1315170 581.1
1315180 581.0
1315190 580.9
1315200 580.9
1315210 580.8
1315220 579.9
1315230 579.9
1315240 579.9
1315250 579.6
1315260 579.6
1315270 578.6
1315280 577.7
1315290 577.7
1315300 577.4
1315310 577.2
1315320 577.2
1315330 576.7
1315340 576.6
1315350 576.6
1315360 576.8
1315370 576.6
1315380 576.0
1315390 576.0
1315400 575.5
1315410 574.9
1315420 574.9
1315430 574.0
1315440 573.3
1315450 573.3
1315460 572.8
1315470 572.1
1315480 571.3
1315490 570.8
1315500 570.4
1315510 570.4
1315520 570.0
1315530 569.8
1315540 569.8
1315550 569.4
1315560 568.7
1315570 568.7
1315580 567.9
1315590 567.7
1315600 567.7
1315610 567.0
1315620 566.4
1315630 566.4
1315640 565.8
1315650 564.8
1315660 564.8
1315670 563.2
1315680 561.9
1315690 561.3
1315700 561.3
1315710 560.8
1315720 560.2
1315730 560.2
1315740 559.7
1315750 559.4
1315760 559.4
1315770 558.9
1315780 558.4
1315790 558.4
1315800 557.9
1315810 557.4
1315820 557.4
1315830 556.8
1315840 556.3
1315850 556.3
1315860 555.9
1315870 555.4
1315880 555.4
1315890 554.8
1315900 554.3
1315910 554.3
1315920 553.8
1315930 553.3
1315940 553.3
1315950 552.8
1315960 552.4
1315970 552.4
1315980 552.1
1315990 551.9
1316000 551.3
1316010 551.3
1316020 550.8
1316030 550.1
1316040 550.1
1316050 549.5
1316060 549.0
1316070 549.0
1316080 548.5
1316090 547.9
1316100 547.9
1316110 547.4
1316120 546.9
1316130 546.9
1316140 546.3
1316150 545.7
1316160 545.7
1316170 545.2
1316180 544.6
1316190 544.6
1316200 544.1
1316210 543.6
1316220 543.6
1316230 543.1
1316240 542.0
1316250 542.0
1316260 541.5
1316270 541.1
1316280 541.1
1316290 540.7
1316300 540.3
1316310 539.9
1316320 539.9
1316330 539.5
1316340 539.1
1316350 539.1
1316360 538.7
1316370 538.4
1316380 538.4
1316390 538.0
1316400 537.5
1316410 537.5
1316420 536.9
1316430 536.2
1316440 536.2
1316450 535.8
1316460 535.4
1316470 535.4
1316480 535.0
1316490 534.6
1316500 534.6
1316510 534.4
1316520 534.1
1316530 534.1
1316540 533.6
1316550 532.9
1316560 532.9
1316570 532.4
1316580 531.9
1316590 531.9
1316600 531.5
1316610 531.0
1316620 530.6
1316630 530.6
1316640 530.2
1316650 529.8
1316660 529.8
1316670 529.4
1316680 529.0
1316690 529.0
1316700 528.6
1316710 528.3
1316720 528.3
1316730 528.0
1316740 527.7
1316750 527.7
1316760 527.4
1316770 527.1
1316780 527.1
1316790 526.8
1316800 526.5
1316810 526.5
1316820 525.2
1316830 523.4
1316840 523.4
1316850 522.9
1316860 521.6
1316870 521.6
1316880 520.4
1316890 520.3
1316900 520.4
1316910 520.4
1316920 520.4
1316930 520.2
1316940 520.2
1316950 520.5
1316960 520.6
1316970 520.6
1316980 520.5
1316990 520.4
1317000 520.4
1317010 520.5
1317020 520.5
1317030 520.5
1317040 520.3
1317050 520.3
1317060 520.3
1317070 520.2
1317080 520.1
1317090 520.1
1317100 520.1
1317110 520.2
1317120 520.2
1317130 520.3
1317140 520.5
1317150 520.5
1317160 520.4
1317170 520.3
1317180 520.3
1317190 520.2
1317200 520.3
1317210 520.3
1317220 520.3
1317230 520.3
1317240 520.2
1317250 520.2
1317260 520.1
1317270 520.1
1317280 520.1
1317290 520.3
1317300 520.3
1317310 520.3
1317320 520.3
1317330 520.2
1317340 520.2
1317350 520.1
1317360 520.2
1317370 520.2
1317380 520.1
1317390 520.1
1317400 520.1
1317410 520.2
1317420 520.3
1317430 520.3
1317440 520.4
1317450 520.4
1317460 520.4
1317470 520.3
1317480 520.5
1317490 520.5
1317500 521.0
1317510 522.1
1317520 523.1
1317530 523.1
1317540 523.4
1317550 523.5
1317560 523.5
1317570 523.4
1317580 523.4
1317590 523.4
1317600 523.1
1317610 522.0
1317620 522.0
1317630 521.2
1317640 521.5
1317650 521.5
1317660 523.9
1317670 525.1
1317680 525.1
1317690 521.9
1317700 520.7
1317710 520.7
1317720 520.6
1317730 520.6
1317740 520.6
1317750 520.7
1317760 520.8
1317770 520.8
1317780 520.9
1317790 520.9
1317800 520.9
1317810 521.0
1317820 521.3
1317830 522.0
1317840 522.0
1317850 521.4
1317860 519.5
1317870 519.5
1317880 518.3
1317890 519.0
1317900 519.0
1317910 517.9
1317920 517.2
1317930 517.2
1317940 517.1
1317950 517.1
1317960 517.1
1317970 517.1
1317980 517.1
1317990 517.1
1318000 517.1
1318010 517.1
1318020 517.1
1318030 517.1
1318040 517.1
1318050 517.1
1318060 517.1
1318070 517.1
1318080 517.1
1318090 517.1
1318100 517.1
1318110 517.3
1318120 517.3
1318130 518.2
1318140 520.0
1318150 520.0
1318160 521.6
1318170 521.8
1318180 521.8
1318190 521.4
1318200 521.0
1318210 521.0
1318220 520.9
1318230 520.8
1318240 520.8
1318250 520.6
1318260 520.5
1318270 520.5
1318280 520.4
1318290 520.4
1318300 520.4
1318310 520.4
1318320 520.4
1318330 520.4
1318340 520.4
1318350 521.5
1318360 521.5
1318370 526.9
1318380 532.0
1318390 532.0
1318400 537.1
1318410 542.2
1318420 545.1
1318430 545.1
1318440 546.1
1318450 546.5
1318460 546.5
1318470 546.5
1318480 546.4
1318490 546.4
1318500 545.7
1318510 543.3
1318520 543.3
1318530 533.1
1318540 529.6
1318550 529.6
1318560 526.8
1318570 524.8
1318580 524.8
1318590 523.8
1318600 523.3
1318610 523.3
1318620 522.4
1318630 522.3
1318640 522.3
1318650 522.5
1318660 522.5
1318670 522.5
1318680 522.4
1318690 522.2
1318700 522.2
1318710 521.9
1318720 521.8
1318730 521.8
1318740 521.8
1318750 521.8
1318760 521.9
1318770 521.9
1318780 522.0
1318790 522.1
1318800 522.1
1318810 522.3
1318820 522.5
1318830 522.5
1318840 523.4
1318850 526.3
1318860 526.3
1318870 529.9
1318880 532.0
1318890 532.0
1318900 533.8
1318910 535.9
1318920 535.9
1318930 538.0
1318940 539.4
1318950 539.4
1318960 540.4
1318970 541.1
1318980 541.1
1318990 541.9
1319000 543.2
1319010 543.2
1319020 544.7
1319030 546.1
1319040 547.1
1319050 547.1
1319060 548.2
1319070 549.5
1319080 549.5
1319090 550.9
1319100 552.4
1319110 552.4
1319120 554.2
1319130 555.6
1319140 555.6
1319150 556.5
1319160 557.1
1319170 557.1
1319180 558.2
1319190 559.7
1319200 559.7
1319210 561.1
1319220 563.3
1319230 563.3
1319240 565.1
1319250 566.6
1319260 566.6
1319270 567.9
1319280 568.2
1319290 568.2
1319300 572.7
1319310 574.7
1319320 574.7
1319330 575.7
1319340 576.9
1319350 578.1
1319360 578.1
1319370 579.1
1319380 579.5
1319390 579.5
1319400 579.4
1319410 580.0
1319420 580.0
1319430 580.4
1319440 581.3
1319450 581.3
1319460 582.1
1319470 583.2
1319480 583.2
1319490 585.8
1319500 588.0
1319510 588.0
1319520 589.5
1319530 591.4
1319540 591.4
1319550 592.5
1319560 592.7
1319570 592.7
1319580 592.9
1319590 594.3
1319600 594.3
1319610 596.0
1319620 597.8
1319630 598.7
1319640 598.7
1319650 599.4
1319660 600.1
1319670 600.1
1319680 601.1
1319690 602.4
1319700 602.4
1319710 603.0
1319720 603.5
1319730 603.5
1319740 605.6
1319750 608.0
1319760 608.0
1319770 608.9
1319780 610.5
1319790 610.5
1319800 611.9
1319810 612.8
1319820 612.8
1319830 612.6
1319840 611.6
1319850 611.6
1319860 610.3
1319870 608.8
1319880 608.8
1319890 606.0
1319900 606.7
1319910 606.7
1319920 610.2
1319930 611.8
1319940 612.1
1319950 612.1
1319960 614.7
1319970 617.5
1319980 617.5
1319990 623.4
