1300000 1322.8
1300010 1331.8
1300020 1330.3
1300030 1330.3
1300040 1328.2
1300050 1329.1
1300060 1335.5
1300070 1335.4
1300080 1331.4
1300090 1331.4
1300100 1327.2
1300110 1324.1
1300120 1324.1
1300130 1323.5
1300140 1324.5
1300150 1324.5
1300160 1329.4
1300170 1333.9
1300180 1333.9
1300190 1340.0
1300200 1349.0
1300210 1357.5
1300220 1357.5
1300230 1366.3
1300240 1373.9
1300250 1373.9
1300260 1381.8
1300270 1389.8
1300280 1389.8
1300290 1398.8
1300300 1409.9
1300310 1409.9
1300320 1424.7
1300330 1435.1
1300340 1435.1
1300350 1445.2
1300360 1459.8
1300370 1459.8
1300380 1478.1
1300390 1490.0
1300400 1490.0
1300410 1498.8
1300420 1503.2
1300430 1503.2
1300440 1505.7
1300450 1506.6
1300460 1506.6
1300470 1509.1
1300480 1514.2
1300490 1514.2
1300500 1520.4
1300510 1526.9
1300520 1528.3
1300530 1528.3
1300540 1528.6
1300550 1528.9
1300560 1528.9
1300570 1530.6
1300580 1533.6
1300590 1533.6
1300600 1537.8
1300610 1542.9
1300620 1542.9
1300630 1547.7
1300640 1553.7
1300650 1553.7
1300660 1561.1
1300670 1568.8
1300680 1568.8
1300690 1576.6
1300700 1581.8
1300710 1581.8
1300720 1581.9
1300730 1582.8
1300740 1582.8
1300750 1593.1
1300760 1597.0
1300770 1597.0
1300780 1603.5
1300790 1611.2
1300800 1611.2
1300810 1618.6
1300820 1625.7
1300830 1633.2
1300840 1633.2
1300850 1643.2
1300860 1668.1
1300870 1668.1
1300880 1707.9
1300890 1714.4
1300900 1714.4
1300910 1716.8
1300920 1721.9
1300930 1721.9
1300940 1725.7
1300950 1727.3
1300960 1727.3
1300970 1735.9
1300980 1747.4
1300990 1747.4
1301000 1755.1
1301010 1762.6
1301020 1762.6
1301030 1774.8
1301040 1782.1
1301050 1782.1
1301060 1782.8
1301070 1779.1
1301080 1779.1
1301090 1771.7
1301100 1763.8
1301110 1763.8
1301120 1756.7
1301130 1751.7
1301140 1748.0
1301150 1748.0
1301160 1744.2
1301170 1739.1
1301180 1739.1
1301190 1732.9
1301200 1726.3
1301210 1726.3
1301220 1719.7
1301230 1713.3
1301240 1713.3
1301250 1706.8
1301260 1700.7
1301270 1700.7
1301280 1695.2
1301290 1692.8
1301300 1692.8
1301310 1691.6
1301320 1689.5
1301330 1689.5
1301340 1687.5
1301350 1685.6
1301360 1685.6
1301370 1684.2
1301380 1683.0
1301390 1683.0
1301400 1681.4
1301410 1679.8
1301420 1678.5
1301430 1678.5
1301440 1678.6
1301450 1684.7
1301460 1684.7
1301470 1685.4
1301480 1685.9
1301490 1685.9
1301500 1686.0
1301510 1685.5
1301520 1685.5
1301530 1683.9
1301540 1681.6
1301550 1681.6
1301560 1679.5
1301570 1678.3
1301580 1678.3
1301590 1677.3
1301600 1674.9
1301610 1674.9
1301620 1676.1
1301630 1677.0
1301640 1677.0
1301650 1676.6
1301660 1677.2
1301670 1677.2
1301680 1678.4
1301690 1678.9
1301700 1678.9
1301710 1677.4
1301720 1676.4
1301730 1676.5
1301740 1676.5
1301750 1679.8
1301760 1685.1
1301770 1685.1
1301780 1689.7
1301790 1692.9
1301800 1692.9
1301810 1695.8
1301820 1698.7
1301830 1698.7
1301840 1701.4
1301850 1703.6
1301860 1703.6
1301870 1704.9
1301880 1705.3
1301890 1705.3
1301900 1705.5
1301910 1705.4
1301920 1705.4
1301930 1704.4
1301940 1703.1
1301950 1703.1
1301960 1701.8
1301970 1699.7
1301980 1699.7
1301990 1697.1
1302000 1694.5
1302010 1694.5
1302020 1692.8
1302030 1690.9
1302040 1689.0
1302050 1689.0
1302060 1687.3
1302070 1685.2
1302080 1685.2
1302090 1682.6
1302100 1678.9
1302110 1678.9
1302120 1675.0
1302130 1671.3
1302140 1671.3
1302150 1663.7
1302160 1660.1
1302170 1660.1
1302180 1656.9
1302190 1653.7
1302200 1653.7
1302210 1650.7
1302220 1648.3
1302230 1648.3
1302240 1646.2
1302250 1643.1
1302260 1643.1
1302270 1640.7
1302280 1641.6
1302290 1641.6
1302300 1640.5
1302310 1638.2
1302320 1638.2
1302330 1635.5
1302340 1633.9
1302350 1632.3
1302360 1632.3
1302370 1630.1
1302380 1627.1
1302390 1627.1
1302400 1623.4
1302410 1620.2
1302420 1620.2
1302430 1618.1
1302440 1616.5
1302450 1616.5
1302460 1614.8
1302470 1612.9
1302480 1612.9
1302490 1610.9
1302500 1608.6
1302510 1608.6
1302520 1606.1
1302530 1602.9
1302540 1602.9
1302550 1599.0
1302560 1594.5
1302570 1594.5
1302580 1589.7
1302590 1585.5
1302600 1585.5
1302610 1582.1
1302620 1578.9
1302630 1578.9
1302640 1576.9
1302650 1575.3
1302660 1573.2
1302670 1573.2
1302680 1571.1
1302690 1569.1
1302700 1569.1
1302710 1566.7
1302720 1563.5
1302730 1563.5
1302740 1559.5
1302750 1556.0
1302760 1556.0
1302770 1553.5
1302780 1551.4
1302790 1551.4
1302800 1548.9
1302810 1545.9
1302820 1545.9
1302830 1543.1
1302840 1540.0
1302850 1541.1
1302860 1538.7
1302870 1536.5
1302880 1536.5
1302890 1533.5
1302900 1530.0
1302910 1530.0
1302920 1525.6
1302930 1520.7
1302940 1520.7
1302950 1515.1
1302960 1510.6
1302970 1509.2
1302980 1509.2
1302990 1508.7
1303000 1508.7
1303010 1508.7
1303020 1508.3
1303030 1508.3
1303040 1508.3
1303050 1507.9
1303060 1507.0
1303070 1507.0
1303080 1506.6
1303090 1505.9
1303100 1505.9
1303110 1504.6
1303120 1503.7
1303130 1503.7
1303140 1503.9
1303150 1503.3
1303160 1503.3
1303170 1502.5
1303180 1501.4
1303190 1501.4
1303200 1500.8
1303210 1501.0
1303220 1501.0
1303230 1501.1
1303240 1500.9
1303250 1499.9
1303260 1499.9
1303270 1501.1
1303280 1503.2
1303290 1503.2
1303300 1504.6
1303310 1506.1
1303320 1506.1
1303330 1507.3
1303340 1508.9
1303350 1508.9
1303360 1510.5
1303370 1511.4
1303380 1511.4
1303390 1512.2
1303400 1512.8
1303410 1512.8
1303420 1512.9
1303430 1514.3
1303440 1514.3
1303450 1516.9
1303460 1518.9
1303470 1518.9
1303480 1520.3
1303490 1520.8
1303500 1520.8
1303510 1520.3
1303520 1519.2
1303530 1519.2
1303540 1517.1
1303550 1507.4
1303560 1504.9
1303570 1504.9
1303580 1502.5
1303590 1500.6
1303600 1500.6
1303610 1498.6
1303620 1496.2
1303630 1496.2
1303640 1496.1
1303650 1497.8
1303660 1497.8
1303670 1499.6
1303680 1500.5
1303690 1500.5
1303700 1500.3
1303710 1499.0
1303720 1499.0
1303730 1496.2
1303740 1492.7
1303750 1492.7
1303760 1489.8
1303770 1487.2
1303780 1487.2
1303790 1484.6
1303800 1481.2
1303810 1481.2
1303820 1477.5
1303830 1472.3
1303840 1472.3
1303850 1467.4
1303860 1462.0
1303870 1456.4
1303880 1456.4
1303890 1450.6
1303900 1446.5
1303910 1446.5
1303920 1445.6
1303930 1444.3
1303940 1444.3
1303950 1441.1
1303960 1435.9
1303970 1435.9
1303980 1430.3
1303990 1425.3
1304000 1425.3
1304010 1419.9
1304020 1413.9
1304030 1413.9
1304040 1407.4
1304050 1400.6
1304060 1400.6
1304070 1393.9
1304080 1391.5
1304090 1391.5
1304100 1390.2
1304110 1389.7
1304120 1389.7
1304130 1389.0
1304140 1388.3
1304150 1388.3
1304160 1388.4
1304170 1386.9
1304180 1383.3
1304190 1383.3
1304200 1378.3
1304210 1371.9
1304220 1371.9
1304230 1366.0
1304240 1364.2
1304250 1364.2
1304260 1356.7
1304270 1354.1
1304280 1354.1
1304290 1351.1
1304300 1348.0
1304310 1348.0
1304320 1343.3
1304330 1340.3
1304340 1340.3
1304350 1338.6
1304360 1336.3
1304370 1336.3
1304380 1335.3
1304390 1334.0
1304400 1334.0
1304410 1328.7
1304420 1321.9
1304430 1321.9
1304440 1314.8
1304450 1308.0
1304460 1308.0
1304470 1303.1
1304480 1297.4
1304490 1292.2
1304500 1292.2
1304510 1288.1
1304520 1286.9
1304530 1286.9
1304540 1287.3
1304550 1285.8
1304560 1285.8
1304570 1281.3
1304580 1274.6
1304590 1274.6
1304600 1268.2
1304610 1262.1
1304620 1262.1
1304630 1256.7
1304640 1251.9
1304650 1251.9
1304660 1246.4
1304670 1240.9
1304680 1240.9
1304690 1235.7
1304700 1230.2
1304710 1230.2
1304720 1224.6
1304730 1219.9
1304740 1219.9
1304750 1215.0
1304760 1211.1
1304770 1207.8
1304780 1207.8
1304790 1202.6
1304800 1196.0
1304810 1196.0
1304820 1194.1
1304830 1196.1
1304840 1196.1
1304850 1198.5
1304860 1198.8
1304870 1198.8
1304880 1200.4
1304890 1203.4
1304900 1203.4
1304910 1205.3
1304920 1206.9
1304930 1206.9
1304940 1209.0
1304950 1208.7
1304960 1208.7
1304970 1215.6
1304980 1215.2
1304990 1215.2
1305000 1213.1
1305010 1211.7
1305020 1211.7
1305030 1211.5
1305040 1210.3
1305050 1210.3
1305060 1207.4
1305070 1202.8
1305080 1198.8
1305090 1198.8
1305100 1196.8
1305110 1193.7
1305120 1193.7
1305130 1187.6
1305140 1183.8
1305150 1183.8
1305160 1182.3
1305170 1181.4
1305180 1181.4
1305190 1181.0
1305200 1180.3
1305210 1180.3
1305220 1178.3
1305230 1175.8
1305240 1175.8
1305250 1174.0
1305260 1173.4
1305270 1173.4
1305280 1174.1
1305290 1175.3
1305300 1175.3
1305310 1176.5
1305320 1178.9
1305330 1178.9
1305340 1182.1
1305350 1186.3
1305360 1186.3
1305370 1191.7
1305380 1195.8
1305390 1198.7
1305400 1198.7
1305410 1203.5
1305420 1209.7
1305430 1209.7
1305440 1215.4
1305450 1220.2
1305460 1220.2
1305470 1224.8
1305480 1229.5
1305490 1229.5
1305500 1234.5
1305510 1238.9
1305520 1238.9
1305530 1243.1
1305540 1247.0
1305550 1247.0
1305560 1251.4
1305570 1255.1
1305580 1255.1
1305590 1258.4
1305600 1260.9
1305610 1260.9
1305620 1262.8
1305630 1264.1
1305640 1264.1
1305650 1264.2
1305660 1263.6
1305670 1263.6
1305680 1271.0
1305690 1271.2
1305700 1271.7
1305710 1271.7
1305720 1272.1
1305730 1272.5
1305740 1272.5
1305750 1272.4
1305760 1272.7
1305770 1272.7
1305780 1274.2
1305790 1275.7
1305800 1275.7
1305810 1276.6
1305820 1277.4
1305830 1277.4
1305840 1278.6
1305850 1279.9
1305860 1279.9
1305870 1281.4
1305880 1283.1
1305890 1283.1
1305900 1284.4
1305910 1284.9
1305920 1284.9
1305930 1285.1
1305940 1285.9
1305950 1285.9
1305960 1286.1
1305970 1287.0
1305980 1287.0
1305990 1289.3
1306000 1291.1
1306010 1290.4
1306020 1290.4
1306030 1286.8
1306040 1281.7
1306050 1281.7
1306060 1276.0
1306070 1269.8
1306080 1269.8
1306090 1263.2
1306100 1255.7
1306110 1255.7
1306120 1248.4
1306130 1241.2
1306140 1241.2
1306150 1234.0
1306160 1228.1
1306170 1228.1
1306180 1223.5
1306190 1219.6
1306200 1219.6
1306210 1215.4
1306220 1211.0
1306230 1211.0
1306240 1206.6
1306250 1202.1
1306260 1202.1
1306270 1197.8
1306280 1193.7
1306290 1189.8
1306300 1189.8
1306310 1185.5
1306320 1181.0
1306330 1181.0
1306340 1175.9
1306350 1171.1
1306360 1171.1
1306370 1167.4
1306380 1163.8
1306390 1163.8
1306400 1152.3
1306410 1148.4
1306420 1148.4
1306430 1144.8
1306440 1141.9
1306450 1141.9
1306460 1139.3
1306470 1135.1
1306480 1135.1
1306490 1129.9
1306500 1125.7
1306510 1125.7
1306520 1122.1
1306530 1118.3
1306540 1118.3
1306550 1114.0
1306560 1109.6
1306570 1109.6
1306580 1105.1
1306590 1099.4
1306600 1093.4
1306610 1093.4
1306620 1086.5
1306630 1079.4
1306640 1079.4
1306650 1071.6
1306660 1063.9
1306670 1063.9
1306680 1057.0
1306690 1050.2
1306700 1050.2
1306710 1043.3
1306720 1037.2
1306730 1037.2
1306740 1031.2
1306750 1025.9
1306760 1025.9
1306770 1021.2
1306780 1016.7
1306790 1016.7
1306800 1012.6
1306810 1009.2
1306820 1009.2
1306830 1007.1
1306840 1005.4
1306850 1005.4
1306860 1004.1
1306870 1002.5
1306880 1002.5
1306890 1001.0
1306900 999.5
1306910 998.0
1306920 998.0
1306930 996.5
1306940 994.7
1306950 994.7
1306960 992.7
1306970 990.3
1306980 990.3
1306990 987.2
1307000 984.0
1307010 984.0
1307020 980.5
1307030 976.6
1307040 976.6
1307050 972.0
1307060 967.0
1307070 967.0
1307080 962.8
1307090 959.5
1307100 959.5
1307110 957.5
1307120 949.4
1307130 949.4
1307140 948.0
1307150 946.9
1307160 946.9
1307170 946.7
1307180 947.0
1307190 947.0
1307200 946.0
1307210 943.4
1307220 941.5
1307230 941.5
1307240 940.0
1307250 938.5
1307260 938.5
1307270 936.2
1307280 934.1
1307290 934.1
1307300 932.0
1307310 930.0
1307320 930.0
1307330 927.8
1307340 925.4
1307350 925.4
1307360 922.2
1307370 918.8
1307380 918.8
1307390 914.7
1307400 910.9
1307410 910.9
1307420 906.3
1307430 904.2
1307440 904.2
1307450 903.9
1307460 905.1
1307470 905.1
1307480 907.7
1307490 912.5
1307500 912.5
1307510 917.8
1307520 922.7
1307530 928.4
1307540 928.4
1307550 932.8
1307560 934.2
1307570 934.2
1307580 933.0
1307590 930.8
1307600 930.8
1307610 932.0
1307620 933.0
1307630 933.0
1307640 935.2
1307650 939.6
1307660 939.6
1307670 943.7
1307680 946.4
1307690 946.4
1307700 946.6
1307710 945.7
1307720 945.7
1307730 945.0
1307740 944.3
1307750 944.3
1307760 943.5
1307770 942.8
1307780 942.8
1307790 942.1
1307800 941.4
1307810 940.7
1307820 940.7
1307830 940.0
1307840 940.1
1307850 940.1
1307860 939.7
1307870 939.2
1307880 939.2
1307890 938.8
1307900 938.7
1307910 938.7
1307920 938.3
1307930 937.9
1307940 937.9
1307950 937.4
1307960 936.9
1307970 936.9
1307980 936.4
1307990 935.7
1308000 935.7
1308010 935.1
1308020 934.4
1308030 934.4
1308040 933.5
1308050 932.4
1308060 932.4
1308070 931.5
1308080 930.7
1308090 930.7
1308100 929.2
1308110 926.5
1308120 922.2
1308130 922.2
1308140 918.4
1308150 918.3
1308160 918.3
1308170 919.6
1308180 918.6
1308190 918.6
1308200 913.8
1308210 907.4
1308220 907.4
1308230 900.9
1308240 894.5
1308250 894.5
1308260 888.4
1308270 882.1
1308280 882.1
1308290 875.4
1308300 868.5
1308310 868.5
1308320 861.5
1308330 854.3
1308340 854.3
1308350 846.8
1308360 840.0
1308370 840.0
1308380 833.8
1308390 827.0
1308400 827.0
1308410 819.8
1308420 812.7
1308430 805.8
1308440 805.8
1308450 798.2
1308460 790.6
1308470 790.6
1308480 783.9
1308490 777.7
1308500 777.7
1308510 773.3
1308520 768.9
1308530 768.9
1308540 764.6
1308550 760.0
1308560 759.3
1308570 755.1
1308580 750.5
1308590 750.5
1308600 747.2
1308610 749.7
1308620 749.7
1308630 753.0
1308640 756.6
1308650 756.6
1308660 759.5
1308670 762.7
1308680 762.7
1308690 766.0
1308700 769.9
1308710 769.9
1308720 775.0
1308730 779.8
1308740 784.1
1308750 784.1
1308760 788.8
1308770 794.6
1308780 794.6
1308790 801.2
1308800 808.3
1308810 808.3
1308820 813.5
1308830 817.2
1308840 817.2
1308850 820.6
1308860 823.5
1308870 823.5
1308880 826.3
1308890 828.9
1308900 828.9
1308910 831.4
1308920 834.0
1308930 834.0
1308940 836.3
1308950 837.4
1308960 837.4
1308970 836.8
1308980 835.2
1308990 835.2
1309000 832.8
1309010 830.1
1309020 830.1
1309030 827.6
1309040 825.3
1309050 823.0
1309060 823.0
1309070 820.4
1309080 818.3
1309090 818.3
1309100 818.6
1309110 819.7
1309120 819.7
1309130 820.1
1309140 822.4
1309150 822.4
1309160 827.8
1309170 833.9
1309180 833.9
1309190 839.9
1309200 846.0
1309210 846.0
1309220 852.2
1309230 858.8
1309240 858.8
1309250 864.2
1309260 867.9
1309270 867.9
1309280 869.9
1309290 864.9
1309300 864.9
1309310 867.0
1309320 869.5
1309330 873.4
1309340 873.4
1309350 878.6
1309360 884.2
1309370 884.2
1309380 889.5
1309390 890.9
1309400 890.9
1309410 886.2
1309420 880.1
1309430 880.1
1309440 873.9
1309450 867.7
1309460 867.7
1309470 861.7
1309480 855.8
1309490 855.8
1309500 850.0
1309510 843.9
1309520 843.9
1309530 837.9
1309540 833.9
1309550 833.9
1309560 834.2
1309570 839.4
1309580 839.4
1309590 846.2
1309600 853.0
1309610 853.0
1309620 859.2
1309630 865.1
1309640 871.5
1309650 871.5
1309660 878.0
1309670 884.7
1309680 884.7
1309690 891.0
1309700 893.8
1309710 893.8
1309720 892.2
1309730 889.9
1309740 889.9
1309750 887.1
1309760 885.6
1309770 885.6
1309780 885.1
1309790 884.2
1309800 884.2
1309810 882.9
1309820 881.0
1309830 881.0
1309840 878.9
1309850 875.6
1309860 875.6
1309870 871.7
1309880 867.2
1309890 867.2
1309900 863.4
1309910 860.8
1309920 860.8
1309930 861.6
1309940 863.8
1309950 866.0
1309960 866.0
1309970 867.4
1309980 867.3
1309990 867.3
1310000 865.6
1310010 865.7
1310020 858.6
1310030 862.9
1310040 865.1
1310050 865.1
1310060 865.6
1310070 868.6
1310080 868.6
1310090 870.3
1310100 869.5
1310110 869.5
1310120 865.8
1310130 860.4
1310140 860.4
1310150 854.9
1310160 850.0
1310170 850.0
1310180 845.4
1310190 838.5
1310200 838.5
1310210 832.5
1310220 827.0
1310230 827.0
1310240 822.2
1310250 817.9
1310260 814.0
1310270 814.0
1310280 812.0
1310290 811.8
1310300 811.8
1310310 811.7
1310320 811.5
1310330 811.5
1310340 811.1
1310350 811.5
1310360 811.5
1310370 813.4
1310380 817.3
1310390 817.3
1310400 821.8
1310410 825.3
1310420 825.3
1310430 825.7
1310440 825.0
1310450 825.0
1310460 825.6
1310470 826.9
1310480 826.9
1310490 827.7
1310500 829.2
1310510 829.2
1310520 831.7
1310530 834.3
1310540 834.3
1310550 837.5
1310560 840.3
1310570 842.7
1310580 842.7
1310590 845.8
1310600 848.2
1310610 848.2
1310620 848.2
1310630 845.3
1310640 845.3
1310650 843.8
1310660 843.1
1310670 843.1
1310680 840.7
1310690 835.4
1310700 835.4
1310710 829.7
1310720 824.9
1310730 824.9
1310740 820.5
1310750 816.9
1310760 816.9
1310770 812.1
1310780 811.3
1310790 811.3
1310800 809.5
1310810 803.7
1310820 803.7
1310830 799.1
1310840 796.9
1310850 795.4
1310860 795.4
1310870 794.0
1310880 793.1
1310890 793.1
1310900 793.1
1310910 794.6
1310920 794.6
1310930 795.7
1310940 795.6
1310950 795.6
1310960 796.3
1310970 798.0
1310980 798.0
1310990 797.1
1311000 796.7
1311010 796.7
1311020 798.2
1311030 801.2
1311040 801.2
1311050 804.7
1311060 808.1
1311070 808.1
1311080 810.4
1311090 809.7
1311100 809.7
1311110 808.7
1311120 807.8
1311130 807.8
1311140 807.3
1311150 806.4
1311160 805.1
1311170 805.1
1311180 803.1
1311190 801.2
1311200 801.2
1311210 800.5
1311220 799.2
1311230 799.2
1311240 797.6
1311250 795.8
1311260 795.8
1311270 794.4
1311280 793.1
1311290 793.1
1311300 792.1
1311310 791.1
1311320 791.1
1311330 789.7
1311340 788.9
1311350 788.9
1311360 788.3
1311370 787.5
1311380 787.5
1311390 786.8
1311400 786.7
1311410 786.7
1311420 785.1
1311430 782.9
1311440 782.9
1311450 782.0
1311460 781.8
1311470 780.9
1311480 780.9
1311490 778.1
1311500 777.5
1311510 777.5
1311520 776.8
1311530 777.1
1311540 777.1
1311550 777.8
1311560 778.2
1311570 778.2
1311580 777.4
1311590 776.3
1311600 776.3
1311610 773.9
1311620 771.4
1311630 771.4
1311640 772.2
1311650 772.6
1311660 772.6
1311670 771.2
1311680 770.8
1311690 770.8
1311700 771.6
1311710 770.8
1311720 770.8
1311730 768.3
1311740 767.1
1311750 767.1
1311760 766.3
1311770 764.6
1311780 763.4
1311790 763.4
1311800 761.9
1311810 760.0
1311820 760.0
1311830 757.8
1311840 755.9
1311850 755.9
1311860 754.1
1311870 752.1
1311880 752.1
1311890 750.5
1311900 748.7
1311910 748.7
1311920 746.7
1311930 744.3
1311940 744.3
1311950 741.4
1311960 738.5
1311970 738.5
1311980 736.9
1311990 735.7
1312000 735.7
1312010 733.1
1312020 730.1
1312030 730.1
1312040 728.1
1312050 726.2
1312060 726.2
1312070 724.4
1312080 722.5
1312090 721.2
1312100 721.2
1312110 719.2
1312120 717.0
1312130 717.0
1312140 714.8
1312150 712.9
1312160 712.9
1312170 710.8
1312180 708.8
1312190 708.8
1312200 706.7
1312210 704.3
1312220 704.3
1312230 695.1
1312240 691.1
1312250 691.1
1312260 688.4
1312270 686.7
1312280 686.7
1312290 684.5
1312300 683.1
1312310 683.1
1312320 682.0
1312330 680.9
1312340 680.9
1312350 679.5
1312360 677.8
1312370 678.2
1312380 678.2
1312390 681.4
1312400 684.5
1312410 684.5
1312420 681.8
1312430 675.5
1312440 675.5
1312450 669.6
1312460 664.9
1312470 664.9
1312480 661.6
1312490 659.3
1312500 659.3
1312510 657.0
1312520 654.8
1312530 654.8
1312540 652.8
1312550 651.6
1312560 651.6
1312570 650.2
1312580 648.1
1312590 648.1
1312600 645.0
1312610 640.9
1312620 640.9
1312630 636.4
1312640 633.0
1312650 633.0
1312660 631.0
1312670 631.2
1312680 631.7
1312690 631.7
1312700 630.6
1312710 627.1
1312720 627.1
1312730 624.7
1312740 624.0
1312750 624.0
1312760 623.9
1312770 623.9
1312780 623.9
1312790 624.0
1312800 624.0
1312810 624.0
1312820 624.0
1312830 623.9
1312840 623.9
1312850 624.3
1312860 627.4
1312870 627.4
1312880 632.0
1312890 637.7
1312900 637.7
1312910 642.5
1312920 644.9
1312930 644.9
1312940 644.4
1312950 641.1
1312960 641.1
1312970 633.8
1312980 630.6
1312990 630.0
1313000 630.0
1313010 631.9
1313020 636.5
1313030 636.5
1313040 639.8
1313050 638.9
1313060 638.9
1313070 636.2
1313080 635.5
1313090 635.5
1313100 636.6
1313110 635.8
1313120 635.8
1313130 631.4
1313140 626.1
1313150 626.1
1313160 621.6
1313170 617.5
1313180 617.5
1313190 613.1
1313200 608.4
1313210 608.4
1313220 604.2
1313230 601.0
1313240 601.0
1313250 598.3
1313260 596.3
1313270 596.3
1313280 595.3
1313290 594.5
1313300 593.6
1313310 593.6
1313320 593.5
1313330 593.3
1313340 593.3
1313350 592.4
1313360 591.4
1313370 591.4
1313380 590.7
1313390 590.2
1313400 590.2
1313410 589.9
1313420 589.6
1313430 589.6
1313440 589.4
1313450 589.0
1313460 589.0
1313470 587.8
1313480 586.9
1313490 586.9
1313500 586.1
1313510 585.2
1313520 585.2
1313530 584.1
1313540 583.2
1313550 583.2
1313560 582.8
1313570 582.7
1313580 582.7
1313590 582.7
1313600 583.0
1313610 583.4
1313620 583.4
1313630 583.9
1313640 584.4
1313650 584.4
1313660 584.9
1313670 585.2
1313680 585.2
1313690 585.3
1313700 585.3
1313710 585.3
1313720 584.7
1313730 585.2
1313740 585.2
1313750 585.6
1313760 585.9
1313770 585.9
1313780 586.3
1313790 586.8
1313800 586.8
1313810 587.5
1313820 587.6
1313830 587.6
1313840 587.6
1313850 587.8
1313860 587.8
1313870 588.2
1313880 588.5
1313890 588.7
1313900 588.7
1313910 589.0
1313920 589.3
1313930 589.3
1313940 589.7
1313950 589.9
1313960 589.9
1313970 590.2
1313980 590.3
1313990 590.3
1314000 590.4
1314010 590.3
1314020 590.3
1314030 590.9
1314040 591.5
1314050 591.5
1314060 590.6
1314070 590.2
1314080 590.2
1314090 589.9
1314100 589.5
1314110 589.5
1314120 589.1
1314130 588.7
1314140 588.7
1314150 588.5
1314160 588.4
1314170 588.4
1314180 588.0
1314190 587.5
1314200 587.2
1314210 587.2
1314220 587.2
1314230 587.4
1314240 587.4
1314250 587.4
1314260 587.5
1314270 587.5
1314280 587.2
1314290 586.9
1314300 586.9
1314310 586.5
1314320 586.1
1314330 586.1
1314340 585.7
1314350 585.6
1314360 585.6
1314370 585.8
1314380 586.2
1314390 586.2
1314400 586.8
1314410 587.3
1314420 587.3
1314430 587.6
1314440 587.8
1314450 587.8
1314460 588.2
1314470 587.7
1314480 587.7
1314490 588.6
1314500 588.3
1314510 587.9
1314520 587.9
1314530 587.1
1314540 586.4
1314550 586.4
1314560 586.0
1314570 585.9
1314580 585.9
1314590 586.1
1314600 586.0
1314610 586.0
1314620 586.2
1314630 586.4
1314640 586.4
1314650 586.0
1314660 585.7
1314670 585.7
1314680 586.3
1314690 586.9
1314700 586.9
1314710 586.6
1314720 586.6
1314730 586.6
1314740 586.6
1314750 587.0
1314760 587.0
1314770 586.7
1314780 586.5
1314790 586.5
1314800 586.5
1314810 586.3
1314820 585.9
1314830 585.9
1314840 586.0
1314850 586.2
1314860 586.2
1314870 586.5
1314880 586.6
1314890 586.6
1314900 586.4
1314910 586.3
1314920 586.3
1314930 586.1
1314940 585.9
1314950 585.9
1314960 585.3
1314970 584.7
1314980 584.7
1314990 584.5
1315000 584.3
1315010 584.3
1315020 584.1
1315030 584.0
1315040 584.0
1315050 584.0
1315060 584.0
1315070 584.0
1315080 583.5
1315090 582.8
1315100 583.3
1315110 583.3
1315120 583.0
1315130 582.5
1315140 582.5
1315150 581.4
1315160 580.3
1315170 580.3
1315180 579.9
1315190 579.8
1315200 579.8
1315210 579.8
1315220 578.8
1315230 578.8
1315240 578.1
1315250 578.1
1315260 578.1
1315270 577.3
1315280 576.4
1315290 576.4
1315300 575.6
1315310 575.1
1315320 575.1
1315330 575.2
1315340 574.8
1315350 574.8
1315360 574.6
1315370 574.5
1315380 574.5
1315390 574.2
1315400 573.7
1315410 573.3
1315420 573.3
1315430 572.7
1315440 571.9
1315450 571.9
1315460 571.1
1315470 570.5
1315480 570.5
1315490 570.0
1315500 569.7
1315510 569.7
1315520 569.3
1315530 568.8
1315540 568.8
1315550 568.5
1315560 568.1
1315570 568.1
1315580 567.4
1315590 567.0
1315600 567.0
1315610 566.4
1315620 565.7
1315630 565.7
1315640 565.1
1315650 564.6
1315660 564.6
1315670 563.5
1315680 562.2
1315690 562.2
1315700 561.3
1315710 560.3
1315720 559.7
1315730 559.7
1315740 559.1
1315750 558.7
1315760 558.7
1315770 558.2
1315780 557.7
1315790 557.7
1315800 557.2
1315810 556.7
1315820 556.7
1315830 556.1
1315840 555.6
1315850 555.6
1315860 555.2
1315870 554.7
1315880 554.7
1315890 554.2
1315900 553.7
1315910 553.7
1315920 553.2
1315930 552.7
1315940 552.7
1315950 552.2
1315960 551.8
1315970 551.3
1315980 550.8
1315990 550.6
1316000 550.6
1316010 550.3
1316020 549.9
1316030 549.3
1316040 549.3
1316050 548.8
1316060 548.0
1316070 548.0
1316080 547.3
1316090 546.8
1316100 546.8
1316110 546.2
1316120 545.6
1316130 545.6
1316140 545.1
1316150 544.6
1316160 544.6
1316170 544.1
1316180 543.7
1316190 543.7
1316200 543.1
1316210 542.5
1316220 542.5
1316230 542.0
1316240 541.5
1316250 541.5
1316260 541.0
1316270 540.5
1316280 540.5
1316290 540.1
1316300 539.8
1316310 539.8
1316320 539.5
1316330 539.1
1316340 538.7
1316350 538.7
1316360 538.3
1316370 537.8
1316380 537.8
1316390 537.3
1316400 536.7
1316410 536.7
1316420 536.2
1316430 535.7
1316440 535.7
1316450 535.4
1316460 535.0
1316470 535.0
1316480 534.6
1316490 534.2
1316500 534.2
1316510 533.9
1316520 533.6
1316530 533.6
1316540 533.1
1316550 532.5
1316560 532.5
1316570 532.1
1316580 531.6
1316590 531.6
1316600 531.2
1316610 530.8
1316620 530.4
1316630 530.4
1316640 529.9
1316650 529.5
1316660 529.5
1316670 529.2
1316680 528.9
1316690 528.9
1316700 528.4
1316710 528.0
1316720 528.0
1316730 527.5
1316740 527.3
1316750 527.3
1316760 527.1
1316770 526.6
1316780 526.6
1316790 524.8
1316800 523.3
1316810 523.3
1316820 522.7
1316830 521.3
1316840 521.3
1316850 520.1
1316860 520.1
1316870 520.1
1316880 520.3
1316890 520.5
1316900 520.5
1316910 520.7
1316920 520.8
1316930 520.7
1316940 520.7
1316950 520.7
1316960 520.5
1316970 520.5
1316980 520.4
1316990 520.5
1317000 520.5
1317010 520.5
1317020 520.3
1317030 520.3
1317040 520.3
1317050 520.3
1317060 520.3
1317070 520.1
1317080 520.1
1317090 520.1
1317100 520.1
1317110 520.2
1317120 520.2
1317130 520.3
1317140 520.4
1317150 520.4
1317160 520.4
1317170 520.2
1317180 520.2
1317190 520.3
1317200 520.3
1317210 520.3
1317220 520.3
1317230 520.3
1317240 520.2
1317250 520.2
1317260 520.2
1317270 520.2
1317280 520.2
1317290 520.3
1317300 520.4
1317310 520.4
1317320 520.4
1317330 520.3
1317340 520.3
1317350 520.2
1317360 520.1
1317370 520.1
1317380 520.2
1317390 520.1
1317400 520.1
1317410 520.2
1317420 520.2
1317430 520.2
1317440 520.3
1317450 520.4
1317460 520.4
1317470 520.8
1317480 521.8
1317490 523.4
1317500 523.5
1317510 523.5
1317520 523.5
1317530 523.5
1317540 523.4
1317550 522.7
1317560 522.7
1317570 521.5
1317580 520.7
1317590 520.7
1317600 520.5
1317610 520.4
1317620 520.4
1317630 520.5
1317640 520.7
1317650 520.7
1317660 522.5
1317670 526.2
1317680 526.2
1317690 525.0
1317700 521.4
1317710 521.4
1317720 520.9
1317730 520.8
1317740 520.8
1317750 520.8
1317760 520.9
1317770 520.9
1317780 521.0
1317790 521.0
1317800 521.0
1317810 521.4
1317820 522.0
1317830 521.2
1317840 521.2
1317850 518.7
1317860 517.3
1317870 517.3
1317880 517.2
1317890 517.3
1317900 517.3
1317910 517.2
1317920 517.1
1317930 517.1
1317940 517.1
1317950 517.1
1317960 517.1
1317970 517.1
1317980 517.1
1317990 517.1
1318000 517.1
1318010 517.1
1318020 517.1
1318030 517.1
1318040 517.1
1318050 517.1
1318060 517.1
1318070 517.1
1318080 517.1
1318090 517.4
1318100 518.3
1318110 518.3
1318120 519.3
1318130 520.9
1318140 521.9
1318150 521.9
1318160 521.6
1318170 521.2
1318180 521.2
1318190 521.0
1318200 520.9
1318210 520.9
1318220 520.8
1318230 520.7
1318240 520.7
1318250 520.6
1318260 520.5
1318270 520.5
1318280 520.4
1318290 520.3
1318300 520.3
1318310 520.2
1318320 520.1
1318330 520.1
1318340 519.9
1318350 520.3
1318360 520.3
1318370 520.7
1318380 523.1
1318390 523.1
1318400 527.0
1318410 530.2
1318420 530.2
1318430 532.3
1318440 534.4
1318450 535.8
1318460 535.8
1318470 535.9
1318480 535.1
1318490 535.1
1318500 532.7
1318510 530.1
1318520 530.1
1318530 527.1
1318540 524.9
1318550 524.9
1318560 523.7
1318570 523.2
1318580 523.2
1318590 522.7
1318600 522.2
1318610 522.2
1318620 522.0
1318630 522.0
1318640 522.0
1318650 522.1
1318660 522.3
1318670 522.3
1318680 522.2
1318690 522.0
1318700 522.0
1318710 521.9
1318720 521.8
1318730 521.8
1318740 521.8
1318750 521.8
1318760 521.8
1318770 521.8
1318780 522.0
1318790 522.1
1318800 522.1
1318810 522.3
1318820 522.8
1318830 522.8
1318840 524.1
1318850 528.8
1318860 528.8
1318870 531.6
1318880 533.0
1318890 533.0
1318900 534.8
1318910 536.7
1318920 536.7
1318930 538.4
1318940 539.8
1318950 539.8
1318960 540.9
1318970 541.7
1318980 541.7
1318990 542.8
1319000 544.1
1319010 544.1
1319020 545.6
1319030 548.3
1319040 548.3
1319050 549.8
1319060 551.0
1319070 552.3
1319080 552.3
1319090 553.9
1319100 555.8
1319110 555.8
1319120 557.7
1319130 560.1
1319140 560.1
1319150 562.1
1319160 563.1
1319170 563.1
1319180 564.3
1319190 564.8
1319200 564.8
1319210 566.4
1319220 568.2
1319230 568.2
1319240 570.1
1319250 572.1
1319260 572.1
1319270 573.6
1319280 574.4
1319290 574.4
1319300 574.9
1319310 576.5
1319320 576.5
1319330 577.6
1319340 579.0
1319350 580.8
1319360 580.8
1319370 582.3
1319380 583.3
1319390 583.3
1319400 583.5
1319410 583.9
1319420 583.9
1319430 584.6
1319440 585.4
1319450 585.4
1319460 586.3
1319470 587.5
1319480 587.5
1319490 589.6
1319500 592.5
1319510 592.5
1319520 594.7
1319530 595.7
1319540 595.7
1319550 597.0
1319560 596.9
1319570 596.9
1319580 596.9
1319590 598.8
1319600 598.8
1319610 600.7
1319620 602.7
1319630 602.7
1319640 604.0
1319650 604.9
1319660 605.8
1319670 605.8
1319680 606.6
1319690 607.4
1319700 607.4
1319710 608.3
1319720 608.5
1319730 608.5
1319740 609.6
1319750 610.7
1319760 610.7
1319770 613.6
1319780 616.9
1319790 616.9
1319800 627.7
1319810 628.6
1319820 628.6
1319830 634.9
1319840 640.1
1319850 640.1
1319860 629.8
1319870 621.2
1319880 621.2
1319890 614.3
1319900 616.9
1319910 616.9
1319920 624.2
1319930 629.5
1319940 629.5
1319950 630.1
1319960 634.8
1319970 640.0
1319980 640.0
1319990 642.8
