1300000 1146.7
1300010 1141.0
1300020 1141.0
1300030 1133.8
1300040 1127.9
1300050 1127.9
1300060 1121.8
1300070 1115.7
1300080 1115.7
1300090 1109.8
1300100 1104.1
1300110 1099.4
1300120 1099.4
1300130 1093.9
1300140 1088.7
1300150 1088.7
1300160 1083.2
1300170 1077.7
1300180 1077.7
1300190 1072.0
1300200 1067.0
1300210 1067.0
1300220 1062.4
1300230 1060.6
1300240 1060.6
1300250 1060.6
1300260 1060.5
1300270 1060.5
1300280 1060.2
1300290 1060.0
1300300 1060.0
1300310 1059.8
1300320 1059.5
1300330 1059.5
1300340 1059.0
1300350 1058.7
1300360 1058.7
1300370 1058.5
1300380 1058.4
1300390 1058.4
1300400 1058.4
1300410 1058.5
1300420 1058.5
1300430 1058.5
1300440 1058.3
1300450 1058.3
1300460 1058.3
1300470 1058.3
1300480 1058.2
1300490 1058.2
1300500 1058.5
1300510 1058.6
1300520 1058.6
1300530 1058.6
1300540 1058.5
1300550 1058.5
1300560 1058.5
1300570 1058.3
1300580 1058.3
1300590 1058.0
1300600 1057.6
1300610 1057.6
1300620 1057.4
1300630 1057.2
1300640 1057.2
1300650 1057.1
1300660 1057.2
1300670 1057.2
1300680 1057.1
1300690 1056.8
1300700 1056.8
1300710 1056.6
1300720 1056.3
1300730 1056.5
1300740 1056.5
1300750 1056.6
1300760 1056.1
1300770 1056.1
1300780 1055.8
1300790 1055.7
1300800 1055.7
1300810 1055.5
1300820 1055.3
1300830 1055.3
1300840 1055.2
1300850 1055.2
1300860 1055.2
1300870 1054.9
1300880 1053.7
1300890 1053.7
1300900 1052.5
1300910 1052.6
1300920 1052.6
1300930 1053.0
1300940 1054.6
1300950 1054.6
1300960 1055.3
1300970 1059.3
1300980 1059.3
1300990 1064.8
1301000 1070.8
1301010 1070.8
1301020 1076.5
1301030 1082.4
1301040 1088.3
1301050 1088.3
1301060 1094.1
1301070 1100.2
1301080 1100.2
1301090 1107.7
1301100 1113.3
1301110 1113.3
1301120 1122.0
1301130 1129.2
1301140 1129.2
1301150 1136.9
1301160 1144.3
1301170 1144.3
1301180 1151.5
1301190 1158.9
1301200 1158.9
1301210 1166.7
1301220 1174.3
1301230 1174.3
1301240 1181.8
1301250 1189.6
1301260 1189.6
1301270 1197.4
1301280 1204.6
1301290 1204.6
1301300 1211.5
1301310 1219.1
1301320 1219.1
1301330 1226.4
1301340 1233.9
1301350 1241.0
1301360 1241.0
1301370 1247.8
1301380 1254.4
1301390 1254.4
1301400 1260.5
1301410 1266.4
1301420 1264.4
1301430 1269.8
1301440 1275.7
1301450 1275.7
1301460 1281.0
1301470 1285.1
1301480 1285.1
1301490 1288.1
1301500 1290.7
1301510 1290.7
1301520 1293.1
1301530 1295.9
1301540 1295.9
1301550 1299.4
1301560 1302.6
1301570 1302.6
1301580 1305.7
1301590 1309.0
1301600 1309.0
1301610 1311.7
1301620 1314.1
1301630 1314.1
1301640 1316.7
1301650 1319.4
1301660 1321.9
1301670 1321.9
1301680 1324.8
1301690 1327.9
1301700 1327.9
1301710 1330.9
1301720 1333.6
1301730 1333.6
1301740 1335.3
1301750 1336.6
1301760 1336.6
1301770 1338.9
1301780 1341.2
1301790 1341.2
1301800 1343.6
1301810 1345.9
1301820 1345.9
1301830 1347.9
1301840 1349.6
1301850 1349.6
1301860 1351.3
1301870 1353.1
1301880 1353.1
1301890 1354.5
1301900 1356.0
1301910 1356.0
1301920 1357.6
1301930 1359.4
1301940 1359.4
1301950 1361.6
1301960 1364.3
1301970 1367.4
1301980 1367.4
1301990 1371.2
1302000 1375.7
1302010 1375.7
1302020 1380.9
1302030 1387.0
1302040 1387.0
1302050 1392.9
1302060 1398.0
1302070 1398.0
1302080 1403.4
1302090 1409.6
1302100 1409.6
1302110 1415.9
1302120 1421.1
1302130 1421.1
1302140 1427.4
1302150 1433.5
1302160 1433.5
1302170 1439.5
1302180 1445.3
1302190 1445.3
1302200 1450.7
1302210 1455.5
1302220 1455.5
1302230 1460.9
1302240 1466.8
1302250 1466.8
1302260 1473.4
1302270 1476.9
1302280 1477.1
1302290 1477.1
1302300 1476.7
1302310 1469.9
1302320 1469.9
1302330 1461.4
1302340 1452.8
1302350 1452.8
1302360 1444.0
1302370 1435.2
1302380 1435.2
1302390 1427.4
1302400 1419.8
1302410 1419.8
1302420 1412.4
1302430 1405.6
1302440 1405.6
1302450 1399.0
1302460 1392.4
1302470 1392.4
1302480 1386.2
1302490 1379.9
1302500 1379.9
1302510 1373.4
1302520 1367.1
1302530 1367.1
1302540 1361.4
1302550 1355.9
1302560 1355.9
1302570 1350.5
1302580 1344.9
1302590 1339.3
1302600 1339.3
1302610 1333.7
1302620 1328.0
1302630 1328.0
1302640 1322.7
1302650 1317.4
1302660 1317.4
1302670 1312.5
1302680 1308.1
1302690 1308.1
1302700 1303.8
1302710 1299.7
1302720 1299.7
1302730 1295.8
1302740 1291.7
1302750 1291.7
1302760 1288.2
1302770 1284.0
1302780 1284.0
1302790 1280.0
1302800 1277.2
1302810 1277.2
1302820 1278.7
1302830 1277.8
1302840 1277.8
1302850 1276.3
1302860 1274.8
1302870 1274.8
1302880 1273.9
1302890 1273.3
1302900 1272.4
1302910 1272.4
1302920 1271.6
1302930 1271.1
1302940 1271.1
1302950 1270.5
1302960 1269.7
1302970 1269.7
1302980 1268.0
1302990 1265.3
1303000 1265.3
1303010 1262.3
1303020 1259.5
1303030 1259.5
1303040 1257.2
1303050 1256.5
1303060 1256.5
1303070 1256.6
1303080 1256.1
1303090 1256.1
1303100 1255.4
1303110 1254.2
1303120 1254.2
1303130 1252.8
1303140 1250.5
1303150 1250.5
1303160 1247.9
1303170 1246.4
1303180 1246.4
1303190 1245.7
1303200 1245.5
1303210 1245.5
1303220 1245.5
1303230 1245.2
1303240 1244.5
1303250 1244.5
1303260 1243.0
1303270 1240.2
1303280 1240.2
1303290 1237.3
1303300 1236.4
1303310 1236.4
1303320 1237.0
1303330 1237.8
1303340 1237.8
1303350 1237.9
1303360 1237.7
1303370 1237.7
1303380 1236.9
1303390 1235.6
1303400 1235.6
1303410 1234.1
1303420 1232.3
1303430 1232.3
1303440 1229.9
1303450 1228.9
1303460 1228.9
1303470 1228.8
1303480 1226.6
1303490 1226.6
1303500 1222.1
1303510 1217.9
1303520 1218.6
1303530 1223.5
1303540 1224.6
1303550 1223.5
1303560 1223.5
1303570 1221.6
1303580 1219.1
1303590 1219.1
1303600 1216.1
1303610 1211.8
1303620 1211.8
1303630 1209.0
1303640 1208.2
1303650 1208.2
1303660 1207.1
1303670 1203.1
1303680 1203.1
1303690 1198.3
1303700 1195.5
1303710 1195.5
1303720 1195.1
1303730 1196.8
1303740 1196.8
1303750 1202.8
1303760 1207.7
1303770 1207.7
1303780 1210.8
1303790 1210.1
1303800 1210.1
1303810 1208.8
1303820 1207.3
1303830 1206.4
1303840 1206.4
1303850 1204.9
1303860 1203.3
1303870 1203.3
1303880 1202.9
1303890 1200.1
1303900 1200.1
1303910 1194.3
1303920 1188.0
1303930 1188.0
1303940 1180.2
1303950 1176.9
1303960 1176.9
1303970 1179.6
1303980 1179.9
1303990 1179.9
1304000 1179.1
1304010 1177.1
1304020 1177.1
1304030 1175.5
1304040 1175.2
1304050 1175.2
1304060 1176.3
1304070 1178.8
1304080 1178.8
1304090 1179.5
1304100 1177.5
1304110 1177.5
1304120 1175.7
1304130 1175.3
1304140 1176.3
1304150 1176.3
1304160 1177.0
1304170 1177.0
1304180 1177.0
1304190 1178.1
1304200 1180.7
1304210 1180.7
1304220 1182.3
1304230 1189.1
1304240 1189.1
1304250 1189.2
1304260 1189.9
1304270 1189.9
1304280 1191.2
1304290 1191.6
1304300 1191.6
1304310 1191.4
1304320 1192.6
1304330 1192.6
1304340 1196.6
1304350 1201.1
1304360 1201.1
1304370 1204.3
1304380 1206.3
1304390 1206.3
1304400 1206.1
1304410 1203.1
1304420 1203.1
1304430 1197.6
1304440 1191.8
1304450 1187.4
1304460 1187.4
1304470 1185.2
1304480 1185.5
1304490 1185.5
1304500 1184.4
1304510 1183.3
1304520 1183.3
1304530 1182.4
1304540 1181.8
1304550 1181.8
1304560 1181.7
1304570 1181.2
1304580 1181.2
1304590 1179.9
1304600 1177.8
1304610 1177.8
1304620 1175.0
1304630 1172.1
1304640 1172.1
1304650 1169.8
1304660 1166.8
1304670 1166.8
1304680 1163.6
1304690 1160.2
1304700 1160.2
1304710 1156.4
1304720 1154.5
1304730 1154.5
1304740 1153.2
1304750 1151.8
1304760 1150.5
1304770 1150.5
1304780 1149.4
1304790 1147.8
1304800 1147.8
1304810 1145.1
1304820 1142.0
1304830 1142.0
1304840 1137.9
1304850 1134.5
1304860 1134.5
1304870 1131.8
1304880 1126.8
1304890 1126.8
1304900 1121.1
1304910 1114.9
1304920 1114.9
1304930 1108.3
1304940 1108.7
1304950 1108.7
1304960 1102.9
1304970 1097.1
1304980 1097.1
1304990 1094.3
1305000 1093.0
1305010 1093.0
1305020 1092.1
1305030 1090.1
1305040 1090.1
1305050 1087.7
1305060 1085.9
1305070 1083.3
1305080 1083.3
1305090 1082.3
1305100 1081.8
1305110 1081.8
1305120 1079.4
1305130 1077.6
1305140 1077.6
1305150 1075.9
1305160 1073.8
1305170 1073.8
1305180 1070.6
1305190 1066.9
1305200 1066.9
1305210 1063.0
1305220 1060.3
1305230 1060.3
1305240 1058.7
1305250 1055.9
1305260 1055.9
1305270 1054.5
1305280 1053.4
1305290 1053.4
1305300 1047.2
1305310 1041.2
1305320 1041.2
1305330 1042.9
1305340 1049.5
1305350 1049.5
1305360 1052.3
1305370 1050.4
1305380 1048.6
1305390 1048.6
1305400 1046.5
1305410 1044.0
1305420 1044.0
1305430 1040.5
1305440 1037.6
1305450 1037.6
1305460 1035.0
1305470 1032.0
1305480 1032.0
1305490 1028.8
1305500 1025.1
1305510 1025.1
1305520 1021.0
1305530 1017.3
1305540 1017.3
1305550 1015.0
1305560 1012.4
1305570 1012.4
1305580 1010.2
1305590 1009.3
1305600 1009.3
1305610 1008.5
1305620 1006.4
1305630 1006.4
1305640 1004.4
1305650 1009.4
1305660 1009.4
1305670 1008.6
1305680 1009.8
1305690 1011.0
1305700 1011.0
1305710 1011.4
1305720 1010.6
1305730 1010.6
1305740 1008.8
1305750 1007.3
1305760 1007.3
1305770 1004.4
1305780 1001.4
1305790 1001.4
1305800 999.8
1305810 1000.4
1305820 1000.4
1305830 1001.1
1305840 1002.4
1305850 1002.4
1305860 1003.6
1305870 1004.7
1305880 1004.7
1305890 1004.0
1305900 1002.2
1305910 1002.2
1305920 1001.3
1305930 999.7
1305940 999.7
1305950 998.1
1305960 995.5
1305970 995.5
1305980 992.3
1305990 989.6
1306000 985.8
1306010 985.8
1306020 982.8
1306030 980.0
1306040 980.0
1306050 978.2
1306060 976.9
1306070 976.9
1306080 975.1
1306090 972.8
1306100 972.8
1306110 969.0
1306120 964.8
1306130 964.8
1306140 960.6
1306150 956.5
1306160 956.5
1306170 951.9
1306180 947.8
1306190 947.8
1306200 944.0
1306210 940.5
1306220 940.5
1306230 937.5
1306240 933.0
1306250 933.0
1306260 930.5
1306270 930.4
1306280 930.4
1306290 929.7
1306300 928.8
1306310 928.6
1306320 928.6
1306330 928.7
1306340 929.0
1306350 929.0
1306360 929.2
1306370 928.8
1306380 928.8
1306390 928.8
1306400 928.8
1306410 928.8
1306420 928.7
1306430 928.7
1306440 928.7
1306450 928.5
1306460 928.5
1306470 928.5
1306480 928.5
1306490 928.5
1306500 928.5
1306510 928.5
1306520 928.6
1306530 928.6
1306540 928.7
1306550 928.7
1306560 928.7
1306570 929.0
1306580 929.5
1306590 929.5
1306600 930.3
1306610 930.8
1306620 930.9
1306630 930.9
1306640 931.0
1306650 931.1
1306660 931.1
1306670 930.7
1306680 929.9
1306690 929.9
1306700 929.4
1306710 929.3
1306720 929.3
1306730 929.4
1306740 929.7
1306750 929.7
1306760 930.1
1306770 930.6
1306780 930.6
1306790 931.4
1306800 932.4
1306810 932.4
1306820 933.6
1306830 934.8
1306840 934.8
1306850 935.6
1306860 936.3
1306870 936.3
1306880 936.8
1306890 937.2
1306900 937.2
1306910 937.4
1306920 937.6
1306930 937.7
1306940 937.7
1306950 937.7
1306960 937.9
1306970 937.9
1306980 937.9
1306990 938.0
1307000 938.0
1307010 938.3
1307020 938.5
1307030 938.5
1307040 938.3
1307050 938.5
1307060 938.5
1307070 938.9
1307080 939.3
1307090 939.8
1307100 939.8
1307110 939.9
1307120 939.9
1307130 939.7
1307140 939.7
1307150 939.7
1307160 939.8
1307170 940.3
1307180 940.3
1307190 940.2
1307200 940.2
1307210 940.2
1307220 940.4
1307230 940.6
1307240 940.7
1307250 940.7
1307260 940.8
1307270 940.8
1307280 940.8
1307290 940.4
1307300 940.2
1307310 940.2
1307320 940.2
1307330 940.8
1307340 940.8
1307350 940.7
1307360 940.6
1307370 940.6
1307380 940.4
1307390 940.6
1307400 940.6
1307410 941.6
1307420 942.4
1307430 942.4
1307440 941.8
1307450 941.9
1307460 941.9
1307470 942.4
1307480 943.1
1307490 943.1
1307500 943.7
1307510 944.4
1307520 944.4
1307530 944.7
1307540 945.1
1307550 945.9
1307560 945.9
1307570 947.2
1307580 948.3
1307590 948.3
1307600 949.2
1307610 949.0
1307620 949.0
1307630 949.1
1307640 949.7
1307650 949.7
1307660 950.4
1307670 951.9
1307680 951.9
1307690 952.0
1307700 952.7
1307710 952.7
1307720 953.6
1307730 954.5
1307740 954.5
1307750 955.4
1307760 956.0
1307770 956.0
1307780 956.6
1307790 957.1
1307800 957.1
1307810 957.7
1307820 958.7
1307830 958.7
1307840 959.5
1307850 960.4
1307860 960.4
1307870 960.4
1307880 961.1
1307890 962.8
1307900 962.8
1307910 963.2
1307920 965.0
1307930 965.0
1307940 965.5
1307950 965.5
1307960 965.5
1307970 965.7
1307980 967.1
1307990 967.1
1308000 969.2
1308010 970.2
1308020 970.2
1308030 970.3
1308040 970.3
1308050 970.3
1308060 970.3
1308070 970.3
1308080 970.3
1308090 970.7
1308100 972.9
1308110 972.9
1308120 975.2
1308130 975.7
1308140 975.7
1308150 975.8
1308160 975.9
1308170 976.1
1308180 976.1
1308190 976.5
1308200 978.5
1308210 978.5
1308220 981.2
1308230 982.7
1308240 982.7
1308250 983.7
1308260 984.3
1308270 984.3
1308280 984.7
1308290 985.3
1308300 985.3
1308310 987.5
1308320 989.9
1308330 989.9
1308340 990.6
1308350 991.7
1308360 991.7
1308370 992.7
1308380 994.0
1308390 994.0
1308400 995.2
1308410 995.6
1308420 995.6
1308430 995.9
1308440 996.3
1308450 996.3
1308460 996.4
1308470 997.0
1308480 998.0
1308490 998.0
1308500 999.0
1308510 999.8
1308520 999.8
1308530 1000.0
1308540 999.0
1308550 999.0
1308560 997.0
1308570 998.8
1308580 998.8
1308590 1002.7
1308600 1004.2
1308610 1004.2
1308620 1005.9
1308630 1008.4
1308640 1008.4
1308650 1011.0
1308660 1013.6
1308670 1013.6
1308680 1016.3
1308690 1018.9
1308700 1018.9
1308710 1021.6
1308720 1025.2
1308730 1025.2
1308740 1029.7
1308750 1033.7
1308760 1033.7
1308770 1037.5
1308780 1041.8
1308790 1046.9
1308800 1046.9
1308810 1052.9
1308820 1057.7
1308830 1057.7
1308840 1063.0
1308850 1068.2
1308860 1068.2
1308870 1072.8
1308880 1077.1
1308890 1077.1
1308900 1082.6
1308910 1088.1
1308920 1088.1
1308930 1094.7
1308940 1101.9
1308950 1101.9
1308960 1108.7
1308970 1115.6
1308980 1115.6
1308990 1123.2
1309000 1130.7
1309010 1130.7
1309020 1137.9
1309030 1145.7
1309040 1145.7
1309050 1156.5
1309060 1165.5
1309070 1165.5
1309080 1172.0
1309090 1179.1
1309100 1185.4
1309110 1185.4
1309120 1190.2
1309130 1196.0
1309140 1196.0
1309150 1201.6
1309160 1206.5
1309170 1206.5
1309180 1211.5
1309190 1218.0
1309200 1218.0
1309210 1225.7
1309220 1233.8
1309230 1233.8
1309240 1243.4
1309250 1251.9
1309260 1254.2
1309270 1262.4
1309280 1270.3
1309290 1270.3
1309300 1278.1
1309310 1286.5
1309320 1286.5
1309330 1295.4
1309340 1305.1
1309350 1305.1
1309360 1314.5
1309370 1322.9
1309380 1322.9
1309390 1331.0
1309400 1339.4
1309410 1347.8
1309420 1347.8
1309430 1356.3
1309440 1364.6
1309450 1364.6
1309460 1369.7
1309470 1375.5
1309480 1375.5
1309490 1381.4
1309500 1388.0
1309510 1388.0
1309520 1395.6
1309530 1399.7
1309540 1399.7
1309550 1402.6
1309560 1408.3
1309570 1408.3
1309580 1415.1
1309590 1422.6
1309600 1422.6
1309610 1429.7
1309620 1437.0
1309630 1437.0
1309640 1444.8
1309650 1453.5
1309660 1453.5
1309670 1460.7
1309680 1468.4
1309690 1468.4
1309700 1474.6
1309710 1480.4
1309720 1486.8
1309730 1486.8
1309740 1494.1
1309750 1501.8
1309760 1501.8
1309770 1509.6
1309780 1517.4
1309790 1517.4
1309800 1526.0
1309810 1534.3
1309820 1534.3
1309830 1542.9
1309840 1552.2
1309850 1552.2
1309860 1560.1
1309870 1568.2
1309880 1568.2
1309890 1577.0
1309900 1587.9
1309910 1587.9
1309920 1597.8
1309930 1606.6
1309940 1606.6
1309950 1615.5
1309960 1623.6
1309970 1623.6
1309980 1631.3
1309990 1637.8
1310000 1637.8
1310010 1647.9
1310020 1657.4
1310030 1666.9
1310040 1666.9
1310050 1677.5
1310060 1691.4
1310070 1691.4
1310080 1704.2
1310090 1714.7
1310100 1714.7
1310110 1727.1
1310120 1732.7
1310130 1732.7
1310140 1739.4
1310150 1747.1
1310160 1747.1
1310170 1753.9
1310180 1762.8
1310190 1762.8
1310200 1768.1
1310210 1772.0
1310220 1772.0
1310230 1777.3
1310240 1784.7
1310250 1784.7
1310260 1790.6
1310270 1795.2
1310280 1795.2
1310290 1800.1
1310300 1807.3
1310310 1807.3
1310320 1815.3
1310330 1821.9
1310340 1821.5
1310350 1821.5
1310360 1821.3
1310370 1822.3
1310380 1822.3
1310390 1824.6
1310400 1832.2
1310410 1832.2
1310420 1836.3
1310430 1848.2
1310440 1848.2
1310450 1870.6
1310460 1883.9
1310470 1883.9
1310480 1882.6
1310490 1879.5
1310500 1879.5
1310510 1876.2
1310520 1874.6
1310530 1874.6
1310540 1873.7
1310550 1874.0
1310560 1874.0
1310570 1874.5
1310580 1874.2
1310590 1874.2
1310600 1874.1
1310610 1873.1
1310620 1873.1
1310630 1873.3
1310640 1874.4
1310650 1877.0
1310660 1877.0
1310670 1878.8
1310680 1879.8
1310690 1879.8
1310700 1880.7
1310710 1881.8
1310720 1881.8
1310730 1872.9
1310740 1870.6
1310750 1870.6
1310760 1870.6
1310770 1871.9
1310780 1871.9
1310790 1877.4
1310800 1883.4
1310810 1883.4
1310820 1885.4
1310830 1885.6
1310840 1885.6
1310850 1886.7
1310860 1886.3
1310870 1886.3
1310880 1884.9
1310890 1881.2
1310900 1881.2
1310910 1875.9
1310920 1869.8
1310930 1869.8
1310940 1862.6
1310950 1854.9
1310960 1847.6
1310970 1847.6
1310980 1841.5
1310990 1834.5
1311000 1834.5
1311010 1826.0
1311020 1818.7
1311030 1818.7
1311040 1815.2
1311050 1814.7
1311060 1814.7
1311070 1812.1
1311080 1808.7
1311090 1808.7
1311100 1805.3
1311110 1801.0
1311120 1801.0
1311130 1796.0
1311140 1792.2
1311150 1792.2
1311160 1791.8
1311170 1792.7
1311180 1792.7
1311190 1794.3
1311200 1793.1
1311210 1793.1
1311220 1791.2
1311230 1789.1
1311240 1789.1
1311250 1785.5
1311260 1777.6
1311270 1765.8
1311280 1765.8
1311290 1747.0
1311300 1731.5
1311310 1731.5
1311320 1724.0
1311330 1718.5
1311340 1718.5
1311350 1713.0
1311360 1707.2
1311370 1707.2
1311380 1700.9
1311390 1694.4
1311400 1694.4
1311410 1688.0
1311420 1681.9
1311430 1681.9
1311440 1675.7
1311450 1668.9
1311460 1665.1
1311470 1658.1
1311480 1651.9
1311490 1651.9
1311500 1645.8
1311510 1639.7
1311520 1639.7
1311530 1633.6
1311540 1627.3
1311550 1627.3
1311560 1622.0
1311570 1618.1
1311580 1614.4
1311590 1614.4
1311600 1610.7
1311610 1606.6
1311620 1606.6
1311630 1602.2
1311640 1597.5
1311650 1597.5
1311660 1592.6
1311670 1587.6
1311680 1587.6
1311690 1582.4
1311700 1577.1
1311710 1577.1
1311720 1571.9
1311730 1567.7
1311740 1567.7
1311750 1564.9
1311760 1564.9
1311770 1564.9
1311780 1565.1
1311790 1564.8
1311800 1564.8
1311810 1563.6
1311820 1559.9
1311830 1559.9
1311840 1549.5
1311850 1536.7
1311860 1536.7
1311870 1523.6
1311880 1511.3
1311890 1496.5
1311900 1496.5
1311910 1479.0
1311920 1469.5
1311930 1469.5
1311940 1470.1
1311950 1472.7
1311960 1472.7
1311970 1472.8
1311980 1472.8
1311990 1472.8
1312000 1473.9
1312010 1467.6
1312020 1467.6
1312030 1454.1
1312040 1444.6
1312050 1444.6
1312060 1435.4
1312070 1422.2
1312080 1422.2
1312090 1403.4
1312100 1385.5
1312110 1385.5
1312120 1383.8
1312130 1380.1
1312140 1380.1
1312150 1366.0
1312160 1354.8
1312170 1354.8
1312180 1355.5
1312190 1360.7
1312200 1359.2
1312210 1359.2
1312220 1363.9
1312230 1368.2
1312240 1368.2
1312250 1366.2
1312260 1361.6
1312270 1361.6
1312280 1359.4
1312290 1358.3
1312300 1358.3
1312310 1355.8
1312320 1352.2
1312330 1352.2
1312340 1347.1
1312350 1340.1
1312360 1340.1
1312370 1336.7
1312380 1327.0
1312390 1327.0
1312400 1319.0
1312410 1312.3
1312420 1312.3
1312430 1307.3
1312440 1300.7
1312450 1300.7
1312460 1293.9
1312470 1286.2
1312480 1286.2
1312490 1274.4
1312500 1263.4
1312510 1248.3
1312520 1248.3
1312530 1229.0
1312540 1221.3
1312550 1221.3
1312560 1217.9
1312570 1217.4
1312580 1217.4
1312590 1214.7
1312600 1208.8
1312610 1208.8
1312620 1198.5
1312630 1188.6
1312640 1188.6
1312650 1176.0
1312660 1167.6
1312670 1167.6
1312680 1152.8
1312690 1147.3
1312700 1147.3
1312710 1137.4
1312720 1123.1
1312730 1123.1
1312740 1112.1
1312750 1105.2
1312760 1105.2
1312770 1100.3
1312780 1094.3
1312790 1094.3
1312800 1088.3
1312810 1082.3
1312820 1077.3
1312830 1077.3
1312840 1071.4
1312850 1063.6
1312860 1063.6
1312870 1056.0
1312880 1049.3
1312890 1049.3
1312900 1043.4
1312910 1038.1
1312920 1038.1
1312930 1032.9
1312940 1027.7
1312950 1022.9
1312960 1017.6
1312970 1011.6
1312980 1011.6
1312990 1005.6
1313000 999.6
1313010 999.6
1313020 993.4
1313030 987.0
1313040 987.0
1313050 980.8
1313060 975.3
1313070 975.3
1313080 970.0
1313090 964.0
1313100 964.0
1313110 957.7
1313120 951.5
1313130 945.5
1313140 945.5
1313150 939.4
1313160 933.0
1313170 933.0
1313180 926.4
1313190 919.7
1313200 919.7
1313210 913.1
1313220 906.6
1313230 906.6
1313240 900.8
1313250 895.1
1313260 895.1
1313270 890.0
1313280 885.1
1313290 885.1
1313300 880.6
1313310 876.0
1313320 876.0
1313330 871.1
1313340 866.4
1313350 866.4
1313360 862.4
1313370 858.7
1313380 858.7
1313390 855.1
1313400 852.6
1313410 852.6
1313420 851.5
1313430 852.5
1313440 853.9
1313450 853.9
1313460 856.1
1313470 857.7
1313480 857.7
1313490 858.6
1313500 859.8
1313510 859.8
1313520 860.0
1313530 859.5
1313540 859.5
1313550 859.4
1313560 858.4
1313570 858.4
1313580 857.3
1313590 856.9
1313600 856.9
1313610 856.2
1313620 856.6
1313630 856.6
1313640 857.0
1313650 857.2
1313660 857.2
1313670 856.9
1313680 856.3
1313690 854.5
1313700 853.2
1313710 851.4
1313720 851.4
1313730 848.5
1313740 845.8
1313750 844.2
1313760 844.2
1313770 842.9
1313780 842.1
1313790 842.1
1313800 841.0
1313810 839.9
1313820 839.9
1313830 838.6
1313840 835.8
1313850 835.8
1313860 831.8
1313870 826.7
1313880 826.7
1313890 821.3
1313900 816.7
1313910 816.7
1313920 813.3
1313930 811.2
1313940 811.2
1313950 810.4
1313960 810.1
1313970 810.1
1313980 809.6
1313990 808.5
1314000 808.5
1314010 807.0
1314020 804.9
1314030 804.9
1314040 802.8
1314050 800.7
1314060 798.2
1314070 798.2
1314080 796.0
1314090 794.0
1314100 794.0
1314110 791.8
1314120 789.6
1314130 789.6
1314140 788.1
1314150 786.9
1314160 786.9
1314170 786.1
1314180 785.0
1314190 785.0
1314200 784.1
1314210 783.8
1314220 783.8
1314230 783.5
1314240 782.8
1314250 782.8
1314260 781.7
1314270 780.3
1314280 780.3
1314290 778.9
1314300 777.6
1314310 777.6
1314320 775.8
1314330 774.3
1314340 774.3
1314350 772.6
1314360 771.5
1314370 771.0
1314380 771.0
1314390 769.8
1314400 767.9
1314410 767.9
1314420 766.3
1314430 764.5
1314440 765.2
1314450 763.9
1314460 762.8
1314470 762.8
1314480 762.9
1314490 762.8
1314500 762.8
1314510 762.0
1314520 760.6
1314530 760.6
1314540 756.6
1314550 753.1
1314560 753.1
1314570 751.2
1314580 748.1
1314590 748.1
1314600 743.2
1314610 738.5
1314620 738.5
1314630 737.1
1314640 736.2
1314650 736.2
1314660 735.3
1314670 733.9
1314680 733.1
1314690 733.1
1314700 733.5
1314710 732.6
1314720 732.6
1314730 731.0
1314740 728.7
1314750 728.7
1314760 725.2
1314770 722.0
1314780 722.0
1314790 719.7
1314800 718.2
1314810 718.2
1314820 717.1
1314830 716.0
1314840 716.0
1314850 715.4
1314860 714.6
1314870 714.6
1314880 713.7
1314890 712.9
1314900 712.9
1314910 712.3
1314920 711.3
1314930 711.3
1314940 710.5
1314950 709.9
1314960 709.9
1314970 708.9
1314980 706.9
1314990 705.3
1315000 705.3
1315010 704.6
1315020 703.2
1315030 703.2
1315040 702.2
1315050 700.9
1315060 700.9
1315070 699.9
1315080 698.6
1315090 698.6
1315100 697.5
1315110 696.6
1315120 696.6
1315130 695.6
1315140 694.8
1315150 694.8
1315160 693.8
1315170 692.3
1315180 692.3
1315190 691.2
1315200 690.0
1315210 690.0
1315220 689.0
1315230 688.0
1315240 688.0
1315250 687.0
1315260 686.0
1315270 686.0
1315280 684.9
1315290 684.2
1315300 683.7
1315310 683.7
1315320 683.0
1315330 682.0
1315340 682.0
1315350 681.2
1315360 680.5
1315370 680.5
1315380 679.7
1315390 679.7
1315400 679.7
1315410 678.5
1315420 676.4
1315430 676.4
1315440 675.6
1315450 674.5
1315460 674.5
1315470 672.5
1315480 672.0
1315490 672.0
1315500 670.3
1315510 669.8
1315520 669.8
1315530 669.6
1315540 667.9
1315550 667.9
1315560 666.0
1315570 663.9
1315580 663.9
1315590 663.3
1315600 663.1
1315610 662.6
1315620 662.6
1315630 661.6
1315640 659.8
1315650 659.8
1315660 660.2
1315670 659.5
1315680 659.5
1315690 659.0
1315700 658.3
1315710 658.3
1315720 655.8
1315730 655.8
1315740 655.8
1315750 656.9
1315760 658.8
1315770 658.8
1315780 660.2
1315790 659.6
1315800 659.6
1315810 659.5
1315820 659.6
1315830 659.6
1315840 659.5
1315850 658.2
1315860 658.2
1315870 656.4
1315880 655.8
1315890 655.8
1315900 656.4
1315910 655.4
1315920 653.5
1315930 653.5
1315940 651.6
1315950 649.8
1315960 649.8
1315970 648.9
1315980 650.4
1315990 650.4
1316000 650.4
1316010 647.6
1316020 647.6
1316030 643.9
1316040 639.4
1316050 639.4
1316060 634.8
1316070 630.4
1316080 630.4
1316090 627.2
1316100 625.5
1316110 625.5
1316120 624.4
1316130 622.0
1316140 622.0
1316150 617.8
1316160 613.2
1316170 613.2
1316180 608.5
1316190 605.9
1316200 605.9
1316210 605.1
1316220 603.9
1316230 602.2
1316240 602.2
1316250 600.6
1316260 599.7
1316270 599.7
1316280 599.2
1316290 598.6
1316300 598.6
1316310 597.7
1316320 596.0
1316330 596.0
1316340 594.7
1316350 593.9
1316360 593.9
1316370 593.0
1316380 592.4
1316390 592.4
1316400 591.8
1316410 591.5
1316420 591.5
1316430 590.9
1316440 589.6
1316450 589.6
1316460 588.9
1316470 588.6
1316480 588.6
1316490 588.2
1316500 587.6
1316510 587.6
1316520 587.0
1316530 586.7
1316540 585.6
1316550 585.6
1316560 585.1
1316570 584.5
1316580 584.5
1316590 583.8
1316600 583.0
1316610 583.0
1316620 582.1
1316630 581.3
1316640 581.3
1316650 580.0
1316660 578.9
1316670 578.9
1316680 578.4
1316690 577.7
1316700 577.7
1316710 576.6
1316720 576.1
1316730 576.1
1316740 575.7
1316750 575.0
1316760 575.0
1316770 574.4
1316780 574.0
1316790 574.0
1316800 572.9
1316810 571.5
1316820 571.5
1316830 570.5
1316840 569.8
1316850 569.2
1316860 569.2
1316870 568.7
1316880 568.3
1316890 568.3
1316900 567.9
1316910 567.2
1316920 567.2
1316930 566.6
1316940 566.0
1316950 566.0
1316960 565.0
1316970 564.1
1316980 564.1
1316990 563.2
1317000 562.1
1317010 562.1
1317020 560.5
1317030 559.7
1317040 559.7
1317050 558.5
1317060 558.1
1317070 558.1
1317080 557.5
1317090 557.0
1317100 557.0
1317110 556.4
1317120 556.0
1317130 556.0
1317140 555.6
1317150 554.3
1317160 553.1
1317170 553.1
1317180 552.3
1317190 551.4
1317200 551.4
1317210 550.7
1317220 550.1
1317230 550.1
1317240 549.4
1317250 548.8
1317260 548.8
1317270 548.3
1317280 547.5
1317290 547.5
1317300 546.7
1317310 546.1
1317320 546.1
1317330 545.8
1317340 545.5
1317350 545.5
1317360 545.1
1317370 544.3
1317380 544.3
1317390 543.6
1317400 543.1
1317410 543.1
1317420 542.6
1317430 541.8
1317440 541.8
1317450 541.2
1317460 540.7
1317470 539.7
1317480 539.7
1317490 539.2
1317500 538.7
1317510 538.7
1317520 538.3
1317530 537.7
1317540 537.7
1317550 537.1
1317560 536.8
1317570 536.8
1317580 536.0
1317590 535.3
1317600 535.3
1317610 532.7
1317620 527.1
1317630 527.1
1317640 523.2
1317650 521.4
1317660 521.4
1317670 520.5
1317680 520.2
1317690 520.2
1317700 520.0
1317710 519.4
1317720 519.4
1317730 520.3
1317740 520.7
1317750 520.7
1317760 520.7
1317770 520.7
1317780 520.9
1317790 520.9
1317800 521.1
1317810 521.2
1317820 521.2
1317830 521.4
1317840 521.6
1317850 521.6
1317860 521.7
1317870 521.5
1317880 521.5
1317890 521.6
1317900 521.4
1317910 521.4
1317920 521.3
1317930 521.2
1317940 521.2
1317950 521.1
1317960 521.0
1317970 521.0
1317980 521.2
1317990 521.2
1318000 521.2
1318010 521.2
1318020 521.3
1318030 521.3
1318040 521.5
1318050 521.6
1318060 521.6
1318070 521.7
1318080 521.8
1318090 521.6
1318100 521.6
1318110 521.1
1318120 520.9
1318130 520.9
1318140 520.7
1318150 520.6
1318160 520.6
1318170 520.6
1318180 520.7
1318190 520.7
1318200 520.7
1318210 520.7
1318220 520.7
1318230 520.7
1318240 520.7
1318250 520.7
1318260 520.8
1318270 520.8
1318280 520.8
1318290 520.8
1318300 520.8
1318310 520.8
1318320 520.8
1318330 520.7
1318340 520.7
1318350 520.7
1318360 520.6
1318370 520.6
1318380 520.6
1318390 520.5
1318400 520.4
1318410 520.4
1318420 520.4
1318430 520.5
1318440 520.5
1318450 520.4
1318460 520.3
1318470 520.3
1318480 520.4
1318490 520.3
1318500 520.3
1318510 520.4
1318520 520.4
1318530 520.4
1318540 520.4
1318550 520.5
1318560 520.5
1318570 520.6
1318580 520.7
1318590 520.7
1318600 520.8
1318610 520.8
1318620 520.8
1318630 520.9
1318640 520.9
1318650 520.9
1318660 520.8
1318670 520.6
1318680 520.6
1318690 520.3
1318700 520.3
1318710 520.3
1318720 520.3
1318730 520.4
1318740 520.5
1318750 520.5
1318760 520.4
1318770 520.4
1318780 520.4
1318790 520.4
1318800 520.3
1318810 520.3
1318820 520.2
1318830 520.0
1318840 520.0
1318850 519.9
1318860 519.7
1318870 519.7
1318880 519.5
1318890 519.1
1318900 519.1
1318910 518.7
1318920 518.5
1318930 518.5
1318940 517.9
1318950 517.8
1318960 517.8
1318970 517.9
1318980 517.8
1318990 517.8
1319000 517.7
1319010 517.7
1319020 517.8
1319030 517.8
1319040 517.7
1319050 517.7
1319060 517.7
1319070 517.8
1319080 517.8
1319090 517.8
1319100 517.8
1319110 517.9
1319120 517.9
1319130 518.1
1319140 518.0
1319150 518.0
1319160 518.1
1319170 518.2
1319180 518.2
1319190 518.1
1319200 518.0
1319210 518.0
1319220 517.8
1319230 517.6
1319240 517.6
1319250 517.7
1319260 517.8
1319270 517.8
1319280 517.8
1319290 517.9
1319300 517.9
1319310 517.9
1319320 517.8
1319330 517.9
1319340 517.9
1319350 517.9
1319360 517.9
1319370 517.9
1319380 517.9
1319390 518.1
1319400 518.1
1319410 518.2
1319420 518.2
1319430 518.2
1319440 518.1
1319450 518.1
1319460 518.1
1319470 518.1
1319480 518.1
1319490 518.1
1319500 518.1
1319510 518.0
1319520 518.0
1319530 516.8
1319540 516.2
1319550 516.2
1319560 516.4
1319570 517.9
1319580 517.9
1319590 520.7
1319600 522.3
1319610 522.3
1319620 521.5
1319630 518.7
1319640 516.6
1319650 516.6
1319660 516.3
1319670 517.5
1319680 517.5
1319690 518.4
1319700 518.3
1319710 518.3
1319720 518.2
1319730 518.2
1319740 518.2
1319750 518.2
1319760 518.0
1319770 518.0
1319780 518.2
1319790 518.3
1319800 518.3
1319810 518.1
1319820 518.1
1319830 518.1
1319840 518.1
1319850 518.2
1319860 518.2
1319870 518.1
1319880 518.1
1319890 518.1
1319900 518.3
1319910 518.4
1319920 518.4
1319930 518.3
1319940 518.4
1319950 518.6
1319960 518.6
1319970 518.7
1319980 519.1
1319990 519.1
