1300000 1140.6
1300010 1140.6
1300020 1135.4
1300030 1129.6
1300040 1129.6
1300050 1124.0
1300060 1119.1
1300070 1113.7
1300080 1113.7
1300090 1108.5
1300100 1103.4
1300110 1103.4
1300120 1098.5
1300130 1094.3
1300140 1094.3
1300150 1090.0
1300160 1085.5
1300170 1085.5
1300180 1083.3
1300190 1080.5
1300200 1080.5
1300210 1077.7
1300220 1073.2
1300230 1073.2
1300240 1069.8
1300250 1067.4
1300260 1067.4
1300270 1067.0
1300280 1067.0
1300290 1067.0
1300300 1066.7
1300310 1066.6
1300320 1066.6
1300330 1066.6
1300340 1066.6
1300350 1066.6
1300360 1066.4
1300370 1066.1
1300380 1066.4
1300390 1066.4
1300400 1066.4
1300410 1066.1
1300420 1066.1
1300430 1066.0
1300440 1066.0
1300450 1066.0
1300460 1066.2
1300470 1066.5
1300480 1066.5
1300490 1066.2
1300500 1065.8
1300510 1065.8
1300520 1065.4
1300530 1065.3
1300540 1065.3
1300550 1065.3
1300560 1065.4
1300570 1065.4
1300580 1065.3
1300590 1065.3
1300600 1065.3
1300610 1065.1
1300620 1064.5
1300630 1064.5
1300640 1063.5
1300650 1063.4
1300660 1063.4
1300670 1063.5
1300680 1063.3
1300690 1063.0
1300700 1063.0
1300710 1062.8
1300720 1062.8
1300730 1062.8
1300740 1062.9
1300750 1062.5
1300760 1062.5
1300770 1062.3
1300780 1061.6
1300790 1061.6
1300800 1059.6
1300810 1058.5
1300820 1058.5
1300830 1058.2
1300840 1058.9
1300850 1058.9
1300860 1060.9
1300870 1061.3
1300880 1061.3
1300890 1061.4
1300900 1060.9
1300910 1060.9
1300920 1060.5
1300930 1060.6
1300940 1060.6
1300950 1063.7
1300960 1068.4
1300970 1068.4
1300980 1073.5
1300990 1079.5
1301000 1085.4
1301010 1085.4
1301020 1091.5
1301030 1097.7
1301040 1097.7
1301050 1104.1
1301060 1110.6
1301070 1110.9
1301080 1116.6
1301090 1122.6
1301100 1122.6
1301110 1126.8
1301120 1132.9
1301130 1132.9
1301140 1138.5
1301150 1144.3
1301160 1144.3
1301170 1150.1
1301180 1156.1
1301190 1156.1
1301200 1162.3
1301210 1168.7
1301220 1168.7
1301230 1174.9
1301240 1181.1
1301250 1181.1
1301260 1187.1
1301270 1191.9
1301280 1191.9
1301290 1195.0
1301300 1195.8
1301310 1194.8
1301320 1194.8
1301330 1196.5
1301340 1201.4
1301350 1201.4
1301360 1208.0
1301370 1213.6
1301380 1213.6
1301390 1218.9
1301400 1222.6
1301410 1222.6
1301420 1226.9
1301430 1229.1
1301440 1229.1
1301450 1229.9
1301460 1233.2
1301470 1233.2
1301480 1238.1
1301490 1242.1
1301500 1242.1
1301510 1246.0
1301520 1249.7
1301530 1249.7
1301540 1253.3
1301550 1257.3
1301560 1257.3
1301570 1261.3
1301580 1265.2
1301590 1265.2
1301600 1269.2
1301610 1273.3
1301620 1276.9
1301630 1276.9
1301640 1280.3
1301650 1284.2
1301660 1284.2
1301670 1288.2
1301680 1291.0
1301690 1291.0
1301700 1292.2
1301710 1291.6
1301720 1291.6
1301730 1289.9
1301740 1288.9
1301750 1288.9
1301760 1289.8
1301770 1287.9
1301780 1287.9
1301790 1293.1
1301800 1299.1
1301810 1299.1
1301820 1304.3
1301830 1309.6
1301840 1309.6
1301850 1314.5
1301860 1318.6
1301870 1318.6
1301880 1321.7
1301890 1325.1
1301900 1325.1
1301910 1329.4
1301920 1334.3
1301930 1340.0
1301940 1340.0
1301950 1346.3
1301960 1351.4
1301970 1351.4
1301980 1357.2
1301990 1362.4
1302000 1362.4
1302010 1368.6
1302020 1374.8
1302030 1374.8
1302040 1381.5
1302050 1387.5
1302060 1387.5
1302070 1392.9
1302080 1398.3
1302090 1398.3
1302100 1404.5
1302110 1411.0
1302120 1411.0
1302130 1417.6
1302140 1424.4
1302150 1424.4
1302160 1431.8
1302170 1441.3
1302180 1441.3
1302190 1448.9
1302200 1454.7
1302210 1454.7
1302220 1459.8
1302230 1463.8
1302240 1468.2
1302250 1468.2
1302260 1473.1
1302270 1478.1
1302280 1478.1
1302290 1483.0
1302300 1486.9
1302310 1486.9
1302320 1486.6
1302330 1482.4
1302340 1482.4
1302350 1476.9
1302360 1471.0
1302370 1471.0
1302380 1465.0
1302390 1454.9
1302400 1454.9
1302410 1444.7
1302420 1437.3
1302430 1437.3
1302440 1428.3
1302450 1420.3
1302460 1420.3
1302470 1417.0
1302480 1410.7
1302490 1410.7
1302500 1404.1
1302510 1397.7
1302520 1397.7
1302530 1391.5
1302540 1385.9
1302550 1380.4
1302560 1380.4
1302570 1375.1
1302580 1370.0
1302590 1370.0
1302600 1365.5
1302610 1361.3
1302620 1361.3
1302630 1357.0
1302640 1352.7
1302650 1352.7
1302660 1349.1
1302670 1345.4
1302680 1345.4
1302690 1340.7
1302700 1335.2
1302710 1335.2
1302720 1329.2
1302730 1323.2
1302740 1323.2
1302750 1318.0
1302760 1315.4
1302770 1315.4
1302780 1316.0
1302790 1317.4
1302800 1317.4
1302810 1318.7
1302820 1320.2
1302830 1320.2
1302840 1321.8
1302850 1322.7
1302860 1322.5
1302870 1322.5
1302880 1320.7
1302890 1318.0
1302900 1318.0
1302910 1316.5
1302920 1315.8
1302930 1315.8
1302940 1316.0
1302950 1316.1
1302960 1316.1
1302970 1316.3
1302980 1316.1
1302990 1316.1
1303000 1315.8
1303010 1316.6
1303020 1316.6
1303030 1317.0
1303040 1316.4
1303050 1316.4
1303060 1317.4
1303070 1318.3
1303080 1318.3
1303090 1318.3
1303100 1318.3
1303110 1318.3
1303120 1317.8
1303130 1317.5
1303140 1317.5
1303150 1317.0
1303160 1316.2
1303170 1320.5
1303180 1320.5
1303190 1319.3
1303200 1318.0
1303210 1318.0
1303220 1316.5
1303230 1315.2
1303240 1315.2
1303250 1313.5
1303260 1311.6
1303270 1311.6
1303280 1309.2
1303290 1306.7
1303300 1306.7
1303310 1305.3
1303320 1304.8
1303330 1304.8
1303340 1305.0
1303350 1304.7
1303360 1304.7
1303370 1303.9
1303380 1303.0
1303390 1303.0
1303400 1301.3
1303410 1300.0
1303420 1300.0
1303430 1300.2
1303440 1300.6
1303450 1300.6
1303460 1299.9
1303470 1299.0
1303480 1297.9
1303490 1297.9
1303500 1296.2
1303510 1294.5
1303520 1294.5
1303530 1292.6
1303540 1289.4
1303550 1289.4
1303560 1286.7
1303570 1284.2
1303580 1284.2
1303590 1282.4
1303600 1281.0
1303610 1281.0
1303620 1278.9
1303630 1275.2
1303640 1275.2
1303650 1273.1
1303660 1270.4
1303670 1270.4
1303680 1268.3
1303690 1266.3
1303700 1266.3
1303710 1264.5
1303720 1261.5
1303730 1261.5
1303740 1258.7
1303750 1258.0
1303760 1258.0
1303770 1258.0
1303780 1259.0
1303790 1260.1
1303800 1260.1
1303810 1260.5
1303820 1259.8
1303830 1259.8
1303840 1258.1
1303850 1253.0
1303860 1253.0
1303870 1250.2
1303880 1247.3
1303890 1247.3
1303900 1251.4
1303910 1253.5
1303920 1253.5
1303930 1255.0
1303940 1254.4
1303950 1254.4
1303960 1254.7
1303970 1256.5
1303980 1256.5
1303990 1259.5
1304000 1262.2
1304010 1262.2
1304020 1265.3
1304030 1266.8
1304040 1266.8
1304050 1267.2
1304060 1268.4
1304070 1268.4
1304080 1266.9
1304090 1264.0
1304100 1262.3
1304110 1262.3
1304120 1261.5
1304130 1259.8
1304140 1259.8
1304150 1260.9
1304160 1264.1
1304170 1264.1
1304180 1266.7
1304190 1266.3
1304200 1266.3
1304210 1265.8
1304220 1267.0
1304230 1267.0
1304240 1270.8
1304250 1274.2
1304260 1274.2
1304270 1275.3
1304280 1277.2
1304290 1277.2
1304300 1279.2
1304310 1281.3
1304320 1281.3
1304330 1283.0
1304340 1283.7
1304350 1283.7
1304360 1283.1
1304370 1281.7
1304380 1281.7
1304390 1280.7
1304400 1279.1
1304410 1276.5
1304420 1276.5
1304430 1273.8
1304440 1272.2
1304450 1272.2
1304460 1270.3
1304470 1268.8
1304480 1268.8
1304490 1268.1
1304500 1267.2
1304510 1267.2
1304520 1265.8
1304530 1264.2
1304540 1264.2
1304550 1262.2
1304560 1260.3
1304570 1260.3
1304580 1264.6
1304590 1262.8
1304600 1262.8
1304610 1260.7
1304620 1257.4
1304630 1257.4
1304640 1252.7
1304650 1247.0
1304660 1247.0
1304670 1242.6
1304680 1240.2
1304690 1240.2
1304700 1238.3
1304710 1236.9
1304720 1236.9
1304730 1236.9
1304740 1236.3
1304750 1234.1
1304760 1234.1
1304770 1229.0
1304780 1222.6
1304790 1222.6
1304800 1216.1
1304810 1209.5
1304820 1209.5
1304830 1202.8
1304840 1195.0
1304850 1195.0
1304860 1183.7
1304870 1176.5
1304880 1176.5
1304890 1173.3
1304900 1169.8
1304910 1169.8
1304920 1168.5
1304930 1166.8
1304940 1166.8
1304950 1162.7
1304960 1158.9
1304970 1158.9
1304980 1156.0
1304990 1153.6
1305000 1153.6
1305010 1155.0
1305020 1156.5
1305030 1154.9
1305040 1154.9
1305050 1153.2
1305060 1152.8
1305070 1152.8
1305080 1151.6
1305090 1149.8
1305100 1149.8
1305110 1149.0
1305120 1148.2
1305130 1148.2
1305140 1145.5
1305150 1143.6
1305160 1143.6
1305170 1142.5
1305180 1141.8
1305190 1141.8
1305200 1141.5
1305210 1142.3
1305220 1142.3
1305230 1141.6
1305240 1139.1
1305250 1139.1
1305260 1138.5
1305270 1134.7
1305280 1134.7
1305290 1136.5
1305300 1132.0
1305310 1132.0
1305320 1124.7
1305330 1118.1
1305340 1123.1
1305350 1123.1
1305360 1128.5
1305370 1131.1
1305380 1131.1
1305390 1133.8
1305400 1134.3
1305410 1134.3
1305420 1133.0
1305430 1132.0
1305440 1132.0
1305450 1133.1
1305460 1137.2
1305470 1137.2
1305480 1143.6
1305490 1146.7
1305500 1146.7
1305510 1148.0
1305520 1148.6
1305530 1148.6
1305540 1144.3
1305550 1139.5
1305560 1139.5
1305570 1139.5
1305580 1139.0
1305590 1139.0
1305600 1132.9
1305610 1128.7
1305620 1128.7
1305630 1123.0
1305640 1117.1
1305650 1113.5
1305660 1113.5
1305670 1111.1
1305680 1109.6
1305690 1109.6
1305700 1105.9
1305710 1104.8
1305720 1104.8
1305730 1104.2
1305740 1104.6
1305750 1104.6
1305760 1104.7
1305770 1103.0
1305780 1103.0
1305790 1103.6
1305800 1100.6
1305810 1100.6
1305820 1093.6
1305830 1086.0
1305840 1086.0
1305850 1082.4
1305860 1084.7
1305870 1084.7
1305880 1086.4
1305890 1086.0
1305900 1086.0
1305910 1085.4
1305920 1084.4
1305930 1084.4
1305940 1082.4
1305950 1081.2
1305960 1076.1
1305970 1076.1
1305980 1071.6
1305990 1073.5
1306000 1073.5
1306010 1095.2
1306020 1101.1
1306030 1101.1
1306040 1102.3
1306050 1098.1
1306060 1098.1
1306070 1097.5
1306080 1098.0
1306090 1098.0
1306100 1097.5
1306110 1096.8
1306120 1096.8
1306130 1094.4
1306140 1088.8
1306150 1088.8
1306160 1080.8
1306170 1063.8
1306180 1063.8
1306190 1045.2
1306200 1034.8
1306210 1034.8
1306220 1023.5
1306230 1010.1
1306240 1010.1
1306250 998.0
1306260 991.6
1306270 988.4
1306280 988.4
1306290 985.5
1306300 982.1
1306310 982.1
1306320 978.4
1306330 971.9
1306340 971.9
1306350 968.8
1306360 966.9
1306370 966.9
1306380 965.5
1306390 966.6
1306400 966.6
1306410 965.6
1306420 961.7
1306430 961.7
1306440 957.7
1306450 954.3
1306460 954.3
1306470 952.8
1306480 954.2
1306490 954.2
1306500 957.1
1306510 959.1
1306520 959.1
1306530 959.0
1306540 957.7
1306550 957.7
1306560 956.2
1306570 955.5
1306580 954.7
1306590 954.7
1306600 953.0
1306610 950.9
1306620 950.9
1306630 948.3
1306640 947.4
1306650 947.4
1306660 946.6
1306670 945.7
1306680 945.7
1306690 944.3
1306700 942.7
1306710 942.7
1306720 940.5
1306730 940.2
1306740 940.2
1306750 938.1
1306760 937.8
1306770 937.8
1306780 936.9
1306790 936.0
1306800 936.0
1306810 935.9
1306820 935.9
1306830 935.9
1306840 936.1
1306850 936.1
1306860 936.1
1306870 936.0
1306880 935.6
1306890 934.4
1306900 934.4
1306910 934.1
1306920 933.9
1306930 933.9
1306940 934.0
1306950 934.8
1306960 934.8
1306970 936.0
1306980 936.8
1306990 936.8
1307000 937.4
1307010 938.0
1307020 938.0
1307030 938.6
1307040 939.1
1307050 939.1
1307060 939.4
1307070 939.6
1307080 939.6
1307090 939.7
1307100 939.8
1307110 939.8
1307120 939.8
1307130 939.9
1307140 939.9
1307150 940.0
1307160 940.2
1307170 940.2
1307180 940.6
1307190 941.0
1307200 941.4
1307210 941.4
1307220 941.8
1307230 942.2
1307240 942.2
1307250 942.8
1307260 943.4
1307270 943.4
1307280 943.9
1307290 944.2
1307300 944.2
1307310 944.4
1307320 944.7
1307330 944.7
1307340 945.0
1307350 945.5
1307360 945.5
1307370 945.7
1307380 945.8
1307390 945.8
1307400 945.7
1307410 945.5
1307420 945.5
1307430 945.2
1307440 944.9
1307450 945.4
1307460 945.0
1307470 944.7
1307480 944.7
1307490 944.9
1307500 945.5
1307510 944.6
1307520 944.6
1307530 944.6
1307540 945.0
1307550 945.0
1307560 945.4
1307570 945.8
1307580 945.8
1307590 946.3
1307600 946.7
1307610 946.7
1307620 947.2
1307630 947.8
1307640 947.8
1307650 948.4
1307660 948.9
1307670 948.9
1307680 949.2
1307690 950.0
1307700 950.0
1307710 951.3
1307720 952.1
1307730 952.1
1307740 952.5
1307750 952.9
1307760 952.9
1307770 953.4
1307780 953.5
1307790 953.5
1307800 953.8
1307810 954.2
1307820 954.9
1307830 954.9
1307840 955.0
1307850 954.9
1307860 954.9
1307870 955.1
1307880 955.5
1307890 955.5
1307900 956.3
1307910 957.0
1307920 957.0
1307930 957.5
1307940 958.6
1307950 958.6
1307960 959.6
1307970 960.1
1307980 960.1
1307990 960.6
1308000 961.3
1308010 961.3
1308020 961.8
1308030 962.0
1308040 962.0
1308050 962.3
1308060 963.0
1308070 963.0
1308080 963.8
1308090 964.4
1308100 964.4
1308110 965.0
1308120 965.6
1308130 966.3
1308140 966.3
1308150 967.1
1308160 967.9
1308170 967.2
1308180 968.0
1308190 968.7
1308200 968.7
1308210 969.4
1308220 970.0
1308230 970.0
1308240 971.0
1308250 971.4
1308260 971.4
1308270 971.7
1308280 972.1
1308290 972.1
1308300 972.9
1308310 973.5
1308320 973.5
1308330 974.1
1308340 974.3
1308350 974.3
1308360 974.5
1308370 974.7
1308380 974.7
1308390 974.9
1308400 975.7
1308410 975.7
1308420 976.7
1308430 976.7
1308440 976.9
1308450 976.9
1308460 977.3
1308470 978.2
1308480 978.2
1308490 979.7
1308500 980.2
1308510 980.2
1308520 980.5
1308530 980.6
1308540 980.6
1308550 979.6
1308560 979.5
1308570 979.5
1308580 980.2
1308590 980.6
1308600 980.6
1308610 983.6
1308620 989.6
1308630 989.6
1308640 995.7
1308650 1002.1
1308660 1002.1
1308670 1007.7
1308680 1012.5
1308690 1012.5
1308700 1017.7
1308710 1022.9
1308720 1022.9
1308730 1028.0
1308740 1032.9
1308750 1038.1
1308760 1038.1
1308770 1043.7
1308780 1049.8
1308790 1049.8
1308800 1056.6
1308810 1064.5
1308820 1064.5
1308830 1073.7
1308840 1080.2
1308850 1080.2
1308860 1085.8
1308870 1091.4
1308880 1091.4
1308890 1095.9
1308900 1101.7
1308910 1101.7
1308920 1107.5
1308930 1113.2
1308940 1113.2
1308950 1118.6
1308960 1124.4
1308970 1124.4
1308980 1130.4
1308990 1136.5
1309000 1136.5
1309010 1142.9
1309020 1149.2
1309030 1149.2
1309040 1155.5
1309050 1161.9
1309060 1168.0
1309070 1168.0
1309080 1174.0
1309090 1179.9
1309100 1179.9
1309110 1185.8
1309120 1191.4
1309130 1191.4
1309140 1197.7
1309150 1204.7
1309160 1204.7
1309170 1212.3
1309180 1220.4
1309190 1220.4
1309200 1228.5
1309210 1236.6
1309220 1236.6
1309230 1246.6
1309240 1256.7
1309250 1256.7
1309260 1266.2
1309270 1275.0
1309280 1275.0
1309290 1283.6
1309300 1291.6
1309310 1291.6
1309320 1300.1
1309330 1309.8
1309340 1309.8
1309350 1317.3
1309360 1325.2
1309370 1332.0
1309380 1332.0
1309390 1338.0
1309400 1344.1
1309410 1344.1
1309420 1350.7
1309430 1357.5
1309440 1357.5
1309450 1364.9
1309460 1371.9
1309470 1371.9
1309480 1378.5
1309490 1386.4
1309500 1386.4
1309510 1394.7
1309520 1402.9
1309530 1402.9
1309540 1410.2
1309550 1417.1
1309560 1417.1
1309570 1424.4
1309580 1431.8
1309590 1431.8
1309600 1439.8
1309610 1448.2
1309620 1450.1
1309630 1457.6
1309640 1465.1
1309650 1465.1
1309660 1472.7
1309670 1479.9
1309680 1486.9
1309690 1486.9
1309700 1494.0
1309710 1501.3
1309720 1501.3
1309730 1508.9
1309740 1516.2
1309750 1516.2
1309760 1523.7
1309770 1531.3
1309780 1531.3
1309790 1539.2
1309800 1547.1
1309810 1547.1
1309820 1555.5
1309830 1564.6
1309840 1564.6
1309850 1573.9
1309860 1582.7
1309870 1582.7
1309880 1591.8
1309890 1600.6
1309900 1600.6
1309910 1608.7
1309920 1614.9
1309930 1614.9
1309940 1620.6
1309950 1627.0
1309960 1627.0
1309970 1634.3
1309980 1641.8
1309990 1652.1
1310000 1652.1
1310010 1659.7
1310020 1666.3
1310030 1666.3
1310040 1674.3
1310050 1681.7
1310060 1681.7
1310070 1680.8
1310080 1680.9
1310090 1680.9
1310100 1679.1
1310110 1677.0
1310120 1677.0
1310130 1676.2
1310140 1672.3
1310150 1672.3
1310160 1669.4
1310170 1672.3
1310180 1672.3
1310190 1676.6
1310200 1680.6
1310210 1680.6
1310220 1683.6
1310230 1686.8
1310240 1686.8
1310250 1692.2
1310260 1697.5
1310270 1697.5
1310280 1701.3
1310290 1705.0
1310300 1711.8
1310310 1711.8
1310320 1720.2
1310330 1729.4
1310340 1729.4
1310350 1736.4
1310360 1745.2
1310370 1745.2
1310380 1756.6
1310390 1773.6
1310400 1773.6
1310410 1795.8
1310420 1805.4
1310430 1805.4
1310440 1805.3
1310450 1803.0
1310460 1803.0
1310470 1800.9
1310480 1799.0
1310490 1799.0
1310500 1796.3
1310510 1793.6
1310520 1793.6
1310530 1792.1
1310540 1790.2
1310550 1790.2
1310560 1790.2
1310570 1789.6
1310580 1789.6
1310590 1788.5
1310600 1787.6
1310610 1787.7
1310620 1787.7
1310630 1786.6
1310640 1784.4
1310650 1784.4
1310660 1782.7
1310670 1783.2
1310680 1783.2
1310690 1784.7
1310700 1785.2
1310710 1785.2
1310720 1785.5
1310730 1785.3
1310740 1785.3
1310750 1784.8
1310760 1785.2
1310770 1785.2
1310780 1784.0
1310790 1783.1
1310800 1783.1
1310810 1783.7
1310820 1784.3
1310830 1784.3
1310840 1785.3
1310850 1786.3
1310860 1786.3
1310870 1787.1
1310880 1788.0
1310890 1788.0
1310900 1789.5
1310910 1789.1
1310920 1787.4
1310930 1787.4
1310940 1785.8
1310950 1782.9
1310960 1782.9
1310970 1777.8
1310980 1772.0
1310990 1772.0
1311000 1763.2
1311010 1756.1
1311020 1756.1
1311030 1749.4
1311040 1743.8
1311050 1743.8
1311060 1738.7
1311070 1732.0
1311080 1732.0
1311090 1720.1
1311100 1713.7
1311110 1713.7
1311120 1706.4
1311130 1694.5
1311140 1694.5
1311150 1685.3
1311160 1683.6
1311170 1683.6
1311180 1681.5
1311190 1680.1
1311200 1680.1
1311210 1679.3
1311220 1676.9
1311230 1674.1
1311240 1674.1
1311250 1672.5
1311260 1670.8
1311270 1670.8
1311280 1667.9
1311290 1664.3
1311300 1664.3
1311310 1660.1
1311320 1655.9
1311330 1655.9
1311340 1650.4
1311350 1643.8
1311360 1643.8
1311370 1638.0
1311380 1633.1
1311390 1633.1
1311400 1628.5
1311410 1623.0
1311420 1623.0
1311430 1617.4
1311440 1612.0
1311450 1612.0
1311460 1606.6
1311470 1601.1
1311480 1601.1
1311490 1595.4
1311500 1589.4
1311510 1589.4
1311520 1583.3
1311530 1578.9
1311540 1576.3
1311550 1576.3
1311560 1573.6
1311570 1570.6
1311580 1570.6
1311590 1567.3
1311600 1563.9
1311610 1563.9
1311620 1559.9
1311630 1553.9
1311640 1553.9
1311650 1547.8
1311660 1541.7
1311670 1541.7
1311680 1534.4
1311690 1519.6
1311700 1519.6
1311710 1506.8
1311720 1498.2
1311730 1498.2
1311740 1489.5
1311750 1481.8
1311760 1481.8
1311770 1477.9
1311780 1467.9
1311790 1467.9
1311800 1457.2
1311810 1438.3
1311820 1438.3
1311830 1420.6
1311840 1418.4
1311850 1410.3
1311860 1410.3
1311870 1408.1
1311880 1408.5
1311890 1408.5
1311900 1406.5
1311910 1400.0
1311920 1400.0
1311930 1385.5
1311940 1344.2
1311950 1344.2
1311960 1305.4
1311970 1299.8
1311980 1299.8
1311990 1302.6
1312000 1302.9
1312010 1302.9
1312020 1301.4
1312030 1308.9
1312040 1308.9
1312050 1306.6
1312060 1301.3
1312070 1301.3
1312080 1296.8
1312090 1292.2
1312100 1292.2
1312110 1283.2
1312120 1273.5
1312130 1273.5
1312140 1265.9
1312150 1258.5
1312160 1250.9
1312170 1250.9
1312180 1243.2
1312190 1240.6
1312200 1240.6
1312210 1241.5
1312220 1241.7
1312230 1241.7
1312240 1241.1
1312250 1238.7
1312260 1238.7
1312270 1236.4
1312280 1233.4
1312290 1233.4
1312300 1231.3
1312310 1228.5
1312320 1228.5
1312330 1224.7
1312340 1220.4
1312350 1220.4
1312360 1217.9
1312370 1215.8
1312380 1215.8
1312390 1213.0
1312400 1211.5
1312410 1211.5
1312420 1209.3
1312430 1205.1
1312440 1201.7
1312450 1201.7
1312460 1199.2
1312470 1195.3
1312480 1195.3
1312490 1190.4
1312500 1185.7
1312510 1185.7
1312520 1180.3
1312530 1172.9
1312540 1172.9
1312550 1163.1
1312560 1143.5
1312570 1138.8
1312580 1123.3
1312590 1111.5
1312600 1111.5
1312610 1101.1
1312620 1095.5
1312630 1095.5
1312640 1090.5
1312650 1085.9
1312660 1085.9
1312670 1080.6
1312680 1074.5
1312690 1074.5
1312700 1067.9
1312710 1060.2
1312720 1060.2
1312730 1053.4
1312740 1048.0
1312750 1042.0
1312760 1042.0
1312770 1035.4
1312780 1028.7
1312790 1028.7
1312800 1021.7
1312810 1014.8
1312820 1014.8
1312830 1008.3
1312840 1002.2
1312850 1002.2
1312860 996.7
1312870 990.9
1312880 990.9
1312890 984.9
1312900 979.9
1312910 979.9
1312920 974.9
1312930 969.7
1312940 969.7
1312950 964.8
1312960 960.2
1312970 960.2
1312980 956.6
1312990 952.4
1313000 952.4
1313010 946.7
1313020 940.6
1313030 940.6
1313040 934.4
1313050 929.0
1313060 925.0
1313070 925.0
1313080 920.4
1313090 915.1
1313100 915.1
1313110 909.3
1313120 903.7
1313130 903.7
1313140 898.9
1313150 894.1
1313160 894.1
1313170 888.1
1313180 881.6
1313190 881.6
1313200 875.5
1313210 869.6
1313220 869.6
1313230 864.0
1313240 858.3
1313250 858.3
1313260 852.3
1313270 846.1
1313280 846.1
1313290 840.5
1313300 835.4
1313310 832.9
1313320 827.4
1313330 823.9
1313340 823.9
1313350 823.3
1313360 824.2
1313370 825.3
1313380 825.3
1313390 826.4
1313400 827.4
1313410 827.4
1313420 828.3
1313430 829.0
1313440 829.0
1313450 829.9
1313460 831.9
1313470 831.9
1313480 833.3
1313490 833.7
1313500 833.7
1313510 832.6
1313520 831.8
1313530 831.8
1313540 831.3
1313550 831.8
1313560 831.8
1313570 831.6
1313580 831.1
1313590 831.1
1313600 831.0
1313610 830.3
1313620 830.3
1313630 830.0
1313640 831.3
1313650 831.3
1313660 831.4
1313670 830.9
1313680 830.1
1313690 830.1
1313700 830.7
1313710 830.1
1313720 830.1
1313730 828.1
1313740 826.1
1313750 826.1
1313760 824.8
1313770 822.8
1313780 822.8
1313790 823.3
1313800 825.9
1313810 825.9
1313820 826.4
1313830 825.6
1313840 825.6
1313850 824.1
1313860 822.8
1313870 822.8
1313880 821.1
1313890 820.1
1313900 820.1
1313910 819.6
1313920 818.5
1313930 818.5
1313940 817.9
1313950 816.9
1313960 816.9
1313970 815.1
1313980 812.6
1313990 809.6
1314000 809.6
1314010 806.1
1314020 802.5
1314030 802.5
1314040 798.6
1314050 795.7
1314060 794.8
1314070 792.6
1314080 791.2
1314090 791.2
1314100 790.8
1314110 788.5
1314120 788.5
1314130 785.8
1314140 785.6
1314150 785.6
1314160 785.4
1314170 784.3
1314180 784.3
1314190 782.0
1314200 779.7
1314210 779.7
1314220 779.2
1314230 778.3
1314240 778.3
1314250 775.4
1314260 775.3
1314270 775.3
1314280 775.9
1314290 774.6
1314300 771.8
1314310 771.8
1314320 770.8
1314330 769.9
1314340 769.9
1314350 768.1
1314360 766.7
1314370 766.7
1314380 765.3
1314390 762.7
1314400 762.7
1314410 760.5
1314420 757.3
1314430 757.3
1314440 755.4
1314450 753.8
1314460 753.8
1314470 751.7
1314480 751.9
1314490 751.9
1314500 751.3
1314510 749.6
1314520 749.6
1314530 748.7
1314540 747.3
1314550 747.3
1314560 745.4
1314570 742.9
1314580 742.9
1314590 742.6
1314600 740.7
1314610 739.8
1314620 739.8
1314630 738.8
1314640 736.6
1314650 736.6
1314660 735.3
1314670 734.0
1314680 734.0
1314690 732.2
1314700 730.4
1314710 730.4
1314720 729.1
1314730 728.7
1314740 728.7
1314750 729.6
1314760 728.8
1314770 728.8
1314780 727.1
1314790 725.5
1314800 725.5
1314810 723.4
1314820 722.3
1314830 722.3
1314840 720.4
1314850 718.7
1314860 718.7
1314870 718.0
1314880 716.8
1314890 716.8
1314900 714.4
1314910 712.7
1314920 712.4
1314930 712.4
1314940 712.4
1314950 709.5
1314960 709.5
1314970 707.5
1314980 707.9
1314990 707.9
1315000 705.9
1315010 703.8
1315020 703.8
1315030 702.0
1315040 700.7
1315050 700.7
1315060 699.7
1315070 698.0
1315080 698.0
1315090 697.1
1315100 696.3
1315110 696.3
1315120 695.9
1315130 695.0
1315140 695.0
1315150 693.9
1315160 693.7
1315170 693.7
1315180 693.1
1315190 691.6
1315200 691.6
1315210 690.4
1315220 690.0
1315230 689.8
1315240 689.8
1315250 689.3
1315260 689.3
1315270 689.3
1315280 687.7
1315290 686.4
1315300 686.4
1315310 685.9
1315320 685.1
1315330 685.1
1315340 683.0
1315350 682.3
1315360 682.3
1315370 681.7
1315380 681.0
1315390 681.0
1315400 680.8
1315410 680.0
1315420 680.0
1315430 679.7
1315440 679.3
1315450 679.3
1315460 679.1
1315470 678.7
1315480 678.7
1315490 678.4
1315500 678.7
1315510 678.7
1315520 679.9
1315530 683.6
1315540 690.0
1315550 690.0
1315560 693.1
1315570 690.7
1315580 690.7
1315590 689.2
1315600 686.5
1315610 686.5
1315620 681.4
1315630 673.9
1315640 673.9
1315650 667.9
1315660 664.8
1315670 664.8
1315680 661.8
1315690 656.8
1315700 656.8
1315710 649.6
1315720 641.4
1315730 641.4
1315740 631.1
1315750 622.3
1315760 622.3
1315770 614.2
1315780 608.7
1315790 608.7
1315800 604.6
1315810 602.3
1315820 602.3
1315830 600.6
1315840 599.4
1315850 599.3
1315860 599.3
1315870 598.9
1315880 597.7
1315890 597.7
1315900 597.5
1315910 597.7
1315920 597.7
1315930 597.8
1315940 597.3
1315950 597.3
1315960 596.5
1315970 596.2
1315980 596.2
1315990 596.0
1316000 595.8
1316010 595.8
1316020 595.6
1316030 596.0
1316040 596.0
1316050 596.3
1316060 596.2
1316070 596.2
1316080 596.2
1316090 596.8
1316100 596.8
1316110 597.5
1316120 597.8
1316130 597.8
1316140 597.3
1316150 596.7
1316160 596.5
1316170 596.5
1316180 596.7
1316190 596.3
1316200 596.3
1316210 595.3
1316220 594.0
1316230 594.0
1316240 592.9
1316250 591.8
1316260 591.8
1316270 589.5
1316280 587.5
1316290 587.5
1316300 586.7
1316310 585.7
1316320 585.0
1316330 584.3
1316340 583.7
1316350 583.7
1316360 583.0
1316370 582.4
1316380 582.4
1316390 582.2
1316400 582.1
1316410 582.1
1316420 581.8
1316430 580.8
1316440 580.8
1316450 579.8
1316460 579.0
1316470 578.3
1316480 578.3
1316490 577.3
1316500 576.3
1316510 576.3
1316520 575.3
1316530 574.7
1316540 574.7
1316550 574.2
1316560 574.4
1316570 574.4
1316580 575.2
1316590 574.7
1316600 574.7
1316610 574.4
1316620 573.4
1316630 573.4
1316640 572.5
1316650 572.4
1316660 572.4
1316670 572.1
1316680 571.2
1316690 571.2
1316700 570.7
1316710 569.9
1316720 569.9
1316730 569.4
1316740 569.0
1316750 569.0
1316760 568.0
1316770 566.4
1316780 565.1
1316790 565.1
1316800 564.6
1316810 564.5
1316820 564.5
1316830 564.0
1316840 563.7
1316850 563.7
1316860 562.9
1316870 561.7
1316880 561.7
1316890 561.3
1316900 561.0
1316910 561.0
1316920 560.8
1316930 560.3
1316940 560.3
1316950 558.8
1316960 557.9
1316970 557.9
1316980 557.0
1316990 556.1
1317000 556.1
1317010 555.2
1317020 554.4
1317030 554.4
1317040 553.8
1317050 553.2
1317060 553.2
1317070 552.7
1317080 551.6
1317090 551.1
1317100 551.1
1317110 550.8
1317120 550.0
1317130 550.0
1317140 549.6
1317150 549.0
1317160 549.0
1317170 548.1
1317180 547.7
1317190 547.7
1317200 547.3
1317210 547.2
1317220 547.2
1317230 546.5
1317240 545.5
1317250 545.5
1317260 544.3
1317270 543.8
1317280 543.8
1317290 543.4
1317300 542.5
1317310 542.5
1317320 541.7
1317330 541.2
1317340 541.2
1317350 540.7
1317360 540.8
1317370 540.8
1317380 540.6
1317390 540.3
1317400 539.6
1317410 539.6
1317420 539.1
1317430 538.7
1317440 538.7
1317450 538.7
1317460 538.3
1317470 538.3
1317480 537.1
1317490 533.4
1317500 533.4
1317510 528.7
1317520 525.6
1317530 525.6
1317540 523.5
1317550 521.9
1317560 521.9
1317570 521.2
1317580 520.9
1317590 520.9
1317600 521.0
1317610 521.0
1317620 521.0
1317630 520.9
1317640 520.8
1317650 520.8
1317660 520.0
1317670 518.9
1317680 518.9
1317690 519.8
1317700 519.8
1317710 520.3
1317720 520.3
1317730 521.5
1317740 522.3
1317750 522.3
1317760 522.0
1317770 521.8
1317780 521.8
1317790 521.9
1317800 522.2
1317810 522.2
1317820 522.4
1317830 522.4
1317840 521.9
1317850 521.5
1317860 521.2
1317870 521.2
1317880 521.1
1317890 521.0
1317900 521.0
1317910 520.9
1317920 520.9
1317930 520.9
1317940 520.8
1317950 520.8
1317960 520.8
1317970 520.8
1317980 520.9
1317990 520.9
1318000 521.0
1318010 521.1
1318020 521.2
1318030 521.2
1318040 521.5
1318050 521.9
1318060 521.9
1318070 521.9
1318080 521.5
1318090 521.5
1318100 521.2
1318110 521.1
1318120 521.1
1318130 521.0
1318140 520.8
1318150 520.8
1318160 520.7
1318170 520.6
1318180 520.6
1318190 520.5
1318200 520.5
1318210 520.5
1318220 520.4
1318230 520.4
1318240 520.4
1318250 520.5
1318260 520.6
1318270 520.6
1318280 520.8
1318290 521.1
1318300 521.1
1318310 521.2
1318320 521.4
1318330 521.4
1318340 521.4
1318350 521.1
1318360 520.8
1318370 520.8
1318380 520.7
1318390 520.7
1318400 520.7
1318410 520.8
1318420 520.8
1318430 520.8
1318440 520.7
1318450 520.6
1318460 520.6
1318470 520.4
1318480 520.3
1318490 520.3
1318500 520.4
1318510 520.6
1318520 520.6
1318530 520.7
1318540 520.9
1318550 520.9
1318560 520.9
1318570 520.7
1318580 520.7
1318590 520.7
1318600 520.7
1318610 520.6
1318620 520.6
1318630 520.6
1318640 520.7
1318650 520.7
1318660 520.9
1318670 521.0
1318680 521.0
1318690 521.0
1318700 521.0
1318710 521.0
1318720 520.9
1318730 520.8
1318740 520.8
1318750 520.8
1318760 520.8
1318770 520.8
1318780 520.7
1318790 520.6
1318800 520.6
1318810 520.5
1318820 520.3
1318830 520.3
1318840 520.1
1318850 519.9
1318860 519.9
1318870 519.8
1318880 519.6
1318890 519.6
1318900 519.5
1318910 519.4
1318920 519.4
1318930 519.2
1318940 519.0
1318950 518.9
1318960 518.9
1318970 518.6
1318980 518.4
1318990 518.4
1319000 518.2
1319010 518.0
1319020 518.0
1319030 517.6
1319040 518.0
1319050 518.0
1319060 518.0
1319070 517.9
1319080 517.9
1319090 517.9
1319100 517.9
1319110 517.9
1319120 517.9
1319130 517.9
1319140 517.9
1319150 517.9
1319160 518.0
1319170 518.0
1319180 518.1
1319190 518.0
1319200 518.0
1319210 518.0
1319220 518.0
1319230 518.0
1319240 518.1
1319250 518.1
1319260 518.1
1319270 518.1
1319280 518.2
1319290 518.1
1319300 518.1
1319310 518.2
1319320 518.3
1319330 518.3
1319340 518.4
1319350 519.0
1319360 519.0
1319370 520.6
1319380 522.3
1319390 522.3
1319400 520.4
1319410 517.7
1319420 517.7
1319430 516.5
1319440 517.5
1319450 517.5
1319460 518.3
1319470 518.4
1319480 518.4
1319490 518.1
1319500 517.7
1319510 517.7
1319520 517.5
1319530 517.2
1319540 517.2
1319550 517.4
1319560 518.4
1319570 518.1
1319580 518.1
1319590 517.9
1319600 517.8
1319610 517.8
1319620 517.9
1319630 518.2
1319640 518.2
1319650 518.4
1319660 518.5
1319670 518.5
1319680 518.5
1319690 518.4
1319700 518.4
1319710 518.4
1319720 518.5
1319730 518.5
1319740 518.5
1319750 518.5
1319760 518.5
1319770 518.6
1319780 518.7
1319790 518.7
1319800 518.8
1319810 518.9
1319820 518.9
1319830 519.3
1319840 520.4
1319850 520.4
1319860 520.6
1319870 520.6
1319880 520.4
1319890 520.4
1319900 520.0
1319910 519.3
1319920 519.3
1319930 517.9
1319940 516.2
1319950 516.2
1319960 515.6
1319970 515.4
1319980 515.4
1319990 515.9
