1300000 1098.0
1300010 1098.0
1300020 1093.4
1300030 1089.1
1300040 1089.1
1300050 1084.9
1300060 1081.5
1300070 1081.5
1300080 1077.9
1300090 1074.7
1300100 1074.7
1300110 1072.4
1300120 1071.0
1300130 1071.0
1300140 1069.3
1300150 1066.0
1300160 1066.0
1300170 1060.5
1300180 1054.5
1300190 1054.5
1300200 1049.1
1300210 1047.7
1300220 1047.7
1300230 1047.5
1300240 1047.3
1300250 1047.3
1300260 1047.1
1300270 1047.0
1300280 1046.8
1300290 1046.8
1300300 1046.4
1300310 1046.2
1300320 1046.2
1300330 1045.8
1300340 1045.6
1300350 1045.6
1300360 1045.5
1300370 1045.3
1300380 1045.3
1300390 1044.8
1300400 1044.6
1300410 1044.6
1300420 1044.6
1300430 1044.6
1300440 1044.6
1300450 1044.5
1300460 1044.5
1300470 1045.0
1300480 1045.1
1300490 1045.2
1300500 1045.2
1300510 1045.0
1300520 1044.6
1300530 1044.6
1300540 1044.5
1300550 1044.2
1300560 1044.2
1300570 1044.0
1300580 1044.1
1300590 1044.1
1300600 1044.1
1300610 1044.3
1300620 1044.3
1300630 1044.3
1300640 1044.2
1300650 1044.1
1300660 1044.1
1300670 1043.9
1300680 1044.0
1300690 1044.0
1300700 1044.2
1300710 1044.2
1300720 1044.2
1300730 1044.4
1300740 1044.4
1300750 1044.4
1300760 1044.4
1300770 1044.5
1300780 1044.5
1300790 1044.3
1300800 1044.3
1300810 1044.3
1300820 1044.3
1300830 1044.1
1300840 1044.1
1300850 1043.7
1300860 1043.5
1300870 1043.5
1300880 1043.2
1300890 1041.3
1300900 1041.0
1300910 1041.0
1300920 1041.0
1300930 1044.4
1300940 1044.4
1300950 1050.3
1300960 1055.3
1300970 1055.3
1300980 1060.3
1300990 1065.6
1301000 1065.6
1301010 1069.7
1301020 1075.9
1301030 1075.9
1301040 1082.1
1301050 1086.6
1301060 1086.6
1301070 1092.3
1301080 1098.2
1301090 1098.2
1301100 1103.9
1301110 1109.4
1301120 1109.4
1301130 1114.8
1301140 1120.3
1301150 1120.3
1301160 1125.8
1301170 1132.3
1301180 1132.3
1301190 1137.9
1301200 1144.1
1301210 1149.8
1301220 1149.8
1301230 1155.9
1301240 1162.3
1301250 1162.3
1301260 1168.8
1301270 1175.5
1301280 1175.5
1301290 1182.5
1301300 1189.5
1301310 1189.5
1301320 1196.4
1301330 1203.3
1301340 1203.3
1301350 1210.9
1301360 1218.9
1301370 1218.9
1301380 1231.8
1301390 1249.3
1301400 1249.3
1301410 1264.2
1301420 1273.6
1301430 1273.6
1301440 1283.4
1301450 1292.4
1301460 1292.4
1301470 1300.0
1301480 1307.0
1301490 1307.0
1301500 1313.6
1301510 1319.7
1301520 1325.4
1301530 1325.4
1301540 1330.4
1301550 1335.0
1301560 1335.0
1301570 1340.2
1301580 1346.4
1301590 1346.4
1301600 1352.6
1301610 1359.1
1301620 1359.1
1301630 1366.4
1301640 1374.3
1301650 1374.3
1301660 1382.7
1301670 1391.1
1301680 1391.1
1301690 1399.4
1301700 1406.4
1301710 1406.4
1301720 1413.0
1301730 1418.9
1301740 1418.9
1301750 1423.9
1301760 1428.6
1301770 1428.6
1301780 1433.0
1301790 1438.0
1301800 1438.0
1301810 1440.9
1301820 1442.8
1301830 1445.0
1301840 1445.0
1301850 1447.3
1301860 1449.6
1301870 1444.9
1301880 1447.2
1301890 1449.7
1301900 1449.7
1301910 1452.4
1301920 1454.7
1301930 1454.7
1301940 1456.2
1301950 1457.0
1301960 1457.0
1301970 1457.5
1301980 1457.5
1301990 1457.5
1302000 1456.7
1302010 1456.2
1302020 1456.2
1302030 1456.8
1302040 1458.0
1302050 1458.0
1302060 1459.2
1302070 1460.5
1302080 1460.5
1302090 1461.6
1302100 1462.1
1302110 1462.1
1302120 1462.6
1302130 1463.0
1302140 1463.3
1302150 1463.3
1302160 1463.1
1302170 1462.5
1302180 1462.5
1302190 1461.6
1302200 1461.8
1302210 1461.8
1302220 1463.2
1302230 1464.8
1302240 1464.8
1302250 1465.7
1302260 1466.3
1302270 1466.3
1302280 1466.1
1302290 1465.5
1302300 1465.5
1302310 1465.0
1302320 1463.4
1302330 1463.4
1302340 1459.4
1302350 1457.0
1302360 1457.0
1302370 1454.5
1302380 1451.0
1302390 1451.0
1302400 1447.1
1302410 1442.6
1302420 1442.6
1302430 1437.4
1302440 1431.9
1302450 1426.7
1302460 1426.7
1302470 1422.2
1302480 1418.7
1302490 1418.7
1302500 1416.5
1302510 1416.3
1302520 1416.3
1302530 1416.3
1302540 1414.8
1302550 1414.8
1302560 1408.5
1302570 1390.3
1302580 1390.3
1302590 1379.6
1302600 1370.9
1302610 1370.9
1302620 1363.0
1302630 1355.5
1302640 1355.5
1302650 1347.7
1302660 1340.9
1302670 1340.9
1302680 1334.3
1302690 1327.3
1302700 1327.3
1302710 1319.4
1302720 1311.0
1302730 1311.0
1302740 1303.3
1302750 1296.2
1302760 1289.9
1302770 1289.9
1302780 1283.6
1302790 1277.6
1302800 1277.6
1302810 1271.5
1302820 1265.7
1302830 1265.7
1302840 1260.0
1302850 1254.2
1302860 1254.2
1302870 1248.4
1302880 1242.5
1302890 1242.5
1302900 1236.9
1302910 1231.6
1302920 1231.6
1302930 1226.3
1302940 1220.8
1302950 1220.8
1302960 1215.7
1302970 1211.1
1302980 1211.1
1302990 1207.1
1303000 1203.1
1303010 1203.1
1303020 1199.6
1303030 1196.5
1303040 1196.5
1303050 1193.0
1303060 1189.2
1303070 1185.0
1303080 1185.0
1303090 1179.9
1303100 1174.3
1303110 1174.3
1303120 1168.7
1303130 1162.9
1303140 1162.9
1303150 1157.4
1303160 1153.7
1303170 1153.7
1303180 1150.9
1303190 1149.4
1303200 1149.4
1303210 1150.3
1303220 1151.7
1303230 1151.7
1303240 1151.1
1303250 1150.6
1303260 1150.6
1303270 1159.4
1303280 1162.4
1303290 1162.4
1303300 1162.5
1303310 1161.4
1303320 1161.4
1303330 1158.3
1303340 1152.1
1303350 1152.1
1303360 1146.4
1303370 1143.0
1303380 1140.7
1303390 1140.7
1303400 1138.7
1303410 1137.8
1303420 1137.8
1303430 1137.6
1303440 1137.2
1303450 1137.2
1303460 1138.6
1303470 1141.2
1303480 1141.2
1303490 1143.8
1303500 1144.6
1303510 1144.6
1303520 1142.6
1303530 1138.8
1303540 1138.8
1303550 1134.5
1303560 1130.7
1303570 1130.7
1303580 1126.6
1303590 1120.2
1303600 1120.2
1303610 1112.5
1303620 1106.9
1303630 1106.9
1303640 1101.2
1303650 1100.4
1303660 1100.4
1303670 1102.7
1303680 1105.6
1303690 1105.7
1303700 1105.7
1303710 1103.1
1303720 1099.7
1303730 1099.7
1303740 1097.1
1303750 1095.4
1303760 1095.4
1303770 1094.8
1303780 1093.3
1303790 1093.3
1303800 1092.1
1303810 1091.9
1303820 1091.9
1303830 1091.8
1303840 1092.1
1303850 1092.1
1303860 1091.5
1303870 1092.1
1303880 1092.1
1303890 1092.6
1303900 1089.2
1303910 1089.2
1303920 1084.4
1303930 1080.6
1303940 1080.6
1303950 1079.3
1303960 1080.2
1303970 1080.2
1303980 1084.2
1303990 1083.7
1304000 1081.3
1304010 1081.3
1304020 1078.9
1304030 1076.9
1304040 1076.9
1304050 1075.5
1304060 1073.7
1304070 1073.7
1304080 1071.6
1304090 1069.4
1304100 1069.4
1304110 1067.3
1304120 1066.2
1304130 1066.2
1304140 1064.7
1304150 1062.8
1304160 1062.8
1304170 1060.8
1304180 1057.9
1304190 1057.9
1304200 1054.2
1304210 1050.9
1304220 1050.9
1304230 1047.7
1304240 1044.3
1304250 1044.3
1304260 1041.3
1304270 1038.7
1304280 1038.7
1304290 1036.7
1304300 1033.7
1304310 1030.5
1304320 1030.5
1304330 1027.8
1304340 1025.2
1304350 1025.2
1304360 1022.4
1304370 1019.2
1304380 1019.2
1304390 1017.4
1304400 1016.9
1304410 1016.9
1304420 1016.7
1304430 1016.2
1304440 1016.2
1304450 1015.7
1304460 1016.9
1304470 1016.9
1304480 1019.4
1304490 1022.1
1304500 1022.1
1304510 1023.0
1304520 1019.7
1304530 1019.7
1304540 1016.6
1304550 1013.9
1304560 1013.9
1304570 1012.0
1304580 1011.4
1304590 1011.4
1304600 1010.2
1304610 1008.8
1304620 1008.2
1304630 1008.2
1304640 1007.7
1304650 1007.0
1304660 1007.0
1304670 1005.6
1304680 1010.7
1304690 1010.7
1304700 1007.6
1304710 1002.7
1304720 1002.7
1304730 997.5
1304740 993.1
1304750 993.1
1304760 988.1
1304770 982.9
1304780 982.9
1304790 978.6
1304800 977.0
1304810 977.0
1304820 976.3
1304830 975.6
1304840 975.6
1304850 976.1
1304860 977.8
1304870 977.8
1304880 979.6
1304890 981.1
1304900 981.1
1304910 980.1
1304920 979.1
1304930 980.9
1304940 980.9
1304950 982.8
1304960 983.6
1304970 983.6
1304980 983.3
1304990 983.5
1305000 983.5
1305010 983.1
1305020 982.6
1305030 982.6
1305040 981.6
1305050 980.6
1305060 980.6
1305070 980.2
1305080 979.7
1305090 979.7
1305100 978.0
1305110 975.8
1305120 975.8
1305130 973.8
1305140 972.0
1305150 972.0
1305160 970.0
1305170 969.2
1305180 969.2
1305190 969.3
1305200 969.0
1305210 969.0
1305220 967.5
1305230 965.7
1305240 964.2
1305250 964.2
1305260 962.3
1305270 959.4
1305280 959.4
1305290 957.0
1305300 956.2
1305310 956.2
1305320 955.0
1305330 953.5
1305340 953.5
1305350 952.3
1305360 951.7
1305370 951.7
1305380 951.3
1305390 954.1
1305400 954.1
1305410 953.9
1305420 952.0
1305430 952.0
1305440 951.4
1305450 949.9
1305460 949.9
1305470 947.6
1305480 946.2
1305490 946.2
1305500 944.6
1305510 942.6
1305520 942.6
1305530 940.6
1305540 938.6
1305550 936.3
1305560 936.3
1305570 933.3
1305580 931.6
1305590 931.6
1305600 930.8
1305610 929.9
1305620 929.9
1305630 927.4
1305640 926.0
1305650 926.0
1305660 926.0
1305670 926.0
1305680 926.0
1305690 926.0
1305700 926.0
1305710 926.0
1305720 926.0
1305730 926.0
1305740 926.0
1305750 926.0
1305760 926.0
1305770 926.0
1305780 926.0
1305790 926.0
1305800 926.0
1305810 926.0
1305820 926.0
1305830 926.0
1305840 926.0
1305850 926.0
1305860 926.0
1305870 926.0
1305880 926.0
1305890 926.0
1305900 926.0
1305910 926.0
1305920 926.0
1305930 926.0
1305940 926.0
1305950 926.0
1305960 926.0
1305970 926.0
1305980 926.0
1305990 926.0
1306000 926.0
1306010 926.0
1306020 926.0
1306030 926.0
1306040 926.0
1306050 926.0
1306060 926.0
1306070 926.0
1306080 926.0
1306090 926.0
1306100 926.0
1306110 926.0
1306120 926.0
1306130 926.0
1306140 926.0
1306150 926.0
1306160 926.0
1306170 926.0
1306180 926.0
1306190 926.0
1306200 926.0
1306210 926.0
1306220 926.0
1306230 926.0
1306240 926.0
1306250 926.0
1306260 926.0
1306270 926.0
1306280 926.0
1306290 926.0
1306300 926.0
1306310 926.0
1306320 926.0
1306330 926.0
1306340 926.0
1306350 926.0
1306360 926.0
1306370 926.0
1306380 926.0
1306390 926.0
1306400 926.0
1306410 926.0
1306420 926.0
1306430 926.0
1306440 926.0
1306450 926.0
1306460 926.0
1306470 926.4
1306480 928.6
1306490 928.6
1306500 929.5
1306510 929.1
1306520 929.1
1306530 928.6
1306540 928.6
1306550 928.6
1306560 928.7
1306570 928.8
1306580 928.8
1306590 929.1
1306600 929.5
1306610 929.5
1306620 929.4
1306630 929.3
1306640 929.3
1306650 929.2
1306660 929.1
1306670 929.1
1306680 929.2
1306690 929.2
1306700 929.2
1306710 929.2
1306720 929.1
1306730 929.1
1306740 929.1
1306750 929.1
1306760 929.1
1306770 929.2
1306780 929.3
1306790 929.3
1306800 929.3
1306810 929.4
1306820 929.5
1306830 929.5
1306840 929.8
1306850 929.8
1306860 929.8
1306870 929.9
1306880 930.0
1306890 930.0
1306900 930.2
1306910 930.4
1306920 930.4
1306930 930.6
1306940 930.7
1306950 930.7
1306960 930.8
1306970 931.0
1306980 931.0
1306990 931.2
1307000 931.4
1307010 931.4
1307020 931.5
1307030 931.6
1307040 931.6
1307050 931.8
1307060 932.0
1307070 932.0
1307080 932.1
1307090 932.2
1307100 932.3
1307110 932.3
1307120 932.4
1307130 932.6
1307140 932.6
1307150 932.8
1307160 933.1
1307170 933.1
1307180 933.5
1307190 934.2
1307200 934.2
1307210 934.8
1307220 934.9
1307230 934.9
1307240 935.2
1307250 935.9
1307260 935.9
1307270 936.1
1307280 936.1
1307290 936.1
1307300 936.5
1307310 938.0
1307320 938.0
1307330 937.6
1307340 937.3
1307350 937.3
1307360 937.3
1307370 937.6
1307380 937.6
1307390 938.1
1307400 938.6
1307410 939.0
1307420 939.0
1307430 939.5
1307440 940.0
1307450 940.0
1307460 940.5
1307470 941.0
1307480 941.0
1307490 941.5
1307500 942.3
1307510 942.3
1307520 943.1
1307530 943.9
1307540 943.9
1307550 944.4
1307560 945.1
1307570 945.1
1307580 945.8
1307590 946.6
1307600 946.6
1307610 947.4
1307620 948.2
1307630 948.2
1307640 948.6
1307650 949.7
1307660 949.7
1307670 950.8
1307680 951.9
1307690 951.9
1307700 952.9
1307710 953.8
1307720 954.9
1307730 954.9
1307740 956.3
1307750 957.7
1307760 957.7
1307770 959.0
1307780 960.4
1307790 960.4
1307800 961.7
1307810 962.2
1307820 962.2
1307830 962.7
1307840 964.3
1307850 964.3
1307860 966.8
1307870 967.8
1307880 967.8
1307890 969.3
1307900 969.6
1307910 969.6
1307920 971.0
1307930 972.4
1307940 972.4
1307950 973.8
1307960 974.9
1307970 974.9
1307980 976.3
1307990 977.6
1308000 977.6
1308010 979.7
1308020 982.0
1308030 983.2
1308040 983.2
1308050 984.4
1308060 984.6
1308070 984.6
1308080 984.7
1308090 987.1
1308100 987.1
1308110 989.5
1308120 991.1
1308130 991.1
1308140 992.8
1308150 995.1
1308160 995.1
1308170 997.0
1308180 997.7
1308190 997.7
1308200 999.6
1308210 1004.4
1308220 1004.4
1308230 1006.5
1308240 1009.6
1308250 1009.6
1308260 1010.5
1308270 1011.0
1308280 1011.0
1308290 1010.5
1308300 1011.0
1308310 1011.0
1308320 1012.9
1308330 1014.5
1308340 1015.3
1308350 1015.3
1308360 1016.2
1308370 1017.8
1308380 1017.8
1308390 1020.0
1308400 1021.8
1308410 1021.8
1308420 1022.9
1308430 1023.3
1308440 1023.3
1308450 1024.2
1308460 1025.6
1308470 1025.6
1308480 1027.5
1308490 1029.3
1308500 1029.3
1308510 1030.9
1308520 1032.6
1308530 1032.6
1308540 1034.7
1308550 1035.7
1308560 1035.7
1308570 1035.9
1308580 1036.1
1308590 1036.1
1308600 1036.6
1308610 1037.2
1308620 1037.2
1308630 1038.9
1308640 1039.7
1308650 1040.0
1308660 1040.0
1308670 1040.6
1308680 1041.9
1308690 1041.9
1308700 1045.2
1308710 1049.7
1308720 1049.7
1308730 1053.5
1308740 1057.4
1308750 1057.4
1308760 1062.3
1308770 1068.4
1308780 1068.4
1308790 1075.0
1308800 1081.8
1308810 1081.8
1308820 1087.7
1308830 1092.7
1308840 1092.7
1308850 1096.6
1308860 1099.5
1308870 1099.5
1308880 1102.8
1308890 1106.1
1308900 1106.1
1308910 1110.1
1308920 1114.4
1308930 1114.4
1308940 1118.6
1308950 1123.1
1308960 1127.7
1308970 1127.7
1308980 1132.5
1308990 1137.3
1309000 1137.5
1309010 1141.6
1309020 1146.5
1309030 1146.5
1309040 1150.8
1309050 1155.4
1309060 1155.4
1309070 1160.0
1309080 1164.7
1309090 1164.7
1309100 1169.6
1309110 1174.9
1309120 1174.9
1309130 1180.3
1309140 1185.9
1309150 1185.9
1309160 1191.6
1309170 1197.9
1309180 1197.9
1309190 1204.5
1309200 1211.4
1309210 1211.4
1309220 1218.3
1309230 1225.4
1309240 1225.4
1309250 1232.4
1309260 1239.7
1309270 1246.5
1309280 1246.5
1309290 1253.4
1309300 1260.1
1309310 1260.1
1309320 1266.9
1309330 1273.5
1309340 1273.5
1309350 1279.1
1309360 1283.7
1309370 1283.7
1309380 1288.2
1309390 1293.0
1309400 1293.0
1309410 1297.8
1309420 1302.8
1309430 1302.8
1309440 1308.4
1309450 1314.3
1309460 1314.3
1309470 1320.1
1309480 1326.1
1309490 1326.1
1309500 1332.2
1309510 1338.2
1309520 1338.2
1309530 1344.3
1309540 1350.4
1309550 1350.4
1309560 1356.6
1309570 1363.1
1309580 1369.5
1309590 1369.5
1309600 1375.9
1309610 1382.3
1309620 1382.3
1309630 1389.1
1309640 1395.8
1309650 1395.8
1309660 1402.2
1309670 1408.3
1309680 1408.3
1309690 1414.8
1309700 1422.5
1309710 1422.5
1309720 1431.4
1309730 1447.8
1309740 1447.8
1309750 1455.8
1309760 1467.9
1309770 1467.9
1309780 1477.6
1309790 1481.1
1309800 1481.1
1309810 1488.1
1309820 1499.3
1309830 1499.3
1309840 1510.6
1309850 1519.5
1309860 1519.5
1309870 1529.6
1309880 1540.7
1309890 1550.3
1309900 1550.3
1309910 1555.2
1309920 1560.3
1309930 1560.3
1309940 1566.3
1309950 1574.6
1309960 1574.6
1309970 1583.8
1309980 1592.9
1309990 1592.9
1310000 1603.6
1310010 1609.7
1310020 1609.7
1310030 1611.9
1310040 1617.9
1310050 1617.9
1310060 1626.3
1310070 1635.0
1310080 1635.0
1310090 1648.6
1310100 1666.0
1310110 1666.0
1310120 1679.8
1310130 1683.0
1310140 1683.0
1310150 1675.1
1310160 1672.0
1310170 1672.0
1310180 1674.1
1310190 1675.9
1310200 1679.7
1310210 1679.7
1310220 1689.2
1310230 1697.9
1310240 1697.9
1310250 1701.5
1310260 1707.1
1310270 1707.1
1310280 1712.9
1310290 1720.2
1310300 1720.2
1310310 1728.0
1310320 1736.9
1310330 1736.9
1310340 1745.6
1310350 1753.7
1310360 1753.7
1310370 1761.7
1310380 1770.6
1310390 1770.6
1310400 1779.1
1310410 1784.6
1310420 1784.6
1310430 1787.7
1310440 1787.1
1310450 1787.1
1310460 1794.9
1310470 1798.2
1310480 1798.2
1310490 1805.3
1310500 1815.1
1310510 1826.5
1310520 1826.5
1310530 1835.5
1310540 1844.9
1310550 1844.9
1310560 1849.7
1310570 1845.4
1310580 1845.4
1310590 1850.9
1310600 1870.7
1310610 1870.7
1310620 1866.3
1310630 1864.2
1310640 1864.2
1310650 1858.5
1310660 1844.5
1310670 1844.5
1310680 1834.5
1310690 1838.7
1310700 1838.7
1310710 1842.2
1310720 1832.5
1310730 1832.5
1310740 1817.1
1310750 1811.7
1310760 1811.7
1310770 1806.9
1310780 1794.9
1310790 1794.9
1310800 1776.7
1310810 1763.4
1310820 1763.4
1310830 1753.5
1310840 1735.4
1310850 1723.0
1310860 1723.0
1310870 1712.7
1310880 1697.4
1310890 1697.4
1310900 1679.2
1310910 1666.9
1310920 1666.9
1310930 1659.7
1310940 1652.5
1310950 1652.5
1310960 1644.5
1310970 1639.4
1310980 1639.4
1310990 1634.7
1311000 1629.2
1311010 1629.2
1311020 1625.3
1311030 1622.9
1311040 1622.9
1311050 1621.1
1311060 1624.2
1311070 1624.2
1311080 1626.1
1311090 1624.5
1311100 1624.5
1311110 1622.2
1311120 1616.5
1311130 1616.5
1311140 1612.3
1311150 1611.9
1311160 1606.1
1311170 1606.1
1311180 1593.0
1311190 1599.5
1311200 1599.5
1311210 1599.2
1311220 1594.8
1311230 1594.8
1311240 1586.1
1311250 1575.4
1311260 1575.4
1311270 1568.4
1311280 1562.2
1311290 1562.2
1311300 1556.6
1311310 1550.1
1311320 1550.1
1311330 1541.1
1311340 1528.0
1311350 1528.0
1311360 1516.8
1311370 1512.9
1311380 1512.9
1311390 1512.4
1311400 1509.7
1311410 1509.7
1311420 1504.6
1311430 1503.5
1311440 1503.5
1311450 1502.5
1311460 1499.8
1311470 1496.8
1311480 1496.8
1311490 1498.2
1311500 1495.9
1311510 1495.9
1311520 1480.4
1311530 1470.9
1311540 1470.9
1311550 1466.8
1311560 1461.8
1311570 1461.8
1311580 1454.6
1311590 1445.4
1311600 1445.4
1311610 1440.8
1311620 1439.3
1311630 1439.3
1311640 1436.2
1311650 1433.0
1311660 1433.0
1311670 1430.8
1311680 1427.1
1311690 1427.1
1311700 1419.5
1311710 1415.6
1311720 1415.6
1311730 1412.8
1311740 1416.4
1311750 1416.4
1311760 1423.9
1311770 1423.5
1311780 1417.2
1311790 1417.2
1311800 1410.3
1311810 1400.4
1311820 1400.4
1311830 1383.9
1311840 1373.6
1311850 1373.6
1311860 1366.4
1311870 1358.5
1311880 1358.5
1311890 1351.4
1311900 1346.0
1311910 1346.0
1311920 1343.9
1311930 1348.1
1311940 1348.1
1311950 1342.0
1311960 1336.6
1311970 1336.6
1311980 1330.5
1311990 1324.0
1312000 1324.0
1312010 1318.2
1312020 1312.9
1312030 1312.9
1312040 1307.4
1312050 1301.9
1312060 1301.9
1312070 1295.7
1312080 1290.6
1312090 1286.0
1312100 1286.0
1312110 1280.8
1312120 1275.1
1312130 1275.1
1312140 1269.1
1312150 1263.1
1312160 1263.1
1312170 1257.6
1312180 1252.6
1312190 1252.6
1312200 1247.8
1312210 1243.2
1312220 1243.2
1312230 1238.1
1312240 1232.8
1312250 1232.8
1312260 1227.7
1312270 1223.3
1312280 1223.3
1312290 1221.4
1312300 1219.2
1312310 1219.2
1312320 1216.0
1312330 1213.8
1312340 1213.8
1312350 1210.1
1312360 1208.1
1312370 1208.1
1312380 1206.9
1312390 1200.8
1312400 1193.6
1312410 1193.6
1312420 1188.4
1312430 1183.8
1312440 1183.8
1312450 1176.4
1312460 1168.4
1312470 1168.4
1312480 1161.3
1312490 1153.4
1312500 1153.4
1312510 1147.2
1312520 1141.5
1312530 1141.5
1312540 1136.1
1312550 1129.4
1312560 1129.4
1312570 1123.9
1312580 1120.3
1312590 1120.3
1312600 1117.5
1312610 1113.9
1312620 1113.9
1312630 1110.3
1312640 1107.3
1312650 1107.3
1312660 1102.9
1312670 1106.3
1312680 1106.3
1312690 1104.7
1312700 1098.6
1312710 1087.5
1312720 1087.5
1312730 1078.7
1312740 1074.3
1312750 1074.3
1312760 1062.0
1312770 1054.6
1312780 1054.6
1312790 1050.5
1312800 1044.2
1312810 1044.2
1312820 1040.0
1312830 1035.3
1312840 1035.3
1312850 1029.4
1312860 1021.3
1312870 1021.3
1312880 1011.8
1312890 1005.8
1312900 1005.8
1312910 999.4
1312920 992.2
1312930 992.2
1312940 986.1
1312950 981.2
1312960 981.2
1312970 975.0
1312980 969.1
1312990 969.1
1313000 963.3
1313010 957.8
1313020 954.5
1313030 954.5
1313040 952.6
1313050 951.4
1313060 951.4
1313070 949.3
1313080 946.1
1313090 946.1
1313100 944.1
1313110 942.7
1313120 942.7
1313130 941.3
1313140 939.4
1313150 939.4
1313160 938.0
1313170 936.7
1313180 936.7
1313190 935.5
1313200 934.4
1313210 934.4
1313220 932.5
1313230 930.2
1313240 930.2
1313250 927.8
1313260 925.1
1313270 925.1
1313280 923.0
1313290 921.5
1313300 921.5
1313310 920.2
1313320 920.3
1313330 919.5
1313340 919.5
1313350 917.0
1313360 913.0
1313370 913.0
1313380 911.1
1313390 908.0
1313400 908.0
1313410 904.3
1313420 902.4
1313430 902.4
1313440 899.4
1313450 899.3
1313460 899.3
1313470 899.7
1313480 898.3
1313490 898.3
1313500 896.3
1313510 894.4
1313520 894.4
1313530 892.5
1313540 891.6
1313550 891.6
1313560 891.2
1313570 891.1
1313580 891.1
1313590 890.8
1313600 889.3
1313610 889.3
1313620 887.3
1313630 886.0
1313640 884.5
1313650 884.5
1313660 882.8
1313670 881.7
1313680 881.7
1313690 879.3
1313700 877.1
1313710 877.1
1313720 877.0
1313730 876.3
1313740 876.3
1313750 875.6
1313760 875.0
1313770 875.0
1313780 874.7
1313790 874.1
1313800 874.1
1313810 872.6
1313820 870.2
1313830 870.2
1313840 866.9
1313850 862.3
1313860 862.3
1313870 857.2
1313880 852.1
1313890 852.1
1313900 847.8
1313910 842.3
1313920 842.3
1313930 837.7
1313940 834.6
1313950 833.8
1313960 833.8
1313970 833.1
1313980 833.1
1313990 833.1
1314000 832.3
1314010 830.5
1314020 830.5
1314030 828.1
1314040 825.7
1314050 825.7
1314060 821.5
1314070 817.5
1314080 817.5
1314090 815.1
1314100 813.4
1314110 813.4
1314120 811.8
1314130 810.0
1314140 810.0
1314150 809.0
1314160 807.5
1314170 805.2
1314180 803.4
1314190 800.8
1314200 800.8
1314210 797.9
1314220 794.5
1314230 794.5
1314240 791.9
1314250 789.8
1314260 787.5
1314270 787.5
1314280 786.0
1314290 785.2
1314300 785.2
1314310 785.0
1314320 783.2
1314330 783.2
1314340 779.3
1314350 775.5
1314360 775.5
1314370 773.5
1314380 772.0
1314390 772.0
1314400 769.7
1314410 767.4
1314420 767.4
1314430 764.9
1314440 762.5
1314450 762.5
1314460 760.4
1314470 758.7
1314480 758.7
1314490 756.7
1314500 755.3
1314510 755.3
1314520 753.9
1314530 751.9
1314540 751.9
1314550 750.0
1314560 748.5
1314570 746.8
1314580 746.8
1314590 744.7
1314600 742.3
1314610 742.3
1314620 740.2
1314630 738.4
1314640 738.4
1314650 736.7
1314660 735.0
1314670 735.0
1314680 733.6
1314690 731.8
1314700 731.8
1314710 730.1
1314720 728.5
1314730 728.5
1314740 726.3
1314750 723.5
1314760 723.5
1314770 721.1
1314780 719.5
1314790 719.5
1314800 718.6
1314810 717.5
1314820 717.5
1314830 716.0
1314840 714.0
1314850 714.0
1314860 712.2
1314870 710.4
1314880 708.6
1314890 708.6
1314900 706.9
1314910 705.1
1314920 704.7
1314930 702.8
1314940 700.9
1314950 700.9
1314960 699.2
1314970 697.9
1314980 697.9
1314990 696.5
1315000 695.2
1315010 695.2
1315020 694.1
1315030 692.8
1315040 692.8
1315050 691.8
1315060 691.0
1315070 691.0
1315080 689.9
1315090 688.9
1315100 688.9
1315110 688.0
1315120 687.1
1315130 687.1
1315140 686.3
1315150 685.4
1315160 685.4
1315170 684.5
1315180 683.6
1315190 682.6
1315200 682.6
1315210 681.5
1315220 680.5
1315230 680.5
1315240 679.3
1315250 678.3
1315260 678.3
1315270 677.7
1315280 676.4
1315290 676.4
1315300 675.5
1315310 674.8
1315320 674.8
1315330 674.1
1315340 673.5
1315350 673.5
1315360 672.5
1315370 671.5
1315380 671.5
1315390 670.6
1315400 669.5
1315410 669.5
1315420 668.3
1315430 667.5
1315440 667.5
1315450 666.7
1315460 665.9
1315470 665.9
1315480 664.8
1315490 663.8
1315500 662.8
1315510 662.8
1315520 661.7
1315530 660.7
1315540 660.7
1315550 659.6
1315560 658.5
1315570 658.5
1315580 657.2
1315590 656.0
1315600 656.0
1315610 654.5
1315620 653.2
1315630 653.2
1315640 652.0
1315650 650.9
1315660 650.9
1315670 649.3
1315680 648.1
1315690 648.1
1315700 647.3
1315710 646.7
1315720 646.7
1315730 646.1
1315740 645.5
1315750 645.5
1315760 644.8
1315770 643.9
1315780 643.9
1315790 643.1
1315800 642.2
1315810 641.3
1315820 641.3
1315830 640.4
1315840 639.4
1315850 639.4
1315860 638.5
1315870 637.7
1315880 637.7
1315890 636.7
1315900 635.7
1315910 635.7
1315920 634.8
1315930 633.8
1315940 633.8
1315950 632.9
1315960 632.3
1315970 632.3
1315980 631.7
1315990 630.9
1316000 630.9
1316010 630.1
1316020 629.3
1316030 629.3
1316040 628.5
1316050 627.6
1316060 627.6
1316070 626.7
1316080 625.9
1316090 625.9
1316100 625.1
1316110 624.1
1316120 623.0
1316130 623.0
1316140 621.9
1316150 620.3
1316160 620.3
1316170 619.0
1316180 618.2
1316190 618.2
1316200 617.2
1316210 616.0
1316220 616.0
1316230 615.2
1316240 615.2
1316250 615.2
1316260 613.3
1316270 612.6
1316280 612.6
1316290 611.7
1316300 611.0
1316310 611.0
1316320 610.4
1316330 609.5
1316340 609.5
1316350 608.1
1316360 607.1
1316370 607.1
1316380 606.3
1316390 605.4
1316400 605.4
1316410 604.4
1316420 603.7
1316430 603.2
1316440 603.2
1316450 602.3
1316460 601.3
1316470 601.3
1316480 600.2
1316490 598.0
1316500 598.0
1316510 596.2
1316520 595.4
1316530 595.4
1316540 594.7
1316550 593.9
1316560 593.9
1316570 592.9
1316580 591.9
1316590 591.9
1316600 590.8
1316610 589.8
1316620 589.8
1316630 588.8
1316640 587.8
1316650 587.8
1316660 587.1
1316670 586.1
1316680 586.1
1316690 585.2
1316700 584.7
1316710 584.7
1316720 584.2
1316730 583.4
1316740 582.5
1316750 582.5
1316760 580.9
1316770 579.3
1316780 579.3
1316790 578.6
1316800 578.0
1316810 578.0
1316820 576.9
1316830 575.5
1316840 575.5
1316850 574.5
1316860 573.8
1316870 573.8
1316880 572.8
1316890 571.8
1316900 571.8
1316910 571.0
1316920 570.2
1316930 570.2
1316940 569.3
1316950 568.4
1316960 568.4
1316970 567.5
1316980 566.6
1316990 566.6
1317000 565.9
1317010 565.1
1317020 565.1
1317030 564.7
1317040 564.4
1317050 563.8
1317060 563.8
1317070 563.0
1317080 562.2
1317090 562.2
1317100 561.4
1317110 560.6
1317120 560.6
1317130 560.0
1317140 559.3
1317150 559.3
1317160 558.5
1317170 557.7
1317180 557.7
1317190 557.1
1317200 555.9
1317210 555.9
1317220 554.7
1317230 553.9
1317240 553.9
1317250 553.1
1317260 552.3
1317270 552.3
1317280 551.6
1317290 551.1
1317300 551.1
1317310 550.5
1317320 549.5
1317330 549.5
1317340 548.9
1317350 548.4
1317360 548.0
1317370 548.0
1317380 546.5
1317390 546.2
1317400 546.2
1317410 545.6
1317420 544.4
1317430 544.4
1317440 543.7
1317450 542.8
1317460 542.8
1317470 542.0
1317480 541.3
1317490 541.3
1317500 540.6
1317510 539.9
1317520 539.9
1317530 539.3
1317540 538.6
1317550 538.6
1317560 538.0
1317570 537.4
1317580 537.4
1317590 536.8
1317600 533.7
1317610 533.7
1317620 528.8
1317630 526.0
1317640 526.0
1317650 523.3
1317660 521.4
1317670 520.9
1317680 520.9
1317690 520.8
1317700 520.5
1317710 520.5
1317720 520.3
1317730 520.4
1317740 520.4
1317750 520.5
1317760 520.5
1317770 520.5
1317780 520.4
1317790 520.4
1317800 520.4
1317810 520.4
1317820 520.4
1317830 520.4
1317840 520.1
1317850 519.9
1317860 519.9
1317870 520.3
1317880 521.0
1317890 521.0
1317900 521.4
1317910 521.6
1317920 521.6
1317930 521.6
1317940 521.5
1317950 521.5
1317960 521.7
1317970 521.8
1317980 521.6
1317990 521.6
1318000 521.6
1318010 521.6
1318020 521.6
1318030 521.8
1318040 521.8
1318050 521.8
1318060 521.6
1318070 521.4
1318080 521.4
1318090 521.3
1318100 521.5
1318110 521.5
1318120 521.4
1318130 521.6
1318140 521.6
1318150 521.5
1318160 521.4
1318170 521.4
1318180 521.3
1318190 521.2
1318200 521.2
1318210 521.1
1318220 521.2
1318230 521.2
1318240 521.3
1318250 521.3
1318260 521.3
1318270 521.6
1318280 521.5
1318290 521.4
1318300 521.4
1318310 521.2
1318320 521.1
1318330 521.1
1318340 521.0
1318350 520.9
1318360 520.9
1318370 520.8
1318380 520.7
1318390 520.7
1318400 520.7
1318410 520.6
1318420 520.6
1318430 520.6
1318440 520.5
1318450 520.5
1318460 520.3
1318470 520.2
1318480 520.2
1318490 520.2
1318500 520.1
1318510 520.1
1318520 520.1
1318530 520.1
1318540 520.1
1318550 520.1
1318560 520.1
1318570 520.1
1318580 520.2
1318590 520.2
1318600 520.3
1318610 520.3
1318620 520.3
1318630 520.3
1318640 520.3
1318650 520.2
1318660 520.1
1318670 520.1
1318680 520.0
1318690 520.0
1318700 520.0
1318710 520.0
1318720 520.0
1318730 520.0
1318740 519.9
1318750 519.9
1318760 519.9
1318770 520.1
1318780 520.1
1318790 520.1
1318800 520.1
1318810 520.2
1318820 520.2
1318830 520.4
1318840 520.6
1318850 520.6
1318860 520.7
1318870 520.7
1318880 520.7
1318890 520.7
1318900 520.7
1318910 520.7
1318920 520.7
1318930 520.4
1318940 520.0
1318950 520.0
1318960 519.7
1318970 519.4
1318980 519.4
1318990 519.2
1319000 519.0
1319010 519.0
1319020 518.9
1319030 518.9
1319040 518.9
1319050 519.0
1319060 518.9
1319070 518.9
1319080 518.8
1319090 518.5
1319100 518.5
1319110 518.2
1319120 517.8
1319130 517.8
1319140 517.4
1319150 517.4
1319160 517.4
1319170 517.5
1319180 517.5
1319190 517.5
1319200 517.4
1319210 517.3
1319220 517.3
1319230 517.3
1319240 517.3
1319250 517.4
1319260 517.4
1319270 517.4
1319280 517.4
1319290 517.4
1319300 517.4
1319310 517.4
1319320 517.4
1319330 517.5
1319340 517.4
1319350 517.4
1319360 517.4
1319370 517.4
1319380 517.4
1319390 517.5
1319400 517.8
1319410 517.8
1319420 517.9
1319430 517.8
1319440 517.8
1319450 517.7
1319460 517.6
1319470 517.6
1319480 517.5
1319490 517.5
1319500 517.5
1319510 517.5
1319520 517.4
1319530 517.5
1319540 517.5
1319550 517.7
1319560 517.6
1319570 517.6
1319580 517.6
1319590 517.7
1319600 517.7
1319610 517.8
1319620 517.8
1319630 517.8
1319640 517.8
1319650 517.9
1319660 517.9
1319670 517.8
1319680 517.8
1319690 517.8
1319700 517.7
1319710 517.7
1319720 517.7
1319730 517.7
1319740 517.7
1319750 517.7
1319760 517.7
1319770 517.7
1319780 517.7
1319790 517.8
1319800 517.8
1319810 517.8
1319820 517.8
1319830 517.9
1319840 518.0
1319850 518.0
1319860 517.9
1319870 516.9
1319880 516.9
1319890 516.1
1319900 515.9
1319910 515.9
1319920 516.0
1319930 516.9
1319940 516.9
1319950 519.4
1319960 522.0
1319970 522.0
1319980 522.5
1319990 520.6
