1300000 1137.7
1300010 1137.7
1300020 1131.6
1300030 1125.8
1300040 1125.8
1300050 1120.0
1300060 1114.4
1300070 1114.4
1300080 1109.3
1300090 1103.9
1300100 1103.9
1300110 1099.0
1300120 1095.0
1300130 1095.0
1300140 1092.8
1300150 1091.0
1300160 1091.0
1300170 1088.9
1300180 1086.0
1300190 1086.0
1300200 1082.0
1300210 1076.2
1300220 1071.8
1300230 1071.8
1300240 1071.3
1300250 1071.4
1300260 1071.4
1300270 1071.4
1300280 1071.5
1300290 1071.5
1300300 1071.1
1300310 1071.1
1300320 1071.1
1300330 1071.2
1300340 1071.2
1300350 1071.2
1300360 1071.1
1300370 1071.1
1300380 1071.1
1300390 1070.9
1300400 1070.7
1300410 1070.7
1300420 1070.3
1300430 1070.1
1300440 1070.1
1300450 1069.8
1300460 1070.0
1300470 1070.0
1300480 1069.4
1300490 1068.3
1300500 1068.3
1300510 1067.8
1300520 1068.4
1300530 1068.6
1300540 1068.6
1300550 1069.4
1300560 1069.5
1300570 1069.5
1300580 1069.7
1300590 1069.6
1300600 1069.6
1300610 1069.1
1300620 1068.5
1300630 1068.5
1300640 1068.0
1300650 1067.4
1300660 1067.4
1300670 1067.2
1300680 1066.8
1300690 1066.8
1300700 1066.8
1300710 1066.8
1300720 1066.8
1300730 1067.0
1300740 1065.2
1300750 1065.2
1300760 1064.2
1300770 1063.9
1300780 1063.9
1300790 1064.5
1300800 1066.0
1300810 1066.0
1300820 1065.5
1300830 1065.4
1300840 1065.3
1300850 1065.3
1300860 1065.1
1300870 1065.1
1300880 1065.1
1300890 1065.1
1300900 1064.9
1300910 1064.9
1300920 1065.2
1300930 1065.7
1300940 1065.7
1300950 1069.2
1300960 1073.4
1300970 1073.4
1300980 1077.6
1300990 1082.5
1301000 1082.5
1301010 1087.2
1301020 1092.5
1301030 1092.5
1301040 1097.4
1301050 1101.8
1301060 1101.8
1301070 1106.5
1301080 1111.9
1301090 1111.9
1301100 1117.0
1301110 1122.0
1301120 1122.0
1301130 1127.1
1301140 1131.7
1301150 1135.8
1301160 1135.8
1301170 1141.3
1301180 1146.6
1301190 1146.6
1301200 1151.5
1301210 1154.8
1301220 1154.8
1301230 1157.3
1301240 1152.7
1301250 1152.7
1301260 1150.6
1301270 1148.3
1301280 1148.3
1301290 1150.8
1301300 1157.3
1301310 1157.3
1301320 1165.3
1301330 1172.1
1301340 1172.1
1301350 1176.1
1301360 1179.3
1301370 1179.3
1301380 1183.0
1301390 1188.0
1301400 1188.0
1301410 1193.1
1301420 1197.6
1301430 1197.6
1301440 1201.6
1301450 1205.2
1301460 1208.8
1301470 1208.8
1301480 1213.1
1301490 1218.0
1301500 1218.0
1301510 1221.1
1301520 1226.3
1301530 1226.3
1301540 1229.5
1301550 1231.5
1301560 1231.5
1301570 1234.2
1301580 1236.9
1301590 1236.9
1301600 1238.6
1301610 1239.3
1301620 1239.3
1301630 1240.6
1301640 1243.7
1301650 1243.7
1301660 1246.0
1301670 1246.5
1301680 1246.5
1301690 1246.7
1301700 1247.8
1301710 1247.8
1301720 1249.8
1301730 1254.0
1301740 1254.0
1301750 1258.5
1301760 1263.0
1301770 1268.8
1301780 1268.8
1301790 1274.9
1301800 1280.7
1301810 1280.7
1301820 1286.6
1301830 1292.7
1301840 1292.7
1301850 1299.0
1301860 1305.1
1301870 1305.1
1301880 1311.5
1301890 1318.1
1301900 1318.1
1301910 1324.6
1301920 1331.6
1301930 1331.6
1301940 1339.7
1301950 1345.8
1301960 1345.8
1301970 1352.3
1301980 1358.4
1301990 1358.4
1302000 1364.3
1302010 1369.6
1302020 1369.6
1302030 1374.5
1302040 1380.5
1302050 1380.5
1302060 1387.4
1302070 1395.1
1302080 1403.2
1302090 1403.2
1302100 1410.6
1302110 1417.1
1302120 1417.1
1302130 1422.9
1302140 1428.8
1302150 1428.8
1302160 1435.0
1302170 1441.2
1302180 1441.2
1302190 1446.6
1302200 1450.4
1302210 1450.4
1302220 1453.1
1302230 1455.3
1302240 1455.3
1302250 1457.9
1302260 1461.5
1302270 1461.5
1302280 1466.1
1302290 1470.6
1302300 1470.6
1302310 1475.3
1302320 1480.6
1302330 1480.6
1302340 1485.7
1302350 1489.3
1302360 1489.3
1302370 1491.7
1302380 1490.8
1302390 1485.6
1302400 1485.6
1302410 1479.9
1302420 1472.0
1302430 1472.0
1302440 1461.6
1302450 1452.9
1302460 1452.9
1302470 1445.3
1302480 1437.8
1302490 1437.8
1302500 1431.2
1302510 1422.9
1302520 1422.9
1302530 1409.0
1302540 1398.1
1302550 1398.1
1302560 1391.1
1302570 1385.3
1302580 1385.3
1302590 1379.9
1302600 1374.3
1302610 1374.3
1302620 1368.9
1302630 1363.9
1302640 1366.7
1302650 1362.8
1302660 1359.5
1302670 1356.4
1302680 1356.4
1302690 1353.3
1302700 1350.3
1302710 1350.3
1302720 1348.7
1302730 1348.8
1302740 1348.8
1302750 1348.7
1302760 1346.3
1302770 1346.3
1302780 1344.5
1302790 1345.0
1302800 1345.0
1302810 1345.7
1302820 1346.3
1302830 1346.3
1302840 1347.3
1302850 1345.6
1302860 1345.6
1302870 1342.2
1302880 1339.1
1302890 1339.1
1302900 1337.2
1302910 1337.6
1302920 1337.6
1302930 1338.7
1302940 1339.9
1302950 1339.9
1302960 1340.6
1302970 1341.1
1302980 1341.7
1302990 1341.7
1303000 1342.2
1303010 1342.6
1303020 1342.6
1303030 1343.2
1303040 1344.9
1303050 1344.9
1303060 1347.3
1303070 1349.0
1303080 1349.0
1303090 1350.4
1303100 1351.1
1303110 1351.1
1303120 1351.1
1303130 1351.7
1303140 1351.7
1303150 1353.5
1303160 1354.5
1303170 1354.5
1303180 1354.3
1303190 1353.5
1303200 1353.5
1303210 1351.8
1303220 1349.7
1303230 1349.7
1303240 1347.3
1303250 1345.3
1303260 1345.3
1303270 1342.9
1303280 1340.2
1303290 1337.6
1303300 1337.6
1303310 1336.1
1303320 1335.8
1303330 1335.8
1303340 1341.2
1303350 1340.8
1303360 1340.8
1303370 1340.4
1303380 1340.0
1303390 1340.0
1303400 1340.5
1303410 1341.6
1303420 1341.6
1303430 1343.1
1303440 1344.4
1303450 1344.4
1303460 1344.7
1303470 1343.7
1303480 1343.7
1303490 1341.7
1303500 1338.8
1303510 1338.8
1303520 1335.2
1303530 1331.8
1303540 1331.8
1303550 1328.6
1303560 1325.7
1303570 1325.7
1303580 1323.3
1303590 1320.8
1303600 1317.9
1303610 1317.9
1303620 1315.5
1303630 1312.8
1303640 1312.8
1303650 1313.1
1303660 1312.9
1303670 1312.9
1303680 1311.5
1303690 1308.9
1303700 1308.9
1303710 1304.7
1303720 1299.9
1303730 1299.9
1303740 1296.2
1303750 1292.7
1303760 1292.7
1303770 1290.0
1303780 1289.5
1303790 1289.5
1303800 1290.7
1303810 1291.1
1303820 1291.1
1303830 1287.7
1303840 1281.0
1303850 1281.0
1303860 1277.6
1303870 1277.0
1303880 1277.0
1303890 1281.3
1303900 1283.3
1303910 1287.4
1303920 1287.4
1303930 1289.6
1303940 1291.8
1303950 1291.8
1303960 1294.3
1303970 1298.0
1303980 1298.0
1303990 1301.5
1304000 1306.6
1304010 1306.6
1304020 1312.9
1304030 1317.1
1304040 1317.1
1304050 1323.8
1304060 1321.3
1304070 1321.3
1304080 1316.1
1304090 1313.7
1304100 1313.7
1304110 1314.3
1304120 1314.0
1304130 1314.0
1304140 1314.1
1304150 1316.8
1304160 1316.8
1304170 1320.2
1304180 1324.3
1304190 1324.3
1304200 1330.2
1304210 1333.1
1304220 1333.5
1304230 1333.5
1304240 1339.6
1304250 1346.9
1304260 1346.9
1304270 1347.6
1304280 1346.1
1304290 1346.1
1304300 1344.9
1304310 1343.9
1304320 1343.9
1304330 1344.1
1304340 1343.6
1304350 1343.6
1304360 1343.0
1304370 1342.5
1304380 1342.5
1304390 1342.3
1304400 1341.4
1304410 1341.4
1304420 1343.2
1304430 1346.1
1304440 1346.1
1304450 1343.9
1304460 1331.0
1304470 1331.0
1304480 1321.0
1304490 1317.4
1304500 1317.4
1304510 1316.2
1304520 1313.6
1304530 1310.6
1304540 1310.6
1304550 1310.2
1304560 1308.5
1304570 1308.5
1304580 1306.1
1304590 1304.5
1304600 1304.5
1304610 1303.2
1304620 1299.8
1304630 1299.8
1304640 1294.1
1304650 1288.3
1304660 1288.3
1304670 1282.1
1304680 1276.3
1304690 1276.3
1304700 1270.3
1304710 1263.3
1304720 1263.3
1304730 1256.9
1304740 1249.9
1304750 1249.9
1304760 1243.8
1304770 1231.8
1304780 1231.8
1304790 1225.6
1304800 1222.0
1304810 1222.0
1304820 1216.7
1304830 1212.3
1304840 1210.1
1304850 1210.1
1304860 1208.5
1304870 1206.8
1304880 1206.8
1304890 1202.3
1304900 1201.0
1304910 1201.0
1304920 1202.0
1304930 1200.9
1304940 1200.9
1304950 1198.1
1304960 1194.6
1304970 1194.6
1304980 1195.2
1304990 1197.2
1305000 1197.2
1305010 1196.4
1305020 1194.7
1305030 1194.7
1305040 1194.3
1305050 1193.4
1305060 1193.4
1305070 1192.9
1305080 1192.3
1305090 1192.3
1305100 1191.8
1305110 1191.7
1305120 1191.7
1305130 1192.6
1305140 1192.6
1305150 1192.8
1305160 1192.8
1305170 1192.9
1305180 1192.2
1305190 1192.2
1305200 1191.4
1305210 1192.5
1305220 1192.5
1305230 1192.6
1305240 1191.5
1305250 1191.5
1305260 1188.6
1305270 1182.7
1305280 1182.7
1305290 1173.9
1305300 1163.1
1305310 1163.1
1305320 1152.3
1305330 1153.5
1305340 1153.5
1305350 1162.2
1305360 1167.9
1305370 1167.9
1305380 1174.6
1305390 1180.3
1305400 1180.3
1305410 1185.9
1305420 1186.2
1305430 1186.2
1305440 1187.0
1305450 1187.7
1305460 1186.5
1305470 1195.3
1305480 1191.0
1305490 1192.2
1305500 1192.2
1305510 1195.6
1305520 1201.2
1305530 1201.2
1305540 1209.0
1305550 1210.4
1305560 1210.4
1305570 1205.1
1305580 1200.5
1305590 1200.5
1305600 1194.3
1305610 1187.8
1305620 1187.8
1305630 1183.5
1305640 1180.7
1305650 1180.7
1305660 1175.9
1305670 1168.5
1305680 1168.5
1305690 1165.4
1305700 1166.4
1305710 1166.4
1305720 1167.3
1305730 1164.0
1305740 1164.0
1305750 1162.4
1305760 1161.8
1305770 1158.6
1305780 1158.6
1305790 1156.8
1305800 1153.4
1305810 1153.4
1305820 1147.9
1305830 1140.9
1305840 1140.9
1305850 1143.5
1305860 1144.3
1305870 1144.3
1305880 1143.0
1305890 1143.2
1305900 1143.2
1305910 1145.5
1305920 1145.1
1305930 1145.1
1305940 1141.4
1305950 1132.1
1305960 1132.1
1305970 1129.3
1305980 1142.2
1305990 1142.2
1306000 1151.0
1306010 1157.3
1306020 1157.3
1306030 1160.2
1306040 1160.5
1306050 1160.5
1306060 1161.6
1306070 1162.2
1306080 1160.9
1306090 1160.9
1306100 1160.4
1306110 1158.7
1306120 1158.7
1306130 1154.3
1306140 1148.8
1306150 1148.8
1306160 1143.4
1306170 1137.7
1306180 1137.7
1306190 1139.8
1306200 1124.2
1306210 1124.2
1306220 1110.3
1306230 1100.2
1306240 1100.2
1306250 1095.0
1306260 1079.7
1306270 1079.7
1306280 1063.2
1306290 1045.4
1306300 1045.4
1306310 1034.8
1306320 1030.5
1306330 1030.5
1306340 1027.7
1306350 1026.6
1306360 1026.6
1306370 1026.7
1306380 1027.6
1306390 1032.3
1306400 1032.3
1306410 1032.4
1306420 1032.1
1306430 1032.1
1306440 1028.8
1306450 1022.6
1306460 1022.6
1306470 1011.9
1306480 999.8
1306490 999.8
1306500 994.7
1306510 992.2
1306520 992.2
1306530 991.1
1306540 989.6
1306550 989.6
1306560 987.7
1306570 985.1
1306580 985.1
1306590 982.1
1306600 980.8
1306610 980.8
1306620 979.2
1306630 976.6
1306640 976.6
1306650 973.7
1306660 970.4
1306670 970.4
1306680 967.0
1306690 963.8
1306700 960.9
1306710 960.9
1306720 957.7
1306730 953.8
1306740 953.8
1306750 950.6
1306760 947.9
1306770 947.9
1306780 945.2
1306790 941.9
1306800 941.9
1306810 939.6
1306820 938.6
1306830 938.6
1306840 936.5
1306850 935.9
1306860 935.9
1306870 935.9
1306880 935.7
1306890 935.7
1306900 934.9
1306910 934.9
1306920 934.9
1306930 935.0
1306940 934.5
1306950 934.5
1306960 933.8
1306970 933.3
1306980 933.3
1306990 933.2
1307000 933.1
1307010 933.1
1307020 933.1
1307030 933.3
1307040 933.4
1307050 933.4
1307060 933.8
1307070 934.3
1307080 934.3
1307090 934.9
1307100 935.7
1307110 935.7
1307120 936.4
1307130 936.9
1307140 936.9
1307150 937.3
1307160 937.7
1307170 937.7
1307180 938.1
1307190 938.4
1307200 938.4
1307210 938.6
1307220 938.9
1307230 938.9
1307240 939.4
1307250 940.0
1307260 940.0
1307270 940.5
1307280 941.0
1307290 941.0
1307300 941.6
1307310 942.2
1307320 943.2
1307330 943.2
1307340 943.8
1307350 944.3
1307360 944.3
1307370 944.8
1307380 945.2
1307390 945.2
1307400 945.7
1307410 946.3
1307420 946.3
1307430 946.7
1307440 947.2
1307450 947.2
1307460 947.4
1307470 947.4
1307480 947.4
1307490 947.4
1307500 947.1
1307510 947.1
1307520 947.0
1307530 946.9
1307540 946.9
1307550 946.7
1307560 946.4
1307570 946.4
1307580 946.2
1307590 946.1
1307600 946.1
1307610 946.2
1307620 946.4
1307630 946.6
1307640 946.6
1307650 946.8
1307660 947.0
1307670 947.0
1307680 947.3
1307690 947.6
1307700 947.6
1307710 948.0
1307720 948.3
1307730 948.3
1307740 948.6
1307750 948.9
1307760 948.9
1307770 949.3
1307780 949.7
1307790 949.7
1307800 950.0
1307810 950.2
1307820 950.2
1307830 950.6
1307840 951.2
1307850 951.2
1307860 951.6
1307870 952.5
1307880 952.5
1307890 953.5
1307900 953.9
1307910 953.9
1307920 954.0
1307930 954.1
1307940 954.2
1307950 954.2
1307960 954.6
1307970 955.0
1307980 955.0
1307990 955.7
1308000 956.3
1308010 956.3
1308020 956.6
1308030 957.0
1308040 957.0
1308050 957.2
1308060 957.4
1308070 957.4
1308080 957.7
1308090 957.9
1308100 957.9
1308110 957.7
1308120 958.6
1308130 958.6
1308140 959.5
1308150 959.4
1308160 959.4
1308170 959.2
1308180 960.9
1308190 960.9
1308200 963.1
1308210 963.7
1308220 963.7
1308230 964.6
1308240 965.3
1308250 965.4
1308260 965.4
1308270 965.5
1308280 965.7
1308290 965.7
1308300 965.6
1308310 965.7
1308320 965.7
1308330 966.1
1308340 966.6
1308350 965.1
1308360 965.2
1308370 965.0
1308380 965.0
1308390 964.8
1308400 964.5
1308410 964.5
1308420 963.4
1308430 964.2
1308440 964.2
1308450 967.5
1308460 968.7
1308470 968.7
1308480 969.2
1308490 970.1
1308500 970.1
1308510 970.6
1308520 971.0
1308530 971.0
1308540 970.7
1308550 968.7
1308560 972.1
1308570 972.1
1308580 976.0
1308590 976.3
1308600 976.3
1308610 979.7
1308620 984.8
1308630 984.8
1308640 989.0
1308650 994.3
1308660 994.3
1308670 998.7
1308680 1003.0
1308690 1003.0
1308700 1007.1
1308710 1011.4
1308720 1011.4
1308730 1016.5
1308740 1022.4
1308750 1022.4
1308760 1028.2
1308770 1034.2
1308780 1034.2
1308790 1040.8
1308800 1047.1
1308810 1047.1
1308820 1053.3
1308830 1059.0
1308840 1059.0
1308850 1064.6
1308860 1070.1
1308870 1075.7
1308880 1075.7
1308890 1081.0
1308900 1086.6
1308910 1086.6
1308920 1092.4
1308930 1097.7
1308940 1097.7
1308950 1103.0
1308960 1108.6
1308970 1108.6
1308980 1114.3
1308990 1120.3
1309000 1120.3
1309010 1127.2
1309020 1134.7
1309030 1134.7
1309040 1142.1
1309050 1149.6
1309060 1149.6
1309070 1157.1
1309080 1164.9
1309090 1164.9
1309100 1173.2
1309110 1181.4
1309120 1181.4
1309130 1189.9
1309140 1200.7
1309150 1200.7
1309160 1210.6
1309170 1220.4
1309180 1230.9
1309190 1230.9
1309200 1241.6
1309210 1251.9
1309220 1251.9
1309230 1261.0
1309240 1270.2
1309250 1270.2
1309260 1280.9
1309270 1291.3
1309280 1291.3
1309290 1300.7
1309300 1310.1
1309310 1310.1
1309320 1320.7
1309330 1332.0
1309340 1332.0
1309350 1342.3
1309360 1351.1
1309370 1351.1
1309380 1358.4
1309390 1365.6
1309400 1365.6
1309410 1372.3
1309420 1378.1
1309430 1378.1
1309440 1384.0
1309450 1389.7
1309460 1389.7
1309470 1395.9
1309480 1402.7
1309490 1409.9
1309500 1409.9
1309510 1417.4
1309520 1424.0
1309530 1424.0
1309540 1429.7
1309550 1434.5
1309560 1434.5
1309570 1439.0
1309580 1443.2
1309590 1443.2
1309600 1447.4
1309610 1452.9
1309620 1452.9
1309630 1459.0
1309640 1465.1
1309650 1465.1
1309660 1471.6
1309670 1478.1
1309680 1478.1
1309690 1484.8
1309700 1491.9
1309710 1491.9
1309720 1499.0
1309730 1505.9
1309740 1505.9
1309750 1512.1
1309760 1518.5
1309770 1518.5
1309780 1525.0
1309790 1531.6
1309800 1536.2
1309810 1536.2
1309820 1542.8
1309830 1549.0
1309840 1549.0
1309850 1555.2
1309860 1561.1
1309870 1561.1
1309880 1566.3
1309890 1570.6
1309900 1570.6
1309910 1573.0
1309920 1575.2
1309930 1575.2
1309940 1577.8
1309950 1582.5
1309960 1582.5
1309970 1589.8
1309980 1597.6
1309990 1597.6
1310000 1604.2
1310010 1610.1
1310020 1610.1
1310030 1613.9
1310040 1614.7
1310050 1614.7
1310060 1620.8
1310070 1624.9
1310080 1624.9
1310090 1620.3
1310100 1622.3
1310110 1620.2
1310120 1620.2
1310130 1615.4
1310140 1617.5
1310150 1617.5
1310160 1620.9
1310170 1628.8
1310180 1628.8
1310190 1637.4
1310200 1646.5
1310210 1646.5
1310220 1655.2
1310230 1662.7
1310240 1662.7
1310250 1668.9
1310260 1676.2
1310270 1676.2
1310280 1684.4
1310290 1693.6
1310300 1693.6
1310310 1703.8
1310320 1714.6
1310330 1714.6
1310340 1723.7
1310350 1735.0
1310360 1735.0
1310370 1746.6
1310380 1769.3
1310390 1769.3
1310400 1783.9
1310410 1785.0
1310420 1781.1
1310430 1781.1
1310440 1776.4
1310450 1773.5
1310460 1773.5
1310470 1769.4
1310480 1764.8
1310490 1764.8
1310500 1759.7
1310510 1755.1
1310520 1755.1
1310530 1749.1
1310540 1737.2
1310550 1737.2
1310560 1730.4
1310570 1727.3
1310580 1727.3
1310590 1728.7
1310600 1725.4
1310610 1725.4
1310620 1735.9
1310630 1747.4
1310640 1747.4
1310650 1745.4
1310660 1747.0
1310670 1747.0
1310680 1750.0
1310690 1748.9
1310700 1748.9
1310710 1747.4
1310720 1744.6
1310730 1742.8
1310740 1742.8
1310750 1742.2
1310760 1741.0
1310770 1741.0
1310780 1740.4
1310790 1740.0
1310800 1740.0
1310810 1739.2
1310820 1738.4
1310830 1738.4
1310840 1738.6
1310850 1738.8
1310860 1738.8
1310870 1738.9
1310880 1739.4
1310890 1739.4
1310900 1740.3
1310910 1740.2
1310920 1740.2
1310930 1738.7
1310940 1737.1
1310950 1737.1
1310960 1734.1
1310970 1728.1
1310980 1728.1
1310990 1723.2
1311000 1718.1
1311010 1718.1
1311020 1713.0
1311030 1707.8
1311040 1701.7
1311050 1701.7
1311060 1695.5
1311070 1688.3
1311080 1688.3
1311090 1677.3
1311100 1670.3
1311110 1670.3
1311120 1665.1
1311130 1657.6
1311140 1657.6
1311150 1651.9
1311160 1646.0
1311170 1646.0
1311180 1641.3
1311190 1637.6
1311200 1637.6
1311210 1633.5
1311220 1629.6
1311230 1629.6
1311240 1628.2
1311250 1628.1
1311260 1628.1
1311270 1618.9
1311280 1615.7
1311290 1615.7
1311300 1611.8
1311310 1609.1
1311320 1609.1
1311330 1608.2
1311340 1607.8
1311350 1608.5
1311360 1608.5
1311370 1609.3
1311380 1609.3
1311390 1609.3
1311400 1609.1
1311410 1609.5
1311420 1609.5
1311430 1607.7
1311440 1603.5
1311450 1603.5
1311460 1597.0
1311470 1582.5
1311480 1582.5
1311490 1570.8
1311500 1563.0
1311510 1563.0
1311520 1554.8
1311530 1547.6
1311540 1547.6
1311550 1540.5
1311560 1533.9
1311570 1533.9
1311580 1528.4
1311590 1522.7
1311600 1522.7
1311610 1517.7
1311620 1513.6
1311630 1513.6
1311640 1509.8
1311650 1503.8
1311660 1493.5
1311670 1493.5
1311680 1479.0
1311690 1470.3
1311700 1470.3
1311710 1463.0
1311720 1455.3
1311730 1455.3
1311740 1442.3
1311750 1427.8
1311760 1427.8
1311770 1411.8
1311780 1400.1
1311790 1400.1
1311800 1396.3
1311810 1390.4
1311820 1390.4
1311830 1384.2
1311840 1381.9
1311850 1381.9
1311860 1371.6
1311870 1350.5
1311880 1350.5
1311890 1336.0
1311900 1335.9
1311910 1335.9
1311920 1316.4
1311930 1295.7
1311940 1295.7
1311950 1280.4
1311960 1266.3
1311970 1251.6
1311980 1251.6
1311990 1245.6
1312000 1240.2
1312010 1234.8
1312020 1230.8
1312030 1227.9
1312040 1227.9
1312050 1223.9
1312060 1221.6
1312070 1221.6
1312080 1220.9
1312090 1216.1
1312100 1216.1
1312110 1210.8
1312120 1208.1
1312130 1208.1
1312140 1208.0
1312150 1208.2
1312160 1208.2
1312170 1204.3
1312180 1198.7
1312190 1198.7
1312200 1194.1
1312210 1191.8
1312220 1191.8
1312230 1189.3
1312240 1184.3
1312250 1184.3
1312260 1182.8
1312270 1180.8
1312280 1181.4
1312290 1181.4
1312300 1179.4
1312310 1178.1
1312320 1178.1
1312330 1175.2
1312340 1170.5
1312350 1170.5
1312360 1168.0
1312370 1166.7
1312380 1166.7
1312390 1161.5
1312400 1156.8
1312410 1156.8
1312420 1154.4
1312430 1152.9
1312440 1152.9
1312450 1148.2
1312460 1142.9
1312470 1142.9
1312480 1137.9
1312490 1130.8
1312500 1130.8
1312510 1122.2
1312520 1114.2
1312530 1114.2
1312540 1106.8
1312550 1098.9
1312560 1098.9
1312570 1091.3
1312580 1084.2
1312590 1077.6
1312600 1077.6
1312610 1070.7
1312620 1064.3
1312630 1064.3
1312640 1058.1
1312650 1052.5
1312660 1052.5
1312670 1047.8
1312680 1042.6
1312690 1042.6
1312700 1037.4
1312710 1032.1
1312720 1032.1
1312730 1026.8
1312740 1021.8
1312750 1016.6
1312760 1011.8
1312770 1006.9
1312780 1006.9
1312790 1002.0
1312800 997.0
1312810 997.0
1312820 991.7
1312830 985.7
1312840 985.7
1312850 979.3
1312860 973.0
1312870 973.0
1312880 966.6
1312890 960.4
1312900 955.2
1312910 955.2
1312920 949.4
1312930 943.0
1312940 943.0
1312950 936.6
1312960 930.3
1312970 930.3
1312980 924.5
1312990 919.3
1313000 919.3
1313010 914.4
1313020 909.9
1313030 909.9
1313040 905.0
1313050 900.0
1313060 900.0
1313070 895.1
1313080 890.3
1313090 890.3
1313100 885.3
1313110 880.0
1313120 880.0
1313130 874.7
1313140 869.3
1313150 869.3
1313160 864.4
1313170 859.4
1313180 859.4
1313190 854.5
1313200 849.6
1313210 844.7
1313220 844.7
1313230 840.1
1313240 835.1
1313250 835.1
1313260 829.6
1313270 824.4
1313280 824.4
1313290 819.7
1313300 816.3
1313310 816.3
1313320 814.5
1313330 815.0
1313340 815.0
1313350 815.7
1313360 816.0
1313370 816.0
1313380 817.8
1313390 820.2
1313400 820.2
1313410 821.2
1313420 821.3
1313430 821.3
1313440 821.2
1313450 820.9
1313460 820.9
1313470 820.0
1313480 821.6
1313490 821.6
1313500 820.7
1313510 819.8
1313520 819.7
1313530 819.7
1313540 818.9
1313550 819.0
1313560 819.0
1313570 820.1
1313580 820.7
1313590 820.7
1313600 820.0
1313610 819.1
1313620 819.1
1313630 818.7
1313640 817.5
1313650 817.5
1313660 816.3
1313670 816.5
1313680 816.5
1313690 815.5
1313700 815.3
1313710 815.3
1313720 815.1
1313730 813.4
1313740 813.4
1313750 812.5
1313760 814.3
1313770 814.3
1313780 814.1
1313790 813.4
1313800 812.9
1313810 812.9
1313820 812.4
1313830 811.8
1313840 811.8
1313850 810.7
1313860 810.5
1313870 810.5
1313880 810.9
1313890 810.6
1313900 810.6
1313910 807.5
1313920 806.1
1313930 806.1
1313940 804.9
1313950 801.5
1313960 801.5
1313970 800.8
1313980 800.0
1313990 800.0
1314000 798.8
1314010 796.1
1314020 796.1
1314030 793.6
1314040 791.6
1314050 791.6
1314060 790.9
1314070 791.7
1314080 791.7
1314090 790.5
1314100 786.7
1314110 784.6
1314120 784.6
1314130 784.6
1314140 784.2
1314150 784.2
1314160 779.8
1314170 777.6
1314180 777.6
1314190 778.0
1314200 776.2
1314210 776.2
1314220 774.2
1314230 774.1
1314240 773.9
1314250 773.8
1314260 773.7
1314270 773.7
1314280 772.9
1314290 771.7
1314300 771.7
1314310 769.3
1314320 767.0
1314330 767.0
1314340 765.4
1314350 763.8
1314360 763.8
1314370 763.1
1314380 762.5
1314390 762.5
1314400 761.5
1314410 760.0
1314420 757.0
1314430 757.0
1314440 754.2
1314450 752.9
1314460 752.9
1314470 752.7
1314480 752.4
1314490 752.4
1314500 751.0
1314510 748.6
1314520 748.6
1314530 746.9
1314540 745.1
1314550 745.1
1314560 744.2
1314570 743.6
1314580 743.6
1314590 742.8
1314600 741.3
1314610 741.3
1314620 740.2
1314630 738.3
1314640 738.3
1314650 736.9
1314660 734.5
1314670 734.5
1314680 732.2
1314690 730.2
1314700 730.2
1314710 728.6
1314720 727.4
1314730 726.0
1314740 726.0
1314750 724.2
1314760 722.4
1314770 722.4
1314780 720.5
1314790 718.6
1314800 718.6
1314810 717.3
1314820 716.3
1314830 716.3
1314840 716.4
1314850 714.9
1314860 714.9
1314870 714.2
1314880 714.1
1314890 714.1
1314900 713.3
1314910 711.9
1314920 711.9
1314930 710.4
1314940 708.5
1314950 708.5
1314960 707.3
1314970 706.0
1314980 706.0
1314990 705.2
1315000 703.7
1315010 703.7
1315020 702.6
1315030 701.5
1315040 700.0
1315050 700.0
1315060 699.0
1315070 697.9
1315080 697.9
1315090 696.8
1315100 696.0
1315110 696.0
1315120 695.7
1315130 695.6
1315140 695.6
1315150 694.7
1315160 694.9
1315170 694.9
1315180 694.9
1315190 694.3
1315200 694.3
1315210 693.6
1315220 693.0
1315230 693.0
1315240 692.3
1315250 691.9
1315260 691.9
1315270 691.8
1315280 691.4
1315290 691.4
1315300 689.9
1315310 689.0
1315320 689.0
1315330 688.3
1315340 687.7
1315350 686.9
1315360 686.9
1315370 687.0
1315380 687.2
1315390 687.2
1315400 687.3
1315410 687.8
1315420 687.8
1315430 690.5
1315440 689.9
1315450 689.9
1315460 686.3
1315470 683.8
1315480 683.8
1315490 682.7
1315500 681.4
1315510 681.4
1315520 678.1
1315530 673.1
1315540 673.1
1315550 667.6
1315560 662.1
1315570 662.1
1315580 655.9
1315590 649.2
1315600 649.2
1315610 641.2
1315620 637.0
1315630 637.0
1315640 631.7
1315650 623.0
1315660 614.4
1315670 614.4
1315680 609.3
1315690 606.2
1315700 606.2
1315710 603.7
1315720 603.1
1315730 603.1
1315740 603.7
1315750 604.6
1315760 604.6
1315770 604.3
1315780 603.7
1315790 603.7
1315800 602.9
1315810 602.2
1315820 602.2
1315830 601.4
1315840 600.6
1315850 600.6
1315860 600.1
1315870 599.9
1315880 599.9
1315890 599.2
1315900 598.4
1315910 598.4
1315920 598.0
1315930 597.5
1315940 597.5
1315950 597.6
1315960 597.8
1315970 597.4
1315980 597.4
1315990 596.6
1316000 596.8
1316010 596.8
1316020 596.7
1316030 596.5
1316040 596.5
1316050 597.0
1316060 597.4
1316070 597.4
1316080 597.6
1316090 597.3
1316100 597.3
1316110 596.7
1316120 596.1
1316130 596.1
1316140 595.8
1316150 595.8
1316160 595.8
1316170 596.2
1316180 595.9
1316190 595.9
1316200 594.9
1316210 592.9
1316220 592.9
1316230 592.0
1316240 590.1
1316250 590.1
1316260 589.1
1316270 588.3
1316280 587.8
1316290 587.8
1316300 588.1
1316310 586.8
1316320 586.8
1316330 584.9
1316340 583.5
1316350 583.5
1316360 582.1
1316370 579.4
1316380 579.4
1316390 577.2
1316400 576.6
1316410 576.6
1316420 576.3
1316430 575.8
1316440 575.8
1316450 575.3
1316460 574.9
1316470 574.9
1316480 574.3
1316490 573.5
1316500 573.5
1316510 572.2
1316520 571.6
1316530 571.6
1316540 570.9
1316550 570.3
1316560 570.3
1316570 569.3
1316580 567.8
1316590 567.8
1316600 567.8
1316610 568.2
1316620 567.5
1316630 567.5
1316640 567.1
1316650 566.6
1316660 566.6
1316670 566.0
1316680 565.4
1316690 565.4
1316700 565.0
1316710 564.6
1316720 564.6
1316730 564.0
1316740 563.4
1316750 563.4
1316760 563.0
1316770 562.4
1316780 562.4
1316790 561.6
1316800 560.8
1316810 560.8
1316820 560.0
1316830 559.4
1316840 559.4
1316850 558.9
1316860 558.7
1316870 558.7
1316880 558.3
1316890 558.0
1316900 557.6
1316910 557.6
1316920 557.1
1316930 556.7
1316940 556.7
1316950 556.2
1316960 555.7
1316970 555.7
1316980 555.5
1316990 554.0
1317000 554.0
1317010 553.3
1317020 552.9
1317030 552.9
1317040 552.2
1317050 551.4
1317060 551.4
1317070 550.7
1317080 550.0
1317090 550.0
1317100 549.1
1317110 548.4
1317120 548.4
1317130 547.8
1317140 547.4
1317150 547.4
1317160 546.8
1317170 545.9
1317180 545.9
1317190 544.9
1317200 544.8
1317210 544.3
1317220 544.3
1317230 543.8
1317240 543.3
1317250 543.3
1317260 542.0
1317270 540.8
1317280 540.8
1317290 540.3
1317300 539.7
1317310 539.7
1317320 539.2
1317330 538.6
1317340 538.6
1317350 538.1
1317360 537.5
1317370 537.5
1317380 536.9
1317390 536.3
1317400 536.3
1317410 535.9
1317420 535.6
1317430 535.6
1317440 532.9
1317450 528.3
1317460 528.3
1317470 525.8
1317480 524.7
1317490 524.7
1317500 522.7
1317510 521.3
1317520 520.6
1317530 520.6
1317540 520.7
1317550 520.7
1317560 520.7
1317570 520.5
1317580 521.4
1317590 521.4
1317600 521.9
1317610 522.3
1317620 522.3
1317630 522.6
1317640 522.6
1317650 522.6
1317660 522.7
1317670 522.4
1317680 522.4
1317690 522.3
1317700 522.2
1317710 522.2
1317720 522.2
1317730 522.2
1317740 522.2
1317750 522.1
1317760 521.7
1317770 521.7
1317780 521.6
1317790 521.2
1317800 521.2
1317810 520.0
1317820 519.4
1317830 520.1
1317840 520.1
1317850 520.9
1317860 520.8
1317870 520.8
1317880 520.8
1317890 520.8
1317900 520.8
1317910 520.7
1317920 520.7
1317930 520.7
1317940 520.7
1317950 520.7
1317960 520.7
1317970 520.7
1317980 520.9
1317990 520.9
1318000 521.0
1318010 521.3
1318020 521.3
1318030 521.7
1318040 521.7
1318050 521.7
1318060 521.8
1318070 521.6
1318080 521.6
1318090 521.4
1318100 521.3
1318110 521.3
1318120 521.2
1318130 521.1
1318140 521.0
1318150 521.0
1318160 520.9
1318170 520.8
1318180 520.8
1318190 520.9
1318200 520.9
1318210 520.9
1318220 520.8
1318230 520.8
1318240 520.8
1318250 520.8
1318260 520.8
1318270 520.8
1318280 520.9
1318290 521.0
1318300 521.0
1318310 521.1
1318320 521.1
1318330 521.1
1318340 521.1
1318350 521.1
1318360 521.1
1318370 521.1
1318380 521.1
1318390 521.1
1318400 521.1
1318410 521.1
1318420 521.1
1318430 521.3
1318440 521.3
1318450 521.3
1318460 521.3
1318470 521.3
1318480 521.2
1318490 521.2
1318500 521.0
1318510 520.9
1318520 520.9
1318530 520.8
1318540 520.7
1318550 520.7
1318560 520.7
1318570 520.7
1318580 520.7
1318590 520.6
1318600 520.6
1318610 520.6
1318620 520.7
1318630 520.7
1318640 520.7
1318650 520.8
1318660 520.9
1318670 520.9
1318680 520.9
1318690 521.0
1318700 521.0
1318710 521.1
1318720 521.1
1318730 521.1
1318740 521.1
1318750 521.0
1318760 520.8
1318770 520.8
1318780 520.8
1318790 520.8
1318800 520.8
1318810 520.8
1318820 520.7
1318830 520.7
1318840 520.6
1318850 520.5
1318860 520.5
1318870 520.3
1318880 520.1
1318890 520.1
1318900 519.9
1318910 519.8
1318920 519.8
1318930 519.5
1318940 519.3
1318950 519.3
1318960 518.9
1318970 518.4
1318980 518.4
1318990 517.6
1319000 517.7
1319010 517.7
1319020 517.8
1319030 517.9
1319040 517.9
1319050 517.9
1319060 517.9
1319070 518.0
1319080 518.0
1319090 518.0
1319100 518.2
1319110 518.2
1319120 518.0
1319130 518.0
1319140 518.0
1319150 518.1
1319160 518.2
1319170 518.2
1319180 518.1
1319190 518.0
1319200 518.0
1319210 518.6
1319220 521.4
1319230 521.4
1319240 524.2
1319250 523.2
1319260 523.2
1319270 522.1
1319280 522.5
1319290 522.5
1319300 521.4
1319310 518.7
1319320 518.7
1319330 516.8
1319340 517.3
1319350 517.3
1319360 518.2
1319370 518.4
1319380 518.4
1319390 518.4
1319400 518.3
1319410 518.0
1319420 518.0
1319430 517.2
1319440 517.1
1319450 517.1
1319460 517.5
1319470 517.5
1319480 517.5
1319490 517.5
1319500 518.1
1319510 518.1
1319520 518.5
1319530 518.4
1319540 518.4
1319550 518.2
1319560 518.2
1319570 518.3
1319580 518.4
1319590 518.5
1319600 518.5
1319610 518.6
1319620 518.7
1319630 518.7
1319640 518.8
1319650 518.8
1319660 518.8
1319670 518.9
1319680 518.9
1319690 519.0
1319700 519.0
1319710 519.0
1319720 519.1
1319730 519.1
1319740 519.3
1319750 519.8
1319760 519.8
1319770 520.7
1319780 520.7
1319790 520.7
1319800 520.7
1319810 520.5
1319820 520.5
1319830 520.1
1319840 519.6
1319850 519.6
1319860 519.2
1319870 518.3
1319880 518.3
1319890 517.5
1319900 515.9
1319910 515.9
1319920 515.3
1319930 515.3
1319940 515.3
1319950 515.3
1319960 515.3
1319970 515.3
1319980 515.3
1319990 515.3
