1300000 996.6
1300010 997.3
1300020 997.3
1300030 997.8
1300040 997.8
1300050 997.8
1300060 997.6
1300070 997.4
1300080 997.1
1300090 997.1
1300100 996.9
1300110 996.9
1300120 996.9
1300130 997.1
1300140 997.3
1300150 997.3
1300160 997.1
1300170 996.5
1300180 996.5
1300190 995.1
1300200 993.2
1300210 993.2
1300220 990.9
1300230 988.6
1300240 988.6
1300250 985.9
1300260 984.0
1300270 984.0
1300280 984.0
1300290 983.8
1300300 983.8
1300310 983.5
1300320 982.9
1300330 982.9
1300340 982.7
1300350 982.8
1300360 982.9
1300370 982.7
1300380 982.5
1300390 982.5
1300400 982.5
1300410 982.2
1300420 982.3
1300430 982.3
1300440 981.9
1300450 981.6
1300460 981.6
1300470 981.0
1300480 981.1
1300490 981.1
1300500 981.5
1300510 981.9
1300520 981.9
1300530 982.3
1300540 982.7
1300550 982.7
1300560 982.5
1300570 982.5
1300580 982.5
1300590 982.7
1300600 982.7
1300610 982.7
1300620 982.6
1300630 982.4
1300640 982.4
1300650 982.9
1300660 982.4
1300670 982.4
1300680 982.2
1300690 982.3
1300700 982.8
1300710 982.8
1300720 982.7
1300730 982.8
1300740 982.8
1300750 983.1
1300760 983.1
1300770 983.1
1300780 983.1
1300790 983.1
1300800 983.1
1300810 983.3
1300820 983.5
1300830 983.5
1300840 983.6
1300850 983.9
1300860 983.9
1300870 984.2
1300880 983.2
1300890 983.2
1300900 982.0
1300910 982.9
1300920 982.9
1300930 984.3
1300940 984.2
1300950 984.2
1300960 984.2
1300970 984.2
1300980 984.2
1300990 984.0
1301000 983.4
1301010 983.3
1301020 983.3
1301030 983.3
1301040 983.3
1301050 983.3
1301060 984.3
1301070 984.6
1301080 984.6
1301090 984.7
1301100 984.8
1301110 984.8
1301120 985.2
1301130 985.3
1301140 985.3
1301150 985.2
1301160 985.6
1301170 985.6
1301180 985.6
1301190 985.4
1301200 985.4
1301210 985.3
1301220 985.1
1301230 985.1
1301240 984.9
1301250 984.5
1301260 984.5
1301270 984.3
1301280 983.6
1301290 983.6
1301300 983.0
1301310 982.7
1301320 982.7
1301330 982.5
1301340 982.3
1301350 982.0
1301360 982.0
1301370 981.7
1301380 981.8
1301390 981.8
1301400 982.7
1301410 982.7
1301420 982.7
1301430 981.7
1301440 980.0
1301450 980.0
1301460 979.3
1301470 978.8
1301480 978.8
1301490 978.4
1301500 978.0
1301510 978.0
1301520 977.8
1301530 977.6
1301540 977.6
1301550 977.4
1301560 977.1
1301570 977.1
1301580 976.6
1301590 976.0
1301600 976.0
1301610 975.7
1301620 975.2
1301630 975.2
1301640 974.4
1301650 973.8
1301660 973.1
1301670 973.1
1301680 972.9
1301690 972.1
1301700 972.1
1301710 971.7
1301720 971.3
1301730 971.3
1301740 971.1
1301750 971.1
1301760 970.9
1301770 970.6
1301780 970.2
1301790 970.2
1301800 970.0
1301810 969.5
1301820 969.5
1301830 969.1
1301840 968.8
1301850 968.8
1301860 968.7
1301870 968.5
1301880 968.5
1301890 967.8
1301900 967.0
1301910 967.0
1301920 966.8
1301930 966.7
1301940 966.7
1301950 966.3
1301960 965.7
1301970 965.0
1301980 965.0
1301990 964.4
1302000 963.8
1302010 963.8
1302020 963.2
1302030 962.6
1302040 962.6
1302050 962.1
1302060 961.6
1302070 961.6
1302080 960.9
1302090 960.2
1302100 960.2
1302110 959.7
1302120 959.0
1302130 959.0
1302140 958.4
1302150 957.9
1302160 957.9
1302170 956.8
1302180 956.0
1302190 956.0
1302200 955.5
1302210 955.2
1302220 955.2
1302230 954.7
1302240 954.1
1302250 954.1
1302260 952.2
1302270 951.7
1302280 951.7
1302290 951.7
1302300 951.4
1302310 950.8
1302320 950.8
1302330 950.2
1302340 949.7
1302350 949.7
1302360 949.2
1302370 948.7
1302380 948.7
1302390 948.1
1302400 947.5
1302410 947.5
1302420 946.9
1302430 946.4
1302440 946.4
1302450 946.0
1302460 945.4
1302470 945.4
1302480 945.4
1302490 945.1
1302500 945.1
1302510 944.4
1302520 943.8
1302530 943.8
1302540 943.3
1302550 942.8
1302560 942.8
1302570 942.2
1302580 941.6
1302590 941.1
1302600 941.1
1302610 940.7
1302620 940.2
1302630 940.2
1302640 939.6
1302650 938.8
1302660 938.8
1302670 938.4
1302680 937.8
1302690 937.8
1302700 937.4
1302710 936.8
1302720 936.8
1302730 936.4
1302740 935.9
1302750 935.9
1302760 935.3
1302770 934.8
1302780 934.8
1302790 934.2
1302800 933.6
1302810 933.6
1302820 933.2
1302830 932.8
1302840 932.8
1302850 932.4
1302860 932.0
1302870 932.0
1302880 931.4
1302890 930.9
1302900 930.9
1302910 930.4
1302920 930.3
1302930 929.0
1302940 929.0
1302950 926.8
1302960 926.0
1302970 926.0
1302980 925.9
1302990 925.9
1303000 925.9
1303010 925.9
1303020 925.9
1303030 925.9
1303040 925.9
1303050 925.9
1303060 925.9
1303070 925.9
1303080 925.9
1303090 925.9
1303100 926.0
1303110 926.0
1303120 926.0
1303130 926.0
1303140 926.0
1303150 926.0
1303160 926.0
1303170 926.0
1303180 926.0
1303190 926.0
1303200 926.0
1303210 926.0
1303220 926.0
1303230 926.0
1303240 926.0
1303250 926.0
1303260 926.0
1303270 926.0
1303280 926.0
1303290 926.0
1303300 926.0
1303310 926.0
1303320 926.0
1303330 926.0
1303340 926.0
1303350 926.0
1303360 926.0
1303370 926.0
1303380 926.0
1303390 926.0
1303400 926.0
1303410 926.0
1303420 926.0
1303430 926.0
1303440 926.0
1303450 926.0
1303460 926.0
1303470 926.0
1303480 926.0
1303490 926.0
1303500 926.0
1303510 926.0
1303520 926.0
1303530 926.0
1303540 926.0
1303550 926.0
1303560 926.0
1303570 926.0
1303580 926.0
1303590 926.0
1303600 926.0
1303610 926.0
1303620 926.0
1303630 926.0
1303640 926.0
1303650 926.0
1303660 926.0
1303670 926.0
1303680 926.0
1303690 926.0
1303700 926.0
1303710 926.0
1303720 926.0
1303730 926.0
1303740 926.0
1303750 926.0
1303760 926.0
1303770 926.0
1303780 926.0
1303790 926.0
1303800 926.0
1303810 926.0
1303820 926.0
1303830 926.0
1303840 926.0
1303850 926.0
1303860 926.0
1303870 926.0
1303880 926.0
1303890 926.0
1303900 926.0
1303910 926.0
1303920 926.0
1303930 926.0
1303940 926.0
1303950 926.0
1303960 926.0
1303970 926.0
1303980 926.0
1303990 926.0
1304000 926.0
1304010 926.0
1304020 926.0
1304030 926.0
1304040 926.0
1304050 926.0
1304060 926.0
1304070 926.0
1304080 926.0
1304090 926.0
1304100 926.0
1304110 926.0
1304120 926.0
1304130 926.0
1304140 926.0
1304150 926.0
1304160 926.0
1304170 926.0
1304180 926.0
1304190 926.0
1304200 926.0
1304210 926.0
1304220 926.0
1304230 926.0
1304240 926.0
1304250 926.0
1304260 926.0
1304270 926.0
1304280 926.0
1304290 926.0
1304300 926.0
1304310 926.0
1304320 926.0
1304330 926.0
1304340 926.0
1304350 926.0
1304360 926.0
1304370 926.0
1304380 926.0
1304390 926.0
1304400 926.0
1304410 926.0
1304420 926.0
1304430 926.0
1304440 926.0
1304450 926.0
1304460 926.0
1304470 926.0
1304480 926.0
1304490 926.0
1304500 926.0
1304510 926.0
1304520 926.0
1304530 926.0
1304540 926.0
1304550 926.0
1304560 926.0
1304570 926.0
1304580 926.0
1304590 926.0
1304600 926.0
1304610 926.0
1304620 926.0
1304630 926.0
1304640 926.0
1304650 926.0
1304660 926.0
1304670 926.0
1304680 926.0
1304690 926.0
1304700 926.0
1304710 926.0
1304720 926.0
1304730 926.0
1304740 926.0
1304750 926.0
1304760 926.0
1304770 926.0
1304780 926.0
1304790 926.0
1304800 926.0
1304810 926.0
1304820 926.0
1304830 926.0
1304840 926.0
1304850 926.0
1304860 926.0
1304870 926.0
1304880 926.0
1304890 926.0
1304900 926.0
1304910 926.0
1304920 926.0
1304930 926.0
1304940 926.0
1304950 926.0
1304960 926.0
1304970 926.0
1304980 926.0
1304990 926.0
1305000 926.0
1305010 926.0
1305020 926.0
1305030 926.0
1305040 926.0
1305050 926.0
1305060 926.6
1305070 926.6
1305080 928.6
1305090 930.1
1305100 930.1
1305110 930.7
1305120 931.2
1305130 931.5
1305140 931.5
1305150 932.1
1305160 932.8
1305170 932.8
1305180 933.7
1305190 934.6
1305200 934.6
1305210 935.4
1305220 936.2
1305230 936.2
1305240 936.9
1305250 937.9
1305260 937.9
1305270 939.1
1305280 939.8
1305290 939.8
1305300 941.0
1305310 942.4
1305320 942.4
1305330 943.7
1305340 944.8
1305350 944.8
1305360 945.7
1305370 946.6
1305380 946.6
1305390 948.4
1305400 949.4
1305410 949.4
1305420 950.8
1305430 952.2
1305440 953.1
1305450 953.1
1305460 953.8
1305470 954.0
1305480 954.0
1305490 954.9
1305500 956.0
1305510 956.0
1305520 958.0
1305530 960.2
1305540 960.2
1305550 961.8
1305560 963.6
1305570 963.6
1305580 965.4
1305590 966.3
1305600 966.3
1305610 967.6
1305620 968.7
1305630 968.7
1305640 970.1
1305650 971.9
1305660 971.9
1305670 973.6
1305680 974.5
1305690 974.5
1305700 975.4
1305710 976.5
1305720 976.5
1305730 976.2
1305740 977.2
1305750 978.9
1305760 978.9
1305770 979.6
1305780 980.9
1305790 980.9
1305800 983.1
1305810 985.3
1305820 985.3
1305830 986.3
1305840 987.0
1305850 987.0
1305860 988.0
1305870 989.5
1305880 989.5
1305890 990.6
1305900 990.9
1305910 990.9
1305920 991.2
1305930 991.5
1305940 991.5
1305950 992.3
1305960 993.2
1305970 993.2
1305980 993.5
1305990 994.6
1306000 992.6
1306010 994.9
1306020 997.2
1306030 997.2
1306040 998.9
1306050 1001.2
1306060 1005.4
1306070 1005.4
1306080 1010.5
1306090 1015.7
1306100 1015.7
1306110 1020.2
1306120 1023.6
1306130 1023.6
1306140 1026.0
1306150 1028.0
1306160 1028.0
1306170 1030.5
1306180 1033.8
1306190 1033.8
1306200 1037.5
1306210 1042.2
1306220 1042.2
1306230 1046.8
1306240 1051.9
1306250 1051.9
1306260 1057.3
1306270 1062.5
1306280 1062.5
1306290 1067.6
1306300 1072.9
1306310 1072.9
1306320 1078.1
1306330 1081.7
1306340 1081.7
1306350 1085.1
1306360 1088.9
1306370 1093.6
1306380 1093.6
1306390 1099.2
1306400 1104.7
1306410 1104.7
1306420 1110.8
1306430 1116.9
1306440 1116.9
1306450 1122.6
1306460 1128.8
1306470 1128.8
1306480 1135.0
1306490 1141.1
1306500 1141.1
1306510 1147.0
1306520 1153.1
1306530 1153.1
1306540 1159.9
1306550 1167.5
1306560 1167.5
1306570 1174.8
1306580 1182.3
1306590 1182.3
1306600 1190.4
1306610 1198.7
1306620 1198.7
1306630 1209.9
1306640 1222.1
1306650 1222.1
1306660 1230.9
1306670 1238.8
1306680 1245.3
1306690 1245.3
1306700 1250.4
1306710 1249.7
1306720 1249.7
1306730 1253.9
1306740 1257.9
1306750 1257.9
1306760 1261.9
1306770 1266.3
1306780 1266.3
1306790 1271.0
1306800 1277.4
1306810 1277.4
1306820 1285.8
1306830 1295.3
1306840 1295.3
1306850 1299.1
1306860 1300.7
1306870 1300.7
1306880 1301.7
1306890 1302.2
1306900 1302.2
1306910 1301.8
1306920 1301.3
1306930 1301.3
1306940 1301.5
1306950 1302.0
1306960 1302.0
1306970 1302.8
1306980 1302.0
1306990 1302.0
1307000 1299.9
1307010 1297.3
1307020 1294.6
1307030 1294.6
1307040 1291.3
1307050 1287.5
1307060 1287.5
1307070 1282.4
1307080 1277.8
1307090 1277.8
1307100 1274.9
1307110 1276.9
1307120 1276.9
1307130 1283.2
1307140 1299.0
1307150 1299.0
1307160 1314.1
1307170 1319.4
1307180 1319.4
1307190 1326.1
1307200 1332.0
1307210 1332.0
1307220 1337.9
1307230 1340.5
1307240 1340.5
1307250 1339.9
1307260 1338.1
1307270 1338.1
1307280 1335.1
1307290 1330.5
1307300 1330.5
1307310 1327.3
1307320 1327.5
1307330 1329.0
1307340 1329.0
1307350 1330.8
1307360 1331.5
1307370 1331.5
1307380 1332.0
1307390 1333.1
1307400 1333.1
1307410 1334.6
1307420 1337.1
1307430 1330.6
1307440 1334.0
1307450 1338.4
1307460 1338.4
1307470 1341.9
1307480 1341.6
1307490 1341.6
1307500 1336.4
1307510 1329.8
1307520 1329.8
1307530 1321.3
1307540 1312.9
1307550 1312.9
1307560 1310.0
1307570 1306.4
1307580 1306.4
1307590 1298.6
1307600 1289.2
1307610 1289.2
1307620 1283.1
1307630 1286.9
1307640 1287.7
1307650 1287.7
1307660 1288.8
1307670 1289.8
1307680 1289.8
1307690 1288.6
1307700 1286.6
1307710 1286.6
1307720 1285.8
1307730 1283.6
1307740 1283.6
1307750 1281.7
1307760 1281.0
1307770 1281.0
1307780 1282.1
1307790 1283.8
1307800 1283.8
1307810 1286.5
1307820 1291.6
1307830 1291.6
1307840 1299.1
1307850 1308.4
1307860 1308.4
1307870 1316.6
1307880 1324.0
1307890 1324.0
1307900 1328.6
1307910 1333.6
1307920 1333.6
1307930 1340.4
1307940 1347.2
1307950 1355.0
1307960 1355.0
1307970 1363.7
1307980 1373.1
1307990 1373.1
1308000 1381.3
1308010 1387.5
1308020 1387.5
1308030 1391.8
1308040 1395.1
1308050 1395.1
1308060 1398.4
1308070 1402.0
1308080 1402.0
1308090 1404.8
1308100 1407.8
1308110 1407.8
1308120 1410.8
1308130 1413.3
1308140 1413.3
1308150 1415.4
1308160 1409.5
1308170 1409.5
1308180 1408.3
1308190 1406.9
1308200 1406.9
1308210 1408.2
1308220 1414.0
1308230 1414.0
1308240 1417.5
1308250 1420.6
1308260 1425.2
1308270 1425.2
1308280 1430.3
1308290 1435.0
1308300 1435.0
1308310 1439.5
1308320 1443.8
1308330 1443.8
1308340 1446.4
1308350 1447.8
1308360 1447.8
1308370 1448.9
1308380 1449.6
1308390 1449.6
1308400 1450.9
1308410 1452.6
1308420 1452.6
1308430 1454.5
1308440 1456.9
1308450 1456.9
1308460 1459.6
1308470 1462.5
1308480 1462.5
1308490 1465.9
1308500 1469.0
1308510 1469.0
1308520 1472.0
1308530 1475.4
1308540 1475.4
1308550 1479.9
1308560 1484.1
1308570 1487.1
1308580 1487.1
1308590 1491.2
1308600 1496.6
1308610 1496.6
1308620 1502.3
1308630 1508.1
1308640 1508.1
1308650 1514.5
1308660 1521.3
1308670 1521.3
1308680 1528.2
1308690 1534.9
1308700 1534.9
1308710 1541.7
1308720 1548.6
1308730 1548.6
1308740 1555.7
1308750 1562.8
1308760 1562.8
1308770 1569.9
1308780 1576.7
1308790 1576.7
1308800 1582.1
1308810 1587.3
1308820 1587.3
1308830 1588.8
1308840 1584.0
1308850 1584.0
1308860 1577.5
1308870 1570.9
1308880 1575.2
1308890 1569.0
1308900 1562.1
1308910 1555.3
1308920 1555.3
1308930 1548.7
1308940 1543.6
1308950 1543.6
1308960 1540.5
1308970 1538.3
1308980 1538.3
1308990 1535.8
1309000 1533.1
1309010 1533.1
1309020 1530.7
1309030 1529.3
1309040 1529.3
1309050 1528.1
1309060 1526.8
1309070 1526.8
1309080 1525.7
1309090 1524.8
1309100 1524.8
1309110 1524.0
1309120 1523.4
1309130 1523.4
1309140 1522.6
1309150 1521.8
1309160 1521.8
1309170 1521.4
1309180 1521.3
1309190 1521.3
1309200 1520.6
1309210 1515.7
1309220 1509.0
1309230 1509.0
1309240 1503.0
1309250 1499.0
1309260 1499.0
1309270 1497.9
1309280 1498.1
1309290 1498.1
1309300 1500.5
1309310 1503.5
1309320 1503.5
1309330 1507.2
1309340 1511.5
1309350 1511.5
1309360 1515.8
1309370 1520.6
1309380 1520.6
1309390 1526.4
1309400 1533.1
1309410 1533.1
1309420 1545.8
1309430 1560.7
1309440 1560.7
1309450 1566.8
1309460 1569.2
1309470 1569.2
1309480 1568.7
1309490 1567.0
1309500 1567.0
1309510 1566.4
1309520 1566.1
1309530 1566.8
1309540 1566.8
1309550 1565.7
1309560 1564.0
1309570 1564.0
1309580 1563.2
1309590 1564.7
1309600 1564.7
1309610 1552.7
1309620 1552.6
1309630 1552.6
1309640 1552.7
1309650 1551.0
1309660 1551.0
1309670 1547.9
1309680 1546.2
1309690 1546.2
1309700 1543.8
1309710 1539.8
1309720 1539.8
1309730 1536.6
1309740 1533.9
1309750 1533.9
1309760 1531.9
1309770 1528.2
1309780 1528.2
1309790 1525.7
1309800 1527.6
1309810 1527.6
1309820 1528.6
1309830 1527.8
1309840 1526.2
1309850 1526.2
1309860 1525.6
1309870 1525.6
1309880 1525.6
1309890 1525.5
1309900 1525.2
1309910 1525.2
1309920 1525.1
1309930 1523.4
1309940 1523.4
1309950 1520.3
1309960 1518.8
1309970 1518.8
1309980 1519.2
1309990 1520.1
1310000 1520.1
1310010 1523.7
1310020 1528.9
1310030 1528.9
1310040 1534.9
1310050 1541.8
1310060 1541.8
1310070 1549.0
1310080 1556.0
1310090 1556.0
1310100 1563.9
1310110 1572.1
1310120 1572.1
1310130 1582.7
1310140 1598.1
1310150 1616.6
1310160 1616.6
1310170 1633.3
1310180 1649.8
1310190 1649.8
1310200 1660.2
1310210 1668.1
1310220 1668.1
1310230 1674.0
1310240 1679.9
1310250 1679.9
1310260 1685.3
1310270 1692.5
1310280 1692.5
1310290 1698.9
1310300 1702.5
1310310 1702.5
1310320 1703.7
1310330 1706.3
1310340 1701.6
1310350 1706.1
1310360 1710.9
1310370 1710.9
1310380 1714.6
1310390 1717.6
1310400 1717.6
1310410 1720.6
1310420 1724.3
1310430 1724.3
1310440 1728.2
1310450 1731.4
1310460 1734.1
1310470 1734.1
1310480 1737.7
1310490 1742.1
1310500 1742.1
1310510 1745.7
1310520 1748.3
1310530 1748.3
1310540 1751.6
1310550 1754.9
1310560 1754.9
1310570 1757.2
1310580 1759.2
1310590 1759.2
1310600 1761.6
1310610 1766.4
1310620 1766.4
1310630 1771.1
1310640 1775.5
1310650 1775.5
1310660 1778.7
1310670 1781.0
1310680 1781.0
1310690 1785.4
1310700 1793.6
1310710 1793.6
1310720 1804.0
1310730 1810.4
1310740 1810.4
1310750 1816.6
1310760 1821.7
1310770 1821.7
1310780 1827.1
1310790 1835.4
1310800 1820.9
1310810 1820.9
1310820 1803.5
1310830 1776.4
1310840 1776.4
1310850 1747.8
1310860 1736.4
1310870 1736.4
1310880 1736.5
1310890 1732.4
1310900 1732.4
1310910 1722.0
1310920 1709.5
1310930 1709.5
1310940 1699.8
1310950 1698.2
1310960 1698.2
1310970 1681.7
1310980 1666.7
1310990 1666.7
1311000 1656.0
1311010 1634.8
1311020 1634.8
1311030 1625.9
1311040 1620.5
1311050 1620.5
1311060 1615.9
1311070 1613.2
1311080 1608.6
1311090 1605.5
1311100 1601.9
1311110 1598.9
1311120 1598.9
1311130 1597.1
1311140 1593.8
1311150 1593.8
1311160 1592.4
1311170 1590.9
1311180 1590.9
1311190 1587.9
1311200 1584.3
1311210 1584.3
1311220 1579.8
1311230 1575.4
1311240 1575.4
1311250 1572.3
1311260 1568.0
1311270 1568.0
1311280 1563.3
1311290 1560.9
1311300 1560.9
1311310 1554.8
1311320 1550.4
1311330 1550.4
1311340 1550.5
1311350 1549.5
1311360 1549.5
1311370 1549.4
1311380 1551.3
1311390 1551.3
1311400 1552.7
1311410 1552.8
1311420 1548.7
1311430 1548.7
1311440 1536.6
1311450 1531.9
1311460 1531.9
1311470 1530.4
1311480 1529.2
1311490 1529.2
1311500 1529.2
1311510 1529.1
1311520 1529.1
1311530 1526.4
1311540 1523.3
1311550 1523.3
1311560 1520.9
1311570 1519.5
1311580 1519.5
1311590 1520.5
1311600 1521.6
1311610 1521.6
1311620 1521.4
1311630 1518.4
1311640 1518.4
1311650 1514.1
1311660 1503.1
1311670 1503.1
1311680 1488.1
1311690 1477.6
1311700 1477.6
1311710 1470.4
1311720 1467.6
1311730 1466.6
1311740 1466.6
1311750 1464.6
1311760 1461.6
1311770 1461.6
1311780 1459.6
1311790 1458.3
1311800 1458.3
1311810 1457.3
1311820 1451.9
1311830 1451.9
1311840 1450.3
1311850 1449.0
1311860 1449.0
1311870 1447.9
1311880 1447.2
1311890 1447.2
1311900 1446.5
1311910 1446.2
1311920 1446.2
1311930 1446.3
1311940 1447.2
1311950 1447.2
1311960 1450.8
1311970 1455.6
1311980 1455.6
1311990 1460.2
1312000 1466.3
1312010 1466.3
1312020 1472.1
1312030 1473.9
1312040 1471.5
1312050 1471.5
1312060 1468.8
1312070 1466.4
1312080 1466.4
1312090 1464.3
1312100 1462.6
1312110 1462.6
1312120 1461.0
1312130 1460.7
1312140 1460.7
1312150 1459.7
1312160 1457.8
1312170 1457.8
1312180 1457.6
1312190 1458.2
1312200 1458.2
1312210 1458.2
1312220 1458.3
1312230 1458.3
1312240 1458.8
1312250 1459.3
1312260 1459.3
1312270 1459.3
1312280 1456.6
1312290 1456.6
1312300 1451.6
1312310 1447.3
1312320 1447.3
1312330 1445.4
1312340 1447.1
1312350 1449.3
1312360 1449.3
1312370 1452.0
1312380 1455.8
1312390 1455.8
1312400 1459.8
1312410 1463.2
1312420 1463.2
1312430 1466.4
1312440 1468.8
1312450 1468.8
1312460 1471.6
1312470 1475.2
1312480 1475.2
1312490 1479.2
1312500 1483.5
1312510 1483.5
1312520 1488.2
1312530 1492.0
1312540 1492.0
1312550 1495.0
1312560 1490.9
1312570 1490.9
1312580 1493.0
1312590 1494.4
1312600 1494.4
1312610 1496.4
1312620 1497.9
1312630 1497.9
1312640 1499.1
1312650 1501.5
1312660 1503.0
1312670 1503.0
1312680 1504.1
1312690 1504.5
1312700 1504.5
1312710 1501.5
1312720 1497.2
1312730 1497.2
1312740 1494.2
1312750 1491.6
1312760 1491.6
1312770 1488.2
1312780 1484.4
1312790 1484.4
1312800 1482.3
1312810 1482.5
1312820 1482.5
1312830 1481.8
1312840 1482.3
1312850 1482.3
1312860 1483.4
1312870 1485.0
1312880 1485.0
1312890 1485.8
1312900 1485.9
1312910 1485.9
1312920 1486.3
1312930 1488.4
1312940 1488.4
1312950 1492.3
1312960 1496.4
1312970 1496.4
1312980 1500.3
1312990 1502.5
1313000 1502.1
1313010 1502.1
1313020 1501.7
1313030 1504.8
1313040 1504.8
1313050 1509.7
1313060 1514.2
1313070 1514.2
1313080 1517.5
1313090 1521.4
1313100 1521.4
1313110 1529.6
1313120 1538.3
1313130 1538.3
1313140 1547.4
1313150 1555.7
1313160 1555.7
1313170 1571.3
1313180 1586.4
1313190 1586.4
1313200 1595.1
1313210 1602.6
1313220 1602.6
1313230 1603.5
1313240 1601.5
1313250 1601.5
1313260 1597.1
1313270 1592.1
1313280 1592.1
1313290 1590.3
1313300 1582.7
1313310 1583.6
1313320 1583.6
1313330 1586.6
1313340 1587.6
1313350 1587.6
1313360 1587.3
1313370 1586.2
1313380 1586.2
1313390 1584.9
1313400 1583.6
1313410 1583.6
1313420 1583.1
1313430 1580.0
1313440 1580.0
1313450 1578.4
1313460 1575.9
1313470 1575.9
1313480 1572.4
1313490 1569.9
1313500 1569.9
1313510 1569.5
1313520 1570.1
1313530 1570.1
1313540 1570.0
1313550 1568.6
1313560 1568.6
1313570 1567.2
1313580 1565.0
1313590 1565.0
1313600 1560.5
1313610 1555.0
1313620 1551.9
1313630 1551.9
1313640 1552.4
1313650 1553.4
1313660 1553.4
1313670 1554.5
1313680 1558.1
1313690 1558.1
1313700 1561.1
1313710 1563.3
1313720 1563.3
1313730 1562.6
1313740 1563.3
1313750 1563.3
1313760 1565.7
1313770 1566.1
1313780 1566.1
1313790 1566.4
1313800 1569.4
1313810 1569.4
1313820 1574.1
1313830 1579.2
1313840 1579.2
1313850 1583.8
1313860 1587.2
1313870 1587.2
1313880 1588.3
1313890 1588.4
1313900 1588.4
1313910 1588.5
1313920 1588.9
1313930 1590.2
1313940 1590.2
1313950 1588.7
1313960 1587.6
1313970 1587.6
1313980 1587.0
1313990 1585.1
1314000 1585.1
1314010 1584.2
1314020 1583.5
1314030 1583.5
1314040 1583.0
1314050 1575.3
1314060 1575.3
1314070 1574.5
1314080 1573.0
1314090 1573.0
1314100 1570.1
1314110 1566.3
1314120 1566.3
1314130 1562.2
1314140 1562.3
1314150 1562.3
1314160 1564.5
1314170 1565.9
1314180 1565.9
1314190 1568.7
1314200 1572.4
1314210 1572.4
1314220 1576.1
1314230 1580.5
1314240 1585.2
1314250 1585.2
1314260 1589.7
1314270 1593.0
1314280 1593.0
1314290 1594.7
1314300 1595.2
1314310 1595.2
1314320 1594.8
1314330 1593.1
1314340 1593.1
1314350 1590.5
1314360 1586.8
1314370 1586.8
1314380 1583.3
1314390 1581.7
1314400 1581.7
1314410 1581.7
1314420 1582.8
1314430 1582.8
1314440 1585.6
1314450 1588.4
1314460 1588.4
1314470 1586.3
1314480 1581.3
1314490 1581.3
1314500 1578.4
1314510 1578.4
1314520 1578.4
1314530 1579.3
1314540 1579.5
1314550 1577.1
1314560 1577.1
1314570 1570.8
1314580 1560.7
1314590 1560.7
1314600 1549.8
1314610 1534.3
1314620 1534.3
1314630 1525.6
1314640 1519.7
1314650 1519.7
1314660 1513.7
1314670 1504.2
1314680 1504.2
1314690 1494.8
1314700 1483.6
1314710 1483.6
1314720 1470.7
1314730 1469.0
1314740 1469.0
1314750 1462.6
1314760 1451.0
1314770 1451.0
1314780 1441.6
1314790 1435.6
1314800 1426.9
1314810 1422.6
1314820 1419.8
1314830 1419.8
1314840 1412.6
1314850 1404.7
1314860 1405.1
1314870 1405.1
1314880 1414.1
1314890 1419.2
1314900 1419.2
1314910 1418.3
1314920 1418.1
1314930 1418.1
1314940 1422.4
1314950 1426.1
1314960 1426.1
1314970 1429.6
1314980 1437.3
1314990 1437.3
1315000 1442.3
1315010 1447.2
1315020 1447.2
1315030 1453.9
1315040 1460.1
1315050 1460.1
1315060 1465.5
1315070 1468.1
1315080 1468.1
1315090 1472.6
1315100 1479.0
1315110 1479.0
1315120 1483.0
1315130 1484.7
1315140 1484.7
1315150 1487.7
1315160 1495.6
1315170 1510.8
1315180 1510.8
1315190 1525.8
1315200 1541.2
1315210 1541.2
1315220 1543.0
1315230 1540.0
1315240 1540.0
1315250 1538.5
1315260 1537.9
1315270 1537.9
1315280 1535.5
1315290 1532.0
1315300 1532.0
1315310 1528.4
1315320 1525.5
1315330 1525.5
1315340 1522.7
1315350 1519.2
1315360 1519.2
1315370 1514.7
1315380 1509.1
1315390 1509.1
1315400 1501.4
1315410 1490.3
1315420 1490.3
1315430 1471.5
1315440 1447.0
1315450 1447.0
1315460 1404.1
1315470 1390.9
1315480 1390.9
1315490 1384.7
1315500 1379.7
1315510 1376.8
1315520 1376.8
1315530 1374.2
1315540 1370.5
1315550 1370.5
1315560 1366.0
1315570 1360.7
1315580 1360.7
1315590 1357.4
1315600 1353.4
1315610 1353.4
1315620 1351.2
1315630 1350.2
1315640 1350.2
1315650 1350.9
1315660 1353.1
1315670 1353.1
1315680 1353.0
1315690 1353.2
1315700 1353.2
1315710 1353.0
1315720 1353.0
1315730 1353.0
1315740 1353.8
1315750 1354.3
1315760 1354.3
1315770 1354.1
1315780 1352.9
1315790 1352.9
1315800 1351.8
1315810 1349.8
1315820 1342.5
1315830 1342.5
1315840 1329.1
1315850 1321.7
1315860 1321.7
1315870 1313.7
1315880 1308.5
1315890 1308.5
1315900 1303.9
1315910 1299.4
1315920 1299.4
1315930 1294.7
1315940 1291.1
1315950 1291.1
1315960 1287.4
1315970 1286.0
1315980 1286.0
1315990 1287.6
1316000 1290.0
1316010 1290.0
1316020 1290.7
1316030 1290.8
1316040 1290.8
1316050 1290.5
1316060 1291.3
1316070 1291.3
1316080 1296.0
1316090 1306.0
1316100 1306.0
1316110 1316.4
1316120 1321.4
1316130 1327.2
1316140 1327.2
1316150 1329.6
1316160 1329.2
1316170 1329.2
1316180 1328.4
1316190 1327.0
1316200 1327.0
1316210 1325.7
1316220 1325.1
1316230 1325.1
1316240 1326.1
1316250 1327.5
1316260 1327.5
1316270 1327.4
1316280 1327.3
1316290 1327.3
1316300 1327.8
1316310 1324.8
1316320 1324.8
1316330 1324.9
1316340 1323.6
1316350 1323.6
1316360 1320.7
1316370 1316.4
1316380 1316.4
1316390 1306.1
1316400 1292.4
1316410 1292.4
1316420 1283.9
1316430 1278.1
1316440 1272.6
1316450 1272.6
1316460 1273.3
1316470 1288.2
1316480 1288.2
1316490 1282.0
1316500 1271.4
1316510 1271.4
1316520 1268.4
1316530 1269.7
1316540 1269.7
1316550 1271.3
1316560 1270.2
1316570 1270.2
1316580 1267.5
1316590 1264.4
1316600 1264.4
1316610 1261.9
1316620 1259.1
1316630 1259.1
1316640 1256.2
1316650 1251.9
1316660 1251.9
1316670 1246.3
1316680 1240.4
1316690 1240.4
1316700 1235.7
1316710 1231.4
1316720 1231.4
1316730 1226.4
1316740 1221.9
1316750 1217.3
1316760 1217.3
1316770 1212.9
1316780 1207.8
1316790 1207.8
1316800 1202.7
1316810 1197.9
1316820 1197.9
1316830 1193.3
1316840 1188.0
1316850 1188.0
1316860 1182.8
1316870 1177.9
1316880 1177.9
1316890 1172.3
1316900 1165.7
1316910 1165.7
1316920 1159.5
1316930 1154.4
1316940 1154.4
1316950 1149.6
1316960 1145.8
1316970 1145.8
1316980 1142.1
1316990 1138.0
1317000 1138.0
1317010 1133.6
1317020 1125.5
1317030 1125.5
1317040 1112.1
1317050 1104.1
1317060 1101.1
1317070 1091.5
1317080 1088.9
1317090 1086.0
1317100 1086.0
1317110 1083.4
1317120 1083.7
1317130 1083.7
1317140 1085.1
1317150 1087.8
1317160 1087.8
1317170 1092.3
1317180 1094.1
1317190 1094.1
1317200 1092.5
1317210 1089.5
1317220 1089.5
1317230 1084.7
1317240 1078.5
1317250 1078.5
1317260 1072.9
1317270 1067.2
1317280 1067.2
1317290 1060.6
1317300 1053.4
1317310 1053.4
1317320 1047.6
1317330 1042.3
1317340 1042.3
1317350 1034.3
1317360 1026.8
1317370 1021.2
1317380 1021.2
1317390 1014.6
1317400 1008.8
1317410 1008.8
1317420 1004.9
1317430 998.8
1317440 998.8
1317450 991.1
1317460 984.4
1317470 984.4
1317480 979.2
1317490 971.5
1317500 971.5
1317510 961.9
1317520 949.8
1317530 949.8
1317540 937.7
1317550 928.4
1317560 928.4
1317570 921.6
1317580 921.6
1317590 921.6
1317600 920.8
1317610 919.6
1317620 919.6
1317630 919.6
1317640 916.0
1317650 916.0
1317660 909.2
1317670 899.5
1317680 888.4
1317690 888.4
1317700 878.9
1317710 870.6
1317720 870.6
1317730 863.0
1317740 861.9
1317750 861.9
1317760 860.4
1317770 854.0
1317780 854.0
1317790 846.5
1317800 839.0
1317810 839.0
1317820 831.0
1317830 822.2
1317840 817.6
1317850 806.5
1317860 796.4
1317870 796.4
1317880 787.6
1317890 777.9
1317900 777.9
1317910 772.0
1317920 766.5
1317930 766.5
1317940 762.1
1317950 757.2
1317960 757.2
1317970 751.4
1317980 746.6
1317990 746.6
1318000 742.5
1318010 738.1
1318020 732.0
1318030 732.0
1318040 725.4
1318050 719.0
1318060 719.0
1318070 711.8
1318080 705.2
1318090 705.2
1318100 700.5
1318110 696.6
1318120 696.6
1318130 691.9
1318140 685.6
1318150 685.6
1318160 678.6
1318170 672.2
1318180 672.2
1318190 666.3
1318200 660.6
1318210 660.6
1318220 655.0
1318230 649.3
1318240 649.3
1318250 644.0
1318260 640.8
1318270 640.8
1318280 639.1
1318290 635.8
1318300 635.8
1318310 630.9
1318320 625.4
1318330 620.5
1318340 620.5
1318350 615.3
1318360 608.4
1318370 608.4
1318380 599.6
1318390 587.4
1318400 587.4
1318410 575.5
1318420 565.1
1318430 565.1
1318440 558.6
1318450 553.6
1318460 553.6
1318470 552.1
1318480 550.8
1318490 550.8
1318500 549.6
1318510 549.3
1318520 549.3
1318530 549.5
1318540 549.7
1318550 549.7
1318560 550.1
1318570 550.7
1318580 550.7
1318590 551.1
1318600 551.5
1318610 551.3
1318620 551.0
1318630 550.6
1318640 550.5
1318650 550.5
1318660 550.1
1318670 550.5
1318680 550.5
1318690 551.0
1318700 551.1
1318710 551.1
1318720 550.9
1318730 550.8
1318740 550.8
1318750 550.6
1318760 550.4
1318770 550.4
1318780 550.7
1318790 550.8
1318800 550.8
1318810 550.9
1318820 550.6
1318830 550.6
1318840 551.0
1318850 551.1
1318860 551.1
1318870 551.0
1318880 550.0
1318890 550.0
1318900 549.6
1318910 549.8
1318920 549.8
1318930 549.6
1318940 548.5
1318950 548.2
1318960 548.2
1318970 548.9
1318980 548.3
1318990 548.3
1319000 546.5
1319010 548.9
1319020 548.9
1319030 548.9
1319040 548.3
1319050 548.3
1319060 548.0
1319070 549.3
1319080 549.3
1319090 549.6
1319100 550.1
1319110 550.1
1319120 550.2
1319130 550.2
1319140 550.2
1319150 550.2
1319160 549.9
1319170 549.9
1319180 549.5
1319190 549.0
1319200 549.0
1319210 549.1
1319220 549.6
1319230 549.6
1319240 549.9
1319250 550.0
1319260 549.5
1319270 549.5
1319280 549.8
1319290 550.2
1319300 550.2
1319310 549.4
1319320 546.3
1319330 546.3
1319340 543.6
1319350 543.3
1319360 543.3
1319370 543.1
1319380 540.1
1319390 540.1
1319400 538.6
1319410 538.5
1319420 538.5
1319430 537.4
1319440 537.1
1319450 537.1
1319460 537.1
1319470 536.7
1319480 536.7
1319490 536.5
1319500 536.3
1319510 536.3
1319520 535.8
1319530 535.4
1319540 535.4
1319550 534.8
1319560 534.3
1319570 533.8
1319580 533.8
1319590 533.2
1319600 533.1
1319610 533.1
1319620 533.4
1319630 533.0
1319640 533.0
1319650 532.2
1319660 531.2
1319670 531.2
1319680 530.4
1319690 529.8
1319700 529.8
1319710 528.9
1319720 528.1
1319730 528.1
1319740 527.3
1319750 527.7
1319760 527.7
1319770 528.0
1319780 526.7
1319790 526.7
1319800 526.1
1319810 525.8
1319820 525.8
1319830 525.4
1319840 525.6
1319850 525.6
1319860 525.2
1319870 524.5
1319880 524.4
1319890 524.4
1319900 525.8
1319910 527.5
1319920 527.5
1319930 527.8
1319940 525.9
1319950 525.9
1319960 524.8
1319970 526.9
1319980 526.9
1319990 528.6
