1300000 978.1
1300010 977.9
1300020 977.7
1300030 977.5
1300040 977.5
1300050 977.2
1300060 977.1
1300070 977.1
1300080 977.0
1300090 976.9
1300100 976.9
1300110 976.9
1300120 976.8
1300130 976.8
1300140 976.8
1300150 976.9
1300160 976.9
1300170 977.0
1300180 976.9
1300190 976.9
1300200 976.8
1300210 976.7
1300220 976.7
1300230 976.7
1300240 976.7
1300250 976.7
1300260 976.7
1300270 976.8
1300280 976.8
1300290 977.0
1300300 977.1
1300310 977.1
1300320 976.9
1300330 976.7
1300340 976.7
1300350 976.6
1300360 976.5
1300370 976.4
1300380 976.4
1300390 976.1
1300400 975.8
1300410 975.8
1300420 975.7
1300430 975.7
1300440 975.7
1300450 975.5
1300460 975.4
1300470 975.4
1300480 975.3
1300490 975.3
1300500 975.3
1300510 975.1
1300520 974.7
1300530 974.7
1300540 974.4
1300550 974.4
1300560 974.4
1300570 974.3
1300580 974.1
1300590 974.1
1300600 973.9
1300610 973.7
1300620 973.7
1300630 973.6
1300640 973.4
1300650 973.4
1300660 973.5
1300670 973.6
1300680 973.7
1300690 973.7
1300700 973.7
1300710 973.8
1300720 973.8
1300730 973.7
1300740 973.5
1300750 974.2
1300760 974.2
1300770 974.6
1300780 974.6
1300790 975.4
1300800 975.0
1300810 975.0
1300820 974.3
1300830 974.3
1300840 974.3
1300850 974.5
1300860 974.6
1300870 974.6
1300880 974.9
1300890 975.8
1300900 975.8
1300910 976.2
1300920 976.0
1300930 976.0
1300940 976.3
1300950 977.1
1300960 977.1
1300970 977.0
1300980 975.5
1300990 975.7
1301000 975.7
1301010 975.1
1301020 973.5
1301030 973.5
1301040 973.2
1301050 973.2
1301060 973.2
1301070 973.1
1301080 972.9
1301090 972.9
1301100 973.0
1301110 973.1
1301120 973.1
1301130 973.2
1301140 973.1
1301150 973.1
1301160 973.1
1301170 973.3
1301180 973.3
1301190 973.1
1301200 972.7
1301210 972.7
1301220 972.7
1301230 972.6
1301240 972.6
1301250 972.6
1301260 972.3
1301270 972.3
1301280 972.3
1301290 972.5
1301300 972.5
1301310 972.5
1301320 972.4
1301330 972.4
1301340 972.4
1301350 972.2
1301360 972.3
1301370 972.3
1301380 972.3
1301390 972.3
1301400 972.3
1301410 972.0
1301420 971.2
1301430 971.2
1301440 971.5
1301450 971.2
1301460 971.2
1301470 971.0
1301480 970.8
1301490 970.8
1301500 970.3
1301510 969.1
1301520 969.1
1301530 969.1
1301540 969.1
1301550 969.1
1301560 968.9
1301570 968.3
1301580 968.3
1301590 967.8
1301600 967.3
1301610 966.8
1301620 966.8
1301630 966.3
1301640 965.8
1301650 965.8
1301660 965.3
1301670 965.2
1301680 965.2
1301690 965.0
1301700 964.3
1301710 964.3
1301720 963.9
1301730 963.7
1301740 963.7
1301750 963.4
1301760 962.9
1301770 962.9
1301780 962.6
1301790 962.3
1301800 962.3
1301810 962.1
1301820 962.0
1301830 962.0
1301840 961.6
1301850 960.8
1301860 960.8
1301870 960.2
1301880 959.6
1301890 959.6
1301900 959.1
1301910 958.7
1301920 958.2
1301930 958.2
1301940 957.7
1301950 957.4
1301960 957.4
1301970 958.5
1301980 958.6
1301990 958.6
1302000 956.1
1302010 954.7
1302020 954.7
1302030 954.9
1302040 954.9
1302050 954.9
1302060 954.5
1302070 954.1
1302080 954.1
1302090 954.0
1302100 953.9
1302110 953.9
1302120 953.6
1302130 952.9
1302140 953.3
1302150 952.9
1302160 952.3
1302170 952.3
1302180 951.8
1302190 951.4
1302200 951.4
1302210 951.1
1302220 951.1
1302230 951.1
1302240 951.1
1302250 950.6
1302260 949.5
1302270 949.5
1302280 948.7
1302290 948.2
1302300 948.2
1302310 947.8
1302320 947.4
1302330 947.4
1302340 946.9
1302350 946.4
1302360 946.4
1302370 945.9
1302380 945.5
1302390 945.5
1302400 945.1
1302410 944.7
1302420 944.7
1302430 944.2
1302440 943.8
1302450 943.8
1302460 943.5
1302470 943.0
1302480 943.0
1302490 942.5
1302500 942.0
1302510 942.0
1302520 941.5
1302530 940.9
1302540 940.9
1302550 940.3
1302560 940.0
1302570 939.5
1302580 939.5
1302590 938.9
1302600 938.5
1302610 938.5
1302620 938.1
1302630 937.6
1302640 937.6
1302650 937.2
1302660 936.8
1302670 936.8
1302680 936.3
1302690 935.8
1302700 935.8
1302710 935.3
1302720 934.9
1302730 934.9
1302740 934.4
1302750 933.8
1302760 933.8
1302770 933.4
1302780 932.9
1302790 932.9
1302800 932.2
1302810 930.9
1302820 930.9
1302830 930.3
1302840 930.3
1302850 930.3
1302860 930.2
1302870 929.8
1302880 927.9
1302890 927.9
1302900 926.2
1302910 926.0
1302920 926.0
1302930 926.0
1302940 926.0
1302950 926.0
1302960 926.0
1302970 926.0
1302980 926.0
1302990 926.0
1303000 926.0
1303010 926.0
1303020 926.0
1303030 926.0
1303040 926.0
1303050 926.0
1303060 926.0
1303070 926.0
1303080 926.0
1303090 926.0
1303100 926.0
1303110 926.0
1303120 926.0
1303130 926.0
1303140 926.0
1303150 926.0
1303160 926.0
1303170 926.0
1303180 926.0
1303190 926.0
1303200 926.0
1303210 926.0
1303220 926.0
1303230 926.0
1303240 926.0
1303250 926.0
1303260 926.0
1303270 926.0
1303280 926.0
1303290 926.0
1303300 926.0
1303310 926.0
1303320 926.0
1303330 926.0
1303340 926.0
1303350 926.0
1303360 926.0
1303370 926.0
1303380 926.0
1303390 926.0
1303400 926.0
1303410 926.0
1303420 926.0
1303430 926.0
1303440 926.0
1303450 926.0
1303460 926.0
1303470 926.0
1303480 926.0
1303490 926.0
1303500 926.0
1303510 926.0
1303520 926.0
1303530 926.0
1303540 926.0
1303550 926.0
1303560 926.0
1303570 926.0
1303580 926.0
1303590 926.0
1303600 926.0
1303610 926.0
1303620 926.0
1303630 926.0
1303640 926.0
1303650 926.0
1303660 926.0
1303670 926.0
1303680 926.0
1303690 926.0
1303700 926.0
1303710 926.0
1303720 926.0
1303730 926.0
1303740 926.0
1303750 926.0
1303760 926.0
1303770 926.0
1303780 926.0
1303790 926.0
1303800 926.0
1303810 926.0
1303820 926.0
1303830 926.0
1303840 926.0
1303850 926.0
1303860 926.0
1303870 926.0
1303880 926.0
1303890 926.0
1303900 926.0
1303910 926.0
1303920 926.0
1303930 926.0
1303940 926.0
1303950 926.0
1303960 926.0
1303970 926.0
1303980 926.0
1303990 926.0
1304000 926.0
1304010 926.0
1304020 926.0
1304030 926.0
1304040 926.0
1304050 926.0
1304060 926.0
1304070 926.0
1304080 926.0
1304090 926.0
1304100 926.0
1304110 926.0
1304120 926.0
1304130 926.0
1304140 926.0
1304150 926.0
1304160 926.0
1304170 926.0
1304180 926.0
1304190 926.0
1304200 926.0
1304210 926.0
1304220 926.0
1304230 926.0
1304240 926.0
1304250 926.0
1304260 926.0
1304270 926.0
1304280 926.0
1304290 926.0
1304300 926.0
1304310 926.0
1304320 926.0
1304330 926.0
1304340 926.0
1304350 926.0
1304360 926.0
1304370 926.0
1304380 926.0
1304390 926.0
1304400 926.0
1304410 926.0
1304420 926.0
1304430 926.0
1304440 926.0
1304450 926.0
1304460 926.0
1304470 926.0
1304480 926.0
1304490 926.0
1304500 926.0
1304510 926.0
1304520 926.0
1304530 926.0
1304540 926.0
1304550 926.0
1304560 926.0
1304570 926.0
1304580 926.0
1304590 926.0
1304600 926.0
1304610 926.0
1304620 926.0
1304630 926.0
1304640 926.0
1304650 926.0
1304660 926.0
1304670 926.0
1304680 926.0
1304690 926.0
1304700 926.0
1304710 926.0
1304720 926.0
1304730 926.0
1304740 926.0
1304750 926.0
1304760 926.0
1304770 926.0
1304780 926.0
1304790 926.0
1304800 926.0
1304810 926.0
1304820 926.0
1304830 926.0
1304840 926.0
1304850 926.0
1304860 926.0
1304870 926.0
1304880 926.0
1304890 926.0
1304900 926.0
1304910 926.0
1304920 926.1
1304930 926.1
1304940 926.5
1304950 927.0
1304960 927.0
1304970 926.4
1304980 927.2
1304990 927.2
1305000 928.8
1305010 930.5
1305020 930.5
1305030 932.2
1305040 934.4
1305050 934.4
1305060 936.9
1305070 939.3
1305080 941.9
1305090 941.9
1305100 944.5
1305110 946.9
1305120 946.9
1305130 949.3
1305140 952.3
1305150 952.3
1305160 954.1
1305170 954.6
1305180 954.6
1305190 957.8
1305200 959.7
1305210 959.7
1305220 960.7
1305230 964.7
1305240 964.7
1305250 968.6
1305260 969.6
1305270 969.6
1305280 971.2
1305290 972.8
1305300 972.8
1305310 975.0
1305320 976.9
1305330 976.9
1305340 978.1
1305350 979.6
1305360 979.6
1305370 981.5
1305380 983.5
1305390 983.5
1305400 985.0
1305410 986.0
1305420 987.0
1305430 987.0
1305440 988.2
1305450 989.2
1305460 989.2
1305470 990.2
1305480 990.7
1305490 990.7
1305500 991.4
1305510 993.2
1305520 993.2
1305530 995.3
1305540 997.1
1305550 997.1
1305560 997.5
1305570 998.0
1305580 998.0
1305590 998.0
1305600 999.4
1305610 999.4
1305620 1000.7
1305630 1001.4
1305640 1001.4
1305650 1001.8
1305660 1002.1
1305670 1002.1
1305680 998.8
1305690 999.0
1305700 999.0
1305710 999.4
1305720 999.6
1305730 1000.1
1305740 1000.1
1305750 1001.3
1305760 1003.1
1305770 1003.1
1305780 1005.2
1305790 1006.8
1305800 1006.8
1305810 1007.9
1305820 1009.1
1305830 1009.1
1305840 1010.6
1305850 1012.9
1305860 1012.9
1305870 1014.9
1305880 1016.6
1305890 1016.6
1305900 1018.8
1305910 1020.5
1305920 1020.5
1305930 1022.2
1305940 1024.8
1305950 1024.8
1305960 1028.5
1305970 1030.8
1305980 1030.8
1305990 1032.7
1306000 1034.5
1306010 1034.5
1306020 1036.5
1306030 1038.4
1306040 1040.6
1306050 1040.6
1306060 1043.1
1306070 1046.4
1306080 1046.4
1306090 1050.0
1306100 1053.5
1306110 1053.5
1306120 1056.7
1306130 1059.7
1306140 1059.7
1306150 1062.6
1306160 1065.0
1306170 1065.0
1306180 1067.6
1306190 1069.8
1306200 1069.8
1306210 1073.9
1306220 1078.2
1306230 1078.2
1306240 1082.5
1306250 1086.8
1306260 1086.8
1306270 1091.5
1306280 1096.4
1306290 1096.4
1306300 1100.8
1306310 1104.4
1306320 1104.4
1306330 1107.7
1306340 1110.9
1306350 1114.4
1306360 1114.4
1306370 1118.2
1306380 1122.6
1306390 1120.2
1306400 1123.8
1306410 1127.2
1306420 1127.2
1306430 1130.6
1306440 1134.8
1306450 1134.8
1306460 1140.0
1306470 1145.5
1306480 1145.5
1306490 1151.4
1306500 1156.5
1306510 1156.5
1306520 1161.5
1306530 1167.2
1306540 1167.2
1306550 1173.1
1306560 1179.2
1306570 1179.2
1306580 1187.4
1306590 1196.6
1306600 1196.6
1306610 1208.0
1306620 1216.6
1306630 1216.6
1306640 1222.3
1306650 1227.4
1306660 1232.4
1306670 1232.4
1306680 1237.3
1306690 1243.4
1306700 1243.4
1306710 1250.4
1306720 1257.5
1306730 1257.5
1306740 1265.1
1306750 1272.7
1306760 1272.7
1306770 1279.9
1306780 1287.2
1306790 1287.2
1306800 1295.0
1306810 1302.6
1306820 1302.6
1306830 1310.1
1306840 1317.5
1306850 1317.5
1306860 1324.8
1306870 1331.8
1306880 1331.8
1306890 1339.1
1306900 1347.5
1306910 1347.5
1306920 1355.4
1306930 1362.6
1306940 1362.6
1306950 1371.3
1306960 1382.0
1306970 1390.6
1306980 1390.6
1306990 1396.0
1307000 1400.2
1307010 1400.2
1307020 1404.0
1307030 1407.6
1307040 1407.6
1307050 1409.6
1307060 1408.8
1307070 1408.8
1307080 1405.0
1307090 1403.9
1307100 1403.9
1307110 1396.9
1307120 1401.3
1307130 1401.3
1307140 1405.7
1307150 1407.9
1307160 1407.9
1307170 1410.8
1307180 1415.3
1307190 1415.3
1307200 1420.0
1307210 1424.3
1307220 1424.3
1307230 1425.9
1307240 1426.4
1307250 1426.4
1307260 1426.6
1307270 1427.2
1307280 1427.2
1307290 1427.9
1307300 1428.5
1307310 1429.5
1307320 1429.5
1307330 1430.7
1307340 1431.5
1307350 1431.5
1307360 1431.5
1307370 1431.4
1307380 1431.4
1307390 1430.8
1307400 1430.1
1307410 1430.1
1307420 1429.7
1307430 1428.9
1307440 1428.9
1307450 1428.1
1307460 1426.8
1307470 1426.8
1307480 1425.1
1307490 1423.7
1307500 1423.7
1307510 1422.6
1307520 1421.4
1307530 1421.4
1307540 1418.1
1307550 1413.5
1307560 1413.5
1307570 1409.1
1307580 1406.9
1307590 1406.9
1307600 1405.1
1307610 1408.5
1307620 1411.3
1307630 1411.3
1307640 1413.2
1307650 1418.2
1307660 1418.2
1307670 1422.5
1307680 1422.3
1307690 1422.3
1307700 1423.8
1307710 1424.0
1307720 1424.0
1307730 1423.3
1307740 1420.0
1307750 1420.0
1307760 1411.8
1307770 1404.4
1307780 1404.4
1307790 1399.3
1307800 1399.6
1307810 1399.6
1307820 1398.7
1307830 1391.3
1307840 1391.3
1307850 1397.4
1307860 1407.1
1307870 1407.1
1307880 1417.2
1307890 1424.2
1307900 1424.2
1307910 1424.1
1307920 1427.4
1307930 1434.0
1307940 1434.0
1307950 1441.6
1307960 1449.4
1307970 1449.4
1307980 1456.3
1307990 1464.6
1308000 1464.6
1308010 1476.7
1308020 1482.5
1308030 1482.5
1308040 1488.0
1308050 1494.1
1308060 1494.1
1308070 1497.4
1308080 1498.9
1308090 1498.9
1308100 1499.6
1308110 1500.2
1308120 1500.2
1308130 1501.1
1308140 1502.0
1308150 1502.0
1308160 1503.4
1308170 1504.3
1308180 1504.3
1308190 1505.0
1308200 1506.3
1308210 1506.3
1308220 1507.9
1308230 1509.5
1308240 1510.6
1308250 1510.6
1308260 1513.0
1308270 1514.8
1308280 1514.8
1308290 1516.1
1308300 1517.2
1308310 1517.2
1308320 1517.7
1308330 1517.2
1308340 1517.2
1308350 1518.8
1308360 1521.8
1308370 1521.8
1308380 1522.8
1308390 1524.8
1308400 1524.8
1308410 1527.2
1308420 1528.6
1308430 1528.6
1308440 1530.1
1308450 1531.5
1308460 1531.5
1308470 1532.3
1308480 1533.1
1308490 1533.1
1308500 1533.9
1308510 1534.9
1308520 1534.9
1308530 1536.7
1308540 1538.2
1308550 1539.2
1308560 1534.0
1308570 1535.5
1308580 1536.8
1308590 1536.8
1308600 1537.1
1308610 1538.2
1308620 1538.2
1308630 1540.7
1308640 1544.0
1308650 1544.0
1308660 1548.4
1308670 1553.6
1308680 1553.6
1308690 1560.0
1308700 1566.7
1308710 1566.7
1308720 1573.3
1308730 1579.6
1308740 1579.6
1308750 1585.0
1308760 1588.4
1308770 1588.4
1308780 1591.4
1308790 1592.2
1308800 1592.2
1308810 1590.7
1308820 1590.5
1308830 1590.5
1308840 1590.2
1308850 1589.7
1308860 1589.7
1308870 1589.1
1308880 1588.7
1308890 1588.7
1308900 1588.7
1308910 1589.0
1308920 1588.7
1308930 1588.7
1308940 1586.3
1308950 1584.0
1308960 1584.0
1308970 1582.5
1308980 1581.8
1308990 1581.8
1309000 1582.4
1309010 1581.6
1309020 1581.6
1309030 1579.7
1309040 1577.9
1309050 1577.9
1309060 1576.4
1309070 1574.8
1309080 1574.8
1309090 1574.3
1309100 1575.0
1309110 1575.0
1309120 1576.5
1309130 1577.1
1309140 1577.1
1309150 1576.9
1309160 1576.5
1309170 1576.5
1309180 1575.8
1309190 1575.3
1309200 1575.2
1309210 1575.2
1309220 1573.6
1309230 1573.2
1309240 1573.2
1309250 1575.5
1309260 1580.5
1309270 1580.5
1309280 1586.1
1309290 1586.2
1309300 1586.2
1309310 1591.0
1309320 1597.7
1309330 1597.7
1309340 1609.6
1309350 1621.6
1309360 1621.6
1309370 1628.1
1309380 1633.7
1309390 1633.7
1309400 1640.6
1309410 1646.4
1309420 1646.4
1309430 1651.6
1309440 1656.9
1309450 1656.9
1309460 1670.8
1309470 1691.5
1309480 1691.5
1309490 1700.1
1309500 1703.6
1309510 1704.5
1309520 1704.5
1309530 1701.0
1309540 1694.4
1309550 1694.4
1309560 1687.9
1309570 1680.6
1309580 1680.6
1309590 1677.6
1309600 1673.0
1309610 1673.0
1309620 1665.8
1309630 1660.4
1309640 1660.4
1309650 1656.1
1309660 1651.9
1309670 1651.9
1309680 1651.6
1309690 1650.4
1309700 1650.4
1309710 1645.6
1309720 1643.1
1309730 1643.1
1309740 1644.9
1309750 1648.9
1309760 1648.9
1309770 1649.5
1309780 1644.7
1309790 1644.7
1309800 1641.3
1309810 1637.7
1309820 1633.2
1309830 1633.2
1309840 1623.9
1309850 1610.2
1309860 1610.2
1309870 1604.9
1309880 1602.3
1309890 1602.3
1309900 1601.5
1309910 1600.1
1309920 1600.1
1309930 1600.0
1309940 1600.8
1309950 1600.8
1309960 1598.9
1309970 1594.9
1309980 1594.9
1309990 1591.8
1310000 1590.3
1310010 1590.3
1310020 1583.9
1310030 1581.3
1310040 1581.3
1310050 1578.7
1310060 1577.4
1310070 1577.4
1310080 1578.4
1310090 1580.7
1310100 1580.7
1310110 1584.8
1310120 1591.8
1310130 1598.5
1310140 1598.5
1310150 1605.0
1310160 1611.6
1310170 1611.6
1310180 1618.2
1310190 1624.8
1310200 1624.8
1310210 1631.1
1310220 1637.8
1310230 1637.8
1310240 1666.6
1310250 1694.7
1310260 1694.7
1310270 1712.2
1310280 1741.4
1310290 1741.4
1310300 1753.9
1310310 1759.3
1310320 1759.3
1310330 1764.1
1310340 1770.3
1310350 1770.3
1310360 1776.6
1310370 1781.1
1310380 1781.1
1310390 1782.4
1310400 1783.6
1310410 1783.6
1310420 1786.2
1310430 1789.6
1310440 1794.1
1310450 1794.1
1310460 1799.2
1310470 1804.2
1310480 1804.2
1310490 1809.5
1310500 1815.5
1310510 1815.5
1310520 1821.2
1310530 1826.2
1310540 1826.2
1310550 1830.4
1310560 1834.1
1310570 1834.1
1310580 1839.2
1310590 1844.9
1310600 1844.9
1310610 1849.9
1310620 1855.0
1310630 1855.0
1310640 1860.0
1310650 1864.2
1310660 1864.2
1310670 1867.9
1310680 1871.6
1310690 1871.6
1310700 1876.6
1310710 1881.7
1310720 1881.7
1310730 1886.2
1310740 1892.3
1310750 1888.8
1310760 1900.6
1310770 1914.1
1310780 1930.8
1310790 1930.8
1310800 1940.4
1310810 1950.1
1310820 1950.1
1310830 1957.6
1310840 1961.1
1310850 1961.1
1310860 1957.6
1310870 1931.3
1310880 1931.3
1310890 1916.4
1310900 1907.4
1310910 1907.4
1310920 1894.4
1310930 1889.9
1310940 1889.9
1310950 1889.8
1310960 1889.9
1310970 1889.9
1310980 1887.1
1310990 1881.5
1311000 1881.5
1311010 1875.9
1311020 1868.1
1311030 1868.1
1311040 1857.4
1311050 1859.0
1311060 1859.0
1311070 1855.9
1311080 1818.4
1311090 1792.3
1311100 1792.3
1311110 1789.9
1311120 1786.7
1311130 1786.7
1311140 1776.4
1311150 1756.8
1311160 1756.8
1311170 1745.0
1311180 1732.0
1311190 1732.0
1311200 1719.4
1311210 1697.7
1311220 1697.7
1311230 1660.8
1311240 1656.7
1311250 1656.7
1311260 1655.1
1311270 1652.4
1311280 1652.4
1311290 1648.8
1311300 1645.2
1311310 1645.2
1311320 1642.6
1311330 1642.3
1311340 1642.3
1311350 1644.1
1311360 1646.7
1311370 1646.7
1311380 1648.6
1311390 1649.8
1311400 1652.0
1311410 1652.0
1311420 1655.4
1311430 1652.7
1311440 1652.7
1311450 1648.5
1311460 1645.2
1311470 1645.2
1311480 1638.9
1311490 1628.0
1311500 1628.0
1311510 1628.0
1311520 1626.1
1311530 1626.1
1311540 1622.1
1311550 1616.2
1311560 1616.2
1311570 1608.6
1311580 1596.9
1311590 1596.9
1311600 1584.3
1311610 1572.1
1311620 1572.1
1311630 1556.8
1311640 1546.6
1311650 1546.6
1311660 1532.8
1311670 1526.2
1311680 1526.2
1311690 1524.0
1311700 1523.4
1311710 1522.7
1311720 1522.7
1311730 1522.3
1311740 1521.4
1311750 1521.4
1311760 1519.8
1311770 1518.2
1311780 1518.2
1311790 1517.6
1311800 1517.2
1311810 1517.2
1311820 1517.7
1311830 1520.2
1311840 1520.2
1311850 1523.2
1311860 1524.9
1311870 1524.9
1311880 1526.2
1311890 1527.2
1311900 1527.2
1311910 1529.7
1311920 1533.6
1311930 1533.6
1311940 1535.9
1311950 1539.1
1311960 1539.1
1311970 1541.6
1311980 1541.9
1311990 1541.9
1312000 1538.6
1312010 1534.7
1312020 1531.7
1312030 1531.7
1312040 1529.2
1312050 1526.9
1312060 1526.9
1312070 1525.0
1312080 1522.2
1312090 1522.2
1312100 1519.2
1312110 1515.7
1312120 1515.7
1312130 1513.5
1312140 1511.6
1312150 1511.6
1312160 1509.0
1312170 1505.4
1312180 1505.4
1312190 1500.5
1312200 1495.5
1312210 1495.5
1312220 1491.5
1312230 1485.9
1312240 1485.9
1312250 1484.9
1312260 1485.1
1312270 1485.1
1312280 1488.2
1312290 1492.5
1312300 1492.5
1312310 1494.8
1312320 1496.0
1312330 1496.9
1312340 1496.9
1312350 1497.4
1312360 1497.8
1312370 1497.8
1312380 1498.6
1312390 1499.5
1312400 1499.5
1312410 1500.9
1312420 1503.6
1312430 1503.6
1312440 1506.8
1312450 1510.9
1312460 1510.9
1312470 1515.6
1312480 1520.6
1312490 1520.6
1312500 1526.3
1312510 1531.9
1312520 1531.9
1312530 1538.0
1312540 1544.3
1312550 1544.3
1312560 1549.9
1312570 1554.2
1312580 1554.2
1312590 1562.1
1312600 1575.7
1312610 1575.7
1312620 1582.8
1312630 1587.2
1312640 1587.2
1312650 1594.3
1312660 1597.2
1312670 1597.5
1312680 1597.5
1312690 1598.8
1312700 1601.0
1312710 1601.0
1312720 1603.8
1312730 1605.4
1312740 1605.4
1312750 1607.7
1312760 1609.8
1312770 1609.8
1312780 1611.4
1312790 1612.4
1312800 1612.4
1312810 1613.5
1312820 1615.1
1312830 1615.1
1312840 1618.8
1312850 1620.1
1312860 1620.1
1312870 1618.8
1312880 1618.9
1312890 1618.9
1312900 1622.8
1312910 1626.9
1312920 1626.9
1312930 1635.0
1312940 1644.5
1312950 1644.5
1312960 1651.4
1312970 1653.7
1312980 1657.5
1312990 1657.5
1313000 1661.4
1313010 1665.1
1313020 1665.1
1313030 1667.2
1313040 1671.0
1313050 1671.0
1313060 1675.7
1313070 1680.3
1313080 1680.3
1313090 1684.2
1313100 1686.2
1313110 1686.2
1313120 1688.8
1313130 1690.8
1313140 1690.8
1313150 1692.4
1313160 1693.3
1313170 1693.3
1313180 1694.5
1313190 1694.8
1313200 1694.8
1313210 1696.0
1313220 1697.2
1313230 1697.2
1313240 1698.0
1313250 1698.4
1313260 1698.4
1313270 1698.5
1313280 1696.0
1313290 1689.2
1313300 1689.2
1313310 1683.5
1313320 1679.4
1313330 1679.4
1313340 1677.1
1313350 1674.1
1313360 1674.1
1313370 1669.5
1313380 1665.3
1313390 1665.3
1313400 1662.6
1313410 1660.1
1313420 1660.1
1313430 1657.5
1313440 1655.8
1313450 1655.8
1313460 1654.9
1313470 1653.2
1313480 1653.2
1313490 1650.2
1313500 1646.7
1313510 1646.7
1313520 1643.4
1313530 1642.3
1313540 1642.3
1313550 1642.9
1313560 1643.9
1313570 1643.9
1313580 1644.4
1313590 1644.5
1313600 1647.6
1313610 1647.6
1313620 1651.9
1313630 1652.5
1313640 1652.5
1313650 1649.4
1313660 1646.8
1313670 1646.8
1313680 1645.3
1313690 1644.6
1313700 1644.6
1313710 1643.9
1313720 1641.2
1313730 1641.2
1313740 1641.3
1313750 1641.9
1313760 1641.9
1313770 1643.3
1313780 1644.9
1313790 1644.9
1313800 1645.1
1313810 1644.2
1313820 1644.2
1313830 1644.8
1313840 1645.8
1313850 1645.8
1313860 1646.6
1313870 1646.9
1313880 1646.9
1313890 1645.5
1313900 1644.7
1313910 1644.7
1313920 1644.7
1313930 1645.1
1313940 1646.3
1313950 1646.3
1313960 1647.2
1313970 1648.1
1313980 1648.1
1313990 1650.6
1314000 1653.5
1314010 1653.5
1314020 1655.2
1314030 1658.6
1314040 1658.6
1314050 1663.9
1314060 1670.2
1314070 1670.2
1314080 1675.1
1314090 1675.8
1314100 1675.8
1314110 1670.1
1314120 1666.4
1314130 1666.4
1314140 1663.5
1314150 1661.1
1314160 1661.1
1314170 1660.7
1314180 1663.0
1314190 1663.0
1314200 1665.0
1314210 1667.8
1314220 1669.6
1314230 1669.6
1314240 1672.4
1314250 1676.3
1314260 1676.3
1314270 1679.1
1314280 1682.0
1314290 1682.0
1314300 1685.9
1314310 1690.4
1314320 1690.4
1314330 1698.9
1314340 1707.3
1314350 1707.3
1314360 1723.5
1314370 1730.3
1314380 1730.3
1314390 1730.0
1314400 1723.7
1314410 1723.7
1314420 1713.0
1314430 1706.7
1314440 1706.7
1314450 1699.4
1314460 1692.6
1314470 1690.4
1314480 1685.1
1314490 1677.5
1314500 1677.5
1314510 1670.0
1314520 1660.7
1314530 1652.8
1314540 1652.8
1314550 1643.8
1314560 1636.1
1314570 1636.1
1314580 1633.0
1314590 1629.4
1314600 1629.4
1314610 1626.0
1314620 1623.1
1314630 1623.1
1314640 1619.6
1314650 1614.7
1314660 1614.7
1314670 1607.9
1314680 1598.9
1314690 1598.9
1314700 1590.7
1314710 1582.2
1314720 1582.2
1314730 1575.3
1314740 1574.8
1314750 1574.8
1314760 1574.4
1314770 1570.3
1314780 1570.3
1314790 1564.1
1314800 1563.2
1314810 1563.2
1314820 1563.5
1314830 1568.4
1314840 1568.4
1314850 1567.3
1314860 1559.4
1314870 1558.8
1314880 1558.8
1314890 1565.4
1314900 1570.7
1314910 1570.7
1314920 1572.7
1314930 1575.6
1314940 1575.6
1314950 1579.6
1314960 1579.4
1314970 1579.4
1314980 1579.6
1314990 1576.9
1315000 1576.9
1315010 1572.3
1315020 1566.8
1315030 1566.8
1315040 1563.1
1315050 1559.4
1315060 1559.4
1315070 1553.9
1315080 1546.9
1315090 1546.9
1315100 1538.7
1315110 1532.4
1315120 1532.4
1315130 1526.8
1315140 1521.1
1315150 1521.1
1315160 1516.8
1315170 1511.5
1315180 1506.7
1315190 1506.7
1315200 1502.7
1315210 1499.5
1315220 1501.9
1315230 1499.6
1315240 1496.6
1315250 1496.6
1315260 1493.2
1315270 1489.6
1315280 1489.6
1315290 1484.4
1315300 1478.6
1315310 1478.6
1315320 1473.6
1315330 1468.6
1315340 1468.6
1315350 1463.5
1315360 1459.1
1315370 1459.1
1315380 1455.9
1315390 1453.4
1315400 1453.4
1315410 1451.5
1315420 1448.6
1315430 1448.6
1315440 1445.3
1315450 1443.0
1315460 1443.0
1315470 1441.2
1315480 1439.4
1315490 1437.8
1315500 1437.8
1315510 1436.5
1315520 1435.5
1315530 1435.5
1315540 1434.6
1315550 1433.9
1315560 1433.9
1315570 1433.4
1315580 1432.5
1315590 1432.5
1315600 1431.3
1315610 1430.0
1315620 1430.0
1315630 1429.1
1315640 1428.9
1315650 1428.9
1315660 1427.9
1315670 1426.2
1315680 1426.2
1315690 1423.9
1315700 1422.0
1315710 1422.0
1315720 1421.0
1315730 1420.1
1315740 1420.1
1315750 1418.3
1315760 1416.4
1315770 1416.4
1315780 1414.3
1315790 1412.3
1315800 1411.3
1315810 1411.3
1315820 1410.2
1315830 1408.4
1315840 1408.4
1315850 1406.3
1315860 1405.4
1315870 1405.4
1315880 1405.2
1315890 1405.1
1315900 1405.1
1315910 1402.6
1315920 1400.7
1315930 1400.7
1315940 1399.9
1315950 1397.1
1315960 1397.1
1315970 1394.8
1315980 1394.0
1315990 1394.0
1316000 1394.3
1316010 1395.1
1316020 1395.1
1316030 1396.4
1316040 1397.2
1316050 1397.2
1316060 1397.8
1316070 1398.6
1316080 1398.6
1316090 1398.9
1316100 1399.5
1316110 1399.5
1316120 1399.5
1316130 1398.7
1316140 1400.0
1316150 1400.0
1316160 1401.6
1316170 1402.8
1316180 1402.8
1316190 1403.2
1316200 1402.7
1316210 1402.7
1316220 1402.6
1316230 1401.6
1316240 1401.6
1316250 1401.1
1316260 1402.3
1316270 1402.3
1316280 1404.7
1316290 1406.2
1316300 1406.2
1316310 1405.8
1316320 1405.5
1316330 1405.5
1316340 1405.1
1316350 1404.0
1316360 1404.0
1316370 1402.8
1316380 1402.1
1316390 1402.1
1316400 1401.5
1316410 1400.4
1316420 1399.1
1316430 1399.1
1316440 1397.8
1316450 1396.7
1316460 1396.7
1316470 1396.8
1316480 1396.1
1316490 1396.1
1316500 1394.7
1316510 1393.9
1316520 1393.9
1316530 1393.1
1316540 1392.3
1316550 1392.3
1316560 1391.3
1316570 1390.2
1316580 1390.2
1316590 1388.5
1316600 1387.2
1316610 1387.2
1316620 1386.8
1316630 1386.3
1316640 1386.3
1316650 1385.7
1316660 1384.7
1316670 1384.7
1316680 1382.9
1316690 1380.7
1316700 1380.7
1316710 1379.1
1316720 1377.5
1316730 1377.5
1316740 1363.6
1316750 1350.1
1316760 1339.1
1316770 1339.1
1316780 1325.0
1316790 1312.9
1316800 1312.9
1316810 1301.8
1316820 1292.5
1316830 1292.5
1316840 1285.1
1316850 1279.8
1316860 1279.8
1316870 1275.1
1316880 1270.8
1316890 1270.8
1316900 1267.4
1316910 1265.0
1316920 1265.0
1316930 1262.3
1316940 1261.4
1316950 1261.4
1316960 1260.9
1316970 1260.3
1316980 1260.3
1316990 1258.2
1317000 1254.7
1317010 1254.7
1317020 1251.1
1317030 1247.1
1317040 1247.1
1317050 1243.8
1317060 1241.5
1317070 1240.4
1317080 1240.4
1317090 1238.0
1317100 1234.7
1317110 1234.7
1317120 1232.7
1317130 1232.0
1317140 1232.0
1317150 1231.1
1317160 1229.1
1317170 1229.1
1317180 1226.5
1317190 1222.8
1317200 1222.8
1317210 1218.4
1317220 1214.5
1317230 1214.5
1317240 1210.7
1317250 1205.8
1317260 1205.8
1317270 1200.7
1317280 1194.1
1317290 1194.1
1317300 1188.5
1317310 1183.5
1317320 1183.5
1317330 1179.1
1317340 1174.4
1317350 1174.4
1317360 1168.5
1317370 1162.4
1317380 1157.3
1317390 1157.3
1317400 1151.8
1317410 1145.6
1317420 1145.6
1317430 1140.2
1317440 1135.1
1317450 1135.1
1317460 1131.1
1317470 1129.1
1317480 1129.1
1317490 1127.0
1317500 1117.8
1317510 1117.8
1317520 1113.9
1317530 1109.6
1317540 1109.6
1317550 1105.3
1317560 1102.7
1317570 1102.7
1317580 1101.3
1317590 1098.6
1317600 1098.6
1317610 1093.3
1317620 1085.3
1317630 1085.3
1317640 1077.8
1317650 1070.7
1317660 1070.7
1317670 1063.9
1317680 1055.0
1317690 1046.5
1317700 1046.5
1317710 1038.1
1317720 1021.3
1317730 1021.3
1317740 1005.4
1317750 997.2
1317760 997.2
1317770 992.6
1317780 987.8
1317790 987.8
1317800 977.1
1317810 965.0
1317820 965.0
1317830 954.8
1317840 947.6
1317850 947.6
1317860 942.2
1317870 935.3
1317880 935.3
1317890 928.5
1317900 923.1
1317910 923.1
1317920 915.8
1317930 905.9
1317940 905.9
1317950 896.0
1317960 887.0
1317970 887.0
1317980 879.2
1317990 872.9
1318000 866.8
1318010 866.8
1318020 860.9
1318030 854.9
1318040 854.9
1318050 848.8
1318060 841.1
1318070 841.1
1318080 831.3
1318090 822.8
1318100 822.8
1318110 816.9
1318120 811.4
1318130 811.4
1318140 803.7
1318150 792.4
1318160 792.4
1318170 783.7
1318180 778.4
1318190 778.4
1318200 769.3
1318210 752.2
1318220 752.2
1318230 739.0
1318240 734.7
1318250 734.7
1318260 728.0
1318270 722.3
1318280 722.3
1318290 714.9
1318300 713.2
1318310 710.3
1318320 710.3
1318330 705.2
1318340 700.0
1318350 700.0
1318360 694.8
1318370 691.6
1318380 691.6
1318390 686.8
1318400 678.3
1318410 678.3
1318420 670.0
1318430 662.1
1318440 662.1
1318450 655.0
1318460 649.9
1318470 649.9
1318480 643.0
1318490 635.8
1318500 635.8
1318510 627.9
1318520 620.3
1318530 620.3
1318540 613.4
1318550 605.8
1318560 605.8
1318570 598.3
1318580 591.1
1318590 591.1
1318600 583.9
1318610 577.1
1318620 571.0
1318630 571.0
1318640 568.4
1318650 568.1
1318660 568.1
1318670 569.1
1318680 570.2
1318690 570.2
1318700 571.3
1318710 571.7
1318720 571.7
1318730 571.7
1318740 572.1
1318750 572.1
1318760 572.4
1318770 572.0
1318780 572.0
1318790 572.8
1318800 574.4
1318810 574.4
1318820 574.7
1318830 575.1
1318840 575.1
1318850 574.6
1318860 574.6
1318870 574.6
1318880 574.8
1318890 574.9
1318900 574.9
1318910 575.1
1318920 574.9
1318930 574.9
1318940 575.4
1318950 575.7
1318960 576.4
1318970 576.4
1318980 577.2
1318990 578.6
1319000 578.6
1319010 579.1
1319020 579.8
1319030 577.9
1319040 579.3
1319050 579.5
1319060 579.5
1319070 578.4
1319080 577.6
1319090 577.6
1319100 578.0
1319110 578.8
1319120 578.8
1319130 578.3
1319140 577.7
1319150 577.7
1319160 576.4
1319170 575.6
1319180 575.6
1319190 576.6
1319200 574.6
1319210 574.6
1319220 573.3
1319230 575.8
1319240 575.8
1319250 576.9
1319260 576.9
1319270 576.2
1319280 576.2
1319290 575.7
1319300 574.6
1319310 574.6
1319320 573.2
1319330 572.2
1319340 572.2
1319350 572.1
1319360 571.8
1319370 571.8
1319380 571.5
1319390 570.4
1319400 570.4
1319410 569.5
1319420 566.1
1319430 566.1
1319440 564.3
1319450 565.4
1319460 565.4
1319470 564.3
1319480 563.2
1319490 563.2
1319500 561.9
1319510 560.2
1319520 560.2
1319530 558.6
1319540 556.5
1319550 556.5
1319560 554.2
1319570 552.1
1319580 550.2
1319590 550.2
1319600 547.5
1319610 546.0
1319620 546.0
1319630 544.4
1319640 544.3
1319650 544.3
1319660 543.4
1319670 542.8
1319680 542.8
1319690 543.1
1319700 542.6
1319710 542.6
1319720 541.2
1319730 539.8
1319740 539.8
1319750 538.6
1319760 538.2
1319770 538.2
1319780 538.0
1319790 538.0
1319800 538.0
1319810 536.9
1319820 535.7
1319830 535.7
1319840 535.3
1319850 536.3
1319860 536.3
1319870 534.7
1319880 534.0
1319890 532.1
1319900 532.1
1319910 530.0
1319920 528.4
1319930 528.4
1319940 527.8
1319950 527.3
1319960 527.3
1319970 527.2
1319980 526.9
1319990 526.9
