1300000 1495.6
1300010 1495.6
1300020 1504.1
1300030 1512.4
1300040 1512.4
1300050 1521.9
1300060 1534.0
1300070 1534.0
1300080 1548.5
1300090 1558.1
1300100 1558.1
1300110 1562.6
1300120 1562.2
1300130 1553.1
1300140 1546.9
1300150 1540.0
1300160 1540.0
1300170 1532.6
1300180 1534.1
1300190 1534.1
1300200 1538.9
1300210 1545.4
1300220 1545.4
1300230 1552.0
1300240 1559.2
1300250 1559.2
1300260 1571.2
1300270 1583.2
1300280 1583.2
1300290 1598.2
1300300 1610.6
1300310 1615.7
1300320 1615.7
1300330 1621.1
1300340 1629.7
1300350 1629.7
1300360 1638.8
1300370 1646.2
1300380 1646.2
1300390 1652.4
1300400 1657.5
1300410 1657.5
1300420 1662.8
1300430 1667.5
1300440 1667.5
1300450 1671.2
1300460 1674.4
1300470 1674.4
1300480 1677.8
1300490 1681.5
1300500 1681.5
1300510 1685.0
1300520 1689.2
1300530 1689.2
1300540 1692.3
1300550 1694.6
1300560 1694.6
1300570 1696.2
1300580 1696.9
1300590 1696.9
1300600 1697.2
1300610 1696.6
1300620 1696.7
1300630 1696.7
1300640 1695.4
1300650 1692.1
1300660 1692.1
1300670 1686.9
1300680 1684.7
1300690 1684.7
1300700 1686.7
1300710 1686.2
1300720 1686.2
1300730 1681.5
1300740 1673.9
1300750 1673.9
1300760 1670.5
1300770 1674.0
1300780 1674.0
1300790 1677.6
1300800 1674.8
1300810 1674.8
1300820 1673.3
1300830 1666.3
1300840 1666.3
1300850 1658.8
1300860 1653.2
1300870 1653.2
1300880 1652.3
1300890 1651.2
1300900 1651.2
1300910 1648.1
1300920 1650.7
1300930 1650.7
1300940 1649.3
1300950 1646.1
1300960 1643.3
1300970 1643.3
1300980 1640.6
1300990 1637.0
1301000 1637.0
1301010 1633.6
1301020 1629.9
1301030 1629.9
1301040 1625.4
1301050 1620.8
1301060 1620.8
1301070 1617.0
1301080 1612.4
1301090 1612.4
1301100 1605.8
1301110 1599.9
1301120 1599.9
1301130 1594.8
1301140 1589.5
1301150 1589.5
1301160 1583.5
1301170 1577.9
1301180 1577.9
1301190 1573.1
1301200 1569.3
1301210 1569.3
1301220 1564.2
1301230 1557.0
1301240 1557.0
1301250 1548.1
1301260 1539.2
1301270 1531.2
1301280 1531.2
1301290 1524.0
1301300 1516.8
1301310 1516.8
1301320 1510.1
1301330 1503.9
1301340 1503.9
1301350 1498.2
1301360 1491.5
1301370 1491.5
1301380 1484.1
1301390 1476.0
1301400 1476.0
1301410 1465.2
1301420 1453.3
1301430 1453.3
1301440 1443.6
1301450 1436.5
1301460 1436.5
1301470 1429.8
1301480 1420.9
1301490 1420.9
1301500 1417.7
1301510 1417.8
1301520 1407.7
1301530 1408.1
1301540 1407.2
1301550 1407.2
1301560 1407.1
1301570 1405.8
1301580 1399.9
1301590 1399.9
1301600 1393.2
1301610 1387.0
1301620 1387.0
1301630 1381.4
1301640 1377.0
1301650 1377.0
1301660 1373.4
1301670 1368.2
1301680 1368.2
1301690 1364.2
1301700 1360.7
1301710 1360.7
1301720 1356.7
1301730 1353.6
1301740 1353.6
1301750 1349.6
1301760 1345.6
1301770 1345.6
1301780 1342.1
1301790 1337.7
1301800 1337.7
1301810 1332.3
1301820 1326.4
1301830 1326.4
1301840 1321.0
1301850 1315.8
1301860 1315.8
1301870 1310.4
1301880 1302.8
1301890 1302.8
1301900 1290.8
1301910 1282.1
1301920 1276.9
1301930 1276.9
1301940 1274.6
1301950 1272.6
1301960 1272.6
1301970 1270.2
1301980 1265.8
1301990 1265.8
1302000 1260.0
1302010 1253.3
1302020 1253.3
1302030 1244.3
1302040 1237.5
1302050 1237.5
1302060 1232.1
1302070 1219.8
1302080 1219.8
1302090 1196.0
1302100 1186.8
1302110 1186.8
1302120 1177.8
1302130 1164.7
1302140 1164.7
1302150 1154.8
1302160 1146.0
1302170 1146.0
1302180 1137.5
1302190 1129.4
1302200 1129.4
1302210 1121.6
1302220 1112.1
1302230 1104.4
1302240 1104.4
1302250 1097.0
1302260 1089.7
1302270 1089.7
1302280 1082.2
1302290 1073.9
1302300 1073.9
1302310 1065.1
1302320 1056.5
1302330 1056.5
1302340 1046.7
1302350 1037.9
1302360 1037.9
1302370 1029.7
1302380 1021.3
1302390 1021.3
1302400 1013.4
1302410 1006.4
1302420 1006.4
1302430 1000.0
1302440 993.4
1302450 993.4
1302460 987.0
1302470 980.9
1302480 980.9
1302490 975.5
1302500 971.0
1302510 971.0
1302520 967.2
1302530 962.8
1302540 962.8
1302550 956.6
1302560 948.5
1302570 940.1
1302580 940.1
1302590 932.9
1302600 928.9
1302610 928.9
1302620 926.6
1302630 926.0
1302640 926.0
1302650 926.0
1302660 926.0
1302670 926.0
1302680 926.0
1302690 926.0
1302700 926.0
1302710 926.0
1302720 926.0
1302730 926.0
1302740 926.0
1302750 926.0
1302760 926.0
1302770 926.0
1302780 926.0
1302790 926.0
1302800 926.0
1302810 926.0
1302820 926.0
1302830 926.0
1302840 926.0
1302850 926.0
1302860 926.0
1302870 926.0
1302880 926.0
1302890 926.0
1302900 926.0
1302910 926.0
1302920 926.0
1302930 926.0
1302940 926.0
1302950 926.0
1302960 926.0
1302970 926.0
1302980 926.0
1302990 926.0
1303000 926.0
1303010 926.0
1303020 926.0
1303030 926.0
1303040 926.0
1303050 926.0
1303060 926.0
1303070 926.0
1303080 926.0
1303090 926.0
1303100 926.0
1303110 926.0
1303120 926.0
1303130 926.0
1303140 926.0
1303150 926.0
1303160 926.0
1303170 926.0
1303180 926.0
1303190 926.0
1303200 926.0
1303210 926.0
1303220 926.0
1303230 926.0
1303240 926.0
1303250 926.0
1303260 926.0
1303270 926.0
1303280 926.0
1303290 926.0
1303300 926.0
1303310 926.0
1303320 926.0
1303330 926.0
1303340 926.0
1303350 926.0
1303360 926.0
1303370 926.0
1303380 926.0
1303390 926.0
1303400 926.0
1303410 926.0
1303420 926.0
1303430 926.0
1303440 926.0
1303450 926.0
1303460 926.0
1303470 926.0
1303480 926.0
1303490 926.0
1303500 926.0
1303510 926.0
1303520 926.0
1303530 926.0
1303540 926.0
1303550 926.0
1303560 926.0
1303570 926.0
1303580 926.0
1303590 926.0
1303600 926.0
1303610 926.0
1303620 926.0
1303630 926.0
1303640 926.0
1303650 926.0
1303660 926.0
1303670 926.0
1303680 926.0
1303690 926.0
1303700 926.0
1303710 926.0
1303720 926.0
1303730 926.0
1303740 926.0
1303750 926.0
1303760 926.0
1303770 926.0
1303780 926.0
1303790 926.0
1303800 926.0
1303810 926.0
1303820 926.0
1303830 926.0
1303840 926.0
1303850 926.0
1303860 926.0
1303870 926.0
1303880 926.0
1303890 926.0
1303900 926.0
1303910 926.0
1303920 926.0
1303930 926.0
1303940 926.0
1303950 926.0
1303960 926.2
1303970 926.2
1303980 927.6
1303990 930.1
1304000 930.1
1304010 932.5
1304020 937.4
1304030 937.4
1304040 942.8
1304050 947.5
1304060 947.5
1304070 951.2
1304080 954.4
1304090 954.4
1304100 957.3
1304110 961.1
1304120 961.1
1304130 965.0
1304140 966.6
1304150 969.7
1304160 969.7
1304170 975.2
1304180 981.1
1304190 981.1
1304200 987.1
1304210 992.8
1304220 992.8
1304230 998.6
1304240 1004.3
1304250 1004.3
1304260 1010.0
1304270 1015.9
1304280 1015.9
1304290 1021.7
1304300 1027.7
1304310 1027.7
1304320 1033.6
1304330 1039.5
1304340 1040.5
1304350 1046.6
1304360 1052.9
1304370 1052.9
1304380 1059.2
1304390 1065.6
1304400 1065.6
1304410 1071.9
1304420 1078.0
1304430 1078.0
1304440 1083.8
1304450 1088.6
1304460 1088.6
1304470 1092.7
1304480 1097.8
1304490 1103.7
1304500 1103.7
1304510 1111.1
1304520 1120.8
1304530 1120.8
1304540 1132.2
1304550 1144.6
1304560 1144.6
1304570 1157.4
1304580 1168.4
1304590 1168.4
1304600 1175.2
1304610 1180.9
1304620 1180.9
1304630 1185.8
1304640 1184.7
1304650 1184.7
1304660 1182.0
1304670 1175.8
1304680 1175.8
1304690 1174.2
1304700 1179.3
1304710 1179.3
1304720 1183.2
1304730 1216.6
1304740 1216.6
1304750 1228.4
1304760 1234.7
1304770 1234.7
1304780 1241.0
1304790 1248.3
1304800 1257.4
1304810 1257.4
1304820 1265.2
1304830 1272.7
1304840 1272.7
1304850 1280.0
1304860 1286.6
1304870 1286.6
1304880 1293.5
1304890 1299.5
1304900 1299.5
1304910 1304.4
1304920 1318.8
1304930 1318.8
1304940 1334.9
1304950 1336.1
1304960 1336.1
1304970 1337.5
1304980 1343.0
1304990 1343.0
1305000 1349.9
1305010 1364.1
1305020 1364.1
1305030 1378.2
1305040 1387.8
1305050 1389.5
1305060 1398.3
1305070 1406.8
1305080 1406.8
1305090 1414.7
1305100 1422.2
1305110 1434.0
1305120 1434.0
1305130 1455.2
1305140 1468.7
1305150 1468.7
1305160 1482.9
1305170 1492.5
1305180 1492.5
1305190 1501.0
1305200 1510.8
1305210 1510.8
1305220 1517.0
1305230 1520.6
1305240 1520.6
1305250 1524.1
1305260 1526.4
1305270 1526.4
1305280 1522.7
1305290 1514.9
1305300 1514.9
1305310 1506.4
1305320 1501.4
1305330 1501.4
1305340 1499.8
1305350 1498.3
1305360 1498.3
1305370 1498.9
1305380 1499.9
1305390 1499.9
1305400 1502.9
1305410 1519.0
1305420 1519.0
1305430 1532.5
1305440 1542.9
1305450 1557.8
1305460 1557.8
1305470 1563.8
1305480 1562.4
1305490 1562.4
1305500 1564.9
1305510 1583.9
1305520 1583.9
1305530 1597.7
1305540 1606.4
1305550 1606.4
1305560 1623.1
1305570 1636.2
1305580 1636.2
1305590 1642.9
1305600 1656.2
1305610 1656.2
1305620 1674.1
1305630 1683.1
1305640 1683.1
1305650 1691.9
1305660 1699.3
1305670 1699.3
1305680 1707.8
1305690 1717.0
1305700 1717.0
1305710 1725.5
1305720 1731.9
1305730 1731.9
1305740 1734.9
1305750 1731.0
1305760 1728.6
1305770 1728.6
1305780 1734.7
1305790 1740.8
1305800 1740.8
1305810 1752.0
1305820 1756.0
1305830 1756.0
1305840 1757.7
1305850 1759.7
1305860 1759.7
1305870 1761.8
1305880 1763.9
1305890 1763.9
1305900 1764.6
1305910 1766.4
1305920 1766.4
1305930 1769.9
1305940 1777.8
1305950 1777.8
1305960 1786.6
1305970 1792.7
1305980 1792.7
1305990 1798.8
1306000 1804.6
1306010 1804.6
1306020 1808.5
1306030 1812.0
1306040 1812.0
1306050 1814.0
1306060 1817.3
1306070 1822.3
1306080 1822.3
1306090 1828.8
1306100 1833.5
1306110 1833.5
1306120 1834.9
1306130 1834.6
1306140 1834.6
1306150 1833.7
1306160 1832.7
1306170 1832.7
1306180 1831.6
1306190 1830.3
1306200 1830.3
1306210 1828.1
1306220 1824.8
1306230 1824.8
1306240 1821.7
1306250 1819.1
1306260 1819.1
1306270 1816.9
1306280 1814.3
1306290 1814.3
1306300 1811.1
1306310 1807.2
1306320 1807.2
1306330 1802.8
1306340 1798.2
1306350 1798.2
1306360 1793.7
1306370 1789.1
1306380 1789.1
1306390 1784.3
1306400 1779.5
1306410 1775.2
1306420 1775.2
1306430 1771.2
1306440 1767.1
1306450 1767.1
1306460 1764.3
1306470 1761.8
1306480 1759.8
1306490 1757.2
1306500 1754.9
1306510 1754.9
1306520 1752.5
1306530 1749.5
1306540 1749.5
1306550 1746.2
1306560 1742.1
1306570 1742.1
1306580 1736.8
1306590 1731.4
1306600 1731.4
1306610 1723.6
1306620 1714.7
1306630 1714.7
1306640 1708.1
1306650 1701.3
1306660 1701.3
1306670 1698.7
1306680 1698.0
1306690 1698.0
1306700 1696.7
1306710 1693.2
1306720 1689.7
1306730 1689.7
1306740 1687.9
1306750 1687.3
1306760 1687.3
1306770 1686.7
1306780 1686.2
1306790 1686.2
1306800 1686.1
1306810 1685.9
1306820 1685.9
1306830 1686.5
1306840 1687.1
1306850 1687.1
1306860 1686.3
1306870 1687.0
1306880 1687.0
1306890 1691.6
1306900 1697.3
1306910 1697.3
1306920 1702.4
1306930 1706.9
1306940 1706.9
1306950 1712.7
1306960 1718.8
1306970 1718.8
1306980 1724.9
1306990 1731.1
1307000 1731.1
1307010 1737.4
1307020 1743.2
1307030 1743.2
1307040 1748.1
1307050 1751.9
1307060 1755.8
1307070 1755.8
1307080 1759.0
1307090 1760.5
1307100 1760.5
1307110 1760.1
1307120 1761.7
1307130 1761.7
1307140 1765.2
1307150 1767.1
1307160 1767.1
1307170 1769.0
1307180 1774.5
1307190 1774.5
1307200 1782.6
1307210 1786.1
1307220 1786.1
1307230 1790.2
1307240 1795.5
1307250 1795.5
1307260 1801.0
1307270 1807.2
1307280 1807.2
1307290 1813.4
1307300 1819.7
1307310 1819.7
1307320 1825.5
1307330 1832.0
1307340 1832.0
1307350 1838.3
1307360 1847.8
1307370 1857.5
1307380 1857.5
1307390 1863.8
1307400 1869.8
1307410 1869.8
1307420 1874.5
1307430 1880.0
1307440 1880.0
1307450 1887.2
1307460 1895.3
1307470 1895.3
1307480 1902.5
1307490 1909.5
1307500 1909.5
1307510 1916.4
1307520 1922.2
1307530 1922.2
1307540 1927.3
1307550 1933.1
1307560 1933.1
1307570 1939.4
1307580 1944.8
1307590 1944.8
1307600 1949.8
1307610 1954.9
1307620 1954.9
1307630 1959.2
1307640 1963.6
1307650 1963.6
1307660 1968.1
1307670 1972.6
1307680 1976.4
1307690 1976.4
1307700 1980.6
1307710 1986.1
1307720 1986.1
1307730 1992.3
1307740 1998.3
1307750 1998.3
1307760 2004.5
1307770 2009.5
1307780 2009.5
1307790 2013.9
1307800 2019.6
1307810 2019.6
1307820 2025.6
1307830 2031.4
1307840 2031.4
1307850 2036.7
1307860 2042.4
1307870 2042.4
1307880 2047.7
1307890 2052.2
1307900 2052.2
1307910 2057.1
1307920 2060.9
1307930 2060.9
1307940 2065.2
1307950 2069.8
1307960 2069.8
1307970 2075.2
1307980 2080.4
1307990 2080.4
1308000 2085.9
1308010 2090.8
1308020 2094.7
1308030 2094.7
1308040 2097.4
1308050 2102.9
1308060 2102.9
1308070 2108.3
1308080 2112.6
1308090 2112.6
1308100 2116.8
1308110 2122.0
1308120 2122.0
1308130 2126.7
1308140 2130.4
1308150 2130.4
1308160 2132.6
1308170 2135.1
1308180 2135.1
1308190 2138.7
1308200 2142.8
1308210 2142.8
1308220 2147.2
1308230 2153.8
1308240 2153.8
1308250 2160.5
1308260 2169.4
1308270 2169.4
1308280 2180.0
1308290 2191.4
1308300 2191.4
1308310 2201.5
1308320 2201.1
1308330 2189.5
1308340 2189.5
1308350 2165.6
1308360 2137.4
1308370 2137.4
1308380 2120.1
1308390 2103.5
1308400 2103.5
1308410 2100.4
1308420 2101.9
1308430 2101.9
1308440 2103.5
1308450 2103.2
1308460 2103.2
1308470 2105.2
1308480 2108.6
1308490 2108.6
1308500 2103.3
1308510 2078.4
1308520 2078.4
1308530 2053.6
1308540 2025.7
1308550 2025.7
1308560 2010.6
1308570 2005.2
1308580 2005.2
1308590 2000.3
1308600 1994.9
1308610 1994.9
1308620 1989.4
1308630 1984.2
1308640 1976.1
1308650 1976.1
1308660 1972.2
1308670 1968.9
1308680 1968.9
1308690 1965.2
1308700 1961.7
1308710 1961.7
1308720 1957.9
1308730 1954.5
1308740 1954.5
1308750 1952.6
1308760 1953.7
1308770 1953.7
1308780 1959.1
1308790 1964.6
1308800 1964.6
1308810 1968.5
1308820 1970.6
1308830 1970.6
1308840 1970.4
1308850 1968.8
1308860 1968.8
1308870 1967.6
1308880 1967.2
1308890 1967.2
1308900 1967.5
1308910 1969.4
1308920 1969.4
1308930 1971.5
1308940 1971.9
1308950 1971.9
1308960 1971.3
1308970 1970.4
1308980 1970.6
1308990 1970.6
1309000 1971.6
1309010 1972.4
1309020 1972.4
1309030 1973.3
1309040 1970.6
1309050 1970.6
1309060 1964.4
1309070 1956.5
1309080 1956.5
1309090 1956.4
1309100 1967.0
1309110 1967.0
1309120 1972.6
1309130 1975.4
1309140 1975.4
1309150 1978.1
1309160 1978.5
1309170 1978.5
1309180 1978.3
1309190 1978.2
1309200 1978.2
1309210 1978.8
1309220 1978.8
1309230 1978.8
1309240 1980.3
1309250 1981.9
1309260 1981.9
1309270 1985.6
1309280 1990.1
1309290 1990.7
1309300 1990.7
1309310 1990.2
1309320 1989.9
1309330 1989.9
1309340 1988.7
1309350 1985.9
1309360 1985.9
1309370 1973.6
1309380 1965.0
1309390 1965.0
1309400 1959.7
1309410 1949.8
1309420 1949.8
1309430 1928.4
1309440 1915.1
1309450 1915.1
1309460 1909.3
1309470 1905.5
1309480 1905.5
1309490 1902.4
1309500 1898.7
1309510 1898.7
1309520 1896.0
1309530 1892.6
1309540 1892.6
1309550 1888.8
1309560 1887.6
1309570 1887.6
1309580 1891.3
1309590 1900.2
1309600 1901.1
1309610 1901.1
1309620 1899.3
1309630 1898.0
1309640 1898.0
1309650 1899.9
1309660 1902.4
1309670 1902.4
1309680 1905.9
1309690 1911.7
1309700 1911.7
1309710 1919.3
1309720 1921.6
1309730 1921.6
1309740 1919.9
1309750 1918.1
1309760 1918.1
1309770 1916.1
1309780 1915.4
1309790 1915.4
1309800 1918.7
1309810 1924.1
1309820 1924.1
1309830 1930.3
1309840 1937.0
1309850 1937.0
1309860 1943.7
1309870 1950.2
1309880 1950.2
1309890 1956.4
1309900 1963.4
1309910 1963.4
1309920 1966.3
1309930 1969.3
1309940 1971.7
1309950 1971.7
1309960 1972.5
1309970 1973.5
1309980 1973.5
1309990 1976.0
1310000 1980.0
1310010 1980.0
1310020 1986.4
1310030 1994.2
1310040 1994.2
1310050 2003.0
1310060 2011.7
1310070 2011.7
1310080 2019.8
1310090 2025.6
1310100 2024.8
1310110 2027.3
1310120 2031.5
1310130 2031.5
1310140 2036.8
1310150 2043.2
1310160 2043.2
1310170 2050.3
1310180 2057.2
1310190 2057.2
1310200 2064.8
1310210 2073.1
1310220 2073.1
1310230 2080.6
1310240 2088.4
1310250 2094.6
1310260 2094.6
1310270 2100.3
1310280 2106.9
1310290 2106.9
1310300 2113.2
1310310 2117.9
1310320 2117.9
1310330 2122.3
1310340 2126.7
1310350 2126.7
1310360 2131.2
1310370 2135.4
1310380 2135.4
1310390 2139.3
1310400 2142.0
1310410 2142.0
1310420 2142.7
1310430 2141.7
1310440 2141.7
1310450 2141.3
1310460 2142.3
1310470 2142.3
1310480 2140.1
1310490 2130.4
1310500 2130.4
1310510 2121.4
1310520 2114.8
1310530 2114.8
1310540 2108.5
1310550 2102.7
1310560 2097.5
1310570 2097.5
1310580 2092.7
1310590 2089.0
1310600 2089.0
1310610 2086.7
1310620 2088.1
1310630 2088.1
1310640 2089.0
1310650 2087.6
1310660 2087.6
1310670 2085.6
1310680 2083.7
1310690 2083.7
1310700 2083.0
1310710 2082.7
1310720 2082.7
1310730 2081.7
1310740 2082.4
1310750 2082.4
1310760 2081.8
1310770 2080.2
1310780 2080.2
1310790 2076.4
1310800 2072.1
1310810 2072.1
1310820 2071.5
1310830 2072.6
1310840 2070.8
1310850 2070.5
1310860 2069.0
1310870 2069.0
1310880 2065.2
1310890 2062.7
1310900 2059.2
1310910 2059.2
1310920 2057.6
1310930 2055.4
1310940 2055.4
1310950 2050.8
1310960 2041.6
1310970 2041.6
1310980 2031.7
1310990 2019.1
1311000 2019.1
1311010 2014.2
1311020 2009.4
1311030 2009.4
1311040 2005.4
1311050 2001.8
1311060 2001.8
1311070 2000.6
1311080 2000.7
1311090 2000.7
1311100 2000.9
1311110 2002.1
1311120 2002.1
1311130 2004.2
1311140 1999.8
1311150 1999.8
1311160 1993.2
1311170 1987.7
1311180 1987.7
1311190 1980.6
1311200 1979.4
1311210 1981.8
1311220 1981.8
1311230 1983.8
1311240 1986.0
1311250 1986.0
1311260 1988.5
1311270 1988.6
1311280 1988.6
1311290 1986.8
1311300 1983.9
1311310 1983.9
1311320 1982.5
1311330 1983.0
1311340 1983.0
1311350 1983.4
1311360 1986.1
1311370 1986.1
1311380 1989.6
1311390 1990.7
1311400 1990.7
1311410 1990.1
1311420 1990.1
1311430 1990.1
1311440 1991.4
1311450 1992.4
1311460 1992.4
1311470 1993.8
1311480 1996.5
1311490 1996.5
1311500 1998.1
1311510 2000.0
1311520 2002.4
1311530 2002.4
1311540 2005.6
1311550 2008.7
1311560 2008.7
1311570 2009.7
1311580 2013.4
1311590 2013.4
1311600 2018.9
1311610 2024.3
1311620 2024.3
1311630 2029.9
1311640 2037.1
1311650 2037.1
1311660 2045.4
1311670 2049.9
1311680 2049.9
1311690 2052.0
1311700 2054.0
1311710 2054.0
1311720 2057.1
1311730 2058.3
1311740 2058.3
1311750 2058.8
1311760 2059.2
1311770 2059.2
1311780 2060.5
1311790 2062.6
1311800 2062.6
1311810 2061.3
1311820 2060.1
1311830 2060.1
1311840 2060.5
1311850 2061.6
1311860 2061.4
1311870 2061.4
1311880 2061.5
1311890 2063.0
1311900 2063.0
1311910 2062.7
1311920 2061.5
1311930 2061.5
1311940 2059.8
1311950 2059.7
1311960 2059.7
1311970 2062.2
1311980 2067.3
1311990 2067.3
1312000 2075.0
1312010 2077.3
1312020 2077.3
1312030 2078.7
1312040 2081.0
1312050 2081.0
1312060 2083.2
1312070 2086.4
1312080 2086.4
1312090 2090.6
1312100 2095.1
1312110 2095.1
1312120 2099.7
1312130 2104.3
1312140 2104.3
1312150 2109.3
1312160 2116.4
1312170 2127.9
1312180 2127.9
1312190 2137.1
1312200 2149.5
1312210 2149.5
1312220 2159.5
1312230 2160.2
1312240 2160.2
1312250 2128.8
1312260 2086.9
1312270 2086.9
1312280 2069.1
1312290 2060.2
1312300 2060.2
1312310 2055.6
1312320 2049.3
1312330 2049.3
1312340 2043.3
1312350 2037.9
1312360 2037.9
1312370 2033.4
1312380 2030.9
1312390 2030.9
1312400 2029.6
1312410 2027.9
1312420 2027.9
1312430 2030.1
1312440 2032.6
1312450 2032.6
1312460 2032.3
1312470 2031.5
1312480 2026.7
1312490 2026.7
1312500 2019.3
1312510 2012.0
1312520 2012.0
1312530 2004.7
1312540 1996.4
1312550 1996.4
1312560 1989.6
1312570 1981.0
1312580 1981.0
1312590 1971.9
1312600 1966.2
1312610 1966.2
1312620 1964.6
1312630 1968.8
1312640 1968.8
1312650 1974.9
1312660 1979.8
1312670 1979.8
1312680 1981.2
1312690 1981.2
1312700 1981.2
1312710 1980.8
1312720 1978.5
1312730 1978.5
1312740 1978.8
1312750 1983.2
1312760 1983.2
1312770 1986.2
1312780 1986.9
1312790 1986.9
1312800 1988.0
1312810 1988.7
1312820 1987.8
1312830 1987.8
1312840 1984.9
1312850 1982.0
1312860 1982.0
1312870 1977.8
1312880 1972.5
1312890 1972.5
1312900 1970.7
1312910 1972.8
1312920 1972.8
1312930 1973.4
1312940 1974.6
1312950 1974.6
1312960 1979.8
1312970 1983.5
1312980 1983.5
1312990 1986.2
1313000 1991.3
1313010 1991.3
1313020 2004.1
1313030 2018.3
1313040 2018.3
1313050 2029.0
1313060 2035.1
1313070 2035.1
1313080 2036.5
1313090 2039.2
1313100 2039.2
1313110 2046.5
1313120 2055.2
1313130 2059.8
1313140 2059.8
1313150 2062.4
1313160 2065.8
1313170 2065.8
1313180 2068.4
1313190 2072.8
1313200 2072.8
1313210 2079.1
1313220 2084.6
1313230 2084.6
1313240 2090.7
1313250 2101.8
1313260 2101.8
1313270 2125.1
1313280 2138.7
1313290 2138.7
1313300 2145.8
1313310 2155.7
1313320 2155.7
1313330 2165.9
1313340 2171.4
1313350 2171.4
1313360 2174.8
1313370 2177.0
1313380 2177.0
1313390 2178.9
1313400 2178.4
1313410 2178.4
1313420 2169.9
1313430 2157.0
1313440 2138.3
1313450 2138.3
1313460 2121.4
1313470 2110.3
1313480 2110.3
1313490 2102.3
1313500 2096.2
1313510 2096.2
1313520 2091.4
1313530 2087.2
1313540 2087.2
1313550 2083.0
1313560 2078.9
1313570 2078.9
1313580 2075.4
1313590 2072.6
1313600 2072.6
1313610 2069.8
1313620 2066.5
1313630 2066.5
1313640 2061.8
1313650 2054.9
1313660 2054.9
1313670 2040.5
1313680 2027.4
1313690 2027.4
1313700 2001.8
1313710 1984.3
1313720 1984.3
1313730 1968.5
1313740 1947.8
1313750 1947.8
1313760 1908.0
1313770 1884.7
1313780 1876.7
1313790 1876.7
1313800 1869.3
1313810 1853.6
1313820 1853.6
1313830 1835.2
1313840 1828.6
1313850 1828.6
1313860 1822.5
1313870 1816.6
1313880 1816.6
1313890 1810.9
1313900 1805.0
1313910 1805.0
1313920 1798.9
1313930 1793.1
1313940 1793.1
1313950 1787.4
1313960 1781.8
1313970 1781.8
1313980 1776.4
1313990 1770.8
1314000 1770.8
1314010 1765.4
1314020 1760.4
1314030 1760.4
1314040 1756.0
1314050 1752.3
1314060 1752.3
1314070 1749.9
1314080 1747.7
1314090 1744.8
1314100 1744.8
1314110 1742.8
1314120 1741.4
1314130 1741.4
1314140 1740.3
1314150 1739.4
1314160 1739.4
1314170 1739.0
1314180 1739.2
1314190 1739.2
1314200 1738.7
1314210 1737.9
1314220 1737.9
1314230 1738.7
1314240 1738.4
1314250 1738.4
1314260 1736.4
1314270 1734.2
1314280 1734.2
1314290 1734.4
1314300 1735.8
1314310 1735.8
1314320 1736.8
1314330 1737.1
1314340 1737.1
1314350 1737.7
1314360 1741.2
1314370 1741.2
1314380 1744.2
1314390 1744.5
1314400 1743.5
1314410 1743.5
1314420 1742.0
1314430 1740.2
1314440 1740.2
1314450 1738.6
1314460 1737.0
1314470 1737.0
1314480 1735.8
1314490 1734.6
1314500 1734.6
1314510 1733.7
1314520 1732.8
1314530 1732.8
1314540 1731.9
1314550 1730.3
1314560 1730.3
1314570 1729.4
1314580 1728.8
1314590 1728.8
1314600 1728.9
1314610 1728.4
1314620 1728.4
1314630 1727.7
1314640 1725.7
1314650 1725.7
1314660 1724.1
1314670 1722.8
1314680 1722.8
1314690 1720.7
1314700 1718.8
1314710 1717.2
1314720 1717.2
1314730 1715.4
1314740 1713.6
1314750 1713.6
1314760 1711.5
1314770 1709.0
1314780 1709.0
1314790 1707.1
1314800 1705.7
1314810 1705.7
1314820 1702.3
1314830 1698.9
1314840 1698.9
1314850 1697.0
1314860 1693.8
1314870 1693.8
1314880 1691.3
1314890 1689.1
1314900 1689.1
1314910 1687.6
1314920 1687.0
1314930 1687.0
1314940 1686.5
1314950 1683.2
1314960 1683.2
1314970 1675.2
1314980 1666.4
1314990 1666.4
1315000 1660.0
1315010 1652.5
1315020 1652.5
1315030 1645.8
1315040 1639.2
1315050 1632.8
1315060 1632.8
1315070 1626.4
1315080 1619.7
1315090 1619.7
1315100 1613.3
1315110 1607.0
1315120 1607.0
1315130 1602.0
1315140 1597.3
1315150 1597.3
1315160 1593.0
1315170 1588.8
1315180 1588.8
1315190 1585.8
1315200 1583.5
1315210 1583.5
1315220 1580.8
1315230 1577.8
1315240 1577.8
1315250 1574.9
1315260 1571.5
1315270 1571.5
1315280 1567.0
1315290 1561.7
1315300 1561.7
1315310 1552.7
1315320 1547.3
1315330 1547.3
1315340 1543.3
1315350 1540.7
1315360 1538.1
1315370 1538.1
1315380 1535.4
1315390 1533.0
1315400 1533.0
1315410 1531.0
1315420 1528.3
1315430 1528.3
1315440 1525.6
1315450 1522.9
1315460 1522.9
1315470 1520.9
1315480 1519.0
1315490 1519.0
1315500 1516.6
1315510 1513.7
1315520 1513.7
1315530 1507.5
1315540 1502.1
1315550 1502.1
1315560 1500.2
1315570 1499.5
1315580 1499.5
1315590 1498.9
1315600 1497.5
1315610 1497.5
1315620 1496.4
1315630 1495.8
1315640 1495.8
1315650 1495.7
1315660 1496.4
1315670 1497.5
1315680 1497.5
1315690 1499.4
1315700 1500.4
1315710 1500.4
1315720 1501.2
1315730 1499.9
1315740 1499.9
1315750 1499.8
1315760 1500.8
1315770 1500.8
1315780 1500.8
1315790 1499.4
1315800 1499.4
1315810 1497.8
1315820 1496.9
1315830 1496.9
1315840 1495.7
1315850 1493.0
1315860 1493.0
1315870 1490.1
1315880 1488.0
1315890 1488.0
1315900 1485.2
1315910 1481.8
1315920 1481.8
1315930 1479.4
1315940 1477.9
1315950 1477.9
1315960 1476.7
1315970 1476.4
1315980 1476.4
1315990 1475.3
1316000 1471.6
1316010 1467.1
1316020 1467.1
1316030 1463.1
1316040 1460.8
1316050 1460.8
1316060 1460.1
1316070 1457.6
1316080 1457.6
1316090 1459.5
1316100 1461.1
1316110 1461.1
1316120 1461.8
1316130 1461.6
1316140 1461.6
1316150 1460.7
1316160 1459.4
1316170 1459.4
1316180 1458.3
1316190 1456.4
1316200 1456.4
1316210 1453.8
1316220 1451.5
1316230 1451.5
1316240 1448.5
1316250 1445.8
1316260 1445.8
1316270 1443.0
1316280 1441.7
1316290 1441.7
1316300 1440.3
1316310 1436.3
1316320 1433.1
1316330 1433.1
1316340 1430.9
1316350 1429.0
1316360 1429.0
1316370 1430.4
1316380 1431.6
1316390 1431.6
1316400 1431.2
1316410 1428.9
1316420 1428.9
1316430 1426.5
1316440 1424.8
1316450 1424.8
1316460 1423.1
1316470 1420.9
1316480 1420.9
1316490 1417.9
1316500 1415.2
1316510 1415.2
1316520 1413.8
1316530 1413.4
1316540 1413.4
1316550 1412.4
1316560 1409.9
1316570 1409.9
1316580 1407.1
1316590 1406.2
1316600 1406.2
1316610 1405.2
1316620 1405.2
1316630 1405.2
1316640 1405.2
1316650 1405.6
1316660 1405.2
1316670 1405.2
1316680 1402.6
1316690 1399.8
1316700 1399.8
1316710 1398.4
1316720 1397.5
1316730 1397.5
1316740 1396.8
1316750 1396.3
1316760 1396.3
1316770 1395.8
1316780 1395.3
1316790 1395.3
1316800 1394.7
1316810 1393.7
1316820 1389.8
1316830 1388.9
1316840 1388.0
1316850 1388.0
1316860 1387.0
1316870 1386.2
1316880 1386.2
1316890 1385.4
1316900 1384.1
1316910 1384.1
1316920 1382.7
1316930 1381.9
1316940 1381.9
1316950 1381.1
1316960 1380.9
1316970 1380.1
1316980 1380.1
1316990 1378.9
1317000 1377.5
1317010 1377.5
1317020 1376.0
1317030 1374.8
1317040 1374.8
1317050 1373.9
1317060 1373.0
1317070 1373.0
1317080 1371.5
1317090 1368.6
1317100 1368.6
1317110 1364.2
1317120 1357.9
1317130 1357.9
1317140 1352.4
1317150 1349.2
1317160 1349.2
1317170 1344.7
1317180 1338.6
1317190 1338.6
1317200 1334.2
1317210 1327.6
1317220 1327.6
1317230 1320.1
1317240 1310.7
1317250 1310.7
1317260 1300.4
1317270 1294.5
1317280 1292.6
1317290 1292.6
1317300 1291.4
1317310 1290.1
1317320 1290.1
1317330 1288.1
1317340 1286.3
1317350 1286.3
1317360 1284.6
1317370 1282.5
1317380 1282.5
1317390 1279.4
1317400 1276.5
1317410 1276.5
1317420 1273.7
1317430 1272.6
1317440 1272.6
1317450 1271.2
1317460 1267.9
1317470 1267.9
1317480 1265.5
1317490 1263.8
1317500 1263.8
1317510 1263.4
1317520 1263.0
1317530 1263.0
1317540 1262.3
1317550 1260.9
1317560 1260.9
1317570 1258.8
1317580 1256.5
1317590 1254.7
1317600 1254.7
1317610 1252.6
1317620 1249.9
1317630 1249.9
1317640 1247.5
1317650 1246.1
1317660 1246.1
1317670 1244.2
1317680 1241.7
1317690 1241.7
1317700 1239.5
1317710 1238.1
1317720 1238.1
1317730 1237.4
1317740 1237.0
1317750 1237.0
1317760 1235.9
1317770 1234.8
1317780 1234.8
1317790 1233.8
1317800 1232.7
1317810 1232.7
1317820 1232.0
1317830 1231.3
1317840 1231.3
1317850 1230.4
1317860 1231.1
1317870 1231.1
1317880 1235.1
1317890 1240.9
1317900 1240.9
1317910 1246.3
1317920 1252.1
1317930 1258.2
1317940 1258.2
1317950 1264.2
1317960 1269.4
1317970 1269.4
1317980 1275.6
1317990 1281.8
1318000 1281.8
1318010 1287.8
1318020 1293.3
1318030 1293.3
1318040 1298.9
1318050 1304.2
1318060 1304.2
1318070 1309.2
1318080 1312.0
1318090 1312.0
1318100 1311.9
1318110 1311.3
1318120 1311.3
1318130 1310.8
1318140 1310.5
1318150 1310.5
1318160 1309.6
1318170 1310.0
1318180 1310.0
1318190 1311.1
1318200 1312.9
1318210 1312.9
1318220 1314.9
1318230 1317.6
1318240 1322.2
1318250 1322.2
1318260 1327.8
1318270 1334.7
1318280 1334.7
1318290 1345.7
1318300 1349.4
1318310 1349.4
1318320 1327.9
1318330 1312.7
1318340 1312.7
1318350 1287.0
1318360 1278.7
1318370 1278.7
1318380 1253.7
1318390 1237.8
1318400 1237.8
1318410 1229.7
1318420 1218.9
1318430 1218.9
1318440 1212.1
1318450 1207.3
1318460 1207.3
1318470 1206.5
1318480 1205.6
1318490 1205.6
1318500 1203.2
1318510 1201.2
1318520 1201.2
1318530 1200.2
1318540 1200.1
1318550 1200.8
1318560 1200.8
1318570 1201.0
1318580 1200.5
1318590 1200.5
1318600 1199.3
1318610 1195.9
1318620 1195.9
1318630 1191.2
1318640 1190.4
1318650 1190.4
1318660 1192.0
1318670 1186.4
1318680 1186.4
1318690 1177.5
1318700 1167.7
1318710 1167.7
1318720 1165.8
1318730 1164.0
1318740 1164.0
1318750 1163.3
1318760 1164.5
1318770 1164.5
1318780 1182.8
1318790 1195.3
1318800 1195.3
1318810 1199.9
1318820 1206.4
1318830 1206.4
1318840 1194.3
1318850 1184.2
1318860 1184.2
1318870 1167.7
1318880 1152.3
1318890 1140.5
1318900 1140.5
1318910 1130.3
1318920 1116.2
1318930 1116.2
1318940 1106.0
1318950 1100.4
1318960 1100.4
1318970 1095.6
1318980 1088.8
1318990 1088.8
1319000 1081.0
1319010 1073.3
1319020 1073.3
1319030 1066.0
1319040 1059.1
1319050 1059.1
1319060 1051.8
1319070 1044.8
1319080 1044.8
1319090 1037.9
1319100 1031.0
1319110 1031.0
1319120 1023.8
1319130 1017.9
1319140 1017.9
1319150 1012.4
1319160 1007.1
1319170 1007.1
1319180 1001.8
1319190 997.6
1319200 995.7
1319210 995.7
1319220 992.3
1319230 986.0
1319240 986.0
1319250 979.5
1319260 973.1
1319270 973.1
1319280 966.9
1319290 961.0
1319300 961.0
1319310 956.0
1319320 951.4
1319330 951.4
1319340 947.4
1319350 942.7
1319360 942.7
1319370 937.9
1319380 933.4
1319390 933.4
1319400 929.5
1319410 926.0
1319420 926.0
1319430 922.1
1319440 917.9
1319450 917.9
1319460 915.1
1319470 911.6
1319480 911.6
1319490 905.3
1319500 900.5
1319510 896.2
1319520 896.2
1319530 895.1
1319540 895.6
1319550 895.6
1319560 894.9
1319570 895.4
1319580 895.4
1319590 897.3
1319600 897.7
1319610 897.7
1319620 898.3
1319630 899.2
1319640 899.2
1319650 900.0
1319660 900.7
1319670 900.7
1319680 901.2
1319690 901.2
1319700 901.2
1319710 901.5
1319720 902.7
1319730 902.7
1319740 904.4
1319750 905.2
1319760 905.2
1319770 903.5
1319780 901.5
1319790 901.5
1319800 901.2
1319810 897.1
1319820 897.1
1319830 888.7
1319840 882.8
1319850 880.1
1319860 880.1
1319870 876.5
1319880 872.1
1319890 872.1
1319900 866.2
1319910 862.7
1319920 862.7
1319930 861.3
1319940 859.5
1319950 859.5
1319960 857.6
1319970 853.8
1319980 853.8
1319990 851.2
