1300000 1507.9
1300010 1516.3
1300020 1516.3
1300030 1523.3
1300040 1527.3
1300050 1527.3
1300060 1530.7
1300070 1536.2
1300080 1536.2
1300090 1541.7
1300100 1546.4
1300110 1548.1
1300120 1548.1
1300130 1553.3
1300140 1563.0
1300150 1563.0
1300160 1569.1
1300170 1574.1
1300180 1574.1
1300190 1577.3
1300200 1580.6
1300210 1580.6
1300220 1587.0
1300230 1596.2
1300240 1596.2
1300250 1606.5
1300260 1616.5
1300270 1616.5
1300280 1627.6
1300290 1637.8
1300300 1637.8
1300310 1644.0
1300320 1654.3
1300330 1654.3
1300340 1666.4
1300350 1673.1
1300360 1673.1
1300370 1675.5
1300380 1678.5
1300390 1678.5
1300400 1687.8
1300410 1692.3
1300420 1692.1
1300430 1692.1
1300440 1694.6
1300450 1701.6
1300460 1701.6
1300470 1708.9
1300480 1715.3
1300490 1715.3
1300500 1721.0
1300510 1726.8
1300520 1726.8
1300530 1732.2
1300540 1737.7
1300550 1737.7
1300560 1743.4
1300570 1748.1
1300580 1743.8
1300590 1747.1
1300600 1749.1
1300610 1749.1
1300620 1751.1
1300630 1751.7
1300640 1751.7
1300650 1750.4
1300660 1749.7
1300670 1749.7
1300680 1747.3
1300690 1743.2
1300700 1743.2
1300710 1738.4
1300720 1734.8
1300730 1734.8
1300740 1732.1
1300750 1728.5
1300760 1728.4
1300770 1728.4
1300780 1730.2
1300790 1729.8
1300800 1729.8
1300810 1727.4
1300820 1725.0
1300830 1725.0
1300840 1723.7
1300850 1721.2
1300860 1721.2
1300870 1717.3
1300880 1713.8
1300890 1713.8
1300900 1711.1
1300910 1709.1
1300920 1709.1
1300930 1707.8
1300940 1706.7
1300950 1706.7
1300960 1705.6
1300970 1703.0
1300980 1703.0
1300990 1700.3
1301000 1698.4
1301010 1698.4
1301020 1695.6
1301030 1692.9
1301040 1692.9
1301050 1688.7
1301060 1683.9
1301070 1680.1
1301080 1680.1
1301090 1674.9
1301100 1673.6
1301110 1673.6
1301120 1672.9
1301130 1670.5
1301140 1670.5
1301150 1667.0
1301160 1663.6
1301170 1663.6
1301180 1659.8
1301190 1654.3
1301200 1654.3
1301210 1647.8
1301220 1642.8
1301230 1642.8
1301240 1638.7
1301250 1634.3
1301260 1634.3
1301270 1629.9
1301280 1624.0
1301290 1624.0
1301300 1616.7
1301310 1609.1
1301320 1609.1
1301330 1601.6
1301340 1596.5
1301350 1596.5
1301360 1591.7
1301370 1585.6
1301380 1581.1
1301390 1581.1
1301400 1577.7
1301410 1571.4
1301420 1571.4
1301430 1557.9
1301440 1552.1
1301450 1552.1
1301460 1546.5
1301470 1544.1
1301480 1544.1
1301490 1539.1
1301500 1533.7
1301510 1533.7
1301520 1524.9
1301530 1513.2
1301540 1513.2
1301550 1504.7
1301560 1497.1
1301570 1497.1
1301580 1488.7
1301590 1480.7
1301600 1480.7
1301610 1473.6
1301620 1466.0
1301630 1466.0
1301640 1458.8
1301650 1452.3
1301660 1452.3
1301670 1444.4
1301680 1435.8
1301690 1435.8
1301700 1427.5
1301710 1418.6
1301720 1405.1
1301730 1405.1
1301740 1390.1
1301750 1378.1
1301760 1378.1
1301770 1360.8
1301780 1352.0
1301790 1352.0
1301800 1341.5
1301810 1327.2
1301820 1327.2
1301830 1311.6
1301840 1296.5
1301850 1296.5
1301860 1285.9
1301870 1276.8
1301880 1276.8
1301890 1268.9
1301900 1261.3
1301910 1261.3
1301920 1253.8
1301930 1246.0
1301940 1246.0
1301950 1237.7
1301960 1228.3
1301970 1228.3
1301980 1216.3
1301990 1207.3
1302000 1207.3
1302010 1198.0
1302020 1187.4
1302030 1174.3
1302040 1174.3
1302050 1158.9
1302060 1144.6
1302070 1144.6
1302080 1136.0
1302090 1131.6
1302100 1131.6
1302110 1128.0
1302120 1123.4
1302130 1123.4
1302140 1123.3
1302150 1119.9
1302160 1119.9
1302170 1114.3
1302180 1108.0
1302190 1108.0
1302200 1101.1
1302210 1094.2
1302220 1094.2
1302230 1087.4
1302240 1080.7
1302250 1080.7
1302260 1074.0
1302270 1067.6
1302280 1067.6
1302290 1061.3
1302300 1055.3
1302310 1055.3
1302320 1049.0
1302330 1043.0
1302340 1043.0
1302350 1037.2
1302360 1031.3
1302370 1024.8
1302380 1024.8
1302390 1018.5
1302400 1012.3
1302410 1012.3
1302420 1005.8
1302430 999.7
1302440 999.7
1302450 994.5
1302460 989.3
1302470 989.3
1302480 983.7
1302490 978.4
1302500 978.4
1302510 972.9
1302520 967.4
1302530 967.4
1302540 961.8
1302550 956.3
1302560 956.3
1302570 951.2
1302580 946.2
1302590 946.2
1302600 941.3
1302610 934.9
1302620 934.9
1302630 929.1
1302640 926.2
1302650 926.2
1302660 926.0
1302670 926.0
1302680 926.0
1302690 926.0
1302700 926.0
1302710 926.0
1302720 926.0
1302730 926.0
1302740 926.0
1302750 926.0
1302760 926.0
1302770 926.0
1302780 926.0
1302790 926.0
1302800 926.0
1302810 926.0
1302820 926.0
1302830 926.0
1302840 926.0
1302850 926.0
1302860 926.0
1302870 926.0
1302880 926.0
1302890 926.0
1302900 926.0
1302910 926.0
1302920 926.0
1302930 926.0
1302940 926.0
1302950 926.0
1302960 926.0
1302970 926.0
1302980 926.0
1302990 926.0
1303000 926.0
1303010 926.0
1303020 926.0
1303030 926.0
1303040 926.0
1303050 926.0
1303060 926.0
1303070 926.0
1303080 926.0
1303090 926.0
1303100 926.0
1303110 926.0
1303120 926.0
1303130 926.0
1303140 926.0
1303150 926.0
1303160 926.0
1303170 926.0
1303180 926.0
1303190 926.0
1303200 926.0
1303210 926.0
1303220 926.0
1303230 926.0
1303240 926.0
1303250 926.0
1303260 926.0
1303270 926.0
1303280 926.0
1303290 926.0
1303300 926.0
1303310 926.0
1303320 926.0
1303330 926.0
1303340 926.0
1303350 926.0
1303360 926.0
1303370 926.0
1303380 926.0
1303390 926.0
1303400 926.0
1303410 926.0
1303420 926.0
1303430 926.0
1303440 926.0
1303450 926.0
1303460 926.0
1303470 926.0
1303480 926.0
1303490 926.0
1303500 926.0
1303510 926.0
1303520 926.0
1303530 926.0
1303540 926.0
1303550 926.0
1303560 926.0
1303570 926.0
1303580 926.0
1303590 926.0
1303600 926.0
1303610 926.0
1303620 926.0
1303630 926.0
1303640 926.0
1303650 926.0
1303660 926.0
1303670 926.0
1303680 926.0
1303690 926.0
1303700 926.0
1303710 926.0
1303720 926.0
1303730 926.0
1303740 926.0
1303750 926.0
1303760 926.0
1303770 926.0
1303780 926.0
1303790 926.0
1303800 926.0
1303810 926.0
1303820 926.0
1303830 926.0
1303840 926.0
1303850 926.0
1303860 926.0
1303870 926.0
1303880 926.0
1303890 926.0
1303900 926.0
1303910 926.0
1303920 926.0
1303930 926.0
1303940 926.0
1303950 926.0
1303960 926.0
1303970 926.0
1303980 926.2
1303990 926.2
1304000 928.7
1304010 931.3
1304020 931.3
1304030 934.7
1304040 940.0
1304050 940.0
1304060 943.9
1304070 948.4
1304080 948.4
1304090 952.9
1304100 957.9
1304110 957.9
1304120 962.5
1304130 966.9
1304140 966.9
1304150 970.5
1304160 977.1
1304170 977.1
1304180 983.7
1304190 990.5
1304200 990.5
1304210 997.9
1304220 1006.0
1304230 1006.0
1304240 1014.2
1304250 1021.2
1304260 1021.2
1304270 1025.6
1304280 1028.7
1304290 1032.7
1304300 1032.7
1304310 1037.1
1304320 1040.9
1304330 1040.9
1304340 1044.8
1304350 1050.6
1304360 1050.6
1304370 1058.2
1304380 1066.6
1304390 1066.6
1304400 1073.9
1304410 1078.9
1304420 1078.9
1304430 1080.4
1304440 1082.4
1304450 1082.4
1304460 1086.5
1304470 1091.0
1304480 1091.0
1304490 1097.5
1304500 1107.8
1304510 1107.8
1304520 1131.1
1304530 1149.5
1304540 1149.5
1304550 1161.6
1304560 1176.9
1304570 1176.9
1304580 1188.0
1304590 1195.9
1304600 1204.2
1304610 1204.2
1304620 1213.8
1304630 1224.0
1304640 1224.0
1304650 1229.3
1304660 1229.8
1304670 1229.8
1304680 1224.9
1304690 1226.3
1304700 1226.3
1304710 1232.7
1304720 1245.9
1304730 1245.9
1304740 1273.6
1304750 1290.9
1304760 1290.9
1304770 1296.0
1304780 1300.2
1304790 1300.2
1304800 1310.2
1304810 1312.6
1304820 1312.6
1304830 1314.6
1304840 1318.0
1304850 1318.0
1304860 1321.6
1304870 1326.7
1304880 1326.7
1304890 1332.5
1304900 1338.5
1304910 1338.5
1304920 1344.4
1304930 1350.6
1304940 1356.8
1304950 1356.8
1304960 1363.6
1304970 1370.1
1304980 1370.1
1304990 1376.4
1305000 1393.5
1305010 1393.5
1305020 1425.9
1305030 1463.4
1305040 1463.4
1305050 1483.1
1305060 1502.2
1305070 1502.2
1305080 1520.5
1305090 1524.3
1305100 1524.3
1305110 1530.7
1305120 1546.2
1305130 1546.2
1305140 1554.1
1305150 1562.9
1305160 1562.9
1305170 1579.8
1305180 1601.7
1305190 1601.7
1305200 1632.1
1305210 1651.2
1305220 1651.2
1305230 1660.6
1305240 1671.5
1305250 1683.9
1305260 1683.9
1305270 1693.5
1305280 1702.7
1305290 1702.7
1305300 1713.2
1305310 1719.3
1305320 1719.3
1305330 1723.3
1305340 1727.5
1305350 1727.5
1305360 1730.4
1305370 1732.7
1305380 1732.7
1305390 1735.2
1305400 1738.6
1305410 1738.6
1305420 1741.6
1305430 1743.5
1305440 1743.5
1305450 1745.6
1305460 1748.9
1305470 1748.9
1305480 1751.7
1305490 1752.4
1305500 1752.4
1305510 1746.9
1305520 1742.1
1305530 1742.1
1305540 1734.9
1305550 1728.3
1305560 1720.3
1305570 1720.3
1305580 1707.2
1305590 1699.5
1305600 1699.5
1305610 1697.2
1305620 1697.2
1305630 1697.2
1305640 1697.3
1305650 1699.9
1305660 1699.9
1305670 1707.7
1305680 1725.4
1305690 1725.4
1305700 1735.2
1305710 1747.4
1305720 1747.4
1305730 1766.0
1305740 1781.5
1305750 1781.5
1305760 1791.5
1305770 1794.1
1305780 1794.1
1305790 1795.0
1305800 1794.7
1305810 1794.7
1305820 1792.5
1305830 1786.0
1305840 1786.0
1305850 1779.3
1305860 1781.9
1305870 1781.9
1305880 1789.7
1305890 1796.6
1305900 1804.2
1305910 1804.2
1305920 1812.1
1305930 1818.2
1305940 1818.2
1305950 1825.4
1305960 1832.3
1305970 1832.3
1305980 1839.6
1305990 1846.9
1306000 1846.9
1306010 1854.7
1306020 1862.2
1306030 1862.2
1306040 1870.6
1306050 1878.7
1306060 1878.7
1306070 1886.4
1306080 1890.8
1306090 1890.8
1306100 1887.8
1306110 1879.4
1306120 1879.4
1306130 1868.4
1306140 1862.9
1306150 1862.9
1306160 1860.6
1306170 1854.8
1306180 1854.8
1306190 1846.8
1306200 1840.4
1306210 1836.0
1306220 1836.0
1306230 1830.9
1306240 1828.5
1306250 1828.5
1306260 1827.1
1306270 1826.0
1306280 1826.0
1306290 1827.5
1306300 1833.1
1306310 1833.1
1306320 1841.8
1306330 1834.0
1306340 1834.0
1306350 1828.0
1306360 1822.8
1306370 1822.8
1306380 1821.4
1306390 1819.4
1306400 1819.4
1306410 1816.5
1306420 1813.4
1306430 1813.4
1306440 1810.8
1306450 1809.0
1306460 1809.0
1306470 1805.0
1306480 1800.5
1306490 1800.5
1306500 1797.3
1306510 1796.0
1306520 1796.0
1306530 1798.2
1306540 1794.7
1306550 1793.8
1306560 1793.8
1306570 1791.8
1306580 1788.8
1306590 1788.8
1306600 1786.5
1306610 1783.7
1306620 1783.7
1306630 1782.3
1306640 1779.6
1306650 1779.6
1306660 1774.2
1306670 1772.8
1306680 1772.8
1306690 1769.0
1306700 1765.3
1306710 1765.3
1306720 1765.1
1306730 1765.5
1306740 1765.5
1306750 1766.9
1306760 1769.7
1306770 1769.7
1306780 1774.5
1306790 1777.4
1306800 1777.4
1306810 1778.2
1306820 1780.4
1306830 1780.4
1306840 1784.2
1306850 1786.2
1306860 1786.5
1306870 1786.5
1306880 1785.3
1306890 1785.0
1306900 1785.0
1306910 1783.3
1306920 1781.5
1306930 1781.5
1306940 1781.7
1306950 1773.9
1306960 1773.9
1306970 1773.8
1306980 1772.6
1306990 1772.6
1307000 1773.6
1307010 1775.3
1307020 1775.3
1307030 1776.4
1307040 1778.3
1307050 1778.3
1307060 1781.2
1307070 1783.4
1307080 1783.4
1307090 1784.9
1307100 1786.5
1307110 1786.5
1307120 1789.8
1307130 1793.4
1307140 1793.4
1307150 1796.6
1307160 1800.7
1307170 1804.3
1307180 1804.3
1307190 1803.4
1307200 1802.7
1307210 1802.7
1307220 1803.3
1307230 1805.0
1307240 1805.0
1307250 1805.7
1307260 1806.8
1307270 1806.8
1307280 1807.6
1307290 1808.6
1307300 1808.6
1307310 1809.5
1307320 1810.6
1307330 1810.6
1307340 1811.2
1307350 1811.8
1307360 1811.8
1307370 1814.2
1307380 1816.8
1307390 1816.8
1307400 1819.5
1307410 1822.3
1307420 1822.3
1307430 1824.7
1307440 1827.0
1307450 1827.0
1307460 1829.4
1307470 1830.9
1307480 1830.9
1307490 1832.8
1307500 1836.4
1307510 1840.7
1307520 1840.7
1307530 1844.2
1307540 1849.6
1307550 1849.6
1307560 1856.7
1307570 1861.2
1307580 1861.2
1307590 1863.7
1307600 1867.4
1307610 1867.4
1307620 1871.4
1307630 1875.3
1307640 1875.3
1307650 1880.0
1307660 1885.2
1307670 1887.8
1307680 1892.6
1307690 1897.5
1307700 1897.5
1307710 1902.3
1307720 1906.3
1307730 1906.3
1307740 1910.3
1307750 1915.2
1307760 1915.2
1307770 1920.8
1307780 1926.6
1307790 1926.6
1307800 1932.3
1307810 1938.5
1307820 1943.9
1307830 1943.9
1307840 1950.2
1307850 1956.2
1307860 1956.2
1307870 1962.0
1307880 1967.9
1307890 1967.9
1307900 1973.3
1307910 1979.8
1307920 1979.8
1307930 1987.8
1307940 1996.2
1307950 1996.2
1307960 2004.7
1307970 2012.8
1307980 2012.8
1307990 2020.6
1308000 2027.3
1308010 2027.3
1308020 2034.3
1308030 2040.1
1308040 2040.1
1308050 2046.7
1308060 2053.7
1308070 2053.7
1308080 2060.0
1308090 2067.5
1308100 2067.5
1308110 2075.1
1308120 2082.2
1308130 2082.2
1308140 2088.3
1308150 2092.9
1308160 2097.3
1308170 2097.3
1308180 2101.7
1308190 2107.1
1308200 2107.1
1308210 2112.4
1308220 2117.3
1308230 2117.3
1308240 2122.2
1308250 2126.7
1308260 2126.7
1308270 2132.1
1308280 2138.5
1308290 2138.5
1308300 2144.2
1308310 2150.9
1308320 2150.9
1308330 2156.5
1308340 2161.6
1308350 2161.6
1308360 2168.2
1308370 2175.4
1308380 2175.4
1308390 2177.9
1308400 2177.5
1308410 2177.5
1308420 2180.1
1308430 2184.7
1308440 2184.7
1308450 2187.8
1308460 2192.2
1308470 2197.2
1308480 2197.2
1308490 2202.8
1308500 2208.5
1308510 2208.5
1308520 2212.4
1308530 2215.8
1308540 2215.8
1308550 2220.6
1308560 2218.0
1308570 2218.0
1308580 2199.0
1308590 2168.0
1308600 2168.0
1308610 2149.7
1308620 2131.4
1308630 2131.4
1308640 2109.5
1308650 2086.1
1308660 2086.1
1308670 2046.3
1308680 2029.9
1308690 2029.9
1308700 2024.3
1308710 2018.8
1308720 2018.8
1308730 2013.2
1308740 2007.1
1308750 2007.1
1308760 2001.2
1308770 1995.3
1308780 1989.0
1308790 1989.0
1308800 1983.9
1308810 1979.7
1308820 1979.7
1308830 1976.2
1308840 1972.8
1308850 1972.8
1308860 1969.7
1308870 1969.3
1308880 1969.3
1308890 1972.7
1308900 1980.9
1308910 1980.9
1308920 1991.8
1308930 1996.1
1308940 1996.1
1308950 2001.0
1308960 2002.3
1308970 2002.3
1308980 2002.4
1308990 2002.8
1309000 2002.8
1309010 2003.6
1309020 1998.7
1309030 1998.7
1309040 1998.4
1309050 1999.6
1309060 1999.6
1309070 1999.7
1309080 2002.1
1309090 2002.1
1309100 2004.1
1309110 1999.3
1309120 1986.4
1309130 1986.4
1309140 1981.7
1309150 1980.3
1309160 1980.3
1309170 1982.0
1309180 1989.6
1309190 1989.6
1309200 2008.8
1309210 2016.8
1309220 2016.8
1309230 2019.2
1309240 2021.2
1309250 2021.2
1309260 2023.0
1309270 2025.0
1309280 2025.0
1309290 2028.1
1309300 2032.7
1309310 2032.7
1309320 2038.6
1309330 2043.0
1309340 2043.0
1309350 2044.7
1309360 2048.9
1309370 2048.9
1309380 2055.8
1309390 2061.1
1309400 2061.1
1309410 2061.7
1309420 2056.4
1309430 2044.5
1309440 2044.5
1309450 2028.0
1309460 2020.3
1309470 2020.3
1309480 2014.2
1309490 2002.5
1309500 2002.5
1309510 1982.2
1309520 1977.5
1309530 1977.5
1309540 1974.1
1309550 1966.6
1309560 1966.6
1309570 1951.3
1309580 1947.1
1309590 1947.1
1309600 1945.7
1309610 1944.8
1309620 1944.8
1309630 1938.7
1309640 1936.4
1309650 1936.4
1309660 1937.2
1309670 1939.4
1309680 1939.4
1309690 1940.6
1309700 1942.1
1309710 1942.1
1309720 1942.5
1309730 1943.5
1309740 1944.2
1309750 1944.2
1309760 1943.3
1309770 1940.5
1309780 1940.5
1309790 1939.5
1309800 1940.8
1309810 1940.8
1309820 1941.2
1309830 1945.4
1309840 1945.4
1309850 1948.8
1309860 1949.8
1309870 1949.8
1309880 1950.2
1309890 1954.1
1309900 1954.1
1309910 1958.9
1309920 1963.4
1309930 1963.4
1309940 1966.8
1309950 1970.9
1309960 1970.9
1309970 1974.7
1309980 1976.6
1309990 1976.6
1310000 1976.6
1310010 1975.1
1310020 1975.1
1310030 1974.2
1310040 1975.8
1310050 1975.8
1310060 1978.1
1310070 1980.7
1310080 1984.2
1310090 1984.2
1310100 1989.7
1310110 1997.0
1310120 1997.0
1310130 2002.8
1310140 2007.9
1310150 2007.9
1310160 2013.7
1310170 2020.4
1310180 2020.4
1310190 2027.3
1310200 2034.5
1310210 2034.5
1310220 2046.6
1310230 2058.5
1310240 2058.5
1310250 2080.5
1310260 2102.7
1310270 2102.7
1310280 2120.8
1310290 2131.0
1310300 2131.0
1310310 2135.3
1310320 2138.2
1310330 2138.2
1310340 2139.0
1310350 2141.1
1310360 2141.1
1310370 2144.5
1310380 2148.5
1310390 2152.0
1310400 2152.0
1310410 2154.9
1310420 2158.0
1310430 2158.0
1310440 2160.3
1310450 2162.6
1310460 2162.6
1310470 2164.9
1310480 2167.2
1310490 2167.2
1310500 2168.7
1310510 2168.1
1310520 2168.1
1310530 2165.8
1310540 2160.0
1310550 2160.0
1310560 2149.9
1310570 2139.8
1310580 2135.2
1310590 2109.7
1310600 2094.0
1310610 2094.0
1310620 2087.5
1310630 2081.1
1310640 2081.1
1310650 2075.7
1310660 2071.9
1310670 2071.9
1310680 2069.1
1310690 2066.8
1310700 2065.1
1310710 2065.1
1310720 2065.6
1310730 2067.6
1310740 2067.6
1310750 2070.9
1310760 2075.9
1310770 2075.9
1310780 2079.9
1310790 2084.2
1310800 2084.2
1310810 2089.1
1310820 2093.5
1310830 2093.5
1310840 2095.4
1310850 2093.3
1310860 2093.3
1310870 2092.7
1310880 2091.0
1310890 2091.0
1310900 2086.6
1310910 2082.6
1310920 2082.6
1310930 2079.9
1310940 2080.2
1310950 2080.2
1310960 2079.7
1310970 2077.9
1310980 2077.9
1310990 2076.9
1311000 2076.0
1311010 2076.0
1311020 2075.0
1311030 2074.8
1311040 2076.2
1311050 2076.2
1311060 2075.2
1311070 2071.5
1311080 2071.5
1311090 2066.6
1311100 2061.4
1311110 2061.4
1311120 2058.2
1311130 2056.6
1311140 2056.6
1311150 2054.7
1311160 2047.9
1311170 2047.9
1311180 2041.4
1311190 2042.7
1311200 2042.7
1311210 2045.1
1311220 2048.0
1311230 2048.0
1311240 2052.0
1311250 2056.5
1311260 2056.5
1311270 2060.6
1311280 2064.3
1311290 2064.3
1311300 2068.5
1311310 2073.3
1311320 2068.7
1311330 2074.4
1311340 2083.2
1311350 2092.5
1311360 2092.5
1311370 2098.5
1311380 2105.9
1311390 2105.9
1311400 2116.7
1311410 2122.2
1311420 2122.2
1311430 2122.6
1311440 2115.1
1311450 2115.1
1311460 2102.8
1311470 2097.1
1311480 2097.1
1311490 2092.8
1311500 2089.6
1311510 2089.6
1311520 2086.0
1311530 2081.9
1311540 2081.9
1311550 2077.9
1311560 2074.3
1311570 2074.3
1311580 2071.2
1311590 2067.9
1311600 2067.9
1311610 2064.9
1311620 2061.5
1311630 2061.5
1311640 2058.4
1311650 2054.9
1311660 2054.9
1311670 2051.5
1311680 2049.0
1311690 2046.8
1311700 2046.8
1311710 2044.9
1311720 2043.0
1311730 2043.0
1311740 2041.7
1311750 2041.6
1311760 2041.6
1311770 2043.6
1311780 2046.0
1311790 2046.0
1311800 2048.6
1311810 2051.7
1311820 2051.7
1311830 2055.2
1311840 2058.3
1311850 2058.3
1311860 2061.2
1311870 2064.2
1311880 2064.2
1311890 2067.9
1311900 2072.5
1311910 2072.5
1311920 2077.8
1311930 2082.7
1311940 2082.7
1311950 2087.3
1311960 2091.1
1311970 2091.1
1311980 2094.8
1311990 2097.0
1312000 2099.3
1312010 2099.3
1312020 2101.2
1312030 2101.1
1312040 2101.1
1312050 2092.9
1312060 2085.9
1312070 2085.9
1312080 2079.7
1312090 2074.1
1312100 2074.1
1312110 2068.3
1312120 2062.1
1312130 2062.1
1312140 2055.8
1312150 2050.6
1312160 2050.6
1312170 2045.8
1312180 2041.4
1312190 2041.4
1312200 2037.4
1312210 2034.5
1312220 2034.5
1312230 2033.0
1312240 2032.9
1312250 2032.9
1312260 2032.9
1312270 2033.0
1312280 2033.0
1312290 2033.5
1312300 2034.2
1312310 2035.4
1312320 2035.4
1312330 2038.6
1312340 2044.3
1312350 2044.3
1312360 2047.2
1312370 2049.0
1312380 2049.0
1312390 2051.7
1312400 2058.8
1312410 2058.8
1312420 2067.3
1312430 2068.6
1312440 2068.6
1312450 2068.6
1312460 2067.2
1312470 2067.2
1312480 2061.2
1312490 2053.9
1312500 2053.9
1312510 2047.0
1312520 2043.5
1312530 2043.5
1312540 2041.1
1312550 2039.7
1312560 2039.7
1312570 2038.9
1312580 2036.8
1312590 2036.8
1312600 2036.4
1312610 2034.8
1312620 2034.8
1312630 2031.9
1312640 2028.8
1312650 2027.3
1312660 2027.3
1312670 2026.2
1312680 2028.1
1312690 2028.1
1312700 2033.7
1312710 2038.6
1312720 2038.6
1312730 2041.7
1312740 2042.6
1312750 2042.6
1312760 2042.6
1312770 2042.4
1312780 2042.4
1312790 2042.5
1312800 2037.0
1312810 2037.0
1312820 2033.2
1312830 2029.9
1312840 2029.9
1312850 2027.6
1312860 2028.3
1312870 2028.3
1312880 2029.9
1312890 2031.3
1312900 2031.3
1312910 2032.8
1312920 2035.0
1312930 2035.0
1312940 2038.5
1312950 2043.0
1312960 2048.5
1312970 2048.5
1312980 2054.2
1312990 2061.0
1313000 2061.0
1313010 2068.8
1313020 2089.8
1313030 2089.8
1313040 2110.2
1313050 2119.4
1313060 2119.4
1313070 2127.5
1313080 2134.5
1313090 2134.5
1313100 2140.1
1313110 2145.0
1313120 2145.0
1313130 2148.3
1313140 2151.3
1313150 2151.3
1313160 2154.6
1313170 2155.0
1313180 2155.0
1313190 2157.7
1313200 2162.2
1313210 2162.2
1313220 2167.4
1313230 2171.7
1313240 2171.7
1313250 2171.9
1313260 2172.4
1313270 2166.2
1313280 2166.2
1313290 2151.1
1313300 2131.7
1313310 2131.7
1313320 2114.7
1313330 2100.4
1313340 2100.4
1313350 2062.6
1313360 2027.6
1313370 2027.6
1313380 2018.3
1313390 2011.4
1313400 2011.4
1313410 2001.3
1313420 1991.6
1313430 1991.6
1313440 1983.9
1313450 1976.7
1313460 1976.7
1313470 1970.3
1313480 1962.4
1313490 1962.4
1313500 1937.8
1313510 1921.7
1313520 1921.7
1313530 1916.4
1313540 1913.2
1313550 1913.2
1313560 1907.1
1313570 1901.2
1313580 1901.2
1313590 1895.5
1313600 1890.0
1313610 1884.7
1313620 1884.7
1313630 1879.9
1313640 1875.6
1313650 1875.6
1313660 1870.9
1313670 1865.7
1313680 1865.7
1313690 1861.3
1313700 1858.4
1313710 1858.4
1313720 1855.3
1313730 1851.5
1313740 1851.5
1313750 1847.1
1313760 1843.7
1313770 1843.7
1313780 1839.0
1313790 1834.5
1313800 1834.5
1313810 1828.8
1313820 1822.0
1313830 1822.0
1313840 1817.2
1313850 1813.8
1313860 1813.8
1313870 1810.2
1313880 1807.1
1313890 1807.1
1313900 1804.9
1313910 1806.1
1313920 1803.5
1313930 1803.5
1313940 1800.3
1313950 1798.6
1313960 1798.6
1313970 1796.9
1313980 1794.8
1313990 1794.8
1314000 1793.0
1314010 1791.1
1314020 1791.1
1314030 1788.9
1314040 1788.8
1314050 1788.8
1314060 1791.6
1314070 1792.6
1314080 1792.6
1314090 1787.3
1314100 1780.8
1314110 1780.8
1314120 1775.6
1314130 1774.8
1314140 1774.8
1314150 1777.0
1314160 1777.7
1314170 1777.7
1314180 1777.8
1314190 1778.9
1314200 1778.9
1314210 1779.5
1314220 1780.0
1314230 1780.4
1314240 1780.4
1314250 1781.3
1314260 1782.5
1314270 1782.5
1314280 1781.8
1314290 1781.2
1314300 1781.2
1314310 1782.1
1314320 1780.8
1314330 1780.8
1314340 1780.0
1314350 1779.4
1314360 1779.4
1314370 1778.7
1314380 1778.0
1314390 1778.0
1314400 1777.5
1314410 1776.6
1314420 1776.6
1314430 1776.1
1314440 1775.8
1314450 1775.8
1314460 1777.3
1314470 1776.8
1314480 1776.8
1314490 1778.7
1314500 1782.3
1314510 1782.3
1314520 1786.3
1314530 1788.3
1314540 1788.3
1314550 1791.5
1314560 1791.1
1314570 1786.7
1314580 1786.7
1314590 1783.5
1314600 1781.4
1314610 1781.4
1314620 1780.4
1314630 1778.9
1314640 1778.9
1314650 1775.7
1314660 1771.6
1314670 1771.6
1314680 1767.7
1314690 1762.7
1314700 1762.7
1314710 1757.0
1314720 1751.5
1314730 1751.5
1314740 1748.1
1314750 1745.6
1314760 1745.6
1314770 1743.3
1314780 1741.2
1314790 1741.2
1314800 1739.4
1314810 1737.2
1314820 1737.2
1314830 1734.4
1314840 1731.8
1314850 1731.8
1314860 1729.7
1314870 1727.0
1314880 1723.9
1314890 1723.9
1314900 1720.8
1314910 1719.0
1314920 1719.0
1314930 1718.3
1314940 1718.2
1314950 1718.2
1314960 1718.2
1314970 1717.9
1314980 1717.9
1314990 1717.3
1315000 1716.3
1315010 1716.3
1315020 1715.5
1315030 1715.2
1315040 1712.1
1315050 1711.7
1315060 1711.0
1315070 1711.0
1315080 1709.9
1315090 1708.6
1315100 1708.6
1315110 1707.3
1315120 1706.0
1315130 1706.0
1315140 1704.8
1315150 1703.3
1315160 1703.3
1315170 1701.7
1315180 1700.1
1315190 1698.4
1315200 1698.4
1315210 1696.7
1315220 1694.7
1315230 1694.7
1315240 1692.5
1315250 1690.0
1315260 1690.0
1315270 1687.6
1315280 1685.0
1315290 1685.0
1315300 1682.4
1315310 1679.7
1315320 1679.7
1315330 1674.5
1315340 1666.7
1315350 1666.7
1315360 1659.1
1315370 1652.2
1315380 1652.2
1315390 1646.3
1315400 1640.6
1315410 1640.6
1315420 1635.1
1315430 1629.4
1315440 1629.4
1315450 1623.5
1315460 1617.9
1315470 1617.9
1315480 1612.4
1315490 1607.0
1315500 1607.0
1315510 1601.5
1315520 1595.9
1315530 1590.1
1315540 1590.1
1315550 1584.4
1315560 1579.1
1315570 1579.1
1315580 1574.5
1315590 1570.3
1315600 1570.3
1315610 1566.3
1315620 1562.6
1315630 1562.6
1315640 1559.1
1315650 1555.9
1315660 1555.9
1315670 1553.1
1315680 1550.7
1315690 1550.7
1315700 1548.3
1315710 1545.8
1315720 1545.8
1315730 1542.5
1315740 1539.1
1315750 1539.1
1315760 1536.0
1315770 1533.2
1315780 1533.2
1315790 1530.2
1315800 1525.6
1315810 1525.6
1315820 1522.2
1315830 1518.8
1315840 1516.1
1315850 1516.1
1315860 1513.1
1315870 1511.6
1315880 1511.6
1315890 1511.0
1315900 1511.6
1315910 1511.6
1315920 1511.1
1315930 1508.6
1315940 1508.6
1315950 1505.1
1315960 1502.0
1315970 1502.0
1315980 1499.8
1315990 1498.6
1316000 1498.6
1316010 1497.3
1316020 1495.5
1316030 1495.5
1316040 1493.0
1316050 1490.2
1316060 1490.2
1316070 1487.9
1316080 1485.3
1316090 1485.3
1316100 1482.5
1316110 1479.8
1316120 1479.8
1316130 1476.2
1316140 1472.4
1316150 1470.7
1316160 1470.7
1316170 1467.8
1316180 1465.9
1316190 1465.9
1316200 1465.3
1316210 1465.0
1316220 1465.0
1316230 1464.6
1316240 1464.4
1316250 1464.4
1316260 1464.3
1316270 1463.8
1316280 1463.8
1316290 1463.1
1316300 1462.3
1316310 1462.3
1316320 1461.4
1316330 1460.8
1316340 1460.8
1316350 1460.1
1316360 1459.5
1316370 1459.5
1316380 1459.1
1316390 1459.0
1316400 1459.0
1316410 1459.1
1316420 1459.2
1316430 1459.2
1316440 1459.0
1316450 1458.6
1316460 1458.6
1316470 1458.1
1316480 1457.5
1316490 1457.4
1316500 1457.4
1316510 1457.2
1316520 1456.7
1316530 1456.7
1316540 1456.0
1316550 1453.3
1316560 1450.0
1316570 1446.2
1316580 1441.4
1316590 1441.4
1316600 1437.9
1316610 1436.0
1316620 1436.0
1316630 1433.5
1316640 1429.6
1316650 1429.6
1316660 1427.3
1316670 1425.8
1316680 1425.8
1316690 1425.2
1316700 1424.0
1316710 1424.0
1316720 1419.5
1316730 1416.2
1316740 1416.2
1316750 1415.0
1316760 1414.1
1316770 1414.1
1316780 1412.4
1316790 1409.5
1316800 1407.1
1316810 1407.1
1316820 1405.0
1316830 1404.0
1316840 1404.0
1316850 1402.9
1316860 1401.7
1316870 1401.7
1316880 1399.3
1316890 1395.1
1316900 1395.1
1316910 1390.0
1316920 1385.9
1316930 1385.9
1316940 1383.0
1316950 1380.0
1316960 1380.0
1316970 1376.8
1316980 1373.2
1316990 1373.2
1317000 1368.9
1317010 1364.9
1317020 1364.9
1317030 1360.9
1317040 1357.6
1317050 1357.6
1317060 1354.2
1317070 1350.7
1317080 1350.7
1317090 1349.2
1317100 1348.0
1317110 1345.9
1317120 1345.9
1317130 1343.9
1317140 1340.1
1317150 1340.1
1317160 1335.3
1317170 1331.2
1317180 1331.2
1317190 1327.1
1317200 1324.1
1317210 1324.1
1317220 1322.6
1317230 1321.2
1317240 1321.2
1317250 1319.3
1317260 1318.0
1317270 1318.0
1317280 1317.9
1317290 1317.9
1317300 1317.9
1317310 1315.0
1317320 1308.2
1317330 1308.2
1317340 1305.5
1317350 1303.7
1317360 1303.7
1317370 1301.0
1317380 1299.6
1317390 1299.6
1317400 1299.0
1317410 1298.3
1317420 1298.3
1317430 1298.3
1317440 1298.3
1317450 1299.3
1317460 1299.3
1317470 1302.5
1317480 1305.8
1317490 1305.8
1317500 1305.0
1317510 1300.4
1317520 1300.4
1317530 1295.7
1317540 1292.4
1317550 1292.4
1317560 1290.4
1317570 1288.2
1317580 1288.2
1317590 1286.1
1317600 1283.8
1317610 1283.8
1317620 1280.7
1317630 1278.2
1317640 1278.2
1317650 1276.6
1317660 1274.7
1317670 1274.7
1317680 1274.7
1317690 1274.0
1317700 1274.0
1317710 1273.8
1317720 1273.6
1317730 1273.6
1317740 1272.9
1317750 1271.3
1317760 1269.9
1317770 1269.9
1317780 1267.4
1317790 1265.2
1317800 1265.2
1317810 1262.8
1317820 1263.4
1317830 1263.4
1317840 1266.3
1317850 1268.6
1317860 1268.6
1317870 1270.6
1317880 1271.9
1317890 1271.9
1317900 1274.2
1317910 1277.7
1317920 1277.7
1317930 1281.6
1317940 1285.8
1317950 1285.8
1317960 1289.4
1317970 1292.8
1317980 1292.8
1317990 1295.8
1318000 1299.7
1318010 1299.7
1318020 1305.1
1318030 1311.8
1318040 1311.8
1318050 1317.9
1318060 1323.8
1318070 1323.8
1318080 1329.4
1318090 1335.3
1318100 1342.1
1318110 1342.1
1318120 1348.6
1318130 1355.2
1318140 1355.2
1318150 1361.6
1318160 1368.3
1318170 1368.3
1318180 1375.3
1318190 1383.1
1318200 1383.1
1318210 1391.5
1318220 1400.2
1318230 1400.2
1318240 1408.8
1318250 1417.7
1318260 1417.7
1318270 1427.8
1318280 1438.6
1318290 1438.6
1318300 1448.4
1318310 1457.1
1318320 1457.1
1318330 1465.7
1318340 1474.1
1318350 1474.1
1318360 1482.9
1318370 1492.3
1318380 1492.3
1318390 1500.6
1318400 1507.1
1318410 1512.2
1318420 1512.2
1318430 1516.8
1318440 1518.9
1318450 1518.9
1318460 1521.2
1318470 1524.8
1318480 1524.8
1318490 1528.1
1318500 1527.5
1318510 1527.5
1318520 1524.4
1318530 1520.8
1318540 1520.8
1318550 1516.4
1318560 1511.1
1318570 1511.1
1318580 1505.5
1318590 1495.4
1318600 1495.4
1318610 1478.2
1318620 1461.9
1318630 1461.9
1318640 1445.4
1318650 1431.1
1318660 1431.1
1318670 1418.0
1318680 1405.1
1318690 1405.1
1318700 1394.3
1318710 1382.8
1318720 1373.1
1318730 1373.1
1318740 1364.9
1318750 1347.2
1318760 1347.2
1318770 1332.0
1318780 1321.1
1318790 1321.1
1318800 1309.9
1318810 1302.0
1318820 1302.0
1318830 1296.0
1318840 1291.2
1318850 1284.9
1318860 1277.5
1318870 1265.7
1318880 1265.7
1318890 1252.6
1318900 1242.2
1318910 1242.2
1318920 1235.5
1318930 1228.5
1318940 1228.5
1318950 1221.7
1318960 1215.1
1318970 1215.1
1318980 1209.8
1318990 1205.6
1319000 1205.6
1319010 1201.5
1319020 1197.6
1319030 1197.6
1319040 1193.7
1319050 1187.7
1319060 1176.5
1319070 1176.5
1319080 1161.1
1319090 1149.3
1319100 1149.3
1319110 1140.6
1319120 1133.8
1319130 1133.8
1319140 1121.1
1319150 1102.4
1319160 1102.4
1319170 1094.4
1319180 1089.6
1319190 1089.6
1319200 1085.4
1319210 1081.0
1319220 1081.0
1319230 1075.8
1319240 1070.8
1319250 1070.8
1319260 1065.6
1319270 1059.9
1319280 1059.9
1319290 1053.8
1319300 1047.1
1319310 1047.1
1319320 1040.0
1319330 1034.3
1319340 1034.3
1319350 1028.1
1319360 1021.0
1319370 1015.2
1319380 1015.2
1319390 1009.0
1319400 1002.7
1319410 1002.7
1319420 997.0
1319430 992.1
1319440 992.1
1319450 987.9
1319460 983.6
1319470 983.6
1319480 978.8
1319490 975.5
1319500 975.5
1319510 973.7
1319520 971.8
1319530 971.8
1319540 968.4
1319550 967.1
1319560 967.1
1319570 965.3
1319580 961.3
1319590 961.3
1319600 955.5
1319610 950.2
1319620 950.2
1319630 946.0
1319640 944.3
1319650 944.3
1319660 944.1
1319670 943.4
1319680 942.9
1319690 942.9
1319700 941.9
1319710 937.8
1319720 937.8
1319730 935.6
1319740 932.9
1319750 932.9
1319760 928.4
1319770 923.8
1319780 923.8
1319790 919.0
1319800 914.4
1319810 914.4
1319820 909.8
1319830 904.6
1319840 904.6
1319850 899.2
1319860 893.2
1319870 893.2
1319880 887.7
1319890 880.6
1319900 880.6
1319910 874.1
1319920 868.5
1319930 868.5
1319940 863.7
1319950 859.7
1319960 859.7
1319970 855.5
1319980 851.2
1319990 851.2
