1300000 1825.8
1300010 1825.8
1300020 1827.1
1300030 1829.7
1300040 1829.7
1300050 1831.4
1300060 1832.3
1300070 1832.3
1300080 1834.1
1300090 1835.4
1300100 1835.4
1300110 1834.6
1300120 1833.8
1300130 1833.8
1300140 1833.9
1300150 1835.5
1300160 1835.5
1300170 1837.7
1300180 1839.9
1300190 1839.9
1300200 1841.7
1300210 1844.6
1300220 1844.6
1300230 1847.7
1300240 1851.7
1300250 1851.7
1300260 1855.6
1300270 1861.6
1300280 1861.6
1300290 1869.1
1300300 1874.6
1300310 1879.7
1300320 1879.7
1300330 1892.0
1300340 1895.4
1300350 1895.4
1300360 1898.7
1300370 1900.9
1300380 1900.9
1300390 1903.3
1300400 1904.5
1300410 1904.5
1300420 1904.3
1300430 1903.3
1300440 1903.3
1300450 1903.0
1300460 1903.8
1300470 1903.8
1300480 1905.7
1300490 1907.3
1300500 1907.3
1300510 1906.6
1300520 1901.6
1300530 1901.6
1300540 1892.9
1300550 1883.4
1300560 1883.4
1300570 1875.5
1300580 1867.0
1300590 1867.0
1300600 1858.2
1300610 1853.4
1300620 1846.7
1300630 1846.7
1300640 1839.8
1300650 1835.6
1300660 1835.6
1300670 1832.1
1300680 1828.8
1300690 1828.8
1300700 1824.3
1300710 1819.6
1300720 1819.6
1300730 1814.1
1300740 1808.8
1300750 1808.8
1300760 1803.4
1300770 1799.1
1300780 1799.1
1300790 1794.1
1300800 1788.8
1300810 1788.8
1300820 1782.1
1300830 1774.5
1300840 1774.5
1300850 1766.5
1300860 1758.2
1300870 1758.2
1300880 1751.0
1300890 1743.4
1300900 1743.4
1300910 1736.1
1300920 1728.8
1300930 1728.8
1300940 1722.4
1300950 1718.8
1300960 1714.1
1300970 1714.1
1300980 1712.3
1300990 1706.8
1301000 1706.8
1301010 1703.2
1301020 1699.1
1301030 1693.6
1301040 1682.9
1301050 1672.2
1301060 1672.2
1301070 1657.8
1301080 1651.1
1301090 1651.1
1301100 1645.4
1301110 1645.5
1301120 1645.5
1301130 1648.6
1301140 1647.4
1301150 1647.4
1301160 1635.8
1301170 1632.9
1301180 1632.9
1301190 1634.7
1301200 1634.1
1301210 1634.1
1301220 1629.5
1301230 1623.4
1301240 1623.4
1301250 1608.8
1301260 1603.7
1301270 1603.7
1301280 1600.9
1301290 1598.1
1301300 1591.6
1301310 1591.6
1301320 1584.2
1301330 1576.2
1301340 1576.2
1301350 1565.4
1301360 1550.8
1301370 1550.8
1301380 1545.5
1301390 1543.7
1301400 1543.7
1301410 1537.5
1301420 1527.8
1301430 1527.8
1301440 1516.1
1301450 1494.6
1301460 1494.6
1301470 1472.6
1301480 1453.8
1301490 1453.8
1301500 1438.6
1301510 1425.2
1301520 1425.2
1301530 1414.8
1301540 1412.6
1301550 1412.6
1301560 1408.8
1301570 1398.0
1301580 1398.0
1301590 1389.6
1301600 1381.9
1301610 1374.1
1301620 1374.1
1301630 1364.7
1301640 1353.6
1301650 1353.6
1301660 1345.0
1301670 1338.0
1301680 1338.0
1301690 1330.5
1301700 1319.8
1301710 1319.8
1301720 1311.4
1301730 1285.4
1301740 1285.4
1301750 1273.0
1301760 1262.4
1301770 1262.4
1301780 1256.6
1301790 1242.8
1301800 1242.8
1301810 1211.6
1301820 1192.5
1301830 1192.5
1301840 1189.1
1301850 1185.5
1301860 1185.5
1301870 1183.0
1301880 1181.4
1301890 1181.4
1301900 1178.3
1301910 1176.1
1301920 1176.1
1301930 1175.8
1301940 1175.2
1301950 1165.4
1301960 1165.4
1301970 1155.6
1301980 1154.5
1301990 1154.5
1302000 1154.3
1302010 1150.4
1302020 1150.4
1302030 1153.9
1302040 1160.9
1302050 1160.9
1302060 1160.3
1302070 1149.6
1302080 1149.6
1302090 1142.9
1302100 1145.1
1302110 1145.1
1302120 1140.3
1302130 1131.1
1302140 1131.1
1302150 1123.0
1302160 1119.1
1302170 1119.1
1302180 1119.3
1302190 1127.8
1302200 1127.8
1302210 1137.8
1302220 1139.2
1302230 1139.2
1302240 1130.2
1302250 1131.4
1302260 1129.8
1302270 1129.8
1302280 1124.7
1302290 1115.1
1302300 1115.1
1302310 1109.3
1302320 1100.9
1302330 1100.9
1302340 1097.6
1302350 1104.1
1302360 1104.1
1302370 1108.3
1302380 1111.6
1302390 1111.6
1302400 1116.5
1302410 1123.0
1302420 1123.0
1302430 1133.6
1302440 1140.8
1302450 1140.8
1302460 1140.4
1302470 1126.6
1302480 1126.6
1302490 1113.2
1302500 1106.8
1302510 1106.8
1302520 1104.3
1302530 1108.3
1302540 1108.3
1302550 1115.7
1302560 1114.3
1302570 1114.3
1302580 1108.2
1302590 1101.6
1302600 1095.0
1302610 1095.0
1302620 1087.3
1302630 1080.3
1302640 1080.3
1302650 1073.4
1302660 1068.0
1302670 1068.0
1302680 1063.1
1302690 1058.9
1302700 1058.9
1302710 1054.7
1302720 1050.4
1302730 1050.4
1302740 1046.1
1302750 1041.0
1302760 1041.0
1302770 1034.6
1302780 1026.6
1302790 1026.6
1302800 1018.5
1302810 1010.9
1302820 1010.9
1302830 1001.2
1302840 989.0
1302850 989.0
1302860 979.5
1302870 965.3
1302880 965.3
1302890 949.6
1302900 946.6
1302910 946.3
1302920 946.3
1302930 944.1
1302940 943.6
1302950 943.6
1302960 942.5
1302970 940.9
1302980 940.9
1302990 939.3
1303000 938.1
1303010 938.1
1303020 937.2
1303030 936.8
1303040 936.8
1303050 936.1
1303060 933.8
1303070 933.8
1303080 930.0
1303090 927.0
1303100 927.0
1303110 926.0
1303120 926.0
1303130 926.0
1303140 926.0
1303150 926.0
1303160 926.0
1303170 926.0
1303180 926.0
1303190 926.0
1303200 926.0
1303210 926.0
1303220 926.0
1303230 926.0
1303240 926.0
1303250 926.0
1303260 926.0
1303270 926.0
1303280 926.0
1303290 926.0
1303300 926.0
1303310 926.0
1303320 926.0
1303330 926.1
1303340 926.1
1303350 926.1
1303360 926.1
1303370 926.1
1303380 926.1
1303390 926.1
1303400 926.1
1303410 926.1
1303420 926.1
1303430 926.1
1303440 926.1
1303450 926.1
1303460 926.1
1303470 926.1
1303480 926.1
1303490 926.1
1303500 926.1
1303510 926.1
1303520 926.1
1303530 926.1
1303540 926.1
1303550 926.1
1303560 926.1
1303570 926.1
1303580 926.1
1303590 926.1
1303600 926.1
1303610 926.1
1303620 926.1
1303630 926.1
1303640 926.1
1303650 926.1
1303660 926.1
1303670 926.1
1303680 926.1
1303690 926.1
1303700 926.1
1303710 926.1
1303720 926.1
1303730 926.1
1303740 926.1
1303750 926.1
1303760 926.1
1303770 926.1
1303780 926.1
1303790 926.1
1303800 926.1
1303810 926.1
1303820 926.1
1303830 926.1
1303840 926.1
1303850 926.1
1303860 926.1
1303870 926.1
1303880 926.5
1303890 928.7
1303900 931.1
1303910 931.1
1303920 934.2
1303930 934.9
1303940 934.9
1303950 935.2
1303960 936.0
1303970 936.0
1303980 937.1
1303990 938.5
1304000 938.5
1304010 939.7
1304020 940.2
1304030 940.2
1304040 940.9
1304050 941.7
1304060 941.7
1304070 942.4
1304080 945.3
1304090 945.3
1304100 948.2
1304110 948.1
1304120 948.1
1304130 946.7
1304140 947.5
1304150 947.5
1304160 951.6
1304170 957.1
1304180 957.1
1304190 964.2
1304200 972.3
1304210 972.3
1304220 980.7
1304230 990.3
1304240 1001.2
1304250 1001.2
1304260 1012.5
1304270 1019.7
1304280 1019.7
1304290 1027.6
1304300 1036.5
1304310 1036.5
1304320 1045.9
1304330 1056.4
1304340 1056.4
1304350 1067.3
1304360 1080.9
1304370 1080.9
1304380 1091.6
1304390 1097.6
1304400 1097.6
1304410 1096.5
1304420 1095.1
1304430 1095.1
1304440 1098.8
1304450 1096.1
1304460 1096.1
1304470 1091.9
1304480 1092.9
1304490 1092.9
1304500 1096.7
1304510 1100.7
1304520 1100.7
1304530 1102.0
1304540 1106.4
1304550 1117.3
1304560 1117.3
1304570 1124.0
1304580 1131.7
1304590 1131.7
1304600 1141.6
1304610 1153.5
1304620 1153.5
1304630 1161.2
1304640 1166.4
1304650 1166.4
1304660 1176.7
1304670 1190.5
1304680 1190.5
1304690 1210.6
1304700 1227.1
1304710 1227.1
1304720 1234.1
1304730 1244.8
1304740 1244.8
1304750 1252.5
1304760 1258.7
1304770 1258.7
1304780 1265.1
1304790 1267.9
1304800 1267.9
1304810 1279.1
1304820 1285.8
1304830 1285.8
1304840 1292.4
1304850 1300.2
1304860 1300.2
1304870 1294.0
1304880 1291.9
1304890 1298.7
1304900 1298.7
1304910 1308.4
1304920 1318.7
1304930 1318.7
1304940 1334.1
1304950 1346.1
1304960 1346.1
1304970 1375.2
1304980 1400.4
1304990 1400.4
1305000 1409.7
1305010 1416.9
1305020 1416.9
1305030 1424.1
1305040 1430.4
1305050 1430.4
1305060 1436.1
1305070 1440.2
1305080 1440.2
1305090 1434.9
1305100 1423.8
1305110 1423.8
1305120 1416.3
1305130 1411.1
1305140 1411.1
1305150 1411.0
1305160 1413.3
1305170 1413.3
1305180 1412.6
1305190 1411.1
1305200 1411.1
1305210 1403.9
1305220 1402.5
1305230 1400.2
1305240 1400.2
1305250 1396.7
1305260 1405.9
1305270 1405.9
1305280 1408.6
1305290 1410.7
1305300 1410.7
1305310 1408.4
1305320 1407.8
1305330 1407.8
1305340 1408.1
1305350 1414.6
1305360 1414.6
1305370 1420.8
1305380 1425.3
1305390 1425.3
1305400 1429.7
1305410 1433.9
1305420 1433.9
1305430 1437.4
1305440 1440.1
1305450 1440.1
1305460 1444.6
1305470 1449.8
1305480 1449.8
1305490 1455.4
1305500 1461.3
1305510 1461.3
1305520 1466.6
1305530 1472.6
1305540 1478.0
1305550 1478.0
1305560 1483.5
1305570 1489.9
1305580 1489.9
1305590 1496.1
1305600 1502.9
1305610 1502.9
1305620 1510.4
1305630 1516.5
1305640 1516.5
1305650 1521.1
1305660 1523.3
1305670 1523.3
1305680 1528.3
1305690 1533.3
1305700 1533.3
1305710 1537.5
1305720 1542.1
1305730 1542.1
1305740 1545.3
1305750 1548.2
1305760 1548.2
1305770 1550.7
1305780 1554.3
1305790 1554.3
1305800 1559.2
1305810 1563.0
1305820 1563.0
1305830 1563.6
1305840 1563.2
1305850 1563.2
1305860 1563.6
1305870 1565.6
1305880 1563.9
1305890 1563.9
1305900 1561.6
1305910 1560.1
1305920 1560.1
1305930 1560.5
1305940 1565.0
1305950 1565.0
1305960 1570.9
1305970 1573.8
1305980 1573.8
1305990 1578.3
1306000 1582.8
1306010 1582.8
1306020 1586.3
1306030 1589.4
1306040 1589.4
1306050 1592.4
1306060 1595.9
1306070 1595.9
1306080 1600.6
1306090 1605.3
1306100 1605.3
1306110 1609.0
1306120 1613.2
1306130 1613.2
1306140 1615.9
1306150 1618.3
1306160 1618.3
1306170 1621.1
1306180 1622.5
1306190 1623.6
1306200 1623.6
1306210 1623.3
1306220 1622.5
1306230 1622.5
1306240 1622.4
1306250 1624.2
1306260 1624.2
1306270 1627.8
1306280 1631.1
1306290 1631.1
1306300 1634.0
1306310 1636.6
1306320 1636.6
1306330 1640.1
1306340 1644.2
1306350 1644.2
1306360 1648.4
1306370 1652.3
1306380 1652.3
1306390 1656.3
1306400 1661.2
1306410 1661.2
1306420 1666.3
1306430 1671.1
1306440 1671.1
1306450 1676.5
1306460 1682.3
1306470 1682.3
1306480 1688.2
1306490 1695.6
1306500 1695.6
1306510 1703.0
1306520 1711.1
1306530 1720.0
1306540 1720.0
1306550 1729.4
1306560 1735.1
1306570 1735.1
1306580 1740.0
1306590 1745.2
1306600 1745.2
1306610 1750.7
1306620 1757.0
1306630 1757.0
1306640 1761.3
1306650 1766.2
1306660 1766.2
1306670 1772.7
1306680 1779.8
1306690 1778.0
1306700 1782.5
1306710 1786.9
1306720 1786.9
1306730 1792.0
1306740 1796.5
1306750 1796.5
1306760 1801.5
1306770 1806.9
1306780 1806.9
1306790 1809.1
1306800 1812.7
1306810 1812.7
1306820 1816.2
1306830 1815.5
1306840 1816.9
1306850 1816.9
1306860 1818.8
1306870 1821.6
1306880 1821.6
1306890 1825.3
1306900 1829.7
1306910 1829.7
1306920 1833.6
1306930 1837.2
1306940 1837.2
1306950 1842.8
1306960 1847.3
1306970 1847.3
1306980 1851.6
1306990 1857.3
1307000 1857.3
1307010 1863.1
1307020 1868.7
1307030 1868.7
1307040 1873.5
1307050 1878.0
1307060 1878.0
1307070 1882.9
1307080 1887.3
1307090 1887.3
1307100 1892.5
1307110 1898.0
1307120 1898.0
1307130 1902.6
1307140 1906.4
1307150 1906.4
1307160 1910.9
1307170 1915.6
1307180 1920.3
1307190 1920.3
1307200 1924.5
1307210 1928.9
1307220 1928.9
1307230 1933.2
1307240 1937.3
1307250 1937.3
1307260 1941.2
1307270 1945.4
1307280 1945.4
1307290 1949.0
1307300 1951.5
1307310 1951.5
1307320 1954.5
1307330 1959.0
1307340 1959.0
1307350 1961.3
1307360 1963.4
1307370 1963.4
1307380 1966.3
1307390 1968.8
1307400 1968.8
1307410 1978.6
1307420 1981.8
1307430 1981.8
1307440 1984.9
1307450 1987.7
1307460 1987.7
1307470 1990.4
1307480 1993.3
1307490 1993.3
1307500 1995.4
1307510 1997.2
1307520 1998.8
1307530 1998.8
1307540 1993.4
1307550 1982.2
1307560 1982.2
1307570 1980.2
1307580 1980.2
1307590 1980.2
1307600 1975.8
1307610 1969.8
1307620 1969.8
1307630 1956.5
1307640 1940.3
1307650 1940.3
1307660 1928.5
1307670 1919.8
1307680 1919.8
1307690 1912.6
1307700 1907.3
1307710 1907.3
1307720 1902.1
1307730 1897.0
1307740 1897.0
1307750 1892.0
1307760 1887.3
1307770 1887.3
1307780 1882.6
1307790 1877.3
1307800 1877.3
1307810 1872.9
1307820 1867.2
1307830 1861.0
1307840 1861.0
1307850 1857.7
1307860 1853.8
1307870 1853.8
1307880 1848.8
1307890 1843.5
1307900 1843.5
1307910 1838.9
1307920 1834.1
1307930 1834.1
1307940 1829.7
1307950 1826.3
1307960 1826.3
1307970 1824.1
1307980 1823.8
1307990 1823.8
1308000 1827.9
1308010 1837.9
1308020 1837.9
1308030 1849.1
1308040 1856.2
1308050 1856.2
1308060 1864.3
1308070 1871.1
1308080 1871.1
1308090 1872.1
1308100 1872.3
1308110 1872.3
1308120 1876.6
1308130 1894.9
1308140 1894.9
1308150 1889.8
1308160 1884.6
1308170 1883.8
1308180 1883.8
1308190 1886.5
1308200 1886.0
1308210 1886.0
1308220 1883.9
1308230 1879.3
1308240 1879.3
1308250 1874.5
1308260 1871.7
1308270 1871.7
1308280 1870.2
1308290 1866.2
1308300 1866.2
1308310 1861.6
1308320 1855.2
1308330 1855.2
1308340 1848.1
1308350 1837.6
1308360 1837.6
1308370 1830.1
1308380 1827.7
1308390 1827.7
1308400 1827.4
1308410 1825.1
1308420 1825.1
1308430 1819.0
1308440 1816.8
1308450 1816.8
1308460 1820.4
1308470 1819.6
1308480 1817.5
1308490 1817.5
1308500 1817.3
1308510 1817.0
1308520 1817.0
1308530 1816.3
1308540 1814.4
1308550 1814.4
1308560 1817.7
1308570 1822.5
1308580 1822.5
1308590 1826.3
1308600 1835.9
1308610 1835.9
1308620 1844.1
1308630 1838.0
1308640 1838.0
1308650 1830.7
1308660 1828.5
1308670 1828.5
1308680 1827.6
1308690 1827.3
1308700 1827.3
1308710 1824.0
1308720 1817.0
1308730 1817.0
1308740 1810.3
1308750 1803.9
1308760 1803.9
1308770 1797.2
1308780 1788.6
1308790 1788.6
1308800 1780.5
1308810 1764.9
1308820 1744.5
1308830 1744.5
1308840 1733.2
1308850 1724.0
1308860 1723.9
1308870 1715.1
1308880 1709.4
1308890 1709.4
1308900 1704.7
1308910 1699.2
1308920 1699.2
1308930 1694.3
1308940 1689.1
1308950 1689.1
1308960 1682.9
1308970 1676.7
1308980 1676.7
1308990 1669.6
1309000 1663.2
1309010 1663.2
1309020 1655.0
1309030 1647.8
1309040 1647.8
1309050 1642.0
1309060 1637.4
1309070 1637.4
1309080 1631.8
1309090 1626.5
1309100 1626.5
1309110 1621.2
1309120 1615.0
1309130 1610.8
1309140 1610.8
1309150 1612.3
1309160 1614.0
1309170 1614.0
1309180 1615.4
1309190 1614.3
1309200 1614.3
1309210 1611.3
1309220 1607.7
1309230 1607.7
1309240 1604.6
1309250 1601.4
1309260 1601.4
1309270 1597.5
1309280 1592.4
1309290 1592.4
1309300 1587.2
1309310 1582.6
1309320 1582.6
1309330 1578.6
1309340 1574.9
1309350 1574.9
1309360 1571.6
1309370 1568.7
1309380 1568.7
1309390 1566.3
1309400 1564.2
1309410 1564.2
1309420 1562.1
1309430 1560.4
1309440 1560.4
1309450 1558.7
1309460 1557.1
1309470 1555.7
1309480 1555.7
1309490 1554.6
1309500 1553.8
1309510 1553.8
1309520 1553.2
1309530 1552.4
1309540 1552.4
1309550 1550.6
1309560 1547.1
1309570 1547.1
1309580 1542.2
1309590 1538.7
1309600 1538.7
1309610 1534.1
1309620 1531.5
1309630 1531.5
1309640 1530.1
1309650 1529.4
1309660 1529.4
1309670 1528.4
1309680 1527.7
1309690 1527.7
1309700 1526.9
1309710 1524.9
1309720 1524.9
1309730 1523.9
1309740 1521.7
1309750 1521.7
1309760 1518.3
1309770 1513.9
1309780 1503.5
1309790 1503.5
1309800 1478.0
1309810 1462.4
1309820 1462.4
1309830 1453.2
1309840 1445.8
1309850 1445.8
1309860 1438.3
1309870 1431.0
1309880 1431.0
1309890 1423.3
1309900 1415.3
1309910 1415.3
1309920 1408.2
1309930 1401.6
1309940 1401.6
1309950 1395.2
1309960 1388.9
1309970 1388.9
1309980 1381.7
1309990 1375.1
1310000 1375.1
1310010 1372.0
1310020 1370.0
1310030 1370.0
1310040 1365.6
1310050 1360.1
1310060 1360.1
1310070 1354.6
1310080 1352.6
1310090 1352.6
1310100 1352.4
1310110 1352.4
1310120 1352.0
1310130 1352.0
1310140 1351.8
1310150 1351.7
1310160 1351.7
1310170 1351.0
1310180 1351.1
1310190 1351.1
1310200 1351.8
1310210 1351.0
1310220 1351.0
1310230 1349.5
1310240 1347.5
1310250 1347.5
1310260 1347.4
1310270 1347.4
1310280 1347.4
1310290 1345.7
1310300 1344.8
1310310 1344.8
1310320 1349.1
1310330 1352.0
1310340 1352.0
1310350 1354.7
1310360 1358.3
1310370 1358.3
1310380 1364.5
1310390 1367.3
1310400 1367.3
1310410 1369.2
1310420 1377.2
1310430 1377.2
1310440 1385.9
1310450 1397.1
1310460 1408.8
1310470 1408.8
1310480 1421.9
1310490 1439.5
1310500 1439.5
1310510 1459.9
1310520 1467.6
1310530 1467.6
1310540 1473.8
1310550 1486.5
1310560 1486.5
1310570 1511.7
1310580 1528.8
1310590 1528.8
1310600 1543.3
1310610 1560.2
1310620 1560.2
1310630 1563.5
1310640 1565.1
1310650 1565.1
1310660 1566.5
1310670 1573.9
1310680 1573.9
1310690 1584.0
1310700 1593.3
1310710 1593.3
1310720 1605.4
1310730 1623.1
1310740 1623.1
1310750 1621.9
1310760 1627.8
1310770 1640.3
1310780 1640.3
1310790 1651.8
1310800 1667.6
1310810 1667.6
1310820 1681.9
1310830 1681.7
1310840 1681.7
1310850 1672.6
1310860 1656.8
1310870 1656.8
1310880 1636.5
1310890 1626.6
1310900 1626.6
1310910 1617.3
1310920 1603.2
1310930 1603.2
1310940 1581.8
1310950 1571.7
1310960 1571.7
1310970 1564.1
1310980 1555.5
1310990 1555.5
1311000 1547.4
1311010 1535.4
1311020 1535.4
1311030 1512.4
1311040 1501.1
1311050 1510.6
1311060 1501.1
1311070 1494.0
1311080 1494.0
1311090 1490.9
1311100 1486.7
1311110 1479.2
1311120 1479.2
1311130 1472.5
1311140 1468.5
1311150 1468.5
1311160 1462.4
1311170 1452.9
1311180 1452.9
1311190 1440.5
1311200 1429.3
1311210 1429.3
1311220 1425.8
1311230 1426.0
1311240 1426.0
1311250 1421.3
1311260 1417.5
1311270 1417.5
1311280 1414.6
1311290 1416.2
1311300 1416.2
1311310 1417.2
1311320 1416.9
1311330 1416.9
1311340 1418.0
1311350 1425.3
1311360 1425.3
1311370 1428.5
1311380 1431.4
1311390 1431.4
1311400 1435.1
1311410 1437.7
1311420 1441.1
1311430 1441.1
1311440 1445.5
1311450 1450.0
1311460 1450.0
1311470 1455.0
1311480 1459.6
1311490 1459.6
1311500 1464.5
1311510 1469.3
1311520 1469.3
1311530 1474.9
1311540 1480.4
1311550 1480.4
1311560 1484.5
1311570 1488.9
1311580 1488.9
1311590 1493.9
1311600 1501.8
1311610 1501.8
1311620 1511.1
1311630 1523.8
1311640 1523.8
1311650 1538.3
1311660 1549.4
1311670 1549.4
1311680 1558.0
1311690 1566.0
1311700 1566.0
1311710 1573.5
1311720 1582.4
1311730 1582.4
1311740 1591.3
1311750 1598.7
1311760 1605.7
1311770 1605.7
1311780 1612.9
1311790 1625.5
1311800 1625.5
1311810 1631.8
1311820 1639.0
1311830 1639.0
1311840 1653.4
1311850 1666.4
1311860 1666.4
1311870 1680.6
1311880 1693.0
1311890 1693.0
1311900 1706.4
1311910 1714.2
1311920 1714.2
1311930 1720.4
1311940 1725.2
1311950 1725.2
1311960 1729.8
1311970 1742.6
1311980 1742.6
1311990 1752.1
1312000 1753.8
1312010 1753.8
1312020 1756.7
1312030 1762.2
1312040 1762.2
1312050 1766.6
1312060 1768.9
1312070 1769.3
1312080 1769.3
1312090 1771.3
1312100 1770.8
1312110 1770.8
1312120 1768.6
1312130 1766.0
1312140 1766.0
1312150 1763.7
1312160 1760.3
1312170 1760.3
1312180 1756.4
1312190 1752.2
1312200 1752.2
1312210 1745.4
1312220 1736.7
1312230 1736.7
1312240 1718.1
1312250 1701.0
1312260 1701.0
1312270 1696.5
1312280 1686.7
1312290 1686.7
1312300 1676.3
1312310 1657.5
1312320 1657.5
1312330 1635.3
1312340 1625.9
1312350 1625.9
1312360 1621.0
1312370 1616.5
1312380 1616.5
1312390 1614.1
1312400 1614.7
1312410 1616.6
1312420 1616.6
1312430 1616.3
1312440 1615.0
1312450 1615.0
1312460 1612.9
1312470 1609.6
1312480 1609.6
1312490 1607.0
1312500 1605.6
1312510 1605.6
1312520 1603.0
1312530 1605.4
1312540 1605.4
1312550 1602.3
1312560 1599.2
1312570 1599.2
1312580 1598.0
1312590 1598.0
1312600 1598.0
1312610 1597.1
1312620 1597.6
1312630 1597.6
1312640 1597.6
1312650 1598.3
1312660 1598.3
1312670 1600.9
1312680 1603.5
1312690 1603.5
1312700 1607.7
1312710 1612.7
1312720 1612.7
1312730 1616.7
1312740 1619.7
1312750 1623.8
1312760 1623.8
1312770 1627.9
1312780 1632.8
1312790 1632.8
1312800 1639.6
1312810 1647.1
1312820 1647.1
1312830 1662.4
1312840 1674.1
1312850 1674.1
1312860 1684.3
1312870 1697.3
1312880 1697.3
1312890 1712.1
1312900 1723.7
1312910 1723.7
1312920 1730.1
1312930 1732.2
1312940 1732.2
1312950 1729.6
1312960 1718.9
1312970 1718.9
1312980 1704.9
1312990 1686.0
1313000 1686.0
1313010 1676.5
1313020 1671.7
1313030 1671.7
1313040 1667.1
1313050 1663.4
1313060 1661.3
1313070 1661.3
1313080 1661.5
1313090 1663.2
1313100 1663.2
1313110 1661.8
1313120 1662.2
1313130 1662.2
1313140 1663.5
1313150 1664.2
1313160 1664.2
1313170 1665.4
1313180 1667.2
1313190 1667.2
1313200 1668.2
1313210 1668.4
1313220 1668.4
1313230 1669.2
1313240 1668.3
1313250 1668.3
1313260 1668.4
1313270 1671.9
1313280 1675.9
1313290 1679.4
1313300 1682.0
1313310 1682.0
1313320 1683.9
1313330 1685.9
1313340 1685.9
1313350 1689.9
1313360 1703.4
1313370 1703.4
1313380 1720.6
1313390 1733.3
1313400 1752.4
1313410 1752.4
1313420 1769.7
1313430 1775.0
1313440 1775.0
1313450 1775.2
1313460 1770.5
1313470 1770.5
1313480 1762.8
1313490 1761.7
1313500 1761.7
1313510 1764.8
1313520 1767.0
1313530 1767.0
1313540 1771.4
1313550 1776.7
1313560 1776.7
1313570 1782.6
1313580 1788.9
1313590 1788.9
1313600 1797.1
1313610 1810.5
1313620 1810.5
1313630 1824.9
1313640 1833.3
1313650 1833.3
1313660 1840.6
1313670 1846.5
1313680 1846.5
1313690 1850.7
1313700 1857.9
1313710 1859.2
1313720 1859.2
1313730 1863.7
1313740 1867.7
1313750 1867.7
1313760 1868.6
1313770 1868.2
1313780 1868.2
1313790 1868.2
1313800 1868.1
1313810 1868.1
1313820 1867.6
1313830 1865.6
1313840 1865.6
1313850 1864.0
1313860 1861.7
1313870 1861.7
1313880 1862.5
1313890 1861.1
1313900 1861.1
1313910 1859.8
1313920 1858.2
1313930 1858.2
1313940 1857.4
1313950 1855.3
1313960 1855.3
1313970 1849.7
1313980 1842.4
1313990 1842.4
1314000 1834.9
1314010 1825.7
1314020 1825.7
1314030 1813.5
1314040 1804.0
1314050 1793.7
1314060 1793.7
1314070 1783.5
1314080 1773.7
1314090 1773.7
1314100 1763.7
1314110 1754.5
1314120 1754.5
1314130 1747.2
1314140 1742.7
1314150 1742.7
1314160 1737.3
1314170 1733.8
1314180 1733.8
1314190 1733.3
1314200 1732.7
1314210 1732.7
1314220 1729.4
1314230 1728.8
1314240 1728.8
1314250 1729.4
1314260 1732.3
1314270 1732.3
1314280 1734.9
1314290 1737.1
1314300 1737.1
1314310 1744.3
1314320 1752.3
1314330 1752.3
1314340 1756.9
1314350 1760.4
1314360 1766.6
1314370 1766.6
1314380 1774.2
1314390 1780.2
1314400 1780.2
1314410 1787.4
1314420 1795.5
1314430 1795.5
1314440 1803.1
1314450 1811.6
1314460 1811.6
1314470 1822.5
1314480 1834.6
1314490 1834.6
1314500 1843.2
1314510 1846.1
1314520 1846.1
1314530 1846.1
1314540 1843.9
1314550 1843.9
1314560 1841.3
1314570 1838.7
1314580 1838.7
1314590 1834.4
1314600 1829.2
1314610 1829.2
1314620 1824.4
1314630 1820.8
1314640 1820.8
1314650 1818.8
1314660 1818.0
1314670 1818.0
1314680 1816.2
1314690 1814.4
1314700 1816.3
1314710 1816.3
1314720 1818.6
1314730 1821.9
1314740 1821.9
1314750 1825.6
1314760 1829.4
1314770 1829.4
1314780 1838.8
1314790 1842.4
1314800 1842.4
1314810 1845.4
1314820 1846.9
1314830 1846.9
1314840 1844.7
1314850 1839.1
1314860 1839.1
1314870 1832.6
1314880 1827.6
1314890 1827.6
1314900 1823.4
1314910 1819.3
1314920 1819.3
1314930 1812.2
1314940 1802.7
1314950 1802.7
1314960 1793.6
1314970 1785.7
1314980 1785.7
1314990 1778.0
1315000 1770.0
1315010 1763.4
1315020 1763.4
1315030 1755.2
1315040 1742.7
1315050 1742.7
1315060 1730.3
1315070 1721.3
1315080 1721.3
1315090 1712.2
1315100 1705.3
1315110 1705.3
1315120 1698.3
1315130 1692.3
1315140 1692.3
1315150 1688.4
1315160 1683.5
1315170 1683.5
1315180 1683.0
1315190 1681.3
1315200 1681.3
1315210 1678.7
1315220 1675.7
1315230 1675.7
1315240 1672.3
1315250 1669.1
1315260 1669.1
1315270 1665.7
1315280 1662.6
1315290 1662.6
1315300 1659.3
1315310 1656.2
1315320 1656.2
1315330 1652.8
1315340 1649.4
1315350 1646.7
1315360 1646.7
1315370 1643.6
1315380 1642.1
1315390 1642.1
1315400 1640.9
1315410 1641.5
1315420 1641.5
1315430 1643.4
1315440 1645.9
1315450 1645.9
1315460 1649.8
1315470 1654.0
1315480 1654.0
1315490 1659.0
1315500 1663.4
1315510 1663.4
1315520 1667.7
1315530 1676.6
1315540 1676.6
1315550 1679.9
1315560 1681.8
1315570 1681.8
1315580 1685.5
1315590 1691.9
1315600 1691.9
1315610 1703.5
1315620 1709.3
1315630 1709.3
1315640 1721.4
1315650 1731.4
1315660 1731.4
1315670 1741.2
1315680 1749.6
1315690 1756.2
1315700 1756.2
1315710 1762.5
1315720 1768.4
1315730 1768.4
1315740 1774.4
1315750 1780.6
1315760 1780.6
1315770 1786.9
1315780 1793.2
1315790 1793.2
1315800 1800.9
1315810 1808.7
1315820 1808.7
1315830 1816.7
1315840 1826.3
1315850 1826.3
1315860 1834.0
1315870 1838.2
1315880 1838.2
1315890 1840.7
1315900 1843.0
1315910 1843.0
1315920 1845.3
1315930 1848.5
1315940 1848.5
1315950 1852.6
1315960 1855.9
1315970 1855.9
1315980 1858.9
1315990 1861.6
1316000 1863.7
1316010 1863.7
1316020 1866.4
1316030 1869.4
1316040 1869.4
1316050 1870.5
1316060 1871.6
1316070 1871.6
1316080 1872.3
1316090 1873.7
1316100 1873.7
1316110 1875.0
1316120 1876.2
1316130 1876.2
1316140 1877.6
1316150 1878.4
1316160 1878.4
1316170 1878.4
1316180 1878.3
1316190 1878.3
1316200 1878.3
1316210 1878.3
1316220 1878.3
1316230 1879.0
1316240 1879.1
1316250 1879.1
1316260 1878.9
1316270 1878.6
1316280 1878.6
1316290 1877.2
1316300 1875.8
1316310 1875.8
1316320 1873.9
1316330 1872.1
1316340 1870.6
1316350 1870.6
1316360 1869.5
1316370 1868.6
1316380 1868.6
1316390 1867.9
1316400 1868.0
1316410 1868.0
1316420 1867.9
1316430 1867.8
1316440 1867.8
1316450 1867.9
1316460 1867.3
1316470 1867.3
1316480 1866.3
1316490 1866.3
1316500 1866.3
1316510 1865.6
1316520 1863.0
1316530 1863.0
1316540 1860.0
1316550 1857.3
1316560 1857.3
1316570 1855.1
1316580 1853.6
1316590 1853.6
1316600 1852.9
1316610 1853.2
1316620 1853.2
1316630 1853.8
1316640 1854.3
1316650 1854.8
1316660 1854.8
1316670 1855.0
1316680 1854.9
1316690 1854.9
1316700 1854.9
1316710 1852.7
1316720 1852.7
1316730 1846.8
1316740 1834.7
1316750 1834.7
1316760 1822.6
1316770 1814.0
1316780 1814.0
1316790 1806.0
1316800 1797.3
1316810 1797.3
1316820 1789.1
1316830 1780.4
1316840 1780.4
1316850 1772.5
1316860 1765.4
1316870 1765.4
1316880 1758.8
1316890 1752.8
1316900 1752.8
1316910 1746.3
1316920 1740.4
1316930 1740.4
1316940 1735.2
1316950 1730.3
1316960 1730.3
1316970 1725.4
1316980 1722.1
1316990 1719.1
1317000 1719.1
1317010 1716.3
1317020 1712.6
1317030 1712.6
1317040 1708.9
1317050 1704.6
1317060 1704.6
1317070 1702.1
1317080 1699.4
1317090 1699.4
1317100 1696.4
1317110 1694.0
1317120 1694.0
1317130 1691.4
1317140 1687.3
1317150 1687.3
1317160 1681.9
1317170 1677.4
1317180 1677.4
1317190 1674.4
1317200 1671.9
1317210 1671.9
1317220 1668.3
1317230 1664.0
1317240 1664.0
1317250 1660.0
1317260 1657.5
1317270 1657.5
1317280 1656.2
1317290 1655.4
1317300 1655.0
1317310 1655.0
1317320 1654.5
1317330 1653.2
1317340 1653.2
1317350 1652.4
1317360 1651.9
1317370 1651.9
1317380 1651.9
1317390 1652.9
1317400 1652.9
1317410 1653.4
1317420 1652.5
1317430 1652.5
1317440 1651.7
1317450 1651.4
1317460 1651.4
1317470 1652.6
1317480 1654.7
1317490 1654.7
1317500 1655.0
1317510 1654.0
1317520 1654.0
1317530 1653.0
1317540 1652.6
1317550 1652.6
1317560 1652.8
1317570 1652.2
1317580 1652.2
1317590 1650.8
1317600 1648.9
1317610 1648.9
1317620 1644.6
1317630 1640.4
1317640 1637.5
1317650 1637.5
1317660 1635.1
1317670 1632.6
1317680 1632.6
1317690 1630.4
1317700 1627.9
1317710 1627.9
1317720 1625.4
1317730 1623.0
1317740 1623.0
1317750 1620.1
1317760 1616.9
1317770 1616.9
1317780 1614.0
1317790 1611.6
1317800 1611.6
1317810 1608.3
1317820 1602.3
1317830 1602.3
1317840 1600.7
1317850 1599.4
1317860 1599.4
1317870 1597.0
1317880 1596.0
1317890 1596.0
1317900 1594.5
1317910 1591.5
1317920 1591.5
1317930 1589.2
1317940 1587.0
1317950 1584.6
1317960 1584.6
1317970 1582.5
1317980 1579.3
1317990 1579.3
1318000 1576.2
1318010 1574.1
1318020 1574.1
1318030 1572.4
1318040 1569.9
1318050 1569.9
1318060 1566.4
1318070 1563.9
1318080 1563.9
1318090 1561.2
1318100 1559.3
1318110 1559.3
1318120 1558.1
1318130 1556.9
1318140 1556.9
1318150 1553.9
1318160 1550.3
1318170 1550.3
1318180 1546.2
1318190 1541.3
1318200 1541.3
1318210 1536.1
1318220 1530.9
1318230 1530.9
1318240 1526.6
1318250 1522.9
1318260 1522.9
1318270 1519.9
1318280 1515.7
1318290 1511.0
1318300 1511.0
1318310 1507.4
1318320 1503.8
1318330 1503.8
1318340 1498.9
1318350 1491.5
1318360 1491.5
1318370 1485.9
1318380 1481.8
1318390 1481.8
1318400 1478.7
1318410 1476.0
1318420 1476.0
1318430 1473.6
1318440 1470.9
1318450 1470.9
1318460 1467.6
1318470 1464.5
1318480 1464.5
1318490 1461.6
1318500 1460.0
1318510 1460.0
1318520 1457.7
1318530 1454.7
1318540 1454.7
1318550 1451.4
1318560 1448.0
1318570 1448.0
1318580 1442.2
1318590 1438.9
1318600 1435.5
1318610 1435.5
1318620 1432.2
1318630 1429.1
1318640 1429.1
1318650 1426.0
1318660 1422.8
1318670 1422.8
1318680 1419.5
1318690 1416.0
1318700 1416.0
1318710 1411.6
1318720 1406.1
1318730 1406.1
1318740 1399.8
1318750 1393.4
1318760 1393.4
1318770 1387.3
1318780 1381.1
1318790 1381.1
1318800 1375.3
1318810 1368.9
1318820 1368.9
1318830 1361.9
1318840 1353.6
1318850 1353.6
1318860 1345.8
1318870 1338.1
1318880 1338.1
1318890 1330.4
1318900 1322.5
1318910 1322.5
1318920 1314.5
1318930 1306.6
1318940 1297.5
1318950 1297.5
1318960 1287.5
1318970 1278.6
1318980 1278.6
1318990 1269.9
1319000 1261.4
1319010 1261.4
1319020 1253.2
1319030 1245.7
1319040 1245.7
1319050 1238.3
1319060 1230.7
1319070 1230.7
1319080 1222.9
1319090 1214.9
1319100 1214.9
1319110 1206.7
1319120 1198.8
1319130 1198.8
1319140 1191.4
1319150 1184.8
1319160 1184.8
1319170 1178.4
1319180 1171.3
1319190 1171.3
1319200 1163.4
1319210 1155.3
1319220 1155.3
1319230 1147.3
1319240 1139.4
1319250 1139.4
1319260 1132.0
1319270 1125.0
1319280 1117.8
1319290 1117.8
1319300 1111.0
1319310 1103.5
1319320 1103.5
1319330 1096.6
1319340 1090.0
1319350 1090.0
1319360 1082.0
1319370 1075.1
1319380 1075.1
1319390 1068.2
1319400 1061.2
1319410 1061.2
1319420 1054.3
1319430 1047.5
1319440 1047.5
1319450 1040.7
1319460 1033.9
1319470 1033.9
1319480 1027.2
1319490 1020.5
1319500 1020.5
1319510 1014.1
1319520 1008.3
1319530 1008.3
1319540 1003.0
1319550 997.5
1319560 997.5
1319570 992.1
1319580 986.7
1319590 981.0
1319600 981.0
1319610 975.7
1319620 970.5
1319630 970.5
1319640 965.3
1319650 960.1
1319660 960.1
1319670 954.9
1319680 949.6
1319690 949.6
1319700 943.7
1319710 937.4
1319720 937.4
1319730 930.8
1319740 923.8
1319750 923.8
1319760 917.0
1319770 910.7
1319780 910.7
1319790 904.6
1319800 899.1
1319810 899.1
1319820 895.5
1319830 892.8
1319840 892.8
1319850 890.0
1319860 886.1
1319870 886.1
1319880 880.7
1319890 875.0
1319900 875.0
1319910 869.8
1319920 865.7
1319930 861.4
1319940 861.4
1319950 856.9
1319960 851.6
1319970 851.6
1319980 846.4
1319990 841.0
