1300000 1784.0
1300010 1784.0
1300020 1785.7
1300030 1787.8
1300040 1787.8
1300050 1789.6
1300060 1790.2
1300070 1790.2
1300080 1790.3
1300090 1790.5
1300100 1790.5
1300110 1790.7
1300120 1791.1
1300130 1791.1
1300140 1792.6
1300150 1793.9
1300160 1801.0
1300170 1801.0
1300180 1803.6
1300190 1806.5
1300200 1806.5
1300210 1809.8
1300220 1813.3
1300230 1813.3
1300240 1820.0
1300250 1827.2
1300260 1827.2
1300270 1834.4
1300280 1841.9
1300290 1841.9
1300300 1845.7
1300310 1849.0
1300320 1849.0
1300330 1851.8
1300340 1856.4
1300350 1856.4
1300360 1862.8
1300370 1869.7
1300380 1869.7
1300390 1876.2
1300400 1880.6
1300410 1880.6
1300420 1883.5
1300430 1886.4
1300440 1886.4
1300450 1889.6
1300460 1893.5
1300470 1893.5
1300480 1897.9
1300490 1902.9
1300500 1909.3
1300510 1909.3
1300520 1914.8
1300530 1920.3
1300540 1920.3
1300550 1926.1
1300560 1927.1
1300570 1927.1
1300580 1921.6
1300590 1912.2
1300600 1912.2
1300610 1903.5
1300620 1892.9
1300630 1892.9
1300640 1880.6
1300650 1871.3
1300660 1871.3
1300670 1862.5
1300680 1854.3
1300690 1854.3
1300700 1847.3
1300710 1839.8
1300720 1839.8
1300730 1832.6
1300740 1825.3
1300750 1825.3
1300760 1818.1
1300770 1811.0
1300780 1811.0
1300790 1804.6
1300800 1798.7
1300810 1792.6
1300820 1792.6
1300830 1786.4
1300840 1780.7
1300850 1780.5
1300860 1773.3
1300870 1764.2
1300880 1764.2
1300890 1754.5
1300900 1746.1
1300910 1746.1
1300920 1734.7
1300930 1725.3
1300940 1725.3
1300950 1723.3
1300960 1727.1
1300970 1727.1
1300980 1715.4
1300990 1717.4
1301000 1717.4
1301010 1733.4
1301020 1733.6
1301030 1733.6
1301040 1732.0
1301050 1729.9
1301060 1729.9
1301070 1726.4
1301080 1719.8
1301090 1719.8
1301100 1710.5
1301110 1709.8
1301120 1709.8
1301130 1700.7
1301140 1692.4
1301150 1684.1
1301160 1684.1
1301170 1675.7
1301180 1668.2
1301190 1668.2
1301200 1661.0
1301210 1654.2
1301220 1654.2
1301230 1647.0
1301240 1638.7
1301250 1638.7
1301260 1631.4
1301270 1621.8
1301280 1621.8
1301290 1606.0
1301300 1597.1
1301310 1597.1
1301320 1588.5
1301330 1580.4
1301340 1580.4
1301350 1566.3
1301360 1556.0
1301370 1556.0
1301380 1547.5
1301390 1539.8
1301400 1539.8
1301410 1532.8
1301420 1524.7
1301430 1524.7
1301440 1515.1
1301450 1517.2
1301460 1511.9
1301470 1511.9
1301480 1503.6
1301490 1494.2
1301500 1494.2
1301510 1484.9
1301520 1475.1
1301530 1475.1
1301540 1462.8
1301550 1452.6
1301560 1452.6
1301570 1441.0
1301580 1431.5
1301590 1431.5
1301600 1422.9
1301610 1411.6
1301620 1411.6
1301630 1395.8
1301640 1380.8
1301650 1380.8
1301660 1377.0
1301670 1369.4
1301680 1369.4
1301690 1352.5
1301700 1339.4
1301710 1339.4
1301720 1325.6
1301730 1306.5
1301740 1306.5
1301750 1288.1
1301760 1276.8
1301770 1276.8
1301780 1271.8
1301790 1263.2
1301800 1260.4
1301810 1260.4
1301820 1263.5
1301830 1256.1
1301840 1256.1
1301850 1238.7
1301860 1226.6
1301870 1226.6
1301880 1215.4
1301890 1214.9
1301900 1214.9
1301910 1222.7
1301920 1229.9
1301930 1229.9
1301940 1220.9
1301950 1207.6
1301960 1207.6
1301970 1192.2
1301980 1192.5
1301990 1192.5
1302000 1193.6
1302010 1196.7
1302020 1196.7
1302030 1200.5
1302040 1201.9
1302050 1201.9
1302060 1194.6
1302070 1186.3
1302080 1186.3
1302090 1179.8
1302100 1171.5
1302110 1171.5
1302120 1162.1
1302130 1152.8
1302140 1144.1
1302150 1144.1
1302160 1135.5
1302170 1126.5
1302180 1126.5
1302190 1119.0
1302200 1111.0
1302210 1111.0
1302220 1100.5
1302230 1091.1
1302240 1091.1
1302250 1078.6
1302260 1071.6
1302270 1071.6
1302280 1059.2
1302290 1047.7
1302300 1047.7
1302310 1045.1
1302320 1044.2
1302330 1044.2
1302340 1042.5
1302350 1042.7
1302360 1042.7
1302370 1039.5
1302380 1036.9
1302390 1036.9
1302400 1036.4
1302410 1034.4
1302420 1034.4
1302430 1024.3
1302440 1033.8
1302450 1072.6
1302460 1072.6
1302470 1093.8
1302480 1104.4
1302490 1104.4
1302500 1107.6
1302510 1100.4
1302520 1100.4
1302530 1085.4
1302540 1070.9
1302550 1070.9
1302560 1051.9
1302570 1040.3
1302580 1040.3
1302590 1031.2
1302600 1030.0
1302610 1030.0
1302620 1023.2
1302630 1014.0
1302640 1014.0
1302650 1011.1
1302660 1009.3
1302670 1009.3
1302680 1009.3
1302690 1007.8
1302700 1007.8
1302710 1010.9
1302720 1012.2
1302730 1012.2
1302740 1011.7
1302750 1009.2
1302760 1009.2
1302770 1003.6
1302780 998.4
1302790 996.4
1302800 996.4
1302810 992.5
1302820 985.9
1302830 985.9
1302840 974.4
1302850 961.9
1302860 961.9
1302870 958.4
1302880 956.4
1302890 956.4
1302900 954.0
1302910 952.0
1302920 952.0
1302930 952.0
1302940 956.1
1302950 951.2
1302960 956.8
1302970 960.9
1302980 960.9
1302990 959.3
1303000 955.8
1303010 955.8
1303020 953.1
1303030 949.9
1303040 949.9
1303050 946.9
1303060 944.0
1303070 944.0
1303080 941.0
1303090 938.2
1303100 934.7
1303110 934.7
1303120 929.7
1303130 927.2
1303140 927.2
1303150 926.2
1303160 926.1
1303170 926.1
1303180 926.1
1303190 926.1
1303200 926.1
1303210 926.1
1303220 926.1
1303230 926.1
1303240 926.1
1303250 926.1
1303260 926.1
1303270 926.1
1303280 926.1
1303290 926.1
1303300 926.1
1303310 926.1
1303320 926.1
1303330 926.1
1303340 926.1
1303350 926.1
1303360 926.1
1303370 926.1
1303380 926.1
1303390 926.1
1303400 926.1
1303410 926.1
1303420 926.1
1303430 926.1
1303440 926.1
1303450 926.1
1303460 926.1
1303470 926.1
1303480 926.1
1303490 926.1
1303500 926.1
1303510 926.1
1303520 926.1
1303530 926.1
1303540 926.1
1303550 926.1
1303560 926.1
1303570 926.1
1303580 926.1
1303590 926.1
1303600 926.1
1303610 926.1
1303620 926.1
1303630 926.1
1303640 926.1
1303650 926.1
1303660 926.1
1303670 926.1
1303680 926.1
1303690 926.1
1303700 926.1
1303710 926.1
1303720 926.1
1303730 926.1
1303740 926.1
1303750 926.1
1303760 926.1
1303770 926.1
1303780 926.1
1303790 926.1
1303800 926.1
1303810 926.1
1303820 926.1
1303830 926.1
1303840 926.1
1303850 926.1
1303860 926.1
1303870 926.1
1303880 926.1
1303890 926.6
1303900 930.4
1303910 930.4
1303920 932.7
1303930 933.5
1303940 933.5
1303950 934.5
1303960 935.1
1303970 935.1
1303980 936.7
1303990 938.0
1304000 938.0
1304010 938.9
1304020 940.9
1304030 940.9
1304040 943.2
1304050 945.5
1304060 945.5
1304070 946.8
1304080 947.0
1304090 947.3
1304100 947.3
1304110 948.0
1304120 949.8
1304130 949.8
1304140 951.6
1304150 954.0
1304160 954.0
1304170 956.1
1304180 957.8
1304190 957.8
1304200 960.1
1304210 967.4
1304220 967.4
1304230 977.3
1304240 984.7
1304250 984.7
1304260 987.6
1304270 991.9
1304280 991.9
1304290 998.8
1304300 1003.6
1304310 1003.6
1304320 1007.8
1304330 1013.5
1304340 1013.5
1304350 1016.5
1304360 1018.1
1304370 1029.1
1304380 1033.3
1304390 1038.3
1304400 1038.3
1304410 1041.0
1304420 1045.8
1304430 1053.6
1304440 1053.6
1304450 1061.9
1304460 1069.0
1304470 1069.0
1304480 1076.0
1304490 1082.9
1304500 1082.9
1304510 1090.6
1304520 1099.4
1304530 1099.4
1304540 1107.0
1304550 1113.7
1304560 1113.7
1304570 1113.6
1304580 1122.3
1304590 1122.3
1304600 1137.7
1304610 1147.0
1304620 1147.0
1304630 1155.7
1304640 1164.2
1304650 1164.2
1304660 1177.0
1304670 1188.8
1304680 1188.8
1304690 1197.2
1304700 1207.0
1304710 1207.0
1304720 1215.0
1304730 1222.1
1304740 1229.3
1304750 1229.3
1304760 1236.1
1304770 1242.8
1304780 1242.8
1304790 1249.0
1304800 1255.7
1304810 1255.7
1304820 1261.5
1304830 1268.5
1304840 1268.5
1304850 1276.7
1304860 1285.4
1304870 1285.4
1304880 1294.0
1304890 1303.3
1304900 1303.3
1304910 1311.6
1304920 1320.2
1304930 1320.2
1304940 1328.1
1304950 1337.1
1304960 1337.1
1304970 1349.0
1304980 1355.0
1304990 1355.0
1305000 1360.6
1305010 1367.0
1305020 1367.0
1305030 1371.8
1305040 1373.6
1305050 1373.6
1305060 1375.3
1305070 1376.7
1305080 1375.7
1305090 1375.7
1305100 1366.2
1305110 1359.4
1305120 1359.4
1305130 1353.0
1305140 1345.9
1305150 1345.9
1305160 1347.7
1305170 1350.9
1305180 1350.9
1305190 1359.1
1305200 1365.3
1305210 1365.3
1305220 1370.9
1305230 1376.8
1305240 1376.8
1305250 1382.4
1305260 1387.9
1305270 1387.9
1305280 1393.3
1305290 1398.8
1305300 1398.8
1305310 1404.0
1305320 1408.0
1305330 1408.0
1305340 1411.2
1305350 1414.2
1305360 1414.2
1305370 1418.0
1305380 1421.9
1305390 1421.9
1305400 1425.8
1305410 1429.9
1305420 1433.9
1305430 1433.9
1305440 1438.0
1305450 1441.6
1305460 1441.6
1305470 1445.5
1305480 1450.0
1305490 1450.0
1305500 1454.7
1305510 1459.1
1305520 1459.1
1305530 1463.2
1305540 1466.6
1305550 1466.6
1305560 1470.1
1305570 1474.6
1305580 1474.6
1305590 1480.0
1305600 1484.5
1305610 1484.5
1305620 1488.8
1305630 1492.6
1305640 1492.6
1305650 1496.8
1305660 1498.3
1305670 1498.3
1305680 1498.0
1305690 1500.6
1305700 1500.6
1305710 1504.7
1305720 1509.4
1305730 1513.0
1305740 1513.0
1305750 1516.2
1305760 1518.8
1305770 1518.8
1305780 1521.5
1305790 1526.7
1305800 1526.7
1305810 1528.0
1305820 1533.3
1305830 1533.3
1305840 1537.6
1305850 1542.3
1305860 1542.3
1305870 1547.1
1305880 1551.4
1305890 1551.4
1305900 1554.7
1305910 1556.9
1305920 1556.9
1305930 1559.5
1305940 1563.0
1305950 1563.0
1305960 1567.0
1305970 1572.7
1305980 1572.7
1305990 1577.3
1306000 1582.2
1306010 1582.2
1306020 1588.3
1306030 1592.5
1306040 1592.5
1306050 1595.6
1306060 1598.6
1306070 1601.6
1306080 1601.6
1306090 1604.7
1306100 1606.5
1306110 1606.5
1306120 1606.1
1306130 1606.3
1306140 1606.3
1306150 1608.6
1306160 1611.9
1306170 1611.9
1306180 1615.4
1306190 1618.7
1306200 1618.7
1306210 1622.1
1306220 1624.9
1306230 1624.9
1306240 1627.6
1306250 1630.4
1306260 1630.4
1306270 1633.7
1306280 1637.6
1306290 1637.6
1306300 1642.2
1306310 1646.5
1306320 1646.5
1306330 1651.1
1306340 1655.8
1306350 1655.8
1306360 1660.3
1306370 1665.4
1306380 1670.8
1306390 1670.8
1306400 1675.2
1306410 1679.6
1306420 1679.6
1306430 1685.3
1306440 1691.2
1306450 1691.2
1306460 1698.8
1306470 1705.5
1306480 1705.5
1306490 1711.9
1306500 1717.4
1306510 1714.5
1306520 1721.0
1306530 1728.8
1306540 1728.8
1306550 1737.0
1306560 1745.7
1306570 1745.7
1306580 1754.2
1306590 1760.7
1306600 1760.7
1306610 1765.4
1306620 1771.2
1306630 1771.2
1306640 1777.7
1306650 1783.8
1306660 1783.8
1306670 1789.2
1306680 1794.0
1306690 1794.0
1306700 1798.5
1306710 1801.5
1306720 1802.0
1306730 1802.0
1306740 1801.3
1306750 1800.5
1306760 1800.5
1306770 1800.2
1306780 1800.5
1306790 1800.5
1306800 1799.6
1306810 1796.6
1306820 1796.6
1306830 1797.1
1306840 1799.0
1306850 1799.0
1306860 1801.9
1306870 1804.9
1306880 1804.9
1306890 1808.5
1306900 1811.8
1306910 1811.8
1306920 1815.3
1306930 1817.9
1306940 1817.9
1306950 1821.4
1306960 1823.6
1306970 1823.6
1306980 1827.8
1306990 1835.3
1307000 1835.3
1307010 1839.3
1307020 1843.7
1307030 1848.9
1307040 1848.9
1307050 1852.7
1307060 1857.2
1307070 1857.2
1307080 1861.9
1307090 1866.2
1307100 1866.2
1307110 1870.3
1307120 1874.2
1307130 1874.2
1307140 1877.9
1307150 1880.5
1307160 1880.5
1307170 1883.7
1307180 1885.8
1307190 1885.8
1307200 1888.4
1307210 1890.8
1307220 1890.8
1307230 1900.6
1307240 1904.0
1307250 1904.0
1307260 1906.2
1307270 1909.3
1307280 1909.3
1307290 1912.0
1307300 1915.2
1307310 1915.2
1307320 1917.1
1307330 1918.4
1307340 1918.4
1307350 1921.3
1307360 1923.2
1307370 1926.4
1307380 1926.4
1307390 1930.7
1307400 1934.2
1307410 1934.2
1307420 1936.0
1307430 1939.8
1307440 1939.8
1307450 1942.0
1307460 1945.1
1307470 1945.1
1307480 1947.6
1307490 1947.5
1307500 1947.5
1307510 1944.6
1307520 1940.1
1307530 1940.1
1307540 1933.8
1307550 1927.0
1307560 1927.0
1307570 1919.2
1307580 1912.4
1307590 1912.4
1307600 1906.5
1307610 1902.8
1307620 1902.8
1307630 1899.5
1307640 1894.3
1307650 1894.3
1307660 1890.4
1307670 1888.3
1307680 1888.3
1307690 1882.9
1307700 1876.7
1307710 1869.6
1307720 1869.6
1307730 1862.0
1307740 1856.3
1307750 1856.3
1307760 1851.6
1307770 1847.1
1307780 1847.1
1307790 1842.0
1307800 1836.8
1307810 1836.8
1307820 1832.2
1307830 1828.1
1307840 1828.1
1307850 1823.4
1307860 1818.3
1307870 1818.3
1307880 1814.0
1307890 1810.0
1307900 1810.0
1307910 1806.4
1307920 1802.7
1307930 1802.7
1307940 1798.1
1307950 1798.3
1307960 1798.3
1307970 1794.0
1307980 1789.9
1307990 1789.9
1308000 1785.2
1308010 1781.2
1308020 1777.5
1308030 1777.5
1308040 1774.0
1308050 1770.5
1308060 1770.5
1308070 1767.6
1308080 1769.2
1308090 1769.2
1308100 1772.1
1308110 1768.2
1308120 1768.2
1308130 1765.9
1308140 1770.3
1308150 1770.3
1308160 1786.2
1308170 1802.1
1308180 1802.1
1308190 1815.0
1308200 1831.1
1308210 1831.1
1308220 1837.2
1308230 1835.3
1308240 1835.3
1308250 1831.3
1308260 1825.4
1308270 1825.4
1308280 1826.5
1308290 1829.6
1308300 1829.6
1308310 1829.9
1308320 1825.5
1308330 1825.5
1308340 1819.4
1308350 1811.3
1308360 1804.2
1308370 1804.2
1308380 1799.3
1308390 1792.0
1308400 1792.0
1308410 1785.7
1308420 1781.7
1308430 1781.7
1308440 1781.2
1308450 1777.2
1308460 1777.2
1308470 1777.6
1308480 1780.0
1308490 1780.0
1308500 1778.0
1308510 1774.9
1308520 1774.9
1308530 1776.5
1308540 1782.3
1308550 1782.3
1308560 1784.6
1308570 1786.6
1308580 1786.6
1308590 1786.2
1308600 1788.8
1308610 1788.8
1308620 1796.7
1308630 1804.4
1308640 1804.4
1308650 1813.0
1308660 1819.5
1308670 1820.9
1308680 1825.4
1308690 1822.1
1308700 1818.4
1308710 1818.4
1308720 1814.3
1308730 1809.5
1308740 1809.5
1308750 1804.3
1308760 1797.9
1308770 1797.9
1308780 1790.3
1308790 1782.7
1308800 1782.7
1308810 1775.0
1308820 1767.7
1308830 1767.7
1308840 1757.5
1308850 1742.1
1308860 1742.1
1308870 1734.3
1308880 1724.0
1308890 1724.0
1308900 1712.2
1308910 1701.3
1308920 1701.3
1308930 1695.8
1308940 1690.4
1308950 1690.4
1308960 1681.2
1308970 1667.5
1308980 1667.5
1308990 1656.9
1309000 1648.4
1309010 1641.6
1309020 1641.6
1309030 1635.6
1309040 1628.0
1309050 1628.0
1309060 1621.1
1309070 1614.7
1309080 1614.7
1309090 1607.9
1309100 1602.6
1309110 1602.6
1309120 1601.7
1309130 1598.7
1309140 1598.7
1309150 1593.3
1309160 1589.0
1309170 1589.0
1309180 1591.5
1309190 1592.0
1309200 1592.0
1309210 1590.9
1309220 1589.3
1309230 1589.3
1309240 1587.3
1309250 1585.8
1309260 1585.8
1309270 1584.5
1309280 1581.7
1309290 1581.7
1309300 1580.0
1309310 1578.9
1309320 1576.1
1309330 1576.1
1309340 1573.4
1309350 1570.2
1309360 1570.2
1309370 1565.9
1309380 1562.2
1309390 1562.2
1309400 1561.6
1309410 1559.3
1309420 1559.3
1309430 1557.6
1309440 1555.9
1309450 1555.9
1309460 1553.4
1309470 1551.4
1309480 1551.4
1309490 1551.6
1309500 1551.5
1309510 1551.5
1309520 1550.2
1309530 1545.2
1309540 1545.2
1309550 1539.3
1309560 1532.8
1309570 1532.8
1309580 1527.1
1309590 1521.7
1309600 1521.7
1309610 1517.3
1309620 1512.7
1309630 1512.7
1309640 1508.0
1309650 1503.6
1309660 1501.4
1309670 1501.4
1309680 1498.3
1309690 1496.3
1309700 1496.3
1309710 1493.9
1309720 1488.9
1309730 1488.9
1309740 1484.3
1309750 1481.1
1309760 1481.1
1309770 1476.4
1309780 1468.5
1309790 1468.5
1309800 1460.5
1309810 1453.2
1309820 1453.2
1309830 1445.2
1309840 1437.3
1309850 1437.3
1309860 1429.4
1309870 1421.8
1309880 1421.8
1309890 1414.6
1309900 1406.6
1309910 1406.6
1309920 1397.7
1309930 1389.9
1309940 1389.9
1309950 1382.1
1309960 1375.0
1309970 1375.0
1309980 1369.3
1309990 1364.0
1310000 1359.0
1310010 1359.0
1310020 1354.0
1310030 1349.3
1310040 1349.3
1310050 1345.5
1310060 1342.0
1310070 1342.0
1310080 1339.4
1310090 1337.4
1310100 1337.4
1310110 1335.1
1310120 1334.8
1310130 1336.3
1310140 1335.5
1310150 1335.6
1310160 1335.6
1310170 1336.2
1310180 1336.5
1310190 1336.5
1310200 1337.5
1310210 1338.5
1310220 1338.5
1310230 1337.9
1310240 1335.7
1310250 1335.7
1310260 1335.0
1310270 1335.4
1310280 1335.4
1310290 1335.8
1310300 1336.9
1310310 1341.0
1310320 1341.0
1310330 1345.2
1310340 1348.7
1310350 1348.7
1310360 1352.4
1310370 1355.6
1310380 1355.6
1310390 1358.7
1310400 1362.3
1310410 1362.3
1310420 1365.9
1310430 1369.0
1310440 1369.0
1310450 1369.7
1310460 1371.2
1310470 1371.2
1310480 1374.6
1310490 1378.7
1310500 1378.7
1310510 1385.0
1310520 1394.8
1310530 1394.8
1310540 1401.0
1310550 1426.4
1310560 1426.4
1310570 1448.4
1310580 1458.6
1310590 1458.6
1310600 1463.3
1310610 1478.1
1310620 1478.1
1310630 1498.6
1310640 1512.6
1310650 1530.9
1310660 1530.9
1310670 1550.5
1310680 1560.1
1310690 1560.1
1310700 1565.1
1310710 1570.9
1310720 1570.9
1310730 1580.9
1310740 1597.1
1310750 1597.1
1310760 1607.2
1310770 1619.7
1310780 1619.7
1310790 1636.8
1310800 1653.4
1310810 1653.4
1310820 1646.2
1310830 1633.2
1310840 1633.2
1310850 1623.7
1310860 1616.9
1310870 1621.1
1310880 1612.3
1310890 1604.3
1310900 1604.3
1310910 1597.4
1310920 1589.7
1310930 1589.7
1310940 1574.0
1310950 1554.9
1310960 1547.0
1310970 1547.0
1310980 1538.7
1310990 1522.6
1311000 1522.6
1311010 1498.7
1311020 1478.6
1311030 1478.6
1311040 1471.8
1311050 1471.0
1311060 1471.0
1311070 1465.5
1311080 1450.4
1311090 1450.4
1311100 1440.8
1311110 1435.9
1311120 1435.9
1311130 1430.7
1311140 1424.1
1311150 1424.1
1311160 1414.7
1311170 1399.8
1311180 1399.8
1311190 1385.8
1311200 1384.7
1311210 1384.7
1311220 1388.8
1311230 1384.4
1311240 1384.4
1311250 1385.2
1311260 1388.5
1311270 1388.5
1311280 1390.2
1311290 1390.7
1311300 1388.0
1311310 1388.0
1311320 1394.6
1311330 1398.7
1311340 1398.7
1311350 1402.6
1311360 1408.4
1311370 1408.4
1311380 1414.9
1311390 1419.3
1311400 1419.3
1311410 1423.9
1311420 1428.9
1311430 1428.9
1311440 1433.2
1311450 1437.4
1311460 1437.4
1311470 1441.5
1311480 1445.6
1311490 1445.6
1311500 1449.8
1311510 1453.9
1311520 1453.9
1311530 1455.3
1311540 1457.3
1311550 1457.3
1311560 1463.7
1311570 1471.0
1311580 1471.0
1311590 1479.3
1311600 1488.0
1311610 1496.1
1311620 1496.1
1311630 1506.6
1311640 1519.3
1311650 1519.3
1311660 1531.0
1311670 1543.4
1311680 1543.4
1311690 1553.4
1311700 1564.3
1311710 1564.3
1311720 1570.7
1311730 1574.4
1311740 1574.4
1311750 1582.4
1311760 1589.4
1311770 1589.4
1311780 1598.4
1311790 1606.9
1311800 1606.9
1311810 1614.8
1311820 1620.4
1311830 1620.4
1311840 1626.5
1311850 1633.3
1311860 1633.3
1311870 1640.6
1311880 1649.1
1311890 1649.1
1311900 1658.6
1311910 1665.0
1311920 1665.0
1311930 1670.5
1311940 1675.6
1311950 1681.8
1311960 1681.8
1311970 1688.4
1311980 1695.0
1311990 1695.0
1312000 1700.5
1312010 1704.6
1312020 1704.6
1312030 1707.9
1312040 1711.3
1312050 1711.3
1312060 1713.3
1312070 1712.7
1312080 1712.7
1312090 1707.4
1312100 1700.4
1312110 1700.4
1312120 1694.8
1312130 1691.0
1312140 1691.0
1312150 1686.8
1312160 1685.0
1312170 1685.0
1312180 1686.8
1312190 1691.6
1312200 1691.6
1312210 1691.4
1312220 1681.0
1312230 1681.0
1312240 1659.1
1312250 1638.0
1312260 1638.0
1312270 1627.1
1312280 1621.3
1312290 1614.3
1312300 1614.3
1312310 1606.7
1312320 1600.9
1312330 1600.9
1312340 1595.2
1312350 1591.9
1312360 1591.9
1312370 1589.9
1312380 1586.5
1312390 1586.5
1312400 1587.0
1312410 1587.9
1312420 1587.9
1312430 1586.1
1312440 1584.9
1312450 1584.9
1312460 1582.4
1312470 1578.0
1312480 1578.0
1312490 1574.5
1312500 1572.7
1312510 1572.7
1312520 1571.5
1312530 1568.8
1312540 1568.8
1312550 1565.6
1312560 1563.1
1312570 1563.1
1312580 1561.2
1312590 1559.9
1312600 1559.6
1312610 1559.6
1312620 1561.2
1312630 1563.0
1312640 1563.0
1312650 1565.9
1312660 1569.5
1312670 1569.5
1312680 1573.1
1312690 1577.4
1312700 1577.4
1312710 1583.5
1312720 1591.3
1312730 1591.3
1312740 1599.8
1312750 1605.0
1312760 1605.0
1312770 1610.1
1312780 1616.1
1312790 1616.1
1312800 1622.5
1312810 1631.0
1312820 1631.0
1312830 1638.7
1312840 1646.4
1312850 1646.4
1312860 1655.6
1312870 1668.9
1312880 1668.9
1312890 1679.9
1312900 1684.7
1312910 1684.7
1312920 1687.3
1312930 1685.9
1312940 1676.8
1312950 1676.8
1312960 1659.3
1312970 1646.5
1312980 1646.5
1312990 1640.2
1313000 1636.3
1313010 1636.3
1313020 1632.6
1313030 1631.5
1313040 1631.5
1313050 1630.8
1313060 1630.5
1313070 1630.5
1313080 1630.5
1313090 1635.8
1313100 1635.8
1313110 1637.7
1313120 1641.0
1313130 1641.0
1313140 1642.7
1313150 1643.3
1313160 1643.3
1313170 1644.4
1313180 1644.8
1313190 1644.8
1313200 1645.5
1313210 1646.5
1313220 1646.5
1313230 1647.1
1313240 1647.1
1313250 1648.0
1313260 1648.0
1313270 1649.4
1313280 1650.6
1313290 1650.6
1313300 1651.6
1313310 1653.5
1313320 1653.5
1313330 1658.7
1313340 1665.5
1313350 1665.5
1313360 1672.1
1313370 1679.2
1313380 1679.2
1313390 1700.9
1313400 1731.7
1313410 1731.7
1313420 1747.7
1313430 1754.0
1313440 1754.0
1313450 1751.7
1313460 1743.4
1313470 1743.4
1313480 1732.3
1313490 1722.2
1313500 1722.2
1313510 1711.5
1313520 1702.4
1313530 1702.4
1313540 1693.4
1313550 1694.9
1313560 1694.9
1313570 1705.6
1313580 1711.7
1313590 1715.1
1313600 1715.1
1313610 1717.4
1313620 1721.1
1313630 1721.1
1313640 1727.5
1313650 1734.4
1313660 1734.4
1313670 1739.7
1313680 1760.8
1313690 1760.8
1313700 1786.7
1313710 1797.8
1313720 1797.8
1313730 1805.9
1313740 1811.6
1313750 1811.6
1313760 1810.2
1313770 1806.0
1313780 1806.0
1313790 1805.4
1313800 1809.6
1313810 1809.6
1313820 1811.5
1313830 1809.6
1313840 1819.8
1313850 1816.5
1313860 1811.1
1313870 1811.1
1313880 1810.5
1313890 1815.4
1313900 1815.5
1313910 1815.5
1313920 1817.3
1313930 1814.2
1313940 1814.2
1313950 1804.0
1313960 1796.3
1313970 1796.3
1313980 1792.0
1313990 1784.1
1314000 1784.1
1314010 1781.3
1314020 1781.2
1314030 1781.2
1314040 1776.3
1314050 1767.6
1314060 1767.6
1314070 1752.8
1314080 1740.8
1314090 1740.8
1314100 1731.4
1314110 1720.4
1314120 1720.4
1314130 1713.5
1314140 1708.0
1314150 1708.0
1314160 1701.5
1314170 1698.0
1314180 1698.0
1314190 1696.4
1314200 1692.3
1314210 1692.3
1314220 1687.4
1314230 1686.4
1314240 1685.0
1314250 1685.0
1314260 1685.8
1314270 1687.7
1314280 1687.7
1314290 1690.8
1314300 1694.8
1314310 1694.8
1314320 1703.0
1314330 1706.7
1314340 1706.7
1314350 1713.9
1314360 1722.1
1314370 1722.1
1314380 1729.2
1314390 1737.6
1314400 1737.6
1314410 1748.4
1314420 1760.5
1314430 1760.5
1314440 1791.7
1314450 1812.4
1314460 1812.4
1314470 1816.8
1314480 1814.3
1314490 1814.3
1314500 1810.0
1314510 1805.6
1314520 1805.6
1314530 1801.4
1314540 1797.6
1314550 1795.4
1314560 1795.4
1314570 1791.5
1314580 1786.8
1314590 1795.5
1314600 1793.4
1314610 1789.3
1314620 1789.3
1314630 1783.1
1314640 1776.2
1314650 1776.2
1314660 1775.2
1314670 1777.9
1314680 1777.9
1314690 1775.1
1314700 1779.4
1314710 1779.4
1314720 1785.6
1314730 1790.0
1314740 1790.0
1314750 1794.4
1314760 1798.6
1314770 1798.6
1314780 1802.1
1314790 1805.2
1314800 1805.2
1314810 1807.6
1314820 1809.7
1314830 1809.7
1314840 1809.8
1314850 1804.7
1314860 1804.7
1314870 1798.2
1314880 1791.8
1314890 1785.1
1314900 1785.1
1314910 1778.1
1314920 1771.6
1314930 1771.6
1314940 1765.7
1314950 1762.3
1314960 1762.3
1314970 1760.2
1314980 1759.2
1314990 1759.2
1315000 1758.6
1315010 1755.3
1315020 1755.3
1315030 1749.5
1315040 1743.2
1315050 1743.2
1315060 1734.4
1315070 1725.2
1315080 1725.2
1315090 1717.0
1315100 1708.1
1315110 1708.1
1315120 1697.7
1315130 1686.6
1315140 1686.6
1315150 1674.1
1315160 1662.0
1315170 1662.0
1315180 1655.5
1315190 1650.9
1315200 1650.9
1315210 1649.4
1315220 1647.1
1315230 1646.7
1315240 1646.7
1315250 1644.5
1315260 1642.2
1315270 1642.2
1315280 1640.6
1315290 1637.5
1315300 1637.5
1315310 1633.6
1315320 1629.7
1315330 1629.7
1315340 1629.4
1315350 1626.1
1315360 1626.1
1315370 1622.2
1315380 1617.1
1315390 1617.1
1315400 1615.6
1315410 1615.6
1315420 1615.6
1315430 1618.7
1315440 1621.6
1315450 1621.6
1315460 1624.7
1315470 1628.7
1315480 1628.7
1315490 1632.4
1315500 1634.6
1315510 1634.6
1315520 1636.8
1315530 1640.6
1315540 1646.1
1315550 1646.1
1315560 1651.6
1315570 1653.4
1315580 1653.4
1315590 1659.5
1315600 1670.9
1315610 1670.9
1315620 1685.6
1315630 1697.4
1315640 1697.4
1315650 1706.3
1315660 1715.3
1315670 1715.3
1315680 1725.9
1315690 1734.3
1315700 1734.3
1315710 1741.4
1315720 1748.2
1315730 1748.2
1315740 1754.6
1315750 1760.3
1315760 1760.3
1315770 1765.5
1315780 1770.0
1315790 1770.0
1315800 1774.6
1315810 1778.5
1315820 1778.5
1315830 1781.7
1315840 1783.4
1315850 1783.4
1315860 1784.4
1315870 1786.2
1315880 1789.8
1315890 1789.8
1315900 1793.4
1315910 1795.2
1315920 1795.2
1315930 1798.3
1315940 1804.1
1315950 1804.1
1315960 1811.8
1315970 1819.8
1315980 1819.8
1315990 1827.2
1316000 1833.9
1316010 1833.9
1316020 1840.3
1316030 1847.0
1316040 1847.0
1316050 1853.6
1316060 1860.5
1316070 1860.5
1316080 1867.1
1316090 1869.6
1316100 1872.3
1316110 1875.3
1316120 1874.5
1316130 1874.5
1316140 1872.2
1316150 1869.7
1316160 1869.7
1316170 1867.2
1316180 1863.5
1316190 1859.2
1316200 1859.2
1316210 1857.7
1316220 1859.4
1316230 1859.4
1316240 1862.1
1316250 1863.8
1316260 1863.8
1316270 1864.5
1316280 1865.6
1316290 1865.6
1316300 1867.1
1316310 1868.6
1316320 1868.6
1316330 1870.3
1316340 1871.6
1316350 1871.6
1316360 1872.0
1316370 1871.7
1316380 1871.7
1316390 1870.4
1316400 1867.6
1316410 1867.6
1316420 1864.1
1316430 1861.5
1316440 1861.5
1316450 1859.1
1316460 1857.0
1316470 1857.0
1316480 1854.9
1316490 1853.4
1316500 1853.4
1316510 1852.3
1316520 1851.1
1316530 1851.3
1316540 1851.3
1316550 1851.2
1316560 1850.4
1316570 1850.4
1316580 1849.0
1316590 1847.5
1316600 1847.5
1316610 1846.1
1316620 1844.9
1316630 1844.9
1316640 1843.8
1316650 1842.1
1316660 1842.1
1316670 1839.7
1316680 1837.2
1316690 1837.2
1316700 1835.8
1316710 1835.8
1316720 1835.8
1316730 1836.3
1316740 1835.9
1316750 1835.9
1316760 1833.5
1316770 1830.3
1316780 1830.3
1316790 1825.2
1316800 1818.7
1316810 1818.7
1316820 1814.7
1316830 1809.8
1316840 1802.5
1316850 1802.5
1316860 1787.8
1316870 1780.8
1316880 1780.8
1316890 1772.9
1316900 1764.0
1316910 1764.0
1316920 1756.6
1316930 1748.2
1316940 1748.2
1316950 1738.0
1316960 1730.1
1316970 1730.1
1316980 1724.0
1316990 1719.9
1317000 1719.9
1317010 1716.8
1317020 1714.1
1317030 1714.1
1317040 1711.9
1317050 1710.2
1317060 1710.2
1317070 1708.5
1317080 1706.9
1317090 1706.9
1317100 1705.6
1317110 1704.9
1317120 1704.9
1317130 1704.3
1317140 1703.2
1317150 1703.2
1317160 1701.1
1317170 1698.3
1317180 1695.0
1317190 1695.0
1317200 1691.2
1317210 1685.1
1317220 1685.1
1317230 1681.8
1317240 1679.5
1317250 1679.5
1317260 1677.2
1317270 1674.5
1317280 1674.5
1317290 1671.2
1317300 1665.9
1317310 1665.9
1317320 1660.6
1317330 1657.6
1317340 1657.6
1317350 1654.9
1317360 1652.9
1317370 1652.9
1317380 1651.0
1317390 1649.0
1317400 1649.0
1317410 1647.3
1317420 1646.9
1317430 1646.9
1317440 1646.9
1317450 1645.5
1317460 1645.5
1317470 1645.6
1317480 1646.9
1317490 1646.9
1317500 1647.9
1317510 1646.2
1317520 1644.5
1317530 1644.5
1317540 1642.2
1317550 1641.5
1317560 1641.5
1317570 1640.7
1317580 1639.7
1317590 1639.7
1317600 1638.7
1317610 1638.1
1317620 1639.9
1317630 1638.5
1317640 1637.0
1317650 1637.0
1317660 1633.6
1317670 1630.3
1317680 1630.3
1317690 1626.7
1317700 1623.0
1317710 1623.0
1317720 1620.0
1317730 1616.8
1317740 1616.8
1317750 1613.5
1317760 1610.7
1317770 1610.7
1317780 1607.8
1317790 1604.1
1317800 1604.1
1317810 1601.4
1317820 1599.2
1317830 1597.6
1317840 1597.6
1317850 1596.1
1317860 1594.1
1317870 1594.1
1317880 1592.3
1317890 1590.3
1317900 1590.3
1317910 1589.6
1317920 1587.9
1317930 1587.9
1317940 1585.3
1317950 1583.2
1317960 1583.2
1317970 1579.4
1317980 1575.7
1317990 1575.7
1318000 1572.9
1318010 1570.8
1318020 1570.8
1318030 1569.0
1318040 1567.2
1318050 1567.2
1318060 1565.1
1318070 1562.2
1318080 1562.2
1318090 1558.4
1318100 1554.9
1318110 1554.9
1318120 1552.4
1318130 1550.7
1318140 1550.7
1318150 1549.7
1318160 1549.1
1318170 1548.6
1318180 1548.6
1318190 1548.5
1318200 1548.2
1318210 1548.2
1318220 1547.3
1318230 1546.0
1318240 1546.0
1318250 1543.8
1318260 1540.7
1318270 1540.7
1318280 1536.5
1318290 1532.3
1318300 1532.3
1318310 1527.9
1318320 1523.0
1318330 1523.0
1318340 1517.8
1318350 1512.4
1318360 1512.4
1318370 1506.3
1318380 1499.6
1318390 1501.2
1318400 1493.9
1318410 1486.1
1318420 1486.1
1318430 1480.4
1318440 1475.4
1318450 1475.4
1318460 1470.7
1318470 1465.2
1318480 1460.1
1318490 1460.1
1318500 1456.7
1318510 1452.8
1318520 1452.8
1318530 1448.8
1318540 1444.7
1318550 1444.7
1318560 1440.4
1318570 1435.3
1318580 1435.3
1318590 1430.1
1318600 1424.8
1318610 1424.8
1318620 1418.8
1318630 1412.3
1318640 1412.3
1318650 1405.7
1318660 1400.0
1318670 1400.0
1318680 1394.4
1318690 1388.9
1318700 1388.9
1318710 1383.4
1318720 1377.1
1318730 1377.1
1318740 1371.9
1318750 1367.3
1318760 1367.3
1318770 1363.7
1318780 1361.4
1318790 1361.4
1318800 1361.4
1318810 1362.2
1318820 1362.1
1318830 1362.1
1318840 1358.4
1318850 1352.6
1318860 1352.6
1318870 1346.0
1318880 1339.0
1318890 1339.0
1318900 1331.4
1318910 1323.4
1318920 1323.4
1318930 1315.6
1318940 1307.9
1318950 1307.9
1318960 1300.5
1318970 1293.4
1318980 1293.4
1318990 1286.6
1319000 1279.4
1319010 1279.4
1319020 1272.1
1319030 1264.2
1319040 1264.2
1319050 1256.6
1319060 1249.0
1319070 1249.0
1319080 1241.0
1319090 1232.1
1319100 1232.1
1319110 1221.1
1319120 1209.8
1319130 1200.9
1319140 1200.9
1319150 1191.9
1319160 1181.2
1319170 1181.2
1319180 1173.1
1319190 1164.7
1319200 1164.7
1319210 1156.8
1319220 1149.0
1319230 1149.0
1319240 1141.2
1319250 1133.8
1319260 1133.8
1319270 1126.0
1319280 1118.4
1319290 1118.4
1319300 1111.1
1319310 1104.6
1319320 1104.6
1319330 1098.6
1319340 1091.4
1319350 1091.4
1319360 1084.8
1319370 1078.3
1319380 1078.3
1319390 1071.9
1319400 1065.6
1319410 1065.6
1319420 1059.4
1319430 1053.4
1319440 1053.4
1319450 1047.2
1319460 1040.8
1319470 1034.5
1319480 1034.5
1319490 1028.0
1319500 1021.6
1319510 1021.6
1319520 1014.9
1319530 1007.6
1319540 1007.6
1319550 1000.5
1319560 993.3
1319570 993.3
1319580 986.6
1319590 980.1
1319600 980.1
1319610 973.5
1319620 967.1
1319630 967.1
1319640 961.0
1319650 955.8
1319660 955.8
1319670 951.0
1319680 945.9
1319690 945.9
1319700 940.2
1319710 933.9
1319720 933.9
1319730 928.1
1319740 922.8
1319750 922.8
1319760 918.1
1319770 913.2
1319780 908.4
1319790 908.4
1319800 904.3
1319810 899.7
1319820 899.7
1319830 895.1
1319840 890.9
1319850 890.9
1319860 886.1
1319870 881.4
1319880 881.4
1319890 876.6
1319900 872.0
1319910 872.0
1319920 866.7
1319930 860.7
1319940 860.7
1319950 856.0
1319960 850.8
1319970 850.8
1319980 846.3
1319990 841.9
