1300000 1685.8
1300010 1678.1
1300020 1671.7
1300030 1671.7
1300040 1666.3
1300050 1660.3
1300060 1660.3
1300070 1655.4
1300080 1651.6
1300090 1651.6
1300100 1649.6
1300110 1647.4
1300120 1647.4
1300130 1644.9
1300140 1642.0
1300150 1642.0
1300160 1638.2
1300170 1637.7
1300180 1635.4
1300190 1635.4
1300200 1632.8
1300210 1632.1
1300220 1632.1
1300230 1631.0
1300240 1629.7
1300250 1629.7
1300260 1629.1
1300270 1630.5
1300280 1630.5
1300290 1632.0
1300300 1632.0
1300310 1632.0
1300320 1631.3
1300330 1630.6
1300340 1630.6
1300350 1628.9
1300360 1627.7
1300370 1627.7
1300380 1626.6
1300390 1627.3
1300400 1627.3
1300410 1627.9
1300420 1628.4
1300430 1628.4
1300440 1628.3
1300450 1628.4
1300460 1628.4
1300470 1628.1
1300480 1627.1
1300490 1627.1
1300500 1625.0
1300510 1624.5
1300520 1623.5
1300530 1623.5
1300540 1623.2
1300550 1625.0
1300560 1625.0
1300570 1627.8
1300580 1631.7
1300590 1631.7
1300600 1634.7
1300610 1637.2
1300620 1637.2
1300630 1640.4
1300640 1650.7
1300650 1650.7
1300660 1654.9
1300670 1659.1
1300680 1659.1
1300690 1664.1
1300700 1671.4
1300710 1671.4
1300720 1680.4
1300730 1688.5
1300740 1688.5
1300750 1695.3
1300760 1699.1
1300770 1699.1
1300780 1697.9
1300790 1692.0
1300800 1692.0
1300810 1683.6
1300820 1674.0
1300830 1674.0
1300840 1665.0
1300850 1656.5
1300860 1647.6
1300870 1647.6
1300880 1638.9
1300890 1631.3
1300900 1631.3
1300910 1624.4
1300920 1617.1
1300930 1617.1
1300940 1609.3
1300950 1602.5
1300960 1602.5
1300970 1596.6
1300980 1591.4
1300990 1591.4
1301000 1587.9
1301010 1585.1
1301020 1585.1
1301030 1582.7
1301040 1580.3
1301050 1580.3
1301060 1577.6
1301070 1575.5
1301080 1575.5
1301090 1573.7
1301100 1572.2
1301110 1572.2
1301120 1571.0
1301130 1569.9
1301140 1569.9
1301150 1568.9
1301160 1569.0
1301170 1569.0
1301180 1569.8
1301190 1568.7
1301200 1565.9
1301210 1565.9
1301220 1563.2
1301230 1560.5
1301240 1560.5
1301250 1559.9
1301260 1561.6
1301270 1561.6
1301280 1560.0
1301290 1559.0
1301300 1559.0
1301310 1558.0
1301320 1553.7
1301330 1557.3
1301340 1555.1
1301350 1556.8
1301360 1556.8
1301370 1558.6
1301380 1560.2
1301390 1560.2
1301400 1561.7
1301410 1564.1
1301420 1564.1
1301430 1567.6
1301440 1570.8
1301450 1570.8
1301460 1574.0
1301470 1576.4
1301480 1576.4
1301490 1577.4
1301500 1577.6
1301510 1577.6
1301520 1577.2
1301530 1575.1
1301540 1571.1
1301550 1571.1
1301560 1565.4
1301570 1558.8
1301580 1558.8
1301590 1552.2
1301600 1545.7
1301610 1545.7
1301620 1538.8
1301630 1531.0
1301640 1531.0
1301650 1524.1
1301660 1518.1
1301670 1518.1
1301680 1512.2
1301690 1506.0
1301700 1506.0
1301710 1499.9
1301720 1494.0
1301730 1494.0
1301740 1488.1
1301750 1479.5
1301760 1479.5
1301770 1471.6
1301780 1463.3
1301790 1463.3
1301800 1455.7
1301810 1449.2
1301820 1449.2
1301830 1440.6
1301840 1432.9
1301850 1424.0
1301860 1424.0
1301870 1412.8
1301880 1404.1
1301890 1404.1
1301900 1396.4
1301910 1389.2
1301920 1389.2
1301930 1380.7
1301940 1371.6
1301950 1371.6
1301960 1361.2
1301970 1352.8
1301980 1352.8
1301990 1347.5
1302000 1346.0
1302010 1346.0
1302020 1347.8
1302030 1337.5
1302040 1337.5
1302050 1334.8
1302060 1332.0
1302070 1332.0
1302080 1326.5
1302090 1319.6
1302100 1319.6
1302110 1312.1
1302120 1305.7
1302130 1305.7
1302140 1300.2
1302150 1293.7
1302160 1293.7
1302170 1286.7
1302180 1281.4
1302190 1278.3
1302200 1278.3
1302210 1273.6
1302220 1263.3
1302230 1263.3
1302240 1255.7
1302250 1251.1
1302260 1251.1
1302270 1250.3
1302280 1247.9
1302290 1247.9
1302300 1242.2
1302310 1234.1
1302320 1234.1
1302330 1225.9
1302340 1219.0
1302350 1219.0
1302360 1211.2
1302370 1200.4
1302380 1200.4
1302390 1184.5
1302400 1172.4
1302410 1172.4
1302420 1165.4
1302430 1156.9
1302440 1156.9
1302450 1148.2
1302460 1144.2
1302470 1144.2
1302480 1142.8
1302490 1140.3
1302500 1140.3
1302510 1132.3
1302520 1115.3
1302530 1098.7
1302540 1098.7
1302550 1089.3
1302560 1086.2
1302570 1086.2
1302580 1083.5
1302590 1082.5
1302600 1082.5
1302610 1079.2
1302620 1073.7
1302630 1073.7
1302640 1068.0
1302650 1061.6
1302660 1061.6
1302670 1054.5
1302680 1046.7
1302690 1046.7
1302700 1039.2
1302710 1030.7
1302720 1030.7
1302730 1023.2
1302740 1017.8
1302750 1017.8
1302760 1009.1
1302770 1000.2
1302780 1000.2
1302790 990.7
1302800 981.1
1302810 981.1
1302820 972.0
1302830 963.7
1302840 963.7
1302850 956.4
1302860 949.0
1302870 941.5
1302880 941.5
1302890 931.9
1302900 927.1
1302910 927.1
1302920 926.1
1302930 926.1
1302940 926.1
1302950 926.1
1302960 926.1
1302970 926.1
1302980 926.1
1302990 926.1
1303000 926.1
1303010 926.1
1303020 926.1
1303030 926.1
1303040 926.1
1303050 926.1
1303060 926.1
1303070 926.1
1303080 926.1
1303090 926.1
1303100 926.1
1303110 926.1
1303120 926.1
1303130 926.1
1303140 926.1
1303150 926.1
1303160 926.1
1303170 926.1
1303180 926.1
1303190 926.1
1303200 926.1
1303210 926.1
1303220 926.1
1303230 926.1
1303240 926.1
1303250 926.1
1303260 926.1
1303270 926.1
1303280 926.1
1303290 926.1
1303300 926.1
1303310 926.1
1303320 926.1
1303330 926.1
1303340 926.1
1303350 926.1
1303360 926.1
1303370 926.1
1303380 926.1
1303390 926.1
1303400 926.1
1303410 926.1
1303420 926.1
1303430 926.1
1303440 926.1
1303450 926.1
1303460 926.1
1303470 926.1
1303480 926.1
1303490 926.1
1303500 926.1
1303510 926.1
1303520 926.1
1303530 926.1
1303540 926.1
1303550 926.1
1303560 926.1
1303570 926.1
1303580 926.1
1303590 926.1
1303600 926.1
1303610 926.1
1303620 926.1
1303630 926.1
1303640 926.1
1303650 926.1
1303660 926.1
1303670 926.1
1303680 926.1
1303690 926.1
1303700 926.6
1303710 926.6
1303720 928.5
1303730 930.3
1303740 930.3
1303750 931.4
1303760 931.8
1303770 931.8
1303780 932.3
1303790 933.2
1303800 933.2
1303810 934.0
1303820 934.6
1303830 934.6
1303840 935.4
1303850 936.4
1303860 937.3
1303870 937.3
1303880 937.8
1303890 938.3
1303900 938.3
1303910 938.9
1303920 939.9
1303930 939.9
1303940 940.7
1303950 941.7
1303960 941.7
1303970 942.1
1303980 942.6
1303990 942.6
1304000 943.2
1304010 943.1
1304020 943.1
1304030 942.1
1304040 942.2
1304050 942.2
1304060 943.5
1304070 945.9
1304080 945.9
1304090 948.9
1304100 954.1
1304110 954.1
1304120 959.6
1304130 965.2
1304140 965.2
1304150 968.6
1304160 972.6
1304170 972.6
1304180 977.2
1304190 981.9
1304200 986.4
1304210 986.4
1304220 991.3
1304230 995.7
1304240 995.7
1304250 1000.4
1304260 1004.1
1304270 1004.1
1304280 1007.1
1304290 1011.0
1304300 1011.0
1304310 1015.5
1304320 1019.8
1304330 1019.8
1304340 1022.3
1304350 1023.0
1304360 1023.0
1304370 1023.2
1304380 1024.4
1304390 1024.4
1304400 1026.7
1304410 1026.4
1304420 1026.4
1304430 1027.8
1304440 1032.8
1304450 1032.8
1304460 1037.4
1304470 1039.5
1304480 1039.5
1304490 1040.7
1304500 1040.7
1304510 1040.7
1304520 1039.6
1304530 1037.3
1304540 1036.8
1304550 1036.8
1304560 1036.8
1304570 1037.5
1304580 1037.5
1304590 1037.4
1304600 1037.9
1304610 1037.9
1304620 1038.8
1304630 1037.4
1304640 1037.4
1304650 1035.0
1304660 1036.2
1304670 1036.2
1304680 1036.0
1304690 1035.0
1304700 1035.0
1304710 1035.3
1304720 1035.3
1304730 1035.3
1304740 1033.3
1304750 1030.5
1304760 1030.5
1304770 1031.2
1304780 1033.9
1304790 1033.9
1304800 1038.2
1304810 1041.1
1304820 1041.1
1304830 1044.3
1304840 1046.4
1304850 1046.4
1304860 1049.8
1304870 1052.6
1304880 1056.2
1304890 1056.2
1304900 1060.7
1304910 1065.7
1304920 1065.7
1304930 1070.7
1304940 1075.4
1304950 1075.4
1304960 1079.6
1304970 1085.5
1304980 1085.5
1304990 1088.9
1305000 1093.1
1305010 1093.1
1305020 1097.1
1305030 1101.3
1305040 1101.3
1305050 1105.8
1305060 1108.1
1305070 1108.1
1305080 1109.6
1305090 1111.6
1305100 1111.6
1305110 1115.7
1305120 1120.0
1305130 1120.0
1305140 1123.4
1305150 1126.3
1305160 1126.3
1305170 1129.0
1305180 1131.5
1305190 1134.6
1305200 1134.6
1305210 1137.9
1305220 1141.5
1305230 1141.5
1305240 1145.9
1305250 1150.7
1305260 1150.7
1305270 1156.0
1305280 1161.1
1305290 1161.1
1305300 1166.5
1305310 1172.8
1305320 1172.8
1305330 1179.5
1305340 1186.1
1305350 1186.1
1305360 1193.1
1305370 1200.1
1305380 1200.1
1305390 1207.5
1305400 1214.3
1305410 1214.3
1305420 1220.5
1305430 1226.8
1305440 1226.8
1305450 1233.1
1305460 1239.9
1305470 1239.9
1305480 1246.6
1305490 1252.2
1305500 1252.2
1305510 1256.6
1305520 1260.7
1305530 1264.1
1305540 1264.1
1305550 1267.2
1305560 1270.9
1305570 1273.4
1305580 1276.9
1305590 1280.5
1305600 1280.5
1305610 1283.8
1305620 1287.1
1305630 1287.1
1305640 1290.7
1305650 1294.1
1305660 1294.1
1305670 1297.6
1305680 1301.0
1305690 1301.0
1305700 1304.5
1305710 1307.7
1305720 1307.7
1305730 1311.1
1305740 1314.6
1305750 1314.6
1305760 1317.7
1305770 1321.0
1305780 1321.0
1305790 1324.2
1305800 1327.0
1305810 1327.0
1305820 1330.3
1305830 1329.6
1305840 1329.6
1305850 1324.3
1305860 1316.3
1305870 1311.7
1305880 1311.7
1305890 1308.9
1305900 1307.7
1305910 1307.7
1305920 1305.3
1305930 1301.8
1305940 1301.8
1305950 1298.5
1305960 1294.3
1305970 1294.3
1305980 1288.6
1305990 1282.6
1306000 1282.6
1306010 1279.6
1306020 1275.9
1306030 1275.9
1306040 1272.2
1306050 1274.1
1306060 1274.1
1306070 1279.6
1306080 1285.7
1306090 1285.7
1306100 1293.0
1306110 1300.7
1306120 1300.7
1306130 1308.1
1306140 1314.2
1306150 1314.2
1306160 1316.9
1306170 1319.0
1306180 1319.0
1306190 1322.4
1306200 1326.1
1306210 1330.4
1306220 1330.4
1306230 1334.3
1306240 1338.6
1306250 1338.6
1306260 1342.4
1306270 1345.5
1306280 1345.5
1306290 1340.3
1306300 1345.5
1306310 1345.5
1306320 1350.3
1306330 1353.9
1306340 1353.9
1306350 1357.0
1306360 1361.3
1306370 1361.3
1306380 1365.9
1306390 1370.4
1306400 1370.4
1306410 1375.8
1306420 1381.4
1306430 1381.4
1306440 1386.5
1306450 1390.5
1306460 1390.5
1306470 1394.6
1306480 1399.6
1306490 1399.6
1306500 1405.7
1306510 1411.0
1306520 1411.0
1306530 1416.0
1306540 1420.4
1306550 1425.0
1306560 1425.0
1306570 1430.0
1306580 1435.8
1306590 1435.8
1306600 1441.5
1306610 1447.3
1306620 1447.3
1306630 1453.4
1306640 1459.4
1306650 1459.4
1306660 1465.5
1306670 1471.9
1306680 1471.9
1306690 1478.2
1306700 1484.3
1306710 1484.3
1306720 1490.2
1306730 1496.5
1306740 1496.5
1306750 1502.6
1306760 1508.6
1306770 1508.6
1306780 1514.4
1306790 1520.2
1306800 1520.2
1306810 1526.1
1306820 1532.1
1306830 1532.1
1306840 1538.2
1306850 1544.0
1306860 1550.1
1306870 1550.1
1306880 1555.9
1306890 1561.4
1306900 1561.4
1306910 1566.4
1306920 1571.2
1306930 1571.2
1306940 1575.7
1306950 1579.8
1306960 1579.8
1306970 1583.9
1306980 1588.1
1306990 1588.1
1307000 1592.2
1307010 1594.3
1307020 1594.3
1307030 1598.5
1307040 1602.4
1307050 1602.4
1307060 1606.2
1307070 1609.8
1307080 1609.8
1307090 1613.4
1307100 1617.0
1307110 1617.0
1307120 1619.5
1307130 1621.3
1307140 1621.3
1307150 1622.7
1307160 1624.3
1307170 1624.3
1307180 1625.9
1307190 1627.6
1307200 1629.5
1307210 1629.5
1307220 1630.5
1307230 1630.7
1307240 1630.7
1307250 1631.8
1307260 1632.2
1307270 1632.2
1307280 1631.1
1307290 1628.3
1307300 1628.3
1307310 1624.0
1307320 1618.2
1307330 1618.2
1307340 1612.5
1307350 1606.8
1307360 1606.8
1307370 1600.8
1307380 1594.5
1307390 1594.5
1307400 1588.2
1307410 1582.4
1307420 1582.4
1307430 1576.7
1307440 1571.9
1307450 1571.9
1307460 1566.4
1307470 1559.5
1307480 1559.5
1307490 1551.0
1307500 1543.5
1307510 1543.5
1307520 1536.1
1307530 1528.7
1307540 1521.5
1307550 1521.5
1307560 1516.2
1307570 1512.7
1307580 1512.7
1307590 1510.0
1307600 1506.7
1307610 1506.7
1307620 1502.8
1307630 1499.1
1307640 1499.1
1307650 1495.8
1307660 1492.4
1307670 1492.4
1307680 1489.1
1307690 1485.3
1307700 1485.3
1307710 1480.9
1307720 1480.0
1307730 1476.0
1307740 1474.3
1307750 1471.9
1307760 1471.9
1307770 1469.8
1307780 1464.8
1307790 1464.8
1307800 1457.7
1307810 1451.3
1307820 1451.3
1307830 1445.8
1307840 1439.9
1307850 1439.9
1307860 1434.9
1307870 1432.6
1307880 1428.1
1307890 1428.1
1307900 1422.5
1307910 1419.5
1307920 1419.5
1307930 1420.3
1307940 1418.8
1307950 1418.8
1307960 1414.7
1307970 1412.3
1307980 1412.3
1307990 1410.1
1308000 1406.8
1308010 1406.8
1308020 1403.0
1308030 1399.0
1308040 1399.0
1308050 1396.4
1308060 1394.1
1308070 1394.1
1308080 1392.6
1308090 1390.9
1308100 1390.9
1308110 1387.9
1308120 1386.0
1308130 1386.0
1308140 1384.4
1308150 1383.3
1308160 1383.3
1308170 1382.2
1308180 1381.1
1308190 1381.1
1308200 1379.8
1308210 1379.5
1308220 1380.7
1308230 1380.7
1308240 1381.5
1308250 1382.3
1308260 1382.3
1308270 1383.0
1308280 1383.6
1308290 1383.6
1308300 1382.4
1308310 1376.2
1308320 1376.2
1308330 1372.9
1308340 1376.9
1308350 1376.9
1308360 1381.6
1308370 1385.1
1308380 1385.1
1308390 1387.2
1308400 1387.6
1308410 1387.6
1308420 1387.2
1308430 1387.1
1308440 1387.1
1308450 1384.7
1308460 1384.1
1308470 1384.1
1308480 1383.2
1308490 1379.7
1308500 1379.7
1308510 1375.3
1308520 1373.4
1308530 1371.9
1308540 1371.9
1308550 1375.4
1308560 1379.7
1308570 1379.7
1308580 1382.5
1308590 1384.0
1308600 1384.0
1308610 1384.4
1308620 1384.4
1308630 1384.4
1308640 1384.0
1308650 1384.2
1308660 1384.2
1308670 1384.5
1308680 1384.2
1308690 1384.2
1308700 1383.5
1308710 1382.2
1308720 1382.2
1308730 1380.2
1308740 1377.8
1308750 1377.8
1308760 1374.1
1308770 1370.9
1308780 1370.9
1308790 1367.5
1308800 1365.5
1308810 1365.5
1308820 1368.1
1308830 1374.3
1308840 1374.3
1308850 1379.7
1308860 1381.7
1308870 1381.5
1308880 1381.5
1308890 1380.5
1308900 1379.9
1308910 1379.9
1308920 1380.2
1308930 1381.3
1308940 1381.3
1308950 1382.7
1308960 1383.7
1308970 1383.7
1308980 1385.6
1308990 1388.1
1309000 1388.1
1309010 1389.9
1309020 1391.6
1309030 1391.6
1309040 1393.2
1309050 1395.2
1309060 1395.2
1309070 1397.2
1309080 1398.8
1309090 1398.8
1309100 1400.3
1309110 1402.1
1309120 1402.1
1309130 1404.3
1309140 1406.7
1309150 1406.7
1309160 1409.9
1309170 1413.4
1309180 1411.0
1309190 1414.2
1309200 1417.5
1309210 1420.8
1309220 1420.8
1309230 1423.9
1309240 1427.5
1309250 1427.5
1309260 1431.7
1309270 1434.5
1309280 1434.5
1309290 1436.2
1309300 1437.5
1309310 1437.5
1309320 1437.6
1309330 1437.4
1309340 1437.4
1309350 1437.0
1309360 1436.4
1309370 1436.4
1309380 1435.6
1309390 1435.6
1309400 1435.6
1309410 1436.4
1309420 1438.5
1309430 1438.5
1309440 1441.7
1309450 1443.9
1309460 1443.9
1309470 1445.2
1309480 1446.3
1309490 1446.3
1309500 1447.6
1309510 1448.4
1309520 1448.4
1309530 1448.3
1309540 1446.1
1309550 1442.8
1309560 1442.8
1309570 1441.3
1309580 1440.1
1309590 1440.1
1309600 1441.4
1309610 1443.5
1309620 1443.5
1309630 1447.3
1309640 1453.8
1309650 1453.8
1309660 1457.9
1309670 1460.8
1309680 1460.8
1309690 1463.1
1309700 1464.5
1309710 1464.5
1309720 1465.7
1309730 1465.7
1309740 1465.7
1309750 1467.6
1309760 1470.7
1309770 1470.7
1309780 1472.2
1309790 1475.0
1309800 1475.0
1309810 1478.2
1309820 1480.1
1309830 1480.1
1309840 1482.5
1309850 1482.9
1309860 1482.1
1309870 1482.1
1309880 1482.1
1309890 1482.3
1309900 1482.3
1309910 1478.5
1309920 1480.0
1309930 1480.0
1309940 1481.7
1309950 1484.4
1309960 1484.4
1309970 1485.8
1309980 1486.8
1309990 1486.8
1310000 1486.8
1310010 1486.9
1310020 1486.9
1310030 1486.1
1310040 1484.1
1310050 1484.1
1310060 1480.5
1310070 1476.8
1310080 1476.8
1310090 1474.3
1310100 1471.3
1310110 1471.3
1310120 1467.0
1310130 1462.1
1310140 1462.1
1310150 1457.6
1310160 1453.2
1310170 1453.2
1310180 1448.7
1310190 1442.9
1310200 1435.3
1310210 1435.3
1310220 1428.3
1310230 1422.3
1310240 1422.3
1310250 1412.2
1310260 1403.6
1310270 1403.6
1310280 1395.8
1310290 1382.5
1310300 1382.5
1310310 1372.2
1310320 1363.5
1310330 1363.5
1310340 1355.6
1310350 1347.8
1310360 1347.8
1310370 1339.4
1310380 1330.1
1310390 1330.1
1310400 1321.8
1310410 1314.7
1310420 1314.7
1310430 1307.9
1310440 1301.7
1310450 1301.7
1310460 1295.7
1310470 1289.7
1310480 1289.7
1310490 1283.9
1310500 1278.7
1310510 1278.7
1310520 1273.5
1310530 1268.7
1310540 1264.3
1310550 1264.3
1310560 1260.4
1310570 1257.3
1310580 1257.3
1310590 1255.5
1310600 1253.1
1310610 1253.1
1310620 1250.8
1310630 1249.1
1310640 1246.0
1310650 1244.6
1310660 1243.8
1310670 1243.8
1310680 1242.9
1310690 1241.1
1310700 1241.1
1310710 1237.6
1310720 1233.5
1310730 1233.5
1310740 1230.2
1310750 1227.5
1310760 1227.5
1310770 1225.2
1310780 1223.6
1310790 1223.6
1310800 1222.4
1310810 1221.5
1310820 1221.5
1310830 1220.5
1310840 1219.2
1310850 1219.2
1310860 1219.0
1310870 1218.7
1310880 1219.0
1310890 1219.0
1310900 1220.2
1310910 1221.9
1310920 1221.9
1310930 1222.8
1310940 1224.8
1310950 1224.8
1310960 1227.8
1310970 1234.0
1310980 1234.0
1310990 1232.9
1311000 1230.6
1311010 1230.6
1311020 1230.8
1311030 1233.5
1311040 1233.5
1311050 1234.6
1311060 1234.9
1311070 1234.9
1311080 1238.6
1311090 1241.9
1311100 1241.9
1311110 1244.8
1311120 1247.5
1311130 1247.5
1311140 1248.8
1311150 1248.7
1311160 1248.7
1311170 1247.7
1311180 1246.3
1311190 1246.3
1311200 1246.2
1311210 1248.0
1311220 1250.5
1311230 1250.5
1311240 1252.3
1311250 1249.3
1311260 1249.3
1311270 1247.7
1311280 1246.7
1311290 1246.7
1311300 1245.7
1311310 1245.6
1311320 1245.6
1311330 1244.1
1311340 1241.2
1311350 1241.2
1311360 1237.6
1311370 1233.7
1311380 1225.1
1311390 1222.7
1311400 1218.1
1311410 1218.1
1311420 1213.9
1311430 1209.8
1311440 1209.8
1311450 1205.4
1311460 1201.2
1311470 1201.2
1311480 1197.3
1311490 1194.4
1311500 1194.4
1311510 1191.9
1311520 1190.0
1311530 1189.3
1311540 1189.3
1311550 1190.2
1311560 1189.4
1311570 1189.4
1311580 1187.6
1311590 1184.8
1311600 1184.8
1311610 1180.1
1311620 1176.2
1311630 1176.2
1311640 1176.1
1311650 1175.3
1311660 1175.3
1311670 1174.7
1311680 1175.4
1311690 1175.4
1311700 1174.5
1311710 1173.9
1311720 1173.9
1311730 1173.4
1311740 1172.3
1311750 1172.3
1311760 1169.2
1311770 1164.6
1311780 1164.6
1311790 1160.1
1311800 1162.5
1311810 1162.5
1311820 1163.9
1311830 1164.0
1311840 1164.0
1311850 1164.5
1311860 1163.3
1311870 1159.3
1311880 1159.3
1311890 1154.2
1311900 1152.1
1311910 1152.1
1311920 1148.7
1311930 1144.4
1311940 1144.4
1311950 1139.0
1311960 1131.9
1311970 1131.9
1311980 1125.4
1311990 1121.8
1312000 1121.8
1312010 1120.4
1312020 1118.6
1312030 1118.6
1312040 1116.2
1312050 1113.9
1312060 1113.9
1312070 1112.9
1312080 1112.5
1312090 1112.5
1312100 1111.8
1312110 1110.2
1312120 1103.4
1312130 1100.1
1312140 1096.8
1312150 1096.8
1312160 1093.4
1312170 1089.5
1312180 1089.5
1312190 1084.3
1312200 1081.2
1312210 1080.3
1312220 1080.3
1312230 1080.4
1312240 1080.9
1312250 1080.9
1312260 1082.2
1312270 1085.9
1312280 1085.9
1312290 1088.4
1312300 1089.6
1312310 1089.6
1312320 1089.2
1312330 1087.8
1312340 1087.8
1312350 1087.2
1312360 1087.2
1312370 1087.2
1312380 1087.7
1312390 1090.1
1312400 1090.1
1312410 1094.4
1312420 1098.9
1312430 1098.9
1312440 1096.3
1312450 1092.1
1312460 1092.1
1312470 1088.6
1312480 1085.2
1312490 1085.2
1312500 1081.6
1312510 1079.8
1312520 1079.8
1312530 1079.9
1312540 1080.1
1312550 1080.6
1312560 1080.6
1312570 1080.0
1312580 1080.4
1312590 1080.4
1312600 1082.2
1312610 1083.4
1312620 1083.4
1312630 1083.5
1312640 1082.9
1312650 1082.9
1312660 1083.6
1312670 1084.5
1312680 1084.5
1312690 1085.1
1312700 1086.6
1312710 1086.6
1312720 1087.6
1312730 1087.6
1312740 1087.6
1312750 1089.8
1312760 1090.7
1312770 1090.7
1312780 1090.3
1312790 1088.4
1312800 1088.4
1312810 1091.9
1312820 1096.9
1312830 1096.9
1312840 1097.3
1312850 1095.1
1312860 1101.9
1312870 1101.8
1312880 1106.1
1312890 1108.1
1312900 1108.1
1312910 1108.4
1312920 1108.4
1312930 1108.4
1312940 1108.2
1312950 1107.6
1312960 1107.6
1312970 1106.8
1312980 1106.2
1312990 1106.2
1313000 1104.9
1313010 1103.8
1313020 1103.8
1313030 1103.6
1313040 1103.0
1313050 1103.0
1313060 1102.2
1313070 1101.0
1313080 1101.0
1313090 1099.4
1313100 1098.3
1313110 1098.3
1313120 1098.0
1313130 1098.3
1313140 1098.3
1313150 1098.7
1313160 1099.5
1313170 1099.5
1313180 1100.0
1313190 1100.8
1313200 1101.4
1313210 1101.4
1313220 1101.8
1313230 1102.4
1313240 1102.4
1313250 1102.6
1313260 1102.8
1313270 1102.8
1313280 1104.1
1313290 1106.4
1313300 1106.4
1313310 1107.6
1313320 1106.4
1313330 1106.4
1313340 1105.8
1313350 1106.5
1313360 1106.5
1313370 1108.6
1313380 1112.3
1313390 1112.3
1313400 1115.5
1313410 1117.8
1313420 1117.8
1313430 1119.5
1313440 1121.2
1313450 1121.2
1313460 1123.3
1313470 1124.2
1313480 1124.2
1313490 1122.3
1313500 1117.6
1313510 1117.6
1313520 1114.6
1313530 1111.5
1313540 1109.6
1313550 1109.6
1313560 1109.9
1313570 1112.3
1313580 1112.3
1313590 1115.8
1313600 1120.2
1313610 1123.4
1313620 1125.4
1313630 1125.4
1313640 1125.4
1313650 1123.6
1313660 1117.9
1313670 1117.9
1313680 1111.9
1313690 1106.1
1313700 1106.1
1313710 1100.9
1313720 1096.0
1313730 1096.0
1313740 1090.2
1313750 1083.0
1313760 1083.0
1313770 1076.7
1313780 1071.5
1313790 1071.5
1313800 1069.9
1313810 1073.8
1313820 1073.8
1313830 1082.0
1313840 1088.6
1313850 1088.6
1313860 1092.1
1313870 1096.5
1313880 1101.4
1313890 1101.4
1313900 1106.5
1313910 1111.1
1313920 1111.1
1313930 1114.7
1313940 1117.5
1313950 1117.5
1313960 1120.6
1313970 1124.4
1313980 1124.4
1313990 1128.2
1314000 1132.6
1314010 1132.6
1314020 1137.4
1314030 1141.8
1314040 1141.8
1314050 1146.1
1314060 1150.1
1314070 1150.1
1314080 1153.7
1314090 1156.4
1314100 1156.4
1314110 1158.9
1314120 1160.7
1314130 1160.7
1314140 1162.3
1314150 1164.2
1314160 1164.2
1314170 1165.5
1314180 1166.5
1314190 1166.5
1314200 1167.5
1314210 1168.8
1314220 1171.3
1314230 1171.3
1314240 1173.0
1314250 1174.7
1314260 1174.7
1314270 1177.2
1314280 1180.2
1314290 1180.2
1314300 1182.5
1314310 1184.1
1314320 1184.1
1314330 1185.1
1314340 1186.0
1314350 1186.0
1314360 1188.8
1314370 1189.7
1314380 1189.7
1314390 1190.2
1314400 1190.4
1314410 1190.4
1314420 1191.3
1314430 1191.8
1314440 1191.8
1314450 1192.6
1314460 1193.2
1314470 1193.2
1314480 1192.9
1314490 1192.0
1314500 1192.0
1314510 1189.6
1314520 1190.5
1314530 1191.5
1314540 1191.5
1314550 1191.1
1314560 1190.8
1314570 1190.8
1314580 1189.8
1314590 1188.0
1314600 1188.0
1314610 1184.7
1314620 1181.2
1314630 1181.2
1314640 1177.6
1314650 1173.8
1314660 1173.8
1314670 1169.4
1314680 1166.0
1314690 1166.0
1314700 1161.4
1314710 1156.2
1314720 1156.2
1314730 1150.6
1314740 1144.9
1314750 1144.9
1314760 1139.3
1314770 1134.6
1314780 1134.6
1314790 1128.6
1314800 1122.8
1314810 1122.8
1314820 1122.9
1314830 1125.1
1314840 1125.1
1314850 1124.6
1314860 1125.1
1314870 1127.1
1314880 1127.1
1314890 1132.2
1314900 1138.3
1314910 1138.3
1314920 1145.3
1314930 1152.2
1314940 1152.2
1314950 1158.1
1314960 1163.7
1314970 1163.7
1314980 1169.0
1314990 1174.2
1315000 1174.2
1315010 1179.5
1315020 1184.8
1315030 1184.8
1315040 1188.1
1315050 1188.3
1315060 1188.3
1315070 1188.5
1315080 1190.8
1315090 1190.8
1315100 1194.6
1315110 1201.3
1315120 1201.3
1315130 1205.4
1315140 1209.2
1315150 1209.2
1315160 1212.5
1315170 1215.2
1315180 1215.2
1315190 1217.0
1315200 1217.4
1315210 1216.5
1315220 1216.5
1315230 1214.1
1315240 1210.6
1315250 1210.6
1315260 1206.9
1315270 1203.3
1315280 1203.3
1315290 1200.4
1315300 1198.3
1315310 1198.3
1315320 1195.6
1315330 1192.5
1315340 1192.5
1315350 1187.6
1315360 1183.9
1315370 1183.9
1315380 1180.8
1315390 1177.2
1315400 1177.2
1315410 1173.8
1315420 1173.9
1315430 1173.9
1315440 1171.3
1315450 1172.1
1315460 1172.1
1315470 1178.1
1315480 1185.5
1315490 1185.5
1315500 1192.6
1315510 1199.5
1315520 1199.5
1315530 1204.5
1315540 1210.8
1315550 1216.4
1315560 1216.4
1315570 1221.5
1315580 1226.4
1315590 1226.4
1315600 1231.4
1315610 1236.4
1315620 1236.4
1315630 1241.1
1315640 1245.3
1315650 1245.3
1315660 1248.7
1315670 1251.9
1315680 1251.9
1315690 1254.6
1315700 1257.1
1315710 1257.1
1315720 1259.4
1315730 1261.9
1315740 1261.9
1315750 1264.6
1315760 1267.8
1315770 1267.8
1315780 1271.5
1315790 1275.8
1315800 1275.8
1315810 1280.7
1315820 1285.7
1315830 1285.7
1315840 1291.0
1315850 1296.3
1315860 1296.3
1315870 1305.5
1315880 1310.3
1315890 1313.0
1315900 1313.0
1315910 1309.4
1315920 1305.3
1315930 1305.3
1315940 1308.1
1315950 1314.9
1315960 1314.9
1315970 1320.3
1315980 1325.9
1315990 1325.9
1316000 1332.4
1316010 1336.0
1316020 1336.0
1316030 1339.2
1316040 1343.8
1316050 1343.8
1316060 1350.3
1316070 1358.8
1316080 1358.8
1316090 1367.4
1316100 1374.4
1316110 1374.4
1316120 1381.2
1316130 1388.1
1316140 1388.1
1316150 1394.9
1316160 1401.7
1316170 1401.7
1316180 1408.3
1316190 1415.0
1316200 1422.1
1316210 1422.1
1316220 1430.7
1316230 1438.6
1316240 1438.6
1316250 1445.4
1316260 1450.7
1316270 1450.7
1316280 1456.4
1316290 1462.0
1316300 1462.0
1316310 1467.6
1316320 1473.4
1316330 1473.4
1316340 1479.1
1316350 1485.2
1316360 1485.2
1316370 1491.3
1316380 1497.9
1316390 1497.9
1316400 1504.8
1316410 1511.0
1316420 1511.0
1316430 1516.9
1316440 1523.3
1316450 1523.3
1316460 1530.2
1316470 1537.8
1316480 1537.8
1316490 1544.5
1316500 1551.5
1316510 1551.5
1316520 1558.5
1316530 1565.3
1316540 1573.7
1316550 1573.7
1316560 1583.5
1316570 1590.5
1316580 1590.5
1316590 1596.7
1316600 1603.0
1316610 1603.0
1316620 1603.3
1316630 1605.5
1316640 1605.5
1316650 1604.1
1316660 1602.6
1316670 1602.6
1316680 1601.9
1316690 1602.0
1316700 1602.0
1316710 1602.7
1316720 1602.1
1316730 1602.1
1316740 1605.4
1316750 1609.2
1316760 1609.2
1316770 1607.8
1316780 1607.5
1316790 1607.5
1316800 1612.9
1316810 1619.0
1316820 1619.0
1316830 1624.1
1316840 1629.1
1316850 1629.1
1316860 1633.6
1316870 1638.6
1316880 1644.1
1316890 1644.1
1316900 1649.0
1316910 1654.8
1316920 1654.8
1316930 1662.0
1316940 1667.4
1316950 1667.4
1316960 1672.5
1316970 1676.6
1316980 1676.6
1316990 1678.0
1317000 1677.9
1317010 1677.9
1317020 1677.5
1317030 1677.4
1317040 1677.4
1317050 1676.9
1317060 1674.6
1317070 1674.6
1317080 1670.8
1317090 1667.8
1317100 1667.8
1317110 1664.1
1317120 1658.4
1317130 1658.4
1317140 1652.7
1317150 1647.3
1317160 1647.3
1317170 1641.9
1317180 1636.4
1317190 1636.4
1317200 1631.0
1317210 1625.1
1317220 1618.8
1317230 1618.8
1317240 1611.8
1317250 1605.0
1317260 1605.0
1317270 1598.6
1317280 1593.0
1317290 1593.0
1317300 1587.0
1317310 1581.0
1317320 1581.0
1317330 1575.5
1317340 1568.8
1317350 1568.8
1317360 1561.7
1317370 1553.6
1317380 1553.6
1317390 1545.4
1317400 1538.3
1317410 1538.3
1317420 1532.0
1317430 1526.4
1317440 1526.4
1317450 1521.1
1317460 1516.0
1317470 1516.0
1317480 1511.1
1317490 1506.5
1317500 1506.5
1317510 1502.0
1317520 1496.9
1317530 1492.3
1317540 1492.3
1317550 1488.2
1317560 1483.6
1317570 1483.6
1317580 1478.6
1317590 1474.3
1317600 1474.3
1317610 1471.3
1317620 1469.5
1317630 1469.5
1317640 1466.8
1317650 1463.4
1317660 1463.4
1317670 1460.3
1317680 1456.9
1317690 1456.9
1317700 1453.4
1317710 1449.7
1317720 1449.7
1317730 1445.8
1317740 1441.8
1317750 1441.8
1317760 1437.7
1317770 1433.2
1317780 1433.2
1317790 1428.3
1317800 1422.8
1317810 1422.8
1317820 1416.6
1317830 1410.5
1317840 1410.5
1317850 1404.7
1317860 1397.7
1317870 1390.4
1317880 1390.4
1317890 1383.5
1317900 1376.7
1317910 1376.7
1317920 1370.0
1317930 1363.0
1317940 1363.0
1317950 1356.5
1317960 1349.7
1317970 1349.7
1317980 1342.4
1317990 1335.9
1318000 1335.9
1318010 1329.6
1318020 1323.9
1318030 1323.9
1318040 1320.9
1318050 1317.6
1318060 1317.6
1318070 1312.6
1318080 1305.8
1318090 1305.8
1318100 1298.4
1318110 1292.2
1318120 1292.2
1318130 1287.8
1318140 1286.4
1318150 1286.4
1318160 1274.8
1318170 1273.6
1318180 1273.6
1318190 1278.4
1318200 1276.5
1318210 1273.3
1318220 1273.3
1318230 1269.8
1318240 1268.9
1318250 1268.9
1318260 1270.3
1318270 1269.7
1318280 1269.7
1318290 1268.4
1318300 1266.8
1318310 1266.8
1318320 1267.2
1318330 1267.5
1318340 1267.5
1318350 1269.0
1318360 1271.1
1318370 1271.1
1318380 1271.4
1318390 1269.3
1318400 1269.3
1318410 1266.3
1318420 1264.0
1318430 1264.0
1318440 1260.9
1318450 1257.0
1318460 1257.0
1318470 1253.0
1318480 1249.3
1318490 1249.3
1318500 1245.7
1318510 1241.7
1318520 1241.7
1318530 1238.0
1318540 1233.9
1318550 1230.2
1318560 1230.2
1318570 1226.4
1318580 1223.0
1318590 1223.0
1318600 1220.7
1318610 1218.7
1318620 1218.7
1318630 1216.1
1318640 1212.4
1318650 1212.4
1318660 1212.1
1318670 1212.7
1318680 1212.7
1318690 1211.9
1318700 1210.5
1318710 1210.5
1318720 1209.2
1318730 1207.7
1318740 1207.7
1318750 1205.0
1318760 1200.7
1318770 1200.7
1318780 1195.1
1318790 1188.0
1318800 1188.0
1318810 1181.4
1318820 1175.0
1318830 1175.0
1318840 1168.7
1318850 1157.9
1318860 1157.9
1318870 1144.6
1318880 1134.9
1318890 1126.8
1318900 1126.8
1318910 1119.1
1318920 1107.8
1318930 1107.8
1318940 1096.2
1318950 1088.1
1318960 1088.1
1318970 1083.9
1318980 1083.7
1318990 1083.7
1319000 1083.0
1319010 1081.2
1319020 1081.2
1319030 1079.5
1319040 1077.2
1319050 1077.2
1319060 1073.1
1319070 1066.1
1319080 1066.1
1319090 1057.0
1319100 1048.6
1319110 1048.6
1319120 1042.0
1319130 1037.9
1319140 1037.9
1319150 1035.9
1319160 1030.3
1319170 1030.3
1319180 1023.9
1319190 1021.2
1319200 1022.3
1319210 1022.3
1319220 1027.4
1319230 1027.9
1319240 1027.9
1319250 1028.8
1319260 1021.6
1319270 1021.6
1319280 1009.4
1319290 997.1
1319300 997.1
1319310 989.1
1319320 984.5
1319330 984.5
1319340 988.7
1319350 992.4
1319360 992.4
1319370 987.9
1319380 979.6
1319390 979.6
1319400 972.1
1319410 963.0
1319420 963.0
1319430 953.0
1319440 943.5
1319450 943.5
1319460 919.5
1319470 899.8
1319480 899.8
1319490 884.7
1319500 870.9
1319510 870.9
1319520 860.4
1319530 856.6
1319540 851.2
1319550 851.2
1319560 846.0
1319570 844.0
1319580 844.0
1319590 847.8
1319600 844.3
1319610 844.3
1319620 848.4
1319630 852.9
1319640 852.9
1319650 854.0
1319660 854.3
1319670 854.3
1319680 852.2
1319690 846.8
1319700 841.0
1319710 835.5
1319720 830.9
1319730 830.9
1319740 834.8
1319750 836.7
1319760 836.7
1319770 837.0
1319780 838.5
1319790 838.5
1319800 839.7
1319810 839.4
1319820 839.4
1319830 836.7
1319840 834.1
1319850 834.1
1319860 833.8
1319870 834.9
1319880 837.7
1319890 837.7
1319900 840.9
1319910 843.6
1319920 843.6
1319930 845.0
1319940 844.5
1319950 844.5
1319960 843.8
1319970 841.9
1319980 841.9
1319990 838.0
