1300000 1317.7
1300010 1321.7
1300020 1321.7
1300030 1327.5
1300040 1329.3
1300050 1329.3
1300060 1330.0
1300070 1336.4
1300080 1336.4
1300090 1340.5
1300100 1343.0
1300110 1343.0
1300120 1346.4
1300130 1353.6
1300140 1357.7
1300150 1357.7
1300160 1361.0
1300170 1363.8
1300180 1363.8
1300190 1365.7
1300200 1364.8
1300210 1364.8
1300220 1364.4
1300230 1362.8
1300240 1362.8
1300250 1363.7
1300260 1365.4
1300270 1365.4
1300280 1367.4
1300290 1370.4
1300300 1370.4
1300310 1370.4
1300320 1367.2
1300330 1367.2
1300340 1365.2
1300350 1361.1
1300360 1361.1
1300370 1356.5
1300380 1357.7
1300390 1357.7
1300400 1355.4
1300410 1354.0
1300420 1354.0
1300430 1362.6
1300440 1370.7
1300450 1370.7
1300460 1377.7
1300470 1385.6
1300480 1391.7
1300490 1391.7
1300500 1395.9
1300510 1399.2
1300520 1399.2
1300530 1402.8
1300540 1406.2
1300550 1406.2
1300560 1409.7
1300570 1412.8
1300580 1412.8
1300590 1414.2
1300600 1412.8
1300610 1412.8
1300620 1409.9
1300630 1406.1
1300640 1406.1
1300650 1401.1
1300660 1395.8
1300670 1395.8
1300680 1390.3
1300690 1385.2
1300700 1385.2
1300710 1379.5
1300720 1373.7
1300730 1373.7
1300740 1372.2
1300750 1377.2
1300760 1377.2
1300770 1382.6
1300780 1388.0
1300790 1388.0
1300800 1392.9
1300810 1397.9
1300820 1407.3
1300830 1407.3
1300840 1412.7
1300850 1417.1
1300860 1417.1
1300870 1421.6
1300880 1426.3
1300890 1426.3
1300900 1431.0
1300910 1435.3
1300920 1435.3
1300930 1436.1
1300940 1433.8
1300950 1433.8
1300960 1429.7
1300970 1424.6
1300980 1424.6
1300990 1419.9
1301000 1415.2
1301010 1415.2
1301020 1409.2
1301030 1403.1
1301040 1403.1
1301050 1396.7
1301060 1390.5
1301070 1390.5
1301080 1385.5
1301090 1381.6
1301100 1381.6
1301110 1377.5
1301120 1372.1
1301130 1372.1
1301140 1365.4
1301150 1357.8
1301160 1351.6
1301170 1351.6
1301180 1344.5
1301190 1337.2
1301200 1337.2
1301210 1328.7
1301220 1320.7
1301230 1320.7
1301240 1312.0
1301250 1304.0
1301260 1304.0
1301270 1296.6
1301280 1289.5
1301290 1289.5
1301300 1282.6
1301310 1275.7
1301320 1275.7
1301330 1268.5
1301340 1260.7
1301350 1260.7
1301360 1253.7
1301370 1247.2
1301380 1247.2
1301390 1238.6
1301400 1232.5
1301410 1232.5
1301420 1236.3
1301430 1242.6
1301440 1242.6
1301450 1248.3
1301460 1253.9
1301470 1253.9
1301480 1257.9
1301490 1261.6
1301500 1265.4
1301510 1265.4
1301520 1271.5
1301530 1270.5
1301540 1270.5
1301550 1269.8
1301560 1268.7
1301570 1268.7
1301580 1267.2
1301590 1265.5
1301600 1265.5
1301610 1261.9
1301620 1262.4
1301630 1262.4
1301640 1265.9
1301650 1266.4
1301660 1266.4
1301670 1264.9
1301680 1262.7
1301690 1262.7
1301700 1260.2
1301710 1256.7
1301720 1256.7
1301730 1255.0
1301740 1253.7
1301750 1253.7
1301760 1250.8
1301770 1248.5
1301780 1248.5
1301790 1245.4
1301800 1241.9
1301810 1241.9
1301820 1238.5
1301830 1233.6
1301840 1229.2
1301850 1229.2
1301860 1224.0
1301870 1217.1
1301880 1217.1
1301890 1208.6
1301900 1200.7
1301910 1200.7
1301920 1197.0
1301930 1204.6
1301940 1204.6
1301950 1211.7
1301960 1218.1
1301970 1218.1
1301980 1224.1
1301990 1230.2
1302000 1230.2
1302010 1237.4
1302020 1244.9
1302030 1244.9
1302040 1250.6
1302050 1254.8
1302060 1254.8
1302070 1258.4
1302080 1261.1
1302090 1261.1
1302100 1264.1
1302110 1266.4
1302120 1266.4
1302130 1269.4
1302140 1271.3
1302150 1271.3
1302160 1274.1
1302170 1276.6
1302180 1277.7
1302190 1277.7
1302200 1275.6
1302210 1272.6
1302220 1271.2
1302230 1269.0
1302240 1268.0
1302250 1268.0
1302260 1264.8
1302270 1260.3
1302280 1260.3
1302290 1256.5
1302300 1252.1
1302310 1252.1
1302320 1249.0
1302330 1246.7
1302340 1246.7
1302350 1244.3
1302360 1241.9
1302370 1241.9
1302380 1239.2
1302390 1236.1
1302400 1236.1
1302410 1232.3
1302420 1227.4
1302430 1227.4
1302440 1221.6
1302450 1215.4
1302460 1215.4
1302470 1206.3
1302480 1195.5
1302490 1195.5
1302500 1186.3
1302510 1177.2
1302520 1168.0
1302530 1168.0
1302540 1158.4
1302550 1147.6
1302560 1147.6
1302570 1138.2
1302580 1132.0
1302590 1132.0
1302600 1129.1
1302610 1123.7
1302620 1123.7
1302630 1117.4
1302640 1111.2
1302650 1111.2
1302660 1104.2
1302670 1096.6
1302680 1096.6
1302690 1088.3
1302700 1078.4
1302710 1078.4
1302720 1066.9
1302730 1052.7
1302740 1052.7
1302750 1040.2
1302760 1030.5
1302770 1030.5
1302780 1022.2
1302790 1011.6
1302800 1011.6
1302810 998.9
1302820 989.4
1302830 989.4
1302840 980.3
1302850 974.0
1302860 965.1
1302870 965.1
1302880 958.0
1302890 952.2
1302900 952.2
1302910 943.1
1302920 932.4
1302930 936.5
1302940 927.7
1302950 926.1
1302960 926.1
1302970 926.2
1302980 926.2
1302990 926.2
1303000 926.2
1303010 926.2
1303020 926.2
1303030 926.2
1303040 926.2
1303050 926.2
1303060 926.2
1303070 926.2
1303080 926.2
1303090 926.2
1303100 926.2
1303110 926.2
1303120 926.2
1303130 926.2
1303140 926.2
1303150 926.2
1303160 926.2
1303170 926.2
1303180 926.2
1303190 926.2
1303200 926.2
1303210 926.2
1303220 926.2
1303230 926.2
1303240 926.2
1303250 926.2
1303260 926.2
1303270 926.2
1303280 926.2
1303290 926.2
1303300 926.2
1303310 926.2
1303320 926.2
1303330 926.2
1303340 926.2
1303350 926.2
1303360 926.2
1303370 926.2
1303380 926.2
1303390 926.2
1303400 926.2
1303410 926.2
1303420 926.2
1303430 926.2
1303440 926.2
1303450 926.2
1303460 926.2
1303470 926.2
1303480 926.2
1303490 926.2
1303500 926.2
1303510 926.2
1303520 926.2
1303530 926.2
1303540 926.2
1303550 926.2
1303560 926.2
1303570 926.2
1303580 926.2
1303590 926.2
1303600 926.2
1303610 926.2
1303620 926.2
1303630 926.2
1303640 926.2
1303650 926.2
1303660 926.2
1303670 926.2
1303680 926.2
1303690 926.2
1303700 926.2
1303710 926.2
1303720 926.2
1303730 926.2
1303740 926.2
1303750 926.2
1303760 926.2
1303770 926.2
1303780 926.2
1303790 926.2
1303800 926.2
1303810 926.2
1303820 926.2
1303830 926.2
1303840 926.2
1303850 926.2
1303860 926.2
1303870 926.2
1303880 926.2
1303890 926.2
1303900 926.2
1303910 926.2
1303920 926.2
1303930 926.2
1303940 926.8
1303950 926.8
1303960 930.0
1303970 934.3
1303980 934.3
1303990 938.9
1304000 943.5
1304010 943.5
1304020 955.2
1304030 962.5
1304040 962.5
1304050 968.8
1304060 975.2
1304070 975.2
1304080 981.2
1304090 987.4
1304100 987.4
1304110 994.0
1304120 1000.0
1304130 1000.0
1304140 1005.1
1304150 1010.1
1304160 1010.1
1304170 1014.9
1304180 1019.6
1304190 1024.4
1304200 1024.4
1304210 1029.4
1304220 1034.6
1304230 1034.6
1304240 1040.4
1304250 1046.5
1304260 1046.5
1304270 1052.4
1304280 1058.3
1304290 1058.3
1304300 1064.0
1304310 1069.4
1304320 1069.4
1304330 1075.1
1304340 1080.4
1304350 1080.4
1304360 1086.8
1304370 1093.4
1304380 1093.4
1304390 1099.9
1304400 1106.4
1304410 1106.4
1304420 1113.1
1304430 1120.0
1304440 1120.0
1304450 1126.7
1304460 1133.1
1304470 1133.1
1304480 1139.8
1304490 1146.5
1304500 1146.5
1304510 1153.0
1304520 1158.0
1304530 1160.9
1304540 1160.9
1304550 1163.6
1304560 1166.5
1304570 1166.5
1304580 1169.0
1304590 1171.0
1304600 1171.0
1304610 1173.6
1304620 1174.6
1304630 1174.6
1304640 1171.6
1304650 1168.7
1304660 1168.7
1304670 1167.5
1304680 1165.1
1304690 1165.1
1304700 1163.0
1304710 1160.9
1304720 1160.9
1304730 1159.5
1304740 1156.5
1304750 1156.5
1304760 1157.6
1304770 1160.5
1304780 1160.5
1304790 1163.5
1304800 1168.9
1304810 1168.9
1304820 1173.7
1304830 1178.4
1304840 1178.4
1304850 1183.4
1304860 1188.6
1304870 1193.8
1304880 1193.8
1304890 1200.3
1304900 1206.4
1304910 1206.4
1304920 1211.1
1304930 1214.0
1304940 1214.0
1304950 1216.4
1304960 1220.8
1304970 1220.8
1304980 1225.4
1304990 1228.2
1305000 1228.2
1305010 1229.9
1305020 1232.6
1305030 1232.6
1305040 1236.5
1305050 1241.6
1305060 1241.6
1305070 1246.4
1305080 1251.2
1305090 1251.2
1305100 1254.9
1305110 1256.9
1305120 1256.9
1305130 1259.7
1305140 1263.3
1305150 1263.3
1305160 1267.0
1305170 1271.0
1305180 1271.0
1305190 1274.5
1305200 1277.2
1305210 1279.9
1305220 1279.9
1305230 1284.0
1305240 1288.8
1305250 1288.8
1305260 1294.0
1305270 1298.9
1305280 1298.9
1305290 1303.6
1305300 1308.1
1305310 1308.1
1305320 1311.5
1305330 1313.6
1305340 1313.6
1305350 1317.1
1305360 1321.9
1305370 1321.9
1305380 1326.0
1305390 1329.9
1305400 1329.9
1305410 1334.0
1305420 1337.1
1305430 1337.1
1305440 1339.4
1305450 1341.4
1305460 1341.4
1305470 1342.9
1305480 1344.5
1305490 1344.5
1305500 1346.4
1305510 1348.5
1305520 1348.5
1305530 1350.6
1305540 1353.2
1305550 1355.6
1305560 1355.6
1305570 1357.7
1305580 1360.3
1305590 1360.3
1305600 1363.4
1305610 1366.8
1305620 1366.8
1305630 1370.1
1305640 1373.3
1305650 1373.3
1305660 1377.0
1305670 1381.0
1305680 1381.0
1305690 1385.1
1305700 1388.7
1305710 1388.7
1305720 1392.1
1305730 1395.7
1305740 1395.7
1305750 1398.9
1305760 1402.1
1305770 1399.5
1305780 1403.0
1305790 1406.3
1305800 1406.3
1305810 1410.0
1305820 1413.6
1305830 1413.6
1305840 1417.2
1305850 1420.8
1305860 1420.8
1305870 1424.4
1305880 1427.8
1305890 1431.3
1305900 1431.3
1305910 1434.7
1305920 1438.4
1305930 1438.4
1305940 1442.1
1305950 1445.8
1305960 1445.8
1305970 1449.3
1305980 1452.7
1305990 1452.7
1306000 1456.1
1306010 1459.3
1306020 1459.3
1306030 1462.5
1306040 1465.6
1306050 1465.6
1306060 1468.6
1306070 1471.6
1306080 1471.6
1306090 1474.3
1306100 1476.7
1306110 1476.7
1306120 1479.3
1306130 1482.0
1306140 1482.0
1306150 1484.6
1306160 1487.4
1306170 1487.4
1306180 1490.0
1306190 1492.5
1306200 1492.5
1306210 1494.9
1306220 1497.1
1306230 1499.6
1306240 1499.6
1306250 1502.1
1306260 1504.2
1306270 1504.2
1306280 1505.5
1306290 1506.6
1306300 1506.6
1306310 1507.6
1306320 1508.4
1306330 1508.4
1306340 1509.1
1306350 1510.0
1306360 1510.0
1306370 1510.8
1306380 1511.9
1306390 1511.9
1306400 1513.1
1306410 1514.0
1306420 1514.0
1306430 1514.6
1306440 1515.2
1306450 1515.2
1306460 1516.2
1306470 1517.7
1306480 1516.7
1306490 1517.7
1306500 1518.4
1306510 1518.4
1306520 1518.9
1306530 1519.4
1306540 1519.7
1306550 1519.7
1306560 1519.9
1306570 1519.6
1306580 1519.6
1306590 1518.6
1306600 1517.8
1306610 1517.8
1306620 1516.9
1306630 1515.7
1306640 1515.7
1306650 1514.4
1306660 1513.2
1306670 1513.2
1306680 1512.4
1306690 1511.6
1306700 1511.6
1306710 1510.6
1306720 1509.6
1306730 1509.6
1306740 1507.7
1306750 1506.3
1306760 1506.3
1306770 1504.0
1306780 1500.9
1306790 1500.9
1306800 1497.7
1306810 1495.0
1306820 1495.0
1306830 1495.6
1306840 1495.1
1306850 1495.1
1306860 1494.3
1306870 1494.0
1306880 1494.0
1306890 1494.0
1306900 1493.1
1306910 1491.5
1306920 1491.5
1306930 1490.0
1306940 1488.8
1306950 1488.8
1306960 1487.9
1306970 1487.1
1306980 1487.1
1306990 1487.0
1307000 1487.2
1307010 1487.2
1307020 1487.6
1307030 1488.4
1307040 1488.4
1307050 1488.3
1307060 1488.4
1307070 1488.4
1307080 1488.8
1307090 1489.2
1307100 1489.2
1307110 1489.2
1307120 1489.1
1307130 1489.1
1307140 1490.6
1307150 1492.5
1307160 1492.5
1307170 1491.6
1307180 1490.8
1307190 1490.8
1307200 1490.8
1307210 1490.3
1307220 1489.9
1307230 1489.9
1307240 1490.6
1307250 1491.4
1307260 1491.4
1307270 1491.7
1307280 1493.0
1307290 1493.0
1307300 1492.8
1307310 1492.7
1307320 1492.7
1307330 1493.4
1307340 1491.8
1307350 1491.8
1307360 1488.7
1307370 1485.7
1307380 1485.7
1307390 1483.7
1307400 1483.1
1307410 1483.1
1307420 1483.7
1307430 1483.8
1307440 1483.8
1307450 1482.3
1307460 1479.7
1307470 1479.7
1307480 1476.4
1307490 1473.4
1307500 1473.4
1307510 1470.8
1307520 1471.5
1307530 1471.5
1307540 1475.6
1307550 1477.5
1307560 1478.1
1307570 1478.1
1307580 1477.4
1307590 1476.3
1307600 1476.3
1307610 1473.1
1307620 1468.3
1307630 1468.3
1307640 1462.9
1307650 1459.1
1307660 1459.1
1307670 1455.8
1307680 1453.2
1307690 1453.2
1307700 1451.9
1307710 1449.8
1307720 1449.8
1307730 1450.9
1307740 1455.9
1307750 1455.9
1307760 1460.2
1307770 1463.7
1307780 1463.7
1307790 1467.4
1307800 1471.0
1307810 1471.0
1307820 1474.8
1307830 1478.8
1307840 1478.8
1307850 1482.9
1307860 1487.4
1307870 1487.4
1307880 1492.2
1307890 1498.7
1307900 1504.2
1307910 1504.2
1307920 1507.8
1307930 1511.9
1307940 1511.9
1307950 1516.6
1307960 1520.2
1307970 1520.2
1307980 1523.4
1307990 1527.7
1308000 1527.7
1308010 1532.1
1308020 1534.4
1308030 1534.4
1308040 1536.3
1308050 1537.7
1308060 1537.7
1308070 1537.7
1308080 1536.4
1308090 1536.4
1308100 1537.3
1308110 1537.5
1308120 1537.5
1308130 1536.2
1308140 1534.1
1308150 1534.1
1308160 1532.1
1308170 1532.3
1308180 1532.3
1308190 1531.8
1308200 1529.9
1308210 1529.9
1308220 1528.2
1308230 1526.1
1308240 1524.7
1308250 1524.7
1308260 1522.9
1308270 1522.2
1308280 1522.2
1308290 1522.4
1308300 1521.3
1308310 1521.3
1308320 1520.1
1308330 1518.5
1308340 1518.5
1308350 1516.8
1308360 1514.3
1308370 1514.3
1308380 1511.6
1308390 1509.2
1308400 1509.2
1308410 1506.0
1308420 1500.0
1308430 1500.0
1308440 1493.5
1308450 1488.4
1308460 1488.4
1308470 1485.8
1308480 1481.9
1308490 1481.9
1308500 1481.0
1308510 1482.0
1308520 1482.0
1308530 1483.0
1308540 1484.1
1308550 1484.1
1308560 1484.9
1308570 1485.0
1308580 1483.8
1308590 1483.8
1308600 1483.3
1308610 1483.6
1308620 1483.6
1308630 1483.5
1308640 1483.1
1308650 1487.2
1308660 1486.5
1308670 1482.8
1308680 1482.8
1308690 1479.0
1308700 1474.9
1308710 1474.9
1308720 1474.3
1308730 1476.0
1308740 1476.0
1308750 1477.2
1308760 1476.5
1308770 1476.5
1308780 1473.3
1308790 1467.8
1308800 1467.8
1308810 1457.7
1308820 1449.2
1308830 1449.2
1308840 1440.7
1308850 1433.6
1308860 1433.6
1308870 1427.6
1308880 1424.3
1308890 1424.3
1308900 1426.8
1308910 1428.8
1308920 1430.8
1308930 1430.8
1308940 1433.6
1308950 1436.3
1308960 1436.3
1308970 1438.8
1308980 1440.8
1308990 1440.8
1309000 1443.2
1309010 1445.5
1309020 1445.5
1309030 1447.6
1309040 1449.3
1309050 1449.3
1309060 1451.1
1309070 1456.1
1309080 1456.1
1309090 1459.2
1309100 1457.6
1309110 1457.6
1309120 1454.5
1309130 1451.7
1309140 1451.7
1309150 1449.3
1309160 1447.2
1309170 1447.2
1309180 1442.8
1309190 1437.4
1309200 1437.4
1309210 1431.6
1309220 1423.3
1309230 1423.3
1309240 1414.2
1309250 1407.5
1309260 1401.8
1309270 1401.8
1309280 1395.8
1309290 1390.6
1309300 1390.6
1309310 1384.6
1309320 1379.0
1309330 1379.0
1309340 1373.6
1309350 1367.5
1309360 1367.5
1309370 1360.3
1309380 1354.6
1309390 1354.6
1309400 1350.9
1309410 1345.0
1309420 1345.0
1309430 1338.2
1309440 1331.3
1309450 1331.3
1309460 1324.9
1309470 1320.3
1309480 1320.3
1309490 1321.6
1309500 1321.1
1309510 1321.1
1309520 1317.4
1309530 1313.4
1309540 1313.4
1309550 1307.4
1309560 1302.0
1309570 1302.0
1309580 1298.8
1309590 1293.8
1309600 1291.7
1309610 1291.7
1309620 1291.6
1309630 1290.3
1309640 1290.3
1309650 1285.7
1309660 1281.8
1309670 1281.8
1309680 1282.2
1309690 1282.1
1309700 1282.1
1309710 1277.9
1309720 1270.3
1309730 1270.3
1309740 1263.2
1309750 1256.3
1309760 1256.3
1309770 1248.3
1309780 1240.1
1309790 1240.1
1309800 1236.4
1309810 1243.7
1309820 1243.7
1309830 1252.2
1309840 1259.1
1309850 1259.1
1309860 1265.3
1309870 1270.8
1309880 1270.8
1309890 1275.1
1309900 1274.6
1309910 1269.7
1309920 1269.7
1309930 1269.2
1309940 1271.4
1309950 1271.4
1309960 1274.6
1309970 1278.3
1309980 1278.3
1309990 1282.6
1310000 1287.2
1310010 1287.2
1310020 1290.7
1310030 1291.8
1310040 1291.8
1310050 1292.0
1310060 1293.3
1310070 1293.3
1310080 1294.5
1310090 1295.2
1310100 1295.2
1310110 1297.4
1310120 1297.7
1310130 1297.7
1310140 1297.4
1310150 1297.0
1310160 1297.0
1310170 1296.2
1310180 1294.6
1310190 1294.6
1310200 1292.7
1310210 1291.6
1310220 1291.6
1310230 1290.9
1310240 1290.3
1310250 1288.3
1310260 1288.3
1310270 1286.1
1310280 1284.2
1310290 1284.2
1310300 1282.4
1310310 1280.9
1310320 1280.9
1310330 1279.5
1310340 1276.8
1310350 1276.8
1310360 1274.5
1310370 1271.5
1310380 1271.5
1310390 1268.8
1310400 1265.2
1310410 1265.2
1310420 1261.8
1310430 1259.4
1310440 1259.4
1310450 1257.2
1310460 1253.2
1310470 1253.2
1310480 1249.6
1310490 1245.8
1310500 1245.8
1310510 1242.7
1310520 1239.3
1310530 1239.3
1310540 1235.7
1310550 1231.4
1310560 1231.4
1310570 1226.9
1310580 1223.9
1310590 1221.7
1310600 1221.7
1310610 1218.7
1310620 1214.7
1310630 1214.7
1310640 1209.8
1310650 1205.0
1310660 1205.0
1310670 1201.0
1310680 1198.3
1310690 1198.3
1310700 1196.2
1310710 1193.0
1310720 1193.0
1310730 1188.7
1310740 1184.6
1310750 1184.6
1310760 1180.4
1310770 1177.2
1310780 1177.2
1310790 1175.6
1310800 1175.7
1310810 1175.7
1310820 1177.5
1310830 1179.1
1310840 1173.3
1310850 1174.0
1310860 1173.6
1310870 1173.6
1310880 1171.5
1310890 1169.2
1310900 1169.2
1310910 1166.8
1310920 1164.1
1310930 1159.4
1310940 1159.4
1310950 1153.8
1310960 1147.9
1310970 1147.9
1310980 1143.8
1310990 1143.2
1311000 1143.2
1311010 1144.6
1311020 1148.0
1311030 1148.0
1311040 1150.2
1311050 1151.3
1311060 1151.3
1311070 1151.6
1311080 1152.1
1311090 1152.1
1311100 1152.8
1311110 1153.4
1311120 1153.4
1311130 1154.2
1311140 1155.0
1311150 1155.0
1311160 1155.7
1311170 1155.8
1311180 1155.8
1311190 1155.3
1311200 1154.1
1311210 1154.1
1311220 1151.1
1311230 1145.7
1311240 1145.7
1311250 1139.6
1311260 1133.6
1311270 1128.9
1311280 1128.9
1311290 1122.1
1311300 1117.7
1311310 1117.7
1311320 1122.8
1311330 1129.2
1311340 1129.2
1311350 1135.2
1311360 1139.5
1311370 1139.5
1311380 1139.9
1311390 1139.4
1311400 1139.4
1311410 1139.8
1311420 1139.4
1311430 1139.4
1311440 1138.1
1311450 1136.8
1311460 1136.8
1311470 1136.4
1311480 1136.7
1311490 1136.7
1311500 1137.8
1311510 1139.7
1311520 1139.7
1311530 1141.9
1311540 1144.2
1311550 1144.2
1311560 1146.8
1311570 1149.4
1311580 1151.6
1311590 1154.4
1311600 1157.6
1311610 1160.5
1311620 1160.5
1311630 1163.2
1311640 1164.6
1311650 1164.6
1311660 1165.6
1311670 1166.2
1311680 1166.2
1311690 1166.0
1311700 1166.8
1311710 1166.8
1311720 1169.1
1311730 1172.2
1311740 1172.2
1311750 1176.0
1311760 1180.2
1311770 1180.2
1311780 1184.2
1311790 1187.5
1311800 1187.5
1311810 1192.6
1311820 1197.1
1311830 1197.1
1311840 1201.3
1311850 1205.1
1311860 1205.1
1311870 1208.5
1311880 1211.3
1311890 1211.3
1311900 1213.9
1311910 1216.4
1311920 1216.4
1311930 1218.7
1311940 1220.7
1311950 1222.2
1311960 1222.2
1311970 1223.1
1311980 1223.9
1311990 1223.9
1312000 1222.6
1312010 1220.7
1312020 1220.7
1312030 1222.7
1312040 1223.5
1312050 1223.5
1312060 1222.8
1312070 1223.0
1312080 1223.0
1312090 1223.3
1312100 1222.8
1312110 1222.8
1312120 1224.0
1312130 1229.1
1312140 1229.1
1312150 1233.4
1312160 1235.4
1312170 1235.4
1312180 1236.5
1312190 1236.8
1312200 1236.8
1312210 1235.6
1312220 1234.2
1312230 1234.2
1312240 1234.0
1312250 1233.5
1312260 1233.5
1312270 1233.4
1312280 1232.8
1312290 1230.9
1312300 1230.9
1312310 1228.7
1312320 1227.3
1312330 1227.3
1312340 1223.1
1312350 1219.2
1312360 1219.2
1312370 1215.1
1312380 1211.0
1312390 1211.0
1312400 1206.2
1312410 1201.3
1312420 1201.3
1312430 1197.2
1312440 1192.7
1312450 1192.7
1312460 1187.6
1312470 1182.2
1312480 1182.2
1312490 1176.7
1312500 1171.3
1312510 1171.3
1312520 1165.7
1312530 1160.0
1312540 1160.0
1312550 1154.8
1312560 1149.8
1312570 1149.8
1312580 1144.8
1312590 1140.4
1312600 1136.1
1312610 1136.1
1312620 1132.9
1312630 1131.0
1312640 1131.0
1312650 1130.3
1312660 1130.4
1312670 1130.4
1312680 1130.8
1312690 1131.5
1312700 1131.5
1312710 1133.2
1312720 1136.4
1312730 1136.4
1312740 1140.2
1312750 1143.5
1312760 1143.5
1312770 1147.2
1312780 1151.3
1312790 1151.3
1312800 1155.3
1312810 1159.2
1312820 1159.2
1312830 1163.5
1312840 1168.0
1312850 1168.0
1312860 1172.1
1312870 1175.6
1312880 1175.6
1312890 1179.5
1312900 1182.4
1312910 1182.4
1312920 1183.1
1312930 1184.5
1312940 1183.9
1312950 1183.9
1312960 1183.7
1312970 1185.4
1312980 1185.4
1312990 1189.4
1313000 1195.0
1313010 1195.0
1313020 1198.8
1313030 1201.0
1313040 1201.0
1313050 1201.0
1313060 1203.7
1313070 1203.7
1313080 1205.3
1313090 1205.0
1313100 1205.0
1313110 1208.4
1313120 1210.1
1313130 1210.1
1313140 1209.8
1313150 1209.2
1313160 1209.2
1313170 1208.4
1313180 1207.4
1313190 1207.4
1313200 1205.7
1313210 1203.7
1313220 1203.7
1313230 1202.0
1313240 1200.0
1313250 1200.0
1313260 1197.9
1313270 1196.5
1313280 1196.4
1313290 1196.4
1313300 1196.7
1313310 1197.0
1313320 1197.0
1313330 1196.9
1313340 1196.8
1313350 1196.8
1313360 1196.6
1313370 1197.6
1313380 1197.6
1313390 1198.5
1313400 1199.0
1313410 1199.0
1313420 1198.9
1313430 1199.2
1313440 1199.2
1313450 1200.4
1313460 1200.6
1313470 1200.6
1313480 1200.0
1313490 1198.0
1313500 1198.0
1313510 1194.3
1313520 1192.1
1313530 1192.1
1313540 1189.7
1313550 1187.3
1313560 1187.3
1313570 1185.3
1313580 1183.4
1313590 1183.4
1313600 1182.0
1313610 1180.2
1313620 1177.2
1313630 1177.2
1313640 1173.6
1313650 1169.8
1313660 1169.8
1313670 1166.0
1313680 1161.7
1313690 1161.7
1313700 1157.1
1313710 1151.8
1313720 1151.8
1313730 1145.9
1313740 1140.1
1313750 1140.1
1313760 1134.2
1313770 1128.5
1313780 1128.5
1313790 1123.0
1313800 1117.3
1313810 1117.2
1313820 1111.8
1313830 1106.4
1313840 1106.4
1313850 1101.2
1313860 1095.9
1313870 1095.9
1313880 1090.9
1313890 1086.1
1313900 1086.1
1313910 1081.7
1313920 1076.7
1313930 1076.7
1313940 1069.0
1313950 1061.6
1313960 1054.4
1313970 1054.4
1313980 1047.2
1313990 1041.2
1314000 1041.2
1314010 1036.6
1314020 1032.6
1314030 1032.6
1314040 1028.1
1314050 1023.6
1314060 1023.6
1314070 1020.0
1314080 1016.9
1314090 1016.9
1314100 1012.0
1314110 1006.3
1314120 1006.3
1314130 1001.1
1314140 997.4
1314150 997.4
1314160 996.1
1314170 995.2
1314180 995.2
1314190 994.0
1314200 993.2
1314210 993.2
1314220 991.2
1314230 989.1
1314240 989.1
1314250 997.2
1314260 1007.1
1314270 1007.1
1314280 1010.0
1314290 1003.3
1314300 1003.6
1314310 1003.6
1314320 1005.5
1314330 1011.6
1314340 1011.6
1314350 1018.7
1314360 1018.7
1314370 1018.7
1314380 1014.4
1314390 1010.1
1314400 1010.1
1314410 1006.1
1314420 1003.8
1314430 1003.8
1314440 1008.6
1314450 1016.6
1314460 1016.6
1314470 1024.1
1314480 1029.5
1314490 1029.5
1314500 1033.7
1314510 1039.7
1314520 1039.7
1314530 1048.5
1314540 1060.0
1314550 1060.0
1314560 1065.9
1314570 1066.0
1314580 1066.0
1314590 1062.2
1314600 1053.7
1314610 1053.7
1314620 1042.4
1314630 1037.5
1314640 1032.5
1314650 1032.5
1314660 1028.6
1314670 1028.1
1314680 1028.1
1314690 1033.6
1314700 1039.8
1314710 1039.8
1314720 1046.7
1314730 1053.3
1314740 1053.3
1314750 1059.9
1314760 1066.0
1314770 1066.0
1314780 1069.1
1314790 1071.3
1314800 1071.3
1314810 1073.6
1314820 1076.2
1314830 1076.2
1314840 1079.3
1314850 1083.3
1314860 1083.3
1314870 1088.3
1314880 1092.8
1314890 1092.8
1314900 1095.8
1314910 1098.0
1314920 1098.0
1314930 1100.2
1314940 1103.8
1314950 1103.8
1314960 1108.6
1314970 1113.6
1314980 1118.8
1314990 1118.8
1315000 1124.2
1315010 1129.7
1315020 1129.7
1315030 1135.2
1315040 1140.7
1315050 1140.7
1315060 1146.3
1315070 1151.9
1315080 1151.9
1315090 1157.6
1315100 1163.4
1315110 1163.4
1315120 1169.5
1315130 1175.3
1315140 1175.3
1315150 1180.9
1315160 1186.2
1315170 1186.2
1315180 1191.2
1315190 1195.8
1315200 1195.8
1315210 1200.0
1315220 1203.6
1315230 1203.6
1315240 1206.5
1315250 1208.8
1315260 1208.8
1315270 1210.7
1315280 1212.2
1315290 1212.2
1315300 1213.4
1315310 1213.3
1315320 1215.1
1315330 1215.1
1315340 1217.0
1315350 1219.4
1315360 1219.4
1315370 1221.8
1315380 1224.3
1315390 1224.3
1315400 1226.9
1315410 1228.6
1315420 1228.6
1315430 1230.4
1315440 1232.8
1315450 1232.8
1315460 1234.7
1315470 1236.4
1315480 1236.4
1315490 1238.4
1315500 1240.2
1315510 1240.2
1315520 1241.9
1315530 1243.4
1315540 1243.4
1315550 1244.6
1315560 1246.1
1315570 1246.1
1315580 1247.1
1315590 1248.3
1315600 1248.3
1315610 1249.3
1315620 1249.7
1315630 1250.3
1315640 1250.3
1315650 1250.6
1315660 1251.5
1315670 1251.5
1315680 1252.1
1315690 1251.6
1315700 1251.6
1315710 1251.4
1315720 1250.7
1315730 1250.7
1315740 1250.3
1315750 1250.6
1315760 1250.6
1315770 1250.6
1315780 1250.3
1315790 1250.3
1315800 1249.9
1315810 1248.6
1315820 1248.6
1315830 1246.2
1315840 1246.4
1315850 1246.4
1315860 1245.9
1315870 1244.6
1315880 1244.6
1315890 1243.4
1315900 1242.7
1315910 1242.7
1315920 1240.4
1315930 1238.7
1315940 1238.7
1315950 1237.3
1315960 1241.2
1315970 1247.5
1315980 1247.5
1315990 1252.7
1316000 1256.8
1316010 1256.8
1316020 1260.8
1316030 1265.1
1316040 1265.1
1316050 1269.1
1316060 1272.6
1316070 1269.5
1316080 1272.3
1316090 1276.0
1316100 1276.0
1316110 1280.0
1316120 1284.1
1316130 1284.1
1316140 1288.1
1316150 1291.7
1316160 1291.7
1316170 1295.2
1316180 1298.2
1316190 1298.2
1316200 1301.0
1316210 1304.1
1316220 1304.1
1316230 1307.1
1316240 1310.2
1316250 1310.2
1316260 1313.1
1316270 1316.2
1316280 1316.2
1316290 1319.7
1316300 1323.5
1316310 1327.7
1316320 1327.7
1316330 1332.7
1316340 1336.9
1316350 1336.9
1316360 1341.2
1316370 1345.0
1316380 1345.0
1316390 1348.6
1316400 1352.3
1316410 1352.3
1316420 1356.5
1316430 1361.3
1316440 1361.3
1316450 1366.5
1316460 1372.5
1316470 1372.5
1316480 1378.5
1316490 1382.4
1316500 1382.4
1316510 1385.8
1316520 1389.0
1316530 1389.0
1316540 1391.9
1316550 1394.3
1316560 1394.3
1316570 1396.4
1316580 1398.6
1316590 1398.6
1316600 1401.4
1316610 1403.9
1316620 1403.9
1316630 1406.1
1316640 1408.2
1316650 1409.9
1316660 1409.9
1316670 1409.6
1316680 1407.7
1316690 1407.7
1316700 1405.0
1316710 1408.2
1316720 1408.2
1316730 1414.9
1316740 1421.8
1316750 1421.8
1316760 1428.3
1316770 1433.9
1316780 1433.9
1316790 1439.4
1316800 1444.0
1316810 1444.0
1316820 1448.0
1316830 1447.3
1316840 1447.3
1316850 1450.0
1316860 1451.6
1316870 1451.6
1316880 1451.4
1316890 1449.4
1316900 1449.4
1316910 1445.8
1316920 1446.1
1316930 1446.1
1316940 1450.0
1316950 1454.5
1316960 1454.5
1316970 1459.1
1316980 1463.3
1316990 1466.8
1317000 1466.8
1317010 1468.6
1317020 1469.6
1317030 1469.6
1317040 1470.0
1317050 1469.4
1317060 1469.4
1317070 1469.3
1317080 1470.0
1317090 1470.0
1317100 1471.3
1317110 1473.0
1317120 1473.0
1317130 1476.2
1317140 1481.7
1317150 1481.7
1317160 1488.1
1317170 1493.8
1317180 1493.8
1317190 1498.7
1317200 1503.2
1317210 1503.2
1317220 1507.3
1317230 1511.4
1317240 1511.4
1317250 1515.9
1317260 1520.7
1317270 1520.7
1317280 1525.3
1317290 1529.6
1317300 1529.6
1317310 1533.5
1317320 1537.1
1317330 1540.6
1317340 1540.6
1317350 1543.7
1317360 1546.9
1317370 1546.9
1317380 1550.3
1317390 1553.6
1317400 1553.6
1317410 1557.3
1317420 1561.1
1317430 1561.1
1317440 1565.1
1317450 1569.5
1317460 1569.5
1317470 1573.3
1317480 1574.3
1317490 1574.3
1317500 1574.3
1317510 1574.3
1317520 1574.3
1317530 1574.1
1317540 1573.4
1317550 1573.4
1317560 1571.5
1317570 1570.9
1317580 1570.9
1317590 1570.1
1317600 1566.2
1317610 1566.2
1317620 1565.3
1317630 1564.2
1317640 1564.2
1317650 1562.8
1317660 1561.2
1317670 1559.2
1317680 1559.2
1317690 1556.8
1317700 1553.2
1317710 1553.2
1317720 1549.9
1317730 1549.2
1317740 1549.2
1317750 1549.5
1317760 1549.8
1317770 1549.8
1317780 1550.0
1317790 1550.8
1317800 1550.8
1317810 1552.0
1317820 1552.8
1317830 1552.8
1317840 1552.5
1317850 1552.0
1317860 1552.0
1317870 1552.1
1317880 1552.4
1317890 1552.4
1317900 1552.0
1317910 1551.2
1317920 1551.2
1317930 1549.8
1317940 1548.7
1317950 1548.7
1317960 1548.0
1317970 1547.2
1317980 1547.2
1317990 1545.9
1318000 1544.7
1318010 1543.5
1318020 1543.5
1318030 1542.2
1318040 1540.6
1318050 1540.6
1318060 1538.4
1318070 1535.1
1318080 1535.1
1318090 1531.5
1318100 1529.5
1318110 1529.5
1318120 1527.3
1318130 1523.2
1318140 1523.2
1318150 1517.4
1318160 1510.8
1318170 1510.8
1318180 1504.6
1318190 1499.0
1318200 1499.0
1318210 1493.7
1318220 1488.6
1318230 1488.6
1318240 1483.7
1318250 1479.3
1318260 1479.3
1318270 1476.7
1318280 1473.1
1318290 1473.1
1318300 1469.8
1318310 1469.0
1318320 1465.5
1318330 1465.5
1318340 1461.3
1318350 1461.3
1318360 1456.3
1318370 1458.6
1318380 1460.4
1318390 1460.4
1318400 1461.1
1318410 1459.4
1318420 1459.4
1318430 1458.3
1318440 1458.0
1318450 1458.0
1318460 1457.2
1318470 1456.4
1318480 1456.4
1318490 1456.6
1318500 1457.1
1318510 1457.1
1318520 1457.3
1318530 1457.7
1318540 1457.7
1318550 1457.9
1318560 1458.2
1318570 1458.2
1318580 1458.5
1318590 1458.4
1318600 1458.4
1318610 1458.2
1318620 1457.8
1318630 1457.8
1318640 1457.1
1318650 1456.0
1318660 1455.1
1318670 1455.1
1318680 1453.0
1318690 1454.1
1318700 1454.1
1318710 1453.6
1318720 1452.4
1318730 1452.4
1318740 1451.8
1318750 1451.5
1318760 1451.5
1318770 1451.5
1318780 1451.5
1318790 1451.5
1318800 1451.4
1318810 1451.2
1318820 1451.2
1318830 1451.0
1318840 1450.6
1318850 1450.6
1318860 1450.0
1318870 1449.6
1318880 1449.6
1318890 1449.5
1318900 1449.1
1318910 1449.1
1318920 1449.2
1318930 1449.1
1318940 1449.1
1318950 1448.5
1318960 1447.8
1318970 1447.8
1318980 1447.8
1318990 1448.2
1319000 1448.2
1319010 1448.2
1319020 1447.9
1319030 1446.8
1319040 1446.8
1319050 1445.1
1319060 1443.2
1319070 1443.2
1319080 1442.5
1319090 1442.8
1319100 1442.8
1319110 1443.1
1319120 1443.0
1319130 1443.6
1319140 1443.6
1319150 1443.6
1319160 1443.6
1319170 1443.5
1319180 1443.7
1319190 1443.7
1319200 1444.2
1319210 1444.7
1319220 1444.7
1319230 1445.6
1319240 1446.5
1319250 1446.5
1319260 1447.2
1319270 1448.2
1319280 1448.2
1319290 1449.1
1319300 1450.1
1319310 1450.1
1319320 1451.5
1319330 1453.2
1319340 1455.2
1319350 1455.2
1319360 1456.4
1319370 1457.3
1319380 1457.3
1319390 1458.2
1319400 1458.4
1319410 1458.4
1319420 1457.8
1319430 1457.0
1319440 1457.0
1319450 1456.2
1319460 1455.3
1319470 1455.3
1319480 1453.2
1319490 1451.0
1319500 1451.0
1319510 1448.0
1319520 1444.6
1319530 1444.6
1319540 1441.1
1319550 1437.4
1319560 1437.4
1319570 1433.2
1319580 1428.3
1319590 1428.3
1319600 1422.8
1319610 1417.0
1319620 1417.0
1319630 1411.4
1319640 1406.0
1319650 1406.0
1319660 1400.7
1319670 1394.4
1319680 1388.1
1319690 1388.1
1319700 1382.8
1319710 1377.6
1319720 1377.6
1319730 1372.5
1319740 1367.8
1319750 1367.8
1319760 1364.2
1319770 1361.7
1319780 1361.7
1319790 1359.7
1319800 1357.5
1319810 1357.5
1319820 1355.4
1319830 1353.8
1319840 1353.8
1319850 1352.2
1319860 1350.6
1319870 1350.6
1319880 1349.9
1319890 1348.9
1319900 1348.9
1319910 1341.5
1319920 1341.6
1319930 1341.6
1319940 1340.0
1319950 1338.1
1319960 1338.1
1319970 1336.6
1319980 1336.0
1319990 1336.0
