1300000 1326.0
1300010 1323.0
1300020 1323.0
1300030 1320.7
1300040 1319.1
1300050 1319.1
1300060 1317.7
1300070 1316.9
1300080 1316.9
1300090 1316.0
1300100 1315.6
1300110 1315.6
1300120 1314.7
1300130 1314.1
1300140 1314.1
1300150 1313.3
1300160 1312.1
1300170 1312.1
1300180 1310.7
1300190 1309.2
1300200 1309.2
1300210 1307.6
1300220 1305.6
1300230 1303.4
1300240 1303.4
1300250 1301.2
1300260 1299.3
1300270 1299.3
1300280 1297.6
1300290 1295.7
1300300 1295.7
1300310 1293.5
1300320 1291.3
1300330 1291.3
1300340 1289.1
1300350 1286.9
1300360 1286.9
1300370 1284.6
1300380 1282.1
1300390 1282.1
1300400 1280.3
1300410 1278.0
1300420 1278.0
1300430 1276.3
1300440 1275.4
1300450 1275.4
1300460 1274.9
1300470 1274.5
1300480 1274.5
1300490 1274.5
1300500 1275.5
1300510 1275.5
1300520 1275.7
1300530 1274.7
1300540 1274.7
1300550 1273.7
1300560 1273.2
1300570 1272.3
1300580 1272.3
1300590 1270.1
1300600 1266.7
1300610 1266.7
1300620 1262.3
1300630 1257.6
1300640 1257.6
1300650 1254.4
1300660 1251.4
1300670 1251.4
1300680 1248.7
1300690 1245.6
1300700 1245.6
1300710 1243.6
1300720 1241.3
1300730 1241.3
1300740 1239.5
1300750 1238.1
1300760 1238.1
1300770 1236.0
1300780 1233.5
1300790 1233.5
1300800 1231.9
1300810 1231.1
1300820 1231.1
1300830 1230.0
1300840 1227.2
1300850 1227.2
1300860 1223.7
1300870 1220.8
1300880 1220.8
1300890 1217.6
1300900 1211.2
1300910 1211.2
1300920 1205.4
1300930 1200.3
1300940 1196.2
1300950 1196.2
1300960 1194.0
1300970 1192.2
1300980 1192.2
1300990 1189.7
1301000 1185.9
1301010 1185.9
1301020 1182.3
1301030 1177.5
1301040 1177.5
1301050 1171.8
1301060 1167.3
1301070 1167.3
1301080 1162.8
1301090 1158.5
1301100 1158.5
1301110 1154.8
1301120 1151.0
1301130 1149.9
1301140 1145.3
1301150 1141.1
1301160 1141.1
1301170 1137.3
1301180 1133.9
1301190 1133.9
1301200 1130.9
1301210 1127.7
1301220 1127.7
1301230 1124.3
1301240 1121.1
1301250 1121.1
1301260 1118.1
1301270 1114.2
1301280 1110.5
1301290 1110.5
1301300 1107.5
1301310 1103.9
1301320 1103.9
1301330 1099.8
1301340 1096.0
1301350 1096.0
1301360 1092.4
1301370 1088.9
1301380 1088.9
1301390 1086.4
1301400 1083.6
1301410 1083.6
1301420 1081.5
1301430 1080.0
1301440 1080.0
1301450 1079.0
1301460 1078.4
1301470 1078.4
1301480 1078.0
1301490 1074.5
1301500 1074.5
1301510 1069.6
1301520 1064.9
1301530 1064.9
1301540 1060.5
1301550 1056.1
1301560 1056.1
1301570 1052.9
1301580 1050.1
1301590 1050.1
1301600 1047.5
1301610 1044.5
1301620 1041.0
1301630 1041.0
1301640 1037.9
1301650 1036.2
1301660 1036.2
1301670 1033.8
1301680 1031.7
1301690 1031.7
1301700 1029.8
1301710 1028.0
1301720 1028.0
1301730 1026.2
1301740 1023.4
1301750 1023.4
1301760 1021.5
1301770 1019.1
1301780 1019.1
1301790 1015.5
1301800 1011.7
1301810 1011.7
1301820 1008.0
1301830 1002.7
1301840 1002.7
1301850 998.1
1301860 993.9
1301870 993.9
1301880 988.4
1301890 983.5
1301900 983.5
1301910 979.7
1301920 976.5
1301930 976.5
1301940 973.1
1301950 968.3
1301960 963.2
1301970 963.2
1301980 958.4
1301990 954.8
1302000 954.8
1302010 951.6
1302020 948.2
1302030 948.2
1302040 945.3
1302050 943.0
1302060 943.0
1302070 941.0
1302080 939.9
1302090 939.9
1302100 939.4
1302110 938.4
1302120 938.4
1302130 938.2
1302140 938.1
1302150 938.1
1302160 938.1
1302170 937.9
1302180 937.9
1302190 937.6
1302200 937.4
1302210 937.4
1302220 937.1
1302230 936.9
1302240 936.9
1302250 936.9
1302260 936.8
1302270 936.8
1302280 936.5
1302290 936.5
1302300 936.5
1302310 936.5
1302320 936.4
1302330 936.4
1302340 936.4
1302350 936.3
1302360 935.9
1302370 935.9
1302380 935.6
1302390 935.6
1302400 935.6
1302410 935.5
1302420 935.5
1302430 935.5
1302440 935.5
1302450 935.4
1302460 935.4
1302470 935.3
1302480 934.9
1302490 934.9
1302500 934.6
1302510 934.3
1302520 934.3
1302530 934.5
1302540 934.4
1302550 934.4
1302560 934.4
1302570 934.2
1302580 934.2
1302590 933.9
1302600 933.8
1302610 933.8
1302620 933.7
1302630 933.8
1302640 933.7
1302650 933.7
1302660 933.4
1302670 933.2
1302680 933.2
1302690 932.9
1302700 932.6
1302710 932.6
1302720 932.5
1302730 932.1
1302740 932.1
1302750 931.8
1302760 931.6
1302770 931.6
1302780 931.3
1302790 930.9
1302800 930.9
1302810 930.7
1302820 930.5
1302830 930.5
1302840 930.3
1302850 930.0
1302860 930.0
1302870 929.8
1302880 929.8
1302890 929.8
1302900 929.5
1302910 929.2
1302920 929.2
1302930 928.9
1302940 928.4
1302950 928.4
1302960 928.1
1302970 926.4
1302980 926.4
1302990 927.5
1303000 929.6
1303010 929.5
1303020 929.5
1303030 929.2
1303040 928.9
1303050 928.9
1303060 928.6
1303070 929.3
1303080 929.3
1303090 930.2
1303100 931.1
1303110 931.1
1303120 931.7
1303130 932.2
1303140 932.2
1303150 932.9
1303160 933.7
1303170 933.7
1303180 934.6
1303190 935.5
1303200 935.5
1303210 936.3
1303220 937.0
1303230 937.5
1303240 938.3
1303250 939.1
1303260 939.1
1303270 940.0
1303280 940.8
1303290 940.8
1303300 941.6
1303310 942.4
1303320 942.4
1303330 942.8
1303340 944.9
1303350 945.9
1303360 945.9
1303370 946.8
1303380 948.0
1303390 948.0
1303400 949.2
1303410 950.3
1303420 950.3
1303430 951.1
1303440 952.0
1303450 952.0
1303460 952.8
1303470 953.5
1303480 953.5
1303490 954.4
1303500 955.4
1303510 955.4
1303520 956.5
1303530 957.7
1303540 957.7
1303550 958.9
1303560 960.2
1303570 960.2
1303580 960.8
1303590 962.3
1303600 962.3
1303610 964.1
1303620 964.7
1303630 964.7
1303640 964.6
1303650 965.3
1303660 965.3
1303670 966.1
1303680 967.1
1303690 967.1
1303700 967.1
1303710 967.7
1303720 969.2
1303730 969.2
1303740 970.4
1303750 971.5
1303760 971.5
1303770 973.8
1303780 976.4
1303790 976.4
1303800 980.0
1303810 983.4
1303820 983.4
1303830 985.5
1303840 987.3
1303850 987.3
1303860 988.6
1303870 989.0
1303880 989.0
1303890 987.6
1303900 985.1
1303910 985.1
1303920 984.7
1303930 984.7
1303940 983.2
1303950 984.7
1303960 989.3
1303970 989.3
1303980 994.1
1303990 1000.0
1304000 1000.0
1304010 1006.3
1304020 1013.0
1304030 1018.2
1304040 1018.2
1304050 1023.9
1304060 1030.5
1304070 1030.5
1304080 1037.6
1304090 1045.5
1304100 1045.5
1304110 1053.8
1304120 1062.0
1304130 1062.0
1304140 1071.0
1304150 1081.2
1304160 1081.2
1304170 1091.9
1304180 1099.2
1304190 1099.2
1304200 1106.3
1304210 1114.6
1304220 1114.6
1304230 1128.5
1304240 1137.9
1304250 1137.9
1304260 1144.4
1304270 1148.8
1304280 1148.8
1304290 1152.9
1304300 1158.2
1304310 1158.2
1304320 1164.4
1304330 1171.3
1304340 1171.3
1304350 1174.9
1304360 1176.9
1304370 1180.2
1304380 1180.2
1304390 1185.4
1304400 1190.4
1304410 1190.4
1304420 1195.4
1304430 1199.8
1304440 1199.8
1304450 1204.0
1304460 1208.4
1304470 1208.4
1304480 1212.1
1304490 1216.6
1304500 1216.6
1304510 1218.7
1304520 1220.8
1304530 1220.8
1304540 1223.6
1304550 1225.4
1304560 1225.4
1304570 1226.0
1304580 1229.3
1304590 1229.3
1304600 1233.2
1304610 1236.8
1304620 1236.8
1304630 1242.8
1304640 1247.2
1304650 1250.2
1304660 1253.6
1304670 1258.0
1304680 1258.0
1304690 1265.0
1304700 1273.2
1304710 1281.1
1304720 1281.1
1304730 1290.5
1304740 1302.9
1304750 1302.9
1304760 1318.8
1304770 1329.9
1304780 1329.9
1304790 1335.0
1304800 1337.9
1304810 1337.9
1304820 1340.4
1304830 1340.8
1304840 1340.8
1304850 1345.3
1304860 1351.8
1304870 1351.8
1304880 1358.5
1304890 1367.2
1304900 1367.2
1304910 1375.2
1304920 1380.8
1304930 1380.8
1304940 1385.4
1304950 1389.3
1304960 1389.3
1304970 1392.2
1304980 1395.6
1304990 1395.6
1305000 1399.6
1305010 1404.2
1305020 1404.2
1305030 1413.5
1305040 1417.1
1305050 1417.1
1305060 1417.1
1305070 1425.2
1305080 1432.4
1305090 1432.4
1305100 1439.2
1305110 1446.9
1305120 1446.9
1305130 1453.8
1305140 1460.4
1305150 1460.4
1305160 1466.7
1305170 1472.5
1305180 1472.5
1305190 1477.1
1305200 1480.6
1305210 1480.6
1305220 1486.4
1305230 1493.3
1305240 1493.3
1305250 1500.4
1305260 1507.2
1305270 1507.2
1305280 1514.4
1305290 1522.3
1305300 1522.3
1305310 1527.8
1305320 1533.6
1305330 1533.6
1305340 1541.1
1305350 1549.3
1305360 1549.7
1305370 1560.2
1305380 1572.0
1305390 1572.0
1305400 1583.2
1305410 1591.0
1305420 1597.2
1305430 1597.2
1305440 1605.1
1305450 1613.1
1305460 1613.1
1305470 1621.2
1305480 1626.8
1305490 1626.8
1305500 1631.8
1305510 1637.3
1305520 1637.3
1305530 1642.4
1305540 1647.0
1305550 1647.0
1305560 1651.6
1305570 1654.1
1305580 1654.1
1305590 1656.1
1305600 1659.6
1305610 1659.6
1305620 1663.4
1305630 1666.4
1305640 1666.4
1305650 1669.9
1305660 1673.8
1305670 1673.8
1305680 1678.2
1305690 1682.8
1305700 1682.8
1305710 1687.5
1305720 1693.7
1305730 1693.7
1305740 1699.0
1305750 1703.3
1305760 1707.8
1305770 1707.8
1305780 1712.2
1305790 1717.3
1305800 1717.3
1305810 1723.4
1305820 1730.6
1305830 1730.6
1305840 1737.6
1305850 1744.2
1305860 1744.2
1305870 1750.1
1305880 1755.5
1305890 1755.5
1305900 1761.5
1305910 1766.8
1305920 1766.8
1305930 1772.1
1305940 1777.1
1305950 1777.1
1305960 1783.3
1305970 1788.9
1305980 1788.9
1305990 1794.5
1306000 1800.4
1306010 1800.4
1306020 1806.3
1306030 1812.0
1306040 1812.0
1306050 1817.6
1306060 1823.4
1306070 1822.8
1306080 1828.7
1306090 1834.4
1306100 1839.9
1306110 1839.9
1306120 1845.5
1306130 1851.3
1306140 1851.3
1306150 1856.8
1306160 1862.3
1306170 1862.3
1306180 1867.6
1306190 1873.7
1306200 1873.7
1306210 1879.8
1306220 1885.3
1306230 1885.3
1306240 1890.4
1306250 1896.1
1306260 1896.1
1306270 1902.0
1306280 1908.8
1306290 1908.8
1306300 1916.5
1306310 1922.0
1306320 1922.0
1306330 1928.8
1306340 1932.3
1306350 1932.3
1306360 1931.3
1306370 1929.2
1306380 1929.2
1306390 1928.3
1306400 1927.0
1306410 1927.0
1306420 1931.2
1306430 1934.5
1306440 1935.4
1306450 1935.4
1306460 1935.9
1306470 1937.9
1306480 1937.9
1306490 1939.4
1306500 1941.1
1306510 1941.1
1306520 1942.4
1306530 1944.1
1306540 1944.1
1306550 1945.4
1306560 1947.0
1306570 1947.0
1306580 1942.3
1306590 1932.9
1306600 1932.9
1306610 1923.8
1306620 1914.8
1306630 1914.8
1306640 1907.6
1306650 1903.6
1306660 1903.6
1306670 1898.3
1306680 1891.3
1306690 1891.3
1306700 1884.2
1306710 1876.4
1306720 1876.4
1306730 1867.4
1306740 1860.9
1306750 1860.9
1306760 1854.9
1306770 1849.8
1306780 1846.3
1306790 1839.1
1306800 1833.2
1306810 1827.2
1306820 1827.2
1306830 1823.9
1306840 1818.8
1306850 1818.8
1306860 1811.9
1306870 1806.7
1306880 1806.7
1306890 1802.2
1306900 1798.5
1306910 1798.5
1306920 1793.7
1306930 1788.6
1306940 1788.6
1306950 1783.4
1306960 1777.7
1306970 1777.7
1306980 1772.0
1306990 1766.9
1307000 1766.9
1307010 1762.1
1307020 1758.0
1307030 1758.0
1307040 1753.1
1307050 1747.8
1307060 1747.8
1307070 1742.2
1307080 1737.9
1307090 1737.9
1307100 1731.8
1307110 1724.6
1307120 1718.9
1307130 1718.9
1307140 1715.2
1307150 1713.6
1307160 1713.6
1307170 1714.2
1307180 1717.4
1307190 1717.4
1307200 1718.8
1307210 1719.8
1307220 1719.8
1307230 1723.0
1307240 1726.7
1307250 1726.7
1307260 1729.8
1307270 1731.7
1307280 1731.7
1307290 1734.3
1307300 1738.6
1307310 1738.6
1307320 1741.4
1307330 1743.4
1307340 1743.4
1307350 1744.9
1307360 1747.8
1307370 1747.8
1307380 1750.6
1307390 1752.3
1307400 1752.3
1307410 1754.1
1307420 1755.7
1307430 1755.7
1307440 1757.0
1307450 1758.2
1307460 1759.2
1307470 1759.2
1307480 1760.4
1307490 1761.4
1307500 1761.4
1307510 1753.9
1307520 1758.1
1307530 1758.1
1307540 1761.3
1307550 1764.7
1307560 1764.7
1307570 1768.3
1307580 1771.3
1307590 1771.3
1307600 1774.2
1307610 1776.3
1307620 1776.3
1307630 1777.5
1307640 1779.4
1307650 1779.4
1307660 1780.7
1307670 1782.0
1307680 1782.0
1307690 1782.9
1307700 1780.0
1307710 1780.0
1307720 1775.0
1307730 1772.9
1307740 1772.9
1307750 1770.3
1307760 1764.6
1307770 1764.6
1307780 1758.4
1307790 1750.7
1307800 1750.7
1307810 1743.9
1307820 1735.6
1307830 1727.5
1307840 1727.5
1307850 1719.1
1307860 1711.3
1307870 1711.3
1307880 1704.4
1307890 1697.5
1307900 1697.5
1307910 1690.3
1307920 1683.4
1307930 1683.4
1307940 1678.0
1307950 1672.6
1307960 1672.6
1307970 1668.0
1307980 1663.6
1307990 1663.6
1308000 1658.9
1308010 1655.1
1308020 1655.1
1308030 1653.2
1308040 1648.1
1308050 1648.1
1308060 1641.5
1308070 1636.8
1308080 1636.8
1308090 1634.1
1308100 1632.3
1308110 1632.3
1308120 1627.3
1308130 1620.1
1308140 1620.1
1308150 1614.5
1308160 1609.0
1308170 1605.2
1308180 1605.2
1308190 1605.4
1308200 1604.7
1308210 1604.7
1308220 1603.6
1308230 1603.3
1308240 1597.5
1308250 1595.9
1308260 1592.8
1308270 1592.8
1308280 1591.2
1308290 1592.2
1308300 1592.2
1308310 1593.8
1308320 1595.0
1308330 1595.0
1308340 1596.0
1308350 1596.4
1308360 1596.4
1308370 1596.1
1308380 1596.5
1308390 1596.5
1308400 1597.2
1308410 1598.6
1308420 1598.6
1308430 1599.7
1308440 1600.6
1308450 1600.6
1308460 1601.8
1308470 1602.0
1308480 1602.0
1308490 1600.5
1308500 1598.3
1308510 1596.4
1308520 1596.4
1308530 1594.4
1308540 1592.5
1308550 1592.5
1308560 1590.7
1308570 1589.5
1308580 1589.5
1308590 1587.8
1308600 1585.4
1308610 1585.4
1308620 1582.0
1308630 1579.2
1308640 1579.2
1308650 1576.3
1308660 1571.4
1308670 1571.4
1308680 1566.9
1308690 1564.5
1308700 1564.5
1308710 1558.9
1308720 1551.4
1308730 1551.4
1308740 1542.0
1308750 1532.1
1308760 1532.1
1308770 1522.5
1308780 1514.9
1308790 1514.9
1308800 1508.9
1308810 1502.9
1308820 1502.9
1308830 1496.5
1308840 1489.8
1308850 1482.9
1308860 1482.9
1308870 1475.7
1308880 1469.0
1308890 1469.0
1308900 1463.4
1308910 1458.3
1308920 1458.3
1308930 1453.4
1308940 1449.0
1308950 1449.0
1308960 1441.4
1308970 1434.6
1308980 1434.6
1308990 1428.3
1309000 1422.5
1309010 1422.5
1309020 1416.0
1309030 1408.9
1309040 1408.9
1309050 1402.7
1309060 1397.1
1309070 1397.1
1309080 1391.5
1309090 1386.2
1309100 1386.2
1309110 1381.4
1309120 1377.1
1309130 1377.1
1309140 1373.4
1309150 1369.6
1309160 1369.6
1309170 1365.2
1309180 1359.8
1309190 1354.6
1309200 1354.6
1309210 1350.7
1309220 1352.2
1309230 1352.2
1309240 1355.9
1309250 1357.9
1309260 1357.9
1309270 1360.6
1309280 1364.0
1309290 1364.0
1309300 1366.0
1309310 1367.6
1309320 1367.6
1309330 1369.3
1309340 1371.6
1309350 1371.6
1309360 1374.4
1309370 1377.3
1309380 1377.3
1309390 1380.8
1309400 1385.1
1309410 1385.1
1309420 1390.5
1309430 1397.3
1309440 1397.3
1309450 1405.2
1309460 1411.6
1309470 1411.6
1309480 1416.5
1309490 1422.5
1309500 1422.5
1309510 1430.7
1309520 1435.9
1309530 1440.7
1309540 1440.7
1309550 1446.1
1309560 1450.7
1309570 1450.7
1309580 1454.9
1309590 1459.3
1309600 1459.3
1309610 1464.1
1309620 1469.0
1309630 1469.0
1309640 1473.3
1309650 1478.0
1309660 1478.0
1309670 1482.5
1309680 1487.0
1309690 1485.5
1309700 1489.5
1309710 1493.4
1309720 1493.4
1309730 1498.0
1309740 1502.7
1309750 1502.7
1309760 1506.0
1309770 1509.4
1309780 1509.4
1309790 1511.7
1309800 1512.8
1309810 1512.8
1309820 1514.4
1309830 1516.3
1309840 1516.3
1309850 1519.4
1309860 1521.8
1309870 1523.7
1309880 1523.7
1309890 1525.2
1309900 1526.6
1309910 1526.6
1309920 1527.5
1309930 1526.6
1309940 1526.6
1309950 1523.5
1309960 1517.7
1309970 1517.7
1309980 1512.9
1309990 1509.1
1310000 1509.1
1310010 1506.3
1310020 1502.2
1310030 1502.2
1310040 1496.1
1310050 1489.8
1310060 1489.8
1310070 1484.1
1310080 1478.8
1310090 1478.8
1310100 1474.0
1310110 1469.4
1310120 1469.4
1310130 1464.1
1310140 1459.6
1310150 1459.6
1310160 1455.4
1310170 1450.5
1310180 1450.5
1310190 1446.2
1310200 1441.8
1310210 1441.8
1310220 1438.2
1310230 1435.2
1310240 1432.4
1310250 1432.4
1310260 1427.4
1310270 1422.3
1310280 1422.3
1310290 1420.0
1310300 1417.5
1310310 1417.5
1310320 1413.5
1310330 1410.2
1310340 1410.2
1310350 1408.1
1310360 1403.9
1310370 1403.9
1310380 1399.7
1310390 1395.7
1310400 1395.7
1310410 1391.8
1310420 1390.5
1310430 1390.5
1310440 1388.1
1310450 1386.1
1310460 1386.1
1310470 1384.2
1310480 1379.2
1310490 1379.2
1310500 1375.0
1310510 1371.7
1310520 1371.7
1310530 1369.2
1310540 1366.7
1310550 1366.7
1310560 1363.4
1310570 1361.3
1310580 1357.5
1310590 1357.5
1310600 1349.8
1310610 1342.5
1310620 1342.5
1310630 1335.0
1310640 1326.7
1310650 1326.7
1310660 1318.2
1310670 1311.2
1310680 1311.2
1310690 1303.4
1310700 1294.5
1310710 1294.5
1310720 1287.2
1310730 1284.0
1310740 1284.0
1310750 1282.2
1310760 1282.3
1310770 1282.3
1310780 1284.1
1310790 1286.9
1310800 1286.9
1310810 1289.3
1310820 1290.4
1310830 1290.4
1310840 1291.5
1310850 1292.2
1310860 1292.2
1310870 1290.7
1310880 1287.9
1310890 1287.9
1310900 1282.4
1310910 1274.6
1310920 1267.0
1310930 1267.0
1310940 1261.3
1310950 1255.8
1310960 1255.8
1310970 1249.5
1310980 1242.1
1310990 1242.1
1311000 1236.4
1311010 1233.3
1311020 1233.3
1311030 1228.9
1311040 1223.6
1311050 1223.6
1311060 1218.7
1311070 1214.7
1311080 1214.7
1311090 1210.8
1311100 1206.4
1311110 1206.4
1311120 1203.4
1311130 1202.2
1311140 1202.2
1311150 1200.6
1311160 1207.1
1311170 1207.1
1311180 1209.0
1311190 1207.7
1311200 1207.7
1311210 1203.0
1311220 1200.1
1311230 1200.1
1311240 1197.8
1311250 1196.5
1311260 1196.1
1311270 1196.1
1311280 1192.5
1311290 1187.5
1311300 1187.5
1311310 1189.8
1311320 1197.0
1311330 1197.0
1311340 1203.7
1311350 1210.0
1311360 1210.0
1311370 1215.4
1311380 1218.4
1311390 1218.4
1311400 1221.1
1311410 1222.7
1311420 1222.7
1311430 1223.5
1311440 1225.5
1311450 1225.5
1311460 1224.7
1311470 1223.8
1311480 1223.8
1311490 1223.8
1311500 1223.4
1311510 1223.4
1311520 1219.6
1311530 1214.3
1311540 1214.3
1311550 1211.4
1311560 1212.8
1311570 1212.8
1311580 1214.8
1311590 1212.3
1311600 1210.0
1311610 1210.0
1311620 1209.3
1311630 1207.5
1311640 1207.5
1311650 1208.1
1311660 1208.7
1311670 1208.7
1311680 1207.5
1311690 1205.9
1311700 1205.9
1311710 1202.5
1311720 1197.4
1311730 1197.4
1311740 1193.7
1311750 1188.8
1311760 1188.8
1311770 1182.1
1311780 1174.8
1311790 1174.8
1311800 1168.3
1311810 1164.3
1311820 1164.3
1311830 1160.4
1311840 1156.0
1311850 1156.0
1311860 1151.7
1311870 1147.4
1311880 1147.4
1311890 1143.4
1311900 1140.5
1311910 1140.5
1311920 1138.7
1311930 1138.5
1311940 1136.6
1311950 1136.6
1311960 1136.4
1311970 1137.1
1311980 1137.1
1311990 1137.0
1312000 1137.1
1312010 1137.1
1312020 1137.2
1312030 1138.1
1312040 1138.1
1312050 1140.4
1312060 1143.0
1312070 1143.0
1312080 1143.8
1312090 1142.9
1312100 1142.9
1312110 1140.8
1312120 1138.8
1312130 1138.8
1312140 1138.9
1312150 1140.5
1312160 1140.5
1312170 1143.3
1312180 1145.7
1312190 1145.7
1312200 1147.8
1312210 1150.0
1312220 1150.0
1312230 1151.5
1312240 1152.3
1312250 1152.3
1312260 1153.0
1312270 1153.7
1312280 1153.2
1312290 1153.2
1312300 1152.0
1312310 1150.5
1312320 1150.5
1312330 1148.7
1312340 1147.8
1312350 1147.8
1312360 1146.7
1312370 1145.3
1312380 1145.3
1312390 1143.9
1312400 1141.7
1312410 1141.7
1312420 1138.6
1312430 1133.9
1312440 1133.9
1312450 1129.5
1312460 1126.8
1312470 1126.8
1312480 1125.2
1312490 1123.5
1312500 1123.5
1312510 1121.1
1312520 1117.8
1312530 1117.8
1312540 1114.3
1312550 1109.5
1312560 1109.5
1312570 1105.4
1312580 1103.8
1312590 1103.8
1312600 1102.5
1312610 1100.7
1312620 1097.7
1312630 1097.7
1312640 1095.8
1312650 1093.9
1312660 1093.9
1312670 1091.6
1312680 1089.1
1312690 1089.1
1312700 1086.2
1312710 1083.8
1312720 1083.8
1312730 1081.6
1312740 1079.4
1312750 1079.4
1312760 1077.4
1312770 1075.1
1312780 1075.1
1312790 1072.9
1312800 1070.7
1312810 1070.7
1312820 1068.4
1312830 1066.5
1312840 1066.5
1312850 1065.1
1312860 1063.9
1312870 1063.9
1312880 1062.3
1312890 1060.6
1312900 1060.6
1312910 1059.2
1312920 1058.1
1312930 1058.1
1312940 1056.7
1312950 1055.4
1312960 1055.4
1312970 1054.1
1312980 1052.9
1312990 1051.7
1313000 1051.7
1313010 1050.7
1313020 1049.6
1313030 1049.6
1313040 1048.2
1313050 1046.3
1313060 1046.3
1313070 1044.6
1313080 1043.4
1313090 1043.4
1313100 1042.6
1313110 1041.7
1313120 1041.7
1313130 1040.9
1313140 1040.1
1313150 1040.1
1313160 1039.4
1313170 1038.4
1313180 1038.4
1313190 1036.9
1313200 1035.3
1313210 1035.3
1313220 1033.9
1313230 1032.8
1313240 1032.8
1313250 1031.7
1313260 1030.8
1313270 1030.8
1313280 1029.8
1313290 1028.8
1313300 1028.8
1313310 1028.2
1313320 1027.6
1313330 1027.0
1313340 1027.0
1313350 1026.5
1313360 1025.8
1313370 1025.8
1313380 1025.2
1313390 1024.9
1313400 1024.9
1313410 1024.6
1313420 1024.1
1313430 1024.1
1313440 1023.4
1313450 1022.6
1313460 1022.6
1313470 1021.5
1313480 1020.2
1313490 1020.2
1313500 1019.0
1313510 1018.3
1313520 1018.3
1313530 1018.1
1313540 1017.7
1313550 1017.7
1313560 1017.4
1313570 1017.0
1313580 1017.0
1313590 1016.8
1313600 1016.6
1313610 1016.6
1313620 1016.7
1313630 1016.6
1313640 1016.6
1313650 1016.5
1313660 1016.4
1313670 1016.5
1313680 1016.5
1313690 1016.9
1313700 1017.5
1313710 1017.5
1313720 1018.3
1313730 1019.0
1313740 1019.0
1313750 1019.9
1313760 1020.6
1313770 1020.6
1313780 1020.9
1313790 1021.0
1313800 1021.0
1313810 1020.7
1313820 1020.2
1313830 1020.2
1313840 1019.8
1313850 1019.4
1313860 1019.4
1313870 1019.1
1313880 1019.1
1313890 1019.1
1313900 1019.3
1313910 1019.5
1313920 1019.5
1313930 1019.6
1313940 1019.2
1313950 1019.2
1313960 1018.6
1313970 1017.9
1313980 1017.9
1313990 1017.1
1314000 1016.2
1314010 1015.1
1314020 1015.1
1314030 1014.0
1314040 1012.9
1314050 1012.9
1314060 1012.0
1314070 1011.1
1314080 1011.1
1314090 1009.9
1314100 1008.3
1314110 1008.3
1314120 1007.3
1314130 1006.8
1314140 1007.8
1314150 1007.1
1314160 1006.8
1314170 1006.8
1314180 1006.5
1314190 1004.9
1314200 1004.9
1314210 1001.8
1314220 999.5
1314230 999.5
1314240 998.4
1314250 998.2
1314260 998.2
1314270 996.1
1314280 993.4
1314290 993.4
1314300 990.7
1314310 989.2
1314320 989.2
1314330 987.9
1314340 986.6
1314350 984.4
1314360 984.4
1314370 981.9
1314380 979.5
1314390 979.5
1314400 976.3
1314410 972.1
1314420 972.1
1314430 967.9
1314440 964.3
1314450 964.3
1314460 960.4
1314470 957.4
1314480 957.4
1314490 954.2
1314500 950.6
1314510 950.6
1314520 948.5
1314530 948.2
1314540 948.2
1314550 948.7
1314560 948.3
1314570 948.3
1314580 947.6
1314590 948.9
1314600 948.9
1314610 949.2
1314620 945.5
1314630 945.5
1314640 944.0
1314650 940.0
1314660 940.0
1314670 926.6
1314680 913.3
1314690 898.8
1314700 898.8
1314710 886.4
1314720 880.9
1314730 880.9
1314740 879.9
1314750 879.3
1314760 879.3
1314770 892.3
1314780 905.8
1314790 905.8
1314800 903.1
1314810 905.3
1314820 905.3
1314830 910.5
1314840 918.3
1314850 918.3
1314860 919.9
1314870 925.6
1314880 925.6
1314890 942.4
1314900 938.1
1314910 938.1
1314920 934.6
1314930 930.9
1314940 930.9
1314950 931.0
1314960 934.4
1314970 934.4
1314980 938.0
1314990 938.6
1315000 938.6
1315010 937.1
1315020 936.6
1315030 938.6
1315040 938.6
1315050 945.1
1315060 952.7
1315070 952.7
1315080 959.8
1315090 964.3
1315100 964.3
1315110 967.7
1315120 971.8
1315130 971.8
1315140 977.3
1315150 982.9
1315160 982.9
1315170 988.9
1315180 996.0
1315190 996.0
1315200 1003.9
1315210 1012.2
1315220 1012.2
1315230 1019.7
1315240 1022.7
1315250 1022.7
1315260 1024.5
1315270 1025.7
1315280 1025.7
1315290 1028.3
1315300 1031.2
1315310 1031.2
1315320 1032.8
1315330 1033.2
1315340 1033.2
1315350 1032.9
1315360 1032.5
1315370 1033.4
1315380 1033.4
1315390 1034.9
1315400 1036.2
1315410 1036.2
1315420 1037.3
1315430 1038.4
1315440 1038.4
1315450 1039.7
1315460 1041.0
1315470 1041.0
1315480 1042.2
1315490 1043.5
1315500 1043.5
1315510 1044.9
1315520 1046.4
1315530 1046.4
1315540 1048.0
1315550 1049.6
1315560 1049.6
1315570 1051.7
1315580 1054.2
1315590 1054.2
1315600 1056.6
1315610 1058.8
1315620 1058.8
1315630 1060.9
1315640 1061.5
1315650 1061.5
1315660 1063.9
1315670 1066.2
1315680 1066.2
1315690 1068.4
1315700 1070.6
1315710 1070.6
1315720 1072.7
1315730 1075.0
1315740 1077.2
1315750 1077.2
1315760 1079.6
1315770 1082.7
1315780 1082.7
1315790 1086.3
1315800 1090.1
1315810 1090.1
1315820 1093.9
1315830 1097.6
1315840 1097.6
1315850 1100.8
1315860 1103.0
1315870 1103.0
1315880 1104.6
1315890 1106.7
1315900 1106.7
1315910 1109.6
1315920 1113.2
1315930 1113.2
1315940 1117.0
1315950 1121.4
1315960 1121.4
1315970 1126.4
1315980 1131.2
1315990 1131.2
1316000 1136.3
1316010 1141.6
1316020 1141.6
1316030 1146.8
1316040 1152.3
1316050 1152.3
1316060 1158.8
1316070 1165.9
1316080 1169.7
1316090 1169.7
1316100 1171.5
1316110 1173.4
1316120 1173.4
1316130 1174.8
1316140 1176.8
1316150 1176.8
1316160 1178.9
1316170 1180.6
1316180 1180.6
1316190 1182.1
1316200 1182.3
1316210 1182.3
1316220 1180.4
1316230 1178.9
1316240 1178.9
1316250 1177.5
1316260 1176.5
1316270 1176.5
1316280 1175.4
1316290 1174.9
1316300 1174.9
1316310 1174.7
1316320 1174.3
1316330 1174.3
1316340 1173.2
1316350 1171.3
1316360 1171.3
1316370 1169.9
1316380 1169.1
1316390 1169.1
1316400 1166.8
1316410 1165.2
1316420 1163.8
1316430 1163.8
1316440 1163.1
1316450 1162.5
1316460 1162.5
1316470 1161.4
1316480 1159.6
1316490 1159.6
1316500 1157.0
1316510 1154.4
1316520 1154.4
1316530 1152.2
1316540 1150.5
1316550 1150.5
1316560 1149.3
1316570 1148.0
1316580 1148.0
1316590 1146.5
1316600 1145.6
1316610 1145.6
1316620 1144.8
1316630 1143.5
1316640 1143.5
1316650 1142.6
1316660 1142.0
1316670 1142.0
1316680 1141.1
1316690 1139.7
1316700 1139.7
1316710 1137.8
1316720 1136.0
1316730 1136.0
1316740 1134.7
1316750 1134.1
1316760 1134.3
1316770 1134.3
1316780 1133.8
1316790 1132.7
1316800 1132.7
1316810 1131.0
1316820 1128.2
1316830 1128.2
1316840 1126.1
1316850 1124.3
1316860 1124.3
1316870 1123.6
1316880 1123.1
1316890 1123.1
1316900 1119.9
1316910 1112.5
1316920 1112.5
1316930 1101.9
1316940 1090.3
1316950 1090.3
1316960 1081.6
1316970 1075.9
1316980 1075.9
1316990 1072.7
1317000 1067.8
1317010 1067.8
1317020 1060.1
1317030 1049.7
1317040 1049.7
1317050 1042.2
1317060 1027.3
1317070 1027.3
1317080 1031.6
1317090 1045.4
1317100 1061.8
1317110 1061.8
1317120 1065.7
1317130 1063.8
1317140 1063.8
1317150 1060.7
1317160 1056.5
1317170 1056.5
1317180 1048.0
1317190 1039.4
1317200 1039.4
1317210 1030.6
1317220 1020.9
1317230 1020.9
1317240 1011.1
1317250 1003.2
1317260 1003.2
1317270 998.6
1317280 997.7
1317290 997.7
1317300 993.3
1317310 998.5
1317320 998.5
1317330 1006.4
1317340 1021.7
1317350 1021.7
1317360 1036.4
1317370 1045.2
1317380 1045.2
1317390 1053.3
1317400 1060.1
1317410 1060.1
1317420 1067.6
1317430 1074.9
1317440 1079.1
1317450 1079.1
1317460 1082.9
1317470 1087.4
1317480 1087.4
1317490 1092.9
1317500 1098.5
1317510 1098.5
1317520 1104.4
1317530 1108.9
1317540 1108.9
1317550 1114.1
1317560 1118.5
1317570 1118.5
1317580 1122.0
1317590 1125.4
1317600 1125.4
1317610 1129.4
1317620 1133.1
1317630 1133.1
1317640 1136.8
1317650 1140.7
1317660 1140.7
1317670 1143.8
1317680 1146.1
1317690 1146.1
1317700 1148.4
1317710 1150.8
1317720 1150.8
1317730 1153.0
1317740 1155.6
1317750 1155.6
1317760 1157.9
1317770 1159.2
1317780 1161.1
1317790 1161.1
1317800 1163.0
1317810 1164.6
1317820 1164.6
1317830 1165.2
1317840 1166.2
1317850 1166.2
1317860 1168.2
1317870 1168.6
1317880 1168.6
1317890 1169.0
1317900 1169.9
1317910 1169.9
1317920 1171.0
1317930 1172.3
1317940 1172.3
1317950 1172.0
1317960 1171.9
1317970 1171.9
1317980 1171.4
1317990 1171.2
1318000 1171.2
1318010 1171.0
1318020 1170.1
1318030 1170.1
1318040 1168.7
1318050 1167.4
1318060 1167.4
1318070 1166.3
1318080 1164.6
1318090 1164.6
1318100 1162.1
1318110 1158.7
1318120 1155.4
1318130 1155.4
1318140 1152.5
1318150 1151.1
1318160 1151.1
1318170 1149.7
1318180 1148.5
1318190 1148.5
1318200 1147.6
1318210 1145.6
1318220 1145.6
1318230 1142.6
1318240 1138.9
1318250 1138.9
1318260 1134.3
1318270 1129.5
1318280 1129.5
1318290 1125.0
1318300 1121.0
1318310 1121.0
1318320 1117.1
1318330 1114.1
1318340 1114.1
1318350 1112.0
1318360 1111.3
1318370 1111.3
1318380 1110.9
1318390 1110.9
1318400 1110.9
1318410 1111.2
1318420 1110.8
1318430 1110.8
1318440 1109.7
1318450 1104.7
1318460 1104.7
1318470 1097.6
1318480 1096.7
1318490 1103.8
1318500 1103.8
1318510 1112.0
1318520 1123.1
1318530 1123.1
1318540 1132.4
1318550 1137.2
1318560 1137.2
1318570 1141.0
1318580 1144.7
1318590 1144.7
1318600 1150.8
1318610 1157.7
1318620 1157.7
1318630 1164.2
1318640 1170.0
1318650 1170.0
1318660 1174.7
1318670 1179.8
1318680 1179.8
1318690 1184.1
1318700 1185.3
1318710 1185.3
1318720 1187.3
1318730 1189.1
1318740 1189.1
1318750 1189.9
1318760 1187.9
1318770 1187.9
1318780 1183.7
1318790 1180.7
1318800 1180.7
1318810 1180.4
1318820 1184.5
1318830 1189.7
1318840 1189.7
1318850 1194.2
1318860 1195.6
1318870 1195.6
1318880 1196.8
1318890 1199.2
1318900 1199.2
1318910 1199.6
1318920 1199.4
1318930 1199.4
1318940 1201.3
1318950 1201.1
1318960 1201.1
1318970 1196.4
1318980 1194.0
1318990 1194.0
1319000 1192.9
1319010 1189.1
1319020 1189.1
1319030 1185.9
1319040 1187.0
1319050 1187.0
1319060 1189.2
1319070 1193.4
1319080 1193.4
1319090 1199.0
1319100 1205.0
1319110 1205.0
1319120 1211.4
1319130 1217.4
1319140 1217.4
1319150 1222.1
1319160 1226.7
1319170 1231.3
1319180 1231.3
1319190 1235.5
1319200 1239.5
1319210 1239.5
1319220 1243.2
1319230 1246.8
1319240 1246.8
1319250 1250.4
1319260 1254.5
1319270 1254.5
1319280 1258.5
1319290 1262.8
1319300 1262.8
1319310 1268.1
1319320 1272.5
1319330 1272.5
1319340 1275.1
1319350 1278.1
1319360 1278.1
1319370 1281.7
1319380 1286.0
1319390 1286.0
1319400 1290.9
1319410 1295.4
1319420 1295.4
1319430 1299.2
1319440 1302.7
1319450 1302.7
1319460 1306.0
1319470 1312.0
1319480 1312.0
1319490 1314.2
1319500 1315.8
1319510 1317.1
1319520 1317.1
1319530 1317.0
1319540 1316.2
1319550 1316.2
1319560 1315.0
1319570 1314.2
1319580 1314.2
1319590 1314.1
1319600 1313.7
1319610 1313.7
1319620 1311.3
1319630 1308.6
1319640 1308.6
1319650 1308.0
1319660 1308.3
1319670 1308.3
1319680 1307.9
1319690 1307.1
1319700 1307.1
1319710 1306.5
1319720 1306.3
1319730 1306.3
1319740 1307.8
1319750 1310.9
1319760 1310.9
1319770 1312.7
1319780 1312.7
1319790 1312.7
1319800 1312.0
1319810 1311.1
1319820 1311.1
1319830 1309.9
1319840 1307.6
1319850 1304.0
1319860 1304.0
1319870 1299.9
1319880 1296.7
1319890 1296.7
1319900 1294.2
1319910 1292.3
1319920 1292.3
1319930 1291.0
1319940 1290.0
1319950 1290.0
1319960 1289.1
1319970 1288.1
1319980 1288.1
1319990 1286.8
