1300000 1331.7
1300010 1329.0
1300020 1329.0
1300030 1327.0
1300040 1325.3
1300050 1325.3
1300060 1323.6
1300070 1321.6
1300080 1321.6
1300090 1319.6
1300100 1317.5
1300110 1317.5
1300120 1315.6
1300130 1314.0
1300140 1312.4
1300150 1312.4
1300160 1311.1
1300170 1309.8
1300180 1309.8
1300190 1308.4
1300200 1307.4
1300210 1307.4
1300220 1305.7
1300230 1303.5
1300240 1303.8
1300250 1302.5
1300260 1301.3
1300270 1301.3
1300280 1299.7
1300290 1297.9
1300300 1297.9
1300310 1296.0
1300320 1293.4
1300330 1293.4
1300340 1290.4
1300350 1288.0
1300360 1288.0
1300370 1286.5
1300380 1284.8
1300390 1284.8
1300400 1282.5
1300410 1280.3
1300420 1280.3
1300430 1278.6
1300440 1277.6
1300450 1277.6
1300460 1277.7
1300470 1278.3
1300480 1278.7
1300490 1278.7
1300500 1278.8
1300510 1278.8
1300520 1278.8
1300530 1278.1
1300540 1276.7
1300550 1276.7
1300560 1275.6
1300570 1272.9
1300580 1272.9
1300590 1269.1
1300600 1264.6
1300610 1264.6
1300620 1259.9
1300630 1256.2
1300640 1256.2
1300650 1253.2
1300660 1250.9
1300670 1250.9
1300680 1248.1
1300690 1244.5
1300700 1244.5
1300710 1241.4
1300720 1239.0
1300730 1239.0
1300740 1236.9
1300750 1234.9
1300760 1234.9
1300770 1233.8
1300780 1231.3
1300790 1231.3
1300800 1228.6
1300810 1226.5
1300820 1224.0
1300830 1224.0
1300840 1220.8
1300850 1217.0
1300860 1217.0
1300870 1212.7
1300880 1208.2
1300890 1208.2
1300900 1204.2
1300910 1200.9
1300920 1200.9
1300930 1198.2
1300940 1196.4
1300950 1196.4
1300960 1194.6
1300970 1192.9
1300980 1192.9
1300990 1192.2
1301000 1190.4
1301010 1190.4
1301020 1187.4
1301030 1181.0
1301040 1181.0
1301050 1173.9
1301060 1167.4
1301070 1167.4
1301080 1162.3
1301090 1159.7
1301100 1159.7
1301110 1157.2
1301120 1152.8
1301130 1152.8
1301140 1148.7
1301150 1145.3
1301160 1142.2
1301170 1142.2
1301180 1137.4
1301190 1132.2
1301200 1132.2
1301210 1128.0
1301220 1124.6
1301230 1124.6
1301240 1121.3
1301250 1118.5
1301260 1118.5
1301270 1115.9
1301280 1113.3
1301290 1113.3
1301300 1111.6
1301310 1110.3
1301320 1110.3
1301330 1107.8
1301340 1104.2
1301350 1104.2
1301360 1099.8
1301370 1095.1
1301380 1095.1
1301390 1091.3
1301400 1090.0
1301410 1090.0
1301420 1087.5
1301430 1083.5
1301440 1083.5
1301450 1079.7
1301460 1077.2
1301470 1077.2
1301480 1073.0
1301490 1068.1
1301500 1065.3
1301510 1065.3
1301520 1063.9
1301530 1062.3
1301540 1062.3
1301550 1058.9
1301560 1054.3
1301570 1054.3
1301580 1051.6
1301590 1049.7
1301600 1049.7
1301610 1047.9
1301620 1046.4
1301630 1045.4
1301640 1042.8
1301650 1040.5
1301660 1040.5
1301670 1038.0
1301680 1035.4
1301690 1035.4
1301700 1032.0
1301710 1027.6
1301720 1027.6
1301730 1024.0
1301740 1021.3
1301750 1021.3
1301760 1018.7
1301770 1016.1
1301780 1016.1
1301790 1013.5
1301800 1010.7
1301810 1010.7
1301820 1006.9
1301830 1002.6
1301840 1002.6
1301850 998.3
1301860 993.7
1301870 989.9
1301880 989.9
1301890 986.4
1301900 982.1
1301910 982.1
1301920 976.9
1301930 971.0
1301940 971.0
1301950 966.6
1301960 962.8
1301970 962.8
1301980 959.8
1301990 956.2
1302000 956.2
1302010 951.7
1302020 947.4
1302030 947.4
1302040 944.1
1302050 942.0
1302060 942.0
1302070 940.5
1302080 939.2
1302090 939.2
1302100 938.2
1302110 937.3
1302120 937.3
1302130 936.8
1302140 936.8
1302150 936.8
1302160 936.8
1302170 936.7
1302180 936.7
1302190 936.6
1302200 936.4
1302210 936.1
1302220 936.1
1302230 935.9
1302240 935.9
1302250 935.9
1302260 935.5
1302270 935.4
1302280 935.4
1302290 935.4
1302300 935.3
1302310 935.3
1302320 935.1
1302330 935.3
1302340 935.3
1302350 935.2
1302360 935.1
1302370 935.1
1302380 934.8
1302390 934.6
1302400 934.6
1302410 934.4
1302420 934.2
1302430 934.2
1302440 934.1
1302450 934.0
1302460 934.0
1302470 933.9
1302480 933.9
1302490 933.9
1302500 934.0
1302510 933.7
1302520 933.7
1302530 933.3
1302540 933.0
1302550 932.7
1302560 932.7
1302570 932.5
1302580 932.3
1302590 932.3
1302600 932.1
1302610 932.0
1302620 932.0
1302630 931.9
1302640 931.8
1302650 931.8
1302660 931.9
1302670 932.0
1302680 932.0
1302690 932.0
1302700 931.9
1302710 931.9
1302720 931.8
1302730 931.6
1302740 931.6
1302750 931.4
1302760 931.2
1302770 931.2
1302780 930.9
1302790 930.6
1302800 930.6
1302810 930.4
1302820 930.1
1302830 930.1
1302840 929.8
1302850 929.5
1302860 929.5
1302870 929.1
1302880 928.7
1302890 928.4
1302900 928.4
1302910 928.2
1302920 928.0
1302930 928.0
1302940 927.9
1302950 927.5
1302960 927.5
1302970 927.0
1302980 925.7
1302990 925.7
1303000 926.2
1303010 928.7
1303020 928.7
1303030 929.2
1303040 928.9
1303050 928.9
1303060 929.3
1303070 929.7
1303080 929.7
1303090 930.2
1303100 930.7
1303110 930.7
1303120 931.4
1303130 931.9
1303140 931.9
1303150 932.8
1303160 933.4
1303170 933.4
1303180 934.0
1303190 934.9
1303200 934.9
1303210 936.0
1303220 936.9
1303230 937.7
1303240 937.7
1303250 938.6
1303260 939.4
1303270 939.4
1303280 940.1
1303290 941.2
1303300 941.2
1303310 942.6
1303320 942.9
1303330 942.9
1303340 943.6
1303350 944.6
1303360 944.6
1303370 945.5
1303380 946.3
1303390 946.3
1303400 947.1
1303410 948.0
1303420 948.0
1303430 949.0
1303440 950.1
1303450 950.1
1303460 951.2
1303470 952.2
1303480 952.2
1303490 953.4
1303500 954.5
1303510 954.5
1303520 955.4
1303530 956.4
1303540 956.4
1303550 957.3
1303560 958.1
1303570 958.8
1303580 958.8
1303590 959.5
1303600 960.1
1303610 960.1
1303620 960.5
1303630 961.6
1303640 961.6
1303650 962.1
1303660 961.3
1303670 961.3
1303680 962.9
1303690 966.2
1303700 966.2
1303710 970.5
1303720 973.8
1303730 973.8
1303740 970.2
1303750 973.6
1303760 973.6
1303770 978.8
1303780 982.1
1303790 982.1
1303800 984.0
1303810 985.6
1303820 985.6
1303830 987.2
1303840 989.1
1303850 989.1
1303860 990.9
1303870 992.8
1303880 992.8
1303890 994.9
1303900 996.8
1303910 996.8
1303920 997.9
1303930 997.9
1303940 995.2
1303950 995.2
1303960 994.2
1303970 990.2
1303980 990.2
1303990 989.9
1304000 996.9
1304010 996.9
1304020 1007.4
1304030 1017.1
1304040 1017.1
1304050 1024.3
1304060 1030.1
1304070 1030.1
1304080 1036.1
1304090 1041.7
1304100 1041.7
1304110 1047.8
1304120 1054.2
1304130 1054.2
1304140 1060.5
1304150 1067.3
1304160 1067.3
1304170 1074.4
1304180 1080.9
1304190 1080.9
1304200 1087.5
1304210 1094.1
1304220 1094.1
1304230 1100.2
1304240 1106.7
1304250 1106.7
1304260 1115.8
1304270 1125.1
1304280 1132.7
1304290 1132.7
1304300 1139.5
1304310 1144.2
1304320 1144.2
1304330 1148.3
1304340 1152.4
1304350 1152.4
1304360 1156.4
1304370 1159.9
1304380 1159.9
1304390 1163.0
1304400 1166.7
1304410 1166.7
1304420 1171.1
1304430 1176.3
1304440 1176.3
1304450 1186.3
1304460 1193.2
1304470 1193.2
1304480 1200.0
1304490 1202.3
1304500 1202.3
1304510 1201.2
1304520 1201.2
1304530 1201.2
1304540 1203.0
1304550 1208.0
1304560 1208.0
1304570 1215.0
1304580 1222.4
1304590 1222.4
1304600 1224.7
1304610 1227.9
1304620 1231.8
1304630 1231.8
1304640 1235.8
1304650 1237.4
1304660 1237.4
1304670 1240.9
1304680 1249.5
1304690 1249.5
1304700 1259.6
1304710 1268.4
1304720 1268.4
1304730 1281.8
1304740 1296.0
1304750 1296.0
1304760 1302.7
1304770 1300.3
1304780 1300.3
1304790 1297.2
1304800 1298.2
1304810 1298.2
1304820 1307.8
1304830 1318.2
1304840 1318.2
1304850 1325.4
1304860 1330.3
1304870 1330.3
1304880 1328.9
1304890 1327.8
1304900 1327.8
1304910 1332.3
1304920 1338.1
1304930 1338.1
1304940 1342.4
1304950 1348.5
1304960 1359.2
1304970 1359.2
1304980 1366.8
1304990 1373.5
1305000 1373.5
1305010 1381.5
1305020 1390.3
1305030 1390.3
1305040 1399.5
1305050 1407.4
1305060 1407.4
1305070 1414.8
1305080 1421.5
1305090 1421.5
1305100 1424.9
1305110 1428.2
1305120 1428.2
1305130 1435.1
1305140 1443.6
1305150 1443.6
1305160 1452.1
1305170 1460.2
1305180 1460.2
1305190 1467.0
1305200 1474.6
1305210 1474.6
1305220 1482.4
1305230 1489.8
1305240 1489.8
1305250 1497.6
1305260 1505.2
1305270 1505.2
1305280 1512.2
1305290 1519.6
1305300 1525.3
1305310 1525.3
1305320 1531.4
1305330 1538.1
1305340 1538.1
1305350 1545.4
1305360 1553.8
1305370 1553.8
1305380 1566.3
1305390 1576.4
1305400 1576.4
1305410 1590.3
1305420 1603.3
1305430 1603.3
1305440 1612.7
1305450 1618.5
1305460 1618.5
1305470 1622.8
1305480 1627.8
1305490 1627.8
1305500 1631.7
1305510 1636.3
1305520 1636.3
1305530 1642.7
1305540 1649.2
1305550 1649.2
1305560 1654.2
1305570 1658.6
1305580 1658.6
1305590 1663.1
1305600 1667.9
1305610 1667.9
1305620 1672.4
1305630 1676.2
1305640 1678.8
1305650 1678.8
1305660 1681.6
1305670 1685.3
1305680 1685.3
1305690 1688.6
1305700 1691.2
1305710 1691.2
1305720 1693.5
1305730 1697.0
1305740 1697.0
1305750 1701.3
1305760 1706.5
1305770 1706.5
1305780 1711.6
1305790 1718.0
1305800 1718.0
1305810 1725.1
1305820 1731.2
1305830 1731.2
1305840 1736.8
1305850 1742.7
1305860 1742.7
1305870 1747.3
1305880 1753.0
1305890 1753.0
1305900 1758.9
1305910 1764.9
1305920 1764.9
1305930 1770.3
1305940 1776.5
1305950 1776.5
1305960 1782.4
1305970 1788.2
1305980 1788.2
1305990 1794.2
1306000 1800.6
1306010 1807.2
1306020 1807.2
1306030 1813.4
1306040 1819.7
1306050 1819.7
1306060 1826.1
1306070 1832.6
1306080 1832.6
1306090 1838.4
1306100 1844.2
1306110 1844.2
1306120 1849.9
1306130 1856.2
1306140 1856.2
1306150 1862.1
1306160 1867.7
1306170 1867.7
1306180 1873.4
1306190 1879.6
1306200 1879.6
1306210 1885.0
1306220 1890.4
1306230 1890.4
1306240 1895.8
1306250 1901.2
1306260 1901.2
1306270 1906.5
1306280 1911.5
1306290 1911.5
1306300 1915.9
1306310 1920.0
1306320 1920.0
1306330 1922.8
1306340 1925.4
1306350 1928.0
1306360 1928.0
1306370 1930.4
1306380 1932.7
1306390 1932.7
1306400 1934.1
1306410 1935.7
1306420 1935.7
1306430 1937.7
1306440 1939.9
1306450 1939.9
1306460 1941.6
1306470 1943.8
1306480 1943.8
1306490 1945.3
1306500 1946.4
1306510 1946.4
1306520 1947.7
1306530 1948.8
1306540 1948.8
1306550 1949.8
1306560 1950.8
1306570 1950.8
1306580 1952.2
1306590 1953.3
1306600 1953.3
1306610 1950.7
1306620 1942.8
1306630 1942.8
1306640 1935.3
1306650 1928.1
1306660 1928.1
1306670 1921.9
1306680 1916.1
1306690 1908.9
1306700 1908.9
1306710 1900.8
1306720 1892.9
1306730 1892.9
1306740 1884.8
1306750 1876.7
1306760 1876.7
1306770 1869.3
1306780 1860.5
1306790 1860.5
1306800 1854.2
1306810 1847.5
1306820 1847.5
1306830 1837.0
1306840 1827.9
1306850 1827.9
1306860 1821.3
1306870 1815.6
1306880 1815.6
1306890 1810.3
1306900 1805.4
1306910 1805.4
1306920 1800.1
1306930 1794.9
1306940 1794.9
1306950 1790.2
1306960 1785.1
1306970 1785.1
1306980 1780.3
1306990 1774.6
1307000 1774.6
1307010 1769.1
1307020 1764.2
1307030 1758.2
1307040 1758.2
1307050 1750.7
1307060 1746.4
1307070 1746.4
1307080 1746.6
1307090 1749.1
1307100 1749.1
1307110 1753.1
1307120 1754.4
1307130 1754.4
1307140 1752.6
1307150 1751.4
1307160 1751.4
1307170 1749.9
1307180 1749.6
1307190 1749.6
1307200 1751.6
1307210 1750.0
1307220 1750.0
1307230 1751.1
1307240 1755.4
1307250 1755.4
1307260 1759.3
1307270 1763.8
1307280 1763.8
1307290 1767.3
1307300 1770.2
1307310 1763.2
1307320 1764.9
1307330 1767.9
1307340 1767.9
1307350 1771.5
1307360 1774.3
1307370 1776.2
1307380 1776.2
1307390 1777.1
1307400 1778.2
1307410 1778.2
1307420 1781.4
1307430 1783.6
1307440 1783.6
1307450 1785.5
1307460 1787.3
1307470 1787.3
1307480 1787.7
1307490 1788.0
1307500 1788.0
1307510 1788.7
1307520 1788.7
1307530 1788.7
1307540 1788.5
1307550 1793.8
1307560 1793.8
1307570 1798.5
1307580 1801.4
1307590 1801.4
1307600 1803.7
1307610 1803.6
1307620 1803.6
1307630 1805.8
1307640 1807.2
1307650 1807.2
1307660 1805.4
1307670 1798.2
1307680 1798.2
1307690 1789.0
1307700 1781.7
1307710 1774.7
1307720 1774.7
1307730 1767.2
1307740 1759.4
1307750 1759.4
1307760 1752.1
1307770 1744.9
1307780 1744.9
1307790 1737.0
1307800 1730.2
1307810 1730.2
1307820 1721.3
1307830 1712.9
1307840 1712.9
1307850 1705.5
1307860 1700.9
1307870 1700.9
1307880 1697.2
1307890 1692.4
1307900 1692.4
1307910 1688.5
1307920 1684.7
1307930 1684.7
1307940 1678.5
1307950 1672.3
1307960 1672.3
1307970 1666.3
1307980 1661.0
1307990 1661.0
1308000 1656.5
1308010 1653.4
1308020 1653.4
1308030 1650.4
1308040 1647.5
1308050 1644.5
1308060 1644.5
1308070 1640.9
1308080 1638.4
1308090 1638.4
1308100 1637.3
1308110 1634.7
1308120 1634.7
1308130 1631.9
1308140 1630.2
1308150 1630.2
1308160 1629.3
1308170 1628.6
1308180 1628.6
1308190 1629.3
1308200 1629.9
1308210 1629.9
1308220 1628.7
1308230 1626.8
1308240 1626.8
1308250 1623.1
1308260 1621.1
1308270 1621.1
1308280 1621.6
1308290 1623.3
1308300 1623.3
1308310 1626.0
1308320 1627.8
1308330 1627.8
1308340 1629.8
1308350 1632.2
1308360 1632.2
1308370 1632.6
1308380 1633.2
1308390 1633.2
1308400 1634.8
1308410 1636.2
1308420 1637.0
1308430 1637.0
1308440 1637.5
1308450 1638.4
1308460 1638.4
1308470 1638.8
1308480 1636.8
1308490 1636.8
1308500 1633.2
1308510 1630.2
1308520 1630.2
1308530 1629.3
1308540 1626.8
1308550 1626.8
1308560 1623.4
1308570 1619.4
1308580 1619.4
1308590 1615.8
1308600 1611.7
1308610 1611.7
1308620 1607.0
1308630 1601.0
1308640 1601.0
1308650 1593.6
1308660 1586.7
1308670 1586.7
1308680 1579.2
1308690 1571.8
1308700 1571.8
1308710 1564.6
1308720 1557.3
1308730 1557.3
1308740 1551.0
1308750 1545.7
1308760 1535.8
1308770 1535.8
1308780 1528.4
1308790 1520.7
1308800 1520.7
1308810 1513.5
1308820 1506.3
1308830 1506.3
1308840 1501.1
1308850 1495.7
1308860 1495.7
1308870 1488.2
1308880 1479.3
1308890 1479.3
1308900 1472.8
1308910 1468.2
1308920 1468.2
1308930 1463.9
1308940 1459.0
1308950 1459.0
1308960 1453.1
1308970 1445.2
1308980 1445.2
1308990 1437.9
1309000 1431.2
1309010 1431.2
1309020 1424.8
1309030 1418.6
1309040 1418.6
1309050 1412.8
1309060 1407.4
1309070 1407.4
1309080 1402.1
1309090 1396.9
1309100 1392.8
1309110 1392.8
1309120 1388.6
1309130 1384.1
1309140 1384.1
1309150 1379.8
1309160 1374.3
1309170 1374.3
1309180 1366.8
1309190 1365.3
1309200 1365.3
1309210 1368.8
1309220 1369.8
1309230 1369.8
1309240 1371.1
1309250 1375.4
1309260 1375.4
1309270 1377.9
1309280 1379.6
1309290 1379.6
1309300 1381.5
1309310 1383.7
1309320 1383.7
1309330 1386.7
1309340 1390.2
1309350 1390.2
1309360 1394.7
1309370 1399.6
1309380 1399.6
1309390 1405.9
1309400 1414.7
1309410 1414.7
1309420 1421.5
1309430 1426.4
1309440 1429.3
1309450 1429.3
1309460 1431.3
1309470 1435.2
1309480 1435.2
1309490 1437.5
1309500 1442.9
1309510 1442.9
1309520 1448.5
1309530 1453.3
1309540 1453.3
1309550 1457.1
1309560 1461.2
1309570 1461.2
1309580 1465.7
1309590 1470.2
1309600 1470.2
1309610 1474.9
1309620 1479.5
1309630 1479.5
1309640 1484.4
1309650 1488.5
1309660 1488.5
1309670 1492.7
1309680 1497.3
1309690 1497.3
1309700 1500.4
1309710 1503.8
1309720 1503.8
1309730 1507.5
1309740 1511.3
1309750 1511.3
1309760 1514.5
1309770 1517.1
1309780 1519.0
1309790 1519.0
1309800 1521.2
1309810 1524.1
1309820 1524.1
1309830 1527.1
1309840 1529.0
1309850 1529.0
1309860 1531.6
1309870 1533.3
1309880 1533.3
1309890 1535.0
1309900 1536.8
1309910 1536.8
1309920 1536.0
1309930 1531.8
1309940 1531.8
1309950 1529.5
1309960 1525.5
1309970 1525.5
1309980 1520.6
1309990 1516.9
1310000 1516.9
1310010 1511.8
1310020 1505.0
1310030 1505.0
1310040 1497.7
1310050 1491.4
1310060 1491.4
1310070 1485.0
1310080 1479.8
1310090 1479.8
1310100 1474.5
1310110 1469.4
1310120 1465.4
1310130 1465.4
1310140 1460.9
1310150 1456.4
1310160 1456.4
1310170 1451.5
1310180 1445.8
1310190 1445.8
1310200 1441.1
1310210 1436.2
1310220 1435.8
1310230 1432.1
1310240 1427.6
1310250 1427.6
1310260 1423.4
1310270 1419.9
1310280 1419.9
1310290 1417.5
1310300 1413.8
1310310 1413.8
1310320 1410.5
1310330 1406.2
1310340 1406.2
1310350 1401.7
1310360 1397.0
1310370 1397.0
1310380 1391.5
1310390 1385.9
1310400 1385.9
1310410 1381.2
1310420 1375.3
1310430 1375.3
1310440 1369.0
1310450 1362.9
1310460 1356.9
1310470 1356.9
1310480 1351.3
1310490 1346.8
1310500 1346.8
1310510 1342.5
1310520 1338.5
1310530 1338.5
1310540 1335.6
1310550 1332.9
1310560 1332.9
1310570 1330.6
1310580 1327.9
1310590 1327.9
1310600 1325.9
1310610 1323.5
1310620 1323.5
1310630 1319.4
1310640 1313.2
1310650 1313.2
1310660 1309.2
1310670 1309.4
1310680 1309.4
1310690 1310.0
1310700 1311.2
1310710 1311.2
1310720 1314.0
1310730 1316.1
1310740 1316.1
1310750 1315.4
1310760 1313.7
1310770 1313.7
1310780 1314.6
1310790 1318.8
1310800 1318.8
1310810 1321.4
1310820 1323.6
1310830 1324.3
1310840 1324.3
1310850 1321.9
1310860 1314.7
1310870 1314.7
1310880 1305.5
1310890 1294.6
1310900 1294.6
1310910 1285.5
1310920 1276.8
1310930 1276.8
1310940 1272.6
1310950 1263.7
1310960 1263.7
1310970 1262.1
1310980 1257.5
1310990 1257.5
1311000 1254.0
1311010 1252.9
1311020 1252.9
1311030 1251.3
1311040 1248.7
1311050 1248.7
1311060 1242.7
1311070 1236.6
1311080 1236.6
1311090 1231.5
1311100 1227.1
1311110 1227.1
1311120 1223.2
1311130 1219.4
1311140 1219.4
1311150 1215.3
1311160 1210.2
1311170 1202.0
1311180 1202.0
1311190 1193.5
1311200 1188.8
1311210 1188.8
1311220 1186.2
1311230 1182.3
1311240 1182.3
1311250 1178.6
1311260 1173.6
1311270 1173.6
1311280 1166.8
1311290 1165.4
1311300 1165.4
1311310 1169.4
1311320 1175.6
1311330 1175.6
1311340 1179.7
1311350 1184.5
1311360 1184.5
1311370 1188.3
1311380 1188.8
1311390 1188.8
1311400 1189.4
1311410 1190.7
1311420 1190.7
1311430 1192.7
1311440 1193.2
1311450 1193.2
1311460 1193.0
1311470 1191.5
1311480 1191.5
1311490 1191.0
1311500 1188.7
1311510 1187.1
1311520 1187.1
1311530 1184.8
1311540 1185.3
1311550 1185.3
1311560 1189.9
1311570 1190.8
1311580 1190.8
1311590 1188.1
1311600 1183.6
1311610 1183.6
1311620 1180.1
1311630 1178.1
1311640 1178.1
1311650 1179.6
1311660 1181.7
1311670 1181.7
1311680 1183.3
1311690 1191.6
1311700 1191.6
1311710 1186.6
1311720 1181.9
1311730 1181.9
1311740 1177.1
1311750 1172.3
1311760 1172.3
1311770 1168.7
1311780 1166.0
1311790 1166.0
1311800 1162.6
1311810 1158.8
1311820 1158.8
1311830 1155.0
1311840 1150.4
1311850 1145.0
1311860 1145.0
1311870 1140.7
1311880 1138.3
1311890 1138.3
1311900 1135.9
1311910 1133.3
1311920 1133.3
1311930 1130.6
1311940 1128.3
1311950 1128.3
1311960 1127.0
1311970 1126.5
1311980 1126.5
1311990 1126.7
1312000 1126.6
1312010 1126.6
1312020 1126.9
1312030 1127.2
1312040 1127.2
1312050 1128.0
1312060 1128.8
1312070 1128.8
1312080 1128.4
1312090 1128.6
1312100 1128.6
1312110 1128.2
1312120 1128.6
1312130 1128.6
1312140 1129.8
1312150 1131.5
1312160 1131.5
1312170 1133.6
1312180 1135.1
1312190 1136.0
1312200 1136.0
1312210 1135.7
1312220 1136.3
1312230 1136.3
1312240 1138.4
1312250 1140.4
1312260 1140.4
1312270 1141.9
1312280 1142.3
1312290 1142.3
1312300 1141.6
1312310 1139.3
1312320 1139.3
1312330 1136.0
1312340 1132.5
1312350 1132.5
1312360 1129.1
1312370 1126.3
1312380 1126.3
1312390 1124.0
1312400 1122.3
1312410 1122.3
1312420 1120.6
1312430 1122.1
1312440 1122.1
1312450 1119.7
1312460 1116.8
1312470 1116.8
1312480 1113.1
1312490 1109.7
1312500 1109.7
1312510 1108.0
1312520 1107.4
1312530 1105.5
1312540 1105.5
1312550 1102.7
1312560 1100.5
1312570 1100.5
1312580 1097.5
1312590 1094.6
1312600 1094.6
1312610 1091.5
1312620 1087.9
1312630 1087.9
1312640 1085.1
1312650 1083.5
1312660 1083.5
1312670 1081.8
1312680 1079.3
1312690 1079.3
1312700 1076.5
1312710 1074.2
1312720 1074.2
1312730 1072.3
1312740 1070.6
1312750 1070.6
1312760 1068.3
1312770 1066.4
1312780 1066.4
1312790 1064.7
1312800 1062.6
1312810 1062.6
1312820 1061.1
1312830 1059.2
1312840 1059.2
1312850 1057.4
1312860 1056.1
1312870 1055.1
1312880 1055.1
1312890 1054.2
1312900 1054.2
1312910 1054.2
1312920 1054.3
1312930 1053.8
1312940 1053.8
1312950 1052.5
1312960 1051.1
1312970 1051.1
1312980 1050.0
1312990 1048.9
1313000 1048.9
1313010 1047.5
1313020 1046.1
1313030 1046.1
1313040 1044.6
1313050 1043.4
1313060 1043.4
1313070 1042.6
1313080 1041.6
1313090 1041.6
1313100 1040.5
1313110 1039.7
1313120 1039.7
1313130 1038.9
1313140 1038.3
1313150 1038.3
1313160 1037.7
1313170 1037.2
1313180 1037.4
1313190 1037.0
1313200 1036.7
1313210 1036.7
1313220 1036.2
1313230 1035.1
1313240 1033.5
1313250 1033.5
1313260 1031.7
1313270 1030.4
1313280 1030.4
1313290 1029.3
1313300 1028.3
1313310 1028.3
1313320 1027.3
1313330 1026.9
1313340 1026.9
1313350 1026.2
1313360 1024.6
1313370 1024.6
1313380 1023.8
1313390 1023.2
1313400 1023.2
1313410 1022.6
1313420 1022.3
1313430 1022.3
1313440 1022.2
1313450 1021.6
1313460 1021.6
1313470 1021.0
1313480 1019.7
1313490 1019.7
1313500 1018.9
1313510 1018.0
1313520 1018.0
1313530 1017.3
1313540 1017.1
1313550 1017.1
1313560 1016.7
1313570 1015.7
1313580 1015.5
1313590 1015.5
1313600 1015.5
1313610 1015.5
1313620 1015.5
1313630 1015.5
1313640 1015.6
1313650 1015.6
1313660 1015.6
1313670 1015.5
1313680 1015.5
1313690 1015.7
1313700 1016.5
1313710 1016.5
1313720 1017.6
1313730 1018.6
1313740 1018.6
1313750 1019.2
1313760 1019.5
1313770 1019.5
1313780 1019.6
1313790 1019.3
1313800 1019.3
1313810 1018.8
1313820 1018.5
1313830 1018.5
1313840 1018.6
1313850 1018.8
1313860 1018.8
1313870 1018.9
1313880 1019.1
1313890 1019.1
1313900 1019.1
1313910 1018.9
1313920 1018.8
1313930 1019.0
1313940 1018.8
1313950 1018.4
1313960 1018.4
1313970 1017.9
1313980 1017.1
1313990 1017.1
1314000 1016.2
1314010 1014.9
1314020 1014.9
1314030 1013.6
1314040 1012.0
1314050 1012.0
1314060 1010.1
1314070 1008.3
1314080 1008.3
1314090 1007.1
1314100 1006.1
1314110 1006.1
1314120 1005.3
1314130 1004.5
1314140 1004.5
1314150 1004.0
1314160 1003.6
1314170 1003.6
1314180 1003.1
1314190 1001.9
1314200 1001.9
1314210 998.5
1314220 995.3
1314230 995.3
1314240 992.2
1314250 989.1
1314260 985.4
1314270 985.4
1314280 982.5
1314290 979.0
1314300 979.0
1314310 974.5
1314320 970.0
1314330 970.0
1314340 967.6
1314350 966.6
1314360 966.6
1314370 966.5
1314380 967.1
1314390 967.1
1314400 968.2
1314410 967.5
1314420 967.5
1314430 966.1
1314440 964.7
1314450 964.7
1314460 962.8
1314470 960.4
1314480 960.4
1314490 957.1
1314500 953.0
1314510 953.0
1314520 948.5
1314530 942.9
1314540 942.9
1314550 935.6
1314560 928.1
1314570 928.1
1314580 921.2
1314590 915.9
1314600 912.0
1314610 912.0
1314620 905.4
1314630 899.0
1314640 899.0
1314650 892.0
1314660 884.6
1314670 884.6
1314680 882.5
1314690 881.3
1314700 881.3
1314710 881.4
1314720 881.1
1314730 881.1
1314740 881.0
1314750 878.7
1314760 878.7
1314770 878.4
1314780 879.9
1314790 879.9
1314800 881.9
1314810 886.1
1314820 886.1
1314830 888.6
1314840 891.2
1314850 891.2
1314860 892.2
1314870 894.0
1314880 894.0
1314890 898.4
1314900 904.0
1314910 904.0
1314920 909.5
1314930 915.6
1314940 922.0
1314950 922.0
1314960 930.2
1314970 937.9
1314980 937.9
1314990 945.1
1315000 948.8
1315010 948.8
1315020 950.7
1315030 955.0
1315040 955.0
1315050 958.6
1315060 962.6
1315070 962.6
1315080 968.2
1315090 974.3
1315100 974.3
1315110 980.6
1315120 987.1
1315130 987.1
1315140 994.3
1315150 1001.3
1315160 1001.3
1315170 1008.9
1315180 1016.8
1315190 1016.8
1315200 1023.9
1315210 1029.2
1315220 1029.2
1315230 1032.0
1315240 1033.1
1315250 1033.1
1315260 1034.3
1315270 1036.5
1315280 1037.4
1315290 1037.4
1315300 1036.7
1315310 1036.5
1315320 1036.5
1315330 1036.8
1315340 1037.7
1315350 1037.7
1315360 1037.2
1315370 1035.8
1315380 1035.8
1315390 1035.3
1315400 1035.7
1315410 1035.7
1315420 1036.1
1315430 1036.8
1315440 1036.8
1315450 1037.7
1315460 1038.7
1315470 1038.7
1315480 1039.6
1315490 1040.5
1315500 1040.5
1315510 1041.4
1315520 1042.0
1315530 1042.0
1315540 1042.7
1315550 1044.8
1315560 1044.8
1315570 1047.0
1315580 1049.4
1315590 1049.4
1315600 1051.8
1315610 1054.1
1315620 1056.4
1315630 1056.4
1315640 1058.6
1315650 1061.1
1315660 1061.1
1315670 1063.6
1315680 1066.1
1315690 1066.1
1315700 1068.2
1315710 1070.5
1315720 1070.5
1315730 1072.9
1315740 1075.3
1315750 1075.3
1315760 1078.1
1315770 1081.7
1315780 1081.7
1315790 1085.7
1315800 1089.7
1315810 1089.7
1315820 1093.8
1315830 1098.0
1315840 1098.0
1315850 1102.3
1315860 1106.7
1315870 1106.7
1315880 1111.3
1315890 1116.1
1315900 1116.1
1315910 1121.1
1315920 1126.2
1315930 1126.2
1315940 1131.4
1315950 1136.4
1315960 1136.4
1315970 1141.4
1315980 1146.5
1315990 1151.5
1316000 1151.5
1316010 1156.7
1316020 1161.6
1316030 1161.6
1316040 1166.2
1316050 1170.7
1316060 1170.7
1316070 1175.6
1316080 1180.0
1316090 1180.0
1316100 1183.9
1316110 1187.4
1316120 1187.4
1316130 1189.6
1316140 1190.9
1316150 1190.9
1316160 1191.4
1316170 1190.0
1316180 1190.0
1316190 1185.6
1316200 1185.0
1316210 1185.0
1316220 1183.8
1316230 1183.6
1316240 1183.6
1316250 1184.4
1316260 1185.0
1316270 1185.0
1316280 1185.2
1316290 1185.2
1316300 1185.2
1316310 1184.3
1316320 1181.4
1316330 1178.3
1316340 1178.3
1316350 1177.1
1316360 1175.4
1316370 1175.4
1316380 1173.2
1316390 1170.6
1316400 1170.6
1316410 1168.5
1316420 1166.6
1316430 1166.6
1316440 1164.8
1316450 1164.0
1316460 1164.0
1316470 1163.2
1316480 1162.1
1316490 1162.1
1316500 1160.3
1316510 1157.6
1316520 1157.6
1316530 1155.7
1316540 1154.2
1316550 1154.2
1316560 1152.5
1316570 1151.1
1316580 1151.1
1316590 1150.2
1316600 1149.2
1316610 1149.2
1316620 1147.5
1316630 1145.0
1316640 1145.0
1316650 1142.1
1316660 1139.7
1316670 1137.8
1316680 1137.8
1316690 1136.3
1316700 1135.4
1316710 1135.4
1316720 1133.8
1316730 1133.8
1316740 1133.8
1316750 1135.0
1316760 1135.2
1316770 1135.2
1316780 1134.4
1316790 1132.7
1316800 1132.7
1316810 1130.5
1316820 1127.9
1316830 1127.9
1316840 1124.9
1316850 1121.9
1316860 1121.9
1316870 1118.6
1316880 1115.2
1316890 1115.2
1316900 1110.3
1316910 1105.1
1316920 1105.1
1316930 1099.7
1316940 1094.5
1316950 1094.6
1316960 1092.4
1316970 1091.7
1316980 1091.7
1316990 1090.8
1317000 1085.7
1317010 1079.0
1317020 1079.0
1317030 1070.5
1317040 1059.4
1317050 1059.4
1317060 1047.2
1317070 1032.3
1317080 1032.3
1317090 1011.8
1317100 1010.4
1317110 1010.4
1317120 1019.0
1317130 1030.0
1317140 1030.0
1317150 1040.0
1317160 1036.2
1317170 1036.2
1317180 1029.7
1317190 1021.0
1317200 1021.0
1317210 1013.4
1317220 1007.2
1317230 1007.2
1317240 999.4
1317250 988.7
1317260 988.7
1317270 982.2
1317280 988.0
1317290 988.0
1317300 998.1
1317310 1009.3
1317320 1009.3
1317330 1023.2
1317340 1033.5
1317350 1039.9
1317360 1039.9
1317370 1048.9
1317380 1057.8
1317390 1057.8
1317400 1067.7
1317410 1076.2
1317420 1076.2
1317430 1082.3
1317440 1089.1
1317450 1089.1
1317460 1095.3
1317470 1100.8
1317480 1100.8
1317490 1105.3
1317500 1109.6
1317510 1109.6
1317520 1114.0
1317530 1118.4
1317540 1118.4
1317550 1122.8
1317560 1126.8
1317570 1126.8
1317580 1130.4
1317590 1133.7
1317600 1133.7
1317610 1137.0
1317620 1140.0
1317630 1140.0
1317640 1142.7
1317650 1144.9
1317660 1144.9
1317670 1147.4
1317680 1149.6
1317690 1151.9
1317700 1151.9
1317710 1154.1
1317720 1154.8
1317730 1154.8
1317740 1155.3
1317750 1155.6
1317760 1155.6
1317770 1156.4
1317780 1157.7
1317790 1157.7
1317800 1158.8
1317810 1159.7
1317820 1159.7
1317830 1160.8
1317840 1162.1
1317850 1162.1
1317860 1163.3
1317870 1164.1
1317880 1164.1
1317890 1164.1
1317900 1164.2
1317910 1164.2
1317920 1164.7
1317930 1165.1
1317940 1165.1
1317950 1165.0
1317960 1165.0
1317970 1165.0
1317980 1164.5
1317990 1164.6
1318000 1164.6
1318010 1164.4
1318020 1163.6
1318030 1162.6
1318040 1162.6
1318050 1161.4
1318060 1159.1
1318070 1159.1
1318080 1155.8
1318090 1151.8
1318100 1151.8
1318110 1147.8
1318120 1143.2
1318130 1143.2
1318140 1139.5
1318150 1137.2
1318160 1137.2
1318170 1135.9
1318180 1135.4
1318190 1135.4
1318200 1134.8
1318210 1133.7
1318220 1133.7
1318230 1132.0
1318240 1129.9
1318250 1129.9
1318260 1127.5
1318270 1124.9
1318280 1124.9
1318290 1122.3
1318300 1120.2
1318310 1120.2
1318320 1118.1
1318330 1115.1
1318340 1115.1
1318350 1111.1
1318360 1106.4
1318370 1101.8
1318380 1101.8
1318390 1100.7
1318400 1101.0
1318410 1101.0
1318420 1100.9
1318430 1099.4
1318440 1099.4
1318450 1094.6
1318460 1088.4
1318470 1088.4
1318480 1084.7
1318490 1087.3
1318500 1087.3
1318510 1096.7
1318520 1106.5
1318530 1106.5
1318540 1110.9
1318550 1115.5
1318560 1115.5
1318570 1121.7
1318580 1125.6
1318590 1125.6
1318600 1130.1
1318610 1136.0
1318620 1136.0
1318630 1141.3
1318640 1146.3
1318650 1146.3
1318660 1151.8
1318670 1157.1
1318680 1157.1
1318690 1162.4
1318700 1166.7
1318710 1166.7
1318720 1170.7
1318730 1172.7
1318740 1169.3
1318750 1169.3
1318760 1164.1
1318770 1163.6
1318780 1163.6
1318790 1167.1
1318800 1171.9
1318810 1171.9
1318820 1176.4
1318830 1178.2
1318840 1178.2
1318850 1180.8
1318860 1181.0
1318870 1181.0
1318880 1182.0
1318890 1185.1
1318900 1185.1
1318910 1185.5
1318920 1183.2
1318930 1183.2
1318940 1181.4
1318950 1177.9
1318960 1177.9
1318970 1174.1
1318980 1172.3
1318990 1172.3
1319000 1173.4
1319010 1175.1
1319020 1175.1
1319030 1179.5
1319040 1184.8
1319050 1184.8
1319060 1189.5
1319070 1194.4
1319080 1198.6
1319090 1198.6
1319100 1202.3
1319110 1206.4
1319120 1206.4
1319130 1210.8
1319140 1214.6
1319150 1214.6
1319160 1218.3
1319170 1222.4
1319180 1222.4
1319190 1226.6
1319200 1230.4
1319210 1230.4
1319220 1233.5
1319230 1236.8
1319240 1236.8
1319250 1242.2
1319260 1245.5
1319270 1245.5
1319280 1249.1
1319290 1253.1
1319300 1253.1
1319310 1257.1
1319320 1261.2
1319330 1261.2
1319340 1264.8
1319350 1268.2
1319360 1268.2
1319370 1271.5
1319380 1275.2
1319390 1275.2
1319400 1278.9
1319410 1282.3
1319420 1284.7
1319430 1284.7
1319440 1286.5
1319450 1288.5
1319460 1288.5
1319470 1290.5
1319480 1291.4
1319490 1291.4
1319500 1291.8
1319510 1291.0
1319520 1291.0
1319530 1288.9
1319540 1287.3
1319550 1287.3
1319560 1287.0
1319570 1286.7
1319580 1286.7
1319590 1285.9
1319600 1285.6
1319610 1285.6
1319620 1285.6
1319630 1286.0
1319640 1286.0
1319650 1288.2
1319660 1291.9
1319670 1291.9
1319680 1295.6
1319690 1299.4
1319700 1299.4
1319710 1302.9
1319720 1306.1
1319730 1306.1
1319740 1308.5
1319750 1310.4
1319760 1312.4
1319770 1312.4
1319780 1313.9
1319790 1314.2
1319800 1314.2
1319810 1313.5
1319820 1312.9
1319830 1312.9
1319840 1311.8
1319850 1310.4
1319860 1310.4
1319870 1308.7
1319880 1307.3
1319890 1307.3
1319900 1305.9
1319910 1304.7
1319920 1304.7
1319930 1303.6
1319940 1302.6
1319950 1302.6
1319960 1301.6
1319970 1300.6
1319980 1300.6
1319990 1299.3
