1300000 1075.1
1300010 1075.6
1300020 1073.4
1300030 1073.4
1300040 1078.4
1300050 1081.6
1300060 1081.6
1300070 1085.7
1300080 1090.5
1300090 1090.5
1300100 1093.0
1300110 1090.5
1300120 1090.5
1300130 1085.3
1300140 1079.2
1300150 1079.2
1300160 1077.4
1300170 1075.9
1300180 1075.9
1300190 1077.7
1300200 1078.7
1300210 1078.7
1300220 1077.3
1300230 1076.4
1300240 1076.4
1300250 1075.1
1300260 1074.2
1300270 1074.2
1300280 1073.0
1300290 1074.2
1300300 1073.4
1300310 1073.4
1300320 1070.2
1300330 1068.7
1300340 1068.7
1300350 1064.5
1300360 1060.7
1300370 1060.7
1300380 1066.4
1300390 1066.9
1300400 1066.9
1300410 1066.3
1300420 1066.6
1300430 1066.6
1300440 1073.1
1300450 1073.9
1300460 1073.9
1300470 1074.4
1300480 1076.0
1300490 1076.0
1300500 1077.0
1300510 1073.3
1300520 1073.3
1300530 1067.1
1300540 1065.5
1300550 1065.5
1300560 1071.3
1300570 1077.7
1300580 1077.7
1300590 1084.0
1300600 1089.0
1300610 1089.0
1300620 1091.4
1300630 1090.6
1300640 1088.6
1300650 1088.6
1300660 1087.3
1300670 1092.6
1300680 1092.6
1300690 1098.1
1300700 1102.1
1300710 1102.1
1300720 1105.5
1300730 1107.5
1300740 1107.5
1300750 1108.3
1300760 1106.4
1300770 1106.4
1300780 1102.2
1300790 1099.3
1300800 1099.3
1300810 1097.2
1300820 1095.7
1300830 1095.7
1300840 1091.4
1300850 1087.6
1300860 1087.6
1300870 1087.8
1300880 1088.8
1300890 1088.8
1300900 1089.8
1300910 1087.7
1300920 1087.7
1300930 1084.1
1300940 1082.0
1300950 1082.0
1300960 1077.6
1300970 1073.7
1300980 1075.8
1300990 1075.8
1301000 1076.3
1301010 1076.9
1301020 1076.9
1301030 1077.5
1301040 1078.1
1301050 1078.1
1301060 1077.8
1301070 1076.4
1301080 1076.4
1301090 1074.0
1301100 1070.9
1301110 1070.9
1301120 1068.9
1301130 1071.9
1301140 1071.9
1301150 1069.9
1301160 1068.1
1301170 1068.1
1301180 1066.1
1301190 1063.5
1301200 1063.5
1301210 1059.3
1301220 1054.1
1301230 1054.1
1301240 1049.2
1301250 1043.8
1301260 1043.8
1301270 1041.3
1301280 1037.6
1301290 1037.6
1301300 1032.5
1301310 1023.7
1301320 1023.7
1301330 1015.3
1301340 1013.4
1301350 1016.8
1301360 1016.8
1301370 1017.6
1301380 1021.1
1301390 1021.1
1301400 1022.9
1301410 1022.3
1301420 1022.3
1301430 1019.5
1301440 1007.6
1301450 1007.6
1301460 1002.4
1301470 992.9
1301480 992.9
1301490 984.0
1301500 977.0
1301510 977.0
1301520 977.0
1301530 979.3
1301540 979.3
1301550 978.6
1301560 977.8
1301570 977.8
1301580 977.6
1301590 974.5
1301600 974.5
1301610 969.6
1301620 964.5
1301630 964.5
1301640 960.9
1301650 958.6
1301660 958.6
1301670 958.3
1301680 957.3
1301690 955.8
1301700 955.8
1301710 954.9
1301720 955.5
1301730 955.5
1301740 958.8
1301750 960.7
1301760 960.7
1301770 965.9
1301780 971.2
1301790 971.2
1301800 971.5
1301810 977.7
1301820 977.7
1301830 984.9
1301840 980.4
1301850 980.4
1301860 983.2
1301870 984.0
1301880 984.0
1301890 980.4
1301900 975.4
1301910 975.4
1301920 971.2
1301930 969.5
1301940 969.5
1301950 965.5
1301960 960.6
1301970 960.6
1301980 956.0
1301990 950.8
1302000 950.8
1302010 946.3
1302020 945.3
1302030 945.0
1302040 945.0
1302050 944.7
1302060 944.5
1302070 944.5
1302080 944.5
1302090 944.6
1302100 944.6
1302110 944.5
1302120 943.6
1302130 943.6
1302140 942.8
1302150 943.1
1302160 943.1
1302170 943.7
1302180 943.8
1302190 943.8
1302200 944.2
1302210 945.3
1302220 945.3
1302230 946.0
1302240 944.6
1302250 944.6
1302260 943.0
1302270 942.0
1302280 942.0
1302290 941.6
1302300 941.5
1302310 941.5
1302320 941.3
1302330 940.9
1302340 940.9
1302350 940.7
1302360 940.6
1302370 940.3
1302380 940.3
1302390 940.0
1302400 939.6
1302410 939.6
1302420 939.4
1302430 939.3
1302440 939.3
1302450 939.0
1302460 938.2
1302470 938.2
1302480 937.7
1302490 937.3
1302500 937.3
1302510 937.0
1302520 936.8
1302530 936.7
1302540 936.5
1302550 936.1
1302560 936.1
1302570 935.9
1302580 935.7
1302590 935.7
1302600 935.5
1302610 935.3
1302620 935.3
1302630 934.9
1302640 934.6
1302650 934.6
1302660 934.3
1302670 934.0
1302680 934.0
1302690 933.6
1302700 933.3
1302710 933.0
1302720 933.0
1302730 932.7
1302740 932.4
1302750 932.4
1302760 932.0
1302770 931.7
1302780 931.7
1302790 931.4
1302800 931.2
1302810 931.2
1302820 930.9
1302830 930.5
1302840 930.5
1302850 930.3
1302860 930.1
1302870 930.1
1302880 929.9
1302890 929.8
1302900 929.8
1302910 929.7
1302920 929.6
1302930 929.6
1302940 929.3
1302950 929.1
1302960 929.1
1302970 928.8
1302980 928.5
1302990 928.5
1303000 928.2
1303010 927.8
1303020 927.8
1303030 927.4
1303040 927.2
1303050 927.2
1303060 926.9
1303070 926.7
1303080 926.5
1303090 926.5
1303100 926.2
1303110 925.9
1303120 925.9
1303130 924.2
1303140 923.5
1303150 923.5
1303160 923.4
1303170 923.1
1303180 923.1
1303190 922.7
1303200 921.2
1303210 921.2
1303220 920.1
1303230 921.0
1303240 921.7
1303250 922.0
1303260 922.0
1303270 922.0
1303280 922.0
1303290 921.9
1303300 921.9
1303310 922.0
1303320 922.0
1303330 922.0
1303340 922.1
1303350 922.4
1303360 922.4
1303370 922.8
1303380 923.6
1303390 923.6
1303400 924.2
1303410 923.6
1303420 923.7
1303430 923.7
1303440 923.8
1303450 923.9
1303460 923.9
1303470 924.0
1303480 924.1
1303490 924.1
1303500 927.0
1303510 934.6
1303520 934.6
1303530 942.0
1303540 948.9
1303550 948.9
1303560 955.9
1303570 962.8
1303580 962.8
1303590 969.8
1303600 977.1
1303610 977.1
1303620 984.8
1303630 992.5
1303640 992.5
1303650 999.0
1303660 1004.5
1303670 1004.5
1303680 1010.8
1303690 1016.9
1303700 1016.9
1303710 1022.1
1303720 1024.8
1303730 1024.8
1303740 1025.0
1303750 1023.4
1303760 1023.3
1303770 1023.3
1303780 1026.6
1303790 1030.8
1303800 1030.8
1303810 1034.5
1303820 1038.7
1303830 1038.7
1303840 1042.6
1303850 1041.9
1303860 1041.9
1303870 1039.2
1303880 1036.8
1303890 1036.8
1303900 1035.3
1303910 1036.0
1303920 1036.0
1303930 1037.6
1303940 1041.6
1303950 1041.6
1303960 1044.2
1303970 1047.1
1303980 1047.1
1303990 1049.9
1304000 1053.0
1304010 1053.0
1304020 1057.4
1304030 1063.3
1304040 1063.3
1304050 1069.8
1304060 1076.4
1304070 1076.4
1304080 1082.8
1304090 1088.5
1304100 1094.5
1304110 1094.5
1304120 1101.4
1304130 1108.9
1304140 1108.9
1304150 1116.3
1304160 1123.0
1304170 1123.0
1304180 1129.6
1304190 1136.7
1304200 1136.7
1304210 1144.1
1304220 1150.9
1304230 1150.9
1304240 1156.4
1304250 1161.7
1304260 1161.7
1304270 1167.9
1304280 1174.2
1304290 1174.2
1304300 1180.8
1304310 1187.6
1304320 1187.6
1304330 1195.1
1304340 1202.4
1304350 1202.4
1304360 1210.8
1304370 1219.8
1304380 1219.8
1304390 1227.1
1304400 1233.4
1304410 1233.4
1304420 1240.9
1304430 1247.8
1304440 1247.8
1304450 1248.4
1304460 1242.4
1304470 1238.1
1304480 1238.1
1304490 1235.7
1304500 1234.9
1304510 1234.9
1304520 1235.7
1304530 1239.4
1304540 1239.4
1304550 1244.5
1304560 1248.5
1304570 1248.5
1304580 1254.2
1304590 1270.3
1304600 1270.3
1304610 1283.0
1304620 1288.6
1304630 1288.6
1304640 1290.6
1304650 1285.4
1304660 1285.4
1304670 1288.6
1304680 1289.6
1304690 1289.6
1304700 1289.5
1304710 1286.1
1304720 1286.1
1304730 1281.0
1304740 1277.0
1304750 1277.0
1304760 1272.2
1304770 1266.7
1304780 1266.7
1304790 1254.9
1304800 1251.3
1304810 1263.3
1304820 1263.3
1304830 1283.8
1304840 1297.5
1304850 1297.5
1304860 1305.8
1304870 1307.8
1304880 1307.8
1304890 1307.7
1304900 1312.8
1304910 1312.8
1304920 1316.2
1304930 1319.6
1304940 1319.6
1304950 1327.3
1304960 1335.9
1304970 1335.9
1304980 1344.1
1304990 1350.3
1305000 1350.3
1305010 1355.4
1305020 1362.5
1305030 1362.5
1305040 1370.0
1305050 1377.5
1305060 1377.5
1305070 1387.1
1305080 1398.2
1305090 1398.2
1305100 1407.4
1305110 1416.8
1305120 1416.8
1305130 1429.8
1305140 1445.1
1305150 1455.3
1305160 1455.3
1305170 1463.1
1305180 1471.9
1305190 1471.9
1305200 1477.9
1305210 1480.4
1305220 1480.4
1305230 1486.4
1305240 1496.5
1305250 1496.5
1305260 1505.3
1305270 1512.8
1305280 1512.8
1305290 1523.8
1305300 1540.4
1305310 1540.4
1305320 1559.3
1305330 1568.0
1305340 1568.0
1305350 1569.3
1305360 1582.4
1305370 1582.4
1305380 1584.3
1305390 1587.2
1305400 1587.2
1305410 1591.8
1305420 1595.8
1305430 1595.8
1305440 1600.4
1305450 1607.0
1305460 1607.0
1305470 1608.2
1305480 1608.7
1305490 1612.3
1305500 1612.3
1305510 1618.9
1305520 1625.0
1305530 1625.0
1305540 1627.1
1305550 1633.4
1305560 1633.4
1305570 1640.0
1305580 1648.6
1305590 1648.6
1305600 1656.1
1305610 1663.1
1305620 1663.1
1305630 1663.6
1305640 1660.8
1305650 1660.8
1305660 1665.1
1305670 1672.9
1305680 1672.9
1305690 1682.0
1305700 1687.9
1305710 1687.9
1305720 1694.3
1305730 1702.4
1305740 1702.4
1305750 1709.9
1305760 1717.3
1305770 1717.3
1305780 1724.8
1305790 1732.3
1305800 1732.3
1305810 1739.0
1305820 1744.7
1305830 1744.7
1305840 1748.0
1305850 1749.4
1305860 1751.9
1305870 1751.9
1305880 1756.5
1305890 1761.1
1305900 1761.1
1305910 1763.8
1305920 1766.5
1305930 1766.5
1305940 1769.7
1305950 1777.3
1305960 1777.3
1305970 1786.2
1305980 1794.7
1305990 1794.7
1306000 1801.1
1306010 1806.0
1306020 1806.0
1306030 1812.3
1306040 1819.6
1306050 1819.6
1306060 1826.6
1306070 1833.6
1306080 1838.6
1306090 1845.8
1306100 1853.5
1306110 1853.5
1306120 1862.4
1306130 1871.2
1306140 1871.2
1306150 1877.2
1306160 1882.0
1306170 1882.0
1306180 1887.2
1306190 1891.5
1306200 1895.2
1306210 1895.2
1306220 1900.2
1306230 1905.2
1306240 1905.2
1306250 1909.2
1306260 1913.8
1306270 1913.8
1306280 1919.2
1306290 1923.5
1306300 1923.5
1306310 1928.2
1306320 1934.6
1306330 1934.6
1306340 1940.7
1306350 1946.1
1306360 1946.1
1306370 1951.6
1306380 1956.9
1306390 1956.9
1306400 1962.4
1306410 1967.9
1306420 1967.9
1306430 1973.5
1306440 1979.0
1306450 1979.0
1306460 1984.3
1306470 1989.5
1306480 1989.5
1306490 1994.6
1306500 1999.6
1306510 1999.6
1306520 2004.6
1306530 2009.9
1306540 2015.1
1306550 2015.1
1306560 2019.8
1306570 2024.3
1306580 2024.3
1306590 2028.9
1306600 2033.3
1306610 2033.3
1306620 2037.1
1306630 2040.5
1306640 2040.5
1306650 2043.8
1306660 2046.6
1306670 2046.6
1306680 2047.9
1306690 2049.4
1306700 2049.4
1306710 2050.8
1306720 2050.5
1306730 2050.5
1306740 2044.9
1306750 2038.1
1306760 2038.1
1306770 2032.4
1306780 2027.3
1306790 2027.3
1306800 2021.2
1306810 2014.3
1306820 2014.3
1306830 2007.8
1306840 2001.9
1306850 2001.9
1306860 1996.6
1306870 1991.2
1306880 1986.1
1306890 1986.1
1306900 1981.1
1306910 1976.3
1306920 1976.3
1306930 1971.6
1306940 1967.2
1306950 1967.2
1306960 1963.3
1306970 1958.1
1306980 1958.1
1306990 1951.1
1307000 1944.3
1307010 1944.3
1307020 1937.8
1307030 1931.4
1307040 1931.4
1307050 1924.9
1307060 1920.0
1307070 1920.0
1307080 1916.2
1307090 1912.2
1307100 1912.2
1307110 1909.0
1307120 1905.5
1307130 1905.5
1307140 1902.1
1307150 1899.6
1307160 1899.6
1307170 1897.3
1307180 1895.9
1307190 1895.9
1307200 1895.0
1307210 1893.6
1307220 1893.6
1307230 1896.0
1307240 1903.3
1307250 1906.9
1307260 1906.9
1307270 1906.0
1307280 1906.5
1307290 1906.5
1307300 1907.5
1307310 1905.8
1307320 1905.8
1307330 1904.8
1307340 1905.8
1307350 1905.8
1307360 1905.5
1307370 1903.9
1307380 1903.9
1307390 1903.8
1307400 1904.8
1307410 1904.8
1307420 1905.3
1307430 1906.7
1307440 1906.7
1307450 1907.7
1307460 1907.1
1307470 1907.1
1307480 1907.0
1307490 1908.7
1307500 1908.7
1307510 1912.1
1307520 1923.1
1307530 1923.1
1307540 1924.7
1307550 1926.6
1307560 1926.6
1307570 1928.2
1307580 1927.8
1307590 1927.2
1307600 1927.2
1307610 1923.4
1307620 1918.0
1307630 1918.0
1307640 1912.6
1307650 1907.0
1307660 1907.0
1307670 1902.2
1307680 1898.1
1307690 1898.1
1307700 1894.2
1307710 1890.6
1307720 1890.6
1307730 1888.1
1307740 1885.2
1307750 1885.2
1307760 1882.5
1307770 1877.5
1307780 1877.5
1307790 1871.8
1307800 1867.4
1307810 1867.4
1307820 1868.5
1307830 1871.7
1307840 1871.7
1307850 1873.8
1307860 1874.8
1307870 1874.8
1307880 1874.3
1307890 1873.3
1307900 1873.3
1307910 1873.0
1307920 1872.6
1307930 1871.9
1307940 1871.9
1307950 1866.5
1307960 1858.3
1307970 1858.3
1307980 1850.9
1307990 1845.3
1308000 1845.3
1308010 1840.9
1308020 1834.0
1308030 1834.0
1308040 1827.7
1308050 1823.3
1308060 1823.3
1308070 1817.5
1308080 1811.5
1308090 1811.5
1308100 1806.1
1308110 1801.3
1308120 1801.3
1308130 1796.3
1308140 1792.3
1308150 1792.3
1308160 1789.7
1308170 1787.8
1308180 1787.8
1308190 1782.6
1308200 1776.0
1308210 1776.0
1308220 1769.8
1308230 1762.8
1308240 1763.8
1308250 1759.3
1308260 1759.3
1308270 1757.9
1308280 1757.9
1308290 1754.5
1308300 1750.1
1308310 1750.1
1308320 1745.6
1308330 1740.6
1308340 1740.6
1308350 1737.8
1308360 1731.4
1308370 1731.4
1308380 1724.9
1308390 1721.3
1308400 1721.3
1308410 1717.5
1308420 1717.9
1308430 1717.9
1308440 1719.4
1308450 1718.2
1308460 1718.2
1308470 1714.3
1308480 1710.6
1308490 1710.6
1308500 1705.6
1308510 1697.3
1308520 1697.3
1308530 1692.4
1308540 1684.4
1308550 1684.4
1308560 1675.5
1308570 1668.9
1308580 1668.9
1308590 1661.8
1308600 1654.0
1308610 1645.8
1308620 1645.8
1308630 1639.3
1308640 1633.9
1308650 1633.9
1308660 1628.9
1308670 1624.8
1308680 1624.8
1308690 1620.9
1308700 1614.6
1308710 1614.6
1308720 1606.3
1308730 1599.4
1308740 1599.4
1308750 1595.0
1308760 1591.4
1308770 1591.4
1308780 1587.6
1308790 1585.2
1308800 1585.2
1308810 1585.0
1308820 1584.4
1308830 1584.4
1308840 1583.2
1308850 1580.6
1308860 1580.6
1308870 1579.7
1308880 1584.4
1308890 1584.4
1308900 1590.5
1308910 1595.2
1308920 1595.2
1308930 1597.4
1308940 1600.5
1308950 1600.5
1308960 1602.8
1308970 1602.8
1308980 1604.3
1308990 1604.3
1309000 1607.1
1309010 1609.1
1309020 1609.1
1309030 1613.8
1309040 1617.9
1309050 1617.9
1309060 1619.0
1309070 1616.4
1309080 1616.4
1309090 1614.3
1309100 1608.6
1309110 1608.6
1309120 1606.3
1309130 1606.6
1309140 1606.6
1309150 1608.1
1309160 1608.3
1309170 1608.3
1309180 1609.3
1309190 1610.0
1309200 1610.0
1309210 1611.2
1309220 1615.5
1309230 1615.5
1309240 1618.8
1309250 1620.6
1309260 1620.6
1309270 1620.4
1309280 1621.2
1309290 1621.2
1309300 1623.0
1309310 1624.5
1309320 1624.7
1309330 1624.7
1309340 1623.9
1309350 1622.3
1309360 1622.3
1309370 1618.4
1309380 1615.1
1309390 1615.1
1309400 1613.3
1309410 1610.6
1309420 1610.6
1309430 1606.1
1309440 1603.9
1309450 1603.9
1309460 1603.0
1309470 1601.1
1309480 1601.1
1309490 1598.5
1309500 1596.5
1309510 1596.5
1309520 1596.1
1309530 1595.5
1309540 1595.5
1309550 1594.5
1309560 1592.2
1309570 1592.2
1309580 1588.2
1309590 1582.6
1309600 1582.6
1309610 1576.6
1309620 1570.1
1309630 1570.1
1309640 1563.6
1309650 1557.2
1309660 1551.8
1309670 1551.8
1309680 1548.6
1309690 1545.3
1309700 1548.8
1309710 1544.8
1309720 1539.0
1309730 1539.0
1309740 1533.8
1309750 1528.6
1309760 1528.6
1309770 1523.6
1309780 1520.4
1309790 1520.4
1309800 1516.7
1309810 1513.1
1309820 1513.1
1309830 1509.5
1309840 1506.0
1309850 1506.0
1309860 1503.3
1309870 1499.5
1309880 1499.5
1309890 1495.0
1309900 1490.4
1309910 1490.4
1309920 1487.4
1309930 1484.3
1309940 1484.3
1309950 1480.2
1309960 1474.8
1309970 1474.8
1309980 1469.2
1309990 1465.2
1310000 1462.7
1310010 1462.7
1310020 1460.2
1310030 1456.4
1310040 1456.4
1310050 1452.6
1310060 1451.5
1310070 1451.5
1310080 1450.7
1310090 1448.5
1310100 1448.5
1310110 1447.8
1310120 1447.8
1310130 1447.8
1310140 1449.4
1310150 1453.2
1310160 1453.2
1310170 1456.5
1310180 1461.0
1310190 1461.0
1310200 1465.5
1310210 1469.2
1310220 1469.2
1310230 1473.8
1310240 1477.7
1310250 1477.7
1310260 1480.7
1310270 1483.2
1310280 1483.2
1310290 1485.2
1310300 1487.1
1310310 1487.1
1310320 1486.9
1310330 1484.7
1310340 1484.7
1310350 1479.9
1310360 1473.5
1310370 1470.8
1310380 1470.8
1310390 1469.9
1310400 1465.6
1310410 1465.6
1310420 1459.6
1310430 1452.7
1310440 1452.7
1310450 1449.9
1310460 1446.9
1310470 1446.9
1310480 1443.4
1310490 1438.4
1310500 1438.4
1310510 1433.5
1310520 1431.2
1310530 1431.2
1310540 1429.1
1310550 1426.4
1310560 1426.4
1310570 1424.4
1310580 1423.9
1310590 1423.9
1310600 1421.1
1310610 1418.3
1310620 1418.3
1310630 1416.8
1310640 1415.3
1310650 1415.3
1310660 1412.2
1310670 1409.3
1310680 1409.3
1310690 1406.4
1310700 1403.9
1310710 1402.2
1310720 1402.2
1310730 1399.9
1310740 1397.0
1310750 1397.0
1310760 1393.2
1310770 1388.7
1310780 1388.7
1310790 1385.6
1310800 1384.0
1310810 1384.0
1310820 1381.9
1310830 1378.9
1310840 1378.9
1310850 1375.7
1310860 1371.3
1310870 1371.3
1310880 1366.8
1310890 1362.8
1310900 1362.8
1310910 1358.7
1310920 1355.7
1310930 1355.7
1310940 1352.2
1310950 1347.3
1310960 1347.3
1310970 1341.7
1310980 1334.3
1310990 1334.3
1311000 1327.0
1311010 1320.7
1311020 1320.7
1311030 1315.0
1311040 1307.5
1311050 1299.5
1311060 1299.5
1311070 1293.1
1311080 1286.4
1311090 1286.4
1311100 1279.2
1311110 1271.8
1311120 1271.8
1311130 1264.1
1311140 1255.1
1311150 1255.1
1311160 1246.3
1311170 1237.7
1311180 1237.7
1311190 1229.4
1311200 1221.8
1311210 1221.8
1311220 1214.7
1311230 1208.2
1311240 1208.2
1311250 1201.9
1311260 1195.8
1311270 1195.8
1311280 1189.3
1311290 1182.9
1311300 1182.9
1311310 1177.4
1311320 1172.3
1311330 1172.3
1311340 1167.5
1311350 1162.4
1311360 1162.4
1311370 1157.2
1311380 1152.3
1311390 1147.2
1311400 1147.2
1311410 1142.6
1311420 1138.8
1311430 1138.8
1311440 1134.7
1311450 1129.9
1311460 1129.9
1311470 1125.2
1311480 1121.1
1311490 1121.1
1311500 1117.6
1311510 1113.4
1311520 1113.4
1311530 1109.1
1311540 1105.9
1311550 1105.9
1311560 1101.6
1311570 1096.2
1311580 1096.2
1311590 1091.4
1311600 1088.0
1311610 1088.0
1311620 1085.7
1311630 1083.4
1311640 1083.4
1311650 1081.0
1311660 1078.6
1311670 1078.6
1311680 1075.7
1311690 1072.5
1311700 1072.5
1311710 1070.0
1311720 1067.2
1311730 1064.2
1311740 1064.2
1311750 1060.2
1311760 1057.6
1311770 1057.6
1311780 1056.1
1311790 1055.3
1311800 1055.3
1311810 1054.0
1311820 1052.2
1311830 1052.2
1311840 1050.8
1311850 1049.9
1311860 1049.9
1311870 1047.6
1311880 1042.8
1311890 1042.8
1311900 1037.9
1311910 1037.2
1311920 1037.2
1311930 1037.1
1311940 1036.8
1311950 1036.8
1311960 1036.2
1311970 1035.8
1311980 1035.8
1311990 1035.2
1312000 1034.4
1312010 1034.4
1312020 1033.3
1312030 1035.9
1312040 1035.9
1312050 1040.4
1312060 1040.3
1312070 1040.3
1312080 1038.3
1312090 1035.8
1312100 1033.2
1312110 1033.2
1312120 1030.8
1312130 1029.7
1312140 1029.7
1312150 1029.4
1312160 1029.0
1312170 1029.0
1312180 1030.1
1312190 1033.9
1312200 1033.9
1312210 1038.7
1312220 1042.8
1312230 1042.8
1312240 1044.4
1312250 1045.7
1312260 1045.7
1312270 1048.9
1312280 1050.8
1312290 1050.8
1312300 1052.3
1312310 1054.2
1312320 1054.2
1312330 1054.7
1312340 1054.0
1312350 1054.0
1312360 1052.3
1312370 1050.1
1312380 1050.1
1312390 1047.4
1312400 1044.0
1312410 1044.0
1312420 1040.5
1312430 1037.9
1312440 1037.1
1312450 1037.1
1312460 1038.9
1312470 1040.9
1312480 1040.9
1312490 1043.4
1312500 1046.1
1312510 1046.1
1312520 1049.0
1312530 1052.6
1312540 1052.6
1312550 1056.4
1312560 1059.8
1312570 1059.8
1312580 1062.6
1312590 1064.6
1312600 1064.6
1312610 1065.9
1312620 1066.5
1312630 1066.5
1312640 1066.5
1312650 1067.4
1312660 1067.4
1312670 1067.6
1312680 1067.9
1312690 1067.9
1312700 1068.0
1312710 1067.5
1312720 1067.5
1312730 1066.7
1312740 1066.0
1312750 1066.0
1312760 1065.5
1312770 1065.0
1312780 1064.5
1312790 1064.5
1312800 1064.0
1312810 1063.6
1312820 1063.6
1312830 1063.2
1312840 1062.8
1312850 1062.8
1312860 1062.1
1312870 1061.2
1312880 1061.2
1312890 1060.1
1312900 1059.6
1312910 1059.6
1312920 1059.3
1312930 1059.0
1312940 1059.0
1312950 1059.1
1312960 1059.2
1312970 1059.2
1312980 1058.7
1312990 1058.3
1313000 1058.3
1313010 1057.8
1313020 1057.1
1313030 1057.1
1313040 1056.5
1313050 1055.8
1313060 1055.8
1313070 1054.2
1313080 1052.7
1313090 1052.7
1313100 1051.8
1313110 1050.4
1313120 1048.8
1313130 1048.8
1313140 1047.5
1313150 1046.3
1313160 1046.3
1313170 1045.1
1313180 1043.8
1313190 1043.8
1313200 1042.5
1313210 1041.5
1313220 1041.5
1313230 1040.6
1313240 1039.6
1313250 1039.6
1313260 1038.5
1313270 1037.4
1313280 1037.4
1313290 1036.0
1313300 1034.3
1313310 1034.3
1313320 1032.8
1313330 1031.0
1313340 1031.0
1313350 1029.5
1313360 1027.7
1313370 1027.7
1313380 1026.1
1313390 1025.5
1313400 1025.5
1313410 1024.2
1313420 1022.7
1313430 1022.7
1313440 1021.2
1313450 1020.3
1313460 1020.1
1313470 1020.1
1313480 1020.5
1313490 1020.9
1313500 1020.9
1313510 1020.9
1313520 1020.3
1313530 1020.3
1313540 1019.5
1313550 1018.7
1313560 1018.7
1313570 1018.0
1313580 1017.3
1313590 1017.3
1313600 1016.4
1313610 1015.2
1313620 1015.2
1313630 1014.3
1313640 1013.3
1313650 1013.3
1313660 1011.9
1313670 1010.3
1313680 1010.3
1313690 1008.8
1313700 1007.6
1313710 1007.6
1313720 1007.1
1313730 1006.6
1313740 1006.6
1313750 1005.3
1313760 1002.9
1313770 1002.9
1313780 1002.1
1313790 1002.4
1313800 1002.4
1313810 1002.5
1313820 1001.8
1313830 1001.5
1313840 1001.5
1313850 1001.4
1313860 1000.5
1313870 1000.5
1313880 999.1
1313890 997.9
1313900 997.9
1313910 996.6
1313920 994.9
1313930 994.9
1313940 993.4
1313950 992.3
1313960 992.3
1313970 991.8
1313980 991.5
1313990 991.5
1314000 989.4
1314010 985.0
1314020 985.0
1314030 979.9
1314040 975.4
1314050 975.4
1314060 970.6
1314070 965.9
1314080 965.9
1314090 960.8
1314100 956.0
1314110 956.0
1314120 953.2
1314130 950.1
1314140 960.3
1314150 953.9
1314160 949.2
1314170 943.2
1314180 943.2
1314190 936.7
1314200 930.3
1314210 930.3
1314220 927.3
1314230 926.0
1314240 926.0
1314250 932.7
1314260 941.1
1314270 941.1
1314280 944.5
1314290 946.9
1314300 946.9
1314310 948.7
1314320 951.3
1314330 951.3
1314340 956.1
1314350 962.1
1314360 962.1
1314370 966.3
1314380 970.7
1314390 970.7
1314400 974.4
1314410 976.7
1314420 976.7
1314430 979.0
1314440 981.9
1314450 981.9
1314460 985.1
1314470 988.6
1314480 988.6
1314490 991.8
1314500 994.8
1314510 997.5
1314520 997.5
1314530 999.7
1314540 1002.1
1314550 1002.1
1314560 1004.4
1314570 1005.7
1314580 1005.7
1314590 1006.6
1314600 1008.2
1314610 1008.2
1314620 1011.2
1314630 1014.7
1314640 1014.7
1314650 1018.4
1314660 1022.1
1314670 1022.1
1314680 1025.3
1314690 1028.0
1314700 1028.0
1314710 1029.7
1314720 1030.1
1314730 1030.1
1314740 1029.8
1314750 1028.7
1314760 1028.7
1314770 1027.1
1314780 1026.1
1314790 1026.1
1314800 1023.7
1314810 1016.2
1314820 1016.2
1314830 1009.9
1314840 1005.3
1314850 1001.4
1314860 1001.4
1314870 997.5
1314880 993.6
1314890 989.5
1314900 986.1
1314910 982.3
1314920 982.3
1314930 976.4
1314940 969.6
1314950 969.6
1314960 963.6
1314970 959.0
1314980 959.0
1314990 956.2
1315000 946.7
1315010 946.7
1315020 939.7
1315030 934.4
1315040 934.4
1315050 926.4
1315060 914.6
1315070 914.6
1315080 905.2
1315090 899.7
1315100 899.7
1315110 894.9
1315120 890.5
1315130 890.5
1315140 886.4
1315150 882.2
1315160 882.2
1315170 877.4
1315180 871.4
1315190 866.6
1315200 866.6
1315210 864.3
1315220 863.8
1315230 863.8
1315240 862.6
1315250 864.4
1315260 864.4
1315270 868.0
1315280 870.2
1315290 870.2
1315300 874.4
1315310 881.2
1315320 881.2
1315330 888.9
1315340 893.5
1315350 893.5
1315360 897.1
1315370 899.9
1315380 899.9
1315390 900.3
1315400 905.9
1315410 905.9
1315420 913.1
1315430 919.0
1315440 919.0
1315450 919.8
1315460 923.5
1315470 923.5
1315480 931.9
1315490 937.0
1315500 937.0
1315510 944.4
1315520 951.4
1315530 951.4
1315540 956.0
1315550 958.9
1315560 960.1
1315570 960.1
1315580 958.0
1315590 957.6
1315600 957.6
1315610 959.2
1315620 962.6
1315630 962.6
1315640 967.8
1315650 973.6
1315660 973.6
1315670 977.3
1315680 979.0
1315690 979.0
1315700 980.7
1315710 982.7
1315720 982.7
1315730 984.5
1315740 985.9
1315750 985.9
1315760 987.2
1315770 988.1
1315780 988.1
1315790 989.1
1315800 990.8
1315810 990.8
1315820 992.4
1315830 994.8
1315840 994.8
1315850 997.7
1315860 1000.9
1315870 1000.9
1315880 1003.1
1315890 1006.1
1315900 1010.6
1315910 1010.6
1315920 1015.8
1315930 1020.6
1315940 1020.6
1315950 1024.7
1315960 1027.5
1315970 1027.5
1315980 1030.0
1315990 1033.3
1316000 1033.3
1316010 1037.2
1316020 1040.7
1316030 1040.7
1316040 1044.1
1316050 1047.0
1316060 1047.0
1316070 1049.0
1316080 1050.0
1316090 1050.0
1316100 1050.2
1316110 1049.9
1316120 1049.9
1316130 1048.9
1316140 1047.7
1316150 1047.7
1316160 1046.5
1316170 1045.3
1316180 1045.3
1316190 1044.2
1316200 1043.3
1316210 1043.3
1316220 1042.6
1316230 1042.2
1316240 1041.8
1316250 1041.8
1316260 1041.5
1316270 1040.8
1316280 1040.8
1316290 1039.6
1316300 1038.4
1316310 1038.4
1316320 1036.8
1316330 1035.0
1316340 1035.0
1316350 1033.3
1316360 1032.2
1316370 1032.2
1316380 1031.0
1316390 1029.0
1316400 1029.0
1316410 1027.6
1316420 1025.3
1316430 1025.3
1316440 1022.9
1316450 1020.5
1316460 1020.5
1316470 1017.9
1316480 1015.2
1316490 1015.2
1316500 1012.4
1316510 1009.9
1316520 1009.9
1316530 1007.9
1316540 1006.6
1316550 1006.6
1316560 1004.9
1316570 1002.4
1316580 1000.0
1316590 1000.0
1316600 998.4
1316610 997.1
1316620 997.1
1316630 996.0
1316640 995.0
1316650 995.0
1316660 994.0
1316670 993.1
1316680 993.1
1316690 991.7
1316700 990.9
1316710 990.9
1316720 990.7
1316730 990.3
1316740 990.3
1316750 989.7
1316760 988.7
1316770 988.7
1316780 987.4
1316790 986.1
1316800 986.1
1316810 985.4
1316820 985.1
1316830 985.1
1316840 984.5
1316850 983.5
1316860 983.5
1316870 982.6
1316880 981.6
1316890 981.6
1316900 981.0
1316910 981.4
1316920 980.6
1316930 980.6
1316940 976.3
1316950 972.8
1316960 972.8
1316970 969.8
1316980 966.2
1316990 966.2
1317000 961.7
1317010 956.5
1317020 956.5
1317030 951.8
1317040 945.4
1317050 945.4
1317060 934.5
1317070 926.0
1317080 926.0
1317090 937.5
1317100 949.6
1317110 949.6
1317120 955.6
1317130 960.6
1317140 960.6
1317150 965.3
1317160 968.9
1317170 974.7
1317180 976.8
1317190 978.2
1317200 978.2
1317210 981.1
1317220 984.5
1317230 984.5
1317240 986.7
1317250 983.8
1317260 983.8
1317270 978.8
1317280 975.7
1317290 977.0
1317300 977.0
1317310 981.2
1317320 983.4
1317330 983.4
1317340 983.5
1317350 985.4
1317360 985.4
1317370 986.6
1317380 984.2
1317390 984.2
1317400 979.2
1317410 975.7
1317420 975.7
1317430 972.9
1317440 969.3
1317450 969.3
1317460 967.0
1317470 971.1
1317480 971.1
1317490 976.7
1317500 986.2
1317510 986.2
1317520 996.3
1317530 1002.0
1317540 1002.0
1317550 1004.0
1317560 1004.2
1317570 1004.2
1317580 1004.2
1317590 1004.2
1317600 1004.2
1317610 1004.1
1317620 1004.2
1317630 1004.2
1317640 1004.2
1317650 1004.3
1317660 1004.2
1317670 1004.2
1317680 1003.3
1317690 1003.5
1317700 1003.5
1317710 1003.8
1317720 1003.7
1317730 1003.7
1317740 1004.7
1317750 1004.9
1317760 1004.9
1317770 1004.9
1317780 1004.3
1317790 1004.3
1317800 1004.5
1317810 1003.2
1317820 1003.2
1317830 1002.1
1317840 1003.7
1317850 1003.7
1317860 1004.0
1317870 1002.6
1317880 1002.6
1317890 1003.3
1317900 1003.9
1317910 1003.9
1317920 1004.3
1317930 1004.5
1317940 1007.2
1317950 1007.3
1317960 1007.0
1317970 1005.4
1317980 1005.4
1317990 1000.2
1318000 993.6
1318010 993.6
1318020 992.4
1318030 995.6
1318040 995.6
1318050 998.6
1318060 999.8
1318070 999.8
1318080 1002.8
1318090 1003.9
1318100 1003.9
1318110 1001.9
1318120 1001.5
1318130 1001.5
1318140 1003.1
1318150 1006.4
1318160 1006.4
1318170 1007.8
1318180 1008.2
1318190 1008.2
1318200 1008.1
1318210 1007.6
1318220 1007.6
1318230 1006.6
1318240 1005.2
1318250 1005.2
1318260 1003.0
1318270 999.0
1318280 999.0
1318290 993.8
1318300 989.1
1318310 984.3
1318320 984.3
1318330 978.8
1318340 973.4
1318350 973.4
1318360 969.0
1318370 966.1
1318380 966.1
1318390 963.8
1318400 961.9
1318410 961.9
1318420 958.2
1318430 953.6
1318440 953.6
1318450 949.8
1318460 944.1
1318470 944.1
1318480 938.9
1318490 934.1
1318500 934.1
1318510 929.9
1318520 927.2
1318530 927.2
1318540 930.2
1318550 935.8
1318560 935.8
1318570 941.0
1318580 944.8
1318590 944.8
1318600 949.3
1318610 955.9
1318620 955.9
1318630 962.6
1318640 968.7
1318650 968.7
1318660 974.3
1318670 979.4
1318680 984.2
1318690 984.2
1318700 991.9
1318710 1000.5
1318720 1000.5
1318730 1011.2
1318740 1019.4
1318750 1019.4
1318760 1025.4
1318770 1030.4
1318780 1030.4
1318790 1034.3
1318800 1037.8
1318810 1037.8
1318820 1040.7
1318830 1042.7
1318840 1042.7
1318850 1045.5
1318860 1047.8
1318870 1047.8
1318880 1049.7
1318890 1051.4
1318900 1051.4
1318910 1052.6
1318920 1053.9
1318930 1053.9
1318940 1054.8
1318950 1055.0
1318960 1055.0
1318970 1056.6
1318980 1056.8
1318990 1056.8
1319000 1057.8
1319010 1055.4
1319020 1054.0
1319030 1054.0
1319040 1058.9
1319050 1064.6
1319060 1064.6
1319070 1069.6
1319080 1071.8
1319090 1071.8
1319100 1074.7
1319110 1078.5
1319120 1078.5
1319130 1081.9
1319140 1084.8
1319150 1084.8
1319160 1087.4
1319170 1089.6
1319180 1089.6
1319190 1092.4
1319200 1095.4
1319210 1095.4
1319220 1096.4
1319230 1098.2
1319240 1098.2
1319250 1103.7
1319260 1110.1
1319270 1110.1
1319280 1116.7
1319290 1121.3
1319300 1121.3
1319310 1126.0
1319320 1130.4
1319330 1130.4
1319340 1135.0
1319350 1139.4
1319360 1142.7
1319370 1142.7
1319380 1144.5
1319390 1145.2
1319400 1145.2
1319410 1146.2
1319420 1147.5
1319430 1147.5
1319440 1149.2
1319450 1150.7
1319460 1150.7
1319470 1150.8
1319480 1157.5
1319490 1157.5
1319500 1158.7
1319510 1159.5
1319520 1159.5
1319530 1160.2
1319540 1161.7
1319550 1161.7
1319560 1162.1
1319570 1161.4
1319580 1161.4
1319590 1160.9
1319600 1159.4
1319610 1159.4
1319620 1156.3
1319630 1152.2
1319640 1152.2
1319650 1146.9
1319660 1140.7
1319670 1140.7
1319680 1133.2
1319690 1126.7
1319700 1120.3
1319710 1120.3
1319720 1112.2
1319730 1104.6
1319740 1104.6
1319750 1098.0
1319760 1091.6
1319770 1091.6
1319780 1085.6
1319790 1079.9
1319800 1079.9
1319810 1074.5
1319820 1069.5
1319830 1069.5
1319840 1065.3
1319850 1061.0
1319860 1061.0
1319870 1058.4
1319880 1053.3
1319890 1053.3
1319900 1052.8
1319910 1059.0
1319920 1059.0
1319930 1066.0
1319940 1073.3
1319950 1073.3
1319960 1081.3
1319970 1096.1
1319980 1096.1
1319990 1108.3
