1300000 1086.4
1300010 1089.2
1300020 1090.8
1300030 1090.8
1300040 1092.3
1300050 1094.4
1300060 1094.4
1300070 1093.9
1300080 1091.4
1300090 1091.4
1300100 1092.3
1300110 1094.1
1300120 1094.1
1300130 1093.4
1300140 1090.2
1300150 1090.2
1300160 1087.3
1300170 1084.2
1300180 1084.2
1300190 1077.2
1300200 1066.8
1300210 1062.1
1300220 1062.1
1300230 1067.0
1300240 1072.1
1300250 1072.1
1300260 1073.8
1300270 1074.8
1300280 1074.8
1300290 1077.4
1300300 1081.5
1300310 1081.5
1300320 1086.3
1300330 1091.6
1300340 1091.6
1300350 1096.1
1300360 1098.2
1300370 1098.2
1300380 1100.7
1300390 1103.9
1300400 1103.9
1300410 1106.5
1300420 1109.1
1300430 1109.1
1300440 1111.5
1300450 1113.6
1300460 1113.6
1300470 1114.6
1300480 1114.0
1300490 1114.0
1300500 1112.6
1300510 1108.5
1300520 1108.5
1300530 1100.8
1300540 1091.9
1300550 1086.9
1300560 1086.9
1300570 1092.9
1300580 1097.4
1300590 1097.4
1300600 1093.2
1300610 1095.5
1300620 1095.5
1300630 1097.8
1300640 1100.4
1300650 1100.4
1300660 1101.4
1300670 1100.8
1300680 1100.8
1300690 1098.6
1300700 1095.8
1300710 1095.8
1300720 1093.3
1300730 1087.8
1300740 1087.8
1300750 1082.7
1300760 1081.1
1300770 1081.1
1300780 1086.3
1300790 1090.9
1300800 1090.9
1300810 1091.1
1300820 1089.8
1300830 1089.8
1300840 1089.6
1300850 1088.2
1300860 1088.2
1300870 1085.6
1300880 1080.6
1300890 1073.4
1300900 1073.4
1300910 1065.9
1300920 1057.8
1300930 1057.8
1300940 1050.0
1300950 1055.3
1300960 1055.3
1300970 1065.1
1300980 1070.9
1300990 1070.9
1301000 1075.8
1301010 1080.3
1301020 1080.3
1301030 1084.6
1301040 1088.6
1301050 1088.6
1301060 1091.7
1301070 1091.9
1301080 1091.9
1301090 1087.8
1301100 1083.5
1301110 1083.5
1301120 1080.2
1301130 1081.5
1301140 1081.5
1301150 1089.9
1301160 1095.9
1301170 1095.9
1301180 1100.9
1301190 1106.4
1301200 1106.4
1301210 1111.1
1301220 1115.0
1301230 1115.0
1301240 1118.4
1301250 1123.6
1301260 1131.0
1301270 1131.0
1301280 1136.2
1301290 1138.1
1301300 1134.5
1301310 1134.5
1301320 1136.2
1301330 1136.2
1301340 1138.5
1301350 1140.0
1301360 1140.0
1301370 1141.5
1301380 1143.4
1301390 1143.4
1301400 1146.7
1301410 1147.4
1301420 1147.4
1301430 1146.2
1301440 1144.2
1301450 1144.2
1301460 1142.7
1301470 1142.1
1301480 1142.1
1301490 1142.7
1301500 1142.5
1301510 1142.5
1301520 1141.1
1301530 1138.8
1301540 1138.8
1301550 1136.7
1301560 1135.4
1301570 1135.4
1301580 1133.8
1301590 1132.2
1301600 1130.5
1301610 1130.5
1301620 1127.2
1301630 1123.5
1301640 1123.5
1301650 1119.9
1301660 1117.2
1301670 1117.2
1301680 1114.5
1301690 1111.3
1301700 1111.3
1301710 1107.8
1301720 1103.8
1301730 1103.8
1301740 1098.7
1301750 1093.5
1301760 1093.5
1301770 1088.8
1301780 1084.6
1301790 1084.6
1301800 1080.1
1301810 1075.3
1301820 1075.3
1301830 1070.6
1301840 1065.6
1301850 1065.6
1301860 1061.0
1301870 1056.9
1301880 1056.9
1301890 1053.5
1301900 1050.2
1301910 1050.2
1301920 1047.5
1301930 1045.4
1301940 1043.4
1301950 1043.4
1301960 1041.7
1301970 1038.3
1301980 1038.3
1301990 1035.2
1302000 1032.4
1302010 1032.4
1302020 1029.8
1302030 1027.0
1302040 1027.0
1302050 1023.4
1302060 1020.2
1302070 1020.2
1302080 1015.6
1302090 1012.1
1302100 1012.1
1302110 1008.6
1302120 1006.6
1302130 1006.6
1302140 1005.5
1302150 1005.9
1302160 1005.9
1302170 1006.1
1302180 1001.7
1302190 1001.7
1302200 996.9
1302210 993.8
1302220 993.8
1302230 990.3
1302240 987.0
1302250 987.0
1302260 984.3
1302270 983.7
1302280 984.1
1302290 984.1
1302300 981.8
1302310 977.7
1302320 977.7
1302330 974.3
1302340 970.2
1302350 970.2
1302360 966.6
1302370 964.1
1302380 964.1
1302390 962.4
1302400 960.9
1302410 960.9
1302420 959.3
1302430 957.4
1302440 957.4
1302450 955.2
1302460 952.7
1302470 952.7
1302480 949.7
1302490 946.6
1302500 946.6
1302510 945.0
1302520 943.2
1302530 943.2
1302540 939.9
1302550 937.7
1302560 937.7
1302570 935.9
1302580 934.7
1302590 934.7
1302600 934.3
1302610 934.5
1302620 934.5
1302630 934.6
1302640 933.7
1302650 930.2
1302660 930.2
1302670 928.0
1302680 927.6
1302690 927.6
1302700 927.6
1302710 927.4
1302720 927.4
1302730 927.5
1302740 927.6
1302750 927.6
1302760 927.5
1302770 927.3
1302780 927.3
1302790 927.1
1302800 927.0
1302810 927.0
1302820 926.9
1302830 927.0
1302840 927.0
1302850 927.0
1302860 926.3
1302870 926.3
1302880 926.0
1302890 926.1
1302900 926.1
1302910 926.3
1302920 926.1
1302930 926.1
1302940 925.7
1302950 925.5
1302960 925.5
1302970 925.2
1302980 925.0
1302990 924.8
1303000 924.8
1303010 924.6
1303020 924.5
1303030 924.5
1303040 924.3
1303050 924.1
1303060 924.1
1303070 924.1
1303080 924.0
1303090 924.0
1303100 923.8
1303110 923.6
1303120 923.6
1303130 923.2
1303140 922.9
1303150 922.9
1303160 922.7
1303170 922.5
1303180 922.5
1303190 922.4
1303200 922.2
1303210 922.2
1303220 921.8
1303230 921.5
1303240 921.5
1303250 921.4
1303260 921.5
1303270 921.5
1303280 921.5
1303290 921.2
1303300 921.2
1303310 920.8
1303320 919.6
1303330 917.9
1303340 917.9
1303350 917.7
1303360 917.6
1303370 917.6
1303380 917.7
1303390 917.6
1303400 917.5
1303410 917.4
1303420 917.6
1303430 917.6
1303440 916.9
1303450 916.8
1303460 916.8
1303470 916.8
1303480 916.8
1303490 916.8
1303500 916.9
1303510 916.8
1303520 916.8
1303530 916.7
1303540 915.5
1303550 915.5
1303560 916.2
1303570 918.2
1303580 918.2
1303590 923.2
1303600 929.1
1303610 929.1
1303620 931.9
1303630 933.6
1303640 933.6
1303650 936.2
1303660 938.8
1303670 938.8
1303680 940.8
1303690 942.6
1303700 944.3
1303710 944.3
1303720 946.1
1303730 947.8
1303740 947.8
1303750 949.4
1303760 950.7
1303770 950.7
1303780 952.4
1303790 955.8
1303800 955.8
1303810 958.4
1303820 961.8
1303830 961.8
1303840 966.5
1303850 971.4
1303860 971.4
1303870 976.3
1303880 981.2
1303890 981.2
1303900 985.2
1303910 989.1
1303920 989.1
1303930 993.4
1303940 998.5
1303950 998.5
1303960 1004.2
1303970 1010.4
1303980 1010.4
1303990 1017.0
1304000 1023.7
1304010 1023.7
1304020 1030.5
1304030 1036.1
1304040 1042.1
1304050 1042.1
1304060 1052.2
1304070 1061.1
1304080 1061.1
1304090 1068.7
1304100 1076.0
1304110 1077.6
1304120 1084.3
1304130 1090.2
1304140 1090.2
1304150 1095.7
1304160 1100.8
1304170 1100.8
1304180 1106.0
1304190 1111.3
1304200 1111.3
1304210 1116.9
1304220 1122.9
1304230 1122.9
1304240 1128.9
1304250 1134.7
1304260 1134.7
1304270 1140.8
1304280 1146.9
1304290 1146.9
1304300 1153.4
1304310 1160.2
1304320 1160.2
1304330 1167.2
1304340 1175.0
1304350 1175.0
1304360 1182.6
1304370 1188.9
1304380 1195.3
1304390 1195.3
1304400 1202.7
1304410 1208.1
1304420 1208.1
1304430 1217.4
1304440 1226.8
1304450 1226.8
1304460 1231.1
1304470 1238.0
1304480 1238.0
1304490 1247.7
1304500 1254.4
1304510 1254.4
1304520 1259.7
1304530 1266.8
1304540 1266.8
1304550 1275.4
1304560 1280.1
1304570 1280.1
1304580 1284.3
1304590 1291.1
1304600 1291.1
1304610 1297.6
1304620 1304.5
1304630 1304.5
1304640 1311.7
1304650 1319.5
1304660 1319.5
1304670 1328.1
1304680 1335.6
1304690 1335.6
1304700 1342.7
1304710 1350.1
1304720 1350.1
1304730 1357.5
1304740 1367.8
1304750 1381.0
1304760 1381.0
1304770 1390.3
1304780 1397.6
1304790 1397.6
1304800 1406.7
1304810 1417.8
1304820 1426.4
1304830 1439.9
1304840 1451.2
1304850 1451.2
1304860 1464.0
1304870 1473.3
1304880 1473.3
1304890 1482.3
1304900 1492.0
1304910 1492.0
1304920 1505.0
1304930 1516.4
1304940 1516.4
1304950 1527.1
1304960 1542.8
1304970 1542.8
1304980 1555.4
1304990 1566.3
1305000 1566.3
1305010 1575.0
1305020 1583.8
1305030 1583.8
1305040 1592.4
1305050 1603.3
1305060 1603.3
1305070 1614.0
1305080 1622.2
1305090 1630.7
1305100 1630.7
1305110 1638.6
1305120 1647.0
1305130 1647.0
1305140 1655.1
1305150 1662.1
1305160 1662.1
1305170 1669.1
1305180 1676.6
1305190 1676.6
1305200 1683.8
1305210 1689.0
1305220 1689.0
1305230 1694.4
1305240 1700.2
1305250 1700.2
1305260 1708.1
1305270 1716.0
1305280 1716.0
1305290 1723.7
1305300 1728.4
1305310 1728.4
1305320 1729.1
1305330 1725.5
1305340 1725.5
1305350 1721.9
1305360 1715.5
1305370 1715.5
1305380 1710.1
1305390 1708.4
1305400 1708.4
1305410 1712.1
1305420 1719.1
1305430 1725.9
1305440 1725.9
1305450 1734.9
1305460 1742.2
1305470 1742.2
1305480 1733.1
1305490 1729.4
1305500 1729.4
1305510 1722.4
1305520 1715.8
1305530 1710.5
1305540 1703.9
1305550 1701.9
1305560 1701.9
1305570 1704.6
1305580 1707.3
1305590 1707.3
1305600 1709.1
1305610 1709.2
1305620 1709.2
1305630 1708.2
1305640 1708.9
1305650 1708.9
1305660 1712.5
1305670 1714.3
1305680 1714.3
1305690 1714.0
1305700 1714.3
1305710 1714.3
1305720 1717.9
1305730 1723.1
1305740 1723.1
1305750 1730.0
1305760 1741.3
1305770 1741.3
1305780 1755.7
1305790 1764.1
1305800 1770.5
1305810 1770.5
1305820 1777.3
1305830 1783.7
1305840 1783.7
1305850 1789.8
1305860 1796.1
1305870 1796.1
1305880 1802.0
1305890 1807.6
1305900 1807.6
1305910 1811.1
1305920 1815.2
1305930 1815.2
1305940 1821.2
1305950 1827.5
1305960 1827.5
1305970 1834.0
1305980 1840.8
1305990 1840.8
1306000 1847.2
1306010 1854.7
1306020 1854.7
1306030 1861.7
1306040 1868.1
1306050 1868.1
1306060 1874.6
1306070 1881.1
1306080 1881.1
1306090 1888.3
1306100 1896.5
1306110 1896.5
1306120 1902.9
1306130 1909.2
1306140 1916.2
1306150 1916.2
1306160 1922.8
1306170 1929.5
1306180 1929.5
1306190 1935.6
1306200 1942.8
1306210 1942.8
1306220 1948.8
1306230 1955.8
1306240 1955.8
1306250 1960.4
1306260 1965.5
1306270 1965.5
1306280 1969.5
1306290 1971.6
1306300 1971.6
1306310 1971.4
1306320 1971.8
1306330 1971.8
1306340 1973.9
1306350 1977.1
1306360 1977.1
1306370 1981.3
1306380 1985.9
1306390 1985.9
1306400 1990.8
1306410 1995.5
1306420 1995.5
1306430 1999.8
1306440 2004.7
1306450 2004.7
1306460 2010.1
1306470 2014.8
1306480 2015.5
1306490 2015.5
1306500 2007.9
1306510 1996.8
1306520 1996.8
1306530 1982.2
1306540 1963.8
1306550 1963.8
1306560 1949.0
1306570 1939.6
1306580 1939.6
1306590 1932.3
1306600 1925.1
1306610 1925.1
1306620 1918.1
1306630 1911.9
1306640 1911.9
1306650 1906.0
1306660 1898.7
1306670 1898.7
1306680 1890.6
1306690 1884.3
1306700 1884.3
1306710 1880.6
1306720 1878.2
1306730 1878.2
1306740 1874.8
1306750 1870.1
1306760 1870.1
1306770 1862.9
1306780 1854.6
1306790 1854.6
1306800 1846.4
1306810 1835.3
1306820 1826.9
1306830 1826.9
1306840 1823.2
1306850 1823.9
1306860 1823.9
1306870 1821.1
1306880 1814.9
1306890 1814.9
1306900 1808.0
1306910 1801.9
1306920 1801.9
1306930 1791.7
1306940 1783.9
1306950 1783.9
1306960 1777.0
1306970 1773.4
1306980 1773.4
1306990 1768.0
1307000 1757.6
1307010 1757.6
1307020 1750.4
1307030 1749.2
1307040 1749.2
1307050 1750.7
1307060 1750.9
1307070 1750.9
1307080 1752.3
1307090 1752.3
1307100 1752.3
1307110 1746.3
1307120 1741.0
1307130 1741.0
1307140 1736.4
1307150 1733.8
1307160 1733.8
1307170 1732.4
1307180 1731.0
1307190 1729.5
1307200 1729.5
1307210 1727.8
1307220 1727.2
1307230 1727.2
1307240 1724.4
1307250 1721.3
1307260 1721.3
1307270 1718.5
1307280 1716.2
1307290 1716.2
1307300 1714.7
1307310 1714.6
1307320 1714.6
1307330 1713.9
1307340 1711.7
1307350 1711.7
1307360 1708.4
1307370 1704.7
1307380 1704.7
1307390 1701.2
1307400 1697.6
1307410 1697.6
1307420 1696.1
1307430 1691.6
1307440 1691.6
1307450 1687.8
1307460 1684.7
1307470 1684.7
1307480 1681.1
1307490 1676.2
1307500 1676.2
1307510 1671.6
1307520 1669.2
1307530 1665.1
1307540 1665.1
1307550 1661.5
1307560 1657.6
1307570 1657.6
1307580 1653.8
1307590 1649.4
1307600 1649.4
1307610 1644.7
1307620 1639.9
1307630 1639.9
1307640 1635.8
1307650 1631.5
1307660 1631.5
1307670 1627.9
1307680 1623.9
1307690 1626.2
1307700 1622.9
1307710 1621.6
1307720 1621.6
1307730 1619.4
1307740 1617.4
1307750 1617.4
1307760 1615.2
1307770 1613.7
1307780 1613.7
1307790 1612.7
1307800 1607.8
1307810 1607.8
1307820 1603.6
1307830 1602.1
1307840 1602.1
1307850 1601.2
1307860 1600.0
1307870 1599.1
1307880 1599.1
1307890 1595.3
1307900 1589.5
1307910 1589.5
1307920 1583.1
1307930 1573.6
1307940 1573.6
1307950 1558.7
1307960 1548.4
1307970 1548.4
1307980 1535.4
1307990 1521.6
1308000 1521.6
1308010 1513.9
1308020 1510.2
1308030 1510.2
1308040 1508.9
1308050 1507.1
1308060 1507.1
1308070 1503.6
1308080 1501.7
1308090 1501.7
1308100 1499.7
1308110 1497.7
1308120 1497.7
1308130 1496.4
1308140 1497.0
1308150 1497.0
1308160 1505.7
1308170 1545.9
1308180 1545.9
1308190 1577.2
1308200 1579.3
1308210 1579.3
1308220 1578.9
1308230 1574.8
1308240 1575.9
1308250 1575.9
1308260 1576.7
1308270 1574.0
1308280 1574.0
1308290 1566.9
1308300 1551.8
1308310 1551.8
1308320 1535.9
1308330 1527.1
1308340 1527.1
1308350 1523.1
1308360 1522.7
1308370 1522.7
1308380 1524.3
1308390 1520.3
1308400 1520.3
1308410 1531.6
1308420 1529.4
1308430 1529.4
1308440 1541.6
1308450 1539.6
1308460 1539.6
1308470 1545.4
1308480 1543.5
1308490 1543.5
1308500 1537.7
1308510 1529.0
1308520 1529.0
1308530 1527.5
1308540 1528.8
1308550 1528.8
1308560 1528.0
1308570 1524.0
1308580 1529.1
1308590 1529.1
1308600 1537.2
1308610 1542.8
1308620 1542.8
1308630 1549.4
1308640 1555.2
1308650 1555.2
1308660 1561.9
1308670 1567.5
1308680 1567.5
1308690 1569.3
1308700 1572.7
1308710 1572.7
1308720 1574.7
1308730 1575.4
1308740 1575.4
1308750 1576.7
1308760 1577.0
1308770 1577.0
1308780 1578.4
1308790 1577.8
1308800 1577.8
1308810 1577.5
1308820 1574.6
1308830 1574.6
1308840 1571.2
1308850 1567.5
1308860 1567.5
1308870 1568.0
1308880 1571.8
1308890 1571.8
1308900 1573.0
1308910 1574.4
1308920 1577.5
1308930 1577.5
1308940 1580.8
1308950 1583.1
1308960 1583.1
1308970 1583.7
1308980 1584.5
1308990 1584.5
1309000 1585.7
1309010 1584.0
1309020 1584.0
1309030 1581.6
1309040 1585.9
1309050 1585.9
1309060 1588.6
1309070 1589.4
1309080 1589.4
1309090 1589.4
1309100 1589.5
1309110 1589.5
1309120 1587.4
1309130 1586.2
1309140 1587.1
1309150 1586.5
1309160 1585.9
1309170 1585.9
1309180 1583.1
1309190 1578.4
1309200 1578.4
1309210 1573.3
1309220 1571.8
1309230 1571.8
1309240 1568.7
1309250 1566.8
1309260 1566.8
1309270 1563.5
1309280 1553.8
1309290 1547.3
1309300 1547.3
1309310 1540.8
1309320 1535.8
1309330 1535.8
1309340 1530.7
1309350 1525.4
1309360 1525.4
1309370 1521.1
1309380 1516.1
1309390 1516.1
1309400 1509.9
1309410 1501.1
1309420 1501.1
1309430 1492.4
1309440 1484.8
1309450 1484.8
1309460 1476.1
1309470 1469.1
1309480 1469.1
1309490 1464.7
1309500 1461.8
1309510 1461.8
1309520 1457.3
1309530 1451.8
1309540 1451.8
1309550 1446.5
1309560 1441.5
1309570 1441.5
1309580 1437.0
1309590 1433.6
1309600 1433.6
1309610 1429.0
1309620 1424.8
1309630 1425.2
1309640 1425.2
1309650 1427.5
1309660 1429.6
1309670 1429.6
1309680 1430.8
1309690 1433.2
1309700 1433.2
1309710 1434.7
1309720 1436.4
1309730 1436.4
1309740 1437.7
1309750 1438.4
1309760 1438.4
1309770 1438.4
1309780 1437.6
1309790 1437.6
1309800 1437.0
1309810 1437.7
1309820 1437.7
1309830 1434.8
1309840 1431.5
1309850 1431.5
1309860 1435.4
1309870 1444.0
1309880 1444.0
1309890 1450.3
1309900 1454.3
1309910 1454.3
1309920 1459.0
1309930 1464.5
1309940 1464.5
1309950 1470.3
1309960 1476.2
1309970 1481.6
1309980 1481.6
1309990 1489.4
1310000 1499.6
1310010 1499.6
1310020 1505.2
1310030 1511.1
1310040 1511.1
1310050 1515.6
1310060 1517.2
1310070 1517.2
1310080 1515.3
1310090 1511.3
1310100 1511.3
1310110 1505.7
1310120 1500.7
1310130 1500.7
1310140 1498.3
1310150 1494.4
1310160 1494.4
1310170 1491.3
1310180 1487.8
1310190 1487.8
1310200 1484.2
1310210 1480.3
1310220 1480.3
1310230 1472.7
1310240 1460.8
1310250 1460.8
1310260 1452.0
1310270 1445.5
1310280 1445.5
1310290 1439.1
1310300 1432.0
1310310 1423.7
1310320 1423.7
1310330 1416.2
1310340 1410.4
1310350 1410.4
1310360 1399.8
1310370 1388.5
1310380 1388.5
1310390 1381.0
1310400 1371.8
1310410 1371.8
1310420 1361.9
1310430 1354.6
1310440 1354.6
1310450 1347.9
1310460 1338.9
1310470 1338.9
1310480 1332.3
1310490 1327.1
1310500 1327.1
1310510 1321.9
1310520 1316.1
1310530 1316.1
1310540 1309.7
1310550 1302.9
1310560 1302.9
1310570 1292.7
1310580 1284.2
1310590 1284.2
1310600 1273.4
1310610 1266.0
1310620 1266.0
1310630 1253.7
1310640 1245.0
1310650 1245.0
1310660 1236.3
1310670 1227.1
1310680 1219.5
1310690 1219.5
1310700 1214.8
1310710 1214.1
1310720 1214.1
1310730 1212.3
1310740 1209.8
1310750 1209.8
1310760 1206.5
1310770 1202.2
1310780 1202.2
1310790 1197.3
1310800 1192.3
1310810 1192.3
1310820 1188.9
1310830 1186.0
1310840 1186.0
1310850 1183.0
1310860 1179.2
1310870 1179.2
1310880 1175.9
1310890 1172.6
1310900 1172.6
1310910 1169.5
1310920 1166.2
1310930 1166.2
1310940 1162.2
1310950 1157.3
1310960 1157.3
1310970 1154.2
1310980 1152.3
1310990 1152.3
1311000 1149.2
1311010 1145.6
1311020 1141.8
1311030 1141.8
1311040 1137.4
1311050 1133.6
1311060 1133.6
1311070 1131.3
1311080 1128.9
1311090 1128.9
1311100 1125.0
1311110 1120.2
1311120 1120.2
1311130 1114.8
1311140 1110.2
1311150 1110.2
1311160 1106.5
1311170 1103.6
1311180 1103.6
1311190 1101.5
1311200 1098.4
1311210 1098.4
1311220 1095.0
1311230 1091.3
1311240 1091.3
1311250 1087.9
1311260 1084.9
1311270 1084.9
1311280 1081.9
1311290 1079.9
1311300 1079.9
1311310 1077.9
1311320 1076.2
1311330 1076.2
1311340 1074.9
1311350 1071.9
1311360 1068.4
1311370 1068.4
1311380 1064.6
1311390 1061.9
1311400 1061.9
1311410 1060.1
1311420 1057.9
1311430 1057.9
1311440 1055.8
1311450 1053.7
1311460 1053.7
1311470 1051.7
1311480 1049.5
1311490 1049.5
1311500 1047.1
1311510 1045.0
1311520 1045.0
1311530 1043.1
1311540 1041.1
1311550 1041.1
1311560 1039.2
1311570 1037.6
1311580 1037.6
1311590 1035.2
1311600 1031.7
1311610 1031.7
1311620 1028.9
1311630 1028.2
1311640 1028.2
1311650 1025.5
1311660 1022.3
1311670 1022.3
1311680 1019.5
1311690 1017.4
1311700 1017.4
1311710 1014.8
1311720 1012.6
1311730 1011.2
1311740 1011.2
1311750 1009.8
1311760 1006.8
1311770 1006.8
1311780 1004.4
1311790 1002.5
1311800 1002.5
1311810 1000.5
1311820 997.9
1311830 997.9
1311840 995.3
1311850 994.5
1311860 994.5
1311870 994.0
1311880 994.0
1311890 994.0
1311900 993.7
1311910 993.6
1311920 993.6
1311930 994.3
1311940 994.0
1311950 994.0
1311960 993.1
1311970 992.9
1311980 992.9
1311990 993.0
1312000 992.9
1312010 992.9
1312020 992.8
1312030 992.6
1312040 992.6
1312050 992.4
1312060 992.2
1312070 991.9
1312080 992.6
1312090 992.1
1312100 991.5
1312110 991.5
1312120 990.8
1312130 990.7
1312140 990.7
1312150 990.7
1312160 990.8
1312170 990.8
1312180 991.0
1312190 991.1
1312200 991.1
1312210 992.1
1312220 995.5
1312230 995.5
1312240 997.3
1312250 995.8
1312260 995.8
1312270 993.6
1312280 991.9
1312290 991.9
1312300 992.1
1312310 990.7
1312320 990.7
1312330 990.2
1312340 989.5
1312350 989.5
1312360 988.5
1312370 988.1
1312380 988.1
1312390 987.9
1312400 987.7
1312410 987.2
1312420 987.2
1312430 987.0
1312440 987.1
1312450 987.1
1312460 987.3
1312470 987.4
1312480 987.4
1312490 987.6
1312500 987.7
1312510 987.7
1312520 986.8
1312530 986.1
1312540 986.1
1312550 987.0
1312560 987.2
1312570 987.2
1312580 985.8
1312590 984.4
1312600 984.4
1312610 984.5
1312620 983.5
1312630 983.5
1312640 982.9
1312650 983.4
1312660 983.4
1312670 983.8
1312680 984.0
1312690 984.0
1312700 983.9
1312710 983.6
1312720 983.6
1312730 982.6
1312740 981.2
1312750 980.9
1312760 980.9
1312770 980.8
1312780 980.9
1312790 980.9
1312800 980.9
1312810 981.5
1312820 980.6
1312830 981.7
1312840 984.4
1312850 984.4
1312860 987.9
1312870 989.2
1312880 989.2
1312890 991.0
1312900 992.2
1312910 992.2
1312920 992.0
1312930 991.8
1312940 991.8
1312950 992.1
1312960 993.1
1312970 993.1
1312980 993.4
1312990 993.5
1313000 993.5
1313010 994.3
1313020 995.1
1313030 995.1
1313040 996.5
1313050 997.9
1313060 997.9
1313070 999.1
1313080 1000.3
1313090 1000.3
1313100 1001.7
1313110 1002.6
1313120 1003.7
1313130 1003.7
1313140 1004.8
1313150 1005.6
1313160 1005.6
1313170 1006.4
1313180 1007.4
1313190 1007.4
1313200 1008.5
1313210 1009.5
1313220 1009.5
1313230 1010.1
1313240 1010.6
1313250 1010.6
1313260 1011.5
1313270 1012.7
1313280 1012.7
1313290 1013.8
1313300 1014.6
1313310 1014.6
1313320 1014.9
1313330 1013.8
1313340 1013.8
1313350 1013.1
1313360 1013.3
1313370 1013.3
1313380 1013.1
1313390 1013.5
1313400 1013.5
1313410 1014.3
1313420 1014.3
1313430 1014.3
1313440 1013.9
1313450 1012.9
1313460 1011.8
1313470 1011.8
1313480 1014.2
1313490 1018.5
1313500 1018.5
1313510 1023.8
1313520 1026.7
1313530 1026.7
1313540 1030.6
1313550 1030.8
1313560 1030.8
1313570 1026.5
1313580 1026.5
1313590 1026.5
1313600 1027.6
1313610 1028.5
1313620 1028.5
1313630 1030.2
1313640 1031.9
1313650 1031.9
1313660 1032.9
1313670 1033.1
1313680 1033.1
1313690 1033.3
1313700 1033.9
1313710 1033.9
1313720 1034.7
1313730 1035.7
1313740 1035.7
1313750 1036.8
1313760 1038.2
1313770 1038.2
1313780 1039.7
1313790 1040.7
1313800 1041.4
1313810 1041.4
1313820 1041.9
1313830 1042.8
1313840 1042.8
1313850 1043.9
1313860 1044.7
1313870 1044.7
1313880 1044.7
1313890 1043.6
1313900 1043.6
1313910 1043.5
1313920 1044.2
1313930 1044.2
1313940 1043.9
1313950 1043.7
1313960 1043.7
1313970 1044.6
1313980 1045.1
1313990 1045.1
1314000 1045.1
1314010 1045.0
1314020 1045.0
1314030 1045.7
1314040 1046.7
1314050 1046.7
1314060 1047.7
1314070 1049.0
1314080 1049.0
1314090 1050.4
1314100 1051.5
1314110 1051.5
1314120 1052.3
1314130 1053.1
1314140 1053.9
1314150 1053.9
1314160 1054.4
1314170 1055.1
1314180 1055.1
1314190 1056.0
1314200 1056.4
1314210 1056.4
1314220 1056.1
1314230 1057.3
1314240 1057.3
1314250 1060.7
1314260 1063.9
1314270 1063.9
1314280 1065.4
1314290 1066.8
1314300 1066.8
1314310 1070.7
1314320 1068.4
1314330 1068.4
1314340 1071.5
1314350 1075.3
1314360 1075.3
1314370 1078.3
1314380 1080.7
1314390 1080.7
1314400 1083.0
1314410 1085.4
1314420 1085.4
1314430 1087.6
1314440 1089.6
1314450 1089.6
1314460 1091.8
1314470 1094.6
1314480 1094.6
1314490 1096.9
1314500 1099.4
1314510 1102.1
1314520 1102.1
1314530 1104.9
1314540 1107.6
1314550 1107.6
1314560 1109.3
1314570 1110.4
1314580 1110.4
1314590 1111.5
1314600 1112.6
1314610 1112.6
1314620 1113.7
1314630 1114.9
1314640 1114.9
1314650 1116.2
1314660 1117.5
1314670 1117.5
1314680 1118.5
1314690 1120.2
1314700 1120.2
1314710 1122.3
1314720 1123.4
1314730 1123.4
1314740 1124.7
1314750 1127.0
1314760 1127.0
1314770 1130.0
1314780 1133.3
1314790 1133.3
1314800 1136.4
1314810 1140.9
1314820 1140.9
1314830 1145.2
1314840 1147.5
1314850 1149.5
1314860 1149.5
1314870 1152.4
1314880 1156.2
1314890 1156.2
1314900 1158.7
1314910 1159.0
1314920 1159.0
1314930 1153.3
1314940 1147.2
1314950 1147.2
1314960 1142.5
1314970 1138.5
1314980 1138.5
1314990 1135.3
1315000 1130.6
1315010 1130.6
1315020 1124.3
1315030 1118.6
1315040 1118.6
1315050 1112.1
1315060 1104.1
1315070 1101.8
1315080 1094.8
1315090 1087.9
1315100 1087.9
1315110 1080.3
1315120 1072.8
1315130 1072.8
1315140 1066.4
1315150 1061.3
1315160 1061.3
1315170 1055.9
1315180 1050.1
1315190 1044.6
1315200 1044.6
1315210 1039.6
1315220 1035.0
1315230 1035.0
1315240 1030.6
1315250 1026.0
1315260 1026.0
1315270 1020.1
1315280 1013.6
1315290 1013.6
1315300 1007.4
1315310 1001.2
1315320 1001.2
1315330 994.7
1315340 987.6
1315350 987.6
1315360 980.2
1315370 973.5
1315380 973.5
1315390 968.0
1315400 963.1
1315410 963.1
1315420 957.5
1315430 951.2
1315440 951.2
1315450 945.0
1315460 938.2
1315470 938.2
1315480 932.2
1315490 926.3
1315500 926.3
1315510 920.5
1315520 916.0
1315530 916.0
1315540 912.9
1315550 908.3
1315560 902.2
1315570 902.2
1315580 895.0
1315590 889.5
1315600 889.5
1315610 884.6
1315620 880.2
1315630 880.2
1315640 878.4
1315650 875.6
1315660 875.6
1315670 872.5
1315680 868.7
1315690 868.7
1315700 864.5
1315710 861.0
1315720 861.0
1315730 858.5
1315740 856.7
1315750 856.7
1315760 855.4
1315770 853.6
1315780 853.6
1315790 849.9
1315800 846.4
1315810 846.4
1315820 844.8
1315830 842.2
1315840 842.2
1315850 842.0
1315860 841.6
1315870 841.6
1315880 842.0
1315890 842.7
1315900 843.0
1315910 843.0
1315920 843.8
1315930 845.4
1315940 845.4
1315950 847.6
1315960 850.3
1315970 850.3
1315980 849.2
1315990 845.2
1316000 845.2
1316010 842.2
1316020 840.8
1316030 840.8
1316040 840.5
1316050 840.4
1316060 840.4
1316070 839.2
1316080 837.7
1316090 837.7
1316100 838.2
1316110 838.7
1316120 838.7
1316130 838.7
1316140 838.4
1316150 838.4
1316160 838.1
1316170 837.9
1316180 837.9
1316190 837.6
1316200 837.4
1316210 837.4
1316220 836.3
1316230 835.4
1316240 835.4
1316250 835.4
1316260 835.7
1316270 837.0
1316280 837.0
1316290 839.2
1316300 841.2
1316310 841.2
1316320 842.0
1316330 843.2
1316340 843.2
1316350 845.1
1316360 847.3
1316370 847.3
1316380 849.6
1316390 851.4
1316400 851.4
1316410 853.1
1316420 855.2
1316430 855.2
1316440 857.1
1316450 857.2
1316460 857.2
1316470 855.2
1316480 853.3
1316490 853.3
1316500 851.4
1316510 849.9
1316520 849.9
1316530 848.0
1316540 847.4
1316550 847.4
1316560 848.8
1316570 846.0
1316580 839.5
1316590 835.0
1316600 834.2
1316610 833.1
1316620 833.1
1316630 832.1
1316640 831.3
1316650 831.3
1316660 830.9
1316670 830.8
1316680 830.8
1316690 830.2
1316700 831.1
1316710 831.1
1316720 832.5
1316730 832.7
1316740 832.7
1316750 833.1
1316760 834.2
1316770 834.2
1316780 834.7
1316790 835.8
1316800 835.8
1316810 836.4
1316820 836.9
1316830 836.9
1316840 836.7
1316850 835.6
1316860 835.6
1316870 833.5
1316880 831.9
1316890 831.9
1316900 830.8
1316910 830.3
1316920 830.3
1316930 830.1
1316940 830.2
1316950 830.3
1316960 830.3
1316970 830.2
1316980 829.9
1316990 829.9
1317000 829.8
1317010 829.6
1317020 829.6
1317030 832.4
1317040 837.2
1317050 837.2
1317060 839.3
1317070 834.8
1317080 834.8
1317090 831.2
1317100 832.3
1317110 832.3
1317120 834.0
1317130 836.7
1317140 836.7
1317150 839.8
1317160 843.1
1317170 843.1
1317180 846.1
1317190 849.1
1317200 849.1
1317210 852.7
1317220 856.0
1317230 856.0
1317240 859.6
1317250 863.6
1317260 863.6
1317270 865.2
1317280 864.7
1317290 863.8
1317300 863.8
1317310 863.0
1317320 864.0
1317330 864.0
1317340 867.5
1317350 862.3
1317360 862.3
1317370 862.9
1317380 862.4
1317390 862.4
1317400 859.1
1317410 855.4
1317420 855.4
1317430 852.9
1317440 850.4
1317450 850.4
1317460 847.7
1317470 845.8
1317480 845.8
1317490 845.0
1317500 843.5
1317510 843.5
1317520 844.1
1317530 842.2
1317540 842.2
1317550 840.0
1317560 841.5
1317570 841.5
1317580 836.5
1317590 828.5
1317600 828.5
1317610 825.1
1317620 825.3
1317630 823.8
1317640 823.8
1317650 823.2
1317660 823.1
1317670 823.1
1317680 822.9
1317690 827.1
1317700 827.1
1317710 831.2
1317720 832.2
1317730 832.2
1317740 834.8
1317750 838.5
1317760 838.5
1317770 841.1
1317780 835.7
1317790 835.7
1317800 832.1
1317810 835.3
1317820 835.3
1317830 836.7
1317840 835.4
1317850 835.4
1317860 833.7
1317870 831.9
1317880 831.9
1317890 830.3
1317900 829.6
1317910 829.6
1317920 829.1
1317930 827.9
1317940 827.9
1317950 827.3
1317960 827.6
1317970 827.6
1317980 827.2
1317990 826.6
1318000 826.2
1318010 826.2
1318020 826.0
1318030 825.8
1318040 825.8
1318050 825.7
1318060 824.9
1318070 824.9
1318080 824.0
1318090 823.4
1318100 823.4
1318110 825.9
1318120 821.0
1318130 821.0
1318140 821.5
1318150 822.8
1318160 822.8
1318170 821.8
1318180 818.0
1318190 818.0
1318200 815.8
1318210 814.0
1318220 814.0
1318230 812.9
1318240 812.4
1318250 812.4
1318260 812.5
1318270 812.8
1318280 812.8
1318290 811.7
1318300 813.2
1318310 813.2
1318320 817.9
1318330 821.7
1318340 825.8
1318350 825.8
1318360 830.0
1318370 834.1
1318380 834.1
1318390 838.3
1318400 842.6
1318410 842.6
1318420 846.9
1318430 851.2
1318440 851.2
1318450 855.2
1318460 859.5
1318470 859.5
1318480 863.1
1318490 861.9
1318500 861.9
1318510 858.9
1318520 855.9
1318530 855.9
1318540 853.0
1318550 850.3
1318560 850.3
1318570 847.7
1318580 844.9
1318590 844.9
1318600 843.0
1318610 842.2
1318620 842.2
1318630 841.5
1318640 840.9
1318650 840.9
1318660 841.3
1318670 840.7
1318680 842.2
1318690 842.2
1318700 850.5
1318710 857.3
1318720 857.3
1318730 861.1
1318740 864.0
1318750 864.0
1318760 865.1
1318770 867.0
1318780 867.0
1318790 869.0
1318800 866.6
1318810 866.6
1318820 865.7
1318830 868.5
1318840 868.5
1318850 872.2
1318860 875.0
1318870 875.0
1318880 879.4
1318890 885.9
1318900 885.9
1318910 893.9
1318920 901.8
1318930 901.8
1318940 905.3
1318950 906.6
1318960 906.6
1318970 907.9
1318980 909.5
1318990 909.5
1319000 910.9
1319010 912.2
1319020 913.6
1319030 913.6
1319040 915.2
1319050 916.0
1319060 916.0
1319070 915.3
1319080 917.3
1319090 917.3
1319100 919.8
1319110 920.8
1319120 920.8
1319130 921.4
1319140 921.1
1319150 921.1
1319160 921.3
1319170 922.0
1319180 922.0
1319190 922.8
1319200 924.5
1319210 924.5
1319220 926.7
1319230 929.4
1319240 929.4
1319250 932.1
1319260 934.1
1319270 934.1
1319280 936.0
1319290 937.6
1319300 937.6
1319310 939.2
1319320 940.9
1319330 940.9
1319340 941.8
1319350 941.8
1319360 941.8
1319370 940.5
1319380 940.1
1319390 939.2
1319400 939.2
1319410 934.2
1319420 927.1
1319430 927.1
1319440 919.5
1319450 912.2
1319460 912.2
1319470 905.8
1319480 900.4
1319490 900.4
1319500 897.9
1319510 901.2
1319520 901.2
1319530 909.9
1319540 917.4
1319550 917.4
1319560 921.8
1319570 921.5
1319580 921.5
1319590 920.9
1319600 923.7
1319610 923.7
1319620 923.6
1319630 920.2
1319640 920.2
1319650 916.0
1319660 908.9
1319670 914.0
1319680 908.5
1319690 906.4
1319700 906.4
1319710 903.5
1319720 902.7
1319730 906.0
1319740 906.0
1319750 910.5
1319760 914.4
1319770 914.4
1319780 917.4
1319790 917.8
1319800 917.8
1319810 916.4
1319820 916.2
1319830 916.2
1319840 915.4
1319850 913.0
1319860 913.0
1319870 913.9
1319880 917.7
1319890 917.7
1319900 923.8
1319910 931.8
1319920 931.8
1319930 937.6
1319940 941.9
1319950 941.9
1319960 946.7
1319970 952.2
1319980 952.2
1319990 955.5
