1300000 1143.1
1300010 1143.1
1300020 1146.3
1300030 1148.4
1300040 1148.4
1300050 1151.0
1300060 1153.1
1300070 1153.1
1300080 1154.0
1300090 1153.5
1300100 1153.5
1300110 1151.5
1300120 1148.7
1300130 1148.7
1300140 1144.3
1300150 1136.9
1300160 1136.9
1300170 1134.8
1300180 1139.8
1300190 1139.8
1300200 1139.9
1300210 1139.9
1300220 1139.9
1300230 1138.2
1300240 1140.6
1300250 1140.6
1300260 1142.6
1300270 1142.8
1300280 1142.8
1300290 1141.7
1300300 1140.2
1300310 1142.1
1300320 1142.1
1300330 1145.9
1300340 1149.5
1300350 1149.5
1300360 1152.4
1300370 1155.1
1300380 1155.1
1300390 1157.0
1300400 1158.4
1300410 1158.4
1300420 1159.4
1300430 1159.9
1300440 1159.9
1300450 1160.6
1300460 1160.0
1300470 1160.0
1300480 1159.7
1300490 1155.7
1300500 1155.7
1300510 1150.0
1300520 1154.2
1300530 1154.2
1300540 1157.7
1300550 1159.4
1300560 1159.4
1300570 1161.3
1300580 1162.5
1300590 1162.5
1300600 1163.3
1300610 1164.1
1300620 1164.1
1300630 1165.1
1300640 1165.5
1300650 1165.5
1300660 1165.4
1300670 1165.2
1300680 1160.3
1300690 1160.3
1300700 1159.4
1300710 1158.7
1300720 1158.7
1300730 1156.7
1300740 1153.7
1300750 1153.7
1300760 1152.3
1300770 1149.1
1300780 1149.1
1300790 1147.3
1300800 1149.9
1300810 1149.9
1300820 1150.8
1300830 1149.8
1300840 1149.8
1300850 1147.2
1300860 1140.8
1300870 1140.8
1300880 1131.8
1300890 1126.6
1300900 1126.6
1300910 1122.9
1300920 1115.5
1300930 1115.5
1300940 1113.9
1300950 1118.9
1300960 1118.9
1300970 1123.3
1300980 1127.4
1300990 1127.4
1301000 1129.8
1301010 1131.0
1301020 1128.9
1301030 1128.9
1301040 1129.1
1301050 1134.3
1301060 1134.3
1301070 1142.8
1301080 1149.4
1301090 1149.4
1301100 1151.0
1301110 1149.8
1301120 1149.8
1301130 1150.6
1301140 1151.4
1301150 1151.4
1301160 1151.0
1301170 1148.3
1301180 1148.3
1301190 1149.2
1301200 1153.0
1301210 1153.0
1301220 1157.3
1301230 1158.4
1301240 1158.4
1301250 1160.7
1301260 1166.0
1301270 1166.0
1301280 1170.2
1301290 1172.7
1301300 1172.7
1301310 1174.2
1301320 1177.1
1301330 1177.1
1301340 1180.7
1301350 1182.4
1301360 1183.3
1301370 1183.3
1301380 1181.8
1301390 1182.1
1301400 1182.1
1301410 1182.2
1301420 1182.4
1301430 1182.4
1301440 1182.6
1301450 1182.8
1301460 1182.8
1301470 1183.1
1301480 1183.4
1301490 1183.4
1301500 1182.7
1301510 1181.0
1301520 1181.0
1301530 1179.4
1301540 1177.8
1301550 1177.8
1301560 1176.0
1301570 1173.5
1301580 1173.5
1301590 1170.6
1301600 1167.2
1301610 1167.2
1301620 1164.5
1301630 1161.6
1301640 1161.6
1301650 1157.9
1301660 1153.3
1301670 1153.3
1301680 1148.7
1301690 1144.6
1301700 1144.6
1301710 1140.9
1301720 1136.2
1301730 1130.2
1301740 1130.2
1301750 1124.1
1301760 1118.0
1301770 1118.0
1301780 1111.8
1301790 1105.8
1301800 1105.8
1301810 1100.4
1301820 1094.3
1301830 1094.3
1301840 1087.5
1301850 1081.1
1301860 1081.1
1301870 1075.1
1301880 1069.2
1301890 1069.2
1301900 1064.2
1301910 1059.9
1301920 1059.9
1301930 1055.1
1301940 1049.6
1301950 1049.6
1301960 1043.4
1301970 1037.8
1301980 1037.8
1301990 1034.7
1302000 1033.1
1302010 1033.1
1302020 1029.6
1302030 1025.8
1302040 1025.8
1302050 1020.4
1302060 1015.9
1302070 1013.2
1302080 1014.1
1302090 1012.4
1302100 1009.8
1302110 1009.8
1302120 1007.2
1302130 1003.5
1302140 1003.5
1302150 999.3
1302160 996.4
1302170 996.4
1302180 994.4
1302190 992.4
1302200 992.4
1302210 990.2
1302220 990.8
1302230 990.8
1302240 989.9
1302250 985.5
1302260 985.5
1302270 982.1
1302280 981.2
1302290 981.2
1302300 981.0
1302310 982.3
1302320 982.3
1302330 985.1
1302340 985.9
1302350 985.9
1302360 983.2
1302370 979.8
1302380 979.8
1302390 975.5
1302400 971.3
1302410 967.7
1302420 967.7
1302430 963.7
1302440 960.1
1302450 960.1
1302460 956.9
1302470 953.4
1302480 953.4
1302490 950.4
1302500 947.7
1302510 947.7
1302520 945.6
1302530 943.9
1302540 943.9
1302550 942.1
1302560 939.8
1302570 939.8
1302580 937.3
1302590 934.6
1302600 934.6
1302610 932.6
1302620 931.2
1302630 931.2
1302640 930.1
1302650 928.8
1302660 928.8
1302670 928.0
1302680 927.6
1302690 927.6
1302700 926.8
1302710 926.2
1302720 926.2
1302730 925.6
1302740 925.3
1302750 925.3
1302760 925.1
1302770 924.8
1302780 924.8
1302790 924.8
1302800 924.5
1302810 924.3
1302820 924.3
1302830 924.3
1302840 924.5
1302850 924.5
1302860 924.5
1302870 924.0
1302880 924.0
1302890 923.7
1302900 923.7
1302910 923.7
1302920 923.8
1302930 923.9
1302940 923.9
1302950 924.0
1302960 923.8
1302970 923.8
1302980 923.4
1302990 923.0
1303000 923.0
1303010 922.6
1303020 922.4
1303030 922.4
1303040 922.2
1303050 922.1
1303060 922.1
1303070 922.0
1303080 922.0
1303090 922.0
1303100 922.1
1303110 922.0
1303120 921.9
1303130 921.9
1303140 921.8
1303150 921.6
1303160 921.6
1303170 921.7
1303180 922.2
1303190 922.2
1303200 923.6
1303210 925.2
1303220 925.2
1303230 925.7
1303240 924.8
1303250 924.8
1303260 923.3
1303270 921.8
1303280 921.8
1303290 920.4
1303300 920.1
1303310 920.1
1303320 918.3
1303330 916.2
1303340 916.2
1303350 916.5
1303360 916.8
1303370 916.8
1303380 916.7
1303390 916.6
1303400 916.6
1303410 916.8
1303420 916.5
1303430 916.5
1303440 916.0
1303450 915.8
1303460 915.8
1303470 915.8
1303480 915.8
1303490 915.7
1303500 915.7
1303510 915.6
1303520 915.2
1303530 915.2
1303540 914.6
1303550 915.6
1303560 915.6
1303570 919.9
1303580 926.6
1303590 926.6
1303600 929.3
1303610 931.3
1303620 931.3
1303630 933.3
1303640 935.4
1303650 935.4
1303660 937.5
1303670 939.7
1303680 939.7
1303690 941.9
1303700 944.2
1303710 944.2
1303720 946.5
1303730 948.8
1303740 948.8
1303750 951.4
1303760 954.2
1303770 954.2
1303780 956.8
1303790 959.8
1303800 959.8
1303810 962.8
1303820 966.3
1303830 970.0
1303840 970.0
1303850 973.9
1303860 976.6
1303870 976.6
1303880 979.9
1303890 983.5
1303900 983.5
1303910 987.9
1303920 992.5
1303930 992.5
1303940 997.7
1303950 1002.9
1303960 1002.9
1303970 1008.4
1303980 1013.6
1303990 1013.6
1304000 1018.8
1304010 1023.6
1304020 1023.6
1304030 1027.7
1304040 1033.5
1304050 1033.5
1304060 1041.0
1304070 1048.2
1304080 1048.2
1304090 1055.4
1304100 1062.7
1304110 1062.7
1304120 1069.6
1304130 1077.2
1304140 1077.2
1304150 1085.9
1304160 1092.8
1304170 1099.4
1304180 1099.4
1304190 1105.8
1304200 1111.6
1304210 1111.6
1304220 1117.2
1304230 1123.1
1304240 1123.1
1304250 1128.9
1304260 1135.2
1304270 1135.2
1304280 1142.3
1304290 1149.7
1304300 1149.7
1304310 1156.7
1304320 1165.5
1304330 1165.5
1304340 1173.9
1304350 1180.6
1304360 1180.6
1304370 1186.6
1304380 1192.3
1304390 1192.3
1304400 1197.6
1304410 1202.6
1304420 1202.6
1304430 1208.3
1304440 1215.3
1304450 1215.3
1304460 1222.2
1304470 1230.1
1304480 1230.1
1304490 1239.0
1304500 1247.5
1304510 1255.9
1304520 1255.9
1304530 1263.6
1304540 1270.7
1304550 1270.7
1304560 1276.3
1304570 1280.5
1304580 1280.5
1304590 1286.7
1304600 1294.8
1304610 1294.8
1304620 1304.3
1304630 1312.6
1304640 1312.6
1304650 1320.1
1304660 1327.9
1304670 1327.9
1304680 1337.0
1304690 1348.0
1304700 1348.0
1304710 1355.6
1304720 1361.0
1304730 1361.0
1304740 1367.0
1304750 1373.7
1304760 1373.7
1304770 1380.5
1304780 1387.4
1304790 1387.4
1304800 1394.6
1304810 1402.2
1304820 1402.2
1304830 1414.1
1304840 1429.0
1304850 1429.0
1304860 1442.2
1304870 1455.3
1304880 1469.5
1304890 1469.5
1304900 1485.8
1304910 1500.9
1304920 1500.9
1304930 1513.9
1304940 1535.6
1304950 1535.6
1304960 1552.2
1304970 1563.4
1304980 1563.4
1304990 1573.2
1305000 1586.0
1305010 1586.0
1305020 1596.5
1305030 1605.1
1305040 1605.1
1305050 1612.4
1305060 1620.2
1305070 1620.2
1305080 1630.4
1305090 1637.7
1305100 1637.7
1305110 1644.7
1305120 1651.4
1305130 1651.4
1305140 1658.3
1305150 1665.7
1305160 1665.7
1305170 1673.7
1305180 1682.7
1305190 1682.7
1305200 1690.8
1305210 1698.4
1305220 1705.4
1305230 1705.4
1305240 1712.3
1305250 1719.6
1305260 1719.6
1305270 1726.9
1305280 1734.7
1305290 1734.7
1305300 1743.2
1305310 1753.3
1305320 1753.3
1305330 1763.2
1305340 1771.8
1305350 1771.8
1305360 1777.7
1305370 1784.0
1305380 1784.0
1305390 1786.1
1305400 1785.4
1305410 1785.4
1305420 1785.4
1305430 1783.9
1305440 1783.9
1305450 1788.0
1305460 1794.2
1305470 1794.2
1305480 1799.5
1305490 1805.7
1305500 1805.7
1305510 1798.7
1305520 1799.4
1305530 1799.4
1305540 1793.0
1305550 1778.4
1305560 1778.2
1305570 1778.2
1305580 1781.6
1305590 1784.4
1305600 1784.4
1305610 1785.1
1305620 1792.0
1305630 1792.0
1305640 1798.2
1305650 1804.1
1305660 1804.1
1305670 1791.6
1305680 1783.0
1305690 1783.0
1305700 1782.1
1305710 1783.0
1305720 1783.0
1305730 1784.0
1305740 1786.1
1305750 1786.1
1305760 1787.9
1305770 1791.9
1305780 1791.9
1305790 1797.5
1305800 1801.5
1305810 1801.5
1305820 1807.4
1305830 1815.0
1305840 1815.0
1305850 1821.2
1305860 1827.0
1305870 1827.0
1305880 1832.6
1305890 1838.5
1305900 1838.5
1305910 1844.5
1305920 1849.8
1305930 1853.7
1305940 1853.7
1305950 1855.1
1305960 1856.9
1305970 1856.9
1305980 1862.8
1305990 1868.7
1306000 1868.7
1306010 1874.5
1306020 1880.6
1306030 1880.6
1306040 1887.4
1306050 1893.9
1306060 1893.9
1306070 1901.1
1306080 1907.8
1306090 1907.8
1306100 1914.0
1306110 1920.7
1306120 1920.7
1306130 1927.4
1306140 1933.6
1306150 1933.6
1306160 1939.9
1306170 1946.6
1306180 1946.6
1306190 1952.9
1306200 1958.8
1306210 1958.8
1306220 1964.9
1306230 1971.8
1306240 1971.8
1306250 1978.2
1306260 1984.2
1306270 1990.5
1306280 1990.5
1306290 1996.8
1306300 2003.9
1306310 2003.9
1306320 2010.6
1306330 2014.8
1306340 2014.8
1306350 2021.3
1306360 2027.9
1306370 2027.9
1306380 2034.4
1306390 2040.8
1306400 2040.8
1306410 2047.0
1306420 2052.2
1306430 2052.2
1306440 2052.0
1306450 2042.8
1306460 2042.8
1306470 2032.1
1306480 2021.5
1306490 2021.5
1306500 2010.3
1306510 1998.7
1306520 1998.7
1306530 1984.0
1306540 1968.8
1306550 1968.8
1306560 1958.7
1306570 1951.1
1306580 1951.1
1306590 1941.6
1306600 1933.2
1306610 1925.7
1306620 1925.7
1306630 1919.7
1306640 1912.9
1306650 1912.9
1306660 1906.0
1306670 1899.3
1306680 1899.3
1306690 1893.2
1306700 1887.2
1306710 1887.2
1306720 1881.2
1306730 1875.0
1306740 1875.0
1306750 1867.0
1306760 1860.6
1306770 1860.6
1306780 1853.4
1306790 1847.7
1306800 1847.7
1306810 1841.3
1306820 1835.8
1306830 1835.8
1306840 1829.0
1306850 1818.7
1306860 1818.7
1306870 1808.8
1306880 1801.7
1306890 1801.7
1306900 1794.8
1306910 1788.5
1306920 1788.5
1306930 1784.0
1306940 1782.0
1306950 1782.0
1306960 1782.8
1306970 1785.7
1306980 1788.5
1306990 1788.5
1307000 1789.9
1307010 1788.1
1307020 1788.1
1307030 1785.0
1307040 1778.4
1307050 1772.2
1307060 1764.3
1307070 1759.1
1307080 1759.1
1307090 1749.8
1307100 1741.5
1307110 1741.5
1307120 1731.5
1307130 1719.7
1307140 1719.7
1307150 1707.1
1307160 1695.9
1307170 1695.9
1307180 1691.4
1307190 1689.2
1307200 1689.2
1307210 1686.9
1307220 1684.4
1307230 1684.4
1307240 1681.5
1307250 1678.2
1307260 1678.2
1307270 1675.4
1307280 1672.3
1307290 1672.3
1307300 1669.3
1307310 1667.7
1307320 1665.3
1307330 1665.3
1307340 1663.4
1307350 1662.0
1307360 1662.0
1307370 1661.5
1307380 1659.5
1307390 1659.5
1307400 1652.5
1307410 1648.1
1307420 1648.1
1307430 1644.5
1307440 1641.5
1307450 1641.5
1307460 1637.6
1307470 1634.9
1307480 1634.9
1307490 1633.1
1307500 1627.8
1307510 1627.8
1307520 1622.4
1307530 1617.2
1307540 1617.2
1307550 1613.1
1307560 1606.7
1307570 1606.7
1307580 1595.2
1307590 1585.6
1307600 1585.6
1307610 1580.6
1307620 1570.4
1307630 1570.4
1307640 1561.1
1307650 1554.1
1307660 1546.1
1307670 1546.1
1307680 1538.1
1307690 1535.0
1307700 1535.0
1307710 1533.8
1307720 1532.0
1307730 1532.0
1307740 1529.3
1307750 1526.1
1307760 1526.1
1307770 1526.2
1307780 1523.0
1307790 1523.0
1307800 1521.1
1307810 1519.6
1307820 1519.6
1307830 1517.1
1307840 1514.6
1307850 1514.6
1307860 1513.3
1307870 1511.6
1307880 1511.6
1307890 1510.3
1307900 1508.1
1307910 1508.1
1307920 1504.4
1307930 1499.6
1307940 1499.6
1307950 1494.9
1307960 1489.4
1307970 1489.4
1307980 1479.9
1307990 1470.7
1308000 1463.2
1308010 1463.2
1308020 1458.2
1308030 1455.3
1308040 1455.3
1308050 1454.0
1308060 1454.2
1308070 1454.2
1308080 1454.2
1308090 1452.9
1308100 1452.9
1308110 1451.3
1308120 1448.2
1308130 1448.2
1308140 1444.2
1308150 1439.7
1308160 1439.7
1308170 1435.8
1308180 1431.7
1308190 1431.7
1308200 1427.3
1308210 1424.9
1308220 1424.9
1308230 1425.2
1308240 1426.4
1308250 1426.4
1308260 1426.9
1308270 1426.8
1308280 1426.8
1308290 1427.4
1308300 1428.1
1308310 1428.1
1308320 1428.2
1308330 1429.1
1308340 1429.1
1308350 1430.7
1308360 1428.5
1308370 1429.6
1308380 1429.6
1308390 1430.7
1308400 1433.8
1308410 1433.8
1308420 1436.9
1308430 1438.2
1308440 1438.2
1308450 1437.8
1308460 1437.4
1308470 1437.4
1308480 1437.8
1308490 1436.9
1308500 1442.9
1308510 1449.3
1308520 1456.7
1308530 1456.7
1308540 1457.6
1308550 1459.2
1308560 1459.2
1308570 1458.5
1308580 1453.1
1308590 1453.1
1308600 1455.6
1308610 1464.3
1308620 1464.3
1308630 1472.0
1308640 1479.5
1308650 1479.5
1308660 1492.0
1308670 1504.3
1308680 1504.3
1308690 1528.2
1308700 1545.6
1308710 1552.0
1308720 1552.0
1308730 1555.2
1308740 1557.8
1308750 1557.8
1308760 1558.2
1308770 1556.8
1308780 1556.8
1308790 1553.1
1308800 1548.8
1308810 1548.8
1308820 1542.5
1308830 1544.3
1308840 1544.3
1308850 1550.2
1308860 1554.6
1308870 1554.6
1308880 1558.1
1308890 1559.3
1308900 1559.3
1308910 1558.5
1308920 1557.2
1308930 1557.2
1308940 1554.2
1308950 1548.0
1308960 1548.0
1308970 1543.1
1308980 1537.9
1308990 1537.9
1309000 1538.1
1309010 1541.0
1309020 1541.0
1309030 1542.0
1309040 1540.9
1309050 1550.1
1309060 1550.1
1309070 1547.7
1309080 1539.8
1309090 1539.8
1309100 1541.9
1309110 1551.0
1309120 1551.0
1309130 1558.0
1309140 1563.4
1309150 1563.4
1309160 1558.3
1309170 1552.0
1309180 1552.0
1309190 1545.8
1309200 1544.3
1309210 1544.3
1309220 1548.9
1309230 1546.7
1309240 1546.7
1309250 1541.9
1309260 1536.5
1309270 1536.5
1309280 1531.9
1309290 1527.6
1309300 1527.6
1309310 1522.6
1309320 1516.8
1309330 1516.8
1309340 1509.1
1309350 1502.6
1309360 1502.6
1309370 1495.5
1309380 1487.6
1309390 1487.6
1309400 1480.5
1309410 1475.3
1309420 1470.0
1309430 1470.0
1309440 1464.0
1309450 1456.8
1309460 1456.8
1309470 1450.5
1309480 1444.7
1309490 1444.7
1309500 1439.9
1309510 1435.5
1309520 1435.5
1309530 1431.5
1309540 1428.0
1309550 1428.0
1309560 1423.6
1309570 1420.8
1309580 1420.8
1309590 1416.5
1309600 1410.1
1309610 1410.1
1309620 1404.5
1309630 1399.4
1309640 1399.4
1309650 1395.4
1309660 1393.1
1309670 1393.1
1309680 1393.7
1309690 1394.3
1309700 1394.3
1309710 1396.1
1309720 1395.3
1309730 1395.3
1309740 1394.5
1309750 1399.2
1309760 1405.8
1309770 1405.8
1309780 1410.7
1309790 1414.2
1309800 1414.2
1309810 1419.1
1309820 1424.3
1309830 1424.3
1309840 1429.3
1309850 1435.0
1309860 1435.0
1309870 1440.4
1309880 1446.2
1309890 1446.2
1309900 1452.8
1309910 1461.5
1309920 1461.5
1309930 1468.0
1309940 1472.4
1309950 1473.2
1309960 1478.1
1309970 1485.4
1309980 1485.4
1309990 1492.0
1310000 1495.0
1310010 1495.0
1310020 1497.7
1310030 1497.1
1310040 1497.1
1310050 1493.1
1310060 1488.7
1310070 1488.7
1310080 1482.1
1310090 1474.9
1310100 1468.6
1310110 1468.6
1310120 1462.6
1310130 1456.3
1310140 1456.3
1310150 1450.6
1310160 1443.4
1310170 1443.4
1310180 1434.8
1310190 1428.0
1310200 1428.0
1310210 1421.9
1310220 1415.8
1310230 1415.8
1310240 1409.5
1310250 1405.1
1310260 1405.1
1310270 1400.9
1310280 1396.3
1310290 1396.3
1310300 1391.5
1310310 1385.5
1310320 1385.5
1310330 1380.6
1310340 1377.7
1310350 1377.7
1310360 1375.3
1310370 1370.7
1310380 1370.7
1310390 1363.7
1310400 1356.3
1310410 1356.3
1310420 1347.9
1310430 1345.9
1310440 1345.9
1310450 1340.3
1310460 1330.0
1310470 1313.5
1310480 1313.5
1310490 1302.8
1310500 1295.9
1310510 1295.9
1310520 1291.0
1310530 1286.4
1310540 1286.4
1310550 1279.5
1310560 1269.2
1310570 1269.2
1310580 1261.9
1310590 1255.9
1310600 1255.9
1310610 1249.8
1310620 1243.0
1310630 1243.0
1310640 1235.3
1310650 1229.0
1310660 1229.0
1310670 1222.3
1310680 1215.9
1310690 1217.5
1310700 1210.1
1310710 1202.8
1310720 1202.8
1310730 1197.2
1310740 1192.0
1310750 1192.0
1310760 1186.7
1310770 1181.3
1310780 1181.3
1310790 1175.6
1310800 1169.6
1310810 1164.6
1310820 1164.6
1310830 1159.9
1310840 1155.0
1310850 1155.0
1310860 1150.5
1310870 1147.0
1310880 1147.0
1310890 1143.5
1310900 1139.6
1310910 1139.6
1310920 1135.9
1310930 1132.3
1310940 1132.3
1310950 1128.4
1310960 1124.2
1310970 1124.2
1310980 1119.6
1310990 1115.2
1311000 1115.2
1311010 1111.4
1311020 1107.8
1311030 1107.8
1311040 1104.4
1311050 1101.2
1311060 1101.2
1311070 1098.8
1311080 1097.3
1311090 1097.3
1311100 1094.6
1311110 1091.8
1311120 1091.8
1311130 1088.6
1311140 1086.5
1311150 1084.9
1311160 1084.9
1311170 1083.1
1311180 1081.1
1311190 1081.1
1311200 1078.8
1311210 1076.1
1311220 1076.1
1311230 1073.8
1311240 1071.4
1311250 1071.4
1311260 1069.2
1311270 1067.3
1311280 1067.3
1311290 1064.6
1311300 1062.7
1311310 1062.7
1311320 1060.4
1311330 1058.3
1311340 1058.3
1311350 1056.2
1311360 1054.4
1311370 1054.4
1311380 1052.4
1311390 1050.1
1311400 1050.1
1311410 1047.8
1311420 1045.1
1311430 1045.1
1311440 1042.7
1311450 1041.3
1311460 1041.3
1311470 1040.7
1311480 1038.7
1311490 1038.7
1311500 1035.4
1311510 1032.3
1311520 1029.2
1311530 1029.2
1311540 1026.9
1311550 1024.9
1311560 1024.9
1311570 1023.6
1311580 1021.6
1311590 1021.6
1311600 1019.5
1311610 1017.5
1311620 1017.5
1311630 1015.5
1311640 1013.4
1311650 1013.4
1311660 1011.7
1311670 1010.2
1311680 1010.2
1311690 1008.6
1311700 1007.2
1311710 1007.2
1311720 1005.9
1311730 1004.8
1311740 1004.8
1311750 1003.7
1311760 1002.6
1311770 1002.6
1311780 1001.5
1311790 1000.5
1311800 1000.5
1311810 999.3
1311820 997.6
1311830 997.6
1311840 996.5
1311850 996.3
1311860 996.3
1311870 996.3
1311880 996.0
1311890 994.5
1311900 994.5
1311910 993.3
1311920 992.4
1311930 992.4
1311940 992.0
1311950 991.6
1311960 991.6
1311970 991.4
1311980 991.3
1311990 991.3
1312000 991.6
1312010 991.7
1312020 991.7
1312030 991.8
1312040 991.7
1312050 991.7
1312060 991.6
1312070 991.5
1312080 991.5
1312090 991.1
1312100 990.4
1312110 990.4
1312120 991.5
1312130 993.5
1312140 993.5
1312150 994.2
1312160 994.1
1312170 994.1
1312180 994.2
1312190 994.2
1312200 994.2
1312210 994.2
1312220 994.2
1312230 994.2
1312240 994.2
1312250 994.0
1312260 993.8
1312270 993.8
1312280 993.6
1312290 993.4
1312300 993.4
1312310 993.3
1312320 993.2
1312330 993.2
1312340 993.0
1312350 992.7
1312360 992.7
1312370 992.5
1312380 992.4
1312390 992.4
1312400 992.4
1312410 992.2
1312420 992.2
1312430 991.5
1312440 989.9
1312450 989.9
1312460 990.0
1312470 990.3
1312480 990.3
1312490 991.0
1312500 991.0
1312510 991.0
1312520 991.4
1312530 992.7
1312540 993.7
1312550 993.7
1312560 994.7
1312570 996.1
1312580 996.1
1312590 997.8
1312600 999.3
1312610 999.3
1312620 1000.5
1312630 1001.2
1312640 1001.2
1312650 1001.8
1312660 1002.4
1312670 1002.4
1312680 1003.1
1312690 1003.5
1312700 1003.5
1312710 1003.5
1312720 1004.3
1312730 1004.3
1312740 1005.0
1312750 1005.3
1312760 1005.3
1312770 1005.3
1312780 1005.2
1312790 1005.2
1312800 1005.4
1312810 1005.5
1312820 1005.5
1312830 1005.3
1312840 1005.3
1312850 1005.3
1312860 1005.3
1312870 1005.4
1312880 1005.4
1312890 1005.6
1312900 1005.8
1312910 1005.1
1312920 1005.1
1312930 1005.4
1312940 1005.7
1312950 1005.7
1312960 1005.9
1312970 1006.0
1312980 1006.0
1312990 1006.3
1313000 1007.0
1313010 1007.0
1313020 1007.7
1313030 1008.3
1313040 1008.3
1313050 1009.1
1313060 1009.9
1313070 1009.9
1313080 1010.9
1313090 1012.1
1313100 1012.1
1313110 1013.1
1313120 1013.9
1313130 1013.9
1313140 1014.7
1313150 1015.6
1313160 1015.6
1313170 1016.6
1313180 1017.7
1313190 1017.7
1313200 1018.6
1313210 1019.3
1313220 1019.3
1313230 1020.0
1313240 1020.9
1313250 1022.0
1313260 1022.0
1313270 1023.1
1313280 1024.3
1313290 1024.3
1313300 1025.6
1313310 1026.7
1313320 1026.7
1313330 1027.8
1313340 1028.8
1313350 1028.8
1313360 1029.7
1313370 1030.5
1313380 1030.5
1313390 1031.2
1313400 1031.9
1313410 1031.9
1313420 1032.6
1313430 1033.2
1313440 1033.2
1313450 1033.9
1313460 1034.8
1313470 1034.8
1313480 1036.1
1313490 1037.1
1313500 1037.1
1313510 1038.6
1313520 1041.6
1313530 1041.6
1313540 1043.0
1313550 1044.2
1313560 1044.2
1313570 1045.7
1313580 1046.5
1313590 1047.7
1313600 1047.7
1313610 1049.9
1313620 1051.8
1313630 1051.8
1313640 1053.7
1313650 1053.4
1313660 1053.4
1313670 1055.6
1313680 1057.7
1313690 1057.7
1313700 1060.0
1313710 1062.4
1313720 1062.4
1313730 1064.9
1313740 1067.3
1313750 1067.3
1313760 1069.8
1313770 1072.6
1313780 1072.6
1313790 1075.0
1313800 1077.2
1313810 1077.2
1313820 1080.0
1313830 1082.3
1313840 1082.3
1313850 1084.2
1313860 1086.0
1313870 1086.0
1313880 1087.3
1313890 1088.6
1313900 1088.6
1313910 1090.4
1313920 1092.3
1313930 1092.3
1313940 1093.3
1313950 1094.3
1313960 1096.4
1313970 1096.4
1313980 1098.7
1313990 1099.6
1314000 1099.6
1314010 1100.7
1314020 1101.9
1314030 1101.9
1314040 1103.7
1314050 1107.4
1314060 1107.4
1314070 1112.4
1314080 1115.9
1314090 1115.9
1314100 1118.6
1314110 1120.9
1314120 1120.9
1314130 1123.1
1314140 1125.7
1314150 1125.7
1314160 1128.7
1314170 1131.6
1314180 1131.6
1314190 1130.8
1314200 1128.2
1314210 1128.2
1314220 1126.8
1314230 1125.7
1314240 1125.7
1314250 1124.1
1314260 1122.7
1314270 1122.7
1314280 1124.7
1314290 1130.9
1314300 1133.6
1314310 1133.6
1314320 1134.0
1314330 1133.7
1314340 1133.7
1314350 1138.5
1314360 1145.6
1314370 1145.6
1314380 1149.3
1314390 1151.9
1314400 1145.3
1314410 1148.3
1314420 1152.3
1314430 1152.3
1314440 1154.5
1314450 1156.2
1314460 1156.2
1314470 1159.3
1314480 1162.3
1314490 1162.3
1314500 1164.0
1314510 1165.8
1314520 1165.8
1314530 1167.7
1314540 1170.7
1314550 1170.7
1314560 1173.6
1314570 1175.7
1314580 1175.7
1314590 1178.8
1314600 1182.8
1314610 1182.8
1314620 1186.6
1314630 1188.0
1314640 1187.5
1314650 1187.5
1314660 1187.2
1314670 1187.1
1314680 1187.1
1314690 1187.7
1314700 1190.3
1314710 1190.3
1314720 1194.3
1314730 1200.2
1314740 1200.2
1314750 1204.5
1314760 1211.2
1314770 1211.2
1314780 1213.6
1314790 1215.5
1314800 1215.5
1314810 1217.6
1314820 1222.1
1314830 1222.1
1314840 1226.5
1314850 1226.6
1314860 1226.6
1314870 1222.4
1314880 1217.0
1314890 1217.0
1314900 1211.2
1314910 1204.2
1314920 1204.2
1314930 1196.6
1314940 1188.4
1314950 1188.4
1314960 1181.2
1314970 1174.1
1314980 1167.2
1314990 1167.2
1315000 1159.8
1315010 1152.0
1315020 1152.0
1315030 1145.1
1315040 1137.5
1315050 1137.5
1315060 1129.6
1315070 1122.1
1315080 1122.1
1315090 1114.5
1315100 1107.0
1315110 1107.0
1315120 1100.1
1315130 1092.7
1315140 1092.7
1315150 1084.3
1315160 1077.2
1315170 1077.2
1315180 1069.5
1315190 1062.4
1315200 1062.4
1315210 1056.4
1315220 1052.7
1315230 1052.7
1315240 1050.4
1315250 1048.3
1315260 1048.3
1315270 1045.6
1315280 1041.8
1315290 1041.8
1315300 1037.7
1315310 1033.6
1315320 1033.6
1315330 1029.5
1315340 1024.8
1315350 1018.8
1315360 1018.8
1315370 1012.3
1315380 1005.2
1315390 1005.2
1315400 998.0
1315410 990.1
1315420 990.1
1315430 981.0
1315440 973.3
1315450 973.3
1315460 964.0
1315470 956.5
1315480 956.5
1315490 950.6
1315500 944.6
1315510 944.6
1315520 939.1
1315530 935.0
1315540 935.0
1315550 930.1
1315560 926.2
1315570 926.2
1315580 926.1
1315590 925.9
1315600 925.9
1315610 924.2
1315620 923.5
1315630 923.5
1315640 916.6
1315650 904.4
1315660 904.4
1315670 904.1
1315680 915.1
1315690 925.7
1315700 925.7
1315710 930.6
1315720 936.8
1315730 936.8
1315740 942.0
1315750 941.5
1315760 941.5
1315770 939.8
1315780 938.9
1315790 938.9
1315800 937.6
1315810 932.8
1315820 932.8
1315830 928.2
1315840 924.8
1315850 924.8
1315860 919.9
1315870 922.7
1315880 922.7
1315890 935.1
1315900 940.5
1315910 940.5
1315920 924.7
1315930 918.2
1315940 918.2
1315950 911.7
1315960 893.6
1315970 893.6
1315980 889.1
1315990 887.8
1316000 887.8
1316010 893.2
1316020 906.1
1316030 912.0
1316040 912.0
1316050 912.8
1316060 912.7
1316070 912.7
1316080 910.7
1316090 904.2
1316100 904.2
1316110 898.3
1316120 898.5
1316130 898.5
1316140 895.4
1316150 885.3
1316160 885.3
1316170 882.5
1316180 879.3
1316190 879.3
1316200 874.3
1316210 872.2
1316220 872.2
1316230 873.5
1316240 873.7
1316250 873.7
1316260 873.9
1316270 873.8
1316280 873.8
1316290 875.4
1316300 879.2
1316310 879.2
1316320 882.4
1316330 883.2
1316340 883.2
1316350 888.8
1316360 903.3
1316370 903.3
1316380 909.1
1316390 916.1
1316400 924.0
1316410 924.0
1316420 926.6
1316430 926.2
1316440 926.2
1316450 926.5
1316460 924.1
1316470 924.1
1316480 920.4
1316490 915.2
1316500 915.2
1316510 912.5
1316520 916.8
1316530 916.8
1316540 921.6
1316550 920.1
1316560 920.1
1316570 921.2
1316580 923.4
1316590 923.4
1316600 925.0
1316610 925.6
1316620 925.6
1316630 919.6
1316640 913.5
1316650 913.5
1316660 912.2
1316670 904.3
1316680 894.8
1316690 887.4
1316700 882.7
1316710 882.7
1316720 883.1
1316730 888.1
1316740 885.8
1316750 885.8
1316760 884.0
1316770 892.7
1316780 892.7
1316790 896.9
1316800 893.4
1316810 893.4
1316820 895.4
1316830 902.1
1316840 902.1
1316850 909.8
1316860 915.9
1316870 915.9
1316880 918.3
1316890 914.5
1316900 914.5
1316910 909.1
1316920 902.0
1316930 902.0
1316940 894.9
1316950 900.3
1316960 900.3
1316970 900.9
1316980 886.1
1316990 886.1
1317000 874.9
1317010 871.0
1317020 871.0
1317030 870.4
1317040 873.2
1317050 873.2
1317060 879.5
1317070 891.1
1317080 903.4
1317090 903.4
1317100 911.4
1317110 915.6
1317120 915.6
1317130 917.0
1317140 915.7
1317150 915.7
1317160 916.0
1317170 914.5
1317180 914.5
1317190 913.8
1317200 914.1
1317210 914.1
1317220 914.7
1317230 914.9
1317240 914.9
1317250 914.5
1317260 913.7
1317270 913.7
1317280 912.8
1317290 911.4
1317300 911.4
1317310 910.3
1317320 909.4
1317330 909.4
1317340 909.7
1317350 910.7
1317360 910.7
1317370 909.9
1317380 910.1
1317390 910.1
1317400 911.1
1317410 908.7
1317420 908.1
1317430 908.1
1317440 907.1
1317450 908.8
1317460 908.8
1317470 908.4
1317480 908.2
1317490 908.2
1317500 907.0
1317510 905.3
1317520 905.3
1317530 905.8
1317540 906.1
1317550 906.1
1317560 905.1
1317570 904.2
1317580 904.2
1317590 902.8
1317600 900.6
1317610 900.6
1317620 899.6
1317630 898.3
1317640 898.3
1317650 896.3
1317660 892.5
1317670 892.5
1317680 887.2
1317690 884.3
1317700 884.3
1317710 884.2
1317720 885.1
1317730 885.1
1317740 884.6
1317750 881.0
1317760 881.0
1317770 875.6
1317780 871.5
1317790 868.7
1317800 868.7
1317810 866.1
1317820 864.0
1317830 864.0
1317840 861.2
1317850 857.9
1317860 857.9
1317870 856.6
1317880 859.7
1317890 859.7
1317900 863.0
1317910 865.6
1317920 865.6
1317930 867.1
1317940 868.3
1317950 868.3
1317960 869.5
1317970 870.6
1317980 870.6
1317990 871.5
1318000 873.8
1318010 873.8
1318020 878.9
1318030 882.4
1318040 882.4
1318050 884.6
1318060 883.8
1318070 883.8
1318080 885.3
1318090 887.8
1318100 887.8
1318110 891.3
1318120 893.0
1318130 894.2
1318140 894.2
1318150 895.4
1318160 895.8
1318170 895.8
1318180 895.7
1318190 892.6
1318200 892.6
1318210 884.8
1318220 875.0
1318230 875.0
1318240 861.1
1318250 845.6
1318260 845.6
1318270 830.3
1318280 816.7
1318290 816.7
1318300 808.4
1318310 814.8
1318320 814.8
1318330 825.4
1318340 834.5
1318350 834.5
1318360 842.6
1318370 852.6
1318380 852.6
1318390 863.4
1318400 873.5
1318410 873.5
1318420 882.3
1318430 881.3
1318440 881.3
1318450 874.8
1318460 871.5
1318470 861.8
1318480 861.8
1318490 852.3
1318500 840.1
1318510 840.1
1318520 833.3
1318530 828.0
1318540 828.0
1318550 823.1
1318560 818.7
1318570 818.7
1318580 814.5
1318590 810.1
1318600 810.1
1318610 807.1
1318620 804.1
1318630 804.1
1318640 800.6
1318650 798.7
1318660 798.7
1318670 798.1
1318680 796.3
1318690 796.3
1318700 790.8
1318710 797.7
1318720 797.7
1318730 809.2
1318740 824.1
1318750 824.1
1318760 835.7
1318770 845.9
1318780 845.9
1318790 858.9
1318800 868.8
1318810 868.8
1318820 877.8
1318830 882.7
1318840 879.2
1318850 879.2
1318860 884.3
1318870 888.8
1318880 888.8
1318890 891.5
1318900 887.2
1318910 887.2
1318920 879.1
1318930 872.7
1318940 872.7
1318950 863.9
1318960 868.5
1318970 868.5
1318980 871.7
1318990 877.1
1319000 877.1
1319010 883.8
1319020 879.9
1319030 879.9
1319040 883.8
1319050 889.3
1319060 889.3
1319070 891.8
1319080 893.6
1319090 893.6
1319100 895.4
1319110 896.7
1319120 896.7
1319130 897.8
1319140 899.0
1319150 899.0
1319160 900.5
1319170 901.6
1319180 902.5
1319190 902.5
1319200 903.3
1319210 903.5
1319220 903.5
1319230 903.6
1319240 904.1
1319250 904.1
1319260 904.8
1319270 905.6
1319280 905.6
1319290 906.2
1319300 906.5
1319310 906.5
1319320 906.7
1319330 906.8
1319340 906.8
1319350 906.5
1319360 905.3
1319370 905.3
1319380 902.6
1319390 897.7
1319400 897.7
1319410 892.9
1319420 888.2
1319430 888.2
1319440 882.5
1319450 878.3
1319460 878.3
1319470 875.6
1319480 872.7
1319490 872.7
1319500 869.6
1319510 866.4
1319520 863.2
1319530 863.2
1319540 857.5
1319550 854.0
1319560 854.0
1319570 856.3
1319580 854.2
1319590 854.2
1319600 851.1
1319610 845.3
1319620 845.3
1319630 844.6
1319640 854.9
1319650 854.9
1319660 866.4
1319670 875.2
1319680 875.2
1319690 881.4
1319700 883.7
1319710 883.7
1319720 880.1
1319730 876.8
1319740 876.8
1319750 881.2
1319760 875.7
1319770 875.7
1319780 870.8
1319790 870.7
1319800 870.7
1319810 868.4
1319820 865.7
1319830 865.7
1319840 860.0
1319850 856.2
1319860 856.2
1319870 859.8
1319880 871.5
1319890 879.6
1319900 879.6
1319910 882.7
1319920 890.7
1319930 890.7
1319940 899.2
1319950 910.7
1319960 910.7
1319970 921.5
1319980 926.0
1319990 926.0
