1300000 1308.8
1300010 1307.5
1300020 1305.9
1300030 1305.9
1300040 1304.9
1300050 1303.1
1300060 1302.4
1300070 1302.4
1300080 1299.8
1300090 1298.0
1300100 1298.0
1300110 1300.6
1300120 1305.9
1300130 1305.9
1300140 1309.5
1300150 1312.8
1300160 1312.8
1300170 1315.9
1300180 1318.1
1300190 1318.1
1300200 1319.5
1300210 1322.0
1300220 1322.0
1300230 1324.7
1300240 1327.1
1300250 1327.1
1300260 1329.7
1300270 1332.2
1300280 1332.2
1300290 1334.4
1300300 1335.3
1300310 1335.3
1300320 1334.5
1300330 1332.6
1300340 1332.6
1300350 1333.8
1300360 1335.1
1300370 1335.1
1300380 1337.5
1300390 1340.3
1300400 1343.4
1300410 1343.4
1300420 1346.6
1300430 1348.7
1300440 1348.7
1300450 1350.0
1300460 1351.2
1300470 1351.2
1300480 1351.7
1300490 1351.3
1300500 1351.3
1300510 1350.2
1300520 1348.9
1300530 1348.9
1300540 1347.8
1300550 1347.0
1300560 1347.0
1300570 1344.3
1300580 1343.6
1300590 1343.6
1300600 1346.7
1300610 1348.2
1300620 1348.2
1300630 1349.1
1300640 1349.8
1300650 1349.8
1300660 1349.1
1300670 1346.8
1300680 1346.8
1300690 1344.4
1300700 1341.8
1300710 1341.8
1300720 1337.6
1300730 1333.1
1300740 1333.1
1300750 1330.3
1300760 1328.4
1300770 1326.1
1300780 1320.9
1300790 1318.2
1300800 1318.5
1300810 1318.5
1300820 1321.4
1300830 1322.6
1300840 1322.6
1300850 1322.9
1300860 1322.5
1300870 1322.5
1300880 1321.8
1300890 1320.9
1300900 1320.9
1300910 1320.0
1300920 1320.0
1300930 1320.0
1300940 1320.4
1300950 1320.6
1300960 1320.6
1300970 1314.8
1300980 1305.4
1300990 1305.4
1301000 1299.0
1301010 1294.5
1301020 1294.5
1301030 1291.7
1301040 1288.6
1301050 1288.6
1301060 1284.4
1301070 1280.6
1301080 1280.6
1301090 1276.7
1301100 1272.1
1301110 1267.4
1301120 1267.4
1301130 1263.1
1301140 1257.8
1301150 1257.8
1301160 1252.4
1301170 1248.1
1301180 1248.1
1301190 1243.4
1301200 1238.2
1301210 1238.2
1301220 1232.2
1301230 1226.3
1301240 1226.3
1301250 1219.8
1301260 1213.6
1301270 1213.6
1301280 1209.1
1301290 1206.5
1301300 1206.5
1301310 1204.4
1301320 1201.8
1301330 1201.8
1301340 1199.2
1301350 1196.7
1301360 1196.7
1301370 1196.0
1301380 1195.1
1301390 1195.1
1301400 1195.6
1301410 1194.9
1301420 1194.9
1301430 1192.8
1301440 1190.9
1301450 1189.1
1301460 1189.1
1301470 1187.5
1301480 1189.7
1301490 1189.7
1301500 1187.7
1301510 1181.8
1301520 1181.8
1301530 1173.8
1301540 1165.7
1301550 1165.7
1301560 1158.5
1301570 1152.0
1301580 1152.0
1301590 1145.6
1301600 1141.0
1301610 1141.0
1301620 1138.1
1301630 1135.7
1301640 1135.7
1301650 1133.6
1301660 1130.6
1301670 1130.6
1301680 1128.0
1301690 1126.2
1301700 1126.2
1301710 1125.4
1301720 1126.6
1301730 1126.6
1301740 1128.4
1301750 1128.8
1301760 1128.8
1301770 1128.7
1301780 1128.7
1301790 1128.7
1301800 1128.0
1301810 1127.1
1301820 1126.8
1301830 1126.8
1301840 1122.3
1301850 1110.6
1301860 1110.6
1301870 1099.7
1301880 1090.0
1301890 1090.0
1301900 1080.2
1301910 1071.6
1301920 1071.6
1301930 1063.7
1301940 1056.2
1301950 1056.2
1301960 1048.9
1301970 1041.7
1301980 1041.7
1301990 1034.4
1302000 1027.3
1302010 1027.3
1302020 1020.5
1302030 1015.1
1302040 1015.1
1302050 1010.1
1302060 1006.5
1302070 1006.5
1302080 1007.2
1302090 1009.9
1302100 1009.9
1302110 1010.9
1302120 1010.7
1302130 1010.7
1302140 1009.0
1302150 1008.5
1302160 1009.5
1302170 1009.5
1302180 1010.7
1302190 1010.4
1302200 1010.4
1302210 1008.7
1302220 1005.9
1302230 1005.9
1302240 1003.7
1302250 1002.9
1302260 1002.9
1302270 1003.3
1302280 1003.5
1302290 1003.5
1302300 1003.2
1302310 1002.7
1302320 1002.7
1302330 1002.6
1302340 1001.3
1302350 1001.3
1302360 1000.0
1302370 998.2
1302380 998.2
1302390 997.4
1302400 998.3
1302410 998.3
1302420 998.2
1302430 997.1
1302440 997.1
1302450 992.2
1302460 985.2
1302470 985.2
1302480 978.4
1302490 971.4
1302500 971.4
1302510 965.6
1302520 961.7
1302530 957.7
1302540 957.7
1302550 955.0
1302560 951.5
1302570 951.5
1302580 947.8
1302590 945.0
1302600 945.0
1302610 941.9
1302620 939.0
1302630 939.0
1302640 936.4
1302650 933.7
1302660 933.7
1302670 931.2
1302680 929.1
1302690 929.1
1302700 927.8
1302710 926.7
1302720 926.7
1302730 925.9
1302740 925.8
1302750 925.8
1302760 925.5
1302770 925.2
1302780 925.2
1302790 925.0
1302800 924.4
1302810 924.4
1302820 922.1
1302830 918.5
1302840 918.5
1302850 916.5
1302860 916.2
1302870 916.3
1302880 916.6
1302890 916.5
1302900 916.4
1302910 916.4
1302920 916.1
1302930 916.1
1302940 916.1
1302950 916.0
1302960 915.8
1302970 915.8
1302980 915.6
1302990 915.3
1303000 915.3
1303010 915.2
1303020 915.0
1303030 915.0
1303040 915.0
1303050 915.0
1303060 915.0
1303070 914.7
1303080 914.6
1303090 914.6
1303100 914.5
1303110 914.5
1303120 914.5
1303130 914.5
1303140 914.3
1303150 914.3
1303160 913.5
1303170 912.7
1303180 912.7
1303190 912.2
1303200 911.2
1303210 911.7
1303220 911.7
1303230 913.0
1303240 913.3
1303250 913.3
1303260 913.6
1303270 913.9
1303280 913.9
1303290 914.6
1303300 916.0
1303310 916.0
1303320 917.5
1303330 919.0
1303340 919.0
1303350 921.6
1303360 925.4
1303370 925.4
1303380 927.0
1303390 928.2
1303400 928.2
1303410 929.6
1303420 930.9
1303430 930.9
1303440 932.3
1303450 933.7
1303460 933.7
1303470 935.0
1303480 936.4
1303490 936.4
1303500 938.0
1303510 939.6
1303520 939.6
1303530 941.4
1303540 943.1
1303550 943.1
1303560 944.9
1303570 946.7
1303580 948.8
1303590 948.8
1303600 950.7
1303610 953.0
1303620 953.0
1303630 955.1
1303640 957.2
1303650 957.2
1303660 959.2
1303670 961.1
1303680 961.1
1303690 962.2
1303700 962.5
1303710 962.5
1303720 964.1
1303730 966.7
1303740 966.7
1303750 968.6
1303760 971.5
1303770 971.5
1303780 974.3
1303790 977.0
1303800 977.0
1303810 981.1
1303820 983.8
1303830 983.8
1303840 985.5
1303850 987.3
1303860 987.3
1303870 989.9
1303880 991.6
1303890 991.6
1303900 993.4
1303910 996.2
1303920 999.6
1303930 999.6
1303940 1002.8
1303950 1005.3
1303960 1005.3
1303970 1008.9
1303980 1012.0
1303990 1012.0
1304000 1013.1
1304010 1012.1
1304020 1012.1
1304030 1013.5
1304040 1019.0
1304050 1019.0
1304060 1023.5
1304070 1030.9
1304080 1030.9
1304090 1040.4
1304100 1048.6
1304110 1048.6
1304120 1054.2
1304130 1059.5
1304140 1059.5
1304150 1061.4
1304160 1063.0
1304170 1063.0
1304180 1062.7
1304190 1063.7
1304200 1063.7
1304210 1065.5
1304220 1069.9
1304230 1069.9
1304240 1070.5
1304250 1075.0
1304260 1079.6
1304270 1079.6
1304280 1083.7
1304290 1094.3
1304300 1094.3
1304310 1097.5
1304320 1103.7
1304330 1103.7
1304340 1109.0
1304350 1114.4
1304360 1114.4
1304370 1120.2
1304380 1124.3
1304390 1124.3
1304400 1131.2
1304410 1134.0
1304420 1134.0
1304430 1141.0
1304440 1150.6
1304450 1150.6
1304460 1159.0
1304470 1162.5
1304480 1162.5
1304490 1164.4
1304500 1170.1
1304510 1170.1
1304520 1176.4
1304530 1185.2
1304540 1185.2
1304550 1196.2
1304560 1209.1
1304570 1209.1
1304580 1220.6
1304590 1235.6
1304600 1235.6
1304610 1250.6
1304620 1256.2
1304630 1262.0
1304640 1262.0
1304650 1268.0
1304660 1271.7
1304670 1271.7
1304680 1270.3
1304690 1271.8
1304700 1271.8
1304710 1279.4
1304720 1282.5
1304730 1282.5
1304740 1283.1
1304750 1286.6
1304760 1286.6
1304770 1294.1
1304780 1305.8
1304790 1305.8
1304800 1313.6
1304810 1319.4
1304820 1319.4
1304830 1324.4
1304840 1330.9
1304850 1330.9
1304860 1339.4
1304870 1350.3
1304880 1350.3
1304890 1361.8
1304900 1374.1
1304910 1374.1
1304920 1383.9
1304930 1399.2
1304940 1399.2
1304950 1403.6
1304960 1406.9
1304970 1416.1
1304980 1416.1
1304990 1429.5
1305000 1439.4
1305010 1439.4
1305020 1451.9
1305030 1465.5
1305040 1465.5
1305050 1484.0
1305060 1500.9
1305070 1500.9
1305080 1509.5
1305090 1529.0
1305100 1529.0
1305110 1546.4
1305120 1559.4
1305130 1559.4
1305140 1568.0
1305150 1576.6
1305160 1576.6
1305170 1582.4
1305180 1582.8
1305190 1582.8
1305200 1583.2
1305210 1586.1
1305220 1586.1
1305230 1589.7
1305240 1589.4
1305250 1589.4
1305260 1578.3
1305270 1576.3
1305280 1576.3
1305290 1568.5
1305300 1579.3
1305310 1579.3
1305320 1589.9
1305330 1603.0
1305340 1620.9
1305350 1620.9
1305360 1631.8
1305370 1638.4
1305380 1638.4
1305390 1644.5
1305400 1649.2
1305410 1649.2
1305420 1649.9
1305430 1644.6
1305440 1644.6
1305450 1640.7
1305460 1645.5
1305470 1645.5
1305480 1654.5
1305490 1661.4
1305500 1661.4
1305510 1661.5
1305520 1662.1
1305530 1662.1
1305540 1668.2
1305550 1674.1
1305560 1674.1
1305570 1683.0
1305580 1692.9
1305590 1692.9
1305600 1702.2
1305610 1710.6
1305620 1710.6
1305630 1719.1
1305640 1726.6
1305650 1726.6
1305660 1734.5
1305670 1742.3
1305680 1750.0
1305690 1750.0
1305700 1759.2
1305710 1768.1
1305720 1767.9
1305730 1775.0
1305740 1781.6
1305750 1781.6
1305760 1790.5
1305770 1797.9
1305780 1797.9
1305790 1805.5
1305800 1812.4
1305810 1812.4
1305820 1818.3
1305830 1824.7
1305840 1824.7
1305850 1834.4
1305860 1844.5
1305870 1844.5
1305880 1852.2
1305890 1860.3
1305900 1860.3
1305910 1867.6
1305920 1876.4
1305930 1876.4
1305940 1886.4
1305950 1893.5
1305960 1893.5
1305970 1900.8
1305980 1907.5
1305990 1907.5
1306000 1914.5
1306010 1922.3
1306020 1929.7
1306030 1929.7
1306040 1937.3
1306050 1946.4
1306060 1946.4
1306070 1955.7
1306080 1963.5
1306090 1963.5
1306100 1969.3
1306110 1974.5
1306120 1974.5
1306130 1977.4
1306140 1978.9
1306150 1978.9
1306160 1980.4
1306170 1981.5
1306180 1981.5
1306190 1982.7
1306200 1984.0
1306210 1984.0
1306220 1985.4
1306230 1986.1
1306240 1986.1
1306250 1986.9
1306260 1987.7
1306270 1987.7
1306280 1988.3
1306290 1989.6
1306300 1989.6
1306310 1990.8
1306320 1992.6
1306330 1992.6
1306340 1994.1
1306350 1995.6
1306360 1995.6
1306370 1997.5
1306380 1998.5
1306390 2000.0
1306400 2000.0
1306410 2001.8
1306420 2003.7
1306430 2006.2
1306440 2007.9
1306450 2009.4
1306460 2009.4
1306470 2010.9
1306480 2011.3
1306490 2011.3
1306500 2007.1
1306510 1993.4
1306520 1993.4
1306530 1981.3
1306540 1974.3
1306550 1974.3
1306560 1971.2
1306570 1965.5
1306580 1965.5
1306590 1950.4
1306600 1937.8
1306610 1937.8
1306620 1924.7
1306630 1910.2
1306640 1910.2
1306650 1900.9
1306660 1895.0
1306670 1895.0
1306680 1888.8
1306690 1882.6
1306700 1882.6
1306710 1876.8
1306720 1870.6
1306730 1865.5
1306740 1865.5
1306750 1861.8
1306760 1859.6
1306770 1859.6
1306780 1859.0
1306790 1858.8
1306800 1858.8
1306810 1860.2
1306820 1863.9
1306830 1863.9
1306840 1866.6
1306850 1868.7
1306860 1868.7
1306870 1871.6
1306880 1873.2
1306890 1873.2
1306900 1874.1
1306910 1877.0
1306920 1877.0
1306930 1880.4
1306940 1883.0
1306950 1883.0
1306960 1884.7
1306970 1885.4
1306980 1885.4
1306990 1884.1
1307000 1879.5
1307010 1879.5
1307020 1873.9
1307030 1867.4
1307040 1867.4
1307050 1859.5
1307060 1852.7
1307070 1852.7
1307080 1844.9
1307090 1836.5
1307100 1829.6
1307110 1829.6
1307120 1823.3
1307130 1816.5
1307140 1816.5
1307150 1807.0
1307160 1797.1
1307170 1797.1
1307180 1786.1
1307190 1773.3
1307200 1773.3
1307210 1763.5
1307220 1753.5
1307230 1753.5
1307240 1742.6
1307250 1731.9
1307260 1731.9
1307270 1722.7
1307280 1715.2
1307290 1715.2
1307300 1708.2
1307310 1702.8
1307320 1702.8
1307330 1699.5
1307340 1693.7
1307350 1693.7
1307360 1688.1
1307370 1681.9
1307380 1681.9
1307390 1672.9
1307400 1656.8
1307410 1656.8
1307420 1636.1
1307430 1626.7
1307440 1619.3
1307450 1619.3
1307460 1612.2
1307470 1606.5
1307480 1606.5
1307490 1601.7
1307500 1597.4
1307510 1597.4
1307520 1593.8
1307530 1589.5
1307540 1589.5
1307550 1584.6
1307560 1579.5
1307570 1579.5
1307580 1573.0
1307590 1568.1
1307600 1568.1
1307610 1563.4
1307620 1558.9
1307630 1558.9
1307640 1554.5
1307650 1550.2
1307660 1550.2
1307670 1546.7
1307680 1543.4
1307690 1543.4
1307700 1539.0
1307710 1536.3
1307720 1536.3
1307730 1534.9
1307740 1534.7
1307750 1534.7
1307760 1534.3
1307770 1536.3
1307780 1541.4
1307790 1541.4
1307800 1546.5
1307810 1551.9
1307820 1551.9
1307830 1562.1
1307840 1570.5
1307850 1570.5
1307860 1575.9
1307870 1588.9
1307880 1588.9
1307890 1591.1
1307900 1588.3
1307910 1588.3
1307920 1588.9
1307930 1596.8
1307940 1596.8
1307950 1604.4
1307960 1607.1
1307970 1607.1
1307980 1608.3
1307990 1605.8
1308000 1605.8
1308010 1598.1
1308020 1592.1
1308030 1592.1
1308040 1585.1
1308050 1573.4
1308060 1573.4
1308070 1563.7
1308080 1552.8
1308090 1552.8
1308100 1543.6
1308110 1535.7
1308120 1535.7
1308130 1529.8
1308140 1524.8
1308150 1519.3
1308160 1519.3
1308170 1509.3
1308180 1499.9
1308190 1499.9
1308200 1489.1
1308210 1475.2
1308220 1475.2
1308230 1464.7
1308240 1462.8
1308250 1462.8
1308260 1464.1
1308270 1453.5
1308280 1453.5
1308290 1439.7
1308300 1422.8
1308310 1422.8
1308320 1412.2
1308330 1406.4
1308340 1406.4
1308350 1401.0
1308360 1394.9
1308370 1394.9
1308380 1388.8
1308390 1382.3
1308400 1382.3
1308410 1372.1
1308420 1360.9
1308430 1360.9
1308440 1354.3
1308450 1349.0
1308460 1349.0
1308470 1344.2
1308480 1339.8
1308490 1335.7
1308500 1335.7
1308510 1331.4
1308520 1325.4
1308530 1325.4
1308540 1318.4
1308550 1310.5
1308560 1310.5
1308570 1304.8
1308580 1300.2
1308590 1300.2
1308600 1300.2
1308610 1293.0
1308620 1293.0
1308630 1280.5
1308640 1265.8
1308650 1265.8
1308660 1255.2
1308670 1257.2
1308680 1257.2
1308690 1260.7
1308700 1264.6
1308710 1264.6
1308720 1266.6
1308730 1269.3
1308740 1269.3
1308750 1275.3
1308760 1282.0
1308770 1282.0
1308780 1287.8
1308790 1292.9
1308800 1292.9
1308810 1298.3
1308820 1304.1
1308830 1309.7
1308840 1309.7
1308850 1322.2
1308860 1343.6
1308870 1343.6
1308880 1357.9
1308890 1363.1
1308900 1363.1
1308910 1362.7
1308920 1360.7
1308930 1360.7
1308940 1362.7
1308950 1361.5
1308960 1361.5
1308970 1359.6
1308980 1362.1
1308990 1362.1
1309000 1367.4
1309010 1374.9
1309020 1374.9
1309030 1389.1
1309040 1410.0
1309050 1410.0
1309060 1428.0
1309070 1442.2
1309080 1442.2
1309090 1456.6
1309100 1469.8
1309110 1469.8
1309120 1476.5
1309130 1481.3
1309140 1481.3
1309150 1482.8
1309160 1478.4
1309170 1478.4
1309180 1474.2
1309190 1467.1
1309200 1461.5
1309210 1461.5
1309220 1456.6
1309230 1448.1
1309240 1448.1
1309250 1440.9
1309260 1435.5
1309270 1435.5
1309280 1430.6
1309290 1423.6
1309300 1423.6
1309310 1412.1
1309320 1403.0
1309330 1401.9
1309340 1391.3
1309350 1387.3
1309360 1387.3
1309370 1388.6
1309380 1382.8
1309390 1382.8
1309400 1371.9
1309410 1364.0
1309420 1364.0
1309430 1357.3
1309440 1350.1
1309450 1350.1
1309460 1340.3
1309470 1327.8
1309480 1327.8
1309490 1319.7
1309500 1312.6
1309510 1312.6
1309520 1305.1
1309530 1296.7
1309540 1288.5
1309550 1288.5
1309560 1281.8
1309570 1275.9
1309580 1275.9
1309590 1270.3
1309600 1264.2
1309610 1264.2
1309620 1259.0
1309630 1254.3
1309640 1254.3
1309650 1250.4
1309660 1247.3
1309670 1247.3
1309680 1241.2
1309690 1234.2
1309700 1234.2
1309710 1228.2
1309720 1221.9
1309730 1221.9
1309740 1216.1
1309750 1213.9
1309760 1213.9
1309770 1213.9
1309780 1212.6
1309790 1212.6
1309800 1212.1
1309810 1212.3
1309820 1212.3
1309830 1212.8
1309840 1214.2
1309850 1214.2
1309860 1215.5
1309870 1216.2
1309880 1216.2
1309890 1217.5
1309900 1219.0
1309910 1221.3
1309920 1221.3
1309930 1223.5
1309940 1222.0
1309950 1222.0
1309960 1219.2
1309970 1221.2
1309980 1221.2
1309990 1223.2
1310000 1223.3
1310010 1223.3
1310020 1223.0
1310030 1224.9
1310040 1224.9
1310050 1229.8
1310060 1236.1
1310070 1236.1
1310080 1240.0
1310090 1241.5
1310100 1241.5
1310110 1242.1
1310120 1242.0
1310130 1242.0
1310140 1241.4
1310150 1240.7
1310160 1240.7
1310170 1239.9
1310180 1238.9
1310190 1238.9
1310200 1237.8
1310210 1236.8
1310220 1236.8
1310230 1236.9
1310240 1236.3
1310250 1234.8
1310260 1234.8
1310270 1233.9
1310280 1234.0
1310290 1234.0
1310300 1236.0
1310310 1242.7
1310320 1242.7
1310330 1254.4
1310340 1262.3
1310350 1262.3
1310360 1265.8
1310370 1266.8
1310380 1266.8
1310390 1268.2
1310400 1268.6
1310410 1268.6
1310420 1267.8
1310430 1264.6
1310440 1264.6
1310450 1259.4
1310460 1255.4
1310470 1255.4
1310480 1251.6
1310490 1247.5
1310500 1247.5
1310510 1241.7
1310520 1236.4
1310530 1236.4
1310540 1231.6
1310550 1226.9
1310560 1226.9
1310570 1223.0
1310580 1219.4
1310590 1214.8
1310600 1214.8
1310610 1208.4
1310620 1202.2
1310630 1202.2
1310640 1196.3
1310650 1192.5
1310660 1192.5
1310670 1191.0
1310680 1187.8
1310690 1187.8
1310700 1180.2
1310710 1172.0
1310720 1172.0
1310730 1165.3
1310740 1159.6
1310750 1159.6
1310760 1156.2
1310770 1151.8
1310780 1151.8
1310790 1142.8
1310800 1137.0
1310810 1137.0
1310820 1131.4
1310830 1125.0
1310840 1125.0
1310850 1119.7
1310860 1114.8
1310870 1114.8
1310880 1110.4
1310890 1107.6
1310900 1107.6
1310910 1104.0
1310920 1098.6
1310930 1098.6
1310940 1093.0
1310950 1088.1
1310960 1084.3
1310970 1084.3
1310980 1081.2
1310990 1078.3
1311000 1078.3
1311010 1075.2
1311020 1071.1
1311030 1071.1
1311040 1067.6
1311050 1064.4
1311060 1064.4
1311070 1061.3
1311080 1057.3
1311090 1057.3
1311100 1053.6
1311110 1051.5
1311120 1051.5
1311130 1048.6
1311140 1045.5
1311150 1045.5
1311160 1042.1
1311170 1037.9
1311180 1037.9
1311190 1034.5
1311200 1031.7
1311210 1031.7
1311220 1029.0
1311230 1026.7
1311240 1026.7
1311250 1023.6
1311260 1020.7
1311270 1020.7
1311280 1017.3
1311290 1013.3
1311300 1010.4
1311310 1010.4
1311320 1007.7
1311330 1006.3
1311340 1006.3
1311350 1006.1
1311360 1006.1
1311370 1006.1
1311380 1006.0
1311390 1005.7
1311400 1005.7
1311410 1005.1
1311420 1005.4
1311430 1005.4
1311440 1005.4
1311450 1005.2
1311460 1005.2
1311470 1005.1
1311480 1005.0
1311490 1005.0
1311500 1005.1
1311510 1005.2
1311520 1005.2
1311530 1005.0
1311540 1005.1
1311550 1005.1
1311560 1005.4
1311570 1005.8
1311580 1005.8
1311590 1006.1
1311600 1006.6
1311610 1006.6
1311620 1007.2
1311630 1007.8
1311640 1007.8
1311650 1007.8
1311660 1008.0
1311670 1008.2
1311680 1008.2
1311690 1008.3
1311700 1008.5
1311710 1008.5
1311720 1008.9
1311730 1009.4
1311740 1009.4
1311750 1009.8
1311760 1010.0
1311770 1010.0
1311780 1010.4
1311790 1010.8
1311800 1010.8
1311810 1011.0
1311820 1011.6
1311830 1011.6
1311840 1012.5
1311850 1013.3
1311860 1013.3
1311870 1013.6
1311880 1014.1
1311890 1014.1
1311900 1014.7
1311910 1014.8
1311920 1014.8
1311930 1015.2
1311940 1015.7
1311950 1015.7
1311960 1016.0
1311970 1016.4
1311980 1016.4
1311990 1016.7
1312000 1016.6
1312010 1016.7
1312020 1016.7
1312030 1016.9
1312040 1017.2
1312050 1017.2
1312060 1017.3
1312070 1017.3
1312080 1017.3
1312090 1017.3
1312100 1017.4
1312110 1017.4
1312120 1017.6
1312130 1017.6
1312140 1017.6
1312150 1017.9
1312160 1018.0
1312170 1018.0
1312180 1018.0
1312190 1017.6
1312200 1017.6
1312210 1015.9
1312220 1016.2
1312230 1016.2
1312240 1017.0
1312250 1019.6
1312260 1019.6
1312270 1028.0
1312280 1030.9
1312290 1030.9
1312300 1033.7
1312310 1036.6
1312320 1036.6
1312330 1038.7
1312340 1040.2
1312350 1041.8
1312360 1041.8
1312370 1043.0
1312380 1043.9
1312390 1043.9
1312400 1045.0
1312410 1046.3
1312420 1046.3
1312430 1047.5
1312440 1048.7
1312450 1048.7
1312460 1049.4
1312470 1050.2
1312480 1050.2
1312490 1052.1
1312500 1053.7
1312510 1053.7
1312520 1054.1
1312530 1055.2
1312540 1055.2
1312550 1057.6
1312560 1059.3
1312570 1059.3
1312580 1060.9
1312590 1063.2
1312600 1063.2
1312610 1065.0
1312620 1066.7
1312630 1066.7
1312640 1068.1
1312650 1069.7
1312660 1069.7
1312670 1072.1
1312680 1075.2
1312690 1077.9
1312700 1077.9
1312710 1080.3
1312720 1082.1
1312730 1082.1
1312740 1083.6
1312750 1085.1
1312760 1085.1
1312770 1086.9
1312780 1088.3
1312790 1088.3
1312800 1089.9
1312810 1091.3
1312820 1091.3
1312830 1093.1
1312840 1095.2
1312850 1095.2
1312860 1095.8
1312870 1096.8
1312880 1096.8
1312890 1098.8
1312900 1101.6
1312910 1101.6
1312920 1103.3
1312930 1104.2
1312940 1104.2
1312950 1105.6
1312960 1107.2
1312970 1107.2
1312980 1109.2
1312990 1111.0
1313000 1111.0
1313010 1109.2
1313020 1110.5
1313030 1110.5
1313040 1112.6
1313050 1114.3
1313060 1115.0
1313070 1115.0
1313080 1116.5
1313090 1116.6
1313100 1116.6
1313110 1118.7
1313120 1120.3
1313130 1120.3
1313140 1122.4
1313150 1124.2
1313160 1124.2
1313170 1125.8
1313180 1128.0
1313190 1128.0
1313200 1130.9
1313210 1133.0
1313220 1133.0
1313230 1134.2
1313240 1135.7
1313250 1135.7
1313260 1138.4
1313270 1141.0
1313280 1141.0
1313290 1143.0
1313300 1145.0
1313310 1145.0
1313320 1147.1
1313330 1148.3
1313340 1148.3
1313350 1149.8
1313360 1152.0
1313370 1152.0
1313380 1154.9
1313390 1157.0
1313400 1158.7
1313410 1158.7
1313420 1159.9
1313430 1160.9
1313440 1160.9
1313450 1162.6
1313460 1164.0
1313470 1164.0
1313480 1165.2
1313490 1166.2
1313500 1166.2
1313510 1167.0
1313520 1167.3
1313530 1167.3
1313540 1166.4
1313550 1163.8
1313560 1163.8
1313570 1164.4
1313580 1169.9
1313590 1169.9
1313600 1173.0
1313610 1174.0
1313620 1174.0
1313630 1174.8
1313640 1175.4
1313650 1175.4
1313660 1176.0
1313670 1176.0
1313680 1176.0
1313690 1177.3
1313700 1178.3
1313710 1178.3
1313720 1178.1
1313730 1175.8
1313740 1171.2
1313750 1171.2
1313760 1165.4
1313770 1170.1
1313780 1170.1
1313790 1173.6
1313800 1175.4
1313810 1175.4
1313820 1175.9
1313830 1176.1
1313840 1176.1
1313850 1177.2
1313860 1178.1
1313870 1178.1
1313880 1175.1
1313890 1167.9
1313900 1167.9
1313910 1160.1
1313920 1153.8
1313930 1153.8
1313940 1149.2
1313950 1147.6
1313960 1147.6
1313970 1150.7
1313980 1157.5
1313990 1157.5
1314000 1164.9
1314010 1170.2
1314020 1170.2
1314030 1176.7
1314040 1183.1
1314050 1183.1
1314060 1188.6
1314070 1192.9
1314080 1192.9
1314090 1196.7
1314100 1199.6
1314110 1202.8
1314120 1202.8
1314130 1206.7
1314140 1210.7
1314150 1210.7
1314160 1214.0
1314170 1217.5
1314180 1217.5
1314190 1221.3
1314200 1225.1
1314210 1225.1
1314220 1228.4
1314230 1231.7
1314240 1231.7
1314250 1237.2
1314260 1243.8
1314270 1243.8
1314280 1249.9
1314290 1255.7
1314300 1255.7
1314310 1261.6
1314320 1267.0
1314330 1267.0
1314340 1271.6
1314350 1277.3
1314360 1277.3
1314370 1284.2
1314380 1290.5
1314390 1290.5
1314400 1296.7
1314410 1302.3
1314420 1302.3
1314430 1308.0
1314440 1313.9
1314450 1319.9
1314460 1319.9
1314470 1325.9
1314480 1334.1
1314490 1334.1
1314500 1340.4
1314510 1341.2
1314520 1341.2
1314530 1345.6
1314540 1348.5
1314550 1348.5
1314560 1350.7
1314570 1352.0
1314580 1352.0
1314590 1353.0
1314600 1353.1
1314610 1353.1
1314620 1352.0
1314630 1349.8
1314640 1349.8
1314650 1349.7
1314660 1352.8
1314670 1352.8
1314680 1354.8
1314690 1354.9
1314700 1354.9
1314710 1355.3
1314720 1355.5
1314730 1355.5
1314740 1355.0
1314750 1355.1
1314760 1355.1
1314770 1355.7
1314780 1356.5
1314790 1357.4
1314800 1357.4
1314810 1357.7
1314820 1357.3
1314830 1357.3
1314840 1356.4
1314850 1355.0
1314860 1355.0
1314870 1353.4
1314880 1351.1
1314890 1351.1
1314900 1347.8
1314910 1342.5
1314920 1342.5
1314930 1336.5
1314940 1332.3
1314950 1332.3
1314960 1328.8
1314970 1324.1
1314980 1324.1
1314990 1319.2
1315000 1315.4
1315010 1315.4
1315020 1312.8
1315030 1309.5
1315040 1309.5
1315050 1306.5
1315060 1303.7
1315070 1303.7
1315080 1299.3
1315090 1292.8
1315100 1292.8
1315110 1288.9
1315120 1290.0
1315130 1290.0
1315140 1289.3
1315150 1288.4
1315160 1287.4
1315170 1287.4
1315180 1286.0
1315190 1284.8
1315200 1284.8
1315210 1282.2
1315220 1279.8
1315230 1279.8
1315240 1277.4
1315250 1274.4
1315260 1274.4
1315270 1265.2
1315280 1261.8
1315290 1261.8
1315300 1257.8
1315310 1254.6
1315320 1254.6
1315330 1250.3
1315340 1245.1
1315350 1245.1
1315360 1239.8
1315370 1235.0
1315380 1235.0
1315390 1230.5
1315400 1225.5
1315410 1225.5
1315420 1219.4
1315430 1212.4
1315440 1212.4
1315450 1207.3
1315460 1205.0
1315470 1205.0
1315480 1203.3
1315490 1201.0
1315500 1200.5
1315510 1200.5
1315520 1199.3
1315530 1198.1
1315540 1198.1
1315550 1197.1
1315560 1197.7
1315570 1197.7
1315580 1195.4
1315590 1193.5
1315600 1193.5
1315610 1193.2
1315620 1191.8
1315630 1191.8
1315640 1189.3
1315650 1186.8
1315660 1186.8
1315670 1186.4
1315680 1187.7
1315690 1187.7
1315700 1187.5
1315710 1186.5
1315720 1186.5
1315730 1185.0
1315740 1182.6
1315750 1182.6
1315760 1181.5
1315770 1181.7
1315780 1181.7
1315790 1181.6
1315800 1183.4
1315810 1183.4
1315820 1189.0
1315830 1190.3
1315840 1190.3
1315850 1192.0
1315860 1195.3
1315870 1196.8
1315880 1196.8
1315890 1202.7
1315900 1207.9
1315910 1207.9
1315920 1209.3
1315930 1214.2
1315940 1214.2
1315950 1217.7
1315960 1218.7
1315970 1218.7
1315980 1216.5
1315990 1213.7
1316000 1213.7
1316010 1210.6
1316020 1206.6
1316030 1201.5
1316040 1196.6
1316050 1191.7
1316060 1191.7
1316070 1188.2
1316080 1185.6
1316090 1185.6
1316100 1183.5
1316110 1180.8
1316120 1180.8
1316130 1177.3
1316140 1173.0
1316150 1173.0
1316160 1168.7
1316170 1164.2
1316180 1164.2
1316190 1158.8
1316200 1152.9
1316210 1146.9
1316220 1146.9
1316230 1140.4
1316240 1133.3
1316250 1133.3
1316260 1125.3
1316270 1117.1
1316280 1117.1
1316290 1109.3
1316300 1103.1
1316310 1103.1
1316320 1101.3
1316330 1102.0
1316340 1102.0
1316350 1101.2
1316360 1100.4
1316370 1100.4
1316380 1101.0
1316390 1104.8
1316400 1104.8
1316410 1108.5
1316420 1111.3
1316430 1111.3
1316440 1112.1
1316450 1111.5
1316460 1111.5
1316470 1107.0
1316480 1106.6
1316490 1106.6
1316500 1110.8
1316510 1113.7
1316520 1113.7
1316530 1117.8
1316540 1119.2
1316550 1118.6
1316560 1118.6
1316570 1117.9
1316580 1118.5
1316590 1118.5
1316600 1119.2
1316610 1119.5
1316620 1119.5
1316630 1118.2
1316640 1114.5
1316650 1114.5
1316660 1110.6
1316670 1105.5
1316680 1105.5
1316690 1098.8
1316700 1091.9
1316710 1091.9
1316720 1085.6
1316730 1084.3
1316740 1084.3
1316750 1086.4
1316760 1088.2
1316770 1088.2
1316780 1086.9
1316790 1079.5
1316800 1079.5
1316810 1081.3
1316820 1084.8
1316830 1084.8
1316840 1087.8
1316850 1088.5
1316860 1088.5
1316870 1091.1
1316880 1093.7
1316890 1093.7
1316900 1094.0
1316910 1092.6
1316920 1094.5
1316930 1094.5
1316940 1096.1
1316950 1097.0
1316960 1097.0
1316970 1097.7
1316980 1097.6
1316990 1097.6
1317000 1095.9
1317010 1098.7
1317020 1098.7
1317030 1102.7
1317040 1104.1
1317050 1104.1
1317060 1103.3
1317070 1102.1
1317080 1102.1
1317090 1101.1
1317100 1099.8
1317110 1099.8
1317120 1098.4
1317130 1097.9
1317140 1097.9
1317150 1096.5
1317160 1094.6
1317170 1094.6
1317180 1092.9
1317190 1091.6
1317200 1091.6
1317210 1090.1
1317220 1088.0
1317230 1088.0
1317240 1085.9
1317250 1083.7
1317260 1081.9
1317270 1081.9
1317280 1080.1
1317290 1078.1
1317300 1078.1
1317310 1075.5
1317320 1072.7
1317330 1072.7
1317340 1069.7
1317350 1066.3
1317360 1066.3
1317370 1060.5
1317380 1052.8
1317390 1052.8
1317400 1045.1
1317410 1037.5
1317420 1037.5
1317430 1029.9
1317440 1022.5
1317450 1022.5
1317460 1015.9
1317470 1010.1
1317480 1010.1
1317490 1005.6
1317500 1002.3
1317510 1002.3
1317520 1000.1
1317530 997.7
1317540 997.7
1317550 998.7
1317560 993.8
1317570 993.8
1317580 987.8
1317590 985.5
1317600 986.8
1317610 986.8
1317620 990.6
1317630 994.6
1317640 994.6
1317650 998.7
1317660 1003.2
1317670 1003.2
1317680 1007.4
1317690 1010.9
1317700 1010.9
1317710 1013.9
1317720 1015.2
1317730 1015.2
1317740 1014.8
1317750 1012.6
1317760 1012.6
1317770 1009.6
1317780 1005.6
1317790 1005.6
1317800 1000.5
1317810 996.1
1317820 996.1
1317830 991.9
1317840 986.9
1317850 986.9
1317860 983.7
1317870 986.3
1317880 986.3
1317890 991.6
1317900 997.4
1317910 997.4
1317920 1002.2
1317930 1005.5
1317940 1005.5
1317950 1009.0
1317960 1014.1
1317970 1018.2
1317980 1018.2
1317990 1019.7
1318000 1020.6
1318010 1020.6
1318020 1021.5
1318030 1022.9
1318040 1022.9
1318050 1024.0
1318060 1024.8
1318070 1024.8
1318080 1027.4
1318090 1028.6
1318100 1028.6
1318110 1028.1
1318120 1025.4
1318130 1025.4
1318140 1020.2
1318150 1015.7
1318160 1015.7
1318170 1011.9
1318180 1007.7
1318190 1007.7
1318200 1002.9
1318210 997.8
1318220 997.8
1318230 993.7
1318240 989.2
1318250 989.2
1318260 984.0
1318270 980.8
1318280 980.8
1318290 978.3
1318300 977.5
1318310 977.9
1318320 970.5
1318330 971.4
1318340 969.0
1318350 969.0
1318360 967.3
1318370 967.9
1318380 967.9
1318390 966.7
1318400 967.8
1318410 967.8
1318420 968.8
1318430 966.6
1318440 966.6
1318450 960.8
1318460 955.5
1318470 955.5
1318480 952.7
1318490 950.5
1318500 950.5
1318510 949.8
1318520 952.5
1318530 952.5
1318540 953.4
1318550 951.7
1318560 951.7
1318570 947.6
1318580 939.8
1318590 939.8
1318600 932.7
1318610 931.0
1318620 931.0
1318630 927.7
1318640 926.8
1318650 930.7
1318660 930.7
1318670 933.1
1318680 933.7
1318690 933.7
1318700 933.0
1318710 929.0
1318720 929.0
1318730 920.3
1318740 909.9
1318750 909.9
1318760 901.0
1318770 894.7
1318780 894.7
1318790 891.7
1318800 890.4
1318810 890.4
1318820 889.7
1318830 889.2
1318840 889.2
1318850 886.2
1318860 885.7
1318870 885.7
1318880 887.0
1318890 888.0
1318900 888.0
1318910 888.0
1318920 888.5
1318930 888.5
1318940 890.7
1318950 894.7
1318960 894.7
1318970 898.6
1318980 901.9
1318990 901.9
1319000 907.6
1319010 914.2
1319020 919.7
1319030 919.7
1319040 925.2
1319050 929.9
1319060 929.9
1319070 931.9
1319080 929.6
1319090 924.2
1319100 921.2
1319110 921.2
1319120 921.2
1319130 923.6
1319140 922.4
1319150 922.4
1319160 919.9
1319170 920.6
1319180 920.6
1319190 915.0
1319200 903.9
1319210 903.9
1319220 897.8
1319230 899.6
1319240 899.6
1319250 900.0
1319260 903.7
1319270 903.7
1319280 905.6
1319290 913.5
1319300 913.5
1319310 920.6
1319320 924.1
1319330 924.1
1319340 926.1
1319350 927.1
1319360 928.6
1319370 928.6
1319380 930.6
1319390 932.3
1319400 932.3
1319410 933.6
1319420 933.3
1319430 933.3
1319440 927.7
1319450 918.2
1319460 918.2
1319470 910.3
1319480 909.8
1319490 909.8
1319500 904.5
1319510 900.0
1319520 900.0
1319530 904.1
1319540 911.8
1319550 911.8
1319560 920.9
1319570 919.4
1319580 919.4
1319590 915.4
1319600 890.9
1319610 890.9
1319620 869.1
1319630 868.5
1319640 868.5
1319650 869.3
1319660 871.5
1319670 871.5
1319680 877.8
1319690 881.0
1319700 872.6
1319710 872.6
1319720 855.8
1319730 836.3
1319740 836.3
1319750 822.5
1319760 820.4
1319770 820.4
1319780 830.8
1319790 841.6
1319800 841.6
1319810 843.9
1319820 840.0
1319830 840.0
1319840 829.3
1319850 832.1
1319860 832.1
1319870 819.1
1319880 829.8
1319890 829.8
1319900 840.2
1319910 850.0
1319920 850.0
1319930 856.8
1319940 857.6
1319950 857.6
1319960 855.3
1319970 852.0
1319980 852.0
1319990 853.2
