1300000 1243.4
1300010 1242.7
1300020 1242.7
1300030 1242.4
1300040 1242.5
1300050 1242.1
1300060 1242.1
1300070 1241.1
1300080 1239.1
1300090 1239.1
1300100 1242.9
1300110 1247.0
1300120 1247.0
1300130 1249.5
1300140 1249.6
1300150 1249.6
1300160 1251.6
1300170 1256.9
1300180 1256.9
1300190 1260.1
1300200 1258.3
1300210 1258.3
1300220 1260.7
1300230 1262.4
1300240 1262.4
1300250 1263.0
1300260 1260.9
1300270 1260.9
1300280 1256.9
1300290 1254.8
1300300 1254.8
1300310 1258.2
1300320 1262.5
1300330 1262.5
1300340 1265.6
1300350 1268.3
1300360 1268.3
1300370 1270.6
1300380 1272.9
1300390 1274.7
1300400 1274.7
1300410 1276.0
1300420 1277.2
1300430 1277.2
1300440 1278.1
1300450 1278.5
1300460 1278.5
1300470 1278.7
1300480 1279.1
1300490 1279.1
1300500 1279.0
1300510 1279.0
1300520 1279.0
1300530 1279.3
1300540 1279.4
1300550 1279.4
1300560 1279.9
1300570 1280.7
1300580 1280.7
1300590 1281.3
1300600 1281.9
1300610 1281.9
1300620 1282.7
1300630 1284.6
1300640 1284.6
1300650 1286.3
1300660 1286.6
1300670 1286.6
1300680 1285.9
1300690 1284.8
1300700 1284.8
1300710 1282.9
1300720 1280.6
1300730 1276.0
1300740 1276.0
1300750 1271.1
1300760 1266.8
1300770 1266.8
1300780 1263.8
1300790 1261.5
1300800 1261.5
1300810 1258.8
1300820 1255.3
1300830 1255.3
1300840 1250.0
1300850 1244.2
1300860 1244.2
1300870 1243.5
1300880 1246.1
1300890 1246.1
1300900 1244.7
1300910 1247.3
1300920 1247.3
1300930 1248.8
1300940 1248.9
1300950 1248.9
1300960 1249.6
1300970 1250.9
1300980 1250.9
1300990 1252.0
1301000 1253.7
1301010 1253.7
1301020 1255.1
1301030 1256.2
1301040 1256.2
1301050 1255.7
1301060 1254.0
1301070 1254.0
1301080 1253.1
1301090 1251.9
1301100 1250.2
1301110 1250.2
1301120 1248.5
1301130 1246.7
1301140 1246.7
1301150 1244.9
1301160 1244.3
1301170 1244.3
1301180 1244.4
1301190 1244.2
1301200 1244.2
1301210 1243.7
1301220 1243.6
1301230 1243.6
1301240 1244.3
1301250 1244.0
1301260 1244.0
1301270 1243.7
1301280 1242.9
1301290 1242.9
1301300 1241.4
1301310 1238.9
1301320 1238.9
1301330 1235.2
1301340 1232.1
1301350 1232.1
1301360 1230.1
1301370 1227.8
1301380 1227.8
1301390 1224.1
1301400 1219.6
1301410 1219.6
1301420 1214.0
1301430 1207.7
1301440 1201.7
1301450 1201.7
1301460 1197.8
1301470 1194.2
1301480 1194.2
1301490 1189.7
1301500 1186.5
1301510 1186.5
1301520 1181.5
1301530 1175.1
1301540 1175.1
1301550 1168.5
1301560 1163.2
1301570 1163.2
1301580 1159.3
1301590 1156.5
1301600 1156.5
1301610 1152.9
1301620 1148.5
1301630 1148.5
1301640 1143.3
1301650 1138.9
1301660 1138.9
1301670 1136.4
1301680 1134.7
1301690 1134.7
1301700 1131.6
1301710 1128.6
1301720 1128.6
1301730 1125.5
1301740 1119.9
1301750 1119.9
1301760 1113.4
1301770 1106.4
1301780 1097.9
1301790 1097.9
1301800 1088.9
1301810 1081.4
1301820 1081.4
1301830 1076.2
1301840 1072.4
1301850 1072.4
1301860 1068.8
1301870 1064.2
1301880 1064.2
1301890 1058.7
1301900 1055.2
1301910 1055.2
1301920 1051.0
1301930 1046.1
1301940 1046.1
1301950 1041.4
1301960 1036.9
1301970 1036.9
1301980 1032.4
1301990 1027.6
1302000 1027.6
1302010 1023.1
1302020 1018.6
1302030 1018.6
1302040 1014.3
1302050 1010.6
1302060 1010.6
1302070 1007.6
1302080 1004.8
1302090 1004.8
1302100 1002.9
1302110 1001.7
1302120 1001.7
1302130 1001.3
1302140 1001.9
1302150 1003.9
1302160 1003.9
1302170 1006.0
1302180 1007.4
1302190 1007.4
1302200 1008.8
1302210 1010.6
1302220 1010.6
1302230 1013.4
1302240 1017.5
1302250 1017.5
1302260 1022.0
1302270 1025.8
1302280 1025.8
1302290 1028.6
1302300 1030.0
1302310 1030.0
1302320 1030.5
1302330 1030.9
1302340 1030.9
1302350 1030.6
1302360 1029.0
1302370 1029.0
1302380 1026.9
1302390 1025.1
1302400 1025.1
1302410 1022.6
1302420 1019.5
1302430 1019.5
1302440 1015.6
1302450 1009.9
1302460 1009.9
1302470 1003.8
1302480 997.5
1302490 990.4
1302500 990.4
1302510 983.7
1302520 977.3
1302530 977.3
1302540 970.8
1302550 964.6
1302560 964.6
1302570 959.8
1302580 954.9
1302590 954.9
1302600 949.6
1302610 945.0
1302620 945.0
1302630 941.1
1302640 938.7
1302650 938.7
1302660 937.1
1302670 935.9
1302680 935.9
1302690 933.6
1302700 932.6
1302710 932.6
1302720 929.9
1302730 928.5
1302740 928.5
1302750 928.2
1302760 926.2
1302770 926.2
1302780 925.5
1302790 924.6
1302800 924.6
1302810 923.0
1302820 922.0
1302830 922.0
1302840 919.6
1302850 918.6
1302860 918.5
1302870 918.5
1302880 918.6
1302890 918.7
1302900 918.7
1302910 918.8
1302920 918.8
1302930 918.8
1302940 918.4
1302950 918.2
1302960 918.2
1302970 918.2
1302980 918.3
1302990 918.3
1303000 918.5
1303010 918.3
1303020 918.3
1303030 918.3
1303040 918.3
1303050 918.3
1303060 918.2
1303070 918.2
1303080 918.2
1303090 918.4
1303100 918.5
1303110 918.5
1303120 917.9
1303130 916.4
1303140 916.4
1303150 914.5
1303160 914.4
1303170 914.4
1303180 914.7
1303190 915.0
1303200 915.1
1303210 915.1
1303220 914.9
1303230 914.7
1303240 914.7
1303250 914.6
1303260 914.7
1303270 914.7
1303280 914.6
1303290 914.4
1303300 914.4
1303310 913.8
1303320 913.0
1303330 913.0
1303340 912.9
1303350 915.5
1303360 915.5
1303370 919.4
1303380 922.0
1303390 922.0
1303400 923.7
1303410 928.4
1303420 928.4
1303430 930.4
1303440 931.9
1303450 931.9
1303460 933.3
1303470 934.4
1303480 934.4
1303490 936.3
1303500 937.9
1303510 937.9
1303520 939.6
1303530 941.0
1303540 942.5
1303550 942.5
1303560 944.1
1303570 945.6
1303580 945.6
1303590 947.0
1303600 948.5
1303610 948.5
1303620 949.8
1303630 951.1
1303640 951.1
1303650 952.2
1303660 953.9
1303670 953.9
1303680 955.6
1303690 957.4
1303700 957.4
1303710 959.7
1303720 962.0
1303730 962.0
1303740 964.6
1303750 967.2
1303760 967.2
1303770 969.5
1303780 972.3
1303790 972.3
1303800 975.4
1303810 977.3
1303820 977.3
1303830 978.4
1303840 980.0
1303850 980.0
1303860 983.5
1303870 987.0
1303880 987.0
1303890 990.8
1303900 995.7
1303910 1001.6
1303920 1001.6
1303930 1007.3
1303940 1010.9
1303950 1010.9
1303960 1008.7
1303970 1007.2
1303980 1007.2
1303990 1008.8
1304000 1010.6
1304010 1010.6
1304020 1013.1
1304030 1016.8
1304040 1016.8
1304050 1020.8
1304060 1023.6
1304070 1023.6
1304080 1026.4
1304090 1030.0
1304100 1030.0
1304110 1034.1
1304120 1038.0
1304130 1038.0
1304140 1040.6
1304150 1044.3
1304160 1044.3
1304170 1051.6
1304180 1059.6
1304190 1059.6
1304200 1066.8
1304210 1074.3
1304220 1074.3
1304230 1081.7
1304240 1087.2
1304250 1092.9
1304260 1092.9
1304270 1099.7
1304280 1114.1
1304290 1114.1
1304300 1126.0
1304310 1132.0
1304320 1132.0
1304330 1146.5
1304340 1158.2
1304350 1158.2
1304360 1166.7
1304370 1170.2
1304380 1170.2
1304390 1172.6
1304400 1176.5
1304410 1169.4
1304420 1175.4
1304430 1185.1
1304440 1185.1
1304450 1194.3
1304460 1200.0
1304470 1200.0
1304480 1205.1
1304490 1210.9
1304500 1210.9
1304510 1218.8
1304520 1228.3
1304530 1228.3
1304540 1238.4
1304550 1247.6
1304560 1247.6
1304570 1258.2
1304580 1267.5
1304590 1275.2
1304600 1275.2
1304610 1282.7
1304620 1290.1
1304630 1290.1
1304640 1297.5
1304650 1304.7
1304660 1304.7
1304670 1311.5
1304680 1317.7
1304690 1317.7
1304700 1323.9
1304710 1330.5
1304720 1330.5
1304730 1337.1
1304740 1343.7
1304750 1343.7
1304760 1350.7
1304770 1358.2
1304780 1358.2
1304790 1366.8
1304800 1376.7
1304810 1376.7
1304820 1385.6
1304830 1395.5
1304840 1395.5
1304850 1403.7
1304860 1407.3
1304870 1407.3
1304880 1409.7
1304890 1414.9
1304900 1414.9
1304910 1421.3
1304920 1432.8
1304930 1432.8
1304940 1442.7
1304950 1451.1
1304960 1459.6
1304970 1459.6
1304980 1468.1
1304990 1479.3
1305000 1479.3
1305010 1492.7
1305020 1514.7
1305030 1514.7
1305040 1534.3
1305050 1547.0
1305060 1547.0
1305070 1562.4
1305080 1567.5
1305090 1567.5
1305100 1568.2
1305110 1567.6
1305120 1575.1
1305130 1576.4
1305140 1583.5
1305150 1583.5
1305160 1588.8
1305170 1589.5
1305180 1589.5
1305190 1594.1
1305200 1598.0
1305210 1598.0
1305220 1600.6
1305230 1602.8
1305240 1602.8
1305250 1607.1
1305260 1614.8
1305270 1614.8
1305280 1620.7
1305290 1624.9
1305300 1637.5
1305310 1637.5
1305320 1653.0
1305330 1669.4
1305340 1669.4
1305350 1687.8
1305360 1703.6
1305370 1703.6
1305380 1716.1
1305390 1713.7
1305400 1713.7
1305410 1713.5
1305420 1717.5
1305430 1717.5
1305440 1726.5
1305450 1737.0
1305460 1737.0
1305470 1746.7
1305480 1750.3
1305490 1750.3
1305500 1753.8
1305510 1760.9
1305520 1760.9
1305530 1768.7
1305540 1774.3
1305550 1774.3
1305560 1775.6
1305570 1776.4
1305580 1776.4
1305590 1775.9
1305600 1774.5
1305610 1774.5
1305620 1775.5
1305630 1776.5
1305640 1782.1
1305650 1782.1
1305660 1789.2
1305670 1796.0
1305680 1796.0
1305690 1801.1
1305700 1809.5
1305710 1809.5
1305720 1818.0
1305730 1827.3
1305740 1827.3
1305750 1836.8
1305760 1845.2
1305770 1845.2
1305780 1856.2
1305790 1865.5
1305800 1865.5
1305810 1866.0
1305820 1866.0
1305830 1866.0
1305840 1879.4
1305850 1882.8
1305860 1882.8
1305870 1887.1
1305880 1891.7
1305890 1891.7
1305900 1895.4
1305910 1900.4
1305920 1900.4
1305930 1906.8
1305940 1914.5
1305950 1914.5
1305960 1923.3
1305970 1931.1
1305980 1931.1
1305990 1938.4
1306000 1947.7
1306010 1958.3
1306020 1958.3
1306030 1968.1
1306040 1974.9
1306050 1974.9
1306060 1979.0
1306070 1981.2
1306080 1981.2
1306090 1983.8
1306100 1986.5
1306110 1986.5
1306120 1989.4
1306130 1992.1
1306140 1992.1
1306150 1994.7
1306160 1997.8
1306170 1997.8
1306180 2000.3
1306190 2002.8
1306200 2002.8
1306210 2005.6
1306220 2007.7
1306230 2007.7
1306240 2009.9
1306250 2012.7
1306260 2012.7
1306270 2014.6
1306280 2016.7
1306290 2016.7
1306300 2018.8
1306310 2020.4
1306320 2020.4
1306330 2021.9
1306340 2023.5
1306350 2024.8
1306360 2024.8
1306370 2026.0
1306380 2027.4
1306390 2027.4
1306400 2028.3
1306410 2030.0
1306420 2030.0
1306430 2031.3
1306440 2031.9
1306450 2031.9
1306460 2032.6
1306470 2033.1
1306480 2033.1
1306490 2033.2
1306500 2031.3
1306510 2031.3
1306520 2024.9
1306530 2013.2
1306540 2013.2
1306550 1991.2
1306560 1980.6
1306570 1980.6
1306580 1970.5
1306590 1962.0
1306600 1962.0
1306610 1956.3
1306620 1950.0
1306630 1950.0
1306640 1944.2
1306650 1938.6
1306660 1938.6
1306670 1934.4
1306680 1929.5
1306690 1929.5
1306700 1922.6
1306710 1919.5
1306720 1916.7
1306730 1916.7
1306740 1909.6
1306750 1904.4
1306760 1904.4
1306770 1900.7
1306780 1896.9
1306790 1896.9
1306800 1894.1
1306810 1889.9
1306820 1889.9
1306830 1884.0
1306840 1878.5
1306850 1878.5
1306860 1873.6
1306870 1869.9
1306880 1869.9
1306890 1864.2
1306900 1861.6
1306910 1861.6
1306920 1861.2
1306930 1860.5
1306940 1860.5
1306950 1860.5
1306960 1861.7
1306970 1861.7
1306980 1863.2
1306990 1864.9
1307000 1864.9
1307010 1867.1
1307020 1869.7
1307030 1869.7
1307040 1871.3
1307050 1872.6
1307060 1873.0
1307070 1873.0
1307080 1870.8
1307090 1864.3
1307100 1864.3
1307110 1855.0
1307120 1849.0
1307130 1849.0
1307140 1842.3
1307150 1833.6
1307160 1833.6
1307170 1823.7
1307180 1813.1
1307190 1813.1
1307200 1806.6
1307210 1801.1
1307220 1801.1
1307230 1795.4
1307240 1788.6
1307250 1788.6
1307260 1784.3
1307270 1783.5
1307280 1783.5
1307290 1774.4
1307300 1769.9
1307310 1769.9
1307320 1768.0
1307330 1761.2
1307340 1761.2
1307350 1753.2
1307360 1745.9
1307370 1745.9
1307380 1740.1
1307390 1734.9
1307400 1727.6
1307410 1727.6
1307420 1719.1
1307430 1712.2
1307440 1712.2
1307450 1705.0
1307460 1694.4
1307470 1694.4
1307480 1691.0
1307490 1688.9
1307500 1688.9
1307510 1683.7
1307520 1680.6
1307530 1680.6
1307540 1680.1
1307550 1680.9
1307560 1680.9
1307570 1683.8
1307580 1686.8
1307590 1686.8
1307600 1687.1
1307610 1686.9
1307620 1686.9
1307630 1686.9
1307640 1685.4
1307650 1685.4
1307660 1682.8
1307670 1678.1
1307680 1678.1
1307690 1674.6
1307700 1673.9
1307710 1673.9
1307720 1672.2
1307730 1670.4
1307740 1670.4
1307750 1667.9
1307760 1665.4
1307770 1660.7
1307780 1660.7
1307790 1652.1
1307800 1646.8
1307810 1646.8
1307820 1646.4
1307830 1636.4
1307840 1636.4
1307850 1627.8
1307860 1618.6
1307870 1618.6
1307880 1609.7
1307890 1599.8
1307900 1599.8
1307910 1568.6
1307920 1541.2
1307930 1541.2
1307940 1529.8
1307950 1520.5
1307960 1520.5
1307970 1514.1
1307980 1510.4
1307990 1510.4
1308000 1500.8
1308010 1503.0
1308020 1503.0
1308030 1513.5
1308040 1512.8
1308050 1512.8
1308060 1507.3
1308070 1499.0
1308080 1499.0
1308090 1491.2
1308100 1485.4
1308110 1480.0
1308120 1480.0
1308130 1476.7
1308140 1472.5
1308150 1472.5
1308160 1465.3
1308170 1458.9
1308180 1458.9
1308190 1448.7
1308200 1434.1
1308210 1434.1
1308220 1414.6
1308230 1400.6
1308240 1400.6
1308250 1389.4
1308260 1382.9
1308270 1382.9
1308280 1377.7
1308290 1372.4
1308300 1372.4
1308310 1367.3
1308320 1362.5
1308330 1362.5
1308340 1357.6
1308350 1353.0
1308360 1353.0
1308370 1347.3
1308380 1341.2
1308390 1341.2
1308400 1334.8
1308410 1328.9
1308420 1328.9
1308430 1324.7
1308440 1321.6
1308450 1318.4
1308460 1318.4
1308470 1314.5
1308480 1311.8
1308490 1311.8
1308500 1310.5
1308510 1311.4
1308520 1311.4
1308530 1311.6
1308540 1311.5
1308550 1311.5
1308560 1314.3
1308570 1317.0
1308580 1317.0
1308590 1320.3
1308600 1322.2
1308610 1322.2
1308620 1322.4
1308630 1323.8
1308640 1323.8
1308650 1325.7
1308660 1328.6
1308670 1328.6
1308680 1331.1
1308690 1332.9
1308700 1332.9
1308710 1336.2
1308720 1342.5
1308730 1342.5
1308740 1343.9
1308750 1345.8
1308760 1345.8
1308770 1350.6
1308780 1357.2
1308790 1357.2
1308800 1364.5
1308810 1370.9
1308820 1378.0
1308830 1378.0
1308840 1386.9
1308850 1397.3
1308860 1397.3
1308870 1411.6
1308880 1429.7
1308890 1429.7
1308900 1446.2
1308910 1459.8
1308920 1459.8
1308930 1472.5
1308940 1481.2
1308950 1481.2
1308960 1487.9
1308970 1493.2
1308980 1493.2
1308990 1496.1
1309000 1498.6
1309010 1498.6
1309020 1500.1
1309030 1500.9
1309040 1500.9
1309050 1500.5
1309060 1500.3
1309070 1500.3
1309080 1498.3
1309090 1493.2
1309100 1493.2
1309110 1484.5
1309120 1474.0
1309130 1474.0
1309140 1463.9
1309150 1450.4
1309160 1440.4
1309170 1440.4
1309180 1432.1
1309190 1424.5
1309200 1424.5
1309210 1418.1
1309220 1412.3
1309230 1412.3
1309240 1406.4
1309250 1400.8
1309260 1400.8
1309270 1395.5
1309280 1390.2
1309290 1390.2
1309300 1385.3
1309310 1381.3
1309320 1381.3
1309330 1377.6
1309340 1373.9
1309350 1373.9
1309360 1370.6
1309370 1370.6
1309380 1370.6
1309390 1372.8
1309400 1371.8
1309410 1371.8
1309420 1369.8
1309430 1368.5
1309440 1368.5
1309450 1374.6
1309460 1374.2
1309470 1374.2
1309480 1373.1
1309490 1371.8
1309500 1369.9
1309510 1369.9
1309520 1371.1
1309530 1370.7
1309540 1370.7
1309550 1368.1
1309560 1364.1
1309570 1364.1
1309580 1359.5
1309590 1354.2
1309600 1354.2
1309610 1346.0
1309620 1337.4
1309630 1337.4
1309640 1330.7
1309650 1330.4
1309660 1330.4
1309670 1334.0
1309680 1334.7
1309690 1334.7
1309700 1336.6
1309710 1339.7
1309720 1339.7
1309730 1343.5
1309740 1345.7
1309750 1345.7
1309760 1346.8
1309770 1348.3
1309780 1348.3
1309790 1349.5
1309800 1351.0
1309810 1351.0
1309820 1350.5
1309830 1332.3
1309840 1332.3
1309850 1319.8
1309860 1317.5
1309870 1319.9
1309880 1319.9
1309890 1313.1
1309900 1305.7
1309910 1305.7
1309920 1303.9
1309930 1302.7
1309940 1302.7
1309950 1300.4
1309960 1299.5
1309970 1299.5
1309980 1300.9
1309990 1302.8
1310000 1302.8
1310010 1303.4
1310020 1302.9
1310030 1302.9
1310040 1301.8
1310050 1300.6
1310060 1300.6
1310070 1300.9
1310080 1300.6
1310090 1300.6
1310100 1299.6
1310110 1298.5
1310120 1298.5
1310130 1297.5
1310140 1297.6
1310150 1297.6
1310160 1297.9
1310170 1296.8
1310180 1301.1
1310190 1301.0
1310200 1301.9
1310210 1302.5
1310220 1302.5
1310230 1302.1
1310240 1300.9
1310250 1300.9
1310260 1299.2
1310270 1297.3
1310280 1297.3
1310290 1296.0
1310300 1295.6
1310310 1295.6
1310320 1297.6
1310330 1302.6
1310340 1302.6
1310350 1308.6
1310360 1311.7
1310370 1311.7
1310380 1312.1
1310390 1310.4
1310400 1310.4
1310410 1305.8
1310420 1301.7
1310430 1301.7
1310440 1297.4
1310450 1293.2
1310460 1293.2
1310470 1287.6
1310480 1276.9
1310490 1276.9
1310500 1264.5
1310510 1256.5
1310520 1256.5
1310530 1250.3
1310540 1245.2
1310550 1240.5
1310560 1240.5
1310570 1235.3
1310580 1229.0
1310590 1229.0
1310600 1222.6
1310610 1214.2
1310620 1214.2
1310630 1206.7
1310640 1199.5
1310650 1199.5
1310660 1193.2
1310670 1187.9
1310680 1187.9
1310690 1182.9
1310700 1177.6
1310710 1177.6
1310720 1171.5
1310730 1166.0
1310740 1166.0
1310750 1161.1
1310760 1156.2
1310770 1156.2
1310780 1151.2
1310790 1146.4
1310800 1146.4
1310810 1141.8
1310820 1137.4
1310830 1137.4
1310840 1133.1
1310850 1128.7
1310860 1128.7
1310870 1124.0
1310880 1118.8
1310890 1118.8
1310900 1113.2
1310910 1107.9
1310920 1101.8
1310930 1101.8
1310940 1098.0
1310950 1093.6
1310960 1093.6
1310970 1089.1
1310980 1084.6
1310990 1084.6
1311000 1080.9
1311010 1077.5
1311020 1077.5
1311030 1073.5
1311040 1069.4
1311050 1069.4
1311060 1066.7
1311070 1063.7
1311080 1063.7
1311090 1060.6
1311100 1057.5
1311110 1057.5
1311120 1054.4
1311130 1051.6
1311140 1051.6
1311150 1049.3
1311160 1047.0
1311170 1047.0
1311180 1044.8
1311190 1042.4
1311200 1042.4
1311210 1040.2
1311220 1038.0
1311230 1038.0
1311240 1035.9
1311250 1033.7
1311260 1032.0
1311270 1032.0
1311280 1030.9
1311290 1029.3
1311300 1029.3
1311310 1028.3
1311320 1028.0
1311330 1028.0
1311340 1027.3
1311350 1025.3
1311360 1025.3
1311370 1022.8
1311380 1020.0
1311390 1020.0
1311400 1018.0
1311410 1016.0
1311420 1016.0
1311430 1013.3
1311440 1011.2
1311450 1011.2
1311460 1010.0
1311470 1008.8
1311480 1008.8
1311490 1008.0
1311500 1007.5
1311510 1007.5
1311520 1007.1
1311530 1006.3
1311540 1006.3
1311550 1005.6
1311560 1005.1
1311570 1005.1
1311580 1004.7
1311590 1004.2
1311600 1003.7
1311610 1003.7
1311620 1003.2
1311630 1002.4
1311640 1002.4
1311650 1001.9
1311660 1001.5
1311670 1001.5
1311680 1001.3
1311690 1001.1
1311700 1001.1
1311710 1000.8
1311720 1000.6
1311730 1000.6
1311740 1000.3
1311750 1000.0
1311760 1000.0
1311770 999.7
1311780 1000.1
1311790 1000.1
1311800 1000.4
1311810 1000.6
1311820 1000.6
1311830 1001.1
1311840 1001.3
1311850 1001.3
1311860 1001.6
1311870 1001.8
1311880 1001.8
1311890 1002.2
1311900 1002.4
1311910 1002.4
1311920 1002.7
1311930 1003.0
1311940 1003.0
1311950 1003.2
1311960 1003.7
1311970 1004.0
1311980 1004.0
1311990 1004.4
1312000 1004.5
1312010 1004.5
1312020 1004.7
1312030 1005.0
1312040 1005.0
1312050 1005.2
1312060 1005.4
1312070 1005.4
1312080 1005.6
1312090 1006.0
1312100 1006.0
1312110 1006.2
1312120 1006.5
1312130 1006.5
1312140 1006.6
1312150 1006.6
1312160 1006.6
1312170 1006.4
1312180 1004.9
1312190 1004.9
1312200 1003.3
1312210 1005.9
1312220 1005.9
1312230 1008.9
1312240 1012.1
1312250 1012.1
1312260 1014.8
1312270 1017.4
1312280 1017.4
1312290 1019.6
1312300 1020.2
1312310 1019.4
1312320 1019.4
1312330 1019.0
1312340 1021.1
1312350 1021.1
1312360 1025.7
1312370 1028.8
1312380 1028.8
1312390 1030.2
1312400 1030.1
1312410 1030.1
1312420 1031.3
1312430 1032.5
1312440 1032.5
1312450 1033.6
1312460 1034.9
1312470 1034.9
1312480 1036.1
1312490 1036.9
1312500 1036.9
1312510 1037.6
1312520 1038.4
1312530 1038.4
1312540 1039.4
1312550 1040.7
1312560 1040.7
1312570 1042.3
1312580 1044.1
1312590 1044.1
1312600 1046.0
1312610 1048.0
1312620 1048.0
1312630 1049.8
1312640 1051.6
1312650 1052.7
1312660 1052.7
1312670 1053.8
1312680 1054.8
1312690 1054.8
1312700 1055.5
1312710 1056.9
1312720 1056.9
1312730 1058.0
1312740 1058.7
1312750 1058.7
1312760 1059.5
1312770 1060.1
1312780 1060.1
1312790 1060.8
1312800 1061.2
1312810 1061.2
1312820 1061.6
1312830 1062.1
1312840 1062.1
1312850 1062.4
1312860 1062.6
1312870 1062.6
1312880 1062.9
1312890 1063.9
1312900 1063.9
1312910 1065.3
1312920 1066.6
1312930 1066.6
1312940 1067.9
1312950 1069.3
1312960 1069.3
1312970 1070.7
1312980 1071.9
1312990 1071.9
1313000 1073.2
1313010 1074.2
1313020 1074.4
1313030 1074.4
1313040 1074.4
1313050 1075.5
1313060 1075.5
1313070 1077.5
1313080 1079.4
1313090 1079.4
1313100 1081.0
1313110 1083.0
1313120 1083.0
1313130 1084.2
1313140 1083.7
1313150 1083.7
1313160 1084.9
1313170 1086.4
1313180 1086.4
1313190 1088.1
1313200 1089.9
1313210 1089.9
1313220 1091.4
1313230 1092.3
1313240 1092.3
1313250 1092.8
1313260 1092.4
1313270 1092.4
1313280 1089.8
1313290 1087.3
1313300 1087.3
1313310 1092.0
1313320 1094.5
1313330 1094.5
1313340 1096.2
1313350 1097.0
1313360 1098.0
1313370 1098.0
1313380 1098.6
1313390 1099.1
1313400 1099.1
1313410 1100.0
1313420 1101.1
1313430 1101.1
1313440 1102.7
1313450 1104.1
1313460 1104.1
1313470 1105.8
1313480 1107.1
1313490 1107.1
1313500 1106.6
1313510 1105.5
1313520 1105.5
1313530 1106.0
1313540 1107.1
1313550 1107.1
1313560 1108.0
1313570 1109.1
1313580 1109.1
1313590 1109.7
1313600 1110.5
1313610 1110.5
1313620 1111.3
1313630 1109.8
1313640 1109.8
1313650 1106.8
1313660 1104.0
1313670 1104.0
1313680 1102.1
1313690 1103.6
1313700 1104.5
1313710 1104.5
1313720 1104.3
1313730 1102.7
1313740 1102.7
1313750 1100.6
1313760 1099.7
1313770 1099.7
1313780 1099.8
1313790 1101.6
1313800 1101.6
1313810 1103.9
1313820 1106.0
1313830 1106.0
1313840 1109.1
1313850 1114.4
1313860 1114.4
1313870 1120.4
1313880 1125.3
1313890 1126.4
1313900 1130.1
1313910 1134.9
1313920 1134.9
1313930 1140.2
1313940 1145.5
1313950 1145.5
1313960 1150.1
1313970 1154.4
1313980 1154.4
1313990 1158.3
1314000 1162.4
1314010 1162.4
1314020 1166.5
1314030 1170.8
1314040 1170.8
1314050 1175.5
1314060 1180.5
1314070 1185.7
1314080 1185.7
1314090 1190.7
1314100 1195.9
1314110 1195.9
1314120 1201.4
1314130 1206.6
1314140 1206.6
1314150 1211.8
1314160 1219.1
1314170 1219.1
1314180 1227.9
1314190 1234.6
1314200 1234.6
1314210 1238.5
1314220 1241.3
1314230 1241.3
1314240 1245.5
1314250 1250.4
1314260 1250.4
1314270 1254.9
1314280 1259.8
1314290 1259.8
1314300 1267.5
1314310 1275.9
1314320 1275.9
1314330 1280.4
1314340 1283.3
1314350 1283.3
1314360 1287.1
1314370 1290.3
1314380 1290.3
1314390 1293.6
1314400 1297.5
1314410 1301.8
1314420 1301.8
1314430 1306.1
1314440 1310.4
1314450 1310.4
1314460 1315.2
1314470 1319.1
1314480 1319.1
1314490 1323.7
1314500 1328.0
1314510 1328.0
1314520 1332.4
1314530 1337.6
1314540 1337.6
1314550 1342.8
1314560 1347.7
1314570 1347.7
1314580 1351.8
1314590 1355.9
1314600 1355.9
1314610 1359.9
1314620 1362.6
1314630 1362.6
1314640 1362.9
1314650 1365.0
1314660 1365.0
1314670 1366.7
1314680 1364.4
1314690 1364.4
1314700 1360.4
1314710 1355.8
1314720 1355.8
1314730 1350.0
1314740 1344.2
1314750 1338.5
1314760 1338.5
1314770 1330.8
1314780 1322.4
1314790 1322.4
1314800 1315.6
1314810 1307.8
1314820 1307.8
1314830 1302.9
1314840 1298.0
1314850 1298.0
1314860 1292.7
1314870 1288.8
1314880 1288.8
1314890 1285.1
1314900 1281.7
1314910 1281.7
1314920 1279.0
1314930 1276.8
1314940 1276.8
1314950 1275.5
1314960 1273.8
1314970 1273.8
1314980 1271.9
1314990 1269.6
1315000 1269.6
1315010 1266.3
1315020 1260.5
1315030 1260.5
1315040 1251.5
1315050 1242.3
1315060 1242.3
1315070 1233.4
1315080 1223.7
1315090 1223.7
1315100 1215.3
1315110 1205.8
1315120 1197.1
1315130 1197.1
1315140 1189.9
1315150 1184.8
1315160 1184.8
1315170 1182.6
1315180 1182.4
1315190 1182.4
1315200 1179.7
1315210 1176.3
1315220 1176.3
1315230 1172.2
1315240 1168.5
1315250 1168.5
1315260 1165.0
1315270 1161.8
1315280 1161.8
1315290 1158.9
1315300 1156.0
1315310 1156.0
1315320 1152.5
1315330 1148.6
1315340 1148.6
1315350 1145.2
1315360 1141.8
1315370 1141.8
1315380 1138.4
1315390 1134.5
1315400 1128.2
1315410 1123.9
1315420 1120.4
1315430 1120.4
1315440 1116.9
1315450 1111.9
1315460 1108.4
1315470 1108.4
1315480 1105.7
1315490 1104.2
1315500 1104.2
1315510 1101.7
1315520 1096.1
1315530 1096.1
1315540 1088.6
1315550 1085.1
1315560 1085.1
1315570 1085.6
1315580 1087.2
1315590 1087.2
1315600 1088.1
1315610 1086.4
1315620 1086.4
1315630 1084.5
1315640 1083.7
1315650 1083.7
1315660 1085.5
1315670 1088.0
1315680 1088.0
1315690 1089.0
1315700 1088.0
1315710 1088.0
1315720 1086.1
1315730 1083.9
1315740 1083.9
1315750 1082.9
1315760 1083.4
1315770 1083.4
1315780 1084.2
1315790 1084.5
1315800 1084.5
1315810 1084.5
1315820 1085.9
1315830 1085.9
1315840 1085.9
1315850 1085.1
1315860 1085.8
1315870 1085.8
1315880 1085.7
1315890 1085.5
1315900 1085.5
1315910 1085.7
1315920 1085.5
1315930 1085.5
1315940 1087.0
1315950 1092.1
1315960 1092.1
1315970 1096.3
1315980 1101.3
1315990 1101.3
1316000 1108.4
1316010 1110.7
1316020 1110.7
1316030 1112.8
1316040 1111.6
1316050 1111.6
1316060 1108.0
1316070 1107.1
1316080 1107.1
1316090 1107.6
1316100 1104.2
1316110 1104.2
1316120 1100.7
1316130 1098.6
1316140 1098.6
1316150 1085.7
1316160 1083.7
1316170 1080.5
1316180 1080.5
1316190 1076.0
1316200 1071.0
1316210 1071.0
1316220 1064.8
1316230 1061.1
1316240 1061.1
1316250 1060.8
1316260 1059.4
1316270 1059.4
1316280 1058.7
1316290 1058.6
1316300 1058.6
1316310 1053.9
1316320 1048.8
1316330 1048.8
1316340 1046.2
1316350 1044.1
1316360 1044.1
1316370 1043.2
1316380 1043.2
1316390 1043.2
1316400 1045.1
1316410 1048.5
1316420 1048.5
1316430 1052.6
1316440 1056.2
1316450 1056.2
1316460 1053.5
1316470 1048.4
1316480 1048.4
1316490 1039.5
1316500 1032.8
1316510 1035.4
1316520 1035.4
1316530 1038.9
1316540 1041.1
1316550 1041.1
1316560 1042.4
1316570 1043.7
1316580 1043.7
1316590 1043.9
1316600 1043.7
1316610 1043.7
1316620 1043.6
1316630 1043.8
1316640 1043.8
1316650 1044.0
1316660 1043.7
1316670 1043.7
1316680 1042.8
1316690 1041.8
1316700 1041.8
1316710 1040.9
1316720 1038.7
1316730 1038.7
1316740 1035.0
1316750 1033.1
1316760 1033.1
1316770 1028.5
1316780 1022.4
1316790 1022.4
1316800 1017.7
1316810 1013.6
1316820 1013.6
1316830 1010.1
1316840 1010.0
1316850 1010.7
1316860 1010.7
1316870 1010.7
1316880 1011.7
1316890 1011.7
1316900 1012.6
1316910 1012.8
1316920 1006.7
1316930 1009.7
1316940 1014.6
1316950 1014.6
1316960 1017.0
1316970 1019.3
1316980 1019.3
1316990 1024.1
1317000 1028.2
1317010 1028.2
1317020 1025.6
1317030 1025.4
1317040 1025.4
1317050 1027.9
1317060 1028.2
1317070 1028.2
1317080 1027.8
1317090 1027.7
1317100 1027.7
1317110 1027.7
1317120 1027.5
1317130 1027.5
1317140 1027.6
1317150 1027.6
1317160 1027.6
1317170 1028.0
1317180 1028.2
1317190 1028.2
1317200 1028.2
1317210 1028.1
1317220 1028.1
1317230 1028.1
1317240 1028.2
1317250 1028.2
1317260 1028.2
1317270 1028.1
1317280 1028.1
1317290 1028.1
1317300 1028.0
1317310 1028.1
1317320 1028.1
1317330 1027.9
1317340 1027.5
1317350 1027.5
1317360 1027.2
1317370 1026.6
1317380 1026.6
1317390 1025.8
1317400 1025.2
1317410 1025.2
1317420 1024.3
1317430 1022.9
1317440 1022.9
1317450 1021.0
1317460 1018.7
1317470 1018.7
1317480 1016.1
1317490 1013.3
1317500 1013.3
1317510 1010.1
1317520 1006.5
1317530 1006.5
1317540 1001.5
1317550 995.4
1317560 988.8
1317570 988.8
1317580 982.7
1317590 978.3
1317600 978.3
1317610 972.9
1317620 966.5
1317630 966.5
1317640 961.9
1317650 958.6
1317660 958.6
1317670 956.7
1317680 954.1
1317690 954.1
1317700 952.1
1317710 949.3
1317720 949.3
1317730 945.8
1317740 944.9
1317750 944.9
1317760 945.1
1317770 944.7
1317780 944.7
1317790 945.3
1317800 944.2
1317810 944.2
1317820 943.3
1317830 942.5
1317840 942.5
1317850 940.2
1317860 944.3
1317870 944.3
1317880 947.1
1317890 949.1
1317900 949.6
1317910 949.6
1317920 951.0
1317930 954.5
1317940 954.5
1317950 957.7
1317960 961.8
1317970 961.8
1317980 965.2
1317990 969.0
1318000 969.0
1318010 972.9
1318020 974.3
1318030 974.3
1318040 973.8
1318050 973.4
1318060 973.4
1318070 973.3
1318080 971.8
1318090 971.8
1318100 970.3
1318110 969.0
1318120 969.0
1318130 967.8
1318140 966.5
1318150 966.5
1318160 964.6
1318170 962.2
1318180 962.2
1318190 959.8
1318200 957.0
1318210 957.0
1318220 954.2
1318230 949.7
1318240 949.7
1318250 941.0
1318260 927.1
1318270 911.9
1318280 911.9
1318290 899.9
1318300 895.5
1318310 895.5
1318320 888.6
1318330 880.7
1318340 880.7
1318350 868.8
1318360 855.2
1318370 855.2
1318380 853.3
1318390 860.0
1318400 860.0
1318410 874.6
1318420 885.0
1318430 885.0
1318440 888.7
1318450 863.1
1318460 863.1
1318470 853.4
1318480 840.1
1318490 840.1
1318500 836.0
1318510 839.6
1318520 839.6
1318530 846.0
1318540 854.5
1318550 854.5
1318560 858.5
1318570 854.4
1318580 854.4
1318590 847.0
1318600 840.3
1318610 837.8
1318620 837.8
1318630 829.3
1318640 826.9
1318650 826.9
1318660 834.0
1318670 841.2
1318680 841.2
1318690 845.9
1318700 847.1
1318710 847.1
1318720 844.5
1318730 844.5
1318740 844.5
1318750 846.6
1318760 849.3
1318770 849.3
1318780 852.7
1318790 855.0
1318800 855.0
1318810 852.1
1318820 849.0
1318830 849.0
1318840 845.5
1318850 842.5
1318860 842.5
1318870 839.8
1318880 837.9
1318890 837.9
1318900 837.2
1318910 836.1
1318920 836.1
1318930 835.0
1318940 834.6
1318950 836.1
1318960 836.1
1318970 840.2
1318980 844.0
1318990 844.0
1319000 843.6
1319010 842.0
1319020 842.0
1319030 838.8
1319040 836.3
1319050 836.3
1319060 833.8
1319070 832.5
1319080 832.5
1319090 832.5
1319100 835.8
1319110 835.8
1319120 845.2
1319130 846.9
1319140 846.9
1319150 836.9
1319160 820.7
1319170 820.7
1319180 817.5
1319190 818.6
1319200 818.6
1319210 819.9
1319220 810.1
1319230 810.1
1319240 801.9
1319250 795.7
1319260 795.7
1319270 795.3
1319280 786.1
1319290 786.1
1319300 780.0
1319310 787.0
1319320 795.1
1319330 795.1
1319340 805.1
1319350 811.0
1319360 811.0
1319370 808.8
1319380 801.4
1319390 801.4
1319400 803.3
1319410 810.3
1319420 810.3
1319430 815.0
1319440 821.3
1319450 821.3
1319460 826.2
1319470 828.9
1319480 828.9
1319490 828.7
1319500 825.9
1319510 825.9
1319520 815.8
1319530 794.7
1319540 794.7
1319550 762.0
1319560 771.0
1319570 771.0
1319580 792.1
1319590 794.4
1319600 794.4
1319610 782.1
1319620 769.1
1319630 769.1
1319640 758.3
1319650 754.2
1319660 755.1
1319670 755.1
1319680 755.8
1319690 757.5
1319700 757.5
1319710 759.3
1319720 760.8
1319730 760.8
1319740 759.9
1319750 758.8
1319760 758.8
1319770 757.5
1319780 752.5
1319790 752.5
1319800 750.0
1319810 751.2
1319820 751.2
1319830 756.3
1319840 762.3
1319850 762.3
1319860 769.5
1319870 780.4
1319880 780.4
1319890 784.5
1319900 781.5
1319910 781.5
1319920 781.1
1319930 784.1
1319940 784.1
1319950 785.0
1319960 783.8
1319970 783.8
1319980 783.7
1319990 782.1
