1300000 1209.7
1300010 1208.9
1300020 1208.9
1300030 1208.5
1300040 1208.8
1300050 1208.8
1300060 1208.0
1300070 1206.9
1300080 1206.9
1300090 1205.6
1300100 1204.3
1300110 1204.3
1300120 1201.9
1300130 1198.6
1300140 1198.6
1300150 1195.2
1300160 1189.4
1300170 1189.4
1300180 1187.3
1300190 1185.6
1300200 1185.6
1300210 1183.2
1300220 1181.2
1300230 1181.2
1300240 1179.6
1300250 1178.1
1300260 1175.6
1300270 1175.6
1300280 1172.9
1300290 1170.2
1300300 1170.2
1300310 1168.1
1300320 1166.5
1300330 1166.5
1300340 1164.6
1300350 1162.8
1300360 1162.8
1300370 1160.6
1300380 1157.7
1300390 1157.7
1300400 1153.8
1300410 1150.8
1300420 1150.8
1300430 1148.7
1300440 1146.5
1300450 1146.5
1300460 1143.6
1300470 1139.9
1300480 1139.9
1300490 1136.7
1300500 1134.0
1300510 1134.0
1300520 1131.0
1300530 1127.7
1300540 1127.7
1300550 1123.0
1300560 1117.1
1300570 1117.1
1300580 1112.4
1300590 1108.8
1300600 1108.8
1300610 1106.1
1300620 1104.8
1300630 1103.0
1300640 1103.0
1300650 1098.9
1300660 1094.9
1300670 1094.9
1300680 1091.7
1300690 1088.8
1300700 1088.8
1300710 1085.9
1300720 1082.9
1300730 1082.9
1300740 1080.3
1300750 1077.4
1300760 1077.4
1300770 1074.5
1300780 1072.1
1300790 1072.1
1300800 1070.2
1300810 1068.3
1300820 1068.3
1300830 1067.3
1300840 1066.2
1300850 1065.9
1300860 1064.3
1300870 1062.7
1300880 1062.7
1300890 1059.0
1300900 1056.6
1300910 1056.6
1300920 1053.8
1300930 1050.9
1300940 1050.9
1300950 1047.7
1300960 1044.7
1300970 1042.4
1300980 1042.4
1300990 1039.3
1301000 1036.5
1301010 1036.5
1301020 1038.7
1301030 1038.8
1301040 1038.8
1301050 1038.5
1301060 1039.2
1301070 1039.2
1301080 1039.8
1301090 1039.6
1301100 1039.6
1301110 1038.3
1301120 1036.6
1301130 1036.6
1301140 1034.7
1301150 1032.7
1301160 1032.7
1301170 1030.4
1301180 1028.3
1301190 1028.3
1301200 1026.6
1301210 1025.4
1301220 1025.4
1301230 1023.7
1301240 1021.1
1301250 1021.1
1301260 1018.6
1301270 1016.3
1301280 1016.3
1301290 1013.7
1301300 1013.9
1301310 1013.9
1301320 1013.0
1301330 1010.7
1301340 1007.7
1301350 1007.7
1301360 1004.1
1301370 1000.6
1301380 1000.6
1301390 997.5
1301400 994.8
1301410 994.8
1301420 991.9
1301430 988.8
1301440 988.8
1301450 987.6
1301460 985.9
1301470 985.9
1301480 980.4
1301490 973.7
1301500 973.7
1301510 970.1
1301520 968.9
1301530 968.9
1301540 968.8
1301550 963.8
1301560 963.8
1301570 961.8
1301580 959.5
1301590 959.5
1301600 957.6
1301610 951.6
1301620 951.6
1301630 943.3
1301640 940.9
1301650 940.9
1301660 942.5
1301670 952.2
1301680 956.4
1301690 956.4
1301700 957.1
1301710 957.0
1301720 957.0
1301730 961.2
1301740 966.2
1301750 966.2
1301760 970.7
1301770 973.0
1301780 973.0
1301790 973.1
1301800 970.3
1301810 970.3
1301820 968.1
1301830 969.7
1301840 969.7
1301850 974.3
1301860 975.0
1301870 975.0
1301880 975.3
1301890 977.8
1301900 977.8
1301910 982.4
1301920 988.1
1301930 988.1
1301940 990.4
1301950 990.0
1301960 990.0
1301970 989.4
1301980 988.0
1301990 988.0
1302000 985.8
1302010 982.5
1302020 982.5
1302030 978.8
1302040 976.8
1302050 975.5
1302060 975.5
1302070 975.1
1302080 974.8
1302090 974.8
1302100 974.5
1302110 974.1
1302120 974.1
1302130 973.7
1302140 973.4
1302150 973.4
1302160 973.1
1302170 973.1
1302180 973.1
1302190 973.2
1302200 973.3
1302210 973.3
1302220 973.4
1302230 973.6
1302240 973.6
1302250 974.8
1302260 975.0
1302270 975.0
1302280 974.5
1302290 972.6
1302300 972.6
1302310 969.8
1302320 967.3
1302330 967.3
1302340 965.6
1302350 964.4
1302360 964.4
1302370 963.2
1302380 961.6
1302390 961.6
1302400 959.4
1302410 956.4
1302420 953.7
1302430 953.7
1302440 951.5
1302450 949.8
1302460 949.8
1302470 947.9
1302480 945.6
1302490 945.6
1302500 943.7
1302510 942.7
1302520 942.7
1302530 941.6
1302540 939.5
1302550 939.5
1302560 936.9
1302570 934.5
1302580 934.5
1302590 932.6
1302600 931.1
1302610 931.1
1302620 929.6
1302630 928.1
1302640 928.1
1302650 928.9
1302660 929.6
1302670 929.6
1302680 927.1
1302690 922.7
1302700 922.7
1302710 917.9
1302720 915.7
1302730 915.7
1302740 912.1
1302750 908.2
1302760 903.9
1302770 903.9
1302780 899.8
1302790 897.6
1302800 897.6
1302810 898.0
1302820 898.8
1302830 898.8
1302840 899.1
1302850 899.2
1302860 899.2
1302870 899.2
1302880 898.9
1302890 898.9
1302900 898.6
1302910 899.1
1302920 899.1
1302930 899.4
1302940 899.1
1302950 899.3
1302960 899.5
1302970 899.6
1302980 899.6
1302990 899.8
1303000 900.1
1303010 900.1
1303020 900.2
1303030 899.7
1303040 899.7
1303050 899.8
1303060 899.9
1303070 899.9
1303080 899.9
1303090 899.7
1303100 899.7
1303110 899.6
1303120 899.6
1303130 899.7
1303140 899.7
1303150 900.0
1303160 900.1
1303170 900.1
1303180 900.2
1303190 900.3
1303200 900.3
1303210 900.3
1303220 900.3
1303230 900.3
1303240 901.0
1303250 902.3
1303260 902.3
1303270 903.5
1303280 904.8
1303290 904.8
1303300 906.6
1303310 909.4
1303320 909.4
1303330 911.9
1303340 913.4
1303350 913.4
1303360 918.7
1303370 921.2
1303380 921.2
1303390 923.5
1303400 926.0
1303410 926.0
1303420 928.4
1303430 931.6
1303440 931.6
1303450 935.5
1303460 939.5
1303470 939.5
1303480 942.3
1303490 943.7
1303500 945.4
1303510 945.4
1303520 947.6
1303530 950.2
1303540 950.2
1303550 953.2
1303560 956.5
1303570 956.5
1303580 959.9
1303590 963.2
1303600 963.2
1303610 966.7
1303620 970.5
1303630 970.5
1303640 974.7
1303650 978.9
1303660 980.2
1303670 984.2
1303680 988.3
1303690 988.3
1303700 992.1
1303710 995.8
1303720 995.8
1303730 1000.1
1303740 1003.4
1303750 1003.4
1303760 1006.9
1303770 1010.3
1303780 1010.3
1303790 1013.9
1303800 1018.3
1303810 1018.3
1303820 1023.6
1303830 1029.0
1303840 1034.3
1303850 1034.3
1303860 1039.5
1303870 1044.6
1303880 1044.6
1303890 1049.9
1303900 1055.6
1303910 1055.6
1303920 1060.9
1303930 1066.0
1303940 1066.0
1303950 1071.3
1303960 1077.1
1303970 1077.1
1303980 1082.3
1303990 1086.7
1304000 1086.7
1304010 1090.8
1304020 1095.9
1304030 1095.9
1304040 1101.4
1304050 1106.8
1304060 1106.8
1304070 1111.5
1304080 1116.2
1304090 1116.2
1304100 1120.0
1304110 1124.3
1304120 1124.3
1304130 1128.3
1304140 1131.7
1304150 1131.7
1304160 1134.2
1304170 1136.7
1304180 1136.7
1304190 1138.5
1304200 1138.9
1304210 1137.8
1304220 1137.8
1304230 1137.2
1304240 1137.4
1304250 1137.4
1304260 1137.3
1304270 1136.0
1304280 1136.0
1304290 1134.5
1304300 1130.2
1304310 1130.2
1304320 1125.6
1304330 1120.5
1304340 1120.5
1304350 1115.5
1304360 1112.1
1304370 1114.8
1304380 1115.4
1304390 1118.2
1304400 1118.2
1304410 1115.9
1304420 1112.2
1304430 1112.2
1304440 1107.1
1304450 1102.8
1304460 1102.8
1304470 1106.8
1304480 1111.2
1304490 1111.2
1304500 1116.0
1304510 1121.2
1304520 1121.2
1304530 1126.9
1304540 1132.6
1304550 1138.0
1304560 1138.0
1304570 1143.2
1304580 1148.3
1304590 1148.3
1304600 1152.8
1304610 1157.0
1304620 1157.0
1304630 1161.1
1304640 1165.2
1304650 1165.2
1304660 1169.4
1304670 1173.6
1304680 1173.6
1304690 1177.1
1304700 1180.6
1304710 1180.6
1304720 1183.6
1304730 1186.2
1304740 1186.2
1304750 1188.1
1304760 1188.6
1304770 1188.6
1304780 1184.5
1304790 1179.1
1304800 1179.1
1304810 1178.6
1304820 1175.6
1304830 1175.6
1304840 1169.9
1304850 1165.5
1304860 1165.5
1304870 1159.5
1304880 1153.1
1304890 1153.1
1304900 1154.8
1304910 1161.1
1304920 1159.2
1304930 1159.2
1304940 1154.8
1304950 1157.5
1304960 1157.5
1304970 1163.0
1304980 1169.3
1304990 1169.3
1305000 1175.6
1305010 1180.7
1305020 1180.7
1305030 1185.5
1305040 1190.2
1305050 1190.2
1305060 1195.0
1305070 1199.5
1305080 1194.6
1305090 1198.8
1305100 1204.8
1305110 1204.8
1305120 1210.8
1305130 1216.0
1305140 1216.0
1305150 1221.0
1305160 1225.7
1305170 1225.7
1305180 1230.0
1305190 1234.2
1305200 1234.2
1305210 1239.1
1305220 1244.2
1305230 1244.2
1305240 1249.0
1305250 1253.7
1305260 1253.7
1305270 1257.8
1305280 1261.6
1305290 1265.3
1305300 1265.3
1305310 1269.3
1305320 1272.7
1305330 1272.7
1305340 1275.7
1305350 1278.4
1305360 1278.4
1305370 1281.8
1305380 1285.5
1305390 1285.5
1305400 1288.1
1305410 1290.2
1305420 1290.2
1305430 1291.6
1305440 1293.0
1305450 1293.0
1305460 1295.0
1305470 1297.0
1305480 1297.0
1305490 1299.8
1305500 1303.0
1305510 1303.0
1305520 1306.1
1305530 1308.4
1305540 1308.4
1305550 1311.7
1305560 1313.7
1305570 1313.7
1305580 1314.5
1305590 1318.1
1305600 1318.1
1305610 1318.6
1305620 1317.1
1305630 1317.1
1305640 1317.1
1305650 1313.7
1305660 1314.0
1305670 1314.0
1305680 1321.4
1305690 1330.2
1305700 1330.2
1305710 1338.7
1305720 1346.8
1305730 1346.8
1305740 1354.9
1305750 1362.3
1305760 1362.3
1305770 1366.8
1305780 1371.0
1305790 1375.0
1305800 1378.1
1305810 1384.0
1305820 1384.0
1305830 1389.4
1305840 1395.9
1305850 1395.9
1305860 1403.1
1305870 1410.2
1305880 1410.2
1305890 1417.0
1305900 1421.9
1305910 1421.9
1305920 1426.6
1305930 1432.5
1305940 1432.5
1305950 1438.1
1305960 1443.2
1305970 1443.2
1305980 1448.9
1305990 1454.8
1306000 1462.0
1306010 1462.0
1306020 1469.2
1306030 1476.8
1306040 1476.8
1306050 1485.7
1306060 1493.9
1306070 1493.9
1306080 1501.4
1306090 1509.1
1306100 1509.1
1306110 1517.1
1306120 1524.4
1306130 1524.4
1306140 1531.3
1306150 1538.8
1306160 1538.8
1306170 1545.9
1306180 1552.1
1306190 1552.1
1306200 1557.5
1306210 1563.8
1306220 1563.8
1306230 1569.3
1306240 1574.6
1306250 1574.6
1306260 1579.7
1306270 1582.6
1306280 1582.6
1306290 1586.4
1306300 1590.3
1306310 1590.3
1306320 1591.6
1306330 1595.9
1306340 1598.6
1306350 1598.6
1306360 1604.7
1306370 1608.2
1306380 1608.2
1306390 1608.6
1306400 1608.7
1306410 1608.7
1306420 1611.3
1306430 1616.9
1306440 1616.9
1306450 1623.4
1306460 1630.5
1306470 1630.5
1306480 1637.6
1306490 1645.1
1306500 1645.1
1306510 1654.1
1306520 1660.9
1306530 1660.9
1306540 1668.0
1306550 1675.0
1306560 1675.0
1306570 1682.7
1306580 1690.3
1306590 1690.3
1306600 1700.5
1306610 1712.9
1306620 1712.9
1306630 1721.2
1306640 1723.2
1306650 1723.2
1306660 1723.0
1306670 1722.4
1306680 1722.4
1306690 1720.3
1306700 1716.9
1306710 1711.7
1306720 1711.7
1306730 1705.4
1306740 1694.5
1306750 1694.5
1306760 1682.2
1306770 1676.9
1306780 1676.9
1306790 1674.3
1306800 1668.6
1306810 1668.6
1306820 1660.3
1306830 1651.3
1306840 1651.3
1306850 1641.8
1306860 1633.8
1306870 1633.8
1306880 1624.2
1306890 1612.9
1306900 1612.9
1306910 1607.8
1306920 1602.5
1306930 1602.5
1306940 1592.6
1306950 1586.7
1306960 1586.7
1306970 1580.3
1306980 1571.6
1306990 1571.6
1307000 1566.6
1307010 1567.6
1307020 1567.6
1307030 1566.8
1307040 1570.7
1307050 1570.7
1307060 1571.9
1307070 1570.5
1307080 1564.9
1307090 1564.9
1307100 1556.3
1307110 1547.2
1307120 1547.2
1307130 1535.5
1307140 1526.0
1307150 1526.0
1307160 1516.2
1307170 1504.1
1307180 1504.1
1307190 1493.3
1307200 1483.7
1307210 1483.7
1307220 1472.5
1307230 1458.0
1307240 1458.0
1307250 1449.6
1307260 1446.2
1307270 1446.2
1307280 1442.7
1307290 1432.9
1307300 1432.9
1307310 1419.6
1307320 1407.3
1307330 1407.3
1307340 1396.5
1307350 1384.1
1307360 1384.1
1307370 1374.5
1307380 1368.0
1307390 1368.0
1307400 1366.8
1307410 1363.1
1307420 1354.7
1307430 1354.7
1307440 1350.8
1307450 1344.1
1307460 1344.1
1307470 1335.6
1307480 1328.5
1307490 1328.5
1307500 1321.1
1307510 1314.1
1307520 1314.1
1307530 1304.7
1307540 1293.3
1307550 1293.3
1307560 1282.2
1307570 1273.1
1307580 1273.1
1307590 1264.2
1307600 1254.9
1307610 1254.9
1307620 1247.4
1307630 1240.9
1307640 1240.9
1307650 1235.2
1307660 1228.4
1307670 1228.4
1307680 1220.1
1307690 1210.0
1307700 1210.0
1307710 1201.8
1307720 1195.8
1307730 1195.8
1307740 1190.0
1307750 1185.1
1307760 1185.1
1307770 1180.1
1307780 1174.3
1307790 1168.2
1307800 1168.2
1307810 1162.8
1307820 1157.5
1307830 1157.5
1307840 1152.3
1307850 1147.0
1307860 1147.0
1307870 1142.4
1307880 1138.4
1307890 1138.4
1307900 1133.7
1307910 1128.8
1307920 1128.8
1307930 1124.2
1307940 1118.3
1307950 1118.6
1307960 1111.7
1307970 1105.5
1307980 1105.5
1307990 1100.9
1308000 1097.7
1308010 1097.7
1308020 1096.0
1308030 1094.4
1308040 1094.4
1308050 1091.4
1308060 1087.7
1308070 1087.7
1308080 1085.4
1308090 1081.9
1308100 1081.9
1308110 1077.8
1308120 1075.9
1308130 1075.9
1308140 1073.7
1308150 1071.8
1308160 1070.4
1308170 1070.4
1308180 1069.5
1308190 1067.8
1308200 1067.8
1308210 1064.9
1308220 1062.3
1308230 1062.3
1308240 1060.5
1308250 1059.1
1308260 1059.1
1308270 1057.4
1308280 1056.2
1308290 1056.2
1308300 1054.3
1308310 1051.8
1308320 1051.8
1308330 1049.3
1308340 1046.7
1308350 1046.7
1308360 1044.9
1308370 1043.6
1308380 1043.6
1308390 1041.9
1308400 1039.2
1308410 1039.2
1308420 1036.0
1308430 1032.7
1308440 1032.7
1308450 1029.7
1308460 1027.6
1308470 1027.6
1308480 1025.4
1308490 1022.9
1308500 1020.7
1308510 1020.7
1308520 1019.2
1308530 1018.4
1308540 1018.4
1308550 1017.9
1308560 1017.5
1308570 1017.5
1308580 1019.1
1308590 1020.5
1308600 1020.5
1308610 1020.0
1308620 1018.2
1308630 1018.2
1308640 1014.3
1308650 1009.0
1308660 1009.0
1308670 1006.5
1308680 1006.8
1308690 1006.8
1308700 1007.0
1308710 1007.3
1308720 1007.3
1308730 1007.3
1308740 1007.5
1308750 1007.5
1308760 1007.7
1308770 1008.0
1308780 1008.0
1308790 1008.4
1308800 1008.4
1308810 1008.4
1308820 1008.2
1308830 1007.3
1308840 1007.3
1308850 1006.8
1308860 1007.3
1308870 1010.4
1308880 1010.4
1308890 1013.8
1308900 1015.3
1308910 1015.3
1308920 1016.0
1308930 1016.0
1308940 1016.0
1308950 1016.1
1308960 1016.4
1308970 1016.4
1308980 1016.1
1308990 1015.6
1309000 1015.6
1309010 1016.0
1309020 1016.0
1309030 1016.0
1309040 1016.6
1309050 1018.1
1309060 1018.1
1309070 1020.1
1309080 1022.9
1309090 1022.9
1309100 1024.9
1309110 1027.5
1309120 1027.5
1309130 1031.2
1309140 1034.6
1309150 1034.6
1309160 1037.0
1309170 1039.6
1309180 1039.6
1309190 1042.8
1309200 1046.0
1309210 1049.7
1309220 1049.7
1309230 1053.9
1309240 1057.7
1309250 1057.7
1309260 1061.6
1309270 1066.2
1309280 1066.2
1309290 1070.7
1309300 1074.8
1309310 1074.8
1309320 1078.7
1309330 1082.4
1309340 1082.4
1309350 1086.4
1309360 1090.8
1309370 1090.8
1309380 1096.1
1309390 1102.1
1309400 1102.1
1309410 1107.4
1309420 1113.5
1309430 1113.5
1309440 1120.0
1309450 1126.6
1309460 1126.6
1309470 1133.6
1309480 1140.8
1309490 1140.8
1309500 1147.9
1309510 1154.6
1309520 1154.6
1309530 1160.2
1309540 1165.8
1309550 1165.8
1309560 1171.5
1309570 1177.6
1309580 1184.6
1309590 1184.6
1309600 1191.2
1309610 1197.4
1309620 1197.4
1309630 1203.7
1309640 1210.3
1309650 1210.3
1309660 1216.7
1309670 1223.4
1309680 1223.4
1309690 1229.8
1309700 1236.2
1309710 1236.2
1309720 1242.4
1309730 1248.6
1309740 1248.6
1309750 1254.3
1309760 1260.1
1309770 1260.1
1309780 1266.7
1309790 1274.1
1309800 1274.1
1309810 1282.3
1309820 1290.0
1309830 1290.0
1309840 1297.3
1309850 1299.0
1309860 1299.0
1309870 1297.4
1309880 1294.6
1309890 1294.6
1309900 1291.5
1309910 1288.9
1309920 1288.9
1309930 1286.0
1309940 1283.4
1309950 1281.6
1309960 1281.6
1309970 1281.0
1309980 1281.3
1309990 1281.3
1310000 1281.7
1310010 1281.6
1310020 1281.6
1310030 1282.7
1310040 1280.7
1310050 1280.7
1310060 1277.8
1310070 1280.7
1310080 1280.7
1310090 1286.2
1310100 1291.8
1310110 1291.8
1310120 1296.3
1310130 1300.6
1310140 1297.9
1310150 1302.9
1310160 1308.3
1310170 1308.3
1310180 1313.9
1310190 1319.8
1310200 1319.8
1310210 1326.2
1310220 1332.3
1310230 1332.3
1310240 1338.7
1310250 1344.9
1310260 1344.9
1310270 1351.3
1310280 1356.0
1310290 1360.9
1310300 1360.9
1310310 1365.5
1310320 1370.1
1310330 1370.1
1310340 1376.0
1310350 1382.6
1310360 1382.6
1310370 1388.1
1310380 1394.1
1310390 1394.1
1310400 1401.3
1310410 1408.1
1310420 1408.1
1310430 1414.8
1310440 1421.8
1310450 1421.8
1310460 1428.6
1310470 1435.6
1310480 1435.6
1310490 1442.5
1310500 1448.6
1310510 1448.6
1310520 1454.8
1310530 1461.6
1310540 1461.6
1310550 1467.7
1310560 1473.3
1310570 1473.3
1310580 1479.5
1310590 1485.8
1310600 1485.8
1310610 1491.6
1310620 1498.1
1310630 1498.1
1310640 1504.4
1310650 1510.3
1310660 1517.5
1310670 1517.5
1310680 1525.3
1310690 1534.3
1310700 1534.3
1310710 1541.6
1310720 1551.0
1310730 1551.0
1310740 1558.4
1310750 1563.1
1310760 1563.1
1310770 1569.1
1310780 1574.2
1310790 1574.2
1310800 1579.0
1310810 1583.1
1310820 1583.1
1310830 1585.6
1310840 1585.5
1310850 1585.5
1310860 1580.3
1310870 1569.2
1310880 1569.2
1310890 1562.0
1310900 1554.3
1310910 1554.3
1310920 1545.8
1310930 1537.4
1310940 1537.4
1310950 1529.7
1310960 1521.9
1310970 1521.9
1310980 1514.4
1310990 1507.6
1311000 1501.5
1311010 1501.5
1311020 1495.5
1311030 1490.9
1311040 1490.9
1311050 1485.9
1311060 1480.9
1311070 1480.9
1311080 1476.4
1311090 1473.2
1311100 1473.2
1311110 1469.2
1311120 1465.4
1311130 1465.4
1311140 1463.5
1311150 1461.9
1311160 1461.9
1311170 1460.3
1311180 1458.4
1311190 1458.4
1311200 1456.0
1311210 1452.8
1311220 1452.8
1311230 1449.3
1311240 1446.0
1311250 1446.0
1311260 1443.6
1311270 1440.7
1311280 1440.7
1311290 1437.4
1311300 1433.4
1311310 1433.4
1311320 1428.7
1311330 1426.1
1311340 1426.1
1311350 1425.1
1311360 1424.0
1311370 1422.5
1311380 1422.5
1311390 1421.8
1311400 1422.1
1311410 1422.1
1311420 1422.8
1311430 1423.4
1311440 1423.4
1311450 1423.3
1311460 1422.2
1311470 1422.2
1311480 1422.2
1311490 1422.6
1311500 1422.6
1311510 1422.5
1311520 1423.3
1311530 1423.3
1311540 1424.2
1311550 1425.0
1311560 1425.0
1311570 1427.7
1311580 1430.1
1311590 1430.1
1311600 1431.3
1311610 1426.5
1311620 1426.5
1311630 1428.9
1311640 1433.7
1311650 1433.7
1311660 1438.8
1311670 1443.0
1311680 1443.0
1311690 1446.6
1311700 1450.5
1311710 1450.5
1311720 1455.4
1311730 1460.4
1311740 1464.4
1311750 1464.4
1311760 1467.1
1311770 1468.3
1311780 1468.3
1311790 1467.3
1311800 1465.0
1311810 1465.0
1311820 1462.9
1311830 1460.1
1311840 1460.1
1311850 1457.5
1311860 1455.8
1311870 1455.8
1311880 1454.6
1311890 1453.8
1311900 1453.8
1311910 1453.7
1311920 1453.8
1311930 1453.8
1311940 1455.8
1311950 1458.0
1311960 1458.0
1311970 1459.7
1311980 1462.1
1311990 1462.1
1312000 1463.2
1312010 1459.7
1312020 1459.7
1312030 1453.9
1312040 1450.6
1312050 1450.6
1312060 1454.4
1312070 1460.3
1312080 1466.5
1312090 1466.5
1312100 1463.8
1312110 1456.4
1312120 1456.4
1312130 1455.0
1312140 1457.0
1312150 1457.0
1312160 1459.5
1312170 1462.8
1312180 1462.8
1312190 1468.8
1312200 1475.4
1312210 1475.4
1312220 1481.1
1312230 1487.5
1312240 1487.5
1312250 1493.3
1312260 1499.0
1312270 1499.0
1312280 1502.4
1312290 1505.6
1312300 1505.6
1312310 1509.6
1312320 1514.2
1312330 1514.2
1312340 1519.0
1312350 1518.7
1312360 1518.7
1312370 1521.7
1312380 1526.1
1312390 1526.1
1312400 1530.2
1312410 1532.9
1312420 1532.9
1312430 1533.3
1312440 1535.2
1312450 1539.8
1312460 1539.8
1312470 1542.0
1312480 1543.3
1312490 1543.3
1312500 1545.7
1312510 1548.6
1312520 1548.6
1312530 1551.8
1312540 1555.7
1312550 1555.7
1312560 1561.3
1312570 1566.3
1312580 1566.3
1312590 1570.4
1312600 1572.9
1312610 1572.9
1312620 1573.4
1312630 1572.2
1312640 1572.2
1312650 1571.1
1312660 1569.3
1312670 1569.3
1312680 1567.5
1312690 1566.5
1312700 1566.5
1312710 1566.2
1312720 1565.3
1312730 1565.3
1312740 1564.0
1312750 1564.0
1312760 1564.0
1312770 1565.5
1312780 1567.0
1312790 1567.9
1312800 1567.9
1312810 1568.5
1312820 1569.9
1312830 1569.9
1312840 1570.0
1312850 1568.0
1312860 1568.0
1312870 1568.4
1312880 1571.1
1312890 1571.1
1312900 1576.1
1312910 1580.8
1312920 1580.8
1312930 1584.6
1312940 1586.6
1312950 1586.6
1312960 1587.0
1312970 1588.1
1312980 1588.1
1312990 1588.5
1313000 1590.5
1313010 1590.5
1313020 1591.8
1313030 1595.3
1313040 1595.3
1313050 1601.9
1313060 1610.6
1313070 1610.6
1313080 1617.2
1313090 1618.7
1313100 1610.6
1313110 1610.6
1313120 1610.2
1313130 1610.2
1313140 1609.2
1313150 1609.6
1313160 1612.5
1313170 1612.5
1313180 1618.4
1313190 1626.6
1313200 1626.6
1313210 1640.0
1313220 1650.4
1313230 1650.4
1313240 1659.4
1313250 1667.6
1313260 1667.6
1313270 1680.4
1313280 1713.5
1313290 1713.5
1313300 1741.7
1313310 1755.4
1313320 1755.4
1313330 1765.3
1313340 1769.5
1313350 1769.5
1313360 1773.5
1313370 1782.0
1313380 1782.0
1313390 1790.7
1313400 1799.1
1313410 1799.1
1313420 1805.0
1313430 1806.7
1313440 1806.7
1313450 1809.8
1313460 1815.5
1313470 1815.5
1313480 1823.6
1313490 1827.2
1313500 1827.2
1313510 1828.4
1313520 1831.7
1313530 1827.9
1313540 1827.9
1313550 1824.0
1313560 1821.5
1313570 1821.5
1313580 1816.3
1313590 1814.0
1313600 1814.0
1313610 1814.2
1313620 1815.2
1313630 1815.2
1313640 1818.7
1313650 1823.2
1313660 1823.2
1313670 1826.9
1313680 1829.8
1313690 1829.8
1313700 1833.8
1313710 1842.9
1313720 1842.9
1313730 1851.1
1313740 1853.9
1313750 1853.9
1313760 1852.3
1313770 1853.0
1313780 1853.0
1313790 1857.7
1313800 1860.2
1313810 1860.2
1313820 1865.8
1313830 1873.5
1313840 1873.5
1313850 1881.1
1313860 1889.9
1313870 1897.4
1313880 1897.4
1313890 1904.5
1313900 1910.7
1313910 1910.7
1313920 1913.9
1313930 1916.1
1313940 1916.1
1313950 1917.4
1313960 1919.2
1313970 1919.2
1313980 1921.1
1313990 1922.4
1314000 1922.4
1314010 1923.9
1314020 1925.2
1314030 1925.2
1314040 1926.5
1314050 1928.1
1314060 1928.1
1314070 1929.8
1314080 1931.2
1314090 1931.2
1314100 1932.6
1314110 1933.9
1314120 1933.9
1314130 1935.2
1314140 1936.1
1314150 1936.1
1314160 1937.3
1314170 1938.1
1314180 1938.1
1314190 1939.1
1314200 1939.8
1314210 1939.8
1314220 1940.7
1314230 1941.5
1314240 1942.3
1314250 1942.3
1314260 1942.6
1314270 1943.4
1314280 1943.4
1314290 1944.1
1314300 1944.6
1314310 1944.6
1314320 1944.8
1314330 1944.9
1314340 1944.9
1314350 1945.1
1314360 1945.8
1314370 1945.8
1314380 1946.7
1314390 1947.3
1314400 1947.3
1314410 1948.3
1314420 1949.2
1314430 1949.2
1314440 1950.4
1314450 1951.3
1314460 1951.3
1314470 1952.5
1314480 1953.6
1314490 1953.6
1314500 1955.6
1314510 1956.8
1314520 1956.8
1314530 1957.8
1314540 1958.0
1314550 1958.0
1314560 1957.9
1314570 1956.3
1314580 1951.3
1314590 1951.3
1314600 1953.5
1314610 1945.7
1314620 1945.7
1314630 1937.2
1314640 1926.5
1314650 1926.5
1314660 1917.5
1314670 1906.8
1314680 1906.8
1314690 1894.3
1314700 1886.7
1314710 1886.7
1314720 1881.8
1314730 1881.0
1314740 1881.0
1314750 1890.5
1314760 1895.9
1314770 1895.9
1314780 1874.2
1314790 1868.3
1314800 1868.3
1314810 1868.4
1314820 1873.4
1314830 1873.4
1314840 1869.4
1314850 1867.8
1314860 1867.8
1314870 1873.8
1314880 1865.9
1314890 1865.9
1314900 1863.1
1314910 1853.7
1314920 1853.7
1314930 1844.3
1314940 1844.6
1314950 1842.1
1314960 1842.1
1314970 1845.0
1314980 1840.1
1314990 1840.1
1315000 1840.2
1315010 1838.8
1315020 1838.8
1315030 1840.7
1315040 1834.9
1315050 1834.9
1315060 1833.5
1315070 1829.9
1315080 1829.9
1315090 1825.5
1315100 1822.6
1315110 1822.6
1315120 1816.6
1315130 1809.3
1315140 1809.3
1315150 1811.3
1315160 1812.8
1315170 1812.8
1315180 1813.2
1315190 1807.9
1315200 1807.9
1315210 1805.1
1315220 1809.3
1315230 1809.3
1315240 1810.9
1315250 1808.9
1315260 1808.9
1315270 1805.7
1315280 1802.5
1315290 1798.9
1315300 1798.9
1315310 1795.4
1315320 1789.5
1315330 1789.5
1315340 1785.1
1315350 1787.1
1315360 1787.1
1315370 1788.8
1315380 1788.6
1315390 1788.6
1315400 1784.0
1315410 1780.8
1315420 1780.8
1315430 1781.0
1315440 1781.4
1315450 1781.4
1315460 1781.6
1315470 1780.9
1315480 1780.9
1315490 1778.4
1315500 1775.8
1315510 1775.8
1315520 1773.2
1315530 1770.5
1315540 1770.5
1315550 1770.6
1315560 1770.2
1315570 1770.2
1315580 1770.5
1315590 1770.9
1315600 1770.9
1315610 1769.1
1315620 1770.5
1315630 1770.5
1315640 1773.5
1315650 1776.2
1315660 1779.3
1315670 1779.3
1315680 1782.2
1315690 1784.5
1315700 1784.5
1315710 1786.1
1315720 1786.7
1315730 1786.7
1315740 1786.1
1315750 1783.9
1315760 1783.9
1315770 1782.0
1315780 1777.5
1315790 1777.5
1315800 1771.5
1315810 1766.8
1315820 1766.8
1315830 1761.5
1315840 1756.0
1315850 1756.0
1315860 1752.2
1315870 1751.4
1315880 1751.4
1315890 1752.1
1315900 1754.0
1315910 1754.0
1315920 1756.2
1315930 1757.8
1315940 1757.8
1315950 1758.8
1315960 1759.3
1315970 1759.3
1315980 1759.9
1315990 1760.0
1316000 1760.0
1316010 1760.6
1316020 1762.8
1316030 1766.1
1316040 1766.1
1316050 1769.4
1316060 1772.7
1316070 1772.7
1316080 1776.0
1316090 1778.9
1316100 1778.9
1316110 1788.0
1316120 1790.4
1316130 1790.4
1316140 1792.3
1316150 1793.1
1316160 1793.1
1316170 1795.3
1316180 1797.5
1316190 1797.5
1316200 1799.3
1316210 1800.9
1316220 1800.9
1316230 1802.8
1316240 1804.7
1316250 1804.7
1316260 1806.0
1316270 1806.6
1316280 1806.6
1316290 1805.8
1316300 1801.5
1316310 1801.5
1316320 1795.0
1316330 1788.5
1316340 1788.5
1316350 1785.2
1316360 1783.7
1316370 1783.0
1316380 1783.0
1316390 1782.7
1316400 1784.2
1316410 1784.2
1316420 1786.6
1316430 1789.2
1316440 1789.2
1316450 1791.7
1316460 1794.5
1316470 1794.5
1316480 1797.1
1316490 1799.2
1316500 1799.2
1316510 1802.1
1316520 1804.8
1316530 1804.8
1316540 1803.1
1316550 1798.1
1316560 1798.1
1316570 1795.0
1316580 1790.0
1316590 1790.0
1316600 1785.2
1316610 1785.4
1316620 1785.4
1316630 1789.4
1316640 1789.0
1316650 1789.0
1316660 1785.3
1316670 1780.6
1316680 1780.6
1316690 1776.4
1316700 1773.3
1316710 1773.3
1316720 1769.0
1316730 1764.8
1316740 1761.8
1316750 1761.8
1316760 1757.4
1316770 1753.7
1316780 1753.7
1316790 1753.8
1316800 1751.6
1316810 1751.6
1316820 1748.8
1316830 1750.1
1316840 1750.1
1316850 1751.5
1316860 1749.4
1316870 1754.9
1316880 1754.7
1316890 1752.7
1316900 1752.7
1316910 1752.4
1316920 1750.0
1316930 1750.0
1316940 1747.0
1316950 1744.3
1316960 1744.3
1316970 1739.8
1316980 1737.0
1316990 1737.0
1317000 1733.1
1317010 1732.3
1317020 1732.3
1317030 1731.1
1317040 1727.9
1317050 1727.9
1317060 1724.3
1317070 1722.3
1317080 1723.5
1317090 1723.5
1317100 1719.2
1317110 1714.2
1317120 1714.2
1317130 1711.9
1317140 1710.6
1317150 1710.6
1317160 1704.4
1317170 1697.6
1317180 1697.6
1317190 1692.8
1317200 1689.1
1317210 1689.1
1317220 1686.3
1317230 1689.2
1317240 1689.2
1317250 1690.7
1317260 1690.4
1317270 1690.4
1317280 1688.9
1317290 1687.4
1317300 1687.4
1317310 1683.2
1317320 1676.4
1317330 1676.4
1317340 1673.4
1317350 1673.3
1317360 1673.3
1317370 1673.3
1317380 1671.9
1317390 1671.9
1317400 1670.4
1317410 1668.5
1317420 1668.5
1317430 1665.6
1317440 1661.1
1317450 1655.5
1317460 1655.5
1317470 1652.9
1317480 1650.4
1317490 1650.4
1317500 1646.2
1317510 1643.0
1317520 1643.0
1317530 1640.9
1317540 1639.6
1317550 1639.6
1317560 1638.3
1317570 1637.6
1317580 1637.6
1317590 1637.1
1317600 1636.5
1317610 1636.5
1317620 1636.6
1317630 1635.0
1317640 1628.8
1317650 1627.2
1317660 1625.5
1317670 1625.5
1317680 1625.1
1317690 1624.8
1317700 1624.8
1317710 1624.1
1317720 1623.6
1317730 1623.6
1317740 1623.7
1317750 1623.5
1317760 1623.5
1317770 1624.2
1317780 1622.9
1317790 1622.9
1317800 1621.8
1317810 1620.1
1317820 1618.1
1317830 1618.1
1317840 1616.9
1317850 1616.7
1317860 1616.7
1317870 1617.4
1317880 1617.9
1317890 1617.9
1317900 1618.0
1317910 1617.0
1317920 1617.0
1317930 1616.1
1317940 1616.2
1317950 1616.2
1317960 1617.7
1317970 1617.9
1317980 1617.9
1317990 1617.7
1318000 1617.8
1318010 1617.8
1318020 1617.9
1318030 1618.6
1318040 1618.6
1318050 1618.6
1318060 1617.4
1318070 1617.4
1318080 1616.3
1318090 1616.1
1318100 1616.1
1318110 1616.2
1318120 1616.5
1318130 1616.5
1318140 1616.9
1318150 1618.3
1318160 1619.4
1318170 1619.4
1318180 1619.1
1318190 1619.0
1318200 1619.0
1318210 1619.3
1318220 1619.8
1318230 1619.8
1318240 1620.0
1318250 1620.5
1318260 1620.5
1318270 1621.2
1318280 1622.4
1318290 1622.4
1318300 1623.6
1318310 1624.5
1318320 1624.5
1318330 1625.6
1318340 1626.6
1318350 1626.6
1318360 1626.9
1318370 1626.8
1318380 1626.8
1318390 1627.5
1318400 1629.1
1318410 1622.8
1318420 1625.2
1318430 1628.0
1318440 1628.0
1318450 1631.0
1318460 1634.5
1318470 1634.5
1318480 1639.6
1318490 1641.6
1318500 1641.6
1318510 1643.9
1318520 1646.3
1318530 1649.2
1318540 1649.2
1318550 1652.5
1318560 1655.6
1318570 1655.6
1318580 1659.2
1318590 1662.8
1318600 1662.8
1318610 1664.9
1318620 1666.6
1318630 1666.6
1318640 1667.6
1318650 1666.6
1318660 1666.6
1318670 1665.0
1318680 1664.5
1318690 1664.5
1318700 1664.8
1318710 1665.5
1318720 1665.5
1318730 1666.1
1318740 1664.7
1318750 1664.7
1318760 1662.1
1318770 1659.6
1318780 1659.6
1318790 1658.6
1318800 1656.5
1318810 1656.5
1318820 1653.0
1318830 1649.3
1318840 1649.3
1318850 1646.2
1318860 1643.6
1318870 1641.3
1318880 1641.3
1318890 1638.7
1318900 1636.1
1318910 1636.1
1318920 1633.7
1318930 1631.3
1318940 1631.3
1318950 1628.5
1318960 1626.1
1318970 1626.1
1318980 1624.4
1318990 1622.1
1319000 1622.1
1319010 1620.0
1319020 1618.3
1319030 1618.3
1319040 1617.8
1319050 1616.9
1319060 1616.9
1319070 1616.4
1319080 1616.4
1319090 1616.4
1319100 1616.4
1319110 1616.5
1319120 1616.5
1319130 1615.8
1319140 1616.3
1319150 1616.3
1319160 1617.6
1319170 1620.0
1319180 1614.0
1319190 1616.1
1319200 1619.8
1319210 1619.8
1319220 1620.7
1319230 1620.1
1319240 1619.7
1319250 1619.7
1319260 1621.1
1319270 1623.2
1319280 1623.2
1319290 1623.2
1319300 1623.9
1319310 1623.9
1319320 1622.6
1319330 1620.3
1319340 1620.3
1319350 1618.5
1319360 1618.1
1319370 1618.1
1319380 1614.6
1319390 1611.9
1319400 1611.9
1319410 1609.5
1319420 1606.7
1319430 1606.7
1319440 1605.3
1319450 1601.4
1319460 1601.4
1319470 1598.3
1319480 1596.0
1319490 1596.0
1319500 1593.8
1319510 1591.1
1319520 1591.1
1319530 1586.7
1319540 1583.9
1319550 1583.9
1319560 1584.5
1319570 1585.8
1319580 1584.9
1319590 1584.9
1319600 1583.3
1319610 1582.7
1319620 1582.7
1319630 1584.5
1319640 1583.8
1319650 1583.8
1319660 1582.9
1319670 1580.5
1319680 1580.5
1319690 1578.2
1319700 1577.0
1319710 1577.0
1319720 1576.9
1319730 1576.9
1319740 1576.9
1319750 1576.4
1319760 1575.4
1319770 1575.4
1319780 1575.5
1319790 1574.3
1319800 1574.3
1319810 1574.0
1319820 1575.1
1319830 1575.1
1319840 1578.6
1319850 1584.1
1319860 1584.1
1319870 1588.0
1319880 1589.6
1319890 1589.6
1319900 1592.0
1319910 1595.1
1319920 1595.1
1319930 1599.0
1319940 1601.3
1319950 1600.6
1319960 1595.9
1319970 1595.7
1319980 1594.4
1319990 1594.4
