1300000 907.5
1300010 907.3
1300020 905.8
1300030 905.8
1300040 905.2
1300050 905.1
1300060 905.1
1300070 905.9
1300080 907.3
1300090 907.3
1300100 909.5
1300110 912.3
1300120 912.3
1300130 913.8
1300140 914.7
1300150 914.7
1300160 914.9
1300170 914.8
1300180 914.8
1300190 915.6
1300200 917.2
1300210 917.2
1300220 919.8
1300230 923.1
1300240 923.1
1300250 927.3
1300260 930.9
1300270 930.9
1300280 933.7
1300290 935.5
1300300 935.5
1300310 936.6
1300320 938.0
1300330 939.4
1300340 939.4
1300350 941.3
1300360 943.7
1300370 943.7
1300380 946.3
1300390 948.7
1300400 948.7
1300410 951.0
1300420 952.9
1300430 952.9
1300440 954.0
1300450 954.4
1300460 954.4
1300470 954.2
1300480 953.2
1300490 953.2
1300500 952.0
1300510 950.9
1300520 950.9
1300530 949.4
1300540 947.5
1300550 947.5
1300560 945.2
1300570 942.2
1300580 942.2
1300590 936.6
1300600 933.5
1300610 933.5
1300620 931.1
1300630 929.5
1300640 929.5
1300650 928.7
1300660 928.2
1300670 928.2
1300680 928.2
1300690 927.8
1300700 926.2
1300710 926.2
1300720 924.2
1300730 921.6
1300740 921.6
1300750 918.8
1300760 918.2
1300770 918.2
1300780 916.3
1300790 911.3
1300800 911.3
1300810 906.8
1300820 905.1
1300830 905.1
1300840 904.3
1300850 900.5
1300860 900.5
1300870 895.3
1300880 890.6
1300890 890.6
1300900 887.2
1300910 882.8
1300920 882.8
1300930 878.9
1300940 879.3
1300950 879.3
1300960 879.9
1300970 879.7
1300980 879.7
1300990 879.4
1301000 879.0
1301010 879.0
1301020 878.8
1301030 879.5
1301040 879.5
1301050 880.2
1301060 880.3
1301070 880.2
1301080 880.2
1301090 879.9
1301100 879.7
1301110 879.7
1301120 879.6
1301130 879.7
1301140 879.7
1301150 879.6
1301160 879.5
1301170 879.5
1301180 879.5
1301190 879.6
1301200 879.6
1301210 879.5
1301220 879.0
1301230 879.0
1301240 877.7
1301250 877.2
1301260 877.2
1301270 877.7
1301280 878.4
1301290 877.5
1301300 878.0
1301310 878.6
1301320 878.6
1301330 879.1
1301340 879.5
1301350 879.5
1301360 879.9
1301370 880.1
1301380 880.1
1301390 880.2
1301400 880.1
1301410 880.7
1301420 880.7
1301430 882.1
1301440 885.4
1301450 885.4
1301460 888.1
1301470 889.7
1301480 889.7
1301490 890.6
1301500 891.6
1301510 891.6
1301520 892.1
1301530 892.2
1301540 892.2
1301550 892.8
1301560 893.3
1301570 893.3
1301580 894.3
1301590 895.3
1301600 895.3
1301610 895.9
1301620 895.2
1301630 895.2
1301640 894.1
1301650 893.2
1301660 893.2
1301670 892.2
1301680 891.8
1301690 891.8
1301700 891.8
1301710 892.1
1301720 892.1
1301730 892.5
1301740 892.7
1301750 892.7
1301760 892.6
1301770 892.6
1301780 892.4
1301790 892.4
1301800 892.2
1301810 892.0
1301820 892.0
1301830 892.0
1301840 892.0
1301850 892.0
1301860 891.9
1301870 891.4
1301880 891.4
1301890 891.6
1301900 891.5
1301910 891.5
1301920 890.9
1301930 892.1
1301940 892.1
1301950 893.2
1301960 893.4
1301970 893.4
1301980 894.0
1301990 897.2
1302000 897.2
1302010 901.4
1302020 904.5
1302030 904.5
1302040 907.2
1302050 910.8
1302060 910.8
1302070 913.4
1302080 914.3
1302090 914.3
1302100 915.3
1302110 916.4
1302120 916.4
1302130 916.6
1302140 916.6
1302150 917.0
1302160 917.0
1302170 918.2
1302180 919.2
1302190 919.2
1302200 919.8
1302210 920.5
1302220 920.5
1302230 920.8
1302240 920.9
1302250 920.9
1302260 921.1
1302270 921.0
1302280 921.0
1302290 921.1
1302300 921.9
1302310 921.9
1302320 922.8
1302330 923.9
1302340 923.9
1302350 925.3
1302360 927.0
1302370 927.0
1302380 928.4
1302390 929.9
1302400 929.9
1302410 932.2
1302420 935.8
1302430 935.8
1302440 939.4
1302450 943.1
1302460 943.1
1302470 946.9
1302480 949.7
1302490 949.7
1302500 951.9
1302510 953.6
1302520 954.3
1302530 954.3
1302540 953.9
1302550 952.8
1302560 952.8
1302570 951.4
1302580 949.3
1302590 949.3
1302600 947.1
1302610 944.6
1302620 944.6
1302630 942.4
1302640 940.6
1302650 940.6
1302660 939.3
1302670 938.2
1302680 938.2
1302690 937.4
1302700 937.5
1302710 937.5
1302720 937.5
1302730 936.6
1302740 936.6
1302750 934.6
1302760 933.9
1302770 933.9
1302780 933.5
1302790 932.9
1302800 932.9
1302810 932.4
1302820 931.6
1302830 931.6
1302840 930.9
1302850 931.5
1302860 931.5
1302870 932.7
1302880 933.8
1302890 935.3
1302900 935.3
1302910 937.5
1302920 939.5
1302930 939.5
1302940 941.3
1302950 943.0
1302960 943.0
1302970 945.0
1302980 946.8
1302990 946.8
1303000 948.3
1303010 949.7
1303020 949.7
1303030 950.4
1303040 951.7
1303050 951.7
1303060 953.8
1303070 955.8
1303080 955.8
1303090 957.0
1303100 957.8
1303110 957.8
1303120 959.5
1303130 961.1
1303140 961.1
1303150 962.5
1303160 963.1
1303170 963.1
1303180 963.8
1303190 964.8
1303200 964.8
1303210 966.0
1303220 967.6
1303230 967.6
1303240 969.7
1303250 971.2
1303260 972.9
1303270 972.9
1303280 974.7
1303290 977.0
1303300 977.0
1303310 978.8
1303320 980.4
1303330 980.4
1303340 982.5
1303350 984.6
1303360 984.6
1303370 986.4
1303380 987.3
1303390 987.3
1303400 981.7
1303410 982.1
1303420 982.1
1303430 983.8
1303440 985.2
1303450 985.2
1303460 983.6
1303470 982.1
1303480 982.1
1303490 980.7
1303500 979.6
1303510 979.6
1303520 982.9
1303530 988.3
1303540 988.3
1303550 992.0
1303560 994.4
1303570 994.4
1303580 996.1
1303590 996.4
1303600 997.3
1303610 997.3
1303620 999.2
1303630 1001.3
1303640 1001.3
1303650 1003.5
1303660 1004.3
1303670 1004.3
1303680 1005.7
1303690 1006.1
1303700 1006.1
1303710 1006.9
1303720 1008.3
1303730 1008.3
1303740 1009.2
1303750 1009.9
1303760 1009.9
1303770 1010.3
1303780 1010.7
1303790 1010.7
1303800 1011.1
1303810 1011.5
1303820 1011.5
1303830 1011.9
1303840 1012.9
1303850 1012.9
1303860 1013.4
1303870 1013.4
1303880 1013.4
1303890 1013.1
1303900 1012.6
1303910 1012.6
1303920 1012.2
1303930 1011.7
1303940 1011.7
1303950 1011.4
1303960 1011.2
1303970 1010.7
1303980 1010.7
1303990 1010.0
1304000 1009.2
1304010 1009.2
1304020 1008.7
1304030 1010.1
1304040 1010.1
1304050 1010.4
1304060 1009.9
1304070 1009.9
1304080 1009.1
1304090 1008.3
1304100 1008.3
1304110 1007.5
1304120 1006.4
1304130 1006.4
1304140 1005.7
1304150 1005.1
1304160 1005.1
1304170 1004.7
1304180 1003.9
1304190 1003.9
1304200 1002.0
1304210 1001.4
1304220 1001.4
1304230 1001.9
1304240 1002.4
1304250 1002.4
1304260 1003.2
1304270 1004.2
1304280 1004.2
1304290 1005.2
1304300 1005.6
1304310 1005.6
1304320 1006.1
1304330 1006.4
1304340 1007.4
1304350 1007.4
1304360 1009.4
1304370 1011.4
1304380 1011.4
1304390 1012.0
1304400 1013.3
1304410 1013.3
1304420 1014.8
1304430 1016.5
1304440 1016.5
1304450 1018.3
1304460 1020.1
1304470 1020.1
1304480 1021.8
1304490 1023.3
1304500 1023.3
1304510 1024.9
1304520 1026.3
1304530 1026.3
1304540 1027.9
1304550 1029.4
1304560 1029.4
1304570 1030.7
1304580 1031.3
1304590 1031.3
1304600 1032.9
1304610 1034.7
1304620 1034.7
1304630 1035.9
1304640 1036.8
1304650 1036.8
1304660 1037.7
1304670 1037.7
1304680 1037.7
1304690 1038.1
1304700 1039.1
1304710 1041.3
1304720 1041.3
1304730 1042.9
1304740 1044.2
1304750 1044.2
1304760 1045.2
1304770 1045.8
1304780 1045.8
1304790 1046.1
1304800 1046.6
1304810 1046.6
1304820 1045.0
1304830 1042.4
1304840 1042.4
1304850 1040.0
1304860 1039.4
1304870 1039.4
1304880 1037.4
1304890 1036.6
1304900 1036.6
1304910 1036.6
1304920 1039.0
1304930 1039.0
1304940 1039.8
1304950 1038.4
1304960 1038.4
1304970 1034.5
1304980 1029.8
1304990 1029.8
1305000 1025.5
1305010 1021.8
1305020 1021.8
1305030 1019.7
1305040 1019.5
1305050 1019.5
1305060 1018.9
1305070 1015.5
1305080 1010.6
1305090 1010.6
1305100 1006.4
1305110 1003.4
1305120 1003.4
1305130 998.4
1305140 992.0
1305150 992.0
1305160 986.6
1305170 982.2
1305180 982.2
1305190 977.8
1305200 974.3
1305210 974.3
1305220 972.7
1305230 971.5
1305240 971.5
1305250 971.0
1305260 971.5
1305270 971.5
1305280 971.9
1305290 971.3
1305300 971.3
1305310 969.8
1305320 967.7
1305330 967.7
1305340 966.0
1305350 964.7
1305360 964.7
1305370 963.9
1305380 961.8
1305390 961.8
1305400 958.9
1305410 956.5
1305420 956.5
1305430 954.0
1305440 949.5
1305450 939.6
1305460 939.6
1305470 933.7
1305480 937.2
1305490 937.2
1305500 950.4
1305510 955.8
1305520 955.8
1305530 963.4
1305540 963.9
1305550 963.9
1305560 963.9
1305570 963.9
1305580 963.9
1305590 963.7
1305600 963.3
1305610 963.3
1305620 962.7
1305630 962.1
1305640 962.1
1305650 960.6
1305660 958.4
1305670 958.4
1305680 956.1
1305690 954.6
1305700 954.6
1305710 953.6
1305720 952.6
1305730 952.6
1305740 950.6
1305750 946.6
1305760 946.6
1305770 944.7
1305780 942.7
1305790 942.7
1305800 940.0
1305810 938.3
1305820 937.3
1305830 937.3
1305840 937.7
1305850 938.1
1305860 938.1
1305870 938.3
1305880 938.4
1305890 938.4
1305900 938.5
1305910 938.7
1305920 938.7
1305930 939.5
1305940 942.2
1305950 942.2
1305960 946.9
1305970 952.4
1305980 952.4
1305990 958.6
1306000 963.1
1306010 963.1
1306020 965.1
1306030 967.5
1306040 967.5
1306050 970.2
1306060 972.8
1306070 972.8
1306080 975.7
1306090 978.0
1306100 978.0
1306110 978.5
1306120 977.4
1306130 977.4
1306140 975.4
1306150 973.3
1306160 970.6
1306170 970.6
1306180 967.5
1306190 965.1
1306200 965.1
1306210 964.6
1306220 963.4
1306230 963.4
1306240 952.4
1306250 952.6
1306260 952.6
1306270 953.7
1306280 954.1
1306290 954.1
1306300 955.6
1306310 957.7
1306320 957.7
1306330 958.7
1306340 957.5
1306350 957.5
1306360 956.2
1306370 954.9
1306380 954.9
1306390 952.8
1306400 951.3
1306410 951.3
1306420 950.0
1306430 949.4
1306440 949.4
1306450 948.8
1306460 948.2
1306470 948.2
1306480 947.9
1306490 947.9
1306500 947.9
1306510 948.1
1306520 948.9
1306530 951.5
1306540 951.5
1306550 954.4
1306560 956.7
1306570 956.7
1306580 957.8
1306590 958.4
1306600 958.4
1306610 958.9
1306620 959.0
1306630 959.0
1306640 958.7
1306650 958.7
1306660 958.7
1306670 958.7
1306680 959.1
1306690 959.1
1306700 959.5
1306710 960.1
1306720 960.1
1306730 960.9
1306740 962.3
1306750 962.3
1306760 963.1
1306770 963.1
1306780 963.1
1306790 963.4
1306800 963.1
1306810 963.1
1306820 961.9
1306830 957.6
1306840 957.6
1306850 953.6
1306860 952.6
1306870 952.6
1306880 952.8
1306890 953.0
1306900 953.9
1306910 953.9
1306920 956.4
1306930 958.6
1306940 958.6
1306950 959.0
1306960 960.7
1306970 960.7
1306980 958.6
1306990 957.2
1307000 957.2
1307010 957.1
1307020 957.2
1307030 957.2
1307040 957.0
1307050 957.4
1307060 957.4
1307070 957.6
1307080 957.7
1307090 957.7
1307100 957.9
1307110 958.0
1307120 958.0
1307130 957.1
1307140 957.3
1307150 957.3
1307160 958.1
1307170 958.3
1307180 958.3
1307190 958.4
1307200 958.7
1307210 958.7
1307220 959.0
1307230 959.3
1307240 959.3
1307250 959.5
1307260 959.7
1307270 960.0
1307280 960.0
1307290 960.2
1307300 960.6
1307310 960.6
1307320 962.1
1307330 962.1
1307340 962.1
1307350 961.0
1307360 961.1
1307370 961.1
1307380 961.2
1307390 961.7
1307400 961.7
1307410 961.1
1307420 961.4
1307430 961.4
1307440 961.6
1307450 961.6
1307460 961.6
1307470 962.0
1307480 962.6
1307490 962.6
1307500 962.6
1307510 962.9
1307520 962.9
1307530 963.4
1307540 963.4
1307550 963.4
1307560 964.4
1307570 968.2
1307580 968.2
1307590 969.2
1307600 969.5
1307610 969.5
1307620 969.8
1307630 970.0
1307640 970.3
1307650 970.3
1307660 970.7
1307670 971.2
1307680 971.2
1307690 972.1
1307700 972.4
1307710 972.4
1307720 972.8
1307730 973.5
1307740 973.5
1307750 975.4
1307760 978.2
1307770 978.2
1307780 980.4
1307790 982.7
1307800 982.7
1307810 984.9
1307820 987.0
1307830 987.0
1307840 988.8
1307850 990.4
1307860 990.4
1307870 991.4
1307880 992.3
1307890 992.3
1307900 993.2
1307910 993.8
1307920 993.8
1307930 994.7
1307940 996.6
1307950 996.6
1307960 998.7
1307970 1000.3
1307980 1000.3
1307990 999.4
1308000 997.6
1308010 997.1
1308020 997.1
1308030 999.0
1308040 998.4
1308050 998.4
1308060 995.6
1308070 993.9
1308080 993.9
1308090 992.9
1308100 992.5
1308110 992.5
1308120 992.6
1308130 992.5
1308140 992.5
1308150 993.1
1308160 993.9
1308170 993.9
1308180 994.7
1308190 995.1
1308200 995.1
1308210 995.7
1308220 996.5
1308230 996.5
1308240 997.2
1308250 998.1
1308260 998.1
1308270 999.0
1308280 999.8
1308290 999.8
1308300 1000.7
1308310 1001.7
1308320 1001.7
1308330 1002.9
1308340 1004.2
1308350 1005.5
1308360 1005.5
1308370 1007.0
1308380 1009.1
1308390 1009.1
1308400 1010.4
1308410 1010.5
1308420 1010.5
1308430 1012.1
1308440 1015.0
1308450 1015.0
1308460 1016.6
1308470 1018.3
1308480 1018.3
1308490 1020.2
1308500 1023.2
1308510 1023.2
1308520 1027.3
1308530 1031.0
1308540 1031.0
1308550 1034.1
1308560 1037.4
1308570 1037.4
1308580 1038.5
1308590 1037.6
1308600 1037.6
1308610 1039.3
1308620 1041.6
1308630 1041.6
1308640 1044.0
1308650 1046.4
1308660 1046.4
1308670 1048.7
1308680 1050.9
1308690 1050.9
1308700 1053.0
1308710 1055.3
1308720 1057.6
1308730 1057.6
1308740 1059.8
1308750 1061.6
1308760 1061.6
1308770 1063.4
1308780 1065.6
1308790 1065.6
1308800 1067.7
1308810 1069.5
1308820 1069.5
1308830 1071.3
1308840 1073.4
1308850 1073.4
1308860 1077.7
1308870 1083.6
1308880 1083.6
1308890 1089.5
1308900 1094.6
1308910 1094.6
1308920 1099.4
1308930 1104.0
1308940 1104.0
1308950 1107.1
1308960 1110.3
1308970 1110.3
1308980 1115.3
1308990 1119.4
1309000 1119.4
1309010 1124.1
1309020 1128.6
1309030 1128.6
1309040 1132.3
1309050 1135.1
1309060 1135.1
1309070 1136.4
1309080 1136.5
1309090 1136.6
1309100 1136.6
1309110 1137.0
1309120 1139.8
1309130 1139.8
1309140 1144.5
1309150 1149.1
1309160 1149.1
1309170 1153.8
1309180 1159.1
1309190 1159.1
1309200 1164.5
1309210 1169.7
1309220 1169.7
1309230 1174.9
1309240 1179.4
1309250 1179.4
1309260 1183.5
1309270 1186.7
1309280 1186.7
1309290 1189.0
1309300 1191.6
1309310 1191.6
1309320 1194.4
1309330 1196.8
1309340 1196.8
1309350 1198.3
1309360 1197.3
1309370 1197.3
1309380 1197.7
1309390 1199.7
1309400 1199.7
1309410 1202.5
1309420 1205.9
1309430 1205.9
1309440 1209.0
1309450 1212.2
1309460 1215.5
1309470 1215.5
1309480 1219.4
1309490 1223.5
1309500 1223.5
1309510 1228.1
1309520 1233.1
1309530 1233.1
1309540 1238.4
1309550 1244.4
1309560 1244.4
1309570 1249.3
1309580 1253.9
1309590 1253.9
1309600 1257.7
1309610 1260.5
1309620 1260.5
1309630 1263.6
1309640 1267.1
1309650 1267.1
1309660 1270.8
1309670 1274.4
1309680 1274.4
1309690 1277.6
1309700 1280.3
1309710 1280.3
1309720 1283.3
1309730 1286.3
1309740 1286.3
1309750 1288.5
1309760 1291.4
1309770 1291.4
1309780 1294.8
1309790 1297.7
1309800 1297.7
1309810 1300.9
1309820 1305.3
1309830 1311.2
1309840 1311.2
1309850 1317.1
1309860 1322.0
1309870 1321.1
1309880 1327.0
1309890 1331.2
1309900 1331.2
1309910 1334.6
1309920 1336.7
1309930 1336.7
1309940 1338.8
1309950 1341.4
1309960 1341.4
1309970 1343.8
1309980 1346.6
1309990 1346.6
1310000 1350.1
1310010 1353.3
1310020 1353.3
1310030 1356.6
1310040 1359.6
1310050 1359.6
1310060 1362.4
1310070 1365.3
1310080 1365.3
1310090 1368.1
1310100 1370.5
1310110 1370.5
1310120 1372.7
1310130 1375.6
1310140 1375.6
1310150 1379.3
1310160 1382.9
1310170 1382.9
1310180 1386.3
1310190 1389.2
1310200 1392.6
1310210 1392.6
1310220 1395.9
1310230 1398.8
1310240 1398.8
1310250 1401.9
1310260 1404.8
1310270 1404.8
1310280 1407.4
1310290 1409.6
1310300 1409.6
1310310 1413.2
1310320 1416.7
1310330 1416.7
1310340 1420.3
1310350 1425.2
1310360 1425.2
1310370 1430.1
1310380 1434.3
1310390 1434.3
1310400 1438.3
1310410 1442.1
1310420 1442.1
1310430 1446.2
1310440 1450.1
1310450 1450.1
1310460 1454.5
1310470 1458.6
1310480 1458.6
1310490 1462.2
1310500 1465.5
1310510 1465.5
1310520 1468.5
1310530 1471.0
1310540 1471.0
1310550 1470.9
1310560 1469.3
1310570 1473.5
1310580 1473.5
1310590 1475.6
1310600 1480.5
1310610 1480.5
1310620 1480.0
1310630 1482.6
1310640 1482.6
1310650 1486.6
1310660 1493.5
1310670 1493.5
1310680 1499.1
1310690 1501.5
1310700 1501.5
1310710 1503.7
1310720 1505.2
1310730 1505.2
1310740 1506.7
1310750 1508.7
1310760 1508.7
1310770 1510.1
1310780 1510.5
1310790 1510.5
1310800 1512.1
1310810 1511.8
1310820 1511.8
1310830 1513.3
1310840 1514.2
1310850 1514.2
1310860 1515.0
1310870 1516.0
1310880 1516.0
1310890 1514.8
1310900 1514.0
1310910 1512.9
1310920 1512.9
1310930 1510.0
1310940 1509.6
1310950 1509.6
1310960 1510.5
1310970 1507.2
1310980 1507.2
1310990 1508.0
1311000 1511.0
1311010 1511.0
1311020 1513.4
1311030 1519.5
1311040 1519.5
1311050 1524.0
1311060 1527.6
1311070 1527.6
1311080 1533.1
1311090 1538.6
1311100 1538.6
1311110 1541.4
1311120 1539.7
1311130 1539.7
1311140 1538.2
1311150 1539.0
1311160 1539.0
1311170 1543.1
1311180 1548.3
1311190 1548.3
1311200 1550.0
1311210 1550.2
1311220 1550.2
1311230 1550.4
1311240 1549.8
1311250 1549.8
1311260 1548.6
1311270 1546.5
1311280 1543.4
1311290 1543.4
1311300 1541.2
1311310 1539.6
1311320 1539.6
1311330 1537.8
1311340 1544.3
1311350 1544.3
1311360 1544.9
1311370 1545.1
1311380 1545.1
1311390 1544.8
1311400 1544.9
1311410 1544.9
1311420 1543.9
1311430 1538.6
1311440 1538.6
1311450 1532.2
1311460 1528.2
1311470 1528.2
1311480 1528.9
1311490 1534.4
1311500 1534.4
1311510 1541.6
1311520 1548.2
1311530 1548.2
1311540 1551.3
1311550 1553.0
1311560 1553.0
1311570 1554.5
1311580 1555.3
1311590 1555.3
1311600 1551.9
1311610 1546.9
1311620 1546.9
1311630 1544.7
1311640 1550.8
1311650 1559.3
1311660 1559.3
1311670 1565.9
1311680 1569.3
1311690 1569.3
1311700 1571.3
1311710 1573.2
1311720 1573.2
1311730 1576.4
1311740 1577.1
1311750 1577.1
1311760 1575.9
1311770 1572.6
1311780 1572.6
1311790 1568.2
1311800 1569.1
1311810 1569.1
1311820 1567.4
1311830 1564.2
1311840 1564.2
1311850 1562.0
1311860 1559.9
1311870 1559.9
1311880 1557.9
1311890 1560.6
1311900 1560.6
1311910 1562.2
1311920 1562.4
1311930 1562.4
1311940 1568.2
1311950 1569.8
1311960 1569.8
1311970 1567.2
1311980 1564.8
1311990 1564.8
1312000 1563.3
1312010 1561.4
1312020 1559.4
1312030 1559.4
1312040 1557.8
1312050 1556.9
1312060 1556.9
1312070 1555.8
1312080 1559.5
1312090 1559.5
1312100 1554.5
1312110 1550.3
1312120 1550.3
1312130 1544.5
1312140 1545.6
1312150 1545.6
1312160 1551.9
1312170 1555.5
1312180 1555.5
1312190 1558.2
1312200 1560.2
1312210 1560.2
1312220 1562.4
1312230 1565.8
1312240 1565.8
1312250 1569.0
1312260 1573.8
1312270 1573.8
1312280 1579.0
1312290 1584.5
1312300 1584.5
1312310 1590.6
1312320 1597.0
1312330 1597.0
1312340 1603.1
1312350 1609.3
1312360 1609.3
1312370 1615.0
1312380 1619.5
1312390 1623.9
1312400 1623.9
1312410 1626.7
1312420 1628.8
1312430 1628.8
1312440 1630.4
1312450 1631.5
1312460 1631.5
1312470 1631.7
1312480 1631.4
1312490 1631.4
1312500 1630.0
1312510 1628.1
1312520 1628.1
1312530 1626.1
1312540 1623.2
1312550 1623.2
1312560 1619.3
1312570 1613.3
1312580 1613.3
1312590 1605.3
1312600 1597.7
1312610 1597.7
1312620 1590.3
1312630 1583.7
1312640 1583.7
1312650 1577.7
1312660 1572.0
1312670 1572.0
1312680 1570.2
1312690 1573.8
1312700 1573.8
1312710 1579.2
1312720 1585.1
1312730 1590.4
1312740 1590.4
1312750 1591.1
1312760 1592.0
1312770 1592.0
1312780 1593.1
1312790 1593.5
1312800 1593.5
1312810 1592.9
1312820 1591.8
1312830 1597.5
1312840 1595.6
1312850 1593.3
1312860 1593.3
1312870 1590.9
1312880 1587.8
1312890 1587.8
1312900 1585.1
1312910 1582.0
1312920 1582.0
1312930 1579.0
1312940 1578.3
1312950 1578.3
1312960 1576.2
1312970 1573.7
1312980 1573.7
1312990 1570.5
1313000 1568.4
1313010 1568.4
1313020 1566.2
1313030 1567.0
1313040 1567.0
1313050 1568.2
1313060 1568.2
1313070 1568.2
1313080 1567.7
1313090 1568.2
1313100 1569.0
1313110 1569.0
1313120 1568.4
1313130 1566.0
1313140 1566.0
1313150 1563.3
1313160 1560.9
1313170 1560.9
1313180 1558.9
1313190 1555.4
1313200 1555.4
1313210 1549.1
1313220 1542.0
1313230 1542.0
1313240 1536.1
1313250 1530.7
1313260 1530.7
1313270 1525.2
1313280 1519.6
1313290 1519.6
1313300 1513.5
1313310 1507.8
1313320 1507.8
1313330 1502.1
1313340 1496.9
1313350 1496.9
1313360 1492.1
1313370 1487.5
1313380 1487.5
1313390 1483.2
1313400 1478.9
1313410 1478.9
1313420 1474.4
1313430 1469.5
1313440 1469.5
1313450 1464.7
1313460 1460.6
1313470 1456.5
1313480 1456.5
1313490 1452.5
1313500 1448.8
1313510 1448.8
1313520 1445.6
1313530 1442.3
1313540 1442.3
1313550 1438.9
1313560 1435.8
1313570 1436.5
1313580 1433.0
1313590 1432.2
1313600 1432.2
1313610 1431.1
1313620 1428.5
1313630 1428.5
1313640 1427.1
1313650 1426.9
1313660 1426.9
1313670 1425.8
1313680 1423.2
1313690 1423.2
1313700 1419.0
1313710 1414.5
1313720 1414.5
1313730 1411.6
1313740 1409.3
1313750 1409.3
1313760 1407.1
1313770 1405.0
1313780 1405.0
1313790 1402.5
1313800 1400.3
1313810 1400.3
1313820 1398.1
1313830 1396.0
1313840 1393.9
1313850 1393.9
1313860 1391.8
1313870 1390.2
1313880 1390.2
1313890 1388.6
1313900 1386.6
1313910 1386.6
1313920 1384.2
1313930 1381.2
1313940 1381.2
1313950 1378.9
1313960 1377.1
1313970 1377.1
1313980 1375.1
1313990 1373.3
1314000 1373.3
1314010 1372.0
1314020 1371.2
1314030 1371.2
1314040 1370.0
1314050 1367.6
1314060 1367.6
1314070 1362.7
1314080 1356.4
1314090 1356.4
1314100 1349.6
1314110 1342.3
1314120 1342.3
1314130 1334.8
1314140 1326.9
1314150 1326.9
1314160 1319.9
1314170 1314.4
1314180 1314.4
1314190 1308.2
1314200 1301.7
1314210 1296.6
1314220 1296.6
1314230 1292.8
1314240 1288.9
1314250 1288.9
1314260 1284.7
1314270 1279.5
1314280 1279.5
1314290 1274.6
1314300 1270.6
1314310 1270.6
1314320 1266.7
1314330 1263.0
1314340 1263.0
1314350 1259.8
1314360 1257.0
1314370 1257.0
1314380 1254.4
1314390 1251.4
1314400 1251.4
1314410 1248.7
1314420 1247.0
1314430 1247.0
1314440 1246.0
1314450 1243.3
1314460 1243.3
1314470 1240.4
1314480 1238.2
1314490 1238.2
1314500 1238.8
1314510 1237.9
1314520 1237.9
1314530 1236.8
1314540 1235.1
1314550 1235.1
1314560 1233.5
1314570 1232.2
1314580 1230.9
1314590 1230.9
1314600 1229.4
1314610 1227.8
1314620 1227.8
1314630 1226.2
1314640 1224.6
1314650 1224.6
1314660 1222.9
1314670 1221.9
1314680 1221.9
1314690 1221.0
1314700 1219.7
1314710 1219.7
1314720 1218.2
1314730 1216.6
1314740 1216.6
1314750 1215.0
1314760 1213.7
1314770 1213.7
1314780 1212.0
1314790 1210.6
1314800 1210.6
1314810 1209.3
1314820 1208.1
1314830 1208.1
1314840 1207.0
1314850 1206.3
1314860 1206.3
1314870 1205.7
1314880 1205.1
1314890 1205.1
1314900 1203.2
1314910 1201.3
1314920 1199.1
1314930 1199.1
1314940 1196.8
1314950 1192.9
1314960 1192.9
1314970 1189.2
1314980 1185.9
1314990 1185.9
1315000 1183.3
1315010 1180.9
1315020 1180.9
1315030 1178.3
1315040 1175.7
1315050 1175.7
1315060 1173.1
1315070 1170.3
1315080 1171.5
1315090 1168.3
1315100 1164.6
1315110 1164.6
1315120 1161.4
1315130 1158.4
1315140 1158.4
1315150 1156.2
1315160 1154.0
1315170 1154.0
1315180 1151.1
1315190 1147.6
1315200 1147.6
1315210 1144.8
1315220 1142.7
1315230 1142.7
1315240 1141.7
1315250 1140.7
1315260 1140.7
1315270 1137.9
1315280 1136.0
1315290 1134.6
1315300 1134.6
1315310 1133.0
1315320 1130.9
1315330 1130.9
1315340 1129.2
1315350 1127.7
1315360 1127.7
1315370 1125.2
1315380 1123.2
1315390 1123.2
1315400 1123.2
1315410 1123.0
1315420 1123.0
1315430 1122.2
1315440 1121.1
1315450 1121.1
1315460 1120.9
1315470 1121.6
1315480 1121.6
1315490 1122.2
1315500 1123.6
1315510 1123.6
1315520 1125.7
1315530 1127.3
1315540 1127.3
1315550 1127.8
1315560 1130.7
1315570 1130.7
1315580 1131.4
1315590 1132.2
1315600 1132.2
1315610 1133.6
1315620 1135.5
1315630 1135.5
1315640 1138.0
1315650 1140.5
1315660 1143.0
1315670 1143.0
1315680 1144.5
1315690 1145.1
1315700 1145.1
1315710 1142.9
1315720 1140.3
1315730 1140.3
1315740 1147.5
1315750 1153.3
1315760 1153.3
1315770 1157.2
1315780 1159.8
1315790 1159.8
1315800 1163.6
1315810 1163.3
1315820 1163.3
1315830 1157.8
1315840 1164.9
1315850 1164.9
1315860 1168.1
1315870 1168.8
1315880 1168.8
1315890 1174.2
1315900 1178.8
1315910 1178.8
1315920 1182.7
1315930 1177.8
1315940 1177.8
1315950 1182.8
1315960 1188.4
1315970 1188.4
1315980 1197.8
1315990 1203.8
1316000 1203.8
1316010 1208.8
1316020 1211.8
1316030 1212.6
1316040 1212.6
1316050 1212.1
1316060 1211.3
1316070 1211.3
1316080 1210.6
1316090 1209.2
1316100 1209.2
1316110 1208.4
1316120 1208.0
1316130 1208.0
1316140 1207.0
1316150 1205.6
1316160 1205.6
1316170 1203.8
1316180 1202.1
1316190 1202.1
1316200 1201.7
1316210 1201.5
1316220 1201.5
1316230 1200.8
1316240 1200.0
1316250 1200.0
1316260 1199.2
1316270 1198.3
1316280 1198.3
1316290 1197.1
1316300 1196.0
1316310 1196.0
1316320 1194.7
1316330 1192.0
1316340 1192.0
1316350 1190.1
1316360 1190.2
1316370 1190.2
1316380 1189.1
1316390 1188.1
1316400 1186.6
1316410 1186.6
1316420 1184.9
1316430 1181.9
1316440 1181.9
1316450 1177.8
1316460 1175.1
1316470 1175.1
1316480 1172.6
1316490 1169.8
1316500 1169.8
1316510 1168.5
1316520 1167.5
1316530 1167.5
1316540 1164.2
1316550 1159.4
1316560 1159.4
1316570 1156.9
1316580 1154.7
1316590 1154.7
1316600 1157.3
1316610 1155.0
1316620 1155.0
1316630 1149.7
1316640 1145.0
1316650 1145.0
1316660 1142.8
1316670 1139.3
1316680 1139.3
1316690 1130.4
1316700 1123.4
1316710 1123.4
1316720 1115.1
1316730 1108.3
1316740 1101.2
1316750 1101.2
1316760 1093.0
1316770 1083.7
1316780 1083.7
1316790 1071.6
1316800 1071.1
1316810 1071.1
1316820 1089.3
1316830 1098.1
1316840 1098.1
1316850 1104.3
1316860 1110.4
1316870 1110.4
1316880 1112.1
1316890 1115.7
1316900 1115.7
1316910 1119.4
1316920 1120.5
1316930 1120.5
1316940 1120.7
1316950 1120.8
1316960 1120.8
1316970 1119.9
1316980 1118.1
1316990 1118.1
1317000 1116.3
1317010 1114.2
1317020 1114.2
1317030 1112.2
1317040 1110.1
1317050 1110.1
1317060 1107.4
1317070 1103.0
1317080 1103.0
1317090 1097.4
1317100 1091.1
1317110 1084.1
1317120 1084.1
1317130 1078.4
1317140 1077.2
1317150 1077.2
1317160 1083.9
1317170 1100.6
1317180 1100.6
1317190 1118.6
1317200 1132.5
1317210 1132.5
1317220 1142.4
1317230 1151.7
1317240 1151.7
1317250 1161.6
1317260 1169.4
1317270 1169.4
1317280 1176.8
1317290 1183.1
1317300 1183.1
1317310 1187.0
1317320 1188.9
1317330 1188.9
1317340 1192.3
1317350 1195.9
1317360 1192.6
1317370 1195.3
1317380 1197.4
1317390 1197.4
1317400 1199.6
1317410 1200.4
1317420 1200.4
1317430 1200.1
1317440 1200.9
1317450 1200.9
1317460 1201.7
1317470 1200.7
1317480 1198.5
1317490 1198.5
1317500 1194.4
1317510 1190.7
1317520 1190.7
1317530 1191.6
1317540 1194.8
1317550 1194.8
1317560 1199.7
1317570 1202.9
1317580 1202.9
1317590 1201.7
1317600 1196.5
1317610 1196.5
1317620 1191.4
1317630 1193.8
1317640 1193.8
1317650 1203.3
1317660 1207.7
1317670 1207.7
1317680 1208.0
1317690 1205.6
1317700 1205.6
1317710 1204.2
1317720 1203.9
1317730 1203.9
1317740 1211.5
1317750 1220.5
1317760 1220.5
1317770 1227.7
1317780 1228.2
1317790 1228.2
1317800 1225.4
1317810 1221.3
1317820 1221.3
1317830 1214.2
1317840 1204.9
1317850 1196.8
1317860 1196.8
1317870 1190.8
1317880 1187.1
1317890 1187.1
1317900 1184.7
1317910 1183.5
1317920 1183.5
1317930 1183.9
1317940 1184.9
1317950 1184.9
1317960 1184.8
1317970 1183.7
1317980 1183.7
1317990 1181.9
1318000 1179.5
1318010 1179.5
1318020 1176.9
1318030 1174.1
1318040 1174.1
1318050 1172.7
1318060 1172.5
1318070 1172.5
1318080 1173.5
1318090 1173.9
1318100 1173.9
1318110 1174.0
1318120 1172.5
1318130 1168.2
1318140 1164.1
1318150 1165.5
1318160 1165.5
1318170 1168.6
1318180 1172.4
1318190 1172.4
1318200 1175.7
1318210 1178.9
1318220 1182.0
1318230 1182.0
1318240 1185.0
1318250 1188.3
1318260 1188.3
1318270 1192.0
1318280 1195.4
1318290 1195.4
1318300 1198.1
1318310 1200.6
1318320 1200.6
1318330 1203.0
1318340 1205.2
1318350 1205.2
1318360 1205.4
1318370 1204.2
1318380 1204.2
1318390 1202.7
1318400 1201.0
1318410 1201.0
1318420 1199.1
1318430 1197.7
1318440 1197.7
1318450 1200.5
1318460 1204.8
1318470 1204.8
1318480 1209.6
1318490 1214.9
1318500 1214.9
1318510 1221.1
1318520 1227.6
1318530 1227.6
1318540 1232.2
1318550 1237.0
1318560 1241.4
1318570 1241.4
1318580 1240.4
1318590 1242.3
1318600 1242.3
1318610 1251.0
1318620 1260.4
1318630 1260.4
1318640 1266.4
1318650 1270.1
1318660 1270.1
1318670 1273.4
1318680 1272.3
1318690 1272.3
1318700 1268.3
1318710 1262.1
1318720 1262.1
1318730 1256.3
1318740 1249.8
1318750 1249.8
1318760 1242.3
1318770 1235.7
1318780 1235.7
1318790 1230.5
1318800 1232.1
1318810 1232.1
1318820 1233.5
1318830 1234.5
1318840 1234.5
1318850 1236.2
1318860 1237.9
1318870 1237.9
1318880 1241.2
1318890 1244.8
1318900 1238.4
1318910 1241.8
1318920 1243.7
1318930 1245.7
1318940 1245.7
1318950 1250.0
1318960 1251.7
1318970 1251.7
1318980 1252.2
1318990 1251.2
1319000 1251.2
1319010 1248.6
1319020 1242.1
1319030 1242.1
1319040 1233.1
1319050 1226.2
1319060 1226.2
1319070 1221.6
1319080 1220.2
1319090 1220.2
1319100 1219.4
1319110 1217.6
1319120 1217.6
1319130 1214.4
1319140 1209.2
1319150 1209.2
1319160 1204.1
1319170 1200.0
1319180 1200.0
1319190 1196.8
1319200 1195.3
1319210 1195.3
1319220 1195.8
1319230 1194.4
1319240 1194.4
1319250 1193.0
1319260 1192.2
1319270 1192.2
1319280 1190.2
1319290 1188.2
1319300 1186.6
1319310 1186.6
1319320 1184.9
1319330 1182.5
1319340 1182.5
1319350 1179.8
1319360 1177.0
1319370 1177.0
1319380 1174.1
1319390 1172.1
1319400 1172.1
1319410 1170.2
1319420 1167.8
1319430 1167.8
1319440 1165.8
1319450 1163.8
1319460 1163.8
1319470 1161.4
1319480 1158.5
1319490 1158.5
1319500 1157.0
1319510 1155.9
1319520 1155.9
1319530 1154.1
1319540 1151.4
1319550 1151.4
1319560 1147.6
1319570 1143.4
1319580 1143.4
1319590 1139.1
1319600 1134.8
1319610 1134.8
1319620 1130.8
1319630 1126.1
1319640 1126.1
1319650 1120.4
1319660 1114.5
1319670 1112.7
1319680 1112.7
1319690 1107.5
1319700 1100.3
1319710 1100.3
1319720 1093.2
1319730 1087.1
1319740 1087.1
1319750 1080.3
1319760 1073.4
1319770 1073.4
1319780 1066.6
1319790 1059.8
1319800 1059.8
1319810 1052.8
1319820 1047.1
1319830 1047.1
1319840 1041.1
1319850 1034.2
1319860 1034.2
1319870 1027.6
1319880 1020.9
1319890 1020.9
1319900 1016.7
1319910 1013.1
1319920 1013.1
1319930 1008.7
1319940 1004.6
1319950 1004.6
1319960 998.9
1319970 995.2
1319980 995.2
1319990 998.8
