1300000 908.0
1300010 907.5
1300020 907.5
1300030 907.4
1300040 907.2
1300050 907.2
1300060 907.0
1300070 906.8
1300080 906.8
1300090 906.5
1300100 906.5
1300110 906.5
1300120 906.5
1300130 906.2
1300140 906.0
1300150 906.0
1300160 906.2
1300170 906.5
1300180 906.5
1300190 906.7
1300200 906.8
1300210 906.8
1300220 906.8
1300230 907.0
1300240 907.0
1300250 907.5
1300260 907.7
1300270 907.7
1300280 907.8
1300290 908.2
1300300 908.2
1300310 908.8
1300320 909.9
1300330 909.9
1300340 911.5
1300350 913.6
1300360 913.6
1300370 916.1
1300380 918.2
1300390 918.2
1300400 920.2
1300410 922.5
1300420 922.5
1300430 925.0
1300440 927.5
1300450 927.5
1300460 929.7
1300470 931.9
1300480 931.9
1300490 933.8
1300500 935.2
1300510 935.9
1300520 935.9
1300530 934.2
1300540 934.5
1300550 934.5
1300560 933.7
1300570 932.0
1300580 932.0
1300590 929.5
1300600 927.1
1300610 927.1
1300620 925.0
1300630 923.3
1300640 923.3
1300650 921.4
1300660 919.4
1300670 919.4
1300680 917.3
1300690 915.3
1300700 915.3
1300710 914.4
1300720 913.4
1300730 913.4
1300740 911.4
1300750 910.5
1300760 910.5
1300770 910.9
1300780 909.9
1300790 909.9
1300800 908.1
1300810 907.8
1300820 907.8
1300830 907.5
1300840 905.5
1300850 905.5
1300860 902.1
1300870 899.4
1300880 898.9
1300890 898.9
1300900 897.1
1300910 892.9
1300920 892.9
1300930 888.6
1300940 885.3
1300950 885.3
1300960 883.2
1300970 882.4
1300980 882.4
1300990 883.5
1301000 883.3
1301010 883.3
1301020 883.0
1301030 882.6
1301040 882.6
1301050 882.1
1301060 881.8
1301070 881.8
1301080 881.4
1301090 881.0
1301100 881.0
1301110 880.6
1301120 880.0
1301130 880.0
1301140 879.7
1301150 879.8
1301160 879.8
1301170 880.3
1301180 880.3
1301190 880.3
1301200 880.2
1301210 880.1
1301220 880.1
1301230 880.2
1301240 880.2
1301250 880.4
1301260 880.4
1301270 880.7
1301280 880.8
1301290 880.8
1301300 880.8
1301310 880.8
1301320 880.8
1301330 880.6
1301340 880.6
1301350 880.6
1301360 880.6
1301370 881.0
1301380 881.0
1301390 881.4
1301400 881.4
1301410 881.4
1301420 881.3
1301430 881.3
1301440 881.3
1301450 881.4
1301460 881.4
1301470 881.4
1301480 881.4
1301490 881.3
1301500 881.3
1301510 881.3
1301520 881.4
1301530 881.4
1301540 881.1
1301550 879.9
1301560 879.9
1301570 880.4
1301580 882.1
1301590 882.1
1301600 882.6
1301610 882.7
1301620 882.6
1301630 882.6
1301640 882.2
1301650 882.0
1301660 882.0
1301670 882.7
1301680 883.0
1301690 883.0
1301700 883.1
1301710 883.2
1301720 883.2
1301730 883.2
1301740 883.4
1301750 883.4
1301760 883.8
1301770 884.4
1301780 884.4
1301790 884.8
1301800 884.9
1301810 884.9
1301820 885.3
1301830 886.4
1301840 886.4
1301850 888.9
1301860 890.4
1301870 890.4
1301880 891.1
1301890 891.6
1301900 891.6
1301910 893.2
1301920 895.4
1301930 894.5
1301940 895.6
1301950 896.8
1301960 898.1
1301970 898.1
1301980 899.0
1301990 899.7
1302000 899.7
1302010 900.4
1302020 903.4
1302030 903.4
1302040 906.8
1302050 909.6
1302060 909.6
1302070 912.3
1302080 915.0
1302090 915.0
1302100 917.6
1302110 919.9
1302120 919.9
1302130 922.0
1302140 923.9
1302150 923.9
1302160 925.7
1302170 927.6
1302180 927.6
1302190 929.4
1302200 931.2
1302210 931.2
1302220 932.6
1302230 933.9
1302240 933.9
1302250 935.0
1302260 935.9
1302270 935.9
1302280 937.0
1302290 938.3
1302300 938.3
1302310 939.5
1302320 940.4
1302330 941.2
1302340 941.2
1302350 941.7
1302360 942.0
1302370 942.0
1302380 942.2
1302390 942.1
1302400 942.1
1302410 941.9
1302420 941.7
1302430 941.7
1302440 941.5
1302450 940.9
1302460 940.9
1302470 940.5
1302480 940.5
1302490 940.5
1302500 941.5
1302510 942.4
1302520 942.4
1302530 942.5
1302540 942.5
1302550 942.5
1302560 942.3
1302570 941.9
1302580 941.9
1302590 941.4
1302600 941.0
1302610 941.0
1302620 940.7
1302630 940.4
1302640 940.4
1302650 940.2
1302660 939.9
1302670 939.9
1302680 939.4
1302690 938.6
1302700 937.9
1302710 937.9
1302720 937.9
1302730 937.8
1302740 937.8
1302750 937.7
1302760 937.4
1302770 937.4
1302780 936.9
1302790 936.3
1302800 936.3
1302810 935.9
1302820 935.2
1302830 935.2
1302840 934.5
1302850 933.8
1302860 933.8
1302870 933.3
1302880 932.7
1302890 932.7
1302900 931.9
1302910 931.5
1302920 931.5
1302930 931.5
1302940 931.8
1302950 931.8
1302960 932.0
1302970 932.6
1302980 932.6
1302990 933.8
1303000 934.9
1303010 934.9
1303020 936.9
1303030 939.7
1303040 939.7
1303050 942.0
1303060 944.1
1303070 945.6
1303080 945.6
1303090 946.8
1303100 947.9
1303110 947.9
1303120 949.0
1303130 950.2
1303140 950.2
1303150 950.9
1303160 951.7
1303170 951.7
1303180 952.1
1303190 952.2
1303200 952.2
1303210 953.1
1303220 953.7
1303230 953.7
1303240 954.3
1303250 954.1
1303260 954.1
1303270 954.6
1303280 956.0
1303290 956.0
1303300 956.4
1303310 956.0
1303320 956.0
1303330 955.7
1303340 955.3
1303350 955.3
1303360 956.8
1303370 959.2
1303380 959.2
1303390 961.9
1303400 964.5
1303410 964.5
1303420 967.3
1303430 970.6
1303440 974.3
1303450 974.3
1303460 977.8
1303470 980.4
1303480 980.4
1303490 982.6
1303500 985.1
1303510 985.1
1303520 987.6
1303530 989.7
1303540 989.7
1303550 990.6
1303560 991.9
1303570 991.9
1303580 994.8
1303590 998.3
1303600 998.3
1303610 1000.8
1303620 1001.2
1303630 1001.2
1303640 1001.7
1303650 1003.5
1303660 1003.5
1303670 1005.7
1303680 1008.5
1303690 1008.5
1303700 1012.5
1303710 1016.8
1303720 1016.8
1303730 1019.4
1303740 1020.5
1303750 1020.5
1303760 1020.0
1303770 1018.5
1303780 1018.5
1303790 1016.5
1303800 1015.4
1303810 1014.8
1303820 1014.8
1303830 1013.8
1303840 1013.1
1303850 1013.1
1303860 1013.2
1303870 1013.8
1303880 1013.8
1303890 1014.7
1303900 1015.5
1303910 1015.5
1303920 1016.1
1303930 1015.9
1303940 1015.9
1303950 1015.3
1303960 1015.6
1303970 1015.6
1303980 1016.5
1303990 1017.3
1304000 1017.3
1304010 1017.4
1304020 1016.7
1304030 1016.7
1304040 1015.3
1304050 1013.3
1304060 1013.3
1304070 1011.5
1304080 1010.2
1304090 1010.2
1304100 1009.2
1304110 1008.6
1304120 1008.6
1304130 1007.7
1304140 1006.7
1304150 1005.7
1304160 1005.7
1304170 1004.6
1304180 1004.1
1304190 1004.1
1304200 1004.5
1304210 1004.8
1304220 1004.8
1304230 1004.7
1304240 1004.2
1304250 1004.2
1304260 1003.5
1304270 1002.6
1304280 1002.6
1304290 1000.3
1304300 997.2
1304310 997.2
1304320 995.6
1304330 994.7
1304340 994.7
1304350 995.2
1304360 997.4
1304370 997.4
1304380 999.4
1304390 1001.5
1304400 1001.5
1304410 1003.8
1304420 1006.2
1304430 1006.2
1304440 1008.3
1304450 1009.8
1304460 1009.8
1304470 1010.8
1304480 1011.0
1304490 1011.0
1304500 1011.0
1304510 1011.0
1304520 1011.4
1304530 1011.4
1304540 1012.0
1304550 1013.0
1304560 1013.0
1304570 1014.2
1304580 1015.7
1304590 1015.7
1304600 1017.2
1304610 1018.4
1304620 1018.4
1304630 1019.3
1304640 1020.7
1304650 1020.7
1304660 1022.4
1304670 1023.9
1304680 1023.9
1304690 1025.0
1304700 1026.0
1304710 1026.0
1304720 1026.7
1304730 1027.6
1304740 1027.6
1304750 1028.7
1304760 1028.9
1304770 1028.9
1304780 1029.6
1304790 1029.6
1304800 1029.6
1304810 1025.8
1304820 1021.1
1304830 1021.1
1304840 1017.3
1304850 1013.9
1304860 1013.9
1304870 1010.1
1304880 1007.1
1304890 1007.8
1304900 1007.8
1304910 1009.6
1304920 1012.1
1304930 1012.1
1304940 1015.3
1304950 1018.3
1304960 1018.3
1304970 1017.1
1304980 1011.4
1304990 1011.4
1305000 1006.3
1305010 1002.5
1305020 1002.5
1305030 999.6
1305040 996.5
1305050 996.5
1305060 992.1
1305070 988.9
1305080 988.9
1305090 986.8
1305100 984.0
1305110 984.0
1305120 981.0
1305130 977.1
1305140 977.1
1305150 972.0
1305160 966.2
1305170 966.2
1305180 961.6
1305190 960.5
1305200 960.5
1305210 958.4
1305220 954.8
1305230 954.8
1305240 951.9
1305250 951.1
1305260 952.1
1305270 952.1
1305280 953.0
1305290 953.6
1305300 953.6
1305310 956.1
1305320 959.1
1305330 959.1
1305340 962.3
1305350 965.6
1305360 965.6
1305370 964.4
1305380 961.2
1305390 961.2
1305400 953.8
1305410 937.2
1305420 937.2
1305430 932.5
1305440 944.0
1305450 944.0
1305460 957.2
1305470 966.5
1305480 966.5
1305490 967.3
1305500 968.2
1305510 968.2
1305520 970.5
1305530 973.0
1305540 973.0
1305550 975.3
1305560 976.9
1305570 976.9
1305580 979.3
1305590 981.3
1305600 981.3
1305610 982.1
1305620 983.0
1305630 984.3
1305640 984.3
1305650 985.3
1305660 985.9
1305670 985.9
1305680 987.1
1305690 988.3
1305700 988.3
1305710 988.7
1305720 988.2
1305730 988.2
1305740 987.2
1305750 987.1
1305760 987.1
1305770 986.6
1305780 985.6
1305790 985.6
1305800 984.7
1305810 984.4
1305820 984.4
1305830 984.2
1305840 983.6
1305850 983.6
1305860 983.1
1305870 982.7
1305880 982.7
1305890 982.1
1305900 982.1
1305910 982.1
1305920 982.3
1305930 982.3
1305940 982.3
1305950 981.8
1305960 980.7
1305970 980.7
1305980 978.9
1305990 977.0
1306000 975.7
1306010 975.7
1306020 974.5
1306030 973.2
1306040 973.2
1306050 970.4
1306060 968.3
1306070 968.3
1306080 968.8
1306090 969.3
1306100 969.3
1306110 966.3
1306120 969.7
1306130 969.7
1306140 973.9
1306150 976.0
1306160 976.0
1306170 976.5
1306180 983.4
1306190 983.4
1306200 983.5
1306210 984.5
1306220 984.5
1306230 985.2
1306240 984.9
1306250 984.9
1306260 985.7
1306270 987.4
1306280 987.4
1306290 988.7
1306300 990.3
1306310 990.3
1306320 990.4
1306330 988.7
1306340 986.9
1306350 986.9
1306360 984.6
1306370 983.5
1306380 983.5
1306390 985.5
1306400 990.1
1306410 990.1
1306420 993.6
1306430 994.1
1306440 994.1
1306450 993.5
1306460 992.7
1306470 992.7
1306480 991.3
1306490 990.0
1306500 990.0
1306510 990.2
1306520 992.7
1306530 992.7
1306540 994.4
1306550 995.2
1306560 995.2
1306570 995.9
1306580 996.1
1306590 996.1
1306600 995.9
1306610 995.7
1306620 995.7
1306630 995.9
1306640 995.9
1306650 995.9
1306660 995.4
1306670 996.0
1306680 996.0
1306690 995.2
1306700 993.3
1306710 991.6
1306720 991.6
1306730 990.0
1306740 988.9
1306750 988.9
1306760 987.6
1306770 984.5
1306780 984.5
1306790 982.9
1306800 982.4
1306810 982.4
1306820 981.7
1306830 981.4
1306840 981.4
1306850 981.1
1306860 980.0
1306870 980.0
1306880 978.3
1306890 976.2
1306900 979.6
1306910 978.3
1306920 976.8
1306930 976.8
1306940 976.3
1306950 975.6
1306960 975.6
1306970 975.1
1306980 974.5
1306990 974.5
1307000 973.7
1307010 973.3
1307020 973.3
1307030 973.3
1307040 973.4
1307050 973.4
1307060 973.6
1307070 973.1
1307080 972.5
1307090 972.5
1307100 971.5
1307110 971.0
1307120 971.0
1307130 968.7
1307140 965.3
1307150 965.3
1307160 965.3
1307170 967.6
1307180 967.6
1307190 965.0
1307200 963.9
1307210 963.9
1307220 963.1
1307230 962.3
1307240 962.3
1307250 962.2
1307260 962.3
1307270 962.3
1307280 962.2
1307290 962.4
1307300 962.4
1307310 962.6
1307320 961.2
1307330 961.2
1307340 962.9
1307350 964.1
1307360 964.1
1307370 964.9
1307380 965.1
1307390 965.1
1307400 966.0
1307410 966.3
1307420 966.3
1307430 966.9
1307440 967.3
1307450 967.6
1307460 967.6
1307470 967.6
1307480 967.8
1307490 967.8
1307500 968.1
1307510 968.3
1307520 968.3
1307530 968.7
1307540 969.1
1307550 969.1
1307560 969.5
1307570 969.7
1307580 969.7
1307590 970.4
1307600 972.4
1307610 972.4
1307620 975.6
1307630 976.1
1307640 976.1
1307650 976.0
1307660 976.3
1307670 976.3
1307680 976.9
1307690 977.9
1307700 977.9
1307710 979.4
1307720 981.5
1307730 981.5
1307740 983.4
1307750 984.8
1307760 984.8
1307770 985.6
1307780 986.0
1307790 986.0
1307800 986.7
1307810 988.1
1307820 989.1
1307830 989.1
1307840 990.1
1307850 991.1
1307860 991.1
1307870 992.0
1307880 992.9
1307890 992.9
1307900 993.6
1307910 994.3
1307920 994.3
1307930 994.8
1307940 995.3
1307950 995.3
1307960 996.0
1307970 997.4
1307980 997.4
1307990 999.3
1308000 1001.0
1308010 1001.0
1308020 1002.4
1308030 1003.6
1308040 1003.6
1308050 1004.6
1308060 1004.6
1308070 1004.6
1308080 1004.3
1308090 1005.5
1308100 1005.5
1308110 1005.4
1308120 1004.2
1308130 1004.2
1308140 1003.6
1308150 1003.9
1308160 1003.9
1308170 1004.2
1308180 1002.3
1308190 1000.1
1308200 1000.1
1308210 998.7
1308220 998.0
1308230 998.0
1308240 998.2
1308250 999.0
1308260 999.0
1308270 999.8
1308280 1000.7
1308290 1000.7
1308300 1001.6
1308310 1002.5
1308320 1002.5
1308330 1003.5
1308340 1004.7
1308350 1004.5
1308360 1005.5
1308370 1006.9
1308380 1006.9
1308390 1008.1
1308400 1009.5
1308410 1009.5
1308420 1011.0
1308430 1012.5
1308440 1012.5
1308450 1014.1
1308460 1015.9
1308470 1015.9
1308480 1017.6
1308490 1019.3
1308500 1019.3
1308510 1021.0
1308520 1022.7
1308530 1022.7
1308540 1024.4
1308550 1026.1
1308560 1028.0
1308570 1028.0
1308580 1030.2
1308590 1032.3
1308600 1032.3
1308610 1034.1
1308620 1035.3
1308630 1035.3
1308640 1036.3
1308650 1037.6
1308660 1037.6
1308670 1039.5
1308680 1041.6
1308690 1041.6
1308700 1045.2
1308710 1049.1
1308720 1049.1
1308730 1051.8
1308740 1053.0
1308750 1053.0
1308760 1055.0
1308770 1058.0
1308780 1058.0
1308790 1062.3
1308800 1067.4
1308810 1067.4
1308820 1072.8
1308830 1079.4
1308840 1079.4
1308850 1085.7
1308860 1087.3
1308870 1087.3
1308880 1086.5
1308890 1085.8
1308900 1088.9
1308910 1088.9
1308920 1093.7
1308930 1099.6
1308940 1099.6
1308950 1103.9
1308960 1110.7
1308970 1110.7
1308980 1116.5
1308990 1121.7
1309000 1121.7
1309010 1126.4
1309020 1130.7
1309030 1130.7
1309040 1134.5
1309050 1137.2
1309060 1137.2
1309070 1139.5
1309080 1141.8
1309090 1141.8
1309100 1144.9
1309110 1147.9
1309120 1147.9
1309130 1151.3
1309140 1154.7
1309150 1154.7
1309160 1158.3
1309170 1161.9
1309180 1161.9
1309190 1164.9
1309200 1168.8
1309210 1168.8
1309220 1173.3
1309230 1177.6
1309240 1177.6
1309250 1181.7
1309260 1185.6
1309270 1189.3
1309280 1189.3
1309290 1193.0
1309300 1196.4
1309310 1196.4
1309320 1199.9
1309330 1203.6
1309340 1203.6
1309350 1206.9
1309360 1209.6
1309370 1209.6
1309380 1212.1
1309390 1214.3
1309400 1214.3
1309410 1216.6
1309420 1219.1
1309430 1219.1
1309440 1222.4
1309450 1226.3
1309460 1226.3
1309470 1230.0
1309480 1233.4
1309490 1233.4
1309500 1236.7
1309510 1239.6
1309520 1239.6
1309530 1242.3
1309540 1245.1
1309550 1245.1
1309560 1247.8
1309570 1250.9
1309580 1250.9
1309590 1254.4
1309600 1258.5
1309610 1258.5
1309620 1262.5
1309630 1266.7
1309640 1271.0
1309650 1271.0
1309660 1275.2
1309670 1279.0
1309680 1279.0
1309690 1282.7
1309700 1286.4
1309710 1286.4
1309720 1290.0
1309730 1294.0
1309740 1294.0
1309750 1298.3
1309760 1302.4
1309770 1302.4
1309780 1306.0
1309790 1310.0
1309800 1310.0
1309810 1315.9
1309820 1320.8
1309830 1320.8
1309840 1325.6
1309850 1330.4
1309860 1330.4
1309870 1334.8
1309880 1338.7
1309890 1338.7
1309900 1342.0
1309910 1344.5
1309920 1344.5
1309930 1347.6
1309940 1350.8
1309950 1350.8
1309960 1353.2
1309970 1354.5
1309980 1354.5
1309990 1356.2
1310000 1358.6
1310010 1361.6
1310020 1361.6
1310030 1364.9
1310040 1367.3
1310050 1367.3
1310060 1370.7
1310070 1374.5
1310080 1374.5
1310090 1379.6
1310100 1386.1
1310110 1386.1
1310120 1393.4
1310130 1399.7
1310140 1399.7
1310150 1405.0
1310160 1409.4
1310170 1409.4
1310180 1413.8
1310190 1418.3
1310200 1418.3
1310210 1422.7
1310220 1426.8
1310230 1426.8
1310240 1430.6
1310250 1433.2
1310260 1433.2
1310270 1435.5
1310280 1438.2
1310290 1438.2
1310300 1441.2
1310310 1444.6
1310320 1444.6
1310330 1448.3
1310340 1452.3
1310350 1452.3
1310360 1456.0
1310370 1459.8
1310380 1464.0
1310390 1464.0
1310400 1468.0
1310410 1472.5
1310420 1472.5
1310430 1477.5
1310440 1482.4
1310450 1482.4
1310460 1486.9
1310470 1491.5
1310480 1491.5
1310490 1496.0
1310500 1500.3
1310510 1500.3
1310520 1505.4
1310530 1510.3
1310540 1514.3
1310550 1519.0
1310560 1523.3
1310570 1523.3
1310580 1527.7
1310590 1531.8
1310600 1531.8
1310610 1535.7
1310620 1539.8
1310630 1539.8
1310640 1543.2
1310650 1546.6
1310660 1546.6
1310670 1550.8
1310680 1555.7
1310690 1555.7
1310700 1560.3
1310710 1563.5
1310720 1565.7
1310730 1565.7
1310740 1568.9
1310750 1571.3
1310760 1571.3
1310770 1573.1
1310780 1573.8
1310790 1573.8
1310800 1573.4
1310810 1572.8
1310820 1572.8
1310830 1573.2
1310840 1573.1
1310850 1573.1
1310860 1572.2
1310870 1571.3
1310880 1571.3
1310890 1569.8
1310900 1568.3
1310910 1568.3
1310920 1566.5
1310930 1565.1
1310940 1565.1
1310950 1563.4
1310960 1563.2
1310970 1563.2
1310980 1562.6
1310990 1561.6
1311000 1561.6
1311010 1559.3
1311020 1557.8
1311030 1557.8
1311040 1559.8
1311050 1562.7
1311060 1562.7
1311070 1567.7
1311080 1574.7
1311090 1581.3
1311100 1581.3
1311110 1587.3
1311120 1591.9
1311130 1591.9
1311140 1594.2
1311150 1597.9
1311160 1597.9
1311170 1600.9
1311180 1602.3
1311190 1602.3
1311200 1603.2
1311210 1609.1
1311220 1609.1
1311230 1611.8
1311240 1610.2
1311250 1610.2
1311260 1607.9
1311270 1605.4
1311280 1614.9
1311290 1612.7
1311300 1610.0
1311310 1610.0
1311320 1608.1
1311330 1604.5
1311340 1604.5
1311350 1601.3
1311360 1598.5
1311370 1598.5
1311380 1596.5
1311390 1594.8
1311400 1594.8
1311410 1594.4
1311420 1592.2
1311430 1592.2
1311440 1588.1
1311450 1584.7
1311460 1579.7
1311470 1579.7
1311480 1578.6
1311490 1578.5
1311500 1578.5
1311510 1580.7
1311520 1584.5
1311530 1584.5
1311540 1590.0
1311550 1595.7
1311560 1595.7
1311570 1599.3
1311580 1599.7
1311590 1599.7
1311600 1599.3
1311610 1598.3
1311620 1598.3
1311630 1599.7
1311640 1603.5
1311650 1603.5
1311660 1608.9
1311670 1610.9
1311680 1610.9
1311690 1614.3
1311700 1618.1
1311710 1618.1
1311720 1622.4
1311730 1626.0
1311740 1626.0
1311750 1628.6
1311760 1629.0
1311770 1629.0
1311780 1627.7
1311790 1627.9
1311800 1627.9
1311810 1630.1
1311820 1630.5
1311830 1629.2
1311840 1629.2
1311850 1626.8
1311860 1625.6
1311870 1625.6
1311880 1623.3
1311890 1621.4
1311900 1621.4
1311910 1621.3
1311920 1625.3
1311930 1625.3
1311940 1628.6
1311950 1630.4
1311960 1630.4
1311970 1633.4
1311980 1636.5
1311990 1636.5
1312000 1637.3
1312010 1634.4
1312020 1645.7
1312030 1644.7
1312040 1636.5
1312050 1636.5
1312060 1622.2
1312070 1613.6
1312080 1613.6
1312090 1608.6
1312100 1604.1
1312110 1604.1
1312120 1599.9
1312130 1596.9
1312140 1596.9
1312150 1598.4
1312160 1598.9
1312170 1598.9
1312180 1600.1
1312190 1600.5
1312200 1605.5
1312210 1605.5
1312220 1611.5
1312230 1615.7
1312240 1615.7
1312250 1618.0
1312260 1621.5
1312270 1621.5
1312280 1624.7
1312290 1627.6
1312300 1627.6
1312310 1629.9
1312320 1631.9
1312330 1631.9
1312340 1635.8
1312350 1641.5
1312360 1641.5
1312370 1646.5
1312380 1651.2
1312390 1651.2
1312400 1655.7
1312410 1659.1
1312420 1659.1
1312430 1661.6
1312440 1662.9
1312450 1662.9
1312460 1664.8
1312470 1665.9
1312480 1665.9
1312490 1666.0
1312500 1665.0
1312510 1665.0
1312520 1662.7
1312530 1658.8
1312540 1652.1
1312550 1652.1
1312560 1643.5
1312570 1635.2
1312580 1635.2
1312590 1627.5
1312600 1622.0
1312610 1622.0
1312620 1621.1
1312630 1617.2
1312640 1617.2
1312650 1619.2
1312660 1626.3
1312670 1626.3
1312680 1631.5
1312690 1633.6
1312700 1633.6
1312710 1634.7
1312720 1635.3
1312730 1635.3
1312740 1635.4
1312750 1635.0
1312760 1641.8
1312770 1641.7
1312780 1640.7
1312790 1640.7
1312800 1640.5
1312810 1639.5
1312820 1639.5
1312830 1638.2
1312840 1635.7
1312850 1635.7
1312860 1633.8
1312870 1631.7
1312880 1631.7
1312890 1629.0
1312900 1626.8
1312910 1624.5
1312920 1624.5
1312930 1621.6
1312940 1618.8
1312950 1618.8
1312960 1615.2
1312970 1610.9
1312980 1610.9
1312990 1608.1
1313000 1605.6
1313010 1605.6
1313020 1602.5
1313030 1599.1
1313040 1599.1
1313050 1595.1
1313060 1589.1
1313070 1589.1
1313080 1581.7
1313090 1575.0
1313100 1575.0
1313110 1568.5
1313120 1561.7
1313130 1561.7
1313140 1555.9
1313150 1550.5
1313160 1550.5
1313170 1545.0
1313180 1540.3
1313190 1540.3
1313200 1536.2
1313210 1532.3
1313220 1532.3
1313230 1527.9
1313240 1524.1
1313250 1524.1
1313260 1520.4
1313270 1516.8
1313280 1513.0
1313290 1513.0
1313300 1508.9
1313310 1504.9
1313320 1504.9
1313330 1500.9
1313340 1496.6
1313350 1496.6
1313360 1492.2
1313370 1487.6
1313380 1487.6
1313390 1483.6
1313400 1480.0
1313410 1480.0
1313420 1476.4
1313430 1473.0
1313440 1473.0
1313450 1469.2
1313460 1465.6
1313470 1465.6
1313480 1461.9
1313490 1458.3
1313500 1458.3
1313510 1455.3
1313520 1452.2
1313530 1452.2
1313540 1449.3
1313550 1446.9
1313560 1446.9
1313570 1444.7
1313580 1442.7
1313590 1442.7
1313600 1441.1
1313610 1440.2
1313620 1440.2
1313630 1440.4
1313640 1439.8
1313650 1439.9
1313660 1439.9
1313670 1440.5
1313680 1440.5
1313690 1440.5
1313700 1439.6
1313710 1438.6
1313720 1438.6
1313730 1436.7
1313740 1434.2
1313750 1434.2
1313760 1430.9
1313770 1430.1
1313780 1430.1
1313790 1430.1
1313800 1430.6
1313810 1430.6
1313820 1430.8
1313830 1430.6
1313840 1430.6
1313850 1429.8
1313860 1428.2
1313870 1428.2
1313880 1425.5
1313890 1422.2
1313900 1422.2
1313910 1417.8
1313920 1412.7
1313930 1412.7
1313940 1407.7
1313950 1402.2
1313960 1402.2
1313970 1396.5
1313980 1391.0
1313990 1391.0
1314000 1386.6
1314010 1382.5
1314020 1378.2
1314030 1378.2
1314040 1373.6
1314050 1369.1
1314060 1369.1
1314070 1363.9
1314080 1357.6
1314090 1357.6
1314100 1350.8
1314110 1344.4
1314120 1344.4
1314130 1338.7
1314140 1332.9
1314150 1332.9
1314160 1327.2
1314170 1321.9
1314180 1321.9
1314190 1316.6
1314200 1311.4
1314210 1311.4
1314220 1306.1
1314230 1301.3
1314240 1301.3
1314250 1296.7
1314260 1288.8
1314270 1288.8
1314280 1283.1
1314290 1277.8
1314300 1277.8
1314310 1272.9
1314320 1268.8
1314330 1268.8
1314340 1265.4
1314350 1262.7
1314360 1262.7
1314370 1260.6
1314380 1258.5
1314390 1256.3
1314400 1256.3
1314410 1254.6
1314420 1254.0
1314430 1254.0
1314440 1252.9
1314450 1251.6
1314460 1251.6
1314470 1249.9
1314480 1248.0
1314490 1248.0
1314500 1246.8
1314510 1246.2
1314520 1246.2
1314530 1245.6
1314540 1244.0
1314550 1244.0
1314560 1242.2
1314570 1240.9
1314580 1240.9
1314590 1239.3
1314600 1236.4
1314610 1236.4
1314620 1233.2
1314630 1230.7
1314640 1230.7
1314650 1229.5
1314660 1228.8
1314670 1228.8
1314680 1227.9
1314690 1227.1
1314700 1227.1
1314710 1226.5
1314720 1225.6
1314730 1224.9
1314740 1224.9
1314750 1224.3
1314760 1224.4
1314770 1224.4
1314780 1224.4
1314790 1223.1
1314800 1223.1
1314810 1221.7
1314820 1220.6
1314830 1220.6
1314840 1220.0
1314850 1219.1
1314860 1219.1
1314870 1219.3
1314880 1219.7
1314890 1219.7
1314900 1220.4
1314910 1221.3
1314920 1221.3
1314930 1222.1
1314940 1222.3
1314950 1222.3
1314960 1221.6
1314970 1220.0
1314980 1220.0
1314990 1217.2
1315000 1214.4
1315010 1220.0
1315020 1216.4
1315030 1211.7
1315040 1211.7
1315050 1206.5
1315060 1203.3
1315070 1203.3
1315080 1199.9
1315090 1194.9
1315100 1191.3
1315110 1191.3
1315120 1187.7
1315130 1184.3
1315140 1184.3
1315150 1180.4
1315160 1175.2
1315170 1175.2
1315180 1170.9
1315190 1167.6
1315200 1167.6
1315210 1164.0
1315220 1160.2
1315230 1160.2
1315240 1157.1
1315250 1153.8
1315260 1153.8
1315270 1150.5
1315280 1146.9
1315290 1146.9
1315300 1142.8
1315310 1140.0
1315320 1140.0
1315330 1139.5
1315340 1139.3
1315350 1139.3
1315360 1138.4
1315370 1137.4
1315380 1137.4
1315390 1135.9
1315400 1134.7
1315410 1134.7
1315420 1134.0
1315430 1132.8
1315440 1132.8
1315450 1131.4
1315460 1130.1
1315470 1129.0
1315480 1129.0
1315490 1127.7
1315500 1125.1
1315510 1125.1
1315520 1118.9
1315530 1113.3
1315540 1113.3
1315550 1108.9
1315560 1105.1
1315570 1105.1
1315580 1102.8
1315590 1101.1
1315600 1101.1
1315610 1099.7
1315620 1099.0
1315630 1099.0
1315640 1098.3
1315650 1097.7
1315660 1097.7
1315670 1097.5
1315680 1098.3
1315690 1098.3
1315700 1098.6
1315710 1098.3
1315720 1098.3
1315730 1097.4
1315740 1097.7
1315750 1097.7
1315760 1100.4
1315770 1095.0
1315780 1095.0
1315790 1095.8
1315800 1096.0
1315810 1096.0
1315820 1097.1
1315830 1097.8
1315840 1098.2
1315850 1098.2
1315860 1100.9
1315870 1102.2
1315880 1102.2
1315890 1102.2
1315900 1104.9
1315910 1104.9
1315920 1110.0
1315930 1111.3
1315940 1111.3
1315950 1120.0
1315960 1124.6
1315970 1124.6
1315980 1124.1
1315990 1123.7
1316000 1123.7
1316010 1123.8
1316020 1129.3
1316030 1129.3
1316040 1139.2
1316050 1142.2
1316060 1142.2
1316070 1142.1
1316080 1147.4
1316090 1147.4
1316100 1161.2
1316110 1168.1
1316120 1168.1
1316130 1166.9
1316140 1172.6
1316150 1172.6
1316160 1173.3
1316170 1175.8
1316180 1175.8
1316190 1176.6
1316200 1176.2
1316210 1176.6
1316220 1176.6
1316230 1180.9
1316240 1181.2
1316250 1181.2
1316260 1179.7
1316270 1177.9
1316280 1177.9
1316290 1178.8
1316300 1181.8
1316310 1181.8
1316320 1183.8
1316330 1183.1
1316340 1183.1
1316350 1185.1
1316360 1186.5
1316370 1186.5
1316380 1185.8
1316390 1184.8
1316400 1184.8
1316410 1183.3
1316420 1181.2
1316430 1181.2
1316440 1179.7
1316450 1176.9
1316460 1176.9
1316470 1170.9
1316480 1169.2
1316490 1169.2
1316500 1172.8
1316510 1174.3
1316520 1174.3
1316530 1167.8
1316540 1168.8
1316550 1168.8
1316560 1168.8
1316570 1167.6
1316580 1165.2
1316590 1165.2
1316600 1161.9
1316610 1160.5
1316620 1160.5
1316630 1161.0
1316640 1159.2
1316650 1159.2
1316660 1156.9
1316670 1153.3
1316680 1153.3
1316690 1146.9
1316700 1145.2
1316710 1145.2
1316720 1140.4
1316730 1133.1
1316740 1133.1
1316750 1125.1
1316760 1117.2
1316770 1117.2
1316780 1109.5
1316790 1102.1
1316800 1102.1
1316810 1094.5
1316820 1086.5
1316830 1086.5
1316840 1079.0
1316850 1070.0
1316860 1070.0
1316870 1058.1
1316880 1047.6
1316890 1047.6
1316900 1046.3
1316910 1055.1
1316920 1062.4
1316930 1062.4
1316940 1066.7
1316950 1069.9
1316960 1069.9
1316970 1071.8
1316980 1073.8
1316990 1073.8
1317000 1075.0
1317010 1076.4
1317020 1076.4
1317030 1077.5
1317040 1075.4
1317050 1075.4
1317060 1070.5
1317070 1063.8
1317080 1063.8
1317090 1064.9
1317100 1072.9
1317110 1072.9
1317120 1081.2
1317130 1092.4
1317140 1092.4
1317150 1108.4
1317160 1118.7
1317170 1118.7
1317180 1126.2
1317190 1132.2
1317200 1132.2
1317210 1137.8
1317220 1143.1
1317230 1143.1
1317240 1148.2
1317250 1152.2
1317260 1152.2
1317270 1155.3
1317280 1157.8
1317290 1154.4
1317300 1154.4
1317310 1154.9
1317320 1155.8
1317330 1155.8
1317340 1155.8
1317350 1155.8
1317360 1155.8
1317370 1155.0
1317380 1154.2
1317390 1154.2
1317400 1153.4
1317410 1152.5
1317420 1152.5
1317430 1152.0
1317440 1151.2
1317450 1151.2
1317460 1147.6
1317470 1141.5
1317480 1141.5
1317490 1134.0
1317500 1141.4
1317510 1141.4
1317520 1150.4
1317530 1149.1
1317540 1149.1
1317550 1148.4
1317560 1147.8
1317570 1147.8
1317580 1148.3
1317590 1152.2
1317600 1152.2
1317610 1154.4
1317620 1154.7
1317630 1154.7
1317640 1151.1
1317650 1146.1
1317660 1138.8
1317670 1138.8
1317680 1129.6
1317690 1125.0
1317700 1125.0
1317710 1130.8
1317720 1137.3
1317730 1137.3
1317740 1143.3
1317750 1152.1
1317760 1152.1
1317770 1157.9
1317780 1167.4
1317790 1167.4
1317800 1183.0
1317810 1190.9
1317820 1190.9
1317830 1190.2
1317840 1185.2
1317850 1185.2
1317860 1176.9
1317870 1170.5
1317880 1170.5
1317890 1169.3
1317900 1169.4
1317910 1169.4
1317920 1168.8
1317930 1167.8
1317940 1167.8
1317950 1166.4
1317960 1165.7
1317970 1165.7
1317980 1164.6
1317990 1163.1
1318000 1163.1
1318010 1160.8
1318020 1159.2
1318030 1155.9
1318040 1155.9
1318050 1152.6
1318060 1153.8
1318070 1153.8
1318080 1150.4
1318090 1146.7
1318100 1146.7
1318110 1146.2
1318120 1146.8
1318130 1146.8
1318140 1147.7
1318150 1151.4
1318160 1151.4
1318170 1156.0
1318180 1160.1
1318190 1160.1
1318200 1164.0
1318210 1165.8
1318220 1165.8
1318230 1165.4
1318240 1167.0
1318250 1167.0
1318260 1169.3
1318270 1171.2
1318280 1171.2
1318290 1172.9
1318300 1174.3
1318310 1174.3
1318320 1175.7
1318330 1177.3
1318340 1177.3
1318350 1178.7
1318360 1179.2
1318370 1178.0
1318380 1178.0
1318390 1174.4
1318400 1172.0
1318410 1172.0
1318420 1177.2
1318430 1182.7
1318440 1182.7
1318450 1187.9
1318460 1192.7
1318470 1192.7
1318480 1196.1
1318490 1198.5
1318500 1198.5
1318510 1200.1
1318520 1199.8
1318530 1199.8
1318540 1198.9
1318550 1195.6
1318560 1195.6
1318570 1189.5
1318580 1192.8
1318590 1192.8
1318600 1211.9
1318610 1224.5
1318620 1224.5
1318630 1229.4
1318640 1236.4
1318650 1236.4
1318660 1238.5
1318670 1234.5
1318680 1234.5
1318690 1227.4
1318700 1219.9
1318710 1219.9
1318720 1212.7
1318730 1206.8
1318740 1200.9
1318750 1200.9
1318760 1196.8
1318770 1194.3
1318780 1194.3
1318790 1190.8
1318800 1186.9
1318810 1186.9
1318820 1187.0
1318830 1184.2
1318840 1184.2
1318850 1185.9
1318860 1188.3
1318870 1188.3
1318880 1192.4
1318890 1197.8
1318900 1197.8
1318910 1203.3
1318920 1209.0
1318930 1209.0
1318940 1215.2
1318950 1220.4
1318960 1220.4
1318970 1223.8
1318980 1227.0
1318990 1227.0
1319000 1229.3
1319010 1230.2
1319020 1230.2
1319030 1230.3
1319040 1227.9
1319050 1227.9
1319060 1225.0
1319070 1221.8
1319080 1221.8
1319090 1219.9
1319100 1220.9
1319110 1221.7
1319120 1221.7
1319130 1220.7
1319140 1221.0
1319150 1221.0
1319160 1221.4
1319170 1220.6
1319180 1220.6
1319190 1218.3
1319200 1213.2
1319210 1213.2
1319220 1210.4
1319230 1213.6
1319240 1213.6
1319250 1216.9
1319260 1216.5
1319270 1216.5
1319280 1214.7
1319290 1212.7
1319300 1212.7
1319310 1210.5
1319320 1207.9
1319330 1207.9
1319340 1204.6
1319350 1200.8
1319360 1200.8
1319370 1197.7
1319380 1195.4
1319390 1195.4
1319400 1192.6
1319410 1190.2
1319420 1190.2
1319430 1188.9
1319440 1186.3
1319450 1186.3
1319460 1183.6
1319470 1181.0
1319480 1177.0
1319490 1177.0
1319500 1173.7
1319510 1171.5
1319520 1171.5
1319530 1167.6
1319540 1162.5
1319550 1162.5
1319560 1156.8
1319570 1152.1
1319580 1152.1
1319590 1146.9
1319600 1140.9
1319610 1140.3
1319620 1134.5
1319630 1128.7
1319640 1128.7
1319650 1123.1
1319660 1117.6
1319670 1117.6
1319680 1112.1
1319690 1106.5
1319700 1106.5
1319710 1100.9
1319720 1095.1
1319730 1095.1
1319740 1090.6
1319750 1087.5
1319760 1087.5
1319770 1085.0
1319780 1081.3
1319790 1081.3
1319800 1076.7
1319810 1071.9
1319820 1071.9
1319830 1066.6
1319840 1061.5
1319850 1055.9
1319860 1055.9
1319870 1049.7
1319880 1044.0
1319890 1044.0
1319900 1038.5
1319910 1032.9
1319920 1032.9
1319930 1028.0
1319940 1024.0
1319950 1024.0
1319960 1024.8
1319970 1026.7
1319980 1026.7
1319990 1022.9
