1300000 902.7
1300010 902.7
1300020 895.2
1300030 883.2
1300040 877.8
1300050 877.8
1300060 876.1
1300070 870.0
1300080 870.0
1300090 858.7
1300100 848.2
1300110 848.2
1300120 846.8
1300130 852.2
1300140 852.2
1300150 860.0
1300160 865.2
1300170 865.2
1300180 867.9
1300190 870.8
1300200 870.8
1300210 873.6
1300220 876.3
1300230 876.3
1300240 880.4
1300250 884.4
1300260 884.4
1300270 888.7
1300280 892.3
1300290 892.3
1300300 895.6
1300310 899.2
1300320 899.2
1300330 902.9
1300340 907.6
1300350 907.6
1300360 912.9
1300370 917.1
1300380 917.1
1300390 920.4
1300400 923.4
1300410 926.9
1300420 926.9
1300430 930.9
1300440 931.2
1300450 931.2
1300460 935.7
1300470 940.4
1300480 940.4
1300490 945.0
1300500 949.6
1300510 949.6
1300520 954.9
1300530 960.5
1300540 960.5
1300550 966.8
1300560 972.9
1300570 972.9
1300580 978.5
1300590 983.6
1300600 983.6
1300610 988.0
1300620 991.6
1300630 991.6
1300640 994.7
1300650 997.1
1300660 997.1
1300670 999.3
1300680 1001.2
1300690 1001.2
1300700 1003.3
1300710 1005.9
1300720 1005.9
1300730 1008.7
1300740 1011.4
1300750 1011.4
1300760 1014.1
1300770 1016.2
1300780 1018.2
1300790 1018.2
1300800 1020.0
1300810 1021.6
1300820 1021.6
1300830 1021.6
1300840 1020.9
1300850 1020.9
1300860 1021.3
1300870 1022.4
1300880 1022.4
1300890 1023.7
1300900 1025.6
1300910 1025.6
1300920 1028.1
1300930 1030.9
1300940 1030.9
1300950 1034.7
1300960 1039.0
1300970 1039.0
1300980 1040.8
1300990 1041.9
1301000 1041.9
1301010 1042.7
1301020 1042.4
1301030 1042.4
1301040 1041.1
1301050 1039.5
1301060 1039.5
1301070 1037.7
1301080 1036.0
1301090 1036.0
1301100 1034.0
1301110 1031.7
1301120 1031.7
1301130 1034.0
1301140 1031.1
1301150 1028.3
1301160 1028.3
1301170 1026.7
1301180 1026.2
1301190 1026.2
1301200 1028.3
1301210 1031.8
1301220 1031.8
1301230 1033.2
1301240 1032.9
1301250 1032.9
1301260 1032.5
1301270 1031.2
1301280 1031.2
1301290 1028.7
1301300 1025.1
1301310 1025.1
1301320 1020.0
1301330 1015.0
1301340 1015.0
1301350 1011.3
1301360 1009.0
1301370 1009.0
1301380 1007.1
1301390 1004.2
1301400 1004.2
1301410 1002.1
1301420 1000.7
1301430 1000.7
1301440 1000.1
1301450 1000.0
1301460 1000.0
1301470 999.0
1301480 997.1
1301490 997.1
1301500 994.1
1301510 991.2
1301520 992.1
1301530 992.1
1301540 993.1
1301550 993.2
1301560 993.2
1301570 992.0
1301580 991.5
1301590 991.5
1301600 991.8
1301610 990.9
1301620 990.9
1301630 990.4
1301640 989.7
1301650 989.7
1301660 989.0
1301670 988.6
1301680 988.6
1301690 988.7
1301700 989.2
1301710 989.2
1301720 989.0
1301730 989.3
1301740 989.3
1301750 989.8
1301760 989.8
1301770 989.8
1301780 991.1
1301790 993.4
1301800 993.4
1301810 994.8
1301820 996.6
1301830 994.8
1301840 995.9
1301850 996.1
1301860 996.1
1301870 996.6
1301880 996.4
1301890 997.2
1301900 997.2
1301910 1000.0
1301920 1003.1
1301930 1003.1
1301940 1006.5
1301950 1009.8
1301960 1009.8
1301970 1015.0
1301980 1021.3
1301990 1021.3
1302000 1027.1
1302010 1033.0
1302020 1033.0
1302030 1037.3
1302040 1040.4
1302050 1040.4
1302060 1042.9
1302070 1045.5
1302080 1045.5
1302090 1048.6
1302100 1051.8
1302110 1051.8
1302120 1054.4
1302130 1056.4
1302140 1056.4
1302150 1058.3
1302160 1060.7
1302170 1060.7
1302180 1065.0
1302190 1071.8
1302200 1071.8
1302210 1078.3
1302220 1084.2
1302230 1084.2
1302240 1089.5
1302250 1094.0
1302260 1099.5
1302270 1099.5
1302280 1105.4
1302290 1112.8
1302300 1112.8
1302310 1120.8
1302320 1128.9
1302330 1128.9
1302340 1138.8
1302350 1148.2
1302360 1148.2
1302370 1155.3
1302380 1162.6
1302390 1162.6
1302400 1171.6
1302410 1181.3
1302420 1181.3
1302430 1186.6
1302440 1186.5
1302450 1186.5
1302460 1185.7
1302470 1186.9
1302480 1186.9
1302490 1190.1
1302500 1194.3
1302510 1194.3
1302520 1201.0
1302530 1206.5
1302540 1200.4
1302550 1206.0
1302560 1209.8
1302570 1209.8
1302580 1212.8
1302590 1215.8
1302600 1215.8
1302610 1217.8
1302620 1218.2
1302630 1218.3
1302640 1218.3
1302650 1218.2
1302660 1217.7
1302670 1217.7
1302680 1216.2
1302690 1214.8
1302700 1214.8
1302710 1214.4
1302720 1214.2
1302730 1214.2
1302740 1213.7
1302750 1213.3
1302760 1213.3
1302770 1213.0
1302780 1212.5
1302790 1212.5
1302800 1212.8
1302810 1213.3
1302820 1213.3
1302830 1214.1
1302840 1215.6
1302850 1215.6
1302860 1217.2
1302870 1218.4
1302880 1218.4
1302890 1219.3
1302900 1219.8
1302910 1219.8
1302920 1220.2
1302930 1221.3
1302940 1221.3
1302950 1222.8
1302960 1224.6
1302970 1224.6
1302980 1226.9
1302990 1229.3
1303000 1231.3
1303010 1231.3
1303020 1232.8
1303030 1234.2
1303040 1234.2
1303050 1235.2
1303060 1235.2
1303070 1235.2
1303080 1234.0
1303090 1231.6
1303100 1231.6
1303110 1228.9
1303120 1226.8
1303130 1226.8
1303140 1225.0
1303150 1222.5
1303160 1222.5
1303170 1219.2
1303180 1215.8
1303190 1215.8
1303200 1212.9
1303210 1210.3
1303220 1210.3
1303230 1207.4
1303240 1203.6
1303250 1203.6
1303260 1200.9
1303270 1197.4
1303280 1197.4
1303290 1193.9
1303300 1191.3
1303310 1191.3
1303320 1188.8
1303330 1186.1
1303340 1186.1
1303350 1183.0
1303360 1179.5
1303370 1176.7
1303380 1176.7
1303390 1174.5
1303400 1172.5
1303410 1172.5
1303420 1170.8
1303430 1168.4
1303440 1168.4
1303450 1165.8
1303460 1163.2
1303470 1163.2
1303480 1161.0
1303490 1158.9
1303500 1158.9
1303510 1156.9
1303520 1154.8
1303530 1154.8
1303540 1152.7
1303550 1150.7
1303560 1150.7
1303570 1148.8
1303580 1147.0
1303590 1147.0
1303600 1145.4
1303610 1143.8
1303620 1143.8
1303630 1141.8
1303640 1139.9
1303650 1139.9
1303660 1137.9
1303670 1136.0
1303680 1136.0
1303690 1133.9
1303700 1132.0
1303710 1132.0
1303720 1130.0
1303730 1127.7
1303740 1124.9
1303750 1124.9
1303760 1120.8
1303770 1117.3
1303780 1117.3
1303790 1116.8
1303800 1116.0
1303810 1116.0
1303820 1115.2
1303830 1114.8
1303840 1114.8
1303850 1114.2
1303860 1113.4
1303870 1113.4
1303880 1112.3
1303890 1111.3
1303900 1111.3
1303910 1110.8
1303920 1110.7
1303930 1110.7
1303940 1109.9
1303950 1107.8
1303960 1107.8
1303970 1107.4
1303980 1106.4
1303990 1106.4
1304000 1105.0
1304010 1103.4
1304020 1103.4
1304030 1101.7
1304040 1100.6
1304050 1100.6
1304060 1100.1
1304070 1099.7
1304080 1099.7
1304090 1100.2
1304100 1102.1
1304110 1104.5
1304120 1104.5
1304130 1106.0
1304140 1106.8
1304150 1106.8
1304160 1106.8
1304170 1106.2
1304180 1106.2
1304190 1105.3
1304200 1104.1
1304210 1104.1
1304220 1102.7
1304230 1101.1
1304240 1101.1
1304250 1099.4
1304260 1097.8
1304270 1097.8
1304280 1096.6
1304290 1095.5
1304300 1095.5
1304310 1094.4
1304320 1093.4
1304330 1093.4
1304340 1092.6
1304350 1091.9
1304360 1091.9
1304370 1091.3
1304380 1090.7
1304390 1090.7
1304400 1090.1
1304410 1088.4
1304420 1088.4
1304430 1087.7
1304440 1088.6
1304450 1089.7
1304460 1089.7
1304470 1091.6
1304480 1093.5
1304490 1093.5
1304500 1094.9
1304510 1096.2
1304520 1096.2
1304530 1096.5
1304540 1097.2
1304550 1097.2
1304560 1097.7
1304570 1098.6
1304580 1098.6
1304590 1100.4
1304600 1102.3
1304610 1102.3
1304620 1104.5
1304630 1107.9
1304640 1107.9
1304650 1112.3
1304660 1116.0
1304670 1116.0
1304680 1120.3
1304690 1124.2
1304700 1124.2
1304710 1128.3
1304720 1133.2
1304730 1133.2
1304740 1138.8
1304750 1145.3
1304760 1145.3
1304770 1152.1
1304780 1158.3
1304790 1158.3
1304800 1164.9
1304810 1170.7
1304820 1175.8
1304830 1175.8
1304840 1180.3
1304850 1184.9
1304860 1184.9
1304870 1190.4
1304880 1196.2
1304890 1196.2
1304900 1200.7
1304910 1206.6
1304920 1206.6
1304930 1213.2
1304940 1217.9
1304950 1217.9
1304960 1221.1
1304970 1223.8
1304980 1223.8
1304990 1226.8
1305000 1229.9
1305010 1229.9
1305020 1232.9
1305030 1235.8
1305040 1235.8
1305050 1238.3
1305060 1240.4
1305070 1240.4
1305080 1241.5
1305090 1241.7
1305100 1241.7
1305110 1240.4
1305120 1238.4
1305130 1238.4
1305140 1236.3
1305150 1234.7
1305160 1234.7
1305170 1233.0
1305180 1231.3
1305190 1230.3
1305200 1230.3
1305210 1229.4
1305220 1228.0
1305230 1228.0
1305240 1226.4
1305250 1225.5
1305260 1225.5
1305270 1224.6
1305280 1223.2
1305290 1223.2
1305300 1221.2
1305310 1219.2
1305320 1219.2
1305330 1217.4
1305340 1215.6
1305350 1215.6
1305360 1214.0
1305370 1208.1
1305380 1208.1
1305390 1207.2
1305400 1206.1
1305410 1206.1
1305420 1205.2
1305430 1204.4
1305440 1204.4
1305450 1203.3
1305460 1201.9
1305470 1201.9
1305480 1200.1
1305490 1199.1
1305500 1199.1
1305510 1198.2
1305520 1196.9
1305530 1196.9
1305540 1195.1
1305550 1192.9
1305560 1190.5
1305570 1190.5
1305580 1187.8
1305590 1185.1
1305600 1185.1
1305610 1182.9
1305620 1181.3
1305630 1181.3
1305640 1179.8
1305650 1178.2
1305660 1178.2
1305670 1176.8
1305680 1175.1
1305690 1175.1
1305700 1173.9
1305710 1172.5
1305720 1172.5
1305730 1170.8
1305740 1168.8
1305750 1168.8
1305760 1166.9
1305770 1165.7
1305780 1165.7
1305790 1165.0
1305800 1164.9
1305810 1164.9
1305820 1164.7
1305830 1164.1
1305840 1164.1
1305850 1162.8
1305860 1161.0
1305870 1161.0
1305880 1158.9
1305890 1156.7
1305900 1156.7
1305910 1154.0
1305920 1150.8
1305930 1148.0
1305940 1148.0
1305950 1144.9
1305960 1141.9
1305970 1141.9
1305980 1139.6
1305990 1138.5
1306000 1138.5
1306010 1138.5
1306020 1138.3
1306030 1138.3
1306040 1137.9
1306050 1136.5
1306060 1136.5
1306070 1134.1
1306080 1131.4
1306090 1125.5
1306100 1123.4
1306110 1121.4
1306120 1121.4
1306130 1119.0
1306140 1116.3
1306150 1116.3
1306160 1112.9
1306170 1109.1
1306180 1109.1
1306190 1104.2
1306200 1099.8
1306210 1099.8
1306220 1096.5
1306230 1093.6
1306240 1093.6
1306250 1093.4
1306260 1095.3
1306270 1095.3
1306280 1098.2
1306290 1099.8
1306300 1100.4
1306310 1100.4
1306320 1101.5
1306330 1102.3
1306340 1102.3
1306350 1102.8
1306360 1100.8
1306370 1100.8
1306380 1100.2
1306390 1100.9
1306400 1100.9
1306410 1100.5
1306420 1099.3
1306430 1099.3
1306440 1097.6
1306450 1093.9
1306460 1093.9
1306470 1088.9
1306480 1084.1
1306490 1084.1
1306500 1079.7
1306510 1073.5
1306520 1073.5
1306530 1068.6
1306540 1070.9
1306550 1070.9
1306560 1076.4
1306570 1080.3
1306580 1080.3
1306590 1083.4
1306600 1085.8
1306610 1085.8
1306620 1086.6
1306630 1086.5
1306640 1086.5
1306650 1084.8
1306660 1081.8
1306670 1081.5
1306680 1081.5
1306690 1082.9
1306700 1085.3
1306710 1085.3
1306720 1085.5
1306730 1084.8
1306740 1084.8
1306750 1084.2
1306760 1084.0
1306770 1084.0
1306780 1083.0
1306790 1080.9
1306800 1079.1
1306810 1077.5
1306820 1077.5
1306830 1077.5
1306840 1077.9
1306850 1077.5
1306860 1077.5
1306870 1076.2
1306880 1075.3
1306890 1075.3
1306900 1073.1
1306910 1066.8
1306920 1066.8
1306930 1059.5
1306940 1053.3
1306950 1053.3
1306960 1048.8
1306970 1050.2
1306980 1050.2
1306990 1054.3
1307000 1055.6
1307010 1055.6
1307020 1057.8
1307030 1060.3
1307040 1061.7
1307050 1061.7
1307060 1062.9
1307070 1064.0
1307080 1064.0
1307090 1065.1
1307100 1066.4
1307110 1066.4
1307120 1067.6
1307130 1067.4
1307140 1067.4
1307150 1063.9
1307160 1061.4
1307170 1061.4
1307180 1062.5
1307190 1065.4
1307200 1065.4
1307210 1067.1
1307220 1068.6
1307230 1068.6
1307240 1068.7
1307250 1066.5
1307260 1066.5
1307270 1063.6
1307280 1060.6
1307290 1060.6
1307300 1058.8
1307310 1059.1
1307320 1059.1
1307330 1061.1
1307340 1062.6
1307350 1062.6
1307360 1063.0
1307370 1062.2
1307380 1062.2
1307390 1061.4
1307400 1061.1
1307410 1060.9
1307420 1060.9
1307430 1061.1
1307440 1061.4
1307450 1061.4
1307460 1061.9
1307470 1062.0
1307480 1062.0
1307490 1062.1
1307500 1062.4
1307510 1062.4
1307520 1064.4
1307530 1064.1
1307540 1064.1
1307550 1062.8
1307560 1061.9
1307570 1061.9
1307580 1060.0
1307590 1059.2
1307600 1059.2
1307610 1059.7
1307620 1062.2
1307630 1062.2
1307640 1064.5
1307650 1065.6
1307660 1065.6
1307670 1066.1
1307680 1065.3
1307690 1065.3
1307700 1063.9
1307710 1063.8
1307720 1063.8
1307730 1066.8
1307740 1069.7
1307750 1069.7
1307760 1068.9
1307770 1067.6
1307780 1067.6
1307790 1067.6
1307800 1068.4
1307810 1070.2
1307820 1070.2
1307830 1066.9
1307840 1062.9
1307850 1062.9
1307860 1060.6
1307870 1061.8
1307880 1061.8
1307890 1062.7
1307900 1062.0
1307910 1062.0
1307920 1061.4
1307930 1058.6
1307940 1058.6
1307950 1054.0
1307960 1052.3
1307970 1052.3
1307980 1054.6
1307990 1053.0
1308000 1053.0
1308010 1050.5
1308020 1048.4
1308030 1048.4
1308040 1044.2
1308050 1041.2
1308060 1041.2
1308070 1040.6
1308080 1040.0
1308090 1040.0
1308100 1039.4
1308110 1038.1
1308120 1038.1
1308130 1035.0
1308140 1028.6
1308150 1022.9
1308160 1022.9
1308170 1018.0
1308180 1013.9
1308190 1013.9
1308200 1011.2
1308210 1007.9
1308220 1007.9
1308230 1003.2
1308240 997.4
1308250 992.7
1308260 987.9
1308270 985.1
1308280 985.1
1308290 983.2
1308300 982.6
1308310 982.6
1308320 982.5
1308330 982.4
1308340 982.4
1308350 982.5
1308360 982.2
1308370 982.2
1308380 982.0
1308390 983.4
1308400 983.4
1308410 988.5
1308420 994.1
1308430 994.1
1308440 994.9
1308450 995.0
1308460 995.0
1308470 994.5
1308480 992.9
1308490 992.9
1308500 989.5
1308510 986.7
1308520 986.0
1308530 986.0
1308540 986.2
1308550 986.4
1308560 986.4
1308570 986.8
1308580 987.3
1308590 987.3
1308600 988.7
1308610 992.1
1308620 992.1
1308630 997.0
1308640 1002.5
1308650 1002.5
1308660 1006.8
1308670 1010.2
1308680 1010.2
1308690 1011.7
1308700 1012.6
1308710 1012.6
1308720 1013.3
1308730 1014.1
1308740 1014.1
1308750 1015.4
1308760 1016.5
1308770 1016.5
1308780 1016.6
1308790 1015.8
1308800 1015.8
1308810 1013.5
1308820 1010.6
1308830 1010.6
1308840 1010.0
1308850 1010.2
1308860 1010.2
1308870 1012.0
1308880 1014.1
1308890 1014.7
1308900 1014.7
1308910 1015.0
1308920 1015.6
1308930 1015.6
1308940 1016.2
1308950 1016.1
1308960 1016.1
1308970 1017.3
1308980 1013.5
1308990 1013.5
1309000 1014.4
1309010 1013.0
1309020 1013.0
1309030 1009.4
1309040 1007.8
1309050 1007.8
1309060 1008.4
1309070 1010.2
1309080 1010.2
1309090 1010.2
1309100 1011.6
1309110 1011.6
1309120 1018.2
1309130 1022.5
1309140 1022.5
1309150 1023.3
1309160 1023.9
1309170 1023.9
1309180 1025.3
1309190 1025.7
1309200 1025.7
1309210 1026.3
1309220 1028.7
1309230 1028.7
1309240 1030.6
1309250 1031.5
1309260 1032.8
1309270 1032.8
1309280 1036.3
1309290 1039.9
1309300 1039.9
1309310 1039.3
1309320 1036.1
1309330 1036.1
1309340 1036.1
1309350 1038.7
1309360 1038.7
1309370 1043.2
1309380 1045.9
1309390 1045.9
1309400 1047.0
1309410 1047.7
1309420 1047.7
1309430 1048.5
1309440 1049.2
1309450 1049.2
1309460 1049.9
1309470 1050.7
1309480 1050.7
1309490 1051.4
1309500 1052.2
1309510 1052.2
1309520 1053.4
1309530 1054.1
1309540 1054.1
1309550 1054.0
1309560 1054.2
1309570 1054.2
1309580 1055.1
1309590 1056.4
1309600 1056.4
1309610 1057.7
1309620 1058.8
1309630 1059.8
1309640 1059.8
1309650 1060.5
1309660 1061.0
1309670 1061.0
1309680 1061.9
1309690 1062.3
1309700 1062.3
1309710 1057.3
1309720 1057.3
1309730 1057.3
1309740 1057.8
1309750 1057.8
1309760 1057.8
1309770 1057.2
1309780 1056.7
1309790 1056.7
1309800 1056.4
1309810 1055.8
1309820 1055.8
1309830 1055.0
1309840 1053.7
1309850 1053.7
1309860 1053.7
1309870 1054.3
1309880 1054.3
1309890 1054.9
1309900 1056.0
1309910 1056.0
1309920 1057.7
1309930 1059.3
1309940 1059.3
1309950 1061.8
1309960 1063.3
1309970 1063.3
1309980 1064.8
1309990 1066.1
1310000 1066.7
1310010 1066.7
1310020 1066.7
1310030 1066.8
1310040 1066.8
1310050 1067.0
1310060 1067.0
1310070 1067.0
1310080 1065.5
1310090 1063.5
1310100 1063.5
1310110 1061.3
1310120 1059.7
1310130 1059.7
1310140 1058.3
1310150 1055.8
1310160 1055.8
1310170 1052.3
1310180 1048.6
1310190 1048.6
1310200 1045.9
1310210 1053.4
1310220 1053.4
1310230 1063.9
1310240 1071.0
1310250 1071.0
1310260 1075.6
1310270 1077.6
1310280 1077.6
1310290 1075.4
1310300 1075.6
1310310 1075.6
1310320 1079.4
1310330 1085.0
1310340 1085.0
1310350 1090.2
1310360 1094.6
1310370 1097.7
1310380 1097.7
1310390 1096.0
1310400 1094.8
1310410 1094.8
1310420 1097.5
1310430 1100.1
1310440 1100.9
1310450 1104.2
1310460 1110.3
1310470 1110.3
1310480 1116.7
1310490 1122.8
1310500 1122.8
1310510 1127.9
1310520 1130.5
1310530 1130.5
1310540 1132.5
1310550 1134.7
1310560 1134.7
1310570 1136.8
1310580 1138.8
1310590 1138.8
1310600 1140.0
1310610 1139.8
1310620 1139.8
1310630 1140.1
1310640 1141.2
1310650 1141.2
1310660 1142.8
1310670 1144.7
1310680 1144.7
1310690 1146.4
1310700 1147.6
1310710 1147.6
1310720 1147.7
1310730 1144.5
1310740 1142.2
1310750 1142.2
1310760 1146.0
1310770 1151.7
1310780 1151.7
1310790 1155.4
1310800 1158.0
1310810 1158.0
1310820 1160.2
1310830 1161.8
1310840 1161.8
1310850 1162.1
1310860 1162.9
1310870 1162.9
1310880 1160.7
1310890 1154.2
1310900 1154.2
1310910 1150.5
1310920 1151.6
1310930 1151.6
1310940 1153.4
1310950 1157.2
1310960 1157.2
1310970 1158.4
1310980 1154.5
1310990 1154.5
1311000 1152.9
1311010 1151.5
1311020 1151.5
1311030 1149.8
1311040 1146.5
1311050 1146.5
1311060 1147.2
1311070 1153.6
1311080 1153.6
1311090 1154.9
1311100 1157.0
1311110 1152.5
1311120 1152.5
1311130 1144.1
1311140 1130.3
1311150 1130.3
1311160 1115.7
1311170 1108.5
1311180 1116.5
1311190 1118.0
1311200 1119.0
1311210 1119.0
1311220 1117.5
1311230 1120.9
1311240 1120.9
1311250 1124.1
1311260 1127.0
1311270 1127.0
1311280 1127.3
1311290 1131.2
1311300 1131.2
1311310 1140.5
1311320 1149.5
1311330 1149.5
1311340 1162.2
1311350 1177.9
1311360 1177.9
1311370 1185.1
1311380 1190.1
1311390 1190.1
1311400 1191.9
1311410 1192.6
1311420 1192.6
1311430 1193.8
1311440 1193.3
1311450 1193.3
1311460 1192.7
1311470 1194.5
1311480 1198.0
1311490 1198.0
1311500 1205.7
1311510 1212.1
1311520 1212.1
1311530 1217.2
1311540 1222.8
1311550 1222.8
1311560 1227.5
1311570 1232.4
1311580 1232.4
1311590 1237.9
1311600 1242.9
1311610 1242.9
1311620 1247.6
1311630 1252.8
1311640 1252.8
1311650 1257.8
1311660 1262.3
1311670 1262.3
1311680 1266.7
1311690 1271.1
1311700 1271.1
1311710 1275.3
1311720 1278.5
1311730 1278.5
1311740 1281.2
1311750 1283.6
1311760 1283.6
1311770 1285.3
1311780 1286.7
1311790 1286.7
1311800 1287.5
1311810 1287.4
1311820 1287.4
1311830 1287.2
1311840 1286.6
1311850 1285.3
1311860 1285.3
1311870 1286.1
1311880 1287.5
1311890 1287.5
1311900 1289.0
1311910 1291.3
1311920 1284.3
1311930 1286.2
1311940 1286.1
1311950 1286.1
1311960 1285.4
1311970 1283.5
1311980 1283.5
1311990 1281.0
1312000 1279.4
1312010 1279.4
1312020 1279.2
1312030 1279.1
1312040 1279.1
1312050 1278.1
1312060 1272.5
1312070 1272.5
1312080 1267.4
1312090 1264.9
1312100 1264.9
1312110 1270.3
1312120 1278.9
1312130 1278.9
1312140 1286.2
1312150 1293.7
1312160 1293.7
1312170 1301.5
1312180 1308.6
1312190 1308.6
1312200 1315.6
1312210 1322.3
1312220 1328.6
1312230 1328.6
1312240 1334.1
1312250 1339.3
1312260 1339.3
1312270 1344.3
1312280 1348.7
1312290 1348.7
1312300 1352.8
1312310 1357.2
1312320 1357.2
1312330 1361.6
1312340 1365.8
1312350 1365.8
1312360 1370.1
1312370 1374.2
1312380 1374.2
1312390 1377.6
1312400 1381.0
1312410 1381.0
1312420 1383.1
1312430 1384.2
1312440 1384.2
1312450 1386.4
1312460 1388.3
1312470 1388.3
1312480 1389.2
1312490 1391.4
1312500 1391.4
1312510 1393.9
1312520 1396.7
1312530 1396.7
1312540 1399.9
1312550 1403.4
1312560 1407.3
1312570 1407.3
1312580 1410.8
1312590 1413.2
1312600 1413.2
1312610 1416.7
1312620 1421.4
1312630 1421.4
1312640 1425.6
1312650 1430.3
1312660 1422.4
1312670 1423.0
1312680 1425.2
1312690 1425.2
1312700 1429.5
1312710 1433.1
1312720 1433.1
1312730 1436.1
1312740 1439.2
1312750 1439.2
1312760 1441.1
1312770 1439.6
1312780 1439.6
1312790 1435.1
1312800 1429.8
1312810 1429.8
1312820 1424.1
1312830 1418.9
1312840 1418.9
1312850 1414.2
1312860 1412.8
1312870 1412.8
1312880 1418.9
1312890 1424.5
1312900 1424.5
1312910 1428.9
1312920 1432.9
1312930 1436.9
1312940 1436.9
1312950 1438.3
1312960 1438.5
1312970 1438.5
1312980 1438.0
1312990 1437.2
1313000 1437.2
1313010 1436.7
1313020 1437.0
1313030 1437.0
1313040 1437.6
1313050 1437.8
1313060 1437.8
1313070 1436.8
1313080 1434.8
1313090 1434.8
1313100 1435.1
1313110 1434.0
1313120 1434.0
1313130 1431.0
1313140 1425.3
1313150 1425.3
1313160 1422.9
1313170 1422.6
1313180 1422.6
1313190 1418.4
1313200 1418.8
1313210 1418.8
1313220 1414.8
1313230 1409.5
1313240 1409.5
1313250 1409.0
1313260 1421.0
1313270 1421.0
1313280 1433.4
1313290 1442.0
1313300 1448.3
1313310 1448.3
1313320 1453.9
1313330 1460.3
1313340 1460.3
1313350 1467.5
1313360 1473.4
1313370 1473.4
1313380 1478.5
1313390 1483.5
1313400 1483.5
1313410 1485.0
1313420 1490.8
1313430 1490.8
1313440 1498.7
1313450 1505.8
1313460 1505.8
1313470 1510.8
1313480 1515.1
1313490 1515.1
1313500 1517.9
1313510 1522.2
1313520 1522.2
1313530 1529.5
1313540 1533.6
1313550 1533.6
1313560 1536.4
1313570 1540.4
1313580 1540.4
1313590 1543.5
1313600 1545.7
1313610 1545.7
1313620 1547.9
1313630 1549.5
1313640 1549.5
1313650 1550.8
1313660 1551.1
1313670 1549.8
1313680 1549.8
1313690 1544.4
1313700 1538.1
1313710 1538.1
1313720 1532.0
1313730 1523.5
1313740 1523.5
1313750 1514.9
1313760 1507.0
1313770 1507.0
1313780 1500.4
1313790 1495.4
1313800 1495.4
1313810 1491.5
1313820 1486.4
1313830 1486.4
1313840 1480.5
1313850 1477.2
1313860 1477.2
1313870 1477.1
1313880 1478.3
1313890 1478.3
1313900 1478.7
1313910 1478.6
1313920 1478.6
1313930 1479.0
1313940 1480.2
1313950 1480.2
1313960 1481.6
1313970 1483.8
1313980 1483.8
1313990 1487.0
1314000 1488.6
1314010 1488.6
1314020 1488.3
1314030 1486.4
1314040 1482.9
1314050 1482.9
1314060 1476.9
1314070 1470.0
1314080 1470.0
1314090 1463.0
1314100 1455.8
1314110 1455.8
1314120 1448.3
1314130 1445.7
1314140 1445.7
1314150 1448.1
1314160 1449.4
1314170 1449.4
1314180 1455.0
1314190 1459.4
1314200 1459.4
1314210 1464.6
1314220 1468.8
1314230 1468.8
1314240 1475.0
1314250 1482.4
1314260 1482.4
1314270 1487.2
1314280 1492.4
1314290 1492.4
1314300 1497.4
1314310 1501.4
1314320 1501.4
1314330 1503.7
1314340 1507.8
1314350 1507.8
1314360 1512.6
1314370 1518.2
1314380 1518.2
1314390 1520.6
1314400 1521.8
1314410 1519.8
1314420 1519.8
1314430 1515.3
1314440 1510.2
1314450 1510.2
1314460 1505.1
1314470 1499.6
1314480 1499.6
1314490 1491.9
1314500 1484.5
1314510 1484.5
1314520 1476.9
1314530 1468.2
1314540 1468.2
1314550 1460.4
1314560 1454.6
1314570 1454.6
1314580 1448.8
1314590 1443.2
1314600 1443.2
1314610 1438.0
1314620 1435.3
1314630 1435.3
1314640 1441.0
1314650 1445.1
1314660 1445.1
1314670 1448.3
1314680 1451.8
1314690 1451.8
1314700 1456.1
1314710 1460.2
1314720 1460.2
1314730 1464.5
1314740 1468.8
1314750 1468.8
1314760 1473.6
1314770 1477.8
1314780 1479.0
1314790 1479.0
1314800 1475.8
1314810 1470.7
1314820 1470.7
1314830 1463.7
1314840 1457.0
1314850 1457.0
1314860 1459.1
1314870 1463.9
1314880 1463.9
1314890 1468.5
1314900 1472.7
1314910 1470.1
1314920 1474.7
1314930 1479.3
1314940 1479.3
1314950 1484.0
1314960 1488.5
1314970 1488.5
1314980 1492.5
1314990 1495.9
1315000 1495.9
1315010 1497.9
1315020 1498.5
1315030 1498.5
1315040 1497.5
1315050 1495.2
1315060 1495.2
1315070 1490.9
1315080 1483.6
1315090 1483.6
1315100 1476.5
1315110 1470.0
1315120 1470.0
1315130 1462.1
1315140 1454.0
1315150 1446.7
1315160 1446.7
1315170 1443.9
1315180 1439.1
1315190 1439.1
1315200 1436.0
1315210 1438.9
1315220 1438.9
1315230 1440.5
1315240 1440.1
1315250 1440.1
1315260 1440.8
1315270 1440.7
1315280 1440.7
1315290 1436.1
1315300 1430.4
1315310 1430.4
1315320 1425.9
1315330 1421.9
1315340 1421.9
1315350 1418.2
1315360 1413.5
1315370 1413.5
1315380 1408.0
1315390 1401.8
1315400 1401.8
1315410 1395.2
1315420 1388.3
1315430 1388.3
1315440 1379.7
1315450 1364.1
1315460 1364.1
1315470 1361.7
1315480 1372.2
1315490 1372.2
1315500 1369.7
1315510 1366.7
1315520 1361.2
1315530 1361.2
1315540 1357.3
1315550 1357.3
1315560 1357.3
1315570 1359.1
1315580 1357.9
1315590 1357.9
1315600 1358.6
1315610 1360.1
1315620 1360.1
1315630 1360.6
1315640 1357.9
1315650 1357.9
1315660 1351.0
1315670 1340.3
1315680 1340.3
1315690 1344.6
1315700 1352.1
1315710 1352.1
1315720 1359.8
1315730 1366.5
1315740 1366.5
1315750 1371.8
1315760 1375.2
1315770 1375.2
1315780 1373.5
1315790 1371.1
1315800 1371.1
1315810 1368.2
1315820 1364.4
1315830 1364.4
1315840 1360.9
1315850 1357.2
1315860 1357.2
1315870 1355.3
1315880 1354.3
1315890 1355.3
1315900 1355.3
1315910 1361.9
1315920 1367.6
1315930 1367.6
1315940 1372.7
1315950 1378.5
1315960 1378.5
1315970 1382.3
1315980 1384.5
1315990 1384.5
1316000 1384.9
1316010 1383.9
1316020 1383.9
1316030 1381.1
1316040 1375.6
1316050 1375.6
1316060 1372.2
1316070 1369.0
1316080 1369.0
1316090 1365.5
1316100 1361.9
1316110 1361.9
1316120 1357.3
1316130 1352.0
1316140 1352.0
1316150 1346.3
1316160 1338.7
1316170 1338.7
1316180 1331.2
1316190 1324.6
1316200 1324.6
1316210 1317.2
1316220 1311.5
1316230 1311.5
1316240 1312.8
1316250 1315.7
1316260 1318.3
1316270 1318.3
1316280 1320.5
1316290 1322.0
1316300 1322.0
1316310 1322.1
1316320 1321.6
1316330 1321.6
1316340 1320.1
1316350 1316.9
1316360 1316.9
1316370 1313.5
1316380 1309.3
1316390 1309.3
1316400 1304.9
1316410 1301.0
1316420 1301.0
1316430 1293.6
1316440 1292.2
1316450 1292.2
1316460 1290.9
1316470 1289.6
1316480 1289.6
1316490 1286.8
1316500 1288.1
1316510 1288.1
1316520 1296.0
1316530 1303.5
1316540 1303.5
1316550 1308.2
1316560 1312.3
1316570 1312.3
1316580 1316.3
1316590 1319.6
1316600 1319.6
1316610 1320.3
1316620 1318.1
1316630 1314.3
1316640 1314.3
1316650 1311.5
1316660 1310.7
1316670 1310.7
1316680 1311.0
1316690 1312.8
1316700 1312.8
1316710 1313.0
1316720 1313.5
1316730 1313.5
1316740 1316.8
1316750 1320.1
1316760 1320.1
1316770 1323.6
1316780 1325.6
1316790 1325.6
1316800 1325.3
1316810 1325.8
1316820 1325.8
1316830 1332.2
1316840 1339.8
1316850 1339.8
1316860 1345.8
1316870 1351.2
1316880 1351.2
1316890 1356.2
1316900 1361.5
1316910 1361.5
1316920 1367.9
1316930 1374.2
1316940 1374.2
1316950 1376.8
1316960 1372.9
1316970 1372.9
1316980 1367.9
1316990 1361.9
1317000 1354.8
1317010 1354.8
1317020 1346.3
1317030 1338.6
1317040 1338.6
1317050 1332.1
1317060 1326.3
1317070 1326.3
1317080 1321.0
1317090 1321.6
1317100 1321.6
1317110 1325.4
1317120 1328.4
1317130 1328.4
1317140 1327.5
1317150 1329.0
1317160 1329.0
1317170 1333.8
1317180 1338.3
1317190 1333.6
1317200 1336.3
1317210 1337.3
1317220 1337.3
1317230 1338.4
1317240 1339.7
1317250 1339.7
1317260 1340.2
1317270 1340.8
1317280 1340.8
1317290 1340.7
1317300 1339.8
1317310 1339.8
1317320 1337.8
1317330 1334.5
1317340 1334.5
1317350 1330.3
1317360 1324.5
1317370 1317.3
1317380 1317.3
1317390 1309.1
1317400 1304.0
1317410 1304.0
1317420 1301.1
1317430 1297.4
1317440 1297.4
1317450 1293.3
1317460 1291.3
1317470 1291.3
1317480 1289.1
1317490 1285.8
1317500 1285.8
1317510 1282.8
1317520 1278.2
1317530 1278.2
1317540 1272.0
1317550 1264.7
1317560 1264.7
1317570 1258.5
1317580 1253.5
1317590 1253.5
1317600 1248.5
1317610 1241.6
1317620 1241.6
1317630 1237.2
1317640 1236.9
1317650 1236.9
1317660 1237.1
1317670 1235.2
1317680 1235.2
1317690 1230.6
1317700 1226.3
1317710 1226.3
1317720 1221.9
1317730 1217.9
1317740 1213.5
1317750 1213.5
1317760 1208.7
1317770 1203.7
1317780 1203.7
1317790 1194.1
1317800 1182.3
1317810 1182.3
1317820 1174.0
1317830 1167.9
1317840 1167.9
1317850 1166.8
1317860 1167.2
1317870 1167.2
1317880 1165.4
1317890 1163.9
1317900 1163.9
1317910 1170.3
1317920 1175.7
1317930 1175.7
1317940 1179.3
1317950 1182.2
1317960 1176.6
1317970 1178.3
1317980 1179.1
1317990 1179.1
1318000 1179.1
1318010 1177.7
1318020 1177.7
1318030 1175.0
1318040 1169.0
1318050 1169.0
1318060 1163.4
1318070 1160.7
1318080 1163.5
1318090 1163.5
1318100 1167.1
1318110 1169.0
1318120 1169.0
1318130 1169.9
1318140 1170.3
1318150 1170.3
1318160 1170.5
1318170 1170.8
1318180 1170.8
1318190 1170.8
1318200 1170.6
1318210 1170.6
1318220 1170.2
1318230 1170.1
1318240 1170.1
1318250 1169.6
1318260 1168.5
1318270 1168.5
1318280 1166.8
1318290 1165.3
1318300 1165.3
1318310 1164.1
1318320 1163.3
1318330 1163.3
1318340 1162.2
1318350 1161.0
1318360 1161.0
1318370 1159.8
1318380 1157.7
1318390 1157.7
1318400 1153.5
1318410 1146.9
1318420 1146.9
1318430 1139.0
1318440 1129.7
1318450 1121.0
1318460 1121.0
1318470 1121.9
1318480 1127.6
1318490 1127.6
1318500 1133.8
1318510 1139.3
1318520 1139.3
1318530 1141.3
1318540 1140.9
1318550 1140.9
1318560 1141.0
1318570 1140.2
1318580 1140.2
1318590 1139.0
1318600 1137.9
1318610 1137.9
1318620 1137.0
1318630 1136.4
1318640 1136.4
1318650 1135.4
1318660 1134.3
1318670 1134.3
1318680 1133.0
1318690 1131.6
1318700 1131.6
1318710 1130.3
1318720 1129.6
1318730 1126.4
1318740 1125.7
1318750 1124.8
1318760 1124.8
1318770 1124.0
1318780 1123.5
1318790 1123.5
1318800 1122.9
1318810 1121.3
1318820 1116.4
1318830 1116.4
1318840 1110.9
1318850 1108.2
1318860 1108.2
1318870 1108.8
1318880 1108.5
1318890 1108.5
1318900 1107.2
1318910 1106.1
1318920 1106.1
1318930 1105.3
1318940 1104.4
1318950 1104.4
1318960 1104.3
1318970 1105.4
1318980 1105.4
1318990 1106.9
1319000 1107.4
1319010 1107.4
1319020 1107.5
1319030 1107.2
1319040 1107.2
1319050 1107.1
1319060 1107.1
1319070 1107.1
1319080 1106.3
1319090 1105.6
1319100 1105.6
1319110 1105.5
1319120 1105.4
1319130 1105.4
1319140 1104.4
1319150 1103.2
1319160 1103.2
1319170 1102.7
1319180 1102.7
1319190 1103.2
1319200 1103.2
1319210 1103.3
1319220 1101.4
1319230 1101.4
1319240 1099.1
1319250 1101.2
1319260 1101.2
1319270 1103.4
1319280 1107.3
1319290 1107.3
1319300 1112.8
1319310 1115.4
1319320 1115.4
1319330 1116.9
1319340 1120.0
1319350 1120.0
1319360 1123.2
1319370 1126.1
1319380 1126.1
1319390 1128.5
1319400 1130.0
1319410 1130.0
1319420 1130.0
1319430 1128.2
1319440 1128.2
1319450 1123.4
1319460 1119.1
1319470 1119.1
1319480 1122.3
1319490 1128.1
1319500 1128.2
1319510 1133.7
1319520 1137.7
1319530 1137.7
1319540 1140.3
1319550 1143.2
1319560 1145.8
1319570 1145.8
1319580 1145.1
1319590 1140.8
1319600 1140.8
1319610 1137.2
1319620 1134.8
1319630 1134.8
1319640 1131.3
1319650 1129.4
1319660 1129.4
1319670 1129.7
1319680 1130.9
1319690 1130.9
1319700 1133.4
1319710 1133.5
1319720 1133.5
1319730 1131.3
1319740 1134.8
1319750 1134.8
1319760 1141.4
1319770 1147.4
1319780 1147.4
1319790 1151.5
1319800 1154.7
1319810 1154.7
1319820 1157.4
1319830 1157.4
1319840 1157.4
1319850 1153.6
1319860 1157.4
1319870 1157.4
1319880 1161.4
1319890 1164.4
1319900 1164.4
1319910 1168.6
1319920 1173.3
1319930 1177.8
1319940 1177.8
1319950 1182.1
1319960 1186.4
1319970 1186.4
1319980 1191.1
1319990 1195.6
