1300000 998.4
1300010 998.4
1300020 997.2
1300030 995.9
1300040 995.9
1300050 994.5
1300060 993.2
1300070 993.2
1300080 993.1
1300090 993.2
1300100 993.2
1300110 992.8
1300120 991.4
1300130 991.4
1300140 991.0
1300150 991.1
1300160 991.1
1300170 989.6
1300180 987.3
1300190 987.3
1300200 986.0
1300210 984.5
1300220 977.6
1300230 977.6
1300240 977.9
1300250 978.3
1300260 978.3
1300270 978.1
1300280 978.3
1300290 978.3
1300300 978.9
1300310 979.7
1300320 979.7
1300330 980.7
1300340 981.9
1300350 981.9
1300360 983.1
1300370 983.4
1300380 983.4
1300390 983.0
1300400 982.6
1300410 982.6
1300420 982.6
1300430 982.9
1300440 982.9
1300450 983.1
1300460 983.6
1300470 983.6
1300480 983.9
1300490 984.3
1300500 984.3
1300510 984.7
1300520 985.1
1300530 985.1
1300540 986.1
1300550 986.8
1300560 986.8
1300570 987.6
1300580 988.4
1300590 988.7
1300600 988.7
1300610 988.4
1300620 989.0
1300630 989.0
1300640 991.0
1300650 993.8
1300660 993.8
1300670 996.1
1300680 997.4
1300690 997.4
1300700 998.7
1300710 999.7
1300720 999.7
1300730 1000.1
1300740 1000.0
1300750 1000.0
1300760 1000.0
1300770 1000.3
1300780 1000.3
1300790 1001.0
1300800 1002.5
1300810 1002.5
1300820 1003.9
1300830 1004.9
1300840 1004.9
1300850 1005.7
1300860 1006.4
1300870 1006.4
1300880 1007.0
1300890 1007.2
1300900 1007.2
1300910 1007.1
1300920 1001.0
1300930 1001.0
1300940 1001.7
1300950 1003.8
1300960 1003.8
1300970 1007.6
1300980 1009.5
1300990 1010.2
1301000 1010.2
1301010 1010.4
1301020 1010.3
1301030 1010.3
1301040 1009.8
1301050 1008.8
1301060 1008.8
1301070 1007.0
1301080 1005.3
1301090 1005.3
1301100 1003.7
1301110 1001.7
1301120 1001.7
1301130 999.3
1301140 996.6
1301150 996.6
1301160 993.8
1301170 990.9
1301180 990.9
1301190 987.9
1301200 985.1
1301210 985.1
1301220 982.3
1301230 979.6
1301240 979.6
1301250 976.9
1301260 974.7
1301270 974.7
1301280 973.0
1301290 970.5
1301300 970.5
1301310 967.7
1301320 964.5
1301330 964.5
1301340 961.5
1301350 960.0
1301360 957.6
1301370 957.6
1301380 955.4
1301390 953.6
1301400 953.6
1301410 951.6
1301420 949.9
1301430 949.9
1301440 947.8
1301450 942.9
1301460 942.9
1301470 935.2
1301480 924.0
1301490 924.0
1301500 911.7
1301510 899.8
1301520 899.8
1301530 891.0
1301540 891.3
1301550 891.3
1301560 893.0
1301570 896.4
1301580 896.4
1301590 900.3
1301600 909.8
1301610 909.8
1301620 926.5
1301630 932.6
1301640 932.6
1301650 938.2
1301660 942.4
1301670 942.4
1301680 944.9
1301690 947.2
1301700 947.2
1301710 949.2
1301720 951.6
1301730 954.2
1301740 954.2
1301750 957.0
1301760 959.4
1301770 959.4
1301780 961.7
1301790 963.5
1301800 963.5
1301810 963.9
1301820 964.7
1301830 964.7
1301840 968.1
1301850 972.0
1301860 972.0
1301870 975.9
1301880 978.6
1301890 978.6
1301900 982.4
1301910 987.7
1301920 987.7
1301930 992.4
1301940 996.3
1301950 996.3
1301960 1000.4
1301970 1004.5
1301980 1004.5
1301990 1008.1
1302000 1012.0
1302010 1012.0
1302020 1016.1
1302030 1019.9
1302040 1019.9
1302050 1024.2
1302060 1027.5
1302070 1027.5
1302080 1031.8
1302090 1035.8
1302100 1039.5
1302110 1039.5
1302120 1042.9
1302130 1046.0
1302140 1046.0
1302150 1049.2
1302160 1052.2
1302170 1052.2
1302180 1055.0
1302190 1057.3
1302200 1057.3
1302210 1059.9
1302220 1062.5
1302230 1062.5
1302240 1064.9
1302250 1067.9
1302260 1067.9
1302270 1071.4
1302280 1074.9
1302290 1074.9
1302300 1078.7
1302310 1082.7
1302320 1082.6
1302330 1085.4
1302340 1088.0
1302350 1088.0
1302360 1090.8
1302370 1093.2
1302380 1093.2
1302390 1094.9
1302400 1095.2
1302410 1095.2
1302420 1095.3
1302430 1096.0
1302440 1096.0
1302450 1097.0
1302460 1098.0
1302470 1099.6
1302480 1099.6
1302490 1101.8
1302500 1104.0
1302510 1104.0
1302520 1105.7
1302530 1107.0
1302540 1107.0
1302550 1107.8
1302560 1108.3
1302570 1108.3
1302580 1108.3
1302590 1107.5
1302600 1107.5
1302610 1105.9
1302620 1103.9
1302630 1103.9
1302640 1101.4
1302650 1098.8
1302660 1098.8
1302670 1095.6
1302680 1090.9
1302690 1090.9
1302700 1085.4
1302710 1079.5
1302720 1079.5
1302730 1073.0
1302740 1066.7
1302750 1066.7
1302760 1061.0
1302770 1056.1
1302780 1056.1
1302790 1051.8
1302800 1048.2
1302810 1048.2
1302820 1045.6
1302830 1043.3
1302840 1040.6
1302850 1040.6
1302860 1037.1
1302870 1033.6
1302880 1033.6
1302890 1031.1
1302900 1028.4
1302910 1028.4
1302920 1025.7
1302930 1023.3
1302940 1023.3
1302950 1021.0
1302960 1018.9
1302970 1018.9
1302980 1016.9
1302990 1015.2
1303000 1015.2
1303010 1013.7
1303020 1011.7
1303030 1011.7
1303040 1010.5
1303050 1009.6
1303060 1009.6
1303070 1009.0
1303080 1008.8
1303090 1008.8
1303100 1008.2
1303110 1007.4
1303120 1007.4
1303130 1006.8
1303140 1006.1
1303150 1006.1
1303160 1004.9
1303170 1001.3
1303180 1001.3
1303190 996.2
1303200 988.9
1303210 988.9
1303220 979.8
1303230 973.6
1303240 972.4
1303250 972.4
1303260 976.3
1303270 982.9
1303280 982.9
1303290 991.5
1303300 997.3
1303310 997.3
1303320 1003.7
1303330 1010.2
1303340 1010.2
1303350 1016.0
1303360 1022.7
1303370 1022.7
1303380 1027.2
1303390 1029.6
1303400 1029.6
1303410 1032.4
1303420 1034.2
1303430 1034.2
1303440 1035.7
1303450 1037.2
1303460 1037.2
1303470 1038.8
1303480 1040.6
1303490 1040.6
1303500 1042.6
1303510 1044.7
1303520 1044.7
1303530 1047.0
1303540 1049.4
1303550 1049.4
1303560 1051.8
1303570 1054.2
1303580 1054.2
1303590 1056.7
1303600 1059.1
1303610 1061.5
1303620 1061.5
1303630 1063.9
1303640 1066.0
1303650 1066.0
1303660 1067.8
1303670 1069.5
1303680 1069.5
1303690 1071.1
1303700 1072.9
1303710 1072.9
1303720 1074.8
1303730 1077.2
1303740 1077.2
1303750 1079.1
1303760 1077.9
1303770 1077.9
1303780 1076.2
1303790 1074.8
1303800 1074.8
1303810 1073.2
1303820 1075.8
1303830 1075.8
1303840 1080.2
1303850 1085.3
1303860 1085.3
1303870 1089.1
1303880 1091.9
1303890 1091.9
1303900 1087.8
1303910 1086.0
1303920 1086.0
1303930 1085.8
1303940 1085.7
1303950 1085.7
1303960 1085.4
1303970 1086.0
1303980 1085.2
1303990 1085.2
1304000 1085.0
1304010 1085.4
1304020 1085.4
1304030 1084.2
1304040 1083.7
1304050 1083.7
1304060 1086.0
1304070 1089.4
1304080 1089.4
1304090 1093.9
1304100 1098.9
1304110 1098.9
1304120 1102.1
1304130 1107.4
1304140 1107.4
1304150 1113.2
1304160 1117.1
1304170 1117.1
1304180 1119.4
1304190 1120.3
1304200 1120.3
1304210 1120.0
1304220 1122.3
1304230 1122.3
1304240 1125.7
1304250 1129.6
1304260 1129.6
1304270 1133.5
1304280 1137.0
1304290 1137.0
1304300 1140.9
1304310 1144.2
1304320 1144.2
1304330 1147.2
1304340 1150.6
1304350 1154.7
1304360 1154.7
1304370 1158.5
1304380 1161.4
1304390 1161.4
1304400 1164.9
1304410 1167.4
1304420 1167.4
1304430 1169.4
1304440 1171.8
1304450 1171.8
1304460 1177.3
1304470 1182.3
1304480 1182.3
1304490 1186.6
1304500 1190.8
1304510 1190.8
1304520 1194.8
1304530 1198.2
1304540 1198.2
1304550 1200.3
1304560 1202.3
1304570 1202.3
1304580 1204.7
1304590 1207.2
1304600 1207.2
1304610 1211.0
1304620 1216.1
1304630 1216.1
1304640 1220.4
1304650 1224.7
1304660 1224.7
1304670 1228.5
1304680 1231.1
1304690 1231.1
1304700 1234.0
1304710 1239.1
1304720 1248.0
1304730 1248.0
1304740 1257.8
1304750 1263.3
1304760 1263.3
1304770 1266.8
1304780 1270.2
1304790 1270.2
1304800 1273.2
1304810 1275.8
1304820 1275.8
1304830 1279.0
1304840 1282.1
1304850 1282.1
1304860 1284.4
1304870 1286.2
1304880 1286.2
1304890 1287.6
1304900 1289.0
1304910 1289.0
1304920 1290.4
1304930 1291.1
1304940 1291.1
1304950 1291.2
1304960 1291.1
1304970 1291.1
1304980 1291.6
1304990 1291.9
1305000 1291.9
1305010 1292.0
1305020 1291.6
1305030 1291.6
1305040 1291.4
1305050 1291.1
1305060 1291.1
1305070 1290.3
1305080 1289.6
1305090 1288.4
1305100 1288.4
1305110 1288.3
1305120 1288.1
1305130 1288.1
1305140 1288.2
1305150 1283.4
1305160 1283.4
1305170 1281.7
1305180 1280.8
1305190 1280.8
1305200 1282.7
1305210 1282.6
1305220 1282.6
1305230 1282.3
1305240 1280.6
1305250 1280.6
1305260 1277.1
1305270 1271.5
1305280 1271.5
1305290 1268.8
1305300 1268.9
1305310 1268.9
1305320 1271.1
1305330 1274.1
1305340 1274.1
1305350 1275.7
1305360 1277.4
1305370 1277.4
1305380 1278.6
1305390 1279.5
1305400 1279.5
1305410 1280.8
1305420 1283.2
1305430 1283.2
1305440 1285.9
1305450 1288.4
1305460 1288.4
1305470 1291.1
1305480 1295.1
1305490 1298.2
1305500 1298.2
1305510 1301.4
1305520 1304.6
1305530 1304.6
1305540 1306.9
1305550 1308.9
1305560 1308.9
1305570 1311.7
1305580 1314.9
1305590 1314.9
1305600 1318.4
1305610 1322.2
1305620 1322.2
1305630 1326.9
1305640 1331.9
1305650 1331.9
1305660 1337.2
1305670 1342.9
1305680 1342.9
1305690 1348.8
1305700 1355.5
1305710 1355.5
1305720 1363.8
1305730 1377.2
1305740 1377.2
1305750 1383.9
1305760 1388.0
1305770 1388.0
1305780 1389.1
1305790 1389.2
1305800 1389.2
1305810 1389.7
1305820 1390.5
1305830 1390.5
1305840 1391.3
1305850 1391.7
1305860 1390.8
1305870 1390.8
1305880 1393.1
1305890 1396.3
1305900 1396.3
1305910 1400.7
1305920 1406.9
1305930 1406.9
1305940 1412.9
1305950 1412.1
1305960 1412.1
1305970 1410.8
1305980 1411.7
1305990 1411.7
1306000 1413.5
1306010 1416.7
1306020 1416.7
1306030 1421.2
1306040 1425.7
1306050 1425.7
1306060 1429.7
1306070 1433.5
1306080 1433.5
1306090 1436.9
1306100 1440.1
1306110 1440.1
1306120 1444.2
1306130 1448.6
1306140 1448.6
1306150 1452.4
1306160 1455.5
1306170 1455.5
1306180 1457.7
1306190 1459.4
1306200 1459.4
1306210 1461.4
1306220 1463.1
1306230 1464.9
1306240 1464.9
1306250 1467.1
1306260 1470.0
1306270 1470.0
1306280 1472.9
1306290 1475.8
1306300 1475.8
1306310 1478.2
1306320 1479.9
1306330 1479.9
1306340 1481.3
1306350 1482.0
1306360 1482.0
1306370 1482.5
1306380 1482.7
1306390 1482.7
1306400 1482.7
1306410 1484.2
1306420 1484.2
1306430 1485.4
1306440 1485.3
1306450 1485.3
1306460 1486.6
1306470 1488.5
1306480 1488.5
1306490 1489.9
1306500 1491.4
1306510 1491.4
1306520 1493.3
1306530 1495.4
1306540 1495.4
1306550 1495.8
1306560 1495.2
1306570 1495.2
1306580 1499.5
1306590 1501.7
1306600 1502.5
1306610 1502.5
1306620 1501.3
1306630 1498.4
1306640 1498.4
1306650 1492.6
1306660 1481.7
1306670 1481.7
1306680 1468.3
1306690 1459.9
1306700 1459.9
1306710 1452.8
1306720 1446.4
1306730 1446.4
1306740 1441.0
1306750 1435.8
1306760 1435.8
1306770 1430.4
1306780 1425.7
1306790 1425.7
1306800 1424.2
1306810 1425.6
1306820 1425.6
1306830 1427.1
1306840 1428.1
1306850 1428.1
1306860 1426.0
1306870 1425.6
1306880 1425.6
1306890 1425.4
1306900 1423.8
1306910 1423.8
1306920 1422.1
1306930 1422.2
1306940 1422.2
1306950 1423.1
1306960 1424.5
1306970 1425.9
1306980 1425.9
1306990 1426.7
1307000 1427.0
1307010 1427.0
1307020 1427.2
1307030 1427.8
1307040 1427.8
1307050 1428.8
1307060 1429.6
1307070 1429.6
1307080 1429.9
1307090 1429.3
1307100 1429.3
1307110 1428.2
1307120 1428.2
1307130 1428.2
1307140 1429.4
1307150 1430.2
1307160 1430.2
1307170 1431.2
1307180 1433.1
1307190 1433.1
1307200 1435.8
1307210 1438.5
1307220 1438.5
1307230 1441.0
1307240 1443.0
1307250 1443.0
1307260 1444.7
1307270 1446.3
1307280 1446.3
1307290 1448.2
1307300 1452.9
1307310 1452.9
1307320 1455.4
1307330 1457.3
1307340 1457.3
1307350 1459.8
1307360 1462.3
1307370 1465.6
1307380 1465.6
1307390 1468.9
1307400 1471.8
1307410 1471.8
1307420 1474.6
1307430 1477.9
1307440 1477.9
1307450 1482.3
1307460 1487.2
1307470 1487.2
1307480 1491.7
1307490 1495.2
1307500 1495.2
1307510 1498.2
1307520 1500.4
1307530 1500.4
1307540 1501.7
1307550 1503.5
1307560 1503.5
1307570 1505.2
1307580 1506.2
1307590 1506.2
1307600 1506.5
1307610 1506.6
1307620 1506.6
1307630 1507.6
1307640 1510.2
1307650 1510.2
1307660 1512.3
1307670 1514.0
1307680 1514.0
1307690 1516.8
1307700 1519.6
1307710 1519.6
1307720 1521.4
1307730 1522.1
1307740 1523.5
1307750 1523.5
1307760 1524.8
1307770 1526.1
1307780 1526.1
1307790 1528.0
1307800 1529.8
1307810 1529.8
1307820 1531.7
1307830 1533.3
1307840 1533.3
1307850 1534.2
1307860 1535.0
1307870 1535.0
1307880 1535.5
1307890 1535.3
1307900 1535.3
1307910 1535.2
1307920 1535.1
1307930 1535.1
1307940 1534.9
1307950 1535.3
1307960 1535.3
1307970 1536.1
1307980 1536.9
1307990 1536.9
1308000 1538.2
1308010 1539.9
1308020 1539.9
1308030 1536.3
1308040 1537.7
1308050 1537.7
1308060 1539.0
1308070 1540.6
1308080 1540.6
1308090 1541.9
1308100 1543.0
1308110 1544.5
1308120 1544.5
1308130 1545.5
1308140 1546.1
1308150 1546.1
1308160 1546.7
1308170 1547.0
1308180 1547.0
1308190 1546.6
1308200 1545.9
1308210 1545.9
1308220 1544.7
1308230 1543.2
1308240 1543.2
1308250 1541.3
1308260 1538.8
1308270 1538.8
1308280 1536.0
1308290 1533.1
1308300 1533.1
1308310 1529.8
1308320 1526.3
1308330 1526.3
1308340 1522.8
1308350 1518.0
1308360 1518.0
1308370 1514.3
1308380 1510.8
1308390 1510.8
1308400 1507.2
1308410 1503.7
1308420 1503.7
1308430 1501.0
1308440 1498.0
1308450 1498.0
1308460 1495.8
1308470 1494.0
1308480 1492.2
1308490 1492.2
1308500 1490.7
1308510 1488.6
1308520 1488.6
1308530 1485.1
1308540 1482.0
1308550 1482.0
1308560 1479.5
1308570 1477.1
1308580 1477.1
1308590 1474.1
1308600 1470.3
1308610 1470.3
1308620 1466.1
1308630 1461.4
1308640 1461.4
1308650 1456.8
1308660 1452.4
1308670 1452.4
1308680 1448.6
1308690 1444.9
1308700 1444.9
1308710 1441.4
1308720 1437.2
1308730 1437.2
1308740 1432.6
1308750 1424.3
1308760 1424.3
1308770 1419.6
1308780 1415.1
1308790 1415.1
1308800 1410.4
1308810 1405.8
1308820 1405.8
1308830 1401.7
1308840 1397.3
1308850 1392.9
1308860 1392.9
1308870 1388.6
1308880 1384.7
1308890 1384.7
1308900 1381.0
1308910 1376.8
1308920 1376.8
1308930 1372.3
1308940 1368.2
1308950 1368.2
1308960 1364.2
1308970 1359.5
1308980 1359.5
1308990 1353.5
1309000 1346.0
1309010 1346.0
1309020 1338.2
1309030 1330.8
1309040 1330.8
1309050 1323.8
1309060 1317.2
1309070 1317.2
1309080 1310.7
1309090 1304.1
1309100 1304.1
1309110 1297.4
1309120 1290.3
1309130 1290.3
1309140 1283.9
1309150 1277.6
1309160 1277.6
1309170 1272.0
1309180 1267.3
1309190 1267.3
1309200 1263.3
1309210 1260.4
1309220 1257.8
1309230 1257.8
1309240 1255.2
1309250 1253.9
1309260 1253.9
1309270 1253.1
1309280 1252.1
1309290 1252.1
1309300 1251.8
1309310 1250.6
1309320 1250.6
1309330 1247.8
1309340 1244.1
1309350 1244.1
1309360 1240.2
1309370 1235.9
1309380 1235.9
1309390 1233.0
1309400 1229.2
1309410 1229.2
1309420 1223.8
1309430 1220.6
1309440 1220.6
1309450 1218.1
1309460 1214.9
1309470 1214.9
1309480 1205.2
1309490 1202.7
1309500 1202.7
1309510 1199.3
1309520 1190.9
1309530 1190.9
1309540 1182.1
1309550 1172.7
1309560 1172.7
1309570 1162.1
1309580 1153.4
1309590 1153.4
1309600 1148.9
1309610 1141.0
1309620 1133.7
1309630 1133.7
1309640 1124.6
1309650 1116.2
1309660 1116.2
1309670 1113.4
1309680 1116.1
1309690 1116.1
1309700 1119.9
1309710 1129.8
1309720 1129.8
1309730 1138.0
1309740 1140.3
1309750 1140.3
1309760 1140.9
1309770 1143.4
1309780 1143.4
1309790 1147.7
1309800 1152.4
1309810 1152.4
1309820 1156.4
1309830 1159.7
1309840 1159.7
1309850 1162.9
1309860 1165.9
1309870 1165.9
1309880 1169.9
1309890 1173.9
1309900 1173.9
1309910 1177.7
1309920 1183.1
1309930 1183.1
1309940 1187.0
1309950 1189.5
1309960 1189.5
1309970 1191.6
1309980 1194.8
1309990 1198.6
1310000 1198.6
1310010 1202.4
1310020 1206.6
1310030 1206.6
1310040 1210.6
1310050 1214.9
1310060 1214.9
1310070 1220.5
1310080 1225.9
1310090 1225.9
1310100 1230.8
1310110 1235.6
1310120 1235.6
1310130 1240.2
1310140 1243.9
1310150 1243.9
1310160 1247.3
1310170 1251.1
1310180 1251.1
1310190 1255.7
1310200 1259.4
1310210 1259.4
1310220 1265.2
1310230 1270.2
1310240 1270.2
1310250 1275.5
1310260 1280.7
1310270 1280.7
1310280 1286.9
1310290 1292.9
1310300 1292.9
1310310 1298.8
1310320 1305.8
1310330 1305.8
1310340 1312.8
1310350 1320.1
1310360 1327.8
1310370 1327.8
1310380 1335.7
1310390 1342.8
1310400 1342.8
1310410 1349.7
1310420 1356.5
1310430 1356.5
1310440 1363.2
1310450 1369.9
1310460 1369.9
1310470 1376.7
1310480 1383.5
1310490 1383.5
1310500 1390.5
1310510 1397.5
1310520 1397.5
1310530 1404.4
1310540 1411.3
1310550 1411.3
1310560 1418.1
1310570 1424.9
1310580 1424.9
1310590 1431.6
1310600 1438.4
1310610 1438.4
1310620 1445.0
1310630 1451.4
1310640 1451.4
1310650 1457.6
1310660 1463.9
1310670 1463.9
1310680 1470.3
1310690 1476.7
1310700 1476.7
1310710 1482.7
1310720 1488.4
1310730 1494.1
1310740 1494.1
1310750 1499.9
1310760 1505.5
1310770 1505.5
1310780 1511.0
1310790 1516.0
1310800 1516.0
1310810 1520.3
1310820 1524.2
1310830 1524.2
1310840 1528.0
1310850 1531.7
1310860 1531.7
1310870 1535.4
1310880 1538.0
1310890 1538.0
1310900 1540.3
1310910 1543.6
1310920 1543.6
1310930 1547.1
1310940 1550.5
1310950 1549.4
1310960 1553.1
1310970 1557.0
1310980 1557.0
1310990 1560.6
1311000 1564.2
1311010 1564.2
1311020 1567.8
1311030 1571.7
1311040 1571.7
1311050 1575.4
1311060 1578.8
1311070 1578.8
1311080 1582.2
1311090 1585.5
1311100 1588.1
1311110 1588.1
1311120 1590.7
1311130 1593.0
1311140 1593.0
1311150 1595.2
1311160 1597.4
1311170 1597.4
1311180 1600.3
1311190 1603.6
1311200 1603.6
1311210 1605.9
1311220 1607.2
1311230 1607.2
1311240 1607.8
1311250 1604.8
1311260 1604.8
1311270 1602.0
1311280 1600.2
1311290 1600.2
1311300 1599.7
1311310 1597.1
1311320 1597.1
1311330 1596.8
1311340 1594.7
1311350 1594.7
1311360 1593.8
1311370 1593.4
1311380 1593.4
1311390 1594.7
1311400 1596.9
1311410 1596.9
1311420 1596.8
1311430 1599.6
1311440 1599.6
1311450 1604.2
1311460 1607.9
1311470 1610.0
1311480 1610.0
1311490 1610.5
1311500 1610.4
1311510 1610.4
1311520 1609.3
1311530 1608.5
1311540 1608.5
1311550 1609.1
1311560 1610.0
1311570 1610.0
1311580 1609.2
1311590 1607.3
1311600 1607.3
1311610 1606.4
1311620 1606.9
1311630 1606.9
1311640 1607.5
1311650 1606.9
1311660 1606.9
1311670 1606.1
1311680 1606.1
1311690 1611.1
1311700 1611.8
1311710 1613.2
1311720 1613.2
1311730 1613.6
1311740 1613.2
1311750 1613.2
1311760 1611.7
1311770 1609.8
1311780 1609.8
1311790 1607.5
1311800 1605.1
1311810 1605.1
1311820 1603.2
1311830 1601.5
1311840 1601.5
1311850 1599.9
1311860 1598.3
1311870 1596.6
1311880 1596.6
1311890 1594.7
1311900 1592.8
1311910 1592.8
1311920 1589.9
1311930 1585.7
1311940 1585.7
1311950 1582.8
1311960 1581.1
1311970 1581.1
1311980 1579.5
1311990 1577.7
1312000 1577.7
1312010 1575.6
1312020 1572.7
1312030 1572.7
1312040 1570.2
1312050 1568.0
1312060 1568.0
1312070 1565.7
1312080 1561.1
1312090 1561.1
1312100 1553.7
1312110 1545.9
1312120 1545.9
1312130 1540.2
1312140 1535.6
1312150 1535.6
1312160 1530.9
1312170 1525.5
1312180 1525.5
1312190 1519.4
1312200 1514.0
1312210 1514.0
1312220 1509.3
1312230 1504.5
1312240 1500.0
1312250 1500.0
1312260 1496.1
1312270 1492.4
1312280 1492.4
1312290 1489.0
1312300 1486.0
1312310 1486.0
1312320 1482.9
1312330 1480.0
1312340 1480.0
1312350 1477.8
1312360 1476.4
1312370 1476.4
1312380 1474.7
1312390 1473.1
1312400 1473.1
1312410 1471.7
1312420 1469.4
1312430 1473.7
1312440 1470.7
1312450 1467.9
1312460 1467.9
1312470 1465.6
1312480 1463.8
1312490 1463.8
1312500 1461.8
1312510 1460.1
1312520 1460.1
1312530 1457.8
1312540 1455.6
1312550 1455.6
1312560 1453.3
1312570 1452.0
1312580 1452.0
1312590 1451.5
1312600 1451.4
1312610 1453.2
1312620 1453.2
1312630 1456.1
1312640 1459.3
1312650 1459.3
1312660 1462.9
1312670 1466.5
1312680 1466.5
1312690 1469.3
1312700 1472.9
1312710 1472.9
1312720 1476.8
1312730 1480.6
1312740 1480.6
1312750 1483.7
1312760 1485.6
1312770 1485.6
1312780 1487.8
1312790 1488.9
1312800 1488.9
1312810 1488.5
1312820 1488.7
1312830 1488.7
1312840 1491.1
1312850 1492.5
1312860 1492.5
1312870 1494.3
1312880 1496.2
1312890 1496.2
1312900 1497.6
1312910 1499.3
1312920 1499.3
1312930 1501.3
1312940 1502.7
1312950 1502.7
1312960 1502.9
1312970 1504.7
1312980 1506.2
1312990 1506.2
1313000 1506.5
1313010 1506.1
1313020 1506.1
1313030 1502.8
1313040 1504.3
1313050 1504.3
1313060 1510.4
1313070 1511.7
1313080 1511.7
1313090 1514.2
1313100 1516.3
1313110 1516.3
1313120 1517.9
1313130 1518.4
1313140 1518.4
1313150 1517.9
1313160 1517.5
1313170 1517.5
1313180 1521.0
1313190 1521.6
1313200 1521.6
1313210 1523.1
1313220 1524.1
1313230 1524.1
1313240 1524.7
1313250 1525.2
1313260 1525.2
1313270 1525.4
1313280 1527.3
1313290 1527.3
1313300 1528.7
1313310 1529.6
1313320 1529.6
1313330 1530.0
1313340 1529.9
1313350 1532.6
1313360 1532.6
1313370 1535.2
1313380 1537.2
1313390 1537.2
1313400 1537.2
1313410 1536.6
1313420 1536.6
1313430 1535.6
1313440 1534.7
1313450 1534.7
1313460 1533.7
1313470 1532.0
1313480 1532.0
1313490 1530.4
1313500 1529.4
1313510 1529.4
1313520 1528.4
1313530 1527.6
1313540 1527.6
1313550 1526.5
1313560 1524.9
1313570 1524.9
1313580 1523.2
1313590 1521.3
1313600 1521.3
1313610 1519.3
1313620 1517.3
1313630 1517.3
1313640 1513.9
1313650 1513.6
1313660 1513.6
1313670 1515.2
1313680 1515.0
1313690 1515.0
1313700 1514.3
1313710 1513.3
1313720 1512.2
1313730 1512.2
1313740 1510.2
1313750 1507.9
1313760 1507.9
1313770 1506.0
1313780 1505.1
1313790 1505.1
1313800 1503.9
1313810 1502.3
1313820 1502.3
1313830 1500.6
1313840 1498.0
1313850 1498.0
1313860 1495.6
1313870 1494.3
1313880 1494.3
1313890 1491.6
1313900 1493.3
1313910 1493.3
1313920 1494.8
1313930 1500.1
1313940 1500.1
1313950 1499.5
1313960 1497.7
1313970 1497.7
1313980 1494.5
1313990 1486.7
1314000 1486.7
1314010 1478.1
1314020 1471.1
1314030 1471.1
1314040 1465.6
1314050 1459.6
1314060 1459.6
1314070 1452.9
1314080 1446.9
1314090 1442.1
1314100 1442.1
1314110 1436.9
1314120 1432.9
1314130 1432.9
1314140 1429.1
1314150 1425.8
1314160 1425.8
1314170 1422.7
1314180 1419.3
1314190 1419.3
1314200 1416.8
1314210 1414.2
1314220 1414.2
1314230 1409.4
1314240 1404.8
1314250 1404.8
1314260 1401.3
1314270 1397.6
1314280 1397.6
1314290 1393.9
1314300 1390.7
1314310 1390.7
1314320 1387.8
1314330 1385.0
1314340 1385.0
1314350 1383.0
1314360 1380.9
1314370 1380.9
1314380 1379.0
1314390 1377.7
1314400 1377.7
1314410 1376.3
1314420 1374.8
1314430 1374.8
1314440 1373.6
1314450 1372.8
1314460 1372.8
1314470 1372.0
1314480 1370.9
1314490 1369.9
1314500 1369.9
1314510 1368.9
1314520 1367.8
1314530 1367.8
1314540 1366.5
1314550 1365.3
1314560 1365.3
1314570 1363.9
1314580 1361.9
1314590 1361.9
1314600 1360.0
1314610 1358.2
1314620 1358.2
1314630 1356.4
1314640 1354.9
1314650 1354.9
1314660 1353.7
1314670 1352.3
1314680 1353.4
1314690 1351.8
1314700 1349.2
1314710 1349.2
1314720 1348.0
1314730 1344.8
1314740 1344.8
1314750 1343.3
1314760 1341.8
1314770 1341.8
1314780 1343.8
1314790 1343.2
1314800 1343.2
1314810 1341.8
1314820 1339.8
1314830 1339.8
1314840 1338.2
1314850 1337.8
1314860 1338.0
1314870 1338.0
1314880 1337.4
1314890 1335.9
1314900 1335.9
1314910 1334.4
1314920 1333.1
1314930 1333.1
1314940 1331.7
1314950 1330.1
1314960 1330.1
1314970 1328.4
1314980 1326.9
1314990 1326.9
1315000 1325.4
1315010 1324.1
1315020 1324.1
1315030 1322.7
1315040 1322.1
1315050 1322.1
1315060 1320.3
1315070 1318.6
1315080 1318.6
1315090 1316.3
1315100 1314.0
1315110 1314.0
1315120 1313.7
1315130 1316.4
1315140 1316.4
1315150 1316.9
1315160 1317.9
1315170 1317.9
1315180 1318.5
1315190 1320.6
1315200 1320.6
1315210 1321.9
1315220 1322.2
1315230 1322.5
1315240 1322.5
1315250 1322.8
1315260 1323.2
1315270 1323.2
1315280 1323.7
1315290 1323.7
1315300 1323.7
1315310 1323.3
1315320 1322.6
1315330 1322.6
1315340 1322.1
1315350 1321.3
1315360 1321.3
1315370 1320.3
1315380 1319.1
1315390 1319.1
1315400 1317.7
1315410 1316.3
1315420 1316.3
1315430 1315.0
1315440 1314.6
1315450 1314.6
1315460 1312.7
1315470 1311.1
1315480 1311.1
1315490 1309.4
1315500 1308.0
1315510 1308.0
1315520 1306.5
1315530 1305.0
1315540 1305.0
1315550 1303.1
1315560 1301.3
1315570 1301.3
1315580 1299.8
1315590 1298.1
1315600 1296.4
1315610 1296.4
1315620 1294.5
1315630 1293.1
1315640 1293.1
1315650 1291.9
1315660 1290.7
1315670 1290.7
1315680 1289.4
1315690 1287.9
1315700 1287.9
1315710 1286.5
1315720 1285.1
1315730 1285.1
1315740 1284.2
1315750 1283.7
1315760 1283.7
1315770 1282.7
1315780 1281.5
1315790 1281.5
1315800 1280.9
1315810 1280.6
1315820 1280.6
1315830 1280.2
1315840 1279.5
1315850 1279.5
1315860 1278.9
1315870 1278.3
1315880 1278.3
1315890 1277.6
1315900 1276.6
1315910 1276.6
1315920 1275.3
1315930 1273.8
1315940 1273.8
1315950 1271.9
1315960 1270.4
1315970 1268.7
1315980 1268.7
1315990 1266.9
1316000 1265.0
1316010 1265.0
1316020 1263.0
1316030 1260.6
1316040 1260.6
1316050 1258.3
1316060 1256.5
1316070 1256.5
1316080 1255.1
1316090 1253.7
1316100 1253.7
1316110 1252.7
1316120 1251.8
1316130 1251.8
1316140 1251.1
1316150 1250.3
1316160 1250.3
1316170 1249.4
1316180 1248.6
1316190 1248.0
1316200 1247.3
1316210 1246.5
1316220 1246.5
1316230 1245.9
1316240 1245.2
1316250 1245.2
1316260 1244.3
1316270 1243.2
1316280 1243.2
1316290 1241.5
1316300 1239.6
1316310 1239.6
1316320 1237.6
1316330 1235.8
1316340 1233.2
1316350 1233.2
1316360 1230.6
1316370 1227.8
1316380 1227.8
1316390 1224.2
1316400 1220.3
1316410 1220.3
1316420 1216.4
1316430 1212.8
1316440 1212.8
1316450 1209.4
1316460 1206.5
1316470 1206.5
1316480 1203.6
1316490 1200.8
1316500 1200.8
1316510 1198.1
1316520 1195.8
1316530 1195.8
1316540 1194.3
1316550 1192.7
1316560 1192.7
1316570 1189.7
1316580 1186.8
1316590 1186.8
1316600 1182.5
1316610 1178.9
1316620 1178.9
1316630 1175.3
1316640 1170.9
1316650 1170.9
1316660 1166.6
1316670 1163.0
1316680 1163.0
1316690 1158.8
1316700 1154.5
1316710 1151.5
1316720 1151.5
1316730 1148.2
1316740 1145.3
1316750 1145.3
1316760 1143.9
1316770 1144.7
1316780 1144.7
1316790 1149.9
1316800 1155.2
1316810 1155.2
1316820 1157.6
1316830 1158.0
1316840 1158.0
1316850 1158.5
1316860 1160.2
1316870 1160.2
1316880 1159.7
1316890 1159.6
1316900 1159.6
1316910 1160.9
1316920 1161.6
1316930 1161.6
1316940 1163.7
1316950 1164.9
1316960 1167.2
1316970 1168.0
1316980 1169.1
1316990 1169.1
1317000 1170.3
1317010 1171.4
1317020 1171.4
1317030 1171.7
1317040 1172.7
1317050 1172.7
1317060 1175.6
1317070 1177.7
1317080 1177.7
1317090 1179.7
1317100 1180.3
1317110 1182.5
1317120 1182.5
1317130 1184.5
1317140 1186.5
1317150 1186.5
1317160 1188.6
1317170 1190.2
1317180 1190.2
1317190 1192.9
1317200 1195.5
1317210 1195.5
1317220 1196.9
1317230 1196.6
1317240 1196.6
1317250 1195.7
1317260 1194.3
1317270 1194.3
1317280 1191.5
1317290 1189.6
1317300 1189.6
1317310 1186.0
1317320 1186.1
1317330 1186.1
1317340 1185.4
1317350 1184.2
1317360 1184.2
1317370 1184.7
1317380 1188.9
1317390 1188.9
1317400 1192.9
1317410 1196.7
1317420 1196.7
1317430 1198.8
1317440 1202.3
1317450 1202.3
1317460 1207.8
1317470 1212.7
1317480 1216.9
1317490 1216.9
1317500 1222.2
1317510 1227.1
1317520 1227.1
1317530 1232.0
1317540 1237.4
1317550 1237.4
1317560 1242.6
1317570 1247.4
1317580 1247.4
1317590 1252.2
1317600 1257.8
1317610 1257.8
1317620 1262.3
1317630 1266.0
1317640 1266.0
1317650 1269.1
1317660 1270.8
1317670 1270.8
1317680 1270.6
1317690 1267.9
1317700 1267.9
1317710 1264.2
1317720 1267.7
1317730 1267.7
1317740 1266.2
1317750 1264.2
1317760 1264.2
1317770 1261.5
1317780 1257.8
1317790 1257.8
1317800 1253.8
1317810 1249.5
1317820 1249.5
1317830 1244.6
1317840 1240.3
1317850 1236.7
1317860 1236.7
1317870 1233.0
1317880 1230.7
1317890 1230.7
1317900 1229.0
1317910 1224.5
1317920 1224.5
1317930 1219.8
1317940 1217.3
1317950 1217.3
1317960 1210.3
1317970 1206.4
1317980 1206.4
1317990 1212.3
1318000 1222.8
1318010 1222.8
1318020 1232.7
1318030 1241.1
1318040 1241.1
1318050 1248.3
1318060 1254.7
1318070 1254.7
1318080 1260.9
1318090 1267.1
1318100 1267.1
1318110 1274.2
1318120 1281.5
1318130 1281.5
1318140 1288.6
1318150 1295.8
1318160 1295.8
1318170 1303.0
1318180 1310.2
1318190 1310.2
1318200 1318.1
1318210 1323.1
1318220 1329.1
1318230 1329.1
1318240 1333.8
1318250 1337.1
1318260 1337.1
1318270 1338.6
1318280 1338.6
1318290 1338.6
1318300 1337.5
1318310 1334.9
1318320 1334.9
1318330 1333.1
1318340 1333.2
1318350 1333.2
1318360 1335.3
1318370 1338.6
1318380 1338.6
1318390 1342.1
1318400 1344.3
1318410 1344.3
1318420 1344.9
1318430 1344.3
1318440 1344.3
1318450 1343.6
1318460 1342.8
1318470 1342.8
1318480 1341.4
1318490 1347.7
1318500 1347.7
1318510 1347.4
1318520 1347.1
1318530 1347.1
1318540 1345.3
1318550 1342.9
1318560 1342.9
1318570 1347.1
1318580 1352.8
1318590 1357.6
1318600 1357.6
1318610 1362.3
1318620 1367.2
1318630 1367.2
1318640 1371.7
1318650 1376.2
1318660 1376.2
1318670 1380.0
1318680 1383.0
1318690 1383.0
1318700 1385.0
1318710 1385.1
1318720 1385.1
1318730 1382.9
1318740 1379.5
1318750 1379.5
1318760 1376.8
1318770 1375.6
1318780 1375.6
1318790 1373.9
1318800 1372.3
1318810 1372.3
1318820 1370.6
1318830 1369.3
1318840 1369.3
1318850 1368.2
1318860 1367.3
1318870 1367.3
1318880 1367.6
1318890 1367.6
1318900 1367.6
1318910 1367.7
1318920 1368.8
1318930 1368.8
1318940 1369.4
1318950 1369.9
1318960 1369.8
1318970 1369.8
1318980 1368.8
1318990 1368.0
1319000 1368.0
1319010 1367.6
1319020 1366.3
1319030 1366.3
1319040 1364.7
1319050 1367.2
1319060 1367.2
1319070 1369.4
1319080 1371.7
1319090 1371.7
1319100 1373.7
1319110 1376.3
1319120 1376.3
1319130 1378.9
1319140 1381.3
1319150 1381.3
1319160 1384.2
1319170 1387.3
1319180 1387.3
1319190 1390.6
1319200 1393.9
1319210 1393.9
1319220 1398.1
1319230 1403.6
1319240 1403.6
1319250 1407.8
1319260 1422.3
1319270 1422.3
1319280 1431.2
1319290 1435.6
1319300 1435.6
1319310 1436.6
1319320 1434.4
1319330 1427.7
1319340 1427.7
1319350 1426.3
1319360 1424.6
1319370 1424.6
1319380 1419.9
1319390 1415.6
1319400 1415.6
1319410 1413.3
1319420 1411.5
1319430 1411.5
1319440 1409.4
1319450 1405.6
1319460 1405.6
1319470 1401.9
1319480 1398.1
1319490 1398.1
1319500 1395.1
1319510 1393.3
1319520 1393.3
1319530 1391.5
1319540 1389.6
1319550 1389.6
1319560 1387.0
1319570 1384.6
1319580 1384.6
1319590 1382.9
1319600 1381.8
1319610 1381.8
1319620 1380.7
1319630 1379.4
1319640 1379.4
1319650 1378.5
1319660 1378.0
1319670 1378.0
1319680 1377.6
1319690 1377.0
1319700 1377.0
1319710 1376.7
1319720 1376.8
1319730 1377.8
1319740 1377.8
1319750 1379.5
1319760 1381.5
1319770 1381.5
1319780 1382.3
1319790 1383.4
1319800 1383.4
1319810 1386.5
1319820 1389.5
1319830 1389.5
1319840 1393.5
1319850 1398.5
1319860 1398.5
1319870 1403.8
1319880 1409.2
1319890 1409.2
1319900 1415.2
1319910 1421.3
1319920 1421.3
1319930 1427.8
1319940 1434.2
1319950 1434.2
1319960 1440.0
1319970 1444.9
1319980 1444.9
1319990 1448.7
