1300000 1128.7
1300010 1128.7
1300020 1127.3
1300030 1127.0
1300040 1127.0
1300050 1126.4
1300060 1125.1
1300070 1125.1
1300080 1124.5
1300090 1124.4
1300100 1124.4
1300110 1124.1
1300120 1124.3
1300130 1124.6
1300140 1124.6
1300150 1123.2
1300160 1126.6
1300170 1126.6
1300180 1127.8
1300190 1127.3
1300200 1127.3
1300210 1126.3
1300220 1124.6
1300230 1124.6
1300240 1123.6
1300250 1122.8
1300260 1122.8
1300270 1120.9
1300280 1119.5
1300290 1119.5
1300300 1120.6
1300310 1121.0
1300320 1121.0
1300330 1120.5
1300340 1120.1
1300350 1113.6
1300360 1113.7
1300370 1116.0
1300380 1116.0
1300390 1118.5
1300400 1120.3
1300410 1120.3
1300420 1122.8
1300430 1124.6
1300440 1124.6
1300450 1126.2
1300460 1127.9
1300470 1127.9
1300480 1127.9
1300490 1126.9
1300500 1125.2
1300510 1125.2
1300520 1123.4
1300530 1122.2
1300540 1122.2
1300550 1120.7
1300560 1117.6
1300570 1117.6
1300580 1115.0
1300590 1113.8
1300600 1113.8
1300610 1112.5
1300620 1111.9
1300630 1111.9
1300640 1112.0
1300650 1112.2
1300660 1112.2
1300670 1112.2
1300680 1112.8
1300690 1112.8
1300700 1113.4
1300710 1113.8
1300720 1113.8
1300730 1114.2
1300740 1114.7
1300750 1114.7
1300760 1114.6
1300770 1114.2
1300780 1114.2
1300790 1114.0
1300800 1113.4
1300810 1113.4
1300820 1114.2
1300830 1116.4
1300840 1116.4
1300850 1118.0
1300860 1118.5
1300870 1118.8
1300880 1118.8
1300890 1118.1
1300900 1117.0
1300910 1117.0
1300920 1116.2
1300930 1115.8
1300940 1115.8
1300950 1116.7
1300960 1117.8
1300970 1117.8
1300980 1118.5
1300990 1119.4
1301000 1119.4
1301010 1119.2
1301020 1117.6
1301030 1117.6
1301040 1110.2
1301050 1110.1
1301060 1110.1
1301070 1109.4
1301080 1108.7
1301090 1108.7
1301100 1108.1
1301110 1106.0
1301120 1106.0
1301130 1103.1
1301140 1101.2
1301150 1101.2
1301160 1099.9
1301170 1098.1
1301180 1098.1
1301190 1096.6
1301200 1095.2
1301210 1095.2
1301220 1095.0
1301230 1094.2
1301240 1094.2
1301250 1093.3
1301260 1092.1
1301270 1090.6
1301280 1090.6
1301290 1089.9
1301300 1089.5
1301310 1089.5
1301320 1087.8
1301330 1085.2
1301340 1085.2
1301350 1082.9
1301360 1080.6
1301370 1080.6
1301380 1078.1
1301390 1075.4
1301400 1075.4
1301410 1072.3
1301420 1069.5
1301430 1069.5
1301440 1066.4
1301450 1063.3
1301460 1063.3
1301470 1059.8
1301480 1056.9
1301490 1056.9
1301500 1054.9
1301510 1052.9
1301520 1052.9
1301530 1050.3
1301540 1047.5
1301550 1047.5
1301560 1043.7
1301570 1040.6
1301580 1040.6
1301590 1038.9
1301600 1036.6
1301610 1036.6
1301620 1035.2
1301630 1035.4
1301640 1037.4
1301650 1037.4
1301660 1036.3
1301670 1034.1
1301680 1034.1
1301690 1031.3
1301700 1029.6
1301710 1029.6
1301720 1027.1
1301730 1026.0
1301740 1022.1
1301750 1020.0
1301760 1017.4
1301770 1017.4
1301780 1014.6
1301790 1011.9
1301800 1011.9
1301810 1010.2
1301820 1008.4
1301830 1008.4
1301840 1004.8
1301850 1002.5
1301860 1002.5
1301870 1000.3
1301880 997.5
1301890 997.5
1301900 994.8
1301910 992.8
1301920 992.8
1301930 991.1
1301940 988.8
1301950 988.8
1301960 986.2
1301970 983.2
1301980 983.2
1301990 977.5
1302000 969.6
1302010 961.8
1302020 961.8
1302030 957.2
1302040 963.9
1302050 963.9
1302060 970.6
1302070 976.9
1302080 976.9
1302090 982.0
1302100 986.9
1302110 986.9
1302120 992.8
1302130 997.9
1302140 997.9
1302150 1003.4
1302160 1008.0
1302170 1008.0
1302180 1009.7
1302190 1008.9
1302200 1008.9
1302210 1008.4
1302220 1008.3
1302230 1008.3
1302240 1008.0
1302250 1007.7
1302260 1007.7
1302270 1007.2
1302280 1006.1
1302290 1006.1
1302300 1004.7
1302310 1002.7
1302320 1002.7
1302330 1000.2
1302340 998.4
1302350 998.4
1302360 995.5
1302370 992.8
1302380 989.9
1302390 989.9
1302400 986.5
1302410 982.8
1302420 982.8
1302430 980.7
1302440 980.3
1302450 973.8
1302460 973.3
1302470 973.7
1302480 973.7
1302490 973.8
1302500 972.9
1302510 972.9
1302520 972.1
1302530 971.0
1302540 971.0
1302550 967.4
1302560 962.8
1302570 962.8
1302580 959.3
1302590 955.3
1302600 955.3
1302610 952.0
1302620 951.2
1302630 951.2
1302640 949.2
1302650 949.2
1302660 949.2
1302670 948.1
1302680 947.3
1302690 947.3
1302700 945.3
1302710 943.8
1302720 943.8
1302730 943.7
1302740 944.1
1302750 944.1
1302760 944.8
1302770 945.7
1302780 947.7
1302790 947.7
1302800 950.8
1302810 954.0
1302820 954.0
1302830 957.2
1302840 958.6
1302850 958.6
1302860 959.4
1302870 960.5
1302880 960.5
1302890 961.8
1302900 963.0
1302910 963.0
1302920 964.1
1302930 965.2
1302940 965.2
1302950 966.0
1302960 966.9
1302970 966.9
1302980 967.5
1302990 968.0
1303000 968.0
1303010 968.3
1303020 967.9
1303030 967.9
1303040 965.8
1303050 963.8
1303060 963.8
1303070 965.5
1303080 964.9
1303090 964.9
1303100 965.7
1303110 968.0
1303120 968.0
1303130 969.1
1303140 970.7
1303150 970.6
1303160 970.6
1303170 974.4
1303180 971.9
1303190 971.9
1303200 970.2
1303210 969.2
1303220 969.2
1303230 969.3
1303240 969.7
1303250 969.7
1303260 968.7
1303270 967.8
1303280 967.8
1303290 966.9
1303300 966.8
1303310 966.8
1303320 967.4
1303330 969.0
1303340 969.0
1303350 971.1
1303360 972.3
1303370 972.3
1303380 973.9
1303390 974.3
1303400 974.3
1303410 974.6
1303420 976.1
1303430 976.1
1303440 978.9
1303450 981.6
1303460 981.6
1303470 985.1
1303480 989.8
1303490 989.8
1303500 995.6
1303510 999.4
1303520 1001.5
1303530 1001.5
1303540 1005.0
1303550 1009.5
1303560 1009.5
1303570 1012.0
1303580 1014.0
1303590 1014.0
1303600 1016.1
1303610 1017.0
1303620 1017.0
1303630 1015.7
1303640 1011.0
1303650 1011.0
1303660 1007.3
1303670 1006.7
1303680 1006.7
1303690 1008.3
1303700 1011.2
1303710 1011.2
1303720 1008.7
1303730 1010.2
1303740 1010.2
1303750 1017.8
1303760 1026.9
1303770 1026.9
1303780 1034.3
1303790 1038.8
1303800 1038.8
1303810 1042.5
1303820 1046.4
1303830 1046.4
1303840 1050.6
1303850 1054.2
1303860 1050.7
1303870 1056.1
1303880 1058.9
1303890 1062.4
1303900 1062.4
1303910 1066.4
1303920 1070.0
1303930 1070.0
1303940 1073.0
1303950 1076.2
1303960 1076.2
1303970 1079.2
1303980 1081.2
1303990 1081.2
1304000 1083.2
1304010 1085.3
1304020 1085.3
1304030 1087.1
1304040 1088.3
1304050 1088.3
1304060 1088.9
1304070 1090.0
1304080 1090.0
1304090 1093.3
1304100 1096.8
1304110 1096.8
1304120 1100.4
1304130 1103.2
1304140 1103.2
1304150 1105.3
1304160 1107.5
1304170 1107.5
1304180 1109.8
1304190 1112.1
1304200 1112.1
1304210 1113.8
1304220 1115.1
1304230 1115.1
1304240 1116.7
1304250 1118.4
1304260 1118.4
1304270 1121.1
1304280 1124.1
1304290 1126.4
1304300 1126.4
1304310 1128.6
1304320 1131.2
1304330 1131.2
1304340 1133.5
1304350 1135.9
1304360 1135.9
1304370 1138.9
1304380 1141.8
1304390 1141.8
1304400 1144.6
1304410 1147.5
1304420 1147.5
1304430 1150.9
1304440 1154.2
1304450 1154.2
1304460 1155.9
1304470 1156.7
1304480 1156.7
1304490 1157.3
1304500 1158.7
1304510 1158.7
1304520 1160.5
1304530 1162.5
1304540 1162.5
1304550 1165.0
1304560 1167.5
1304570 1166.8
1304580 1170.5
1304590 1173.9
1304600 1173.9
1304610 1176.1
1304620 1177.4
1304630 1177.4
1304640 1178.2
1304650 1178.9
1304660 1179.3
1304670 1179.3
1304680 1179.3
1304690 1179.3
1304700 1179.3
1304710 1179.3
1304720 1179.0
1304730 1179.0
1304740 1179.0
1304750 1178.2
1304760 1178.2
1304770 1177.5
1304780 1177.1
1304790 1177.1
1304800 1176.1
1304810 1174.6
1304820 1174.6
1304830 1173.5
1304840 1173.9
1304850 1173.9
1304860 1174.0
1304870 1176.4
1304880 1176.4
1304890 1179.9
1304900 1181.3
1304910 1181.3
1304920 1182.5
1304930 1183.9
1304940 1183.9
1304950 1184.8
1304960 1186.0
1304970 1186.0
1304980 1187.4
1304990 1188.6
1305000 1188.6
1305010 1189.8
1305020 1190.8
1305030 1191.8
1305040 1191.8
1305050 1192.8
1305060 1193.3
1305070 1193.3
1305080 1192.6
1305090 1189.6
1305100 1189.6
1305110 1189.2
1305120 1193.8
1305130 1193.8
1305140 1198.0
1305150 1201.0
1305160 1201.0
1305170 1202.9
1305180 1204.1
1305190 1204.1
1305200 1205.0
1305210 1205.2
1305220 1205.2
1305230 1206.9
1305240 1209.0
1305250 1209.0
1305260 1211.3
1305270 1215.3
1305280 1214.7
1305290 1218.3
1305300 1221.0
1305310 1221.0
1305320 1223.5
1305330 1225.5
1305340 1225.5
1305350 1227.1
1305360 1228.6
1305370 1228.6
1305380 1230.0
1305390 1231.4
1305400 1232.7
1305410 1232.7
1305420 1234.1
1305430 1235.3
1305440 1235.3
1305450 1236.4
1305460 1236.8
1305470 1236.8
1305480 1236.6
1305490 1237.0
1305500 1237.0
1305510 1237.2
1305520 1237.3
1305530 1237.3
1305540 1238.0
1305550 1239.1
1305560 1239.1
1305570 1240.0
1305580 1240.8
1305590 1240.8
1305600 1241.5
1305610 1241.4
1305620 1241.4
1305630 1241.3
1305640 1244.1
1305650 1244.1
1305660 1248.0
1305670 1250.8
1305680 1250.8
1305690 1252.2
1305700 1253.1
1305710 1253.1
1305720 1253.5
1305730 1255.1
1305740 1255.1
1305750 1256.3
1305760 1256.9
1305770 1256.9
1305780 1257.5
1305790 1258.7
1305800 1259.4
1305810 1259.4
1305820 1259.9
1305830 1260.4
1305840 1260.4
1305850 1260.6
1305860 1260.8
1305870 1260.8
1305880 1260.5
1305890 1259.4
1305900 1259.4
1305910 1258.3
1305920 1259.4
1305930 1259.4
1305940 1260.7
1305950 1261.5
1305960 1261.5
1305970 1261.3
1305980 1262.0
1305990 1264.1
1306000 1265.1
1306010 1267.8
1306020 1267.8
1306030 1269.8
1306040 1271.6
1306050 1271.6
1306060 1273.3
1306070 1274.6
1306080 1274.6
1306090 1275.7
1306100 1276.6
1306110 1276.6
1306120 1277.4
1306130 1278.0
1306140 1278.0
1306150 1278.5
1306160 1278.8
1306170 1278.9
1306180 1278.9
1306190 1278.7
1306200 1277.8
1306210 1277.8
1306220 1276.8
1306230 1275.5
1306240 1275.5
1306250 1274.3
1306260 1274.1
1306270 1274.1
1306280 1273.5
1306290 1273.1
1306300 1273.1
1306310 1271.9
1306320 1272.3
1306330 1272.3
1306340 1272.7
1306350 1272.0
1306360 1272.0
1306370 1272.3
1306380 1272.9
1306390 1272.9
1306400 1273.3
1306410 1273.1
1306420 1273.1
1306430 1271.2
1306440 1271.9
1306450 1271.9
1306460 1271.7
1306470 1272.0
1306480 1272.0
1306490 1273.7
1306500 1274.1
1306510 1274.1
1306520 1274.0
1306530 1274.5
1306540 1273.4
1306550 1273.4
1306560 1272.7
1306570 1271.0
1306580 1271.0
1306590 1263.6
1306600 1264.6
1306610 1264.6
1306620 1271.0
1306630 1271.8
1306640 1271.8
1306650 1271.6
1306660 1271.5
1306670 1271.5
1306680 1270.8
1306690 1266.1
1306700 1266.1
1306710 1261.7
1306720 1262.8
1306730 1262.8
1306740 1268.8
1306750 1269.2
1306760 1269.2
1306770 1264.9
1306780 1261.5
1306790 1261.5
1306800 1265.8
1306810 1272.0
1306820 1272.0
1306830 1273.9
1306840 1274.0
1306850 1274.0
1306860 1275.0
1306870 1276.7
1306880 1276.7
1306890 1277.3
1306900 1276.4
1306910 1275.4
1306920 1275.4
1306930 1271.7
1306940 1270.8
1306950 1270.8
1306960 1273.0
1306970 1273.3
1306980 1273.3
1306990 1273.6
1307000 1274.6
1307010 1274.6
1307020 1277.1
1307030 1282.5
1307040 1282.5
1307050 1289.5
1307060 1294.9
1307070 1294.9
1307080 1298.8
1307090 1301.2
1307100 1301.2
1307110 1302.2
1307120 1303.1
1307130 1303.1
1307140 1305.4
1307150 1307.3
1307160 1307.3
1307170 1307.5
1307180 1309.3
1307190 1309.3
1307200 1308.0
1307210 1309.4
1307220 1309.4
1307230 1311.9
1307240 1316.8
1307250 1316.8
1307260 1321.0
1307270 1323.5
1307280 1323.5
1307290 1324.9
1307300 1325.3
1307310 1326.2
1307320 1326.2
1307330 1327.3
1307340 1328.4
1307350 1328.4
1307360 1330.2
1307370 1330.1
1307380 1330.1
1307390 1329.9
1307400 1330.5
1307410 1330.5
1307420 1331.9
1307430 1335.8
1307440 1335.8
1307450 1336.9
1307460 1337.5
1307470 1337.5
1307480 1337.0
1307490 1339.0
1307500 1339.0
1307510 1341.5
1307520 1342.7
1307530 1342.7
1307540 1343.5
1307550 1344.3
1307560 1344.3
1307570 1345.0
1307580 1344.7
1307590 1344.7
1307600 1345.8
1307610 1347.4
1307620 1347.4
1307630 1347.9
1307640 1348.9
1307650 1348.9
1307660 1348.9
1307670 1350.3
1307680 1351.7
1307690 1351.7
1307700 1352.8
1307710 1353.4
1307720 1353.4
1307730 1353.8
1307740 1355.0
1307750 1355.0
1307760 1355.3
1307770 1355.7
1307780 1355.7
1307790 1356.0
1307800 1356.5
1307810 1356.5
1307820 1356.9
1307830 1356.7
1307840 1356.7
1307850 1356.7
1307860 1357.4
1307870 1357.4
1307880 1357.1
1307890 1357.2
1307900 1357.2
1307910 1357.0
1307920 1356.9
1307930 1356.9
1307940 1357.6
1307950 1356.9
1307960 1356.9
1307970 1356.3
1307980 1355.9
1307990 1355.9
1308000 1355.9
1308010 1356.2
1308020 1356.2
1308030 1356.1
1308040 1355.4
1308050 1355.1
1308060 1355.1
1308070 1354.6
1308080 1354.3
1308090 1354.3
1308100 1352.9
1308110 1352.6
1308120 1352.6
1308130 1351.7
1308140 1351.1
1308150 1351.1
1308160 1355.4
1308170 1354.5
1308180 1354.5
1308190 1353.0
1308200 1351.5
1308210 1351.5
1308220 1350.7
1308230 1349.3
1308240 1349.3
1308250 1347.1
1308260 1346.0
1308270 1346.0
1308280 1344.8
1308290 1342.9
1308300 1342.9
1308310 1342.0
1308320 1340.5
1308330 1340.5
1308340 1338.7
1308350 1336.6
1308360 1336.6
1308370 1334.1
1308380 1331.9
1308390 1331.9
1308400 1330.2
1308410 1328.6
1308420 1327.6
1308430 1327.6
1308440 1326.1
1308450 1326.3
1308460 1326.3
1308470 1326.3
1308480 1325.2
1308490 1325.2
1308500 1324.4
1308510 1321.7
1308520 1321.7
1308530 1319.8
1308540 1318.1
1308550 1318.1
1308560 1316.0
1308570 1314.3
1308580 1314.3
1308590 1313.5
1308600 1312.3
1308610 1312.3
1308620 1309.6
1308630 1306.5
1308640 1306.5
1308650 1304.6
1308660 1302.1
1308670 1302.1
1308680 1299.7
1308690 1296.9
1308700 1296.9
1308710 1293.5
1308720 1290.8
1308730 1290.8
1308740 1288.3
1308750 1285.7
1308760 1285.7
1308770 1283.5
1308780 1281.1
1308790 1281.1
1308800 1278.8
1308810 1276.7
1308820 1274.4
1308830 1274.4
1308840 1273.0
1308850 1271.7
1308860 1271.7
1308870 1269.6
1308880 1267.3
1308890 1269.1
1308900 1267.5
1308910 1266.3
1308920 1266.3
1308930 1263.6
1308940 1262.3
1308950 1262.3
1308960 1261.9
1308970 1259.9
1308980 1259.9
1308990 1257.7
1309000 1255.8
1309010 1255.8
1309020 1253.6
1309030 1251.3
1309040 1251.3
1309050 1249.7
1309060 1247.6
1309070 1247.6
1309080 1245.2
1309090 1243.0
1309100 1243.0
1309110 1240.8
1309120 1238.2
1309130 1238.2
1309140 1235.5
1309150 1232.9
1309160 1232.9
1309170 1231.3
1309180 1229.9
1309190 1228.3
1309200 1228.3
1309210 1226.8
1309220 1225.2
1309230 1225.2
1309240 1223.5
1309250 1221.9
1309260 1221.9
1309270 1220.2
1309280 1216.4
1309290 1216.4
1309300 1211.6
1309310 1208.9
1309320 1208.9
1309330 1206.0
1309340 1202.7
1309350 1202.7
1309360 1199.6
1309370 1197.4
1309380 1197.4
1309390 1196.1
1309400 1195.1
1309410 1195.1
1309420 1193.1
1309430 1192.2
1309440 1192.2
1309450 1191.0
1309460 1189.8
1309470 1189.8
1309480 1187.9
1309490 1186.1
1309500 1186.1
1309510 1184.7
1309520 1183.2
1309530 1183.2
1309540 1181.6
1309550 1179.8
1309560 1177.9
1309570 1177.9
1309580 1175.7
1309590 1173.0
1309600 1173.0
1309610 1171.0
1309620 1170.2
1309630 1170.2
1309640 1168.2
1309650 1166.5
1309660 1166.5
1309670 1165.2
1309680 1164.0
1309690 1164.0
1309700 1163.4
1309710 1162.5
1309720 1162.5
1309730 1161.1
1309740 1160.0
1309750 1160.0
1309760 1158.6
1309770 1157.0
1309780 1157.0
1309790 1155.8
1309800 1152.2
1309810 1152.2
1309820 1146.6
1309830 1145.7
1309840 1145.7
1309850 1148.7
1309860 1151.9
1309870 1151.9
1309880 1152.4
1309890 1152.7
1309900 1152.7
1309910 1152.2
1309920 1150.8
1309930 1149.8
1309940 1149.8
1309950 1149.7
1309960 1150.0
1309970 1150.0
1309980 1149.3
1309990 1147.5
1310000 1147.5
1310010 1148.2
1310020 1152.0
1310030 1152.0
1310040 1156.6
1310050 1161.3
1310060 1161.3
1310070 1165.6
1310080 1172.1
1310090 1172.1
1310100 1178.2
1310110 1181.5
1310120 1181.5
1310130 1183.0
1310140 1187.5
1310150 1187.5
1310160 1190.4
1310170 1193.1
1310180 1193.1
1310190 1195.4
1310200 1197.2
1310210 1197.2
1310220 1199.8
1310230 1203.4
1310240 1203.4
1310250 1205.4
1310260 1205.8
1310270 1205.8
1310280 1206.7
1310290 1208.9
1310300 1208.9
1310310 1211.2
1310320 1214.9
1310330 1218.7
1310340 1218.7
1310350 1223.7
1310360 1225.7
1310370 1225.7
1310380 1228.7
1310390 1229.9
1310400 1229.9
1310410 1231.7
1310420 1234.3
1310430 1234.3
1310440 1235.7
1310450 1237.4
1310460 1237.4
1310470 1239.7
1310480 1242.6
1310490 1242.6
1310500 1244.4
1310510 1247.1
1310520 1247.1
1310530 1249.5
1310540 1251.0
1310550 1251.0
1310560 1251.9
1310570 1253.1
1310580 1253.1
1310590 1254.2
1310600 1255.2
1310610 1255.2
1310620 1257.5
1310630 1260.7
1310640 1260.7
1310650 1263.9
1310660 1264.9
1310670 1264.9
1310680 1265.6
1310690 1266.9
1310700 1268.1
1310710 1268.1
1310720 1269.5
1310730 1270.9
1310740 1270.9
1310750 1272.3
1310760 1273.0
1310770 1273.0
1310780 1274.1
1310790 1274.9
1310800 1274.9
1310810 1276.6
1310820 1277.8
1310830 1277.8
1310840 1279.1
1310850 1280.0
1310860 1280.0
1310870 1281.7
1310880 1283.0
1310890 1283.0
1310900 1283.6
1310910 1284.5
1310920 1284.5
1310930 1284.7
1310940 1284.8
1310950 1284.8
1310960 1285.8
1310970 1287.1
1310980 1287.1
1310990 1288.2
1311000 1288.7
1311010 1288.7
1311020 1290.0
1311030 1292.4
1311040 1292.4
1311050 1293.8
1311060 1294.9
1311070 1294.7
1311080 1294.7
1311090 1299.7
1311100 1300.3
1311110 1300.3
1311120 1301.2
1311130 1302.8
1311140 1302.8
1311150 1304.6
1311160 1306.9
1311170 1306.9
1311180 1307.8
1311190 1308.7
1311200 1308.7
1311210 1310.4
1311220 1312.7
1311230 1312.7
1311240 1313.4
1311250 1314.2
1311260 1314.2
1311270 1313.5
1311280 1311.9
1311290 1311.9
1311300 1312.1
1311310 1312.1
1311320 1312.1
1311330 1311.3
1311340 1311.2
1311350 1311.2
1311360 1311.6
1311370 1313.0
1311380 1313.0
1311390 1314.1
1311400 1314.4
1311410 1314.4
1311420 1314.8
1311430 1316.0
1311440 1317.4
1311450 1317.4
1311460 1318.2
1311470 1318.9
1311480 1318.9
1311490 1319.8
1311500 1320.6
1311510 1320.6
1311520 1321.0
1311530 1321.3
1311540 1321.3
1311550 1321.8
1311560 1322.5
1311570 1322.5
1311580 1323.3
1311590 1323.5
1311600 1323.5
1311610 1323.6
1311620 1325.0
1311630 1325.0
1311640 1326.6
1311650 1327.9
1311660 1327.9
1311670 1328.8
1311680 1328.6
1311690 1328.6
1311700 1329.9
1311710 1331.5
1311720 1331.5
1311730 1331.9
1311740 1331.2
1311750 1331.2
1311760 1329.6
1311770 1331.5
1311780 1331.5
1311790 1333.1
1311800 1334.0
1311810 1334.0
1311820 1334.8
1311830 1337.9
1311840 1336.9
1311850 1336.9
1311860 1338.6
1311870 1340.0
1311880 1340.0
1311890 1339.3
1311900 1337.7
1311910 1337.7
1311920 1339.3
1311930 1341.2
1311940 1341.2
1311950 1342.0
1311960 1341.9
1311970 1341.9
1311980 1342.6
1311990 1342.7
1312000 1342.7
1312010 1343.2
1312020 1343.6
1312030 1343.6
1312040 1343.6
1312050 1343.5
1312060 1343.5
1312070 1342.0
1312080 1342.2
1312090 1342.2
1312100 1340.5
1312110 1341.7
1312120 1341.7
1312130 1343.5
1312140 1343.5
1312150 1343.5
1312160 1343.2
1312170 1343.3
1312180 1343.3
1312190 1345.0
1312200 1346.4
1312210 1349.1
1312220 1349.1
1312230 1351.1
1312240 1352.6
1312250 1352.6
1312260 1355.1
1312270 1357.8
1312280 1357.8
1312290 1360.1
1312300 1362.0
1312310 1362.0
1312320 1363.8
1312330 1365.4
1312340 1365.4
1312350 1366.7
1312360 1367.7
1312370 1367.7
1312380 1368.2
1312390 1368.7
1312400 1368.7
1312410 1369.5
1312420 1370.0
1312430 1370.0
1312440 1371.0
1312450 1371.2
1312460 1371.2
1312470 1371.5
1312480 1371.7
1312490 1371.7
1312500 1372.7
1312510 1373.6
1312520 1373.6
1312530 1373.6
1312540 1373.4
1312550 1373.4
1312560 1373.5
1312570 1374.9
1312580 1375.9
1312590 1375.9
1312600 1376.7
1312610 1377.3
1312620 1377.3
1312630 1378.3
1312640 1379.1
1312650 1379.1
1312660 1379.7
1312670 1380.0
1312680 1380.0
1312690 1379.6
1312700 1379.7
1312710 1379.7
1312720 1379.6
1312730 1378.9
1312740 1378.9
1312750 1379.7
1312760 1379.7
1312770 1379.7
1312780 1379.4
1312790 1379.2
1312800 1379.2
1312810 1378.6
1312820 1378.4
1312830 1378.4
1312840 1378.4
1312850 1378.2
1312860 1378.2
1312870 1378.0
1312880 1377.6
1312890 1377.6
1312900 1377.3
1312910 1376.3
1312920 1376.3
1312930 1375.5
1312940 1376.1
1312950 1377.2
1312960 1377.2
1312970 1377.7
1312980 1377.7
1312990 1377.7
1313000 1376.7
1313010 1376.3
1313020 1376.3
1313030 1377.9
1313040 1379.1
1313050 1379.1
1313060 1379.8
1313070 1380.0
1313080 1380.0
1313090 1380.1
1313100 1380.1
1313110 1380.1
1313120 1380.0
1313130 1380.0
1313140 1380.0
1313150 1380.2
1313160 1380.2
1313170 1380.2
1313180 1380.3
1313190 1380.1
1313200 1380.1
1313210 1379.4
1313220 1379.4
1313230 1379.4
1313240 1381.1
1313250 1381.6
1313260 1381.6
1313270 1382.1
1313280 1383.4
1313290 1383.4
1313300 1384.3
1313310 1385.7
1313320 1385.7
1313330 1386.8
1313340 1388.1
1313350 1389.2
1313360 1389.2
1313370 1390.3
1313380 1391.4
1313390 1391.4
1313400 1392.2
1313410 1393.0
1313420 1393.0
1313430 1393.6
1313440 1394.3
1313450 1394.3
1313460 1395.0
1313470 1395.6
1313480 1395.6
1313490 1395.7
1313500 1395.1
1313510 1395.1
1313520 1394.3
1313530 1394.7
1313540 1394.7
1313550 1397.5
1313560 1399.3
1313570 1399.3
1313580 1400.8
1313590 1402.3
1313600 1402.3
1313610 1403.5
1313620 1404.3
1313630 1404.3
1313640 1405.2
1313650 1406.2
1313660 1406.2
1313670 1407.0
1313680 1407.7
1313690 1407.7
1313700 1408.4
1313710 1409.0
1313720 1409.3
1313730 1409.3
1313740 1409.5
1313750 1409.5
1313760 1409.5
1313770 1409.5
1313780 1409.6
1313790 1409.6
1313800 1409.4
1313810 1409.3
1313820 1409.3
1313830 1409.2
1313840 1409.1
1313850 1409.1
1313860 1408.7
1313870 1408.2
1313880 1408.2
1313890 1407.9
1313900 1408.3
1313910 1408.3
1313920 1408.7
1313930 1409.1
1313940 1409.1
1313950 1409.4
1313960 1409.7
1313970 1409.7
1313980 1409.5
1313990 1408.9
1314000 1408.9
1314010 1410.0
1314020 1410.6
1314030 1410.6
1314040 1410.6
1314050 1410.5
1314060 1410.8
1314070 1410.8
1314080 1410.7
1314090 1410.7
1314100 1410.7
1314110 1410.4
1314120 1410.3
1314130 1410.3
1314140 1410.0
1314150 1409.5
1314160 1409.5
1314170 1408.9
1314180 1408.0
1314190 1408.0
1314200 1406.8
1314210 1405.3
1314220 1405.3
1314230 1403.3
1314240 1401.6
1314250 1401.6
1314260 1399.8
1314270 1397.9
1314280 1397.9
1314290 1395.9
1314300 1393.8
1314310 1393.8
1314320 1392.3
1314330 1391.2
1314340 1391.2
1314350 1390.0
1314360 1388.9
1314370 1388.9
1314380 1387.9
1314390 1386.9
1314400 1386.9
1314410 1385.8
1314420 1384.2
1314430 1384.2
1314440 1382.4
1314450 1381.3
1314460 1379.8
1314470 1379.8
1314480 1378.7
1314490 1376.9
1314500 1376.9
1314510 1374.9
1314520 1373.2
1314530 1373.2
1314540 1371.3
1314550 1368.6
1314560 1368.6
1314570 1368.5
1314580 1368.3
1314590 1368.3
1314600 1367.7
1314610 1367.4
1314620 1367.4
1314630 1366.2
1314640 1364.4
1314650 1364.4
1314660 1362.4
1314670 1360.7
1314680 1360.7
1314690 1359.1
1314700 1357.9
1314710 1357.9
1314720 1357.2
1314730 1356.3
1314740 1356.3
1314750 1355.8
1314760 1354.7
1314770 1354.7
1314780 1353.4
1314790 1352.7
1314800 1352.7
1314810 1351.9
1314820 1348.8
1314830 1348.8
1314840 1348.3
1314850 1347.4
1314860 1345.4
1314870 1345.4
1314880 1344.1
1314890 1343.8
1314900 1343.8
1314910 1342.6
1314920 1341.3
1314930 1341.3
1314940 1339.9
1314950 1338.5
1314960 1338.5
1314970 1336.6
1314980 1334.7
1314990 1334.7
1315000 1333.1
1315010 1331.2
1315020 1331.2
1315030 1329.6
1315040 1328.2
1315050 1328.2
1315060 1326.7
1315070 1325.0
1315080 1325.0
1315090 1323.3
1315100 1321.5
1315110 1321.5
1315120 1319.7
1315130 1317.5
1315140 1317.5
1315150 1314.3
1315160 1311.8
1315170 1311.8
1315180 1311.5
1315190 1311.8
1315200 1311.8
1315210 1311.4
1315220 1310.5
1315230 1309.1
1315240 1309.1
1315250 1307.5
1315260 1305.0
1315270 1305.0
1315280 1302.6
1315290 1301.1
1315300 1301.1
1315310 1298.6
1315320 1296.6
1315330 1296.6
1315340 1296.9
1315350 1297.1
1315360 1297.1
1315370 1296.5
1315380 1295.1
1315390 1295.1
1315400 1293.4
1315410 1291.9
1315420 1291.9
1315430 1290.5
1315440 1288.2
1315450 1288.2
1315460 1286.1
1315470 1284.2
1315480 1284.2
1315490 1282.4
1315500 1280.4
1315510 1280.4
1315520 1278.9
1315530 1278.2
1315540 1278.2
1315550 1277.1
1315560 1275.4
1315570 1273.3
1315580 1271.8
1315590 1270.5
1315600 1269.6
1315610 1269.6
1315620 1268.1
1315630 1266.0
1315640 1266.0
1315650 1264.3
1315660 1262.4
1315670 1262.4
1315680 1260.1
1315690 1257.6
1315700 1257.6
1315710 1255.1
1315720 1253.0
1315730 1253.0
1315740 1251.1
1315750 1249.4
1315760 1249.4
1315770 1247.5
1315780 1245.5
1315790 1245.5
1315800 1243.5
1315810 1241.4
1315820 1241.4
1315830 1239.3
1315840 1236.9
1315850 1236.9
1315860 1234.2
1315870 1231.1
1315880 1231.1
1315890 1228.1
1315900 1224.4
1315910 1224.4
1315920 1220.7
1315930 1217.6
1315940 1217.6
1315950 1215.7
1315960 1213.4
1315970 1211.3
1315980 1211.3
1315990 1208.6
1316000 1204.5
1316010 1204.5
1316020 1200.5
1316030 1196.5
1316040 1196.5
1316050 1190.9
1316060 1186.1
1316070 1186.1
1316080 1182.5
1316090 1180.8
1316100 1180.8
1316110 1180.7
1316120 1183.8
1316130 1183.8
1316140 1189.0
1316150 1193.5
1316160 1193.5
1316170 1195.7
1316180 1197.4
1316190 1197.4
1316200 1200.2
1316210 1202.5
1316220 1202.5
1316230 1204.1
1316240 1205.2
1316250 1205.2
1316260 1206.0
1316270 1206.5
1316280 1206.5
1316290 1207.1
1316300 1207.7
1316310 1207.7
1316320 1208.0
1316330 1209.4
1316340 1209.0
1316350 1209.0
1316360 1208.8
1316370 1208.8
1316380 1208.8
1316390 1208.8
1316400 1208.7
1316410 1208.7
1316420 1208.1
1316430 1207.2
1316440 1207.2
1316450 1206.2
1316460 1205.0
1316470 1205.0
1316480 1203.5
1316490 1201.7
1316500 1201.7
1316510 1200.0
1316520 1198.9
1316530 1198.9
1316540 1198.2
1316550 1197.6
1316560 1197.6
1316570 1196.6
1316580 1195.6
1316590 1195.6
1316600 1194.7
1316610 1194.2
1316620 1194.2
1316630 1193.3
1316640 1192.8
1316650 1192.8
1316660 1192.4
1316670 1192.0
1316680 1192.0
1316690 1191.7
1316700 1191.3
1316710 1191.3
1316720 1190.4
1316730 1189.5
1316740 1188.7
1316750 1188.7
1316760 1187.7
1316770 1186.0
1316780 1186.0
1316790 1183.0
1316800 1180.0
1316810 1180.0
1316820 1178.8
1316830 1177.7
1316840 1177.7
1316850 1175.4
1316860 1172.3
1316870 1172.3
1316880 1169.2
1316890 1166.6
1316900 1166.6
1316910 1164.7
1316920 1163.5
1316930 1163.5
1316940 1161.2
1316950 1157.9
1316960 1157.9
1316970 1154.8
1316980 1152.3
1316990 1152.3
1317000 1150.2
1317010 1147.3
1317020 1147.3
1317030 1143.7
1317040 1137.5
1317050 1137.5
1317060 1129.6
1317070 1128.2
1317080 1128.2
1317090 1127.4
1317100 1125.5
1317110 1122.6
1317120 1122.6
1317130 1120.7
1317140 1118.8
1317150 1118.8
1317160 1117.4
1317170 1116.9
1317180 1116.9
1317190 1116.4
1317200 1115.9
1317210 1115.9
1317220 1115.4
1317230 1115.2
1317240 1115.2
1317250 1115.2
1317260 1115.3
1317270 1115.3
1317280 1115.3
1317290 1115.3
1317300 1115.3
1317310 1115.2
1317320 1115.3
1317330 1115.3
1317340 1115.2
1317350 1114.9
1317360 1114.9
1317370 1114.5
1317380 1113.5
1317390 1113.5
1317400 1111.2
1317410 1107.5
1317420 1107.5
1317430 1102.7
1317440 1098.7
1317450 1098.7
1317460 1094.4
1317470 1089.0
1317480 1083.5
1317490 1083.5
1317500 1081.2
1317510 1083.5
1317520 1083.5
1317530 1086.5
1317540 1090.7
1317550 1090.7
1317560 1096.6
1317570 1101.9
1317580 1101.9
1317590 1104.1
1317600 1104.3
1317610 1104.3
1317620 1104.1
1317630 1103.3
1317640 1103.3
1317650 1102.0
1317660 1101.1
1317670 1101.1
1317680 1100.4
1317690 1099.5
1317700 1099.5
1317710 1099.3
1317720 1098.7
1317730 1098.7
1317740 1098.3
1317750 1097.7
1317760 1097.7
1317770 1092.6
1317780 1084.7
1317790 1084.7
1317800 1078.0
1317810 1078.4
1317820 1078.4
1317830 1084.4
1317840 1091.0
1317850 1098.0
1317860 1101.6
1317870 1107.7
1317880 1111.8
1317890 1111.8
1317900 1112.3
1317910 1112.3
1317920 1112.3
1317930 1111.4
1317940 1110.4
1317950 1110.4
1317960 1109.5
1317970 1108.9
1317980 1108.9
1317990 1111.0
1318000 1112.4
1318010 1112.4
1318020 1113.7
1318030 1115.6
1318040 1115.6
1318050 1118.1
1318060 1120.1
1318070 1120.1
1318080 1121.8
1318090 1123.1
1318100 1123.1
1318110 1124.8
1318120 1126.1
1318130 1126.1
1318140 1126.0
1318150 1125.9
1318160 1125.9
1318170 1126.5
1318180 1126.4
1318190 1126.4
1318200 1122.9
1318210 1121.6
1318220 1121.6
1318230 1126.8
1318240 1133.8
1318250 1139.5
1318260 1139.5
1318270 1143.5
1318280 1145.5
1318290 1145.5
1318300 1144.3
1318310 1139.2
1318320 1139.2
1318330 1133.7
1318340 1129.4
1318350 1129.4
1318360 1126.4
1318370 1123.6
1318380 1123.6
1318390 1120.3
1318400 1117.7
1318410 1117.7
1318420 1115.7
1318430 1113.7
1318440 1113.7
1318450 1112.5
1318460 1111.3
1318470 1111.3
1318480 1110.5
1318490 1110.2
1318500 1110.2
1318510 1110.8
1318520 1111.2
1318530 1111.2
1318540 1112.4
1318550 1114.7
1318560 1114.7
1318570 1117.7
1318580 1120.8
1318590 1120.8
1318600 1123.7
1318610 1126.0
1318620 1127.6
1318630 1130.4
1318640 1131.4
1318650 1129.8
1318660 1129.8
1318670 1125.9
1318680 1122.9
1318690 1122.9
1318700 1122.3
1318710 1121.6
1318720 1121.6
1318730 1119.0
1318740 1118.8
1318750 1118.8
1318760 1118.2
1318770 1118.0
1318780 1118.0
1318790 1117.5
1318800 1116.9
1318810 1116.9
1318820 1116.0
1318830 1115.1
1318840 1115.1
1318850 1112.4
1318860 1112.3
1318870 1112.3
1318880 1115.1
1318890 1118.8
1318900 1118.8
1318910 1121.7
1318920 1123.4
1318930 1123.4
1318940 1124.6
1318950 1127.9
1318960 1127.9
1318970 1132.2
1318980 1134.2
1318990 1136.7
1319000 1136.7
1319010 1137.9
1319020 1139.3
1319030 1139.3
1319040 1141.1
1319050 1142.7
1319060 1142.7
1319070 1145.3
1319080 1147.4
1319090 1147.4
1319100 1148.7
1319110 1151.4
1319120 1151.4
1319130 1152.2
1319140 1153.2
1319150 1153.2
1319160 1153.1
1319170 1153.8
1319180 1153.8
1319190 1154.3
1319200 1154.2
1319210 1154.2
1319220 1153.9
1319230 1153.9
1319240 1153.9
1319250 1153.5
1319260 1152.0
1319270 1152.0
1319280 1149.6
1319290 1147.5
1319300 1147.5
1319310 1145.8
1319320 1143.1
1319330 1143.1
1319340 1139.0
1319350 1135.4
1319360 1132.3
1319370 1132.3
1319380 1128.8
1319390 1124.2
1319400 1124.2
1319410 1125.8
1319420 1124.6
1319430 1124.6
1319440 1124.2
1319450 1122.5
1319460 1122.5
1319470 1127.2
1319480 1134.8
1319490 1134.8
1319500 1141.2
1319510 1148.6
1319520 1148.6
1319530 1155.7
1319540 1162.4
1319550 1162.4
1319560 1169.5
1319570 1176.3
1319580 1176.3
1319590 1183.3
1319600 1190.2
1319610 1190.2
1319620 1196.5
1319630 1202.5
1319640 1202.5
1319650 1208.3
1319660 1213.8
1319670 1213.8
1319680 1219.1
1319690 1224.1
1319700 1224.1
1319710 1229.0
1319720 1233.7
1319730 1238.1
1319740 1238.1
1319750 1241.8
1319760 1244.8
1319770 1244.8
1319780 1246.5
1319790 1247.4
1319800 1247.4
1319810 1245.7
1319820 1241.5
1319830 1241.5
1319840 1236.0
1319850 1230.0
1319860 1230.0
1319870 1225.3
1319880 1221.7
1319890 1221.7
1319900 1217.6
1319910 1214.8
1319920 1214.8
1319930 1213.1
1319940 1209.9
1319950 1209.9
1319960 1209.9
1319970 1208.9
1319980 1208.9
1319990 1208.4
