1300000 1269.5
1300010 1269.5
1300020 1275.8
1300030 1281.9
1300040 1281.9
1300050 1287.4
1300060 1292.9
1300070 1292.9
1300080 1297.6
1300090 1300.7
1300100 1300.7
1300110 1305.3
1300120 1311.6
1300130 1310.7
1300140 1316.5
1300150 1322.9
1300160 1322.9
1300170 1330.2
1300180 1338.0
1300190 1338.0
1300200 1345.0
1300210 1348.9
1300220 1348.9
1300230 1352.3
1300240 1355.5
1300250 1355.5
1300260 1359.0
1300270 1362.4
1300280 1362.4
1300290 1365.5
1300300 1368.8
1300310 1368.8
1300320 1372.6
1300330 1376.9
1300340 1376.9
1300350 1381.7
1300360 1386.0
1300370 1386.0
1300380 1389.8
1300390 1393.8
1300400 1397.5
1300410 1397.5
1300420 1401.6
1300430 1404.5
1300440 1404.5
1300450 1405.0
1300460 1407.0
1300470 1407.0
1300480 1410.9
1300490 1413.9
1300500 1413.9
1300510 1415.9
1300520 1416.3
1300530 1416.3
1300540 1416.4
1300550 1415.6
1300560 1415.6
1300570 1412.8
1300580 1409.3
1300590 1409.3
1300600 1406.4
1300610 1404.4
1300620 1404.4
1300630 1402.9
1300640 1401.6
1300650 1401.6
1300660 1398.1
1300670 1394.0
1300680 1394.0
1300690 1392.0
1300700 1391.4
1300710 1391.4
1300720 1390.1
1300730 1385.6
1300740 1385.6
1300750 1379.8
1300760 1374.0
1300770 1368.6
1300780 1368.6
1300790 1363.3
1300800 1358.7
1300810 1358.7
1300820 1354.5
1300830 1354.1
1300840 1354.1
1300850 1347.8
1300860 1342.5
1300870 1342.5
1300880 1338.1
1300890 1334.6
1300900 1334.6
1300910 1336.1
1300920 1338.4
1300930 1338.4
1300940 1335.4
1300950 1330.6
1300960 1330.6
1300970 1325.7
1300980 1320.7
1300990 1320.7
1301000 1314.5
1301010 1309.6
1301020 1309.6
1301030 1308.9
1301040 1306.5
1301050 1306.5
1301060 1303.1
1301070 1299.7
1301080 1299.7
1301090 1295.2
1301100 1291.4
1301110 1291.4
1301120 1287.4
1301130 1282.3
1301140 1279.0
1301150 1279.0
1301160 1276.8
1301170 1275.3
1301180 1275.3
1301190 1274.0
1301200 1272.3
1301210 1272.3
1301220 1269.9
1301230 1267.3
1301240 1267.3
1301250 1265.6
1301260 1263.3
1301270 1263.3
1301280 1260.6
1301290 1256.3
1301300 1256.3
1301310 1252.6
1301320 1246.7
1301330 1246.7
1301340 1241.2
1301350 1237.1
1301360 1237.1
1301370 1234.6
1301380 1233.1
1301390 1233.1
1301400 1231.1
1301410 1227.8
1301420 1227.8
1301430 1223.8
1301440 1219.9
1301450 1219.9
1301460 1216.4
1301470 1213.5
1301480 1213.5
1301490 1209.9
1301500 1205.6
1301510 1205.6
1301520 1200.0
1301530 1201.9
1301540 1197.7
1301550 1197.7
1301560 1195.5
1301570 1193.5
1301580 1193.5
1301590 1190.1
1301600 1185.6
1301610 1185.6
1301620 1178.0
1301630 1172.2
1301640 1172.2
1301650 1168.1
1301660 1163.1
1301670 1163.1
1301680 1158.2
1301690 1153.8
1301700 1153.8
1301710 1150.6
1301720 1147.9
1301730 1147.9
1301740 1143.7
1301750 1139.7
1301760 1139.7
1301770 1135.0
1301780 1129.6
1301790 1129.6
1301800 1124.2
1301810 1119.9
1301820 1119.9
1301830 1116.6
1301840 1113.7
1301850 1113.7
1301860 1109.5
1301870 1105.2
1301880 1105.2
1301890 1100.3
1301900 1099.7
1301910 1104.5
1301920 1104.5
1301930 1110.7
1301940 1117.8
1301950 1117.8
1301960 1123.5
1301970 1127.5
1301980 1127.5
1301990 1129.9
1302000 1130.4
1302010 1130.4
1302020 1130.1
1302030 1129.0
1302040 1129.0
1302050 1127.1
1302060 1124.8
1302070 1124.8
1302080 1122.2
1302090 1118.5
1302100 1118.5
1302110 1114.3
1302120 1111.1
1302130 1111.1
1302140 1108.8
1302150 1106.5
1302160 1106.5
1302170 1106.7
1302180 1107.5
1302190 1107.5
1302200 1107.6
1302210 1107.2
1302220 1107.2
1302230 1102.4
1302240 1097.7
1302250 1097.7
1302260 1095.6
1302270 1099.9
1302280 1103.5
1302290 1103.5
1302300 1100.3
1302310 1095.3
1302320 1095.3
1302330 1092.3
1302340 1092.4
1302350 1092.4
1302360 1091.4
1302370 1092.0
1302380 1092.0
1302390 1093.3
1302400 1095.3
1302410 1095.3
1302420 1096.0
1302430 1097.5
1302440 1097.5
1302450 1100.6
1302460 1105.2
1302470 1105.2
1302480 1108.6
1302490 1110.6
1302500 1110.6
1302510 1113.7
1302520 1119.6
1302530 1119.6
1302540 1124.3
1302550 1128.0
1302560 1128.0
1302570 1130.2
1302580 1131.7
1302590 1131.7
1302600 1133.0
1302610 1134.1
1302620 1134.1
1302630 1134.4
1302640 1134.5
1302650 1134.5
1302660 1134.4
1302670 1133.9
1302680 1132.7
1302690 1132.7
1302700 1130.8
1302710 1129.0
1302720 1129.0
1302730 1126.9
1302740 1125.1
1302750 1125.1
1302760 1123.1
1302770 1124.2
1302780 1124.2
1302790 1123.9
1302800 1123.6
1302810 1123.6
1302820 1123.4
1302830 1122.9
1302840 1122.9
1302850 1123.1
1302860 1123.5
1302870 1123.5
1302880 1123.1
1302890 1124.2
1302900 1124.2
1302910 1125.0
1302920 1125.3
1302930 1121.9
1302940 1121.6
1302950 1120.7
1302960 1120.7
1302970 1119.3
1302980 1117.6
1302990 1117.6
1303000 1115.9
1303010 1114.6
1303020 1114.6
1303030 1113.8
1303040 1113.1
1303050 1111.8
1303060 1111.8
1303070 1110.3
1303080 1108.1
1303090 1108.1
1303100 1104.2
1303110 1100.0
1303120 1100.0
1303130 1095.8
1303140 1092.2
1303150 1092.2
1303160 1088.1
1303170 1084.3
1303180 1084.3
1303190 1080.7
1303200 1077.7
1303210 1077.7
1303220 1075.2
1303230 1073.1
1303240 1073.1
1303250 1070.8
1303260 1071.0
1303270 1071.0
1303280 1067.2
1303290 1065.4
1303300 1065.4
1303310 1064.5
1303320 1063.6
1303330 1063.6
1303340 1062.3
1303350 1060.3
1303360 1060.3
1303370 1058.7
1303380 1057.7
1303390 1057.7
1303400 1056.8
1303410 1055.3
1303420 1054.8
1303430 1054.8
1303440 1055.3
1303450 1054.6
1303460 1054.6
1303470 1053.2
1303480 1051.3
1303490 1051.3
1303500 1049.1
1303510 1047.1
1303520 1047.1
1303530 1045.3
1303540 1045.3
1303550 1045.3
1303560 1045.6
1303570 1045.0
1303580 1045.0
1303590 1045.5
1303600 1048.2
1303610 1048.2
1303620 1052.5
1303630 1050.8
1303640 1045.5
1303650 1045.7
1303660 1045.5
1303670 1045.5
1303680 1044.8
1303690 1044.3
1303700 1044.3
1303710 1045.3
1303720 1047.7
1303730 1047.7
1303740 1049.8
1303750 1051.0
1303760 1051.0
1303770 1052.8
1303780 1056.1
1303790 1056.1
1303800 1057.0
1303810 1057.0
1303820 1056.7
1303830 1056.7
1303840 1056.7
1303850 1058.8
1303860 1058.8
1303870 1062.2
1303880 1064.3
1303890 1064.3
1303900 1064.9
1303910 1062.0
1303920 1062.0
1303930 1059.9
1303940 1059.9
1303950 1059.9
1303960 1059.0
1303970 1058.2
1303980 1058.2
1303990 1057.3
1304000 1057.2
1304010 1057.2
1304020 1058.5
1304030 1058.7
1304040 1058.7
1304050 1053.5
1304060 1049.0
1304070 1049.0
1304080 1050.8
1304090 1056.7
1304100 1056.7
1304110 1061.9
1304120 1061.6
1304130 1061.6
1304140 1051.6
1304150 1047.8
1304160 1047.8
1304170 1046.7
1304180 1046.8
1304190 1048.4
1304200 1048.4
1304210 1049.8
1304220 1050.8
1304230 1050.8
1304240 1064.2
1304250 1086.0
1304260 1086.0
1304270 1088.3
1304280 1087.6
1304290 1087.6
1304300 1082.5
1304310 1079.1
1304320 1079.1
1304330 1081.3
1304340 1089.6
1304350 1098.1
1304360 1100.8
1304370 1102.2
1304380 1102.2
1304390 1102.2
1304400 1099.0
1304410 1099.0
1304420 1094.0
1304430 1086.9
1304440 1086.9
1304450 1081.6
1304460 1080.2
1304470 1080.2
1304480 1080.3
1304490 1081.2
1304500 1081.2
1304510 1081.3
1304520 1082.6
1304530 1082.6
1304540 1084.8
1304550 1087.6
1304560 1089.8
1304570 1089.8
1304580 1091.9
1304590 1096.8
1304600 1096.8
1304610 1099.5
1304620 1100.2
1304630 1100.2
1304640 1102.9
1304650 1105.5
1304660 1105.5
1304670 1108.8
1304680 1116.2
1304690 1116.2
1304700 1120.9
1304710 1124.7
1304720 1124.7
1304730 1127.9
1304740 1129.9
1304750 1129.9
1304760 1132.2
1304770 1135.4
1304780 1135.4
1304790 1136.6
1304800 1136.7
1304810 1136.7
1304820 1137.8
1304830 1139.9
1304840 1139.9
1304850 1141.9
1304860 1143.5
1304870 1143.5
1304880 1144.1
1304890 1143.4
1304900 1143.4
1304910 1140.9
1304920 1138.1
1304930 1138.1
1304940 1137.9
1304950 1139.0
1304960 1140.6
1304970 1140.6
1304980 1142.0
1304990 1143.9
1305000 1143.9
1305010 1146.1
1305020 1147.9
1305030 1147.9
1305040 1149.6
1305050 1151.2
1305060 1145.4
1305070 1146.6
1305080 1147.8
1305090 1147.8
1305100 1148.7
1305110 1149.1
1305120 1149.1
1305130 1149.3
1305140 1148.8
1305150 1148.8
1305160 1147.7
1305170 1145.4
1305180 1145.4
1305190 1143.1
1305200 1142.6
1305210 1142.6
1305220 1142.4
1305230 1143.4
1305240 1143.4
1305250 1144.4
1305260 1145.5
1305270 1145.5
1305280 1148.1
1305290 1149.2
1305300 1149.2
1305310 1150.4
1305320 1152.3
1305330 1152.0
1305340 1152.0
1305350 1150.6
1305360 1149.6
1305370 1149.6
1305380 1148.4
1305390 1148.8
1305400 1148.8
1305410 1151.0
1305420 1154.0
1305430 1154.0
1305440 1151.3
1305450 1144.6
1305460 1144.6
1305470 1139.3
1305480 1137.6
1305490 1137.6
1305500 1143.1
1305510 1144.8
1305520 1144.8
1305530 1145.4
1305540 1146.0
1305550 1146.0
1305560 1146.7
1305570 1147.6
1305580 1147.6
1305590 1148.4
1305600 1150.0
1305610 1150.0
1305620 1153.0
1305630 1155.9
1305640 1155.9
1305650 1160.4
1305660 1161.0
1305670 1161.0
1305680 1157.3
1305690 1157.1
1305700 1160.4
1305710 1160.4
1305720 1162.7
1305730 1163.3
1305740 1163.3
1305750 1164.5
1305760 1167.3
1305770 1164.4
1305780 1166.4
1305790 1167.5
1305800 1167.5
1305810 1168.4
1305820 1168.1
1305830 1168.1
1305840 1168.4
1305850 1169.1
1305860 1169.1
1305870 1170.2
1305880 1171.5
1305890 1171.5
1305900 1172.8
1305910 1174.4
1305920 1174.4
1305930 1174.8
1305940 1174.7
1305950 1174.7
1305960 1175.4
1305970 1176.6
1305980 1176.6
1305990 1177.4
1306000 1178.8
1306010 1178.8
1306020 1180.4
1306030 1181.2
1306040 1181.2
1306050 1183.0
1306060 1185.0
1306070 1185.0
1306080 1186.4
1306090 1187.6
1306100 1188.6
1306110 1188.6
1306120 1190.3
1306130 1190.7
1306140 1190.7
1306150 1192.6
1306160 1194.4
1306170 1194.4
1306180 1195.1
1306190 1197.4
1306200 1197.4
1306210 1198.3
1306220 1198.0
1306230 1198.0
1306240 1198.7
1306250 1200.4
1306260 1200.4
1306270 1202.4
1306280 1203.4
1306290 1203.4
1306300 1204.3
1306310 1204.6
1306320 1204.6
1306330 1204.5
1306340 1205.4
1306350 1205.4
1306360 1206.8
1306370 1208.5
1306380 1208.5
1306390 1210.4
1306400 1211.8
1306410 1211.8
1306420 1213.1
1306430 1214.5
1306440 1214.5
1306450 1215.7
1306460 1216.4
1306470 1217.1
1306480 1217.1
1306490 1215.7
1306500 1216.6
1306510 1216.6
1306520 1217.7
1306530 1220.7
1306540 1220.7
1306550 1222.7
1306560 1224.0
1306570 1224.0
1306580 1225.3
1306590 1226.5
1306600 1226.5
1306610 1228.2
1306620 1229.6
1306630 1229.6
1306640 1230.4
1306650 1231.0
1306660 1231.0
1306670 1231.8
1306680 1233.4
1306690 1233.4
1306700 1234.7
1306710 1235.7
1306720 1235.7
1306730 1236.2
1306740 1236.1
1306750 1236.1
1306760 1236.8
1306770 1237.0
1306780 1237.0
1306790 1237.2
1306800 1238.6
1306810 1238.6
1306820 1240.5
1306830 1241.9
1306840 1243.1
1306850 1243.1
1306860 1244.5
1306870 1245.9
1306880 1245.9
1306890 1247.3
1306900 1248.5
1306910 1248.5
1306920 1250.0
1306930 1251.8
1306940 1251.8
1306950 1251.1
1306960 1251.6
1306970 1251.6
1306980 1252.5
1306990 1252.8
1307000 1252.8
1307010 1252.8
1307020 1253.1
1307030 1253.1
1307040 1253.8
1307050 1254.6
1307060 1254.6
1307070 1255.3
1307080 1256.0
1307090 1256.0
1307100 1256.8
1307110 1257.5
1307120 1257.5
1307130 1259.2
1307140 1261.2
1307150 1261.2
1307160 1263.5
1307170 1265.7
1307180 1265.7
1307190 1267.1
1307200 1268.0
1307210 1265.3
1307220 1268.2
1307230 1270.7
1307240 1273.3
1307250 1273.3
1307260 1275.9
1307270 1277.4
1307280 1277.4
1307290 1278.6
1307300 1280.0
1307310 1280.0
1307320 1281.6
1307330 1283.4
1307340 1283.4
1307350 1284.6
1307360 1286.0
1307370 1286.0
1307380 1287.7
1307390 1289.2
1307400 1289.2
1307410 1290.4
1307420 1291.7
1307430 1291.7
1307440 1294.1
1307450 1296.0
1307460 1296.0
1307470 1297.3
1307480 1296.5
1307490 1296.5
1307500 1295.6
1307510 1296.7
1307520 1296.7
1307530 1298.3
1307540 1299.3
1307550 1299.3
1307560 1300.1
1307570 1302.2
1307580 1302.2
1307590 1303.5
1307600 1304.3
1307610 1304.9
1307620 1304.9
1307630 1302.1
1307640 1299.7
1307650 1299.7
1307660 1303.0
1307670 1305.5
1307680 1305.5
1307690 1306.7
1307700 1307.4
1307710 1307.4
1307720 1307.9
1307730 1308.5
1307740 1308.5
1307750 1308.8
1307760 1309.1
1307770 1309.1
1307780 1309.1
1307790 1309.2
1307800 1309.2
1307810 1309.7
1307820 1308.4
1307830 1308.4
1307840 1310.1
1307850 1310.0
1307860 1310.0
1307870 1309.8
1307880 1309.0
1307890 1309.0
1307900 1308.6
1307910 1308.4
1307920 1308.4
1307930 1304.1
1307940 1301.4
1307950 1301.4
1307960 1300.1
1307970 1300.7
1307980 1300.1
1307990 1300.1
1308000 1298.7
1308010 1297.2
1308020 1297.2
1308030 1296.2
1308040 1295.7
1308050 1295.7
1308060 1294.7
1308070 1293.6
1308080 1293.6
1308090 1292.3
1308100 1291.3
1308110 1291.3
1308120 1290.2
1308130 1288.5
1308140 1288.5
1308150 1286.4
1308160 1284.9
1308170 1284.9
1308180 1282.6
1308190 1282.1
1308200 1282.1
1308210 1282.1
1308220 1280.1
1308230 1280.1
1308240 1277.9
1308250 1277.6
1308260 1277.6
1308270 1278.0
1308280 1277.3
1308290 1277.3
1308300 1277.0
1308310 1276.4
1308320 1276.4
1308330 1275.0
1308340 1273.4
1308350 1270.5
1308360 1270.5
1308370 1265.3
1308380 1258.3
1308390 1258.3
1308400 1254.4
1308410 1259.0
1308420 1259.0
1308430 1262.4
1308440 1265.2
1308450 1265.2
1308460 1265.9
1308470 1266.0
1308480 1266.0
1308490 1265.8
1308500 1265.5
1308510 1265.5
1308520 1264.9
1308530 1264.2
1308540 1264.2
1308550 1263.0
1308560 1262.2
1308570 1262.2
1308580 1261.7
1308590 1260.9
1308600 1260.9
1308610 1259.4
1308620 1257.9
1308630 1257.9
1308640 1255.5
1308650 1253.3
1308660 1250.8
1308670 1249.0
1308680 1247.6
1308690 1247.6
1308700 1246.0
1308710 1244.7
1308720 1244.7
1308730 1243.6
1308740 1242.5
1308750 1241.6
1308760 1241.6
1308770 1241.2
1308780 1241.0
1308790 1241.0
1308800 1241.0
1308810 1240.6
1308820 1240.6
1308830 1239.8
1308840 1238.9
1308850 1238.9
1308860 1237.8
1308870 1236.1
1308880 1236.1
1308890 1234.3
1308900 1232.4
1308910 1232.4
1308920 1230.3
1308930 1228.7
1308940 1228.7
1308950 1227.0
1308960 1222.1
1308970 1222.1
1308980 1217.2
1308990 1215.1
1309000 1215.1
1309010 1216.1
1309020 1219.5
1309030 1219.5
1309040 1220.4
1309050 1222.8
1309060 1222.8
1309070 1226.5
1309080 1227.6
1309090 1227.6
1309100 1227.3
1309110 1226.6
1309120 1225.8
1309130 1225.8
1309140 1225.0
1309150 1224.2
1309160 1224.2
1309170 1223.2
1309180 1222.6
1309190 1222.6
1309200 1222.8
1309210 1222.8
1309220 1222.8
1309230 1223.4
1309240 1224.7
1309250 1224.7
1309260 1226.5
1309270 1228.6
1309280 1228.6
1309290 1231.1
1309300 1233.8
1309310 1233.8
1309320 1235.8
1309330 1237.2
1309340 1237.2
1309350 1237.5
1309360 1237.7
1309370 1237.7
1309380 1238.7
1309390 1233.6
1309400 1233.6
1309410 1234.1
1309420 1234.3
1309430 1234.3
1309440 1235.2
1309450 1236.5
1309460 1236.5
1309470 1236.6
1309480 1234.5
1309490 1235.5
1309500 1235.5
1309510 1237.7
1309520 1238.9
1309530 1238.9
1309540 1239.4
1309550 1238.7
1309560 1238.7
1309570 1237.6
1309580 1239.0
1309590 1239.0
1309600 1240.9
1309610 1242.3
1309620 1242.3
1309630 1243.1
1309640 1243.4
1309650 1243.4
1309660 1243.0
1309670 1242.8
1309680 1242.8
1309690 1244.7
1309700 1247.2
1309710 1247.2
1309720 1248.7
1309730 1249.6
1309740 1249.6
1309750 1250.0
1309760 1249.6
1309770 1249.6
1309780 1248.6
1309790 1247.4
1309800 1247.4
1309810 1246.3
1309820 1246.5
1309830 1246.5
1309840 1246.3
1309850 1246.2
1309860 1246.2
1309870 1245.8
1309880 1245.2
1309890 1243.1
1309900 1243.1
1309910 1238.6
1309920 1232.8
1309930 1232.8
1309940 1228.8
1309950 1226.4
1309960 1226.4
1309970 1224.0
1309980 1222.5
1309990 1222.5
1310000 1221.7
1310010 1224.8
1310020 1224.8
1310030 1229.3
1310040 1233.5
1310050 1233.5
1310060 1236.1
1310070 1239.2
1310080 1239.2
1310090 1242.9
1310100 1246.5
1310110 1246.5
1310120 1247.7
1310130 1249.5
1310140 1249.5
1310150 1250.5
1310160 1251.2
1310170 1251.2
1310180 1251.4
1310190 1251.4
1310200 1251.4
1310210 1251.1
1310220 1251.2
1310230 1251.2
1310240 1251.1
1310250 1250.9
1310260 1250.4
1310270 1250.4
1310280 1249.5
1310290 1247.2
1310300 1247.2
1310310 1242.5
1310320 1240.3
1310330 1240.3
1310340 1240.6
1310350 1240.7
1310360 1240.7
1310370 1239.1
1310380 1236.0
1310390 1236.0
1310400 1233.1
1310410 1229.4
1310420 1229.4
1310430 1226.7
1310440 1226.9
1310450 1226.9
1310460 1228.5
1310470 1228.2
1310480 1228.2
1310490 1227.5
1310500 1227.3
1310510 1227.3
1310520 1226.5
1310530 1226.0
1310540 1226.0
1310550 1226.5
1310560 1227.4
1310570 1227.4
1310580 1229.2
1310590 1230.2
1310600 1230.2
1310610 1230.7
1310620 1232.3
1310630 1235.1
1310640 1235.1
1310650 1237.3
1310660 1239.0
1310670 1239.0
1310680 1240.5
1310690 1241.7
1310700 1241.7
1310710 1242.7
1310720 1242.9
1310730 1242.9
1310740 1240.8
1310750 1235.0
1310760 1235.0
1310770 1231.0
1310780 1233.9
1310790 1233.9
1310800 1239.2
1310810 1244.5
1310820 1244.5
1310830 1247.1
1310840 1247.7
1310850 1247.7
1310860 1240.1
1310870 1236.7
1310880 1236.7
1310890 1233.3
1310900 1231.8
1310910 1231.8
1310920 1229.3
1310930 1229.5
1310940 1229.5
1310950 1230.1
1310960 1233.0
1310970 1233.0
1310980 1234.8
1310990 1232.6
1311000 1232.6
1311010 1234.9
1311020 1236.4
1311030 1238.3
1311040 1238.3
1311050 1238.6
1311060 1239.6
1311070 1239.6
1311080 1238.6
1311090 1235.6
1311100 1235.6
1311110 1231.0
1311120 1225.6
1311130 1225.6
1311140 1230.6
1311150 1239.2
1311160 1239.2
1311170 1242.2
1311180 1242.5
1311190 1242.5
1311200 1241.3
1311210 1239.6
1311220 1239.6
1311230 1239.0
1311240 1235.4
1311250 1235.4
1311260 1233.4
1311270 1231.8
1311280 1231.8
1311290 1230.6
1311300 1229.5
1311310 1229.5
1311320 1227.2
1311330 1231.5
1311340 1231.5
1311350 1232.9
1311360 1232.5
1311370 1232.5
1311380 1232.5
1311390 1232.7
1311400 1233.3
1311410 1233.3
1311420 1234.1
1311430 1235.3
1311440 1235.3
1311450 1235.8
1311460 1236.5
1311470 1236.5
1311480 1237.9
1311490 1239.7
1311500 1239.7
1311510 1241.1
1311520 1240.3
1311530 1240.3
1311540 1236.5
1311550 1236.3
1311560 1236.3
1311570 1233.0
1311580 1231.0
1311590 1231.0
1311600 1228.5
1311610 1229.0
1311620 1229.0
1311630 1229.8
1311640 1232.3
1311650 1232.3
1311660 1233.2
1311670 1234.6
1311680 1234.6
1311690 1235.5
1311700 1235.8
1311710 1235.8
1311720 1236.9
1311730 1238.7
1311740 1238.7
1311750 1241.1
1311760 1243.8
1311770 1244.8
1311780 1244.8
1311790 1243.4
1311800 1242.5
1311810 1242.5
1311820 1243.0
1311830 1242.8
1311840 1242.8
1311850 1244.3
1311860 1247.0
1311870 1247.0
1311880 1248.5
1311890 1247.7
1311900 1247.7
1311910 1248.5
1311920 1249.9
1311930 1249.9
1311940 1251.3
1311950 1251.8
1311960 1251.8
1311970 1251.6
1311980 1251.4
1311990 1251.4
1312000 1252.9
1312010 1255.3
1312020 1255.3
1312030 1257.3
1312040 1256.9
1312050 1256.9
1312060 1257.1
1312070 1261.5
1312080 1261.5
1312090 1266.6
1312100 1269.4
1312110 1269.4
1312120 1270.6
1312130 1271.5
1312140 1271.5
1312150 1272.9
1312160 1274.2
1312170 1276.0
1312180 1276.0
1312190 1278.4
1312200 1281.8
1312210 1281.8
1312220 1284.5
1312230 1287.4
1312240 1287.4
1312250 1291.3
1312260 1293.6
1312270 1293.6
1312280 1296.2
1312290 1299.6
1312300 1299.6
1312310 1302.5
1312320 1304.3
1312330 1304.3
1312340 1308.4
1312350 1310.0
1312360 1310.0
1312370 1310.5
1312380 1311.8
1312390 1311.8
1312400 1315.4
1312410 1318.7
1312420 1318.7
1312430 1321.5
1312440 1323.8
1312450 1323.8
1312460 1325.7
1312470 1327.4
1312480 1327.4
1312490 1329.4
1312500 1331.3
1312510 1331.3
1312520 1333.4
1312530 1335.4
1312540 1337.1
1312550 1337.1
1312560 1339.1
1312570 1341.3
1312580 1341.3
1312590 1342.9
1312600 1342.9
1312610 1342.9
1312620 1341.9
1312630 1341.4
1312640 1341.4
1312650 1340.0
1312660 1340.8
1312670 1340.8
1312680 1340.2
1312690 1335.1
1312700 1335.1
1312710 1331.0
1312720 1330.2
1312730 1330.2
1312740 1331.2
1312750 1332.3
1312760 1332.3
1312770 1332.7
1312780 1333.1
1312790 1333.1
1312800 1334.1
1312810 1335.9
1312820 1335.9
1312830 1337.9
1312840 1340.3
1312850 1340.3
1312860 1342.1
1312870 1343.5
1312880 1343.5
1312890 1344.9
1312900 1346.5
1312910 1348.1
1312920 1348.1
1312930 1350.2
1312940 1351.0
1312950 1351.0
1312960 1352.1
1312970 1353.3
1312980 1353.3
1312990 1354.9
1313000 1357.1
1313010 1357.1
1313020 1359.6
1313030 1362.0
1313040 1362.0
1313050 1364.4
1313060 1366.5
1313070 1366.5
1313080 1366.1
1313090 1367.1
1313100 1367.1
1313110 1366.9
1313120 1366.6
1313130 1366.6
1313140 1369.5
1313150 1371.6
1313160 1371.6
1313170 1372.8
1313180 1373.4
1313190 1373.4
1313200 1373.9
1313210 1375.2
1313220 1375.2
1313230 1376.3
1313240 1377.9
1313250 1377.9
1313260 1379.7
1313270 1381.3
1313280 1383.1
1313290 1383.1
1313300 1384.5
1313310 1384.6
1313320 1384.6
1313330 1381.4
1313340 1384.3
1313350 1384.3
1313360 1386.8
1313370 1388.5
1313380 1388.5
1313390 1390.1
1313400 1391.3
1313410 1391.3
1313420 1392.8
1313430 1394.3
1313440 1394.3
1313450 1395.8
1313460 1397.1
1313470 1397.1
1313480 1398.5
1313490 1399.8
1313500 1399.8
1313510 1401.0
1313520 1402.2
1313530 1402.2
1313540 1403.5
1313550 1404.8
1313560 1404.8
1313570 1406.1
1313580 1407.3
1313590 1407.3
1313600 1408.0
1313610 1408.9
1313620 1408.9
1313630 1409.8
1313640 1410.5
1313650 1410.5
1313660 1411.4
1313670 1412.1
1313680 1412.7
1313690 1412.7
1313700 1413.5
1313710 1414.0
1313720 1414.0
1313730 1414.2
1313740 1414.1
1313750 1414.1
1313760 1413.9
1313770 1413.6
1313780 1413.6
1313790 1412.9
1313800 1412.4
1313810 1412.4
1313820 1412.2
1313830 1411.7
1313840 1411.7
1313850 1410.9
1313860 1410.0
1313870 1410.0
1313880 1408.9
1313890 1407.6
1313900 1407.6
1313910 1405.8
1313920 1404.3
1313930 1404.3
1313940 1402.7
1313950 1401.0
1313960 1401.0
1313970 1399.4
1313980 1397.6
1313990 1397.6
1314000 1395.4
1314010 1392.7
1314020 1392.7
1314030 1390.5
1314040 1390.3
1314050 1389.4
1314060 1389.4
1314070 1387.3
1314080 1389.1
1314090 1389.1
1314100 1389.8
1314110 1389.9
1314120 1389.9
1314130 1390.4
1314140 1391.0
1314150 1391.0
1314160 1391.1
1314170 1391.0
1314180 1391.0
1314190 1390.5
1314200 1389.7
1314210 1389.7
1314220 1388.7
1314230 1387.5
1314240 1387.5
1314250 1386.2
1314260 1384.6
1314270 1384.6
1314280 1382.9
1314290 1381.1
1314300 1381.1
1314310 1379.2
1314320 1377.3
1314330 1377.3
1314340 1375.4
1314350 1373.2
1314360 1373.2
1314370 1371.6
1314380 1371.2
1314390 1371.2
1314400 1370.3
1314410 1369.2
1314420 1367.6
1314430 1367.6
1314440 1365.7
1314450 1364.0
1314460 1364.0
1314470 1362.0
1314480 1360.7
1314490 1360.7
1314500 1361.1
1314510 1361.3
1314520 1361.3
1314530 1359.8
1314540 1358.0
1314550 1358.0
1314560 1356.2
1314570 1355.9
1314580 1354.8
1314590 1354.3
1314600 1354.2
1314610 1354.2
1314620 1353.2
1314630 1351.8
1314640 1351.8
1314650 1351.4
1314660 1350.7
1314670 1350.7
1314680 1349.9
1314690 1349.2
1314700 1349.2
1314710 1348.4
1314720 1347.6
1314730 1347.6
1314740 1346.4
1314750 1345.4
1314760 1345.4
1314770 1343.8
1314780 1342.2
1314790 1342.2
1314800 1340.5
1314810 1338.8
1314820 1337.5
1314830 1337.5
1314840 1336.0
1314850 1334.1
1314860 1334.1
1314870 1332.5
1314880 1330.9
1314890 1330.9
1314900 1329.3
1314910 1327.5
1314920 1327.5
1314930 1325.6
1314940 1323.5
1314950 1323.5
1314960 1321.4
1314970 1319.1
1314980 1319.1
1314990 1316.7
1315000 1314.3
1315010 1314.3
1315020 1312.0
1315030 1310.0
1315040 1310.0
1315050 1308.3
1315060 1306.0
1315070 1306.0
1315080 1302.8
1315090 1299.8
1315100 1299.8
1315110 1297.7
1315120 1294.7
1315130 1294.7
1315140 1289.2
1315150 1283.3
1315160 1283.3
1315170 1278.8
1315180 1272.9
1315190 1266.8
1315200 1266.8
1315210 1260.9
1315220 1258.5
1315230 1258.5
1315240 1256.5
1315250 1253.5
1315260 1253.5
1315270 1255.5
1315280 1259.3
1315290 1259.3
1315300 1259.5
1315310 1257.9
1315320 1257.9
1315330 1256.5
1315340 1251.9
1315350 1251.9
1315360 1248.5
1315370 1245.8
1315380 1245.8
1315390 1243.2
1315400 1240.9
1315410 1240.9
1315420 1239.4
1315430 1238.0
1315440 1238.0
1315450 1238.7
1315460 1238.0
1315470 1238.0
1315480 1235.6
1315490 1230.8
1315500 1230.8
1315510 1226.9
1315520 1226.5
1315530 1226.5
1315540 1229.2
1315550 1226.7
1315560 1222.0
1315570 1222.0
1315580 1217.9
1315590 1216.0
1315600 1216.0
1315610 1214.9
1315620 1215.6
1315630 1215.6
1315640 1217.3
1315650 1217.7
1315660 1217.7
1315670 1217.1
1315680 1216.5
1315690 1216.5
1315700 1215.2
1315710 1213.3
1315720 1213.3
1315730 1211.1
1315740 1209.0
1315750 1209.0
1315760 1207.6
1315770 1205.5
1315780 1205.5
1315790 1201.9
1315800 1198.6
1315810 1198.6
1315820 1197.0
1315830 1196.7
1315840 1196.7
1315850 1197.6
1315860 1198.2
1315870 1198.2
1315880 1197.5
1315890 1196.0
1315900 1196.0
1315910 1194.4
1315920 1192.8
1315930 1191.1
1315940 1191.1
1315950 1188.6
1315960 1186.4
1315970 1186.4
1315980 1185.8
1315990 1186.1
1316000 1186.1
1316010 1186.6
1316020 1186.2
1316030 1186.2
1316040 1185.3
1316050 1184.2
1316060 1184.2
1316070 1183.2
1316080 1182.0
1316090 1182.0
1316100 1178.1
1316110 1176.8
1316120 1176.8
1316130 1175.8
1316140 1174.1
1316150 1174.1
1316160 1165.7
1316170 1158.5
1316180 1158.5
1316190 1156.8
1316200 1155.7
1316210 1155.7
1316220 1154.7
1316230 1154.0
1316240 1154.0
1316250 1152.9
1316260 1154.0
1316270 1154.0
1316280 1152.6
1316290 1148.4
1316300 1148.4
1316310 1144.9
1316320 1142.9
1316330 1143.1
1316340 1143.1
1316350 1146.7
1316360 1147.5
1316370 1147.5
1316380 1147.6
1316390 1148.1
1316400 1148.1
1316410 1147.7
1316420 1147.4
1316430 1147.4
1316440 1146.5
1316450 1143.9
1316460 1143.9
1316470 1140.4
1316480 1136.9
1316490 1136.9
1316500 1133.4
1316510 1129.6
1316520 1129.6
1316530 1125.5
1316540 1121.6
1316550 1121.6
1316560 1115.7
1316570 1112.5
1316580 1112.5
1316590 1111.0
1316600 1111.2
1316610 1111.2
1316620 1114.6
1316630 1121.0
1316640 1121.0
1316650 1128.7
1316660 1134.2
1316670 1134.2
1316680 1136.0
1316690 1136.1
1316700 1135.9
1316710 1135.9
1316720 1135.9
1316730 1136.8
1316740 1136.8
1316750 1136.4
1316760 1135.6
1316770 1135.6
1316780 1132.2
1316790 1130.8
1316800 1130.8
1316810 1131.7
1316820 1133.5
1316830 1133.5
1316840 1134.5
1316850 1133.8
1316860 1135.7
1316870 1133.5
1316880 1132.4
1316890 1132.4
1316900 1133.8
1316910 1134.6
1316920 1134.6
1316930 1134.7
1316940 1134.0
1316950 1134.0
1316960 1133.8
1316970 1130.1
1316980 1130.1
1316990 1126.8
1317000 1124.1
1317010 1124.1
1317020 1122.1
1317030 1121.4
1317040 1121.4
1317050 1121.0
1317060 1118.2
1317070 1115.3
1317080 1115.3
1317090 1113.9
1317100 1114.0
1317110 1114.0
1317120 1114.3
1317130 1113.9
1317140 1113.9
1317150 1114.2
1317160 1113.6
1317170 1113.6
1317180 1113.3
1317190 1113.6
1317200 1113.6
1317210 1111.9
1317220 1111.2
1317230 1111.2
1317240 1111.0
1317250 1110.1
1317260 1110.1
1317270 1107.7
1317280 1104.8
1317290 1104.8
1317300 1102.6
1317310 1100.5
1317320 1100.5
1317330 1098.5
1317340 1096.5
1317350 1096.5
1317360 1094.5
1317370 1091.9
1317380 1091.9
1317390 1089.1
1317400 1086.5
1317410 1086.5
1317420 1084.1
1317430 1082.2
1317440 1082.2
1317450 1080.5
1317460 1078.6
1317470 1076.9
1317480 1076.9
1317490 1075.2
1317500 1073.4
1317510 1073.4
1317520 1071.5
1317530 1069.5
1317540 1069.5
1317550 1066.0
1317560 1060.6
1317570 1060.6
1317580 1054.0
1317590 1048.5
1317600 1048.5
1317610 1041.5
1317620 1033.8
1317630 1035.6
1317640 1029.8
1317650 1024.2
1317660 1024.2
1317670 1017.3
1317680 1008.3
1317690 1008.3
1317700 1003.4
1317710 1006.9
1317720 1006.9
1317730 1013.0
1317740 1020.4
1317750 1020.4
1317760 1029.2
1317770 1038.5
1317780 1038.5
1317790 1045.8
1317800 1052.0
1317810 1052.0
1317820 1057.2
1317830 1061.6
1317840 1065.3
1317850 1065.3
1317860 1068.5
1317870 1071.6
1317880 1071.6
1317890 1075.0
1317900 1079.1
1317910 1079.1
1317920 1083.1
1317930 1087.2
1317940 1087.2
1317950 1091.1
1317960 1093.5
1317970 1093.5
1317980 1095.6
1317990 1097.7
1318000 1097.7
1318010 1099.2
1318020 1099.9
1318030 1099.9
1318040 1099.4
1318050 1098.4
1318060 1098.4
1318070 1097.7
1318080 1098.1
1318090 1098.1
1318100 1099.3
1318110 1099.9
1318120 1099.9
1318130 1100.1
1318140 1100.1
1318150 1100.1
1318160 1100.0
1318170 1099.9
1318180 1099.9
1318190 1099.1
1318200 1096.6
1318210 1091.6
1318220 1091.6
1318230 1087.3
1318240 1083.3
1318250 1083.3
1318260 1079.4
1318270 1077.8
1318280 1077.8
1318290 1076.5
1318300 1072.3
1318310 1072.3
1318320 1067.3
1318330 1061.8
1318340 1061.8
1318350 1058.3
1318360 1060.7
1318370 1060.7
1318380 1061.8
1318390 1063.7
1318400 1063.7
1318410 1061.2
1318420 1059.2
1318430 1059.2
1318440 1057.8
1318450 1057.5
1318460 1057.5
1318470 1057.4
1318480 1057.3
1318490 1057.3
1318500 1057.1
1318510 1057.2
1318520 1057.2
1318530 1057.0
1318540 1056.4
1318550 1056.4
1318560 1055.4
1318570 1054.3
1318580 1052.4
1318590 1052.4
1318600 1049.0
1318610 1045.0
1318620 1045.0
1318630 1041.4
1318640 1038.3
1318650 1038.3
1318660 1035.1
1318670 1031.3
1318680 1031.3
1318690 1028.4
1318700 1026.3
1318710 1026.3
1318720 1023.9
1318730 1021.8
1318740 1021.8
1318750 1019.6
1318760 1014.2
1318770 1014.2
1318780 1010.6
1318790 1013.5
1318800 1013.5
1318810 1019.1
1318820 1024.5
1318830 1024.5
1318840 1028.4
1318850 1030.2
1318860 1030.2
1318870 1031.2
1318880 1031.7
1318890 1031.7
1318900 1032.0
1318910 1032.0
1318920 1032.0
1318930 1031.8
1318940 1031.5
1318950 1031.5
1318960 1030.8
1318970 1029.9
1318980 1028.8
1318990 1028.8
1319000 1027.4
1319010 1025.9
1319020 1025.9
1319030 1024.1
1319040 1022.2
1319050 1022.2
1319060 1020.2
1319070 1017.8
1319080 1017.8
1319090 1014.9
1319100 1012.4
1319110 1012.4
1319120 1009.3
1319130 1005.9
1319140 1005.9
1319150 1006.2
1319160 1010.7
1319170 1009.0
1319180 1012.8
1319190 1018.0
1319200 1018.0
1319210 1021.7
1319220 1026.3
1319230 1026.3
1319240 1031.2
1319250 1035.8
1319260 1035.8
1319270 1038.0
1319280 1039.5
1319290 1039.5
1319300 1040.7
1319310 1041.9
1319320 1041.9
1319330 1043.1
1319340 1044.4
1319350 1045.8
1319360 1045.8
1319370 1047.4
1319380 1049.0
1319390 1049.0
1319400 1050.4
1319410 1051.3
1319420 1051.3
1319430 1051.8
1319440 1051.9
1319450 1051.9
1319460 1051.9
1319470 1052.0
1319480 1052.0
1319490 1052.1
1319500 1051.8
1319510 1051.8
1319520 1050.9
1319530 1050.1
1319540 1050.1
1319550 1049.3
1319560 1048.5
1319570 1048.5
1319580 1048.1
1319590 1048.2
1319600 1048.2
1319610 1048.5
1319620 1049.0
1319630 1049.0
1319640 1049.2
1319650 1049.1
1319660 1049.1
1319670 1049.5
1319680 1049.7
1319690 1049.7
1319700 1050.2
1319710 1050.2
1319720 1049.7
1319730 1049.7
1319740 1049.4
1319750 1048.9
1319760 1048.9
1319770 1049.6
1319780 1048.7
1319790 1048.7
1319800 1046.9
1319810 1046.5
1319820 1046.5
1319830 1045.4
1319840 1044.6
1319850 1044.6
1319860 1043.6
1319870 1044.1
1319880 1044.1
1319890 1045.4
1319900 1045.1
1319910 1045.1
1319920 1043.8
1319930 1041.2
1319940 1045.5
1319950 1040.6
1319960 1036.7
1319970 1036.7
1319980 1039.7
1319990 1041.1
