1300000 1483.1
1300010 1483.1
1300020 1482.8
1300030 1485.5
1300040 1485.5
1300050 1487.6
1300060 1487.2
1300070 1487.2
1300080 1485.6
1300090 1483.1
1300100 1483.1
1300110 1479.4
1300120 1476.3
1300130 1472.7
1300140 1472.7
1300150 1466.0
1300160 1458.4
1300170 1458.4
1300180 1453.0
1300190 1447.9
1300200 1447.9
1300210 1445.3
1300220 1444.4
1300230 1444.4
1300240 1443.2
1300250 1441.4
1300260 1441.4
1300270 1438.3
1300280 1436.1
1300290 1428.9
1300300 1427.7
1300310 1426.8
1300320 1426.8
1300330 1424.5
1300340 1422.2
1300350 1422.2
1300360 1419.9
1300370 1417.1
1300380 1417.1
1300390 1413.8
1300400 1409.2
1300410 1409.2
1300420 1403.0
1300430 1396.2
1300440 1396.2
1300450 1390.1
1300460 1385.2
1300470 1385.2
1300480 1380.1
1300490 1374.9
1300500 1374.9
1300510 1368.7
1300520 1361.9
1300530 1357.1
1300540 1357.1
1300550 1352.9
1300560 1348.1
1300570 1348.1
1300580 1343.5
1300590 1339.5
1300600 1339.5
1300610 1336.9
1300620 1335.6
1300630 1335.6
1300640 1335.1
1300650 1335.4
1300660 1335.4
1300670 1335.5
1300680 1335.2
1300690 1335.2
1300700 1335.1
1300710 1334.2
1300720 1334.2
1300730 1333.1
1300740 1331.6
1300750 1331.6
1300760 1330.3
1300770 1329.9
1300780 1329.9
1300790 1329.6
1300800 1328.9
1300810 1328.9
1300820 1327.6
1300830 1325.7
1300840 1325.7
1300850 1324.6
1300860 1323.1
1300870 1323.1
1300880 1321.6
1300890 1320.3
1300900 1317.9
1300910 1317.9
1300920 1314.9
1300930 1311.8
1300940 1311.8
1300950 1310.2
1300960 1311.4
1300970 1311.4
1300980 1311.3
1300990 1307.5
1301000 1307.5
1301010 1307.4
1301020 1307.8
1301030 1307.8
1301040 1307.3
1301050 1306.3
1301060 1306.3
1301070 1305.6
1301080 1304.7
1301090 1304.7
1301100 1302.8
1301110 1300.2
1301120 1300.2
1301130 1296.7
1301140 1289.3
1301150 1289.3
1301160 1279.8
1301170 1281.3
1301180 1281.3
1301190 1283.1
1301200 1285.2
1301210 1285.2
1301220 1289.0
1301230 1290.8
1301240 1290.8
1301250 1291.6
1301260 1291.8
1301270 1291.8
1301280 1293.1
1301290 1294.4
1301300 1295.0
1301310 1295.0
1301320 1295.2
1301330 1295.6
1301340 1295.6
1301350 1296.9
1301360 1297.1
1301370 1297.1
1301380 1296.3
1301390 1297.2
1301400 1297.2
1301410 1301.2
1301420 1304.4
1301430 1304.4
1301440 1306.2
1301450 1307.1
1301460 1307.1
1301470 1308.3
1301480 1310.1
1301490 1310.1
1301500 1312.0
1301510 1313.5
1301520 1313.5
1301530 1314.5
1301540 1314.8
1301550 1314.8
1301560 1315.1
1301570 1316.0
1301580 1316.0
1301590 1317.1
1301600 1317.8
1301610 1317.8
1301620 1318.6
1301630 1319.3
1301640 1319.3
1301650 1319.1
1301660 1318.9
1301670 1319.2
1301680 1319.2
1301690 1315.2
1301700 1316.5
1301710 1316.5
1301720 1317.6
1301730 1317.9
1301740 1317.9
1301750 1317.6
1301760 1317.1
1301770 1317.1
1301780 1317.3
1301790 1317.7
1301800 1317.7
1301810 1317.0
1301820 1316.1
1301830 1316.1
1301840 1314.5
1301850 1313.2
1301860 1313.2
1301870 1312.6
1301880 1312.2
1301890 1312.2
1301900 1312.2
1301910 1312.8
1301920 1312.8
1301930 1313.7
1301940 1314.8
1301950 1314.8
1301960 1315.5
1301970 1315.4
1301980 1315.4
1301990 1316.4
1302000 1318.2
1302010 1318.2
1302020 1319.7
1302030 1320.8
1302040 1321.4
1302050 1321.4
1302060 1321.9
1302070 1322.4
1302080 1322.4
1302090 1322.8
1302100 1322.3
1302110 1322.3
1302120 1321.7
1302130 1321.4
1302140 1321.4
1302150 1320.0
1302160 1318.7
1302170 1318.7
1302180 1318.4
1302190 1318.8
1302200 1318.8
1302210 1319.1
1302220 1319.0
1302230 1319.0
1302240 1318.8
1302250 1318.2
1302260 1318.2
1302270 1317.2
1302280 1316.9
1302290 1316.9
1302300 1318.1
1302310 1319.9
1302320 1319.9
1302330 1320.4
1302340 1319.3
1302350 1319.3
1302360 1318.0
1302370 1316.8
1302380 1316.8
1302390 1314.1
1302400 1315.2
1302410 1315.2
1302420 1315.5
1302430 1316.0
1302440 1316.3
1302450 1316.3
1302460 1316.3
1302470 1316.8
1302480 1316.8
1302490 1317.4
1302500 1318.4
1302510 1318.4
1302520 1318.7
1302530 1319.1
1302540 1319.1
1302550 1318.4
1302560 1316.6
1302570 1316.6
1302580 1315.6
1302590 1314.2
1302600 1314.2
1302610 1315.3
1302620 1318.1
1302630 1318.1
1302640 1319.2
1302650 1319.0
1302660 1319.0
1302670 1319.4
1302680 1319.4
1302690 1319.4
1302700 1320.0
1302710 1319.5
1302720 1319.5
1302730 1317.9
1302740 1317.2
1302750 1317.2
1302760 1316.2
1302770 1315.5
1302780 1315.5
1302790 1314.0
1302800 1312.6
1302810 1310.7
1302820 1310.7
1302830 1308.9
1302840 1306.9
1302850 1306.9
1302860 1304.1
1302870 1301.0
1302880 1301.0
1302890 1298.1
1302900 1295.1
1302910 1295.1
1302920 1291.7
1302930 1289.1
1302940 1289.1
1302950 1284.9
1302960 1282.4
1302970 1282.4
1302980 1282.1
1302990 1281.7
1303000 1281.7
1303010 1279.5
1303020 1277.6
1303030 1277.6
1303040 1275.4
1303050 1271.9
1303060 1271.9
1303070 1268.4
1303080 1265.5
1303090 1265.5
1303100 1259.9
1303110 1257.6
1303120 1257.6
1303130 1254.1
1303140 1249.9
1303150 1249.9
1303160 1247.2
1303170 1245.9
1303180 1245.9
1303190 1243.7
1303200 1242.0
1303210 1238.5
1303220 1238.5
1303230 1233.1
1303240 1227.6
1303250 1227.6
1303260 1229.4
1303270 1231.1
1303280 1231.1
1303290 1230.8
1303300 1231.0
1303310 1231.0
1303320 1232.2
1303330 1231.7
1303340 1231.7
1303350 1230.8
1303360 1230.3
1303370 1230.3
1303380 1230.3
1303390 1229.6
1303400 1229.6
1303410 1227.7
1303420 1225.6
1303430 1225.6
1303440 1223.8
1303450 1221.9
1303460 1221.9
1303470 1219.7
1303480 1217.7
1303490 1217.7
1303500 1215.6
1303510 1215.0
1303520 1215.0
1303530 1214.8
1303540 1213.6
1303550 1213.6
1303560 1211.2
1303570 1208.8
1303580 1206.7
1303590 1206.7
1303600 1204.1
1303610 1202.0
1303620 1202.0
1303630 1199.8
1303640 1197.0
1303650 1197.0
1303660 1195.2
1303670 1193.9
1303680 1193.9
1303690 1193.1
1303700 1192.0
1303710 1192.0
1303720 1190.5
1303730 1189.4
1303740 1189.4
1303750 1189.7
1303760 1186.6
1303770 1186.6
1303780 1182.8
1303790 1182.1
1303800 1179.1
1303810 1178.2
1303820 1179.1
1303830 1179.1
1303840 1182.0
1303850 1184.0
1303860 1184.0
1303870 1182.8
1303880 1181.8
1303890 1181.8
1303900 1181.7
1303910 1183.2
1303920 1183.2
1303930 1184.0
1303940 1184.7
1303950 1184.7
1303960 1187.5
1303970 1190.6
1303980 1192.2
1303990 1192.2
1304000 1192.2
1304010 1192.1
1304020 1192.1
1304030 1192.1
1304040 1190.9
1304050 1190.9
1304060 1190.4
1304070 1190.3
1304080 1190.3
1304090 1190.2
1304100 1190.3
1304110 1190.3
1304120 1190.6
1304130 1190.9
1304140 1190.9
1304150 1191.2
1304160 1191.9
1304170 1191.9
1304180 1192.6
1304190 1192.8
1304200 1192.8
1304210 1193.1
1304220 1194.0
1304230 1194.0
1304240 1194.8
1304250 1194.8
1304260 1194.8
1304270 1194.8
1304280 1195.8
1304290 1195.8
1304300 1196.6
1304310 1196.1
1304320 1196.1
1304330 1195.7
1304340 1195.6
1304350 1195.9
1304360 1195.9
1304370 1196.6
1304380 1197.6
1304390 1197.6
1304400 1198.2
1304410 1197.7
1304420 1197.7
1304430 1197.3
1304440 1197.1
1304450 1197.1
1304460 1196.9
1304470 1196.9
1304480 1196.9
1304490 1196.4
1304500 1196.6
1304510 1190.7
1304520 1190.2
1304530 1189.8
1304540 1189.8
1304550 1189.6
1304560 1188.4
1304570 1188.4
1304580 1188.4
1304590 1187.3
1304600 1187.3
1304610 1186.3
1304620 1185.9
1304630 1185.9
1304640 1185.3
1304650 1183.3
1304660 1183.3
1304670 1180.6
1304680 1179.7
1304690 1179.7
1304700 1176.2
1304710 1174.2
1304720 1175.6
1304730 1175.6
1304740 1176.8
1304750 1177.9
1304760 1177.9
1304770 1179.3
1304780 1182.8
1304790 1182.8
1304800 1186.4
1304810 1190.6
1304820 1190.6
1304830 1193.9
1304840 1197.6
1304850 1197.6
1304860 1200.9
1304870 1199.1
1304880 1199.1
1304890 1197.5
1304900 1197.4
1304910 1197.4
1304920 1198.5
1304930 1205.7
1304940 1205.7
1304950 1212.6
1304960 1215.9
1304970 1215.9
1304980 1218.9
1304990 1222.0
1305000 1222.0
1305010 1225.1
1305020 1228.3
1305030 1228.3
1305040 1232.5
1305050 1237.0
1305060 1237.0
1305070 1240.7
1305080 1243.6
1305090 1243.6
1305100 1246.1
1305110 1248.6
1305120 1251.2
1305130 1251.2
1305140 1253.6
1305150 1255.6
1305160 1255.6
1305170 1257.8
1305180 1259.9
1305190 1259.9
1305200 1261.8
1305210 1264.0
1305220 1264.0
1305230 1263.0
1305240 1265.1
1305250 1265.1
1305260 1266.6
1305270 1267.4
1305280 1267.4
1305290 1268.6
1305300 1270.5
1305310 1270.5
1305320 1273.0
1305330 1276.7
1305340 1276.7
1305350 1280.9
1305360 1284.6
1305370 1284.6
1305380 1287.4
1305390 1290.0
1305400 1290.0
1305410 1292.2
1305420 1295.2
1305430 1295.2
1305440 1294.7
1305450 1292.3
1305460 1292.3
1305470 1292.2
1305480 1295.0
1305490 1295.9
1305500 1295.9
1305510 1293.3
1305520 1290.1
1305530 1290.1
1305540 1288.4
1305550 1288.7
1305560 1288.7
1305570 1290.6
1305580 1291.6
1305590 1291.6
1305600 1292.6
1305610 1293.7
1305620 1293.7
1305630 1295.3
1305640 1297.1
1305650 1297.1
1305660 1298.9
1305670 1301.0
1305680 1301.0
1305690 1303.3
1305700 1306.1
1305710 1306.1
1305720 1309.3
1305730 1312.3
1305740 1312.3
1305750 1315.4
1305760 1317.7
1305770 1317.7
1305780 1319.5
1305790 1320.8
1305800 1320.8
1305810 1322.2
1305820 1324.2
1305830 1324.2
1305840 1325.8
1305850 1326.4
1305860 1326.4
1305870 1327.5
1305880 1329.3
1305890 1331.7
1305900 1331.7
1305910 1334.5
1305920 1338.4
1305930 1338.4
1305940 1344.5
1305950 1347.2
1305960 1347.2
1305970 1350.3
1305980 1353.1
1305990 1353.1
1306000 1356.0
1306010 1359.3
1306020 1359.3
1306030 1362.8
1306040 1366.2
1306050 1366.2
1306060 1368.5
1306070 1369.7
1306080 1369.7
1306090 1369.0
1306100 1366.8
1306110 1366.8
1306120 1366.8
1306130 1368.8
1306140 1368.8
1306150 1371.2
1306160 1372.3
1306170 1372.3
1306180 1372.5
1306190 1373.2
1306200 1373.2
1306210 1375.2
1306220 1376.8
1306230 1376.8
1306240 1379.3
1306250 1382.8
1306260 1386.4
1306270 1386.4
1306280 1389.8
1306290 1393.1
1306300 1393.1
1306310 1396.4
1306320 1397.9
1306330 1397.9
1306340 1399.1
1306350 1402.1
1306360 1402.1
1306370 1405.2
1306380 1407.9
1306390 1407.9
1306400 1409.5
1306410 1412.6
1306420 1412.6
1306430 1416.8
1306440 1420.0
1306450 1420.0
1306460 1424.6
1306470 1428.4
1306480 1428.4
1306490 1432.0
1306500 1437.6
1306510 1437.6
1306520 1440.4
1306530 1442.6
1306540 1442.6
1306550 1444.4
1306560 1445.3
1306570 1445.3
1306580 1445.7
1306590 1446.4
1306600 1446.4
1306610 1446.4
1306620 1446.4
1306630 1446.4
1306640 1447.3
1306650 1447.8
1306660 1451.1
1306670 1451.1
1306680 1451.0
1306690 1451.2
1306700 1451.2
1306710 1452.5
1306720 1453.3
1306730 1453.3
1306740 1453.8
1306750 1454.3
1306760 1454.3
1306770 1454.9
1306780 1455.8
1306790 1455.8
1306800 1457.4
1306810 1459.7
1306820 1459.7
1306830 1463.1
1306840 1468.1
1306850 1468.1
1306860 1473.3
1306870 1477.1
1306880 1477.1
1306890 1480.1
1306900 1482.8
1306910 1482.8
1306920 1485.4
1306930 1487.5
1306940 1487.5
1306950 1489.0
1306960 1490.2
1306970 1490.2
1306980 1491.5
1306990 1493.4
1307000 1493.4
1307010 1495.6
1307020 1497.3
1307030 1498.2
1307040 1498.2
1307050 1498.8
1307060 1499.2
1307070 1499.2
1307080 1499.7
1307090 1500.7
1307100 1500.7
1307110 1502.0
1307120 1503.3
1307130 1503.3
1307140 1504.8
1307150 1506.6
1307160 1506.6
1307170 1508.6
1307180 1510.0
1307190 1510.0
1307200 1511.0
1307210 1512.7
1307220 1512.7
1307230 1515.1
1307240 1517.9
1307250 1517.9
1307260 1520.7
1307270 1523.4
1307280 1523.4
1307290 1526.0
1307300 1528.4
1307310 1528.4
1307320 1530.7
1307330 1532.8
1307340 1532.8
1307350 1534.9
1307360 1536.7
1307370 1536.7
1307380 1534.8
1307390 1535.5
1307400 1534.9
1307410 1534.9
1307420 1532.3
1307430 1528.2
1307440 1528.2
1307450 1520.9
1307460 1512.9
1307470 1512.9
1307480 1507.1
1307490 1501.8
1307500 1501.8
1307510 1496.4
1307520 1492.7
1307530 1492.7
1307540 1489.2
1307550 1485.9
1307560 1485.9
1307570 1482.8
1307580 1480.2
1307590 1480.2
1307600 1477.5
1307610 1474.5
1307620 1474.5
1307630 1470.8
1307640 1467.9
1307650 1467.9
1307660 1466.5
1307670 1464.9
1307680 1464.9
1307690 1462.9
1307700 1462.2
1307710 1462.2
1307720 1462.2
1307730 1461.9
1307740 1461.9
1307750 1461.8
1307760 1462.9
1307770 1462.9
1307780 1463.8
1307790 1463.3
1307800 1462.8
1307810 1462.8
1307820 1462.7
1307830 1462.1
1307840 1462.1
1307850 1461.4
1307860 1461.5
1307870 1461.5
1307880 1462.7
1307890 1464.4
1307900 1464.4
1307910 1467.0
1307920 1469.9
1307930 1469.9
1307940 1472.2
1307950 1473.5
1307960 1473.5
1307970 1474.3
1307980 1476.6
1307990 1476.6
1308000 1478.6
1308010 1480.2
1308020 1480.2
1308030 1481.8
1308040 1482.9
1308050 1482.9
1308060 1483.4
1308070 1482.8
1308080 1482.8
1308090 1482.3
1308100 1479.8
1308110 1479.8
1308120 1479.6
1308130 1479.3
1308140 1479.3
1308150 1479.1
1308160 1478.9
1308170 1478.8
1308180 1478.8
1308190 1478.5
1308200 1478.2
1308210 1478.2
1308220 1477.7
1308230 1477.1
1308240 1477.1
1308250 1476.1
1308260 1475.2
1308270 1475.2
1308280 1474.2
1308290 1473.3
1308300 1473.3
1308310 1472.5
1308320 1471.7
1308330 1471.7
1308340 1470.8
1308350 1470.1
1308360 1470.1
1308370 1469.0
1308380 1467.7
1308390 1467.7
1308400 1466.8
1308410 1466.6
1308420 1466.6
1308430 1466.6
1308440 1466.2
1308450 1466.2
1308460 1466.3
1308470 1466.8
1308480 1466.8
1308490 1467.2
1308500 1467.8
1308510 1467.8
1308520 1468.2
1308530 1468.3
1308540 1468.3
1308550 1468.0
1308560 1467.6
1308570 1467.1
1308580 1467.1
1308590 1466.6
1308600 1466.3
1308610 1466.3
1308620 1465.8
1308630 1465.2
1308640 1465.2
1308650 1464.6
1308660 1463.8
1308670 1463.8
1308680 1462.5
1308690 1460.7
1308700 1460.7
1308710 1458.9
1308720 1457.5
1308730 1457.5
1308740 1456.8
1308750 1455.8
1308760 1455.8
1308770 1454.8
1308780 1454.5
1308790 1454.5
1308800 1454.0
1308810 1453.4
1308820 1453.4
1308830 1450.6
1308840 1449.7
1308850 1449.7
1308860 1448.1
1308870 1445.5
1308880 1445.5
1308890 1443.7
1308900 1442.3
1308910 1442.3
1308920 1440.9
1308930 1439.3
1308940 1438.2
1308950 1438.2
1308960 1437.1
1308970 1436.1
1308980 1436.1
1308990 1435.6
1309000 1435.6
1309010 1435.6
1309020 1435.8
1309030 1435.9
1309040 1435.9
1309050 1436.0
1309060 1436.3
1309070 1436.3
1309080 1436.6
1309090 1436.6
1309100 1436.6
1309110 1436.7
1309120 1436.9
1309130 1436.9
1309140 1436.5
1309150 1435.5
1309160 1435.5
1309170 1435.3
1309180 1434.7
1309190 1434.7
1309200 1433.8
1309210 1432.8
1309220 1432.8
1309230 1432.2
1309240 1431.2
1309250 1431.2
1309260 1430.2
1309270 1429.8
1309280 1429.8
1309290 1429.5
1309300 1429.5
1309310 1429.7
1309320 1429.7
1309330 1429.4
1309340 1429.1
1309350 1429.1
1309360 1428.9
1309370 1428.8
1309380 1428.8
1309390 1429.4
1309400 1429.0
1309410 1429.0
1309420 1428.9
1309430 1429.0
1309440 1429.0
1309450 1429.2
1309460 1429.7
1309470 1429.7
1309480 1430.6
1309490 1430.8
1309500 1430.8
1309510 1430.5
1309520 1430.6
1309530 1430.6
1309540 1430.8
1309550 1431.2
1309560 1428.8
1309570 1429.5
1309580 1430.6
1309590 1430.6
1309600 1431.4
1309610 1431.7
1309620 1431.7
1309630 1432.4
1309640 1433.3
1309650 1433.3
1309660 1433.9
1309670 1434.2
1309680 1434.2
1309690 1434.7
1309700 1434.7
1309710 1433.8
1309720 1433.8
1309730 1432.3
1309740 1430.4
1309750 1430.4
1309760 1427.9
1309770 1425.5
1309780 1425.5
1309790 1423.6
1309800 1421.6
1309810 1421.6
1309820 1419.9
1309830 1419.2
1309840 1419.2
1309850 1419.3
1309860 1419.4
1309870 1419.4
1309880 1419.0
1309890 1418.7
1309900 1418.7
1309910 1419.9
1309920 1421.4
1309930 1421.4
1309940 1422.5
1309950 1423.3
1309960 1423.3
1309970 1423.9
1309980 1424.9
1309990 1424.9
1310000 1424.6
1310010 1426.1
1310020 1426.1
1310030 1428.4
1310040 1429.7
1310050 1429.7
1310060 1430.3
1310070 1432.0
1310080 1434.1
1310090 1434.1
1310100 1435.6
1310110 1436.9
1310120 1436.9
1310130 1437.7
1310140 1438.5
1310150 1438.5
1310160 1439.2
1310170 1440.6
1310180 1440.6
1310190 1441.9
1310200 1442.9
1310210 1442.9
1310220 1443.7
1310230 1445.0
1310240 1445.0
1310250 1446.3
1310260 1447.1
1310270 1447.1
1310280 1447.2
1310290 1447.2
1310300 1444.2
1310310 1444.6
1310320 1445.5
1310330 1445.5
1310340 1446.5
1310350 1447.2
1310360 1447.2
1310370 1447.8
1310380 1447.9
1310390 1447.9
1310400 1447.4
1310410 1447.0
1310420 1447.0
1310430 1446.6
1310440 1445.9
1310450 1445.9
1310460 1444.8
1310470 1442.5
1310480 1437.8
1310490 1437.8
1310500 1432.6
1310510 1428.7
1310520 1428.7
1310530 1426.0
1310540 1422.6
1310550 1422.6
1310560 1419.0
1310570 1417.4
1310580 1417.4
1310590 1416.5
1310600 1416.5
1310610 1416.5
1310620 1415.7
1310630 1413.5
1310640 1413.5
1310650 1412.7
1310660 1411.9
1310670 1411.9
1310680 1410.6
1310690 1410.2
1310700 1410.2
1310710 1409.4
1310720 1407.9
1310730 1407.9
1310740 1407.5
1310750 1407.7
1310760 1407.7
1310770 1406.8
1310780 1405.4
1310790 1405.4
1310800 1402.9
1310810 1403.9
1310820 1403.9
1310830 1404.8
1310840 1404.9
1310850 1404.0
1310860 1404.0
1310870 1405.5
1310880 1406.6
1310890 1406.6
1310900 1406.7
1310910 1406.3
1310920 1406.3
1310930 1405.5
1310940 1404.1
1310950 1404.1
1310960 1402.6
1310970 1403.1
1310980 1403.1
1310990 1405.0
1311000 1407.9
1311010 1407.9
1311020 1409.3
1311030 1405.3
1311040 1405.3
1311050 1407.7
1311060 1411.3
1311070 1411.3
1311080 1414.6
1311090 1417.2
1311100 1417.2
1311110 1419.5
1311120 1421.6
1311130 1421.6
1311140 1422.9
1311150 1424.0
1311160 1424.0
1311170 1426.9
1311180 1430.0
1311190 1430.0
1311200 1432.5
1311210 1435.4
1311220 1438.9
1311230 1438.9
1311240 1442.0
1311250 1444.6
1311260 1444.6
1311270 1447.1
1311280 1449.6
1311290 1449.6
1311300 1451.8
1311310 1454.0
1311320 1454.0
1311330 1456.1
1311340 1458.4
1311350 1458.4
1311360 1460.3
1311370 1462.2
1311380 1462.2
1311390 1464.0
1311400 1465.7
1311410 1465.7
1311420 1467.2
1311430 1468.6
1311440 1468.6
1311450 1470.0
1311460 1471.1
1311470 1471.1
1311480 1472.0
1311490 1472.7
1311500 1472.7
1311510 1473.0
1311520 1472.3
1311530 1472.3
1311540 1470.4
1311550 1469.0
1311560 1469.0
1311570 1468.1
1311580 1467.3
1311590 1467.3
1311600 1467.6
1311610 1470.1
1311620 1473.1
1311630 1473.1
1311640 1476.0
1311650 1478.4
1311660 1478.4
1311670 1480.6
1311680 1482.8
1311690 1482.8
1311700 1485.5
1311710 1489.1
1311720 1489.1
1311730 1492.2
1311740 1494.9
1311750 1494.9
1311760 1497.9
1311770 1499.2
1311780 1499.2
1311790 1500.8
1311800 1502.3
1311810 1502.3
1311820 1504.3
1311830 1506.1
1311840 1506.1
1311850 1507.5
1311860 1508.8
1311870 1508.8
1311880 1509.9
1311890 1511.4
1311900 1511.4
1311910 1513.1
1311920 1514.4
1311930 1514.4
1311940 1514.6
1311950 1514.0
1311960 1514.0
1311970 1513.1
1311980 1512.2
1311990 1510.7
1312000 1510.7
1312010 1509.6
1312020 1509.4
1312030 1509.4
1312040 1509.5
1312050 1509.7
1312060 1509.7
1312070 1510.1
1312080 1510.0
1312090 1510.0
1312100 1509.5
1312110 1509.1
1312120 1509.1
1312130 1509.3
1312140 1510.2
1312150 1510.2
1312160 1511.2
1312170 1512.1
1312180 1512.1
1312190 1512.8
1312200 1513.4
1312210 1513.4
1312220 1514.2
1312230 1515.4
1312240 1515.4
1312250 1516.4
1312260 1517.2
1312270 1517.2
1312280 1517.8
1312290 1518.7
1312300 1518.7
1312310 1519.4
1312320 1520.0
1312330 1520.0
1312340 1520.2
1312350 1520.2
1312360 1520.2
1312370 1520.2
1312380 1520.2
1312390 1519.8
1312400 1519.8
1312410 1518.9
1312420 1517.9
1312430 1517.9
1312440 1517.0
1312450 1516.5
1312460 1516.5
1312470 1515.7
1312480 1515.0
1312490 1515.0
1312500 1514.9
1312510 1511.9
1312520 1511.9
1312530 1513.3
1312540 1514.8
1312550 1514.8
1312560 1516.4
1312570 1517.8
1312580 1517.8
1312590 1518.8
1312600 1519.6
1312610 1519.6
1312620 1521.0
1312630 1523.5
1312640 1523.5
1312650 1526.3
1312660 1528.4
1312670 1528.4
1312680 1529.9
1312690 1530.6
1312700 1530.6
1312710 1531.1
1312720 1531.6
1312730 1531.6
1312740 1532.2
1312750 1533.3
1312760 1534.1
1312770 1534.1
1312780 1534.4
1312790 1534.8
1312800 1534.8
1312810 1535.6
1312820 1535.6
1312830 1535.6
1312840 1534.4
1312850 1533.6
1312860 1533.6
1312870 1532.4
1312880 1531.1
1312890 1531.1
1312900 1530.5
1312910 1530.0
1312920 1530.0
1312930 1530.5
1312940 1531.6
1312950 1531.6
1312960 1530.9
1312970 1529.5
1312980 1529.5
1312990 1528.6
1313000 1529.4
1313010 1529.4
1313020 1531.0
1313030 1531.1
1313040 1531.1
1313050 1530.5
1313060 1529.3
1313070 1529.3
1313080 1527.8
1313090 1526.4
1313100 1526.4
1313110 1525.6
1313120 1525.3
1313130 1523.7
1313140 1523.7
1313150 1521.4
1313160 1519.7
1313170 1519.7
1313180 1518.2
1313190 1516.2
1313200 1516.2
1313210 1513.9
1313220 1512.2
1313230 1512.2
1313240 1511.3
1313250 1510.5
1313260 1512.9
1313270 1513.2
1313280 1512.6
1313290 1512.6
1313300 1511.0
1313310 1509.1
1313320 1509.1
1313330 1507.3
1313340 1504.9
1313350 1504.9
1313360 1501.5
1313370 1497.5
1313380 1497.5
1313390 1493.1
1313400 1488.4
1313410 1488.4
1313420 1484.0
1313430 1480.1
1313440 1480.1
1313450 1476.2
1313460 1472.8
1313470 1472.8
1313480 1469.2
1313490 1465.9
1313500 1465.9
1313510 1462.6
1313520 1459.4
1313530 1456.5
1313540 1456.5
1313550 1453.9
1313560 1452.0
1313570 1452.0
1313580 1450.3
1313590 1448.6
1313600 1448.6
1313610 1445.8
1313620 1442.7
1313630 1442.7
1313640 1438.9
1313650 1435.1
1313660 1435.1
1313670 1431.8
1313680 1430.3
1313690 1430.3
1313700 1430.0
1313710 1428.7
1313720 1428.7
1313730 1428.5
1313740 1429.3
1313750 1429.3
1313760 1429.1
1313770 1428.8
1313780 1428.8
1313790 1428.8
1313800 1429.2
1313810 1429.2
1313820 1431.1
1313830 1434.0
1313840 1434.0
1313850 1439.1
1313860 1444.8
1313870 1444.8
1313880 1448.5
1313890 1451.3
1313900 1454.0
1313910 1454.0
1313920 1457.0
1313930 1460.4
1313940 1460.4
1313950 1465.0
1313960 1469.5
1313970 1469.5
1313980 1473.6
1313990 1478.3
1314000 1478.3
1314010 1482.7
1314020 1488.3
1314030 1488.3
1314040 1492.0
1314050 1495.2
1314060 1495.2
1314070 1500.6
1314080 1506.3
1314090 1506.3
1314100 1509.9
1314110 1514.1
1314120 1514.1
1314130 1519.3
1314140 1522.4
1314150 1522.4
1314160 1525.7
1314170 1529.0
1314180 1529.0
1314190 1531.5
1314200 1533.6
1314210 1533.6
1314220 1536.2
1314230 1538.7
1314240 1538.7
1314250 1541.2
1314260 1543.5
1314270 1543.5
1314280 1544.9
1314290 1544.9
1314300 1544.7
1314310 1544.7
1314320 1544.6
1314330 1544.6
1314340 1544.6
1314350 1545.2
1314360 1546.4
1314370 1546.4
1314380 1547.5
1314390 1548.0
1314400 1548.0
1314410 1548.6
1314420 1550.4
1314430 1550.4
1314440 1551.9
1314450 1552.1
1314460 1552.1
1314470 1551.7
1314480 1551.6
1314490 1551.6
1314500 1551.5
1314510 1550.1
1314520 1550.1
1314530 1548.3
1314540 1546.4
1314550 1546.4
1314560 1544.5
1314570 1542.2
1314580 1542.2
1314590 1540.7
1314600 1538.9
1314610 1538.9
1314620 1537.8
1314630 1536.8
1314640 1536.8
1314650 1536.1
1314660 1535.5
1314670 1535.9
1314680 1535.9
1314690 1537.3
1314700 1540.0
1314710 1540.0
1314720 1541.1
1314730 1540.2
1314740 1540.2
1314750 1538.4
1314760 1532.1
1314770 1532.1
1314780 1530.4
1314790 1529.0
1314800 1529.0
1314810 1527.2
1314820 1524.9
1314830 1524.9
1314840 1522.0
1314850 1519.2
1314860 1519.2
1314870 1515.3
1314880 1510.1
1314890 1510.1
1314900 1504.7
1314910 1500.0
1314920 1500.0
1314930 1496.3
1314940 1492.9
1314950 1492.9
1314960 1489.6
1314970 1487.9
1314980 1487.9
1314990 1486.7
1315000 1485.3
1315010 1485.3
1315020 1482.4
1315030 1479.5
1315040 1476.8
1315050 1476.8
1315060 1474.8
1315070 1471.8
1315080 1471.8
1315090 1468.5
1315100 1466.2
1315110 1466.2
1315120 1465.0
1315130 1464.6
1315140 1464.6
1315150 1464.9
1315160 1466.5
1315170 1466.5
1315180 1469.3
1315190 1472.3
1315200 1472.3
1315210 1475.5
1315220 1478.9
1315230 1478.9
1315240 1482.3
1315250 1485.4
1315260 1485.4
1315270 1487.8
1315280 1490.2
1315290 1490.2
1315300 1492.4
1315310 1493.0
1315320 1493.0
1315330 1492.6
1315340 1492.0
1315350 1492.0
1315360 1491.2
1315370 1490.6
1315380 1490.6
1315390 1490.3
1315400 1490.4
1315410 1490.4
1315420 1490.6
1315430 1490.9
1315440 1491.2
1315450 1491.2
1315460 1491.3
1315470 1490.7
1315480 1490.7
1315490 1489.0
1315500 1486.2
1315510 1486.2
1315520 1477.5
1315530 1475.0
1315540 1475.0
1315550 1473.0
1315560 1470.7
1315570 1470.7
1315580 1467.3
1315590 1463.9
1315600 1463.9
1315610 1462.2
1315620 1459.9
1315630 1459.9
1315640 1457.5
1315650 1455.5
1315660 1455.5
1315670 1452.3
1315680 1449.5
1315690 1449.5
1315700 1448.1
1315710 1445.4
1315720 1445.4
1315730 1443.1
1315740 1440.2
1315750 1440.2
1315760 1438.0
1315770 1436.3
1315780 1436.3
1315790 1433.3
1315800 1431.3
1315810 1430.0
1315820 1430.0
1315830 1429.3
1315840 1428.1
1315850 1428.1
1315860 1426.6
1315870 1424.9
1315880 1424.9
1315890 1423.2
1315900 1422.2
1315910 1422.2
1315920 1420.7
1315930 1418.6
1315940 1418.6
1315950 1416.2
1315960 1413.6
1315970 1413.6
1315980 1412.2
1315990 1410.8
1316000 1410.8
1316010 1409.0
1316020 1406.6
1316030 1406.6
1316040 1404.6
1316050 1403.1
1316060 1403.1
1316070 1401.0
1316080 1400.5
1316090 1400.5
1316100 1400.5
1316110 1397.9
1316120 1397.9
1316130 1396.6
1316140 1395.2
1316150 1395.2
1316160 1393.9
1316170 1392.7
1316180 1391.8
1316190 1391.8
1316200 1390.4
1316210 1389.1
1316220 1389.1
1316230 1387.6
1316240 1386.5
1316250 1386.5
1316260 1384.9
1316270 1383.2
1316280 1378.2
1316290 1376.5
1316300 1375.0
1316310 1375.0
1316320 1373.6
1316330 1371.5
1316340 1371.5
1316350 1369.6
1316360 1368.1
1316370 1368.1
1316380 1366.6
1316390 1364.2
1316400 1364.2
1316410 1361.7
1316420 1360.3
1316430 1360.3
1316440 1358.5
1316450 1357.2
1316460 1357.2
1316470 1355.4
1316480 1353.3
1316490 1353.3
1316500 1350.7
1316510 1348.3
1316520 1348.3
1316530 1346.4
1316540 1344.6
1316550 1344.6
1316560 1343.1
1316570 1341.7
1316580 1339.9
1316590 1339.9
1316600 1337.8
1316610 1336.6
1316620 1336.6
1316630 1336.0
1316640 1335.5
1316650 1335.5
1316660 1334.0
1316670 1332.1
1316680 1332.1
1316690 1330.5
1316700 1328.8
1316710 1328.8
1316720 1327.7
1316730 1326.9
1316740 1326.9
1316750 1326.4
1316760 1326.2
1316770 1326.2
1316780 1325.8
1316790 1325.3
1316800 1325.3
1316810 1324.7
1316820 1323.4
1316830 1323.4
1316840 1321.2
1316850 1318.1
1316860 1318.1
1316870 1314.4
1316880 1310.4
1316890 1310.4
1316900 1307.7
1316910 1305.4
1316920 1305.4
1316930 1302.7
1316940 1299.8
1316950 1296.4
1316960 1296.4
1316970 1292.5
1316980 1288.2
1316990 1288.2
1317000 1283.7
1317010 1279.0
1317020 1279.0
1317030 1274.3
1317040 1267.3
1317050 1267.3
1317060 1263.3
1317070 1259.5
1317080 1259.5
1317090 1255.3
1317100 1250.8
1317110 1250.8
1317120 1245.9
1317130 1240.6
1317140 1240.6
1317150 1235.5
1317160 1231.1
1317170 1231.1
1317180 1227.2
1317190 1223.5
1317200 1223.5
1317210 1219.2
1317220 1214.5
1317230 1214.5
1317240 1209.7
1317250 1204.4
1317260 1204.4
1317270 1199.0
1317280 1193.7
1317290 1193.7
1317300 1188.4
1317310 1182.6
1317320 1182.6
1317330 1176.7
1317340 1171.4
1317350 1166.4
1317360 1166.4
1317370 1161.3
1317380 1155.3
1317390 1155.3
1317400 1148.9
1317410 1142.5
1317420 1142.5
1317430 1136.3
1317440 1130.5
1317450 1130.5
1317460 1124.6
1317470 1119.1
1317480 1119.1
1317490 1113.1
1317500 1107.4
1317510 1107.4
1317520 1101.6
1317530 1095.8
1317540 1095.8
1317550 1090.1
1317560 1084.6
1317570 1084.6
1317580 1079.2
1317590 1073.8
1317600 1073.8
1317610 1067.9
1317620 1061.9
1317630 1061.9
1317640 1056.0
1317650 1049.8
1317660 1049.8
1317670 1044.1
1317680 1038.7
1317690 1038.7
1317700 1033.5
1317710 1028.2
1317720 1022.8
1317730 1022.8
1317740 1016.5
1317750 1010.3
1317760 1010.3
1317770 1004.1
1317780 999.6
1317790 999.6
1317800 994.9
1317810 993.5
1317820 993.5
1317830 987.5
1317840 982.5
1317850 982.5
1317860 977.0
1317870 970.5
1317880 970.5
1317890 965.6
1317900 965.4
1317910 965.4
1317920 967.7
1317930 971.3
1317940 971.3
1317950 974.1
1317960 977.2
1317970 977.2
1317980 981.0
1317990 985.9
1318000 985.9
1318010 989.6
1318020 993.1
1318030 993.1
1318040 995.6
1318050 998.0
1318060 998.0
1318070 1000.2
1318080 1002.5
1318090 1005.8
1318100 1005.8
1318110 1009.5
1318120 1013.6
1318130 1013.6
1318140 1017.8
1318150 1021.3
1318160 1021.3
1318170 1023.8
1318180 1025.8
1318190 1025.8
1318200 1028.4
1318210 1030.5
1318220 1030.5
1318230 1031.8
1318240 1034.5
1318250 1034.5
1318260 1038.2
1318270 1041.8
1318280 1041.8
1318290 1045.8
1318300 1050.3
1318310 1050.3
1318320 1055.1
1318330 1058.7
1318340 1058.7
1318350 1059.5
1318360 1059.5
1318370 1059.5
1318380 1060.8
1318390 1064.0
1318400 1064.0
1318410 1067.0
1318420 1068.3
1318430 1068.3
1318440 1068.9
1318450 1071.0
1318460 1071.0
1318470 1072.1
1318480 1070.4
1318490 1068.3
1318500 1068.3
1318510 1064.5
1318520 1059.7
1318530 1059.7
1318540 1057.7
1318550 1058.2
1318560 1058.2
1318570 1058.8
1318580 1045.2
1318590 1045.2
1318600 1045.9
1318610 1044.3
1318620 1044.3
1318630 1041.3
1318640 1033.8
1318650 1033.8
1318660 1025.9
1318670 1018.1
1318680 1018.1
1318690 1010.4
1318700 1003.9
1318710 1003.9
1318720 1000.8
1318730 998.5
1318740 998.5
1318750 998.9
1318760 999.6
1318770 999.6
1318780 1000.5
1318790 1002.4
1318800 1002.4
1318810 1002.2
1318820 998.0
1318830 998.0
1318840 993.2
1318850 990.4
1318860 987.3
1318870 987.3
1318880 986.5
1318890 985.0
1318900 985.0
1318910 983.2
1318920 980.6
1318930 980.6
1318940 978.0
1318950 974.2
1318960 974.2
1318970 968.9
1318980 963.7
1318990 963.7
1319000 958.7
1319010 951.8
1319020 951.8
1319030 942.7
1319040 934.0
1319050 934.0
1319060 925.5
1319070 917.7
1319080 917.7
1319090 913.7
1319100 909.4
1319110 909.4
1319120 905.1
1319130 902.7
1319140 902.7
1319150 902.1
1319160 901.6
1319170 901.6
1319180 902.1
1319190 902.8
1319200 902.8
1319210 902.8
1319220 905.6
1319230 910.2
1319240 910.2
1319250 908.6
1319260 904.7
1319270 904.7
1319280 898.7
1319290 889.8
1319300 889.8
1319310 882.8
1319320 877.0
1319330 877.0
1319340 872.1
1319350 866.6
1319360 866.6
1319370 864.6
1319380 865.2
1319390 865.2
1319400 865.5
1319410 865.7
1319420 865.7
1319430 865.3
1319440 865.0
1319450 865.0
1319460 864.8
1319470 864.4
1319480 864.4
1319490 863.7
1319500 862.8
1319510 862.8
1319520 862.1
1319530 861.4
1319540 861.4
1319550 860.8
1319560 860.7
1319570 860.7
1319580 860.8
1319590 861.5
1319600 861.5
1319610 863.1
1319620 866.7
1319630 872.3
1319640 872.3
1319650 878.1
1319660 884.9
1319670 884.9
1319680 893.0
1319690 899.4
1319700 899.4
1319710 905.0
1319720 901.4
1319730 901.4
1319740 893.0
1319750 885.9
1319760 885.9
1319770 878.4
1319780 871.8
1319790 871.8
1319800 866.6
1319810 862.0
1319820 862.0
1319830 858.0
1319840 854.9
1319850 854.9
1319860 853.3
1319870 852.8
1319880 852.8
1319890 852.5
1319900 852.6
1319910 852.6
1319920 854.9
1319930 861.9
1319940 861.9
1319950 870.6
1319960 875.4
1319970 875.4
1319980 876.3
1319990 874.9
