1300880 1145.0
1300890 1145.0
1300900 1147.4
1300910 1150.7
1300920 1150.7
1300930 1155.1
1300940 1160.5
1300950 1160.5
1300960 1167.2
1300970 1175.2
1300980 1175.2
1300990 1181.8
1301000 1188.0
1301010 1188.0
1301020 1194.4
1301030 1201.1
1301040 1207.1
1301050 1207.1
1301060 1213.7
1301070 1220.5
1301080 1220.5
1301090 1228.1
1301100 1237.0
1301110 1237.0
1301120 1244.5
1301130 1250.4
1301140 1250.4
1301150 1257.1
1301160 1263.6
1301170 1263.6
1301180 1272.2
1301190 1281.9
1301200 1281.9
1301210 1290.4
1301220 1299.4
1301230 1299.4
1301240 1306.4
1301250 1312.2
1301260 1313.8
1301270 1318.8
1301280 1323.8
1301290 1323.8
1301300 1327.6
1301310 1328.7
1301320 1328.7
1301330 1325.5
1301340 1321.4
1301350 1321.4
1301360 1320.2
1301370 1320.5
1301380 1320.5
1301390 1318.8
1301400 1316.7
1301410 1314.0
1301420 1314.0
1301430 1308.7
1301440 1304.9
1301450 1304.9
1301460 1300.8
1301470 1300.4
1301480 1300.4
1301490 1302.4
1301500 1300.5
1301510 1300.5
1301520 1304.9
1301530 1308.6
1301540 1308.6
1301550 1311.6
1301560 1319.8
1301570 1319.8
1301580 1326.9
1301590 1331.4
1301600 1331.4
1301610 1336.5
1301620 1340.9
1301630 1340.9
1301640 1347.4
1301650 1355.9
1301660 1355.9
1301670 1363.5
1301680 1370.0
1301690 1370.0
1301700 1376.4
1301710 1382.8
1301720 1382.8
1301730 1389.4
1301740 1395.8
1301750 1395.8
1301760 1402.5
1301770 1410.0
1301780 1410.0
1301790 1417.7
1301800 1425.5
1301810 1433.3
1301820 1433.3
1301830 1440.3
1301840 1448.2
1301850 1448.2
1301860 1458.7
1301870 1471.3
1301880 1471.3
1301890 1480.3
1301900 1489.7
1301910 1489.7
1301920 1496.2
1301930 1501.8
1301940 1501.8
1301950 1506.8
1301960 1515.4
1301970 1515.4
1301980 1519.2
1301990 1520.3
1302000 1520.3
1302010 1519.0
1302020 1517.2
1302030 1517.2
1302040 1516.4
1302050 1516.5
1302060 1516.5
1302070 1517.4
1302080 1516.7
1302090 1516.7
1302100 1515.6
1302110 1514.5
1302120 1514.5
1302130 1513.0
1302140 1509.7
1302150 1509.7
1302160 1510.5
1302170 1510.4
1302180 1512.2
1302190 1512.2
1302200 1514.1
1302210 1514.7
1302220 1514.7
1302230 1515.6
1302240 1520.0
1302250 1520.0
1302260 1526.4
1302270 1534.0
1302280 1534.0
1302290 1543.5
1302300 1550.1
1302310 1550.1
1302320 1555.3
1302330 1559.3
1302340 1559.3
1302350 1562.2
1302360 1564.3
1302370 1564.3
1302380 1566.9
1302390 1570.6
1302400 1570.6
1302410 1572.2
1302420 1571.6
1302430 1571.6
1302440 1570.6
1302450 1570.4
1302460 1570.4
1302470 1571.8
1302480 1574.5
1302490 1574.5
1302500 1577.5
1302510 1580.2
1302520 1580.2
1302530 1582.1
1302540 1585.0
1302550 1585.0
1302560 1585.8
1302570 1583.8
1302580 1581.4
1302590 1581.4
1302600 1579.6
1302610 1576.4
1302620 1576.4
1302630 1570.3
1302640 1566.5
1302650 1566.5
1302660 1562.6
1302670 1559.5
1302680 1559.5
1302690 1555.1
1302700 1551.2
1302710 1551.2
1302720 1546.2
1302730 1540.3
1302740 1540.3
1302750 1535.4
1302760 1531.2
1302770 1531.2
1302780 1528.9
1302790 1528.1
1302800 1528.1
1302810 1527.2
1302820 1527.7
1302830 1527.7
1302840 1528.6
1302850 1528.7
1302860 1528.7
1302870 1529.5
1302880 1529.9
1302890 1529.9
1302900 1529.9
1302910 1528.3
1302920 1528.3
1302930 1526.2
1302940 1522.1
1302950 1519.9
1302960 1519.9
1302970 1516.7
1302980 1511.7
1302990 1511.7
1303000 1509.4
1303010 1509.3
1303020 1509.3
1303030 1507.7
1303040 1505.6
1303050 1505.6
1303060 1506.0
1303070 1507.6
1303080 1507.6
1303090 1508.0
1303100 1507.6
1303110 1507.6
1303120 1507.9
1303130 1508.3
1303140 1508.3
1303150 1508.9
1303160 1508.3
1303170 1508.3
1303180 1508.1
1303190 1507.6
1303200 1507.6
1303210 1510.3
1303220 1514.6
1303230 1514.6
1303240 1518.8
1303250 1523.9
1303260 1523.9
1303270 1529.0
1303280 1534.1
1303290 1534.1
1303300 1538.6
1303310 1543.0
1303320 1543.0
1303330 1547.0
1303340 1550.0
1303350 1550.9
1303360 1550.9
1303370 1544.9
1303380 1544.6
1303390 1544.6
1303400 1544.2
1303410 1544.2
1303420 1544.2
1303430 1543.3
1303440 1541.6
1303450 1541.6
1303460 1539.9
1303470 1538.2
1303480 1538.2
1303490 1537.0
1303500 1537.7
1303510 1537.7
1303520 1538.3
1303530 1538.8
1303540 1538.8
1303550 1541.6
1303560 1543.5
1303570 1543.5
1303580 1544.9
1303590 1546.6
1303600 1546.6
1303610 1547.4
1303620 1547.7
1303630 1547.7
1303640 1547.6
1303650 1546.7
1303660 1546.7
1303670 1545.0
1303680 1542.8
1303690 1542.8
1303700 1540.6
1303710 1538.8
1303720 1538.8
1303730 1537.1
1303740 1535.9
1303750 1534.2
1303760 1534.2
1303770 1533.2
1303780 1532.7
1303790 1532.7
1303800 1531.8
1303810 1531.0
1303820 1531.0
1303830 1530.6
1303840 1529.8
1303850 1529.8
1303860 1528.7
1303870 1527.5
1303880 1527.5
1303890 1526.0
1303900 1524.8
1303910 1524.8
1303920 1523.6
1303930 1522.4
1303940 1522.4
1303950 1520.5
1303960 1518.0
1303970 1518.0
1303980 1515.1
1303990 1512.8
1304000 1512.8
1304010 1511.5
1304020 1510.9
1304030 1510.9
1304040 1509.4
1304050 1507.7
1304060 1507.7
1304070 1506.2
1304080 1498.8
1304090 1498.8
1304100 1494.7
1304110 1491.4
1304120 1487.7
1304130 1487.7
1304140 1484.8
1304150 1482.3
1304160 1482.3
1304170 1479.9
1304180 1476.2
1304190 1476.2
1304200 1471.5
1304210 1466.0
1304220 1466.0
1304230 1463.4
1304240 1461.1
1304250 1461.1
1304260 1458.3
1304270 1455.4
1304280 1455.4
1304290 1453.3
1304300 1451.1
1304310 1451.1
1304320 1448.8
1304330 1446.4
1304340 1446.4
1304350 1444.0
1304360 1441.1
1304370 1441.1
1304380 1437.4
1304390 1433.8
1304400 1433.8
1304410 1430.1
1304420 1427.2
1304430 1427.2
1304440 1424.9
1304450 1421.4
1304460 1421.4
1304470 1417.9
1304480 1414.3
1304490 1414.3
1304500 1410.9
1304510 1407.8
1304520 1405.1
1304530 1405.1
1304540 1402.0
1304550 1397.2
1304560 1397.2
1304570 1392.7
1304580 1389.1
1304590 1389.1
1304600 1386.2
1304610 1383.5
1304620 1383.5
1304630 1380.5
1304640 1378.3
1304650 1378.3
1304660 1376.2
1304670 1374.6
1304680 1374.6
1304690 1373.7
1304700 1372.9
1304710 1372.9
1304720 1372.5
1304730 1372.0
1304740 1372.0
1304750 1371.2
1304760 1370.5
1304770 1370.5
1304780 1370.3
1304790 1365.5
1304800 1365.5
1304810 1364.4
1304820 1362.4
1304830 1362.4
1304840 1360.4
1304850 1358.4
1304860 1358.4
1304870 1357.0
1304880 1356.9
1304890 1357.6
1304900 1357.6
1304910 1357.7
1304920 1357.3
1304930 1357.3
1304940 1356.1
1304950 1354.9
1304960 1354.9
1304970 1353.8
1304980 1352.8
1304990 1352.8
1305000 1352.0
1305010 1348.4
1305020 1348.4
1305030 1344.3
1305040 1349.1
1305050 1349.1
1305060 1353.0
1305070 1354.9
1305080 1354.9
1305090 1355.2
1305100 1356.7
1305110 1356.7
1305120 1359.5
1305130 1363.5
1305140 1363.5
1305150 1367.1
1305160 1369.8
1305170 1369.8
1305180 1371.7
1305190 1374.5
1305200 1374.5
1305210 1378.4
1305220 1381.4
1305230 1381.4
1305240 1382.4
1305250 1383.1
1305260 1383.1
1305270 1385.5
1305280 1389.6
1305290 1393.4
1305300 1393.4
1305310 1398.1
1305320 1400.3
1305330 1400.3
1305340 1400.7
1305350 1401.8
1305360 1401.8
1305370 1403.6
1305380 1408.1
1305390 1408.1
1305400 1412.0
1305410 1412.9
1305420 1412.9
1305430 1412.6
1305440 1413.8
1305450 1413.8
1305460 1415.5
1305470 1415.3
1305480 1415.3
1305490 1414.1
1305500 1406.9
1305510 1406.9
1305520 1404.9
1305530 1405.0
1305540 1405.0
1305550 1406.4
1305560 1409.5
1305570 1409.5
1305580 1412.7
1305590 1416.2
1305600 1416.2
1305610 1419.3
1305620 1419.7
1305630 1419.7
1305640 1418.8
1305650 1419.4
1305660 1423.5
1305670 1423.5
1305680 1424.5
1305690 1422.4
1305700 1422.4
1305710 1421.4
1305720 1422.6
1305730 1422.6
1305740 1425.1
1305750 1429.2
1305760 1429.2
1305770 1435.4
1305780 1443.7
1305790 1443.7
1305800 1449.6
1305810 1447.4
1305820 1447.4
1305830 1446.3
1305840 1445.5
1305850 1445.5
1305860 1444.1
1305870 1441.0
1305880 1441.0
1305890 1442.0
1305900 1447.0
1305910 1447.0
1305920 1453.4
1305930 1458.2
1305940 1458.2
1305950 1461.7
1305960 1465.6
1305970 1465.6
1305980 1468.4
1305990 1466.8
1306000 1466.8
1306010 1464.6
1306020 1466.6
1306030 1466.6
1306040 1467.5
1306050 1471.1
1306060 1476.3
1306070 1476.3
1306080 1482.2
1306090 1488.1
1306100 1488.1
1306110 1494.4
1306120 1501.1
1306130 1501.1
1306140 1507.0
1306150 1513.0
1306160 1513.0
1306170 1519.4
1306180 1522.9
1306190 1522.9
1306200 1524.6
1306210 1525.8
1306220 1529.4
1306230 1531.9
1306240 1533.8
1306250 1533.8
1306260 1535.3
1306270 1537.6
1306280 1537.6
1306290 1540.5
1306300 1539.6
1306310 1539.6
1306320 1539.5
1306330 1539.4
1306340 1539.4
1306350 1535.8
1306360 1527.5
1306370 1527.5
1306380 1521.3
1306390 1516.4
1306400 1516.4
1306410 1511.4
1306420 1507.0
1306430 1502.1
1306440 1502.1
1306450 1497.1
1306460 1492.4
1306470 1492.4
1306480 1488.5
1306490 1486.9
1306500 1486.9
1306510 1485.1
1306520 1482.4
1306530 1482.4
1306540 1479.4
1306550 1476.6
1306560 1476.6
1306570 1474.2
1306580 1471.3
1306590 1471.3
1306600 1467.2
1306610 1465.7
1306620 1465.7
1306630 1464.7
1306640 1463.0
1306650 1463.0
1306660 1460.5
1306670 1456.6
1306680 1456.6
1306690 1452.3
1306700 1447.8
1306710 1447.8
1306720 1444.5
1306730 1441.9
1306740 1441.9
1306750 1442.1
1306760 1442.4
1306770 1442.4
1306780 1442.2
1306790 1441.4
1306800 1441.4
1306810 1444.8
1306820 1445.1
1306830 1452.6
1306840 1452.6
1306850 1457.9
1306860 1462.3
1306870 1462.3
1306880 1464.4
1306890 1463.7
1306900 1463.7
1306910 1459.6
1306920 1458.4
1306930 1458.4
1306940 1472.0
1306950 1476.6
1306960 1476.6
1306970 1482.0
1306980 1484.4
1306990 1484.4
1307000 1487.7
1307010 1497.9
1307020 1497.9
1307030 1507.6
1307040 1516.1
1307050 1516.1
1307060 1523.5
1307070 1529.6
1307080 1529.6
1307090 1536.0
1307100 1543.0
1307110 1543.0
1307120 1550.3
1307130 1557.8
1307140 1557.8
1307150 1561.3
1307160 1553.7
1307170 1553.7
1307180 1544.5
1307190 1536.0
1307200 1530.9
1307210 1530.9
1307220 1529.9
1307230 1527.4
1307240 1527.4
1307250 1523.2
1307260 1517.0
1307270 1517.0
1307280 1516.9
1307290 1525.0
1307300 1525.0
1307310 1533.0
1307320 1541.1
1307330 1541.1
1307340 1551.6
1307350 1559.3
1307360 1559.3
1307370 1563.1
1307380 1562.4
1307390 1562.4
1307400 1560.3
1307410 1556.7
1307420 1556.7
1307430 1558.2
1307440 1565.7
1307450 1565.7
1307460 1571.9
1307470 1573.9
1307480 1573.9
1307490 1573.4
1307500 1574.5
1307510 1574.5
1307520 1576.7
1307530 1579.4
1307540 1579.4
1307550 1582.8
1307560 1586.2
1307570 1586.2
1307580 1585.0
1307590 1581.2
1307600 1576.6
1307610 1576.6
1307620 1569.5
1307630 1566.8
1307640 1566.8
1307650 1563.2
1307660 1570.0
1307670 1570.0
1307680 1576.3
1307690 1583.3
1307700 1583.3
1307710 1587.1
1307720 1585.9
1307730 1585.9
1307740 1587.6
1307750 1592.9
1307760 1592.9
1307770 1600.9
1307780 1608.9
1307790 1608.9
1307800 1616.4
1307810 1622.4
1307820 1622.4
1307830 1626.6
1307840 1628.3
1307850 1628.3
1307860 1628.8
1307870 1630.9
1307880 1630.9
1307890 1634.2
1307900 1639.5
1307910 1639.5
1307920 1642.4
1307930 1645.1
1307940 1645.1
1307950 1647.0
1307960 1644.2
1307970 1644.2
1307980 1641.5
1307990 1640.3
1308000 1640.0
1308010 1640.0
1308020 1641.6
1308030 1642.5
1308040 1642.5
1308050 1642.9
1308060 1643.2
1308070 1643.2
1308080 1647.4
1308090 1654.4
1308100 1654.4
1308110 1660.7
1308120 1667.3
1308130 1667.3
1308140 1673.7
1308150 1680.1
1308160 1680.1
1308170 1686.2
1308180 1692.3
1308190 1692.3
1308200 1697.8
1308210 1702.9
1308220 1702.9
1308230 1705.3
1308240 1703.6
1308250 1703.6
1308260 1701.7
1308270 1699.1
1308280 1699.1
1308290 1698.0
1308300 1695.3
1308310 1695.3
1308320 1692.3
1308330 1689.6
1308340 1689.6
1308350 1687.7
1308360 1685.5
1308370 1682.6
1308380 1682.6
1308390 1689.4
1308400 1687.6
1308410 1687.6
1308420 1686.5
1308430 1684.2
1308440 1684.2
1308450 1683.4
1308460 1683.8
1308470 1683.8
1308480 1685.7
1308490 1689.3
1308500 1689.3
1308510 1692.7
1308520 1694.3
1308530 1694.3
1308540 1693.7
1308550 1691.0
1308560 1691.0
1308570 1688.7
1308580 1686.1
1308590 1686.1
1308600 1684.1
1308610 1680.6
1308620 1680.6
1308630 1672.8
1308640 1663.9
1308650 1663.9
1308660 1655.1
1308670 1646.5
1308680 1646.5
1308690 1638.5
1308700 1633.4
1308710 1633.4
1308720 1628.7
1308730 1623.8
1308740 1623.8
1308750 1619.3
1308760 1615.0
1308770 1611.4
1308780 1611.4
1308790 1608.2
1308800 1606.1
1308810 1606.1
1308820 1604.9
1308830 1605.8
1308840 1605.8
1308850 1608.0
1308860 1611.8
1308870 1611.8
1308880 1616.5
1308890 1619.3
1308900 1619.3
1308910 1618.9
1308920 1615.1
1308930 1615.1
1308940 1611.6
1308950 1606.6
1308960 1606.6
1308970 1603.3
1308980 1600.1
1308990 1600.1
1309000 1600.7
1309010 1601.8
1309020 1601.8
1309030 1609.1
1309040 1615.7
1309050 1615.7
1309060 1618.5
1309070 1616.0
1309080 1616.0
1309090 1611.6
1309100 1607.0
1309110 1614.7
1309120 1609.9
1309130 1607.5
1309140 1608.4
1309150 1608.4
1309160 1604.7
1309170 1605.7
1309180 1605.7
1309190 1609.2
1309200 1609.0
1309210 1609.0
1309220 1606.8
1309230 1607.3
1309240 1607.3
1309250 1606.1
1309260 1605.0
1309270 1605.0
1309280 1605.8
1309290 1606.0
1309300 1606.0
1309310 1607.7
1309320 1607.9
1309330 1607.9
1309340 1608.7
1309350 1611.6
1309360 1611.6
1309370 1616.7
1309380 1621.4
1309390 1621.4
1309400 1625.5
1309410 1627.0
1309420 1627.0
1309430 1628.1
1309440 1631.8
1309450 1631.8
1309460 1639.6
1309470 1648.5
1309480 1648.5
1309490 1656.5
1309500 1661.7
1309510 1661.7
1309520 1667.6
1309530 1672.5
1309540 1675.2
1309550 1675.2
1309560 1677.1
1309570 1680.9
1309580 1680.9
1309590 1686.5
1309600 1690.5
1309610 1690.5
1309620 1693.7
1309630 1697.1
1309640 1697.1
1309650 1701.6
1309660 1707.5
1309670 1707.5
1309680 1713.7
1309690 1719.0
1309700 1719.0
1309710 1723.9
1309720 1728.8
1309730 1728.8
1309740 1734.5
1309750 1739.8
1309760 1739.8
1309770 1745.5
1309780 1749.4
1309790 1749.4
1309800 1753.3
1309810 1757.6
1309820 1757.6
1309830 1762.4
1309840 1771.3
1309850 1771.3
1309860 1772.9
1309870 1773.7
1309880 1773.7
1309890 1774.4
1309900 1775.3
1309910 1776.6
1309920 1776.6
1309930 1777.7
1309940 1778.5
1309950 1778.5
1309960 1779.0
1309970 1779.4
1309980 1779.4
1309990 1779.5
1310000 1778.0
1310010 1778.0
1310020 1773.1
1310030 1763.4
1310040 1763.4
1310050 1753.9
1310060 1744.1
1310070 1744.1
1310080 1736.1
1310090 1727.3
1310100 1727.3
1310110 1718.4
1310120 1713.2
1310130 1713.2
1310140 1709.3
1310150 1705.3
1310160 1705.3
1310170 1701.5
1310180 1697.9
1310190 1697.9
1310200 1694.4
1310210 1691.6
1310220 1691.6
1310230 1689.7
1310240 1688.2
1310250 1688.2
1310260 1687.2
1310270 1686.1
1310280 1686.1
1310290 1685.1
1310300 1684.6
1310310 1685.0
1310320 1685.0
1310330 1684.0
1310340 1681.9
1310350 1681.9
1310360 1681.8
1310370 1685.4
1310380 1685.4
1310390 1691.2
1310400 1695.5
1310410 1695.5
1310420 1693.8
1310430 1692.7
1310440 1692.7
1310450 1693.5
1310460 1695.0
1310470 1695.0
1310480 1698.1
1310490 1704.3
1310500 1704.3
1310510 1710.1
1310520 1710.4
1310530 1710.4
1310540 1713.4
1310550 1720.1
1310560 1720.1
1310570 1723.2
1310580 1734.3
1310590 1734.3
1310600 1737.3
1310610 1740.6
1310620 1740.6
1310630 1746.1
1310640 1751.2
1310650 1751.2
1310660 1753.5
1310670 1754.3
1310680 1753.6
1310690 1753.6
1310700 1752.7
1310710 1751.2
1310720 1751.2
1310730 1749.9
1310740 1749.1
1310750 1749.1
1310760 1748.4
1310770 1747.7
1310780 1747.7
1310790 1747.0
1310800 1746.4
1310810 1746.4
1310820 1746.3
1310830 1746.4
1310840 1746.4
1310850 1746.1
1310860 1746.2
1310870 1746.2
1310880 1746.2
1310890 1746.1
1310900 1746.1
1310910 1745.7
1310920 1746.1
1310930 1746.1
1310940 1746.8
1310950 1746.9
1310960 1746.9
1310970 1747.7
1310980 1748.4
1310990 1748.4
1311000 1749.2
1311010 1749.9
1311020 1749.9
1311030 1750.8
1311040 1751.6
1311050 1751.6
1311060 1752.8
1311070 1754.1
1311080 1755.1
1311090 1755.1
1311100 1756.3
1311110 1757.5
1311120 1757.5
1311130 1758.5
1311140 1759.5
1311150 1759.5
1311160 1760.4
1311170 1761.5
1311180 1761.5
1311190 1762.5
1311200 1763.3
1311210 1763.3
1311220 1764.3
1311230 1765.2
1311240 1765.2
1311250 1765.7
1311260 1766.2
1311270 1766.2
1311280 1767.1
1311290 1767.8
1311300 1767.8
1311310 1768.7
1311320 1762.2
1311330 1762.2
1311340 1763.2
1311350 1764.3
1311360 1764.3
1311370 1765.8
1311380 1766.9
1311390 1766.9
1311400 1767.8
1311410 1769.0
1311420 1769.0
1311430 1770.1
1311440 1771.1
1311450 1772.7
1311460 1772.7
1311470 1774.3
1311480 1775.7
1311490 1775.7
1311500 1776.8
1311510 1778.0
1311520 1778.0
1311530 1779.4
1311540 1780.4
1311550 1780.4
1311560 1781.7
1311570 1782.7
1311580 1782.7
1311590 1784.1
1311600 1785.3
1311610 1785.3
1311620 1786.1
1311630 1786.6
1311640 1786.6
1311650 1787.0
1311660 1787.2
1311670 1787.2
1311680 1787.1
1311690 1786.9
1311700 1786.9
1311710 1786.5
1311720 1785.3
1311730 1785.3
1311740 1783.7
1311750 1782.2
1311760 1782.2
1311770 1780.4
1311780 1779.1
1311790 1779.1
1311800 1777.5
1311810 1773.6
1311820 1773.6
1311830 1766.8
1311840 1759.1
1311850 1749.2
1311860 1749.2
1311870 1737.3
1311880 1727.2
1311890 1727.2
1311900 1719.3
1311910 1713.8
1311920 1713.8
1311930 1708.4
1311940 1705.3
1311950 1705.3
1311960 1695.6
1311970 1678.7
1311980 1678.7
1311990 1669.7
1312000 1663.4
1312010 1663.4
1312020 1656.6
1312030 1650.2
1312040 1650.2
1312050 1644.4
1312060 1635.3
1312070 1635.3
1312080 1629.6
1312090 1624.1
1312100 1624.1
1312110 1619.0
1312120 1615.0
1312130 1615.0
1312140 1611.9
1312150 1609.1
1312160 1609.1
1312170 1607.0
1312180 1604.9
1312190 1604.9
1312200 1602.7
1312210 1600.4
1312220 1596.8
1312230 1596.8
1312240 1592.6
1312250 1589.5
1312260 1589.5
1312270 1587.6
1312280 1585.7
1312290 1585.7
1312300 1583.8
1312310 1582.3
1312320 1582.3
1312330 1580.2
1312340 1577.8
1312350 1577.8
1312360 1576.0
1312370 1574.1
1312380 1574.1
1312390 1571.5
1312400 1568.8
1312410 1568.8
1312420 1566.7
1312430 1565.8
1312440 1565.8
1312450 1565.5
1312460 1565.1
1312470 1565.1
1312480 1564.5
1312490 1561.9
1312500 1561.9
1312510 1559.7
1312520 1558.8
1312530 1558.8
1312540 1558.8
1312550 1557.3
1312560 1557.3
1312570 1554.3
1312580 1552.0
1312590 1552.0
1312600 1550.1
1312610 1548.4
1312620 1547.1
1312630 1547.1
1312640 1545.5
1312650 1544.4
1312660 1544.4
1312670 1544.2
1312680 1543.6
1312690 1543.6
1312700 1543.1
1312710 1541.8
1312720 1541.8
1312730 1540.4
1312740 1539.5
1312750 1539.5
1312760 1539.1
1312770 1538.7
1312780 1538.7
1312790 1536.9
1312800 1530.1
1312810 1530.1
1312820 1529.0
1312830 1527.3
1312840 1527.3
1312850 1525.3
1312860 1521.8
1312870 1521.8
1312880 1519.7
1312890 1519.5
1312900 1519.5
1312910 1517.3
1312920 1513.5
1312930 1513.5
1312940 1511.5
1312950 1510.6
1312960 1510.6
1312970 1509.7
1312980 1506.5
1312990 1504.7
1313000 1504.7
1313010 1504.6
1313020 1504.5
1313030 1504.5
1313040 1504.2
1313050 1500.7
1313060 1500.7
1313070 1500.4
1313080 1500.1
1313090 1500.1
1313100 1500.7
1313110 1499.4
1313120 1499.4
1313130 1498.6
1313140 1501.3
1313150 1501.3
1313160 1501.6
1313170 1501.6
1313180 1501.6
1313190 1500.3
1313200 1499.4
1313210 1499.4
1313220 1500.1
1313230 1502.6
1313240 1502.6
1313250 1504.8
1313260 1507.5
1313270 1507.5
1313280 1511.2
1313290 1515.2
1313300 1515.2
1313310 1518.3
1313320 1520.4
1313330 1520.4
1313340 1522.5
1313350 1526.3
1313360 1526.3
1313370 1530.3
1313380 1532.1
1313390 1529.1
1313400 1529.1
1313410 1525.2
1313420 1522.5
1313430 1522.5
1313440 1521.2
1313450 1521.4
1313460 1521.4
1313470 1519.8
1313480 1522.6
1313490 1522.6
1313500 1523.3
1313510 1519.9
1313520 1519.9
1313530 1515.4
1313540 1511.2
1313550 1519.3
1313560 1516.2
1313570 1513.5
1313580 1513.5
1313590 1511.6
1313600 1509.3
1313610 1509.3
1313620 1504.5
1313630 1496.1
1313640 1496.1
1313650 1487.0
1313660 1480.3
1313670 1480.3
1313680 1474.8
1313690 1470.3
1313700 1470.3
1313710 1466.3
1313720 1461.9
1313730 1461.9
1313740 1459.9
1313750 1457.7
1313760 1455.7
1313770 1455.7
1313780 1453.7
1313790 1453.6
1313800 1453.6
1313810 1452.1
1313820 1450.0
1313830 1450.0
1313840 1449.6
1313850 1449.6
1313860 1449.6
1313870 1447.4
1313880 1441.6
1313890 1441.6
1313900 1433.7
1313910 1427.1
1313920 1427.1
1313930 1423.0
1313940 1426.7
1313950 1426.7
1313960 1431.4
1313970 1432.2
1313980 1432.2
1313990 1430.9
1314000 1423.0
1314010 1423.0
1314020 1416.2
1314030 1413.9
1314040 1413.9
1314050 1413.7
1314060 1414.4
1314070 1414.4
1314080 1416.5
1314090 1415.0
1314100 1415.0
1314110 1411.6
1314120 1404.3
1314130 1404.3
1314140 1394.2
1314150 1386.2
1314160 1378.6
1314170 1378.6
1314180 1373.2
1314190 1368.1
1314200 1368.1
1314210 1363.5
1314220 1359.1
1314230 1359.1
1314240 1355.3
1314250 1351.7
1314260 1351.7
1314270 1349.3
1314280 1349.4
1314290 1349.4
1314300 1355.7
1314310 1354.1
1314320 1354.1
1314330 1351.3
1314340 1348.9
1314350 1348.9
1314360 1348.5
1314370 1351.2
1314380 1351.2
1314390 1353.3
1314400 1355.8
1314410 1355.8
1314420 1358.2
1314430 1358.3
1314440 1358.3
1314450 1354.2
1314460 1352.9
1314470 1352.9
1314480 1350.6
1314490 1349.0
1314500 1349.0
1314510 1347.6
1314520 1344.0
1314530 1342.6
1314540 1342.6
1314550 1343.9
1316570 1092.6
1316580 1092.1
1316590 1091.9
1316600 1091.9
1316610 1091.9
1316620 1090.1
1316630 1090.1
1316640 1087.3
1316650 1085.3
1316660 1085.3
1316670 1084.4
1316680 1083.0
1316690 1083.0
1316700 1080.7
1316710 1077.8
1316720 1077.8
1316730 1076.4
1318210 1362.6
1318220 1365.0
1318230 1365.0
1318240 1368.6
1318250 1371.9
1318260 1371.9
1318270 1374.9
1318280 1377.7
1318290 1377.7
1318300 1380.4
1318310 1381.4
1318320 1381.4
1318330 1382.0
1318340 1383.3
1318350 1383.3
1318360 1384.8
1318370 1385.4
1318380 1384.3
1318390 1384.3
1318400 1383.3
1318410 1383.9
1318420 1383.9
1318430 1385.5
1318440 1386.9
1318450 1386.9
1318460 1388.2
1318470 1389.1
1318480 1389.1
1318490 1389.8
1318500 1390.1
1318510 1390.1
1318520 1389.1
1318530 1388.7
1318540 1388.7
1318550 1388.4
1318560 1388.2
1318570 1388.2
1318580 1387.9
1318590 1388.5
1318600 1388.5
1318610 1387.4
1318620 1384.3
1318630 1384.3
1318640 1383.7
1318650 1381.7
1318660 1381.7
1318670 1378.3
1318680 1375.1
1318690 1375.1
1318700 1371.6
1318710 1370.6
1318720 1370.6
1318730 1368.8
1318740 1367.4
1318750 1367.4
1318760 1365.4
1318770 1361.8
1318780 1359.5
1318790 1359.5
1318800 1358.1
1318810 1356.3
1318820 1356.3
1318830 1353.2
1318840 1350.4
1318850 1350.4
1318860 1347.1
1318870 1343.9
1318880 1335.4
1318890 1331.5
1318900 1326.1
1318910 1326.1
1318920 1323.0
1318930 1321.0
1318940 1321.0
1318950 1319.5
1318960 1318.4
1318970 1318.4
1318980 1318.2
1318990 1318.8
1319000 1318.8
1319010 1318.8
1319020 1319.7
1319030 1319.7
1319040 1321.1
1319050 1321.8
1319060 1321.8
1319070 1323.2
1319080 1324.2
1319090 1324.2
1319100 1325.8
1319110 1327.7
1319120 1327.7
1319130 1328.6
1319140 1328.9
1319150 1329.0
1319160 1329.0
1319170 1329.0
1319180 1328.6
1319190 1328.6
1319200 1328.2
1319210 1327.1
1319220 1327.1
1319230 1325.9
1319240 1324.7
1319250 1324.7
1319260 1323.3
1319270 1322.3
1319280 1322.3
1319290 1321.4
1319300 1320.1
1319310 1320.1
1319320 1318.4
1319330 1316.2
1319340 1316.2
1319350 1314.3
1319360 1312.3
1319370 1312.3
1319380 1311.4
1319390 1310.7
1319400 1310.7
1319410 1309.8
1319420 1308.6
1319430 1308.6
1319440 1306.9
1319450 1304.8
1319460 1304.8
1319470 1302.2
1319480 1299.5
1319490 1299.5
1319500 1297.3
1319510 1294.6
1319520 1294.6
1319530 1291.7
1319540 1289.3
1319550 1287.1
1319560 1287.1
1319570 1284.9
1319580 1282.5
1319590 1282.5
1319600 1280.2
1319610 1278.1
1319620 1278.1
1319630 1275.6
1319640 1273.0
1319650 1273.3
1319660 1270.6
1319670 1267.8
1319680 1267.8
1319690 1264.7
1319700 1261.0
1319710 1261.0
1319720 1257.1
1319730 1253.9
1319740 1253.9
1319750 1251.7
1319760 1249.3
1319770 1249.3
1319780 1246.3
1319790 1243.0
1319800 1243.0
1319810 1241.3
1319820 1240.4
1319830 1240.4
1319840 1239.4
1319850 1238.2
1319860 1238.2
1319870 1236.3
1319880 1233.5
1319890 1233.5
1319900 1231.1
1319910 1233.5
1319920 1238.7
1319930 1238.7
1319940 1242.9
1319950 1245.4
1319960 1245.4
1319970 1247.1
1319980 1248.7
1319990 1248.7
