1300000 1441.7
1300010 1441.7
1300020 1435.1
1300030 1429.2
1300040 1429.2
1300050 1423.1
1300060 1416.2
1300070 1416.2
1300080 1409.0
1300090 1403.1
1300100 1403.1
1300110 1397.2
1300120 1392.2
1300130 1392.2
1300140 1383.7
1300150 1376.1
1300160 1376.1
1300170 1368.9
1300180 1362.2
1300190 1362.2
1300200 1357.2
1300210 1351.3
1300220 1351.3
1300230 1341.1
1300240 1330.9
1300250 1330.9
1300260 1319.7
1300270 1308.8
1300280 1300.4
1300290 1300.4
1300300 1294.1
1300310 1287.3
1300320 1287.3
1300330 1276.6
1300340 1267.6
1300350 1267.6
1300360 1270.4
1300370 1278.2
1300380 1278.2
1300390 1282.3
1300400 1280.4
1300410 1280.4
1300420 1279.7
1300430 1278.3
1300440 1278.3
1300450 1276.0
1300460 1274.8
1300470 1274.8
1300480 1277.0
1300490 1277.3
1300500 1277.3
1300510 1276.7
1300520 1277.1
1300530 1277.1
1300540 1274.6
1300550 1272.4
1300560 1272.4
1300570 1268.0
1300580 1264.4
1300590 1264.4
1300600 1259.9
1300610 1254.5
1300620 1254.5
1300630 1247.9
1300640 1247.7
1300650 1247.9
1300660 1247.9
1300670 1247.7
1300680 1251.0
1300690 1251.0
1300700 1254.3
1300710 1254.6
1300720 1254.6
1300730 1251.7
1300740 1246.9
1300750 1246.9
1300760 1243.0
1300770 1234.6
1300780 1234.6
1300790 1229.1
1300800 1235.8
1300810 1242.4
1300820 1249.6
1300830 1259.1
1300840 1259.1
1300850 1266.7
1300860 1270.9
1300870 1270.9
1300880 1279.2
1300890 1289.2
1300900 1289.2
1300910 1298.8
1300920 1307.6
1300930 1307.6
1300940 1314.8
1300950 1323.2
1300960 1323.2
1300970 1332.8
1300980 1339.3
1300990 1339.3
1301000 1344.8
1301010 1349.5
1301020 1349.5
1301030 1354.0
1301040 1358.4
1301050 1363.4
1301060 1363.4
1301070 1368.1
1301080 1371.1
1301090 1371.1
1301100 1374.0
1301110 1375.9
1301120 1375.9
1301130 1377.6
1301140 1379.5
1301150 1379.5
1301160 1379.5
1301170 1380.5
1301180 1380.5
1301190 1382.2
1301200 1383.8
1301210 1383.8
1301220 1386.4
1301230 1390.1
1301240 1390.1
1301250 1394.0
1301260 1396.8
1301270 1396.8
1301280 1399.4
1301290 1403.1
1301300 1403.1
1301310 1406.9
1301320 1410.4
1301330 1410.4
1301340 1413.2
1301350 1416.8
1301360 1416.8
1301370 1421.0
1301380 1424.8
1301390 1424.8
1301400 1427.9
1301410 1432.4
1301420 1438.5
1301430 1438.5
1301440 1441.5
1301450 1444.7
1301460 1444.7
1301470 1450.3
1301480 1456.5
1301490 1456.5
1301500 1461.7
1301510 1460.1
1301520 1460.1
1301530 1464.2
1301540 1469.7
1301550 1469.7
1301560 1473.2
1301570 1475.3
1301580 1475.3
1301590 1475.1
1301600 1475.4
1301610 1475.4
1301620 1477.2
1301630 1478.9
1301640 1478.9
1301650 1479.7
1301660 1479.5
1301670 1479.5
1301680 1479.0
1301690 1477.9
1301700 1477.9
1301710 1474.9
1301720 1472.6
1301730 1472.6
1301740 1471.1
1301750 1470.1
1301760 1470.1
1301770 1469.9
1301780 1470.2
1301790 1470.2
1301800 1469.1
1301810 1467.3
1301820 1465.8
1301830 1465.8
1301840 1464.8
1301850 1464.7
1301860 1464.7
1301870 1465.5
1301880 1467.2
1301890 1467.2
1301900 1469.2
1301910 1471.6
1301920 1471.6
1301930 1474.1
1301940 1476.7
1301950 1476.7
1301960 1479.1
1301970 1481.2
1301980 1481.2
1301990 1482.7
1302000 1484.5
1302010 1484.5
1302020 1486.7
1302030 1490.0
1302040 1490.0
1302050 1494.5
1302060 1499.1
1302070 1499.1
1302080 1502.3
1302090 1504.4
1302100 1504.4
1302110 1506.7
1302120 1507.8
1302130 1507.8
1302140 1507.4
1302150 1504.4
1302160 1504.4
1302170 1502.7
1302180 1502.1
1302190 1502.8
1302200 1502.8
1302210 1498.3
1302220 1499.3
1302230 1499.3
1302240 1501.0
1302250 1503.0
1302260 1503.0
1302270 1505.4
1302280 1507.5
1302290 1507.5
1302300 1509.0
1302310 1508.9
1302320 1508.9
1302330 1509.2
1302340 1511.1
1302350 1511.1
1302360 1512.9
1302370 1513.0
1302380 1513.0
1302390 1511.8
1302400 1510.0
1302410 1510.0
1302420 1507.7
1302430 1506.2
1302440 1506.2
1302450 1505.1
1302460 1502.8
1302470 1502.8
1302480 1499.3
1302490 1496.4
1302500 1496.4
1302510 1494.2
1302520 1492.1
1302530 1492.1
1302540 1488.5
1302550 1485.1
1302560 1485.1
1302570 1481.6
1302580 1477.7
1302590 1473.1
1302600 1473.1
1302610 1470.4
1302620 1468.4
1302630 1468.4
1302640 1466.6
1302650 1465.6
1302660 1465.6
1302670 1464.2
1302680 1461.9
1302690 1461.9
1302700 1459.3
1302710 1456.1
1302720 1456.1
1302730 1453.5
1302740 1451.3
1302750 1451.3
1302760 1447.8
1302770 1444.5
1302780 1444.5
1302790 1442.4
1302800 1441.1
1302810 1441.1
1302820 1439.6
1302830 1438.5
1302840 1438.5
1302850 1437.6
1302860 1436.7
1302870 1436.7
1302880 1435.6
1302890 1434.7
1302900 1434.7
1302910 1429.8
1302920 1429.8
1302930 1429.8
1302940 1429.4
1302950 1428.3
1302960 1427.5
1302970 1427.5
1302980 1426.6
1302990 1425.9
1303000 1425.9
1303010 1425.3
1303020 1424.2
1303030 1424.2
1303040 1423.2
1303050 1421.8
1303060 1421.8
1303070 1420.4
1303080 1419.2
1303090 1419.2
1303100 1418.7
1303110 1416.1
1303120 1416.1
1303130 1410.0
1303140 1404.1
1303150 1404.1
1303160 1398.3
1303170 1391.6
1303180 1391.6
1303190 1386.4
1303200 1390.0
1303210 1390.0
1303220 1394.7
1303230 1397.3
1303240 1397.3
1303250 1399.4
1303260 1400.2
1303270 1400.2
1303280 1400.7
1303290 1401.1
1303300 1401.1
1303310 1402.7
1303320 1404.2
1303330 1404.2
1303340 1405.3
1303350 1406.0
1303360 1405.3
1303370 1405.3
1303380 1404.6
1303390 1404.9
1303400 1404.9
1303410 1404.8
1303420 1404.9
1303430 1404.9
1303440 1406.3
1303450 1407.0
1303460 1407.0
1303470 1407.1
1303480 1406.5
1303490 1406.5
1303500 1406.2
1303510 1406.9
1303520 1406.9
1303530 1407.0
1303540 1406.6
1303550 1406.6
1303560 1404.2
1303570 1402.8
1303580 1402.8
1303590 1401.9
1303600 1402.2
1303610 1402.2
1303620 1399.5
1303630 1398.9
1303640 1398.9
1303650 1397.8
1303660 1397.7
1303670 1397.7
1303680 1395.9
1303690 1393.1
1303700 1393.1
1303710 1391.8
1303720 1391.2
1303730 1390.4
1303740 1390.4
1303750 1390.5
1303760 1391.2
1303770 1391.2
1303780 1391.1
1303790 1389.7
1303800 1389.7
1303810 1388.8
1303820 1387.1
1303830 1387.1
1303840 1385.9
1303850 1385.8
1303860 1385.8
1303870 1385.1
1303880 1382.9
1303890 1382.9
1303900 1380.5
1303910 1377.5
1303920 1377.5
1303930 1374.5
1303940 1372.3
1303950 1372.3
1303960 1369.7
1303970 1367.3
1303980 1367.3
1303990 1366.2
1304000 1365.1
1304010 1365.1
1304020 1363.6
1304030 1362.9
1304040 1362.9
1304050 1362.0
1304060 1361.0
1304070 1361.0
1304080 1360.2
1304090 1359.2
1304100 1359.2
1304110 1358.1
1304120 1357.7
1304130 1359.7
1304140 1359.7
1304150 1361.4
1304160 1360.6
1304170 1360.6
1304180 1358.9
1304190 1356.6
1304200 1356.6
1304210 1354.1
1304220 1351.2
1304230 1351.2
1304240 1348.0
1304250 1345.8
1304260 1345.8
1304270 1344.9
1304280 1345.3
1304290 1345.3
1304300 1346.8
1304310 1348.0
1304320 1348.0
1304330 1351.3
1304340 1350.6
1304350 1350.6
1304360 1349.2
1304370 1347.6
1304380 1347.6
1304390 1345.5
1304400 1342.7
1304410 1342.7
1304420 1339.5
1304430 1336.5
1304440 1336.5
1304450 1333.3
1304460 1329.9
1304470 1329.9
1304480 1327.3
1304490 1323.8
1304500 1319.1
1304510 1319.1
1304520 1315.3
1304530 1311.0
1304540 1311.0
1304550 1307.2
1304560 1304.3
1304570 1304.3
1304580 1302.8
1304590 1302.4
1304600 1302.4
1304610 1300.5
1304620 1299.7
1304630 1299.7
1304640 1298.8
1304650 1298.0
1304660 1298.0
1304670 1297.1
1304680 1296.0
1304690 1296.0
1304700 1294.6
1304710 1293.6
1304720 1293.6
1304730 1294.2
1304740 1296.5
1304750 1296.5
1304760 1297.6
1304770 1296.5
1304780 1296.5
1304790 1294.7
1304800 1293.2
1304810 1293.2
1304820 1292.0
1304830 1291.4
1304840 1291.4
1304850 1292.3
1304860 1294.0
1304870 1295.5
1304880 1295.5
1304890 1294.8
1304900 1292.4
1304910 1292.4
1304920 1289.9
1304930 1288.9
1304940 1288.9
1304950 1289.5
1304960 1290.7
1304970 1290.7
1304980 1292.0
1304990 1293.6
1305000 1293.6
1305010 1294.4
1305020 1293.6
1305030 1293.6
1305040 1289.4
1305050 1290.5
1305060 1290.5
1305070 1291.1
1305080 1292.1
1305090 1292.1
1305100 1292.8
1305110 1293.8
1305120 1293.8
1305130 1294.4
1305140 1293.5
1305150 1293.5
1305160 1292.4
1305170 1291.0
1305180 1291.0
1305190 1291.6
1305200 1296.1
1305210 1296.1
1305220 1300.7
1305230 1304.8
1305240 1304.8
1305250 1308.3
1305260 1311.3
1305270 1314.4
1305280 1314.4
1305290 1317.0
1305300 1319.2
1305310 1319.2
1305320 1320.6
1305330 1321.5
1305340 1321.5
1305350 1321.7
1305360 1322.3
1305370 1322.3
1305380 1322.6
1305390 1322.4
1305400 1322.4
1305410 1323.4
1305420 1325.0
1305430 1325.0
1305440 1326.9
1305450 1329.2
1305460 1329.2
1305470 1331.8
1305480 1333.7
1305490 1333.7
1305500 1335.7
1305510 1338.8
1305520 1338.8
1305530 1343.3
1305540 1347.3
1305550 1347.3
1305560 1350.3
1305570 1351.3
1305580 1351.3
1305590 1352.9
1305600 1355.0
1305610 1355.0
1305620 1357.7
1305630 1361.1
1305640 1365.6
1305650 1365.6
1305660 1369.6
1305670 1372.2
1305680 1372.2
1305690 1374.3
1305700 1375.6
1305710 1375.6
1305720 1377.3
1305730 1378.8
1305740 1378.8
1305750 1378.5
1305760 1376.2
1305770 1376.2
1305780 1375.4
1305790 1376.0
1305800 1376.0
1305810 1378.4
1305820 1380.5
1305830 1380.5
1305840 1380.8
1305850 1380.7
1305860 1380.7
1305870 1381.2
1305880 1381.0
1305890 1381.0
1305900 1380.2
1305910 1379.6
1305920 1379.6
1305930 1379.3
1305940 1379.7
1305950 1379.7
1305960 1380.7
1305970 1382.4
1305980 1382.4
1305990 1385.1
1306000 1387.1
1306010 1387.1
1306020 1389.3
1306030 1391.0
1306040 1391.8
1306050 1391.8
1306060 1392.8
1306070 1395.4
1306080 1395.4
1306090 1398.7
1306100 1402.7
1306110 1402.7
1306120 1406.9
1306130 1411.7
1306140 1411.7
1306150 1417.3
1306160 1424.5
1306170 1424.5
1306180 1433.1
1306190 1442.6
1306200 1442.6
1306210 1450.4
1306220 1456.4
1306230 1456.4
1306240 1466.0
1306250 1471.2
1306260 1471.2
1306270 1475.0
1306280 1478.3
1306290 1478.3
1306300 1482.4
1306310 1488.0
1306320 1488.0
1306330 1493.6
1306340 1498.3
1306350 1498.3
1306360 1503.2
1306370 1508.4
1306380 1508.4
1306390 1513.8
1306400 1518.9
1306410 1524.6
1306420 1524.6
1306430 1529.6
1306440 1532.0
1306450 1532.0
1306460 1533.5
1306470 1533.5
1306480 1529.3
1306490 1529.9
1306500 1532.8
1306510 1532.8
1306520 1536.5
1306530 1540.0
1306540 1540.0
1306550 1541.6
1306560 1541.2
1306570 1541.2
1306580 1540.2
1306590 1541.1
1306600 1541.1
1306610 1544.1
1306620 1549.1
1306630 1549.1
1306640 1556.0
1306650 1561.7
1306660 1561.7
1306670 1566.1
1306680 1569.6
1306690 1569.6
1306700 1573.3
1306710 1577.8
1306720 1577.8
1306730 1583.2
1306740 1587.9
1306750 1587.9
1306760 1591.4
1306770 1593.3
1306780 1593.3
1306790 1595.3
1306800 1597.9
1306810 1601.1
1306820 1601.1
1306830 1604.5
1306840 1607.6
1306850 1607.6
1306860 1611.0
1306870 1614.0
1306880 1614.0
1306890 1617.2
1306900 1620.3
1306910 1620.3
1306920 1623.6
1306930 1626.7
1306940 1626.7
1306950 1629.5
1306960 1632.2
1306970 1632.2
1306980 1635.1
1306990 1638.1
1307000 1638.1
1307010 1641.2
1307020 1644.3
1307030 1644.3
1307040 1647.4
1307050 1650.5
1307060 1650.5
1307070 1653.7
1307080 1657.6
1307090 1657.6
1307100 1661.2
1307110 1665.1
1307120 1665.1
1307130 1669.1
1307140 1673.0
1307150 1673.0
1307160 1676.9
1307170 1680.8
1307180 1684.8
1307190 1684.8
1307200 1685.3
1307210 1689.0
1307220 1689.0
1307230 1692.6
1307240 1696.2
1307250 1696.2
1307260 1699.9
1307270 1703.3
1307280 1703.3
1307290 1706.7
1307300 1709.9
1307310 1709.9
1307320 1713.2
1307330 1716.2
1307340 1716.2
1307350 1719.1
1307360 1722.3
1307370 1722.3
1307380 1725.1
1307390 1727.2
1307400 1727.2
1307410 1729.2
1307420 1730.8
1307430 1730.8
1307440 1731.4
1307450 1731.7
1307460 1731.7
1307470 1729.4
1307480 1725.9
1307490 1725.9
1307500 1721.9
1307510 1717.8
1307520 1717.8
1307530 1714.6
1307540 1709.2
1307550 1709.2
1307560 1706.4
1307570 1705.9
1307580 1704.1
1307590 1704.1
1307600 1705.6
1307610 1705.3
1307620 1705.3
1307630 1704.6
1307640 1704.0
1307650 1704.0
1307660 1702.2
1307670 1701.7
1307680 1701.7
1307690 1704.0
1307700 1704.6
1307710 1704.6
1307720 1704.9
1307730 1704.8
1307740 1704.8
1307750 1705.5
1307760 1705.1
1307770 1705.1
1307780 1704.9
1307790 1704.8
1307800 1704.8
1307810 1705.6
1307820 1706.0
1307830 1706.0
1307840 1706.1
1307850 1706.0
1307860 1706.0
1307870 1705.5
1307880 1704.9
1307890 1704.9
1307900 1704.1
1307910 1703.5
1307920 1697.0
1307930 1696.2
1307940 1695.1
1307950 1693.9
1307960 1693.9
1307970 1692.4
1307980 1691.1
1307990 1691.1
1308000 1690.1
1308010 1688.8
1308020 1688.8
1308030 1687.4
1308040 1686.1
1308050 1686.1
1308060 1684.9
1308070 1683.8
1308080 1683.8
1308090 1682.5
1308100 1681.1
1308110 1681.1
1308120 1680.0
1308130 1679.1
1308140 1679.1
1308150 1678.1
1308160 1676.7
1308170 1676.7
1308180 1675.1
1308190 1673.2
1308200 1673.2
1308210 1671.4
1308220 1669.6
1308230 1669.6
1308240 1667.4
1308250 1665.0
1308260 1665.0
1308270 1662.8
1308280 1661.0
1308290 1661.0
1308300 1658.9
1308310 1656.9
1308320 1656.9
1308330 1654.7
1308340 1651.4
1308350 1648.6
1308360 1648.6
1308370 1645.2
1308380 1643.1
1308390 1643.1
1308400 1641.2
1308410 1639.3
1308420 1639.3
1308430 1637.5
1308440 1635.8
1308450 1635.8
1308460 1634.6
1308470 1634.0
1308480 1634.0
1308490 1632.4
1308500 1631.4
1308510 1631.4
1308520 1631.7
1308530 1630.2
1308540 1630.2
1308550 1628.1
1308560 1627.3
1308570 1627.3
1308580 1625.9
1308590 1625.2
1308600 1625.2
1308610 1625.1
1308620 1625.3
1308630 1625.3
1308640 1619.1
1308650 1617.9
1308660 1617.9
1308670 1616.6
1308680 1615.0
1308690 1615.0
1308700 1614.9
1308710 1614.6
1308720 1614.9
1308730 1614.9
1308740 1614.4
1308750 1614.0
1308760 1614.0
1308770 1613.5
1308780 1613.1
1308790 1613.1
1308800 1612.7
1308810 1612.1
1308820 1612.1
1308830 1612.1
1308840 1612.0
1308850 1612.0
1308860 1612.2
1308870 1612.7
1308880 1612.7
1308890 1613.0
1308900 1613.2
1308910 1613.2
1308920 1613.6
1308930 1613.7
1308940 1613.7
1308950 1614.0
1308960 1613.8
1308970 1613.8
1308980 1613.4
1308990 1613.4
1309000 1613.4
1309010 1612.8
1309020 1612.1
1309030 1612.1
1309040 1613.2
1309050 1614.0
1309060 1614.0
1309070 1613.8
1309080 1613.9
1309090 1613.9
1309100 1613.4
1309110 1612.5
1309120 1611.2
1309130 1611.2
1309140 1610.7
1309150 1611.0
1309160 1611.0
1309170 1611.4
1309180 1611.7
1309190 1611.7
1309200 1612.5
1309210 1612.1
1309220 1612.1
1309230 1612.0
1309240 1611.6
1309250 1611.6
1309260 1610.3
1309270 1609.3
1309280 1609.3
1309290 1608.9
1309300 1608.5
1309310 1608.5
1309320 1607.7
1309330 1606.6
1309340 1606.6
1309350 1605.3
1309360 1605.8
1309370 1600.1
1309380 1599.0
1309390 1598.2
1309400 1598.2
1309410 1597.9
1309420 1596.3
1309430 1596.3
1309440 1596.3
1309450 1595.8
1309460 1595.8
1309470 1594.8
1309480 1593.8
1309490 1593.2
1309500 1593.2
1309510 1591.9
1309520 1589.9
1309530 1589.9
1309540 1588.1
1309550 1586.6
1309560 1586.6
1309570 1585.8
1309580 1585.2
1309590 1585.2
1309600 1584.2
1309610 1582.6
1309620 1582.6
1309630 1579.8
1309640 1577.1
1309650 1577.1
1309660 1574.4
1309670 1571.1
1309680 1571.1
1309690 1568.4
1309700 1566.6
1309710 1566.6
1309720 1565.4
1309730 1564.7
1309740 1564.7
1309750 1564.9
1309760 1566.4
1309770 1566.4
1309780 1566.6
1309790 1566.8
1309800 1566.8
1309810 1567.4
1309820 1567.9
1309830 1567.9
1309840 1568.4
1309850 1568.7
1309860 1568.7
1309870 1569.7
1309880 1571.4
1309890 1572.0
1309900 1572.0
1309910 1572.4
1309920 1572.1
1309930 1572.1
1309940 1571.7
1309950 1571.5
1309960 1571.5
1309970 1572.9
1309980 1575.4
1309990 1575.4
1310000 1577.6
1310010 1579.1
1310020 1579.1
1310030 1581.9
1310040 1584.6
1310050 1584.6
1310060 1589.2
1310070 1591.3
1310080 1591.3
1310090 1594.0
1310100 1595.0
1310110 1587.4
1310120 1586.9
1310130 1586.5
1310140 1586.5
1310150 1587.2
1310160 1587.9
1310170 1587.9
1310180 1588.5
1310190 1589.6
1310200 1589.6
1310210 1589.6
1310220 1589.2
1310230 1589.2
1310240 1588.3
1310250 1586.5
1310260 1584.8
1310270 1584.8
1310280 1583.2
1310290 1579.4
1310300 1579.4
1310310 1575.1
1310320 1570.1
1310330 1570.1
1310340 1563.6
1310350 1557.0
1310360 1557.0
1310370 1552.5
1310380 1549.1
1310390 1549.1
1310400 1546.6
1310410 1543.5
1310420 1543.5
1310430 1541.2
1310440 1538.8
1310450 1538.8
1310460 1536.4
1310470 1534.4
1310480 1534.4
1310490 1532.6
1310500 1530.9
1310510 1530.9
1310520 1529.4
1310530 1528.7
1310540 1528.7
1310550 1528.4
1310560 1527.9
1310570 1527.9
1310580 1528.0
1310590 1528.4
1310600 1528.4
1310610 1528.3
1310620 1528.7
1310630 1528.7
1310640 1529.3
1310650 1529.0
1310660 1529.4
1310670 1529.4
1310680 1530.2
1310690 1531.1
1310700 1531.1
1310710 1532.2
1310720 1533.5
1310730 1533.5
1310740 1535.3
1310750 1536.4
1310760 1536.4
1310770 1536.9
1310780 1536.9
1310790 1536.9
1310800 1539.7
1310810 1541.4
1310820 1541.4
1310830 1542.2
1310840 1538.9
1310850 1538.9
1310860 1539.4
1310870 1540.0
1310880 1540.0
1310890 1540.6
1310900 1540.8
1310910 1540.8
1310920 1540.8
1310930 1541.6
1310940 1541.6
1310950 1542.9
1310960 1542.3
1310970 1542.3
1310980 1541.5
1310990 1541.2
1311000 1541.2
1311010 1541.5
1311020 1542.8
1311030 1543.8
1311040 1543.8
1311050 1543.9
1311060 1543.8
1311070 1543.8
1311080 1543.6
1311090 1543.8
1311100 1543.8
1311110 1545.1
1311120 1545.0
1311130 1545.0
1311140 1545.3
1311150 1546.8
1311160 1546.8
1311170 1548.1
1311180 1552.1
1311190 1552.1
1311200 1556.8
1311210 1559.9
1311220 1559.9
1311230 1561.5
1311240 1561.8
1311250 1561.8
1311260 1561.7
1311270 1562.4
1311280 1562.4
1311290 1562.8
1311300 1562.7
1311310 1562.7
1311320 1563.2
1311330 1564.2
1311340 1564.2
1311350 1564.5
1311360 1565.0
1311370 1565.0
1311380 1565.4
1311390 1565.6
1311400 1565.6
1311410 1566.2
1311420 1567.5
1311430 1568.1
1311440 1568.1
1311450 1569.3
1311460 1570.1
1311470 1570.1
1311480 1570.0
1311490 1570.1
1311500 1570.1
1311510 1569.2
1311520 1567.6
1311530 1567.6
1311540 1565.4
1311550 1563.7
1311560 1563.7
1311570 1562.7
1311580 1558.8
1311590 1558.8
1311600 1558.6
1311610 1558.4
1311620 1558.4
1311630 1558.4
1311640 1558.6
1311650 1558.6
1311660 1559.2
1311670 1559.6
1311680 1559.6
1311690 1559.7
1311700 1559.6
1311710 1559.6
1311720 1559.2
1311730 1558.4
1311740 1558.4
1311750 1557.1
1311760 1555.9
1311770 1555.9
1311780 1554.4
1311790 1552.6
1311800 1550.5
1311810 1550.5
1311820 1548.2
1311830 1545.6
1311840 1545.6
1311850 1542.7
1311860 1539.8
1311870 1539.8
1311880 1536.5
1311890 1532.6
1311900 1532.6
1311910 1529.9
1311920 1528.2
1311930 1528.2
1311940 1526.5
1311950 1524.7
1311960 1524.7
1311970 1522.4
1311980 1520.0
1311990 1520.0
1312000 1518.1
1312010 1516.6
1312020 1516.6
1312030 1514.9
1312040 1512.5
1312050 1512.5
1312060 1509.1
1312070 1505.3
1312080 1505.3
1312090 1501.4
1312100 1497.3
1312110 1497.3
1312120 1493.1
1312130 1489.1
1312140 1489.1
1312150 1485.3
1312160 1481.6
1312170 1481.6
1312180 1478.3
1312190 1475.2
1312200 1472.4
1312210 1472.4
1312220 1470.0
1312230 1467.8
1312240 1467.8
1312250 1465.6
1312260 1463.9
1312270 1463.9
1312280 1462.4
1312290 1461.1
1312300 1461.1
1312310 1460.2
1312320 1459.3
1312330 1459.3
1312340 1458.4
1312350 1456.9
1312360 1456.9
1312370 1455.2
1312380 1452.9
1312390 1452.9
1312400 1449.8
1312410 1447.5
1312420 1447.5
1312430 1445.5
1312440 1443.5
1312450 1443.5
1312460 1442.3
1312470 1440.3
1312480 1440.3
1312490 1437.6
1312500 1434.8
1312510 1434.8
1312520 1431.9
1312530 1429.7
1312540 1429.7
1312550 1427.7
1312560 1426.7
1312570 1426.4
1312580 1426.4
1312590 1426.1
1312600 1425.7
1312610 1425.7
1312620 1425.3
1312630 1425.0
1312640 1425.0
1312650 1424.9
1312660 1425.0
1312670 1425.0
1312680 1425.1
1312690 1425.2
1312700 1425.2
1312710 1425.0
1312720 1424.6
1312730 1424.6
1312740 1424.4
1312750 1424.4
1312760 1424.4
1312770 1424.3
1312780 1423.9
1312790 1423.9
1312800 1423.6
1312810 1423.6
1312820 1423.6
1312830 1423.6
1312840 1423.6
1312850 1423.6
1312860 1423.8
1312870 1424.0
1312880 1424.0
1312890 1424.1
1312900 1424.1
1312910 1424.1
1312920 1424.1
1312930 1424.0
1312940 1424.0
1312950 1424.1
1312960 1424.1
1312970 1424.2
1312980 1424.2
1312990 1424.2
1313000 1424.2
1313010 1424.2
1313020 1424.2
1313030 1424.2
1313040 1424.2
1313050 1424.1
1313060 1424.0
1313070 1423.9
1313080 1423.7
1313090 1423.0
1313100 1423.0
1313110 1420.8
1313120 1420.1
1313130 1420.1
1313140 1420.6
1313150 1425.8
1313160 1425.8
1313170 1433.1
1313180 1439.9
1313190 1439.9
1313200 1444.8
1313210 1449.4
1313220 1449.4
1313230 1454.2
1313240 1458.9
1313250 1458.9
1313260 1464.4
1313270 1469.7
1313280 1469.7
1313290 1474.5
1313300 1477.8
1313310 1477.8
1313320 1480.3
1313330 1484.1
1313340 1488.7
1313350 1488.7
1313360 1493.9
1313370 1496.2
1313380 1496.2
1313390 1497.1
1313400 1498.3
1313410 1498.3
1313420 1498.7
1313430 1500.8
1313440 1500.8
1313450 1504.2
1313460 1507.8
1313470 1507.8
1313480 1511.7
1313490 1516.5
1313500 1516.5
1313510 1520.8
1313520 1525.3
1313530 1525.3
1313540 1529.7
1313550 1534.2
1313560 1534.2
1313570 1538.5
1313580 1542.7
1313590 1542.7
1313600 1547.4
1313610 1551.4
1313620 1551.4
1313630 1553.3
1313640 1554.4
1313650 1554.4
1313660 1554.7
1313670 1554.5
1313680 1554.5
1313690 1553.8
1313700 1554.3
1313710 1554.2
1313720 1554.2
1313730 1552.4
1313740 1550.4
1313750 1550.4
1313760 1549.6
1313770 1550.7
1313780 1550.7
1313790 1553.7
1313800 1558.2
1313810 1558.2
1313820 1567.2
1313830 1570.8
1313840 1570.8
1313850 1573.4
1313860 1576.9
1313870 1576.9
1313880 1580.5
1313890 1584.0
1313900 1584.0
1313910 1587.9
1313920 1591.1
1313930 1591.1
1313940 1593.5
1313950 1592.4
1313960 1592.4
1313970 1589.9
1313980 1587.8
1313990 1587.8
1314000 1584.8
1314010 1580.4
1314020 1580.4
1314030 1575.9
1314040 1570.6
1314050 1570.6
1314060 1565.6
1314070 1561.9
1314080 1561.9
1314090 1556.2
1314100 1548.7
1314110 1542.9
1314120 1542.9
1314130 1538.7
1314140 1535.4
1314150 1535.4
1314160 1532.8
1314170 1531.0
1314180 1531.0
1314190 1529.8
1314200 1527.6
1314210 1527.6
1314220 1524.0
1314230 1520.8
1314240 1520.8
1314250 1517.8
1314260 1514.5
1314270 1514.5
1314280 1512.3
1314290 1509.2
1314300 1509.2
1314310 1505.9
1314320 1503.3
1314330 1503.3
1314340 1500.9
1314350 1498.5
1314360 1498.5
1314370 1497.4
1314380 1497.9
1314390 1497.9
1314400 1500.1
1314410 1502.7
1314420 1502.7
1314430 1505.1
1314440 1506.7
1314450 1506.7
1314460 1508.9
1314470 1512.1
1314480 1515.8
1314490 1515.8
1314500 1519.3
1314510 1521.4
1314520 1521.4
1314530 1523.3
1314540 1523.9
1314550 1523.9
1314560 1523.7
1314570 1529.1
1314580 1529.1
1314590 1528.5
1314600 1530.0
1314610 1530.0
1314620 1533.7
1314630 1535.7
1314640 1535.7
1314650 1535.2
1314660 1535.4
1314670 1535.4
1314680 1537.8
1314690 1541.8
1314700 1541.8
1314710 1546.5
1314720 1548.9
1314730 1548.9
1314740 1548.5
1314750 1547.5
1314760 1547.5
1314770 1547.2
1314780 1548.0
1314790 1548.0
1314800 1548.8
1314810 1548.2
1314820 1548.2
1314830 1547.6
1314840 1547.0
1314850 1547.0
1314860 1545.6
1314870 1542.8
1314880 1538.4
1314890 1538.4
1314900 1532.0
1314910 1522.2
1314920 1522.2
1314930 1512.0
1314940 1503.4
1314950 1503.4
1314960 1495.4
1314970 1487.8
1314980 1487.8
1314990 1479.3
1315000 1471.7
1315010 1471.7
1315020 1465.1
1315030 1460.7
1315040 1460.7
1315050 1456.3
1315060 1451.0
1315070 1451.0
1315080 1446.1
1315090 1442.1
1315100 1442.1
1315110 1438.3
1315120 1434.4
1315130 1434.4
1315140 1430.2
1315150 1425.5
1315160 1425.5
1315170 1420.9
1315180 1416.7
1315190 1416.7
1315200 1412.4
1315210 1408.1
1315220 1408.1
1315230 1404.4
1315240 1400.6
1315250 1397.0
1315260 1397.0
1315270 1394.5
1315280 1393.9
1315290 1393.9
1315300 1393.5
1315310 1391.8
1315320 1391.8
1315330 1397.8
1315340 1397.9
1315350 1397.9
1315360 1395.4
1315370 1390.3
1315380 1390.3
1315390 1386.6
1315400 1382.6
1315410 1382.6
1315420 1378.0
1315430 1374.7
1315440 1374.7
1315450 1371.4
1315460 1368.2
1315470 1368.2
1315480 1366.6
1315490 1366.5
1315500 1366.5
1315510 1365.2
1315520 1363.8
1315530 1363.8
1315540 1362.2
1315550 1360.8
1315560 1360.8
1315570 1360.5
1315580 1360.4
1315590 1360.4
1315600 1358.9
1315610 1358.3
1315620 1358.3
1315630 1358.3
1315640 1357.4
1315650 1356.8
1315660 1356.8
1315670 1353.8
1315680 1351.9
1315690 1351.9
1315700 1349.5
1315710 1347.6
1315720 1347.6
1315730 1348.2
1315740 1348.0
1315750 1348.0
1315760 1347.8
1315770 1350.3
1315780 1350.3
1315790 1350.3
1315800 1350.3
1315810 1350.3
1315820 1347.9
1315830 1343.4
1315840 1343.4
1315850 1339.1
1315860 1336.4
1315870 1336.4
1315880 1332.9
1315890 1327.5
1315900 1327.5
1315910 1321.5
1315920 1314.3
1315930 1314.3
1315940 1303.8
1315950 1297.5
1315960 1297.5
1315970 1293.3
1315980 1288.9
1315990 1288.9
1316000 1283.5
1316010 1280.6
1316020 1279.9
1316030 1279.9
1316040 1279.1
1316050 1277.8
1316060 1277.8
1316070 1276.0
1316080 1282.3
1316090 1282.3
1316100 1280.0
1316110 1281.2
1316120 1281.2
1316130 1285.4
1316140 1287.0
1316150 1287.0
1316160 1284.5
1316170 1280.3
1316180 1280.3
1316190 1280.3
1316200 1281.2
1316210 1281.2
1316220 1281.5
1316230 1281.5
1316240 1281.5
1316250 1283.3
1316260 1286.0
1316270 1286.0
1316280 1287.7
1316290 1292.2
1316300 1292.2
1316310 1298.5
1316320 1301.2
1316330 1301.2
1316340 1295.7
1316350 1290.4
1316360 1290.4
1316370 1289.0
1316380 1294.4
1316390 1294.4
1316400 1301.7
1316410 1307.1
1316420 1311.8
1316430 1311.8
1316440 1313.6
1316450 1313.6
1316460 1313.6
1316470 1313.1
1316480 1310.7
1316490 1310.7
1316500 1312.5
1316510 1312.8
1316520 1312.8
1316530 1310.7
1316540 1307.9
1316550 1307.9
1316560 1306.2
1316570 1304.2
1316580 1304.2
1316590 1303.7
1316600 1307.1
1316610 1307.1
1316620 1312.3
1316630 1315.9
1316640 1315.9
1316650 1317.6
1316660 1316.4
1316670 1316.4
1316680 1314.3
1316690 1312.9
1316700 1312.9
1316710 1312.5
1316720 1311.6
1316730 1311.6
1316740 1309.6
1316750 1306.5
1316760 1306.5
1316770 1305.2
1316780 1305.2
1316790 1302.9
1316800 1302.9
1316810 1300.2
1316820 1296.6
1316830 1296.6
1316840 1293.0
1316850 1296.0
1316860 1296.0
1316870 1292.0
1316880 1286.2
1316890 1286.2
1316900 1278.3
1316910 1269.9
1316920 1269.9
1316930 1261.4
1316940 1252.0
1316950 1252.0
1316960 1242.1
1316970 1233.4
1316980 1233.4
1316990 1225.2
1317000 1216.9
1317010 1216.9
1317020 1208.5
1317030 1199.9
1317040 1199.9
1317050 1191.6
1317060 1183.5
1317070 1183.5
1317080 1174.9
1317090 1166.8
1317100 1166.8
1317110 1157.9
1317120 1149.7
1317130 1149.7
1317140 1141.8
1317150 1132.8
1317160 1132.8
1317170 1124.8
1317180 1117.0
1317190 1107.7
1317200 1107.7
1317210 1099.8
1317220 1094.9
1317230 1094.9
1317240 1089.6
1317250 1083.5
1317260 1083.5
1317270 1077.3
1317280 1071.4
1317290 1071.4
1317300 1065.5
1318040 1228.8
1318050 1236.6
1318060 1236.6
1318070 1239.5
1318080 1241.3
1318090 1241.3
1318100 1241.0
1318110 1241.9
1318120 1241.9
1318130 1244.0
1318140 1246.0
1318150 1246.0
1318160 1248.5
1318170 1252.7
1318180 1252.7
1318190 1257.3
1318200 1260.4
1318210 1260.4
1318220 1263.7
1318230 1265.3
1318240 1265.3
1318250 1264.4
1318260 1263.7
1318270 1263.7
1318280 1263.8
1318290 1262.1
1318300 1262.1
1318310 1259.6
1318320 1257.1
1318330 1255.0
1318340 1255.0
1318350 1252.9
1318360 1250.7
1318370 1250.7
1318380 1242.9
1318390 1240.7
1318400 1240.7
1318410 1238.2
1318420 1235.0
1318430 1235.0
1318440 1231.5
1318450 1228.4
1318460 1228.4
1318470 1225.7
1318480 1222.7
1318490 1222.7
1318500 1220.6
1318510 1219.5
1318520 1219.5
1318530 1218.5
1318540 1217.1
1318550 1217.1
1318560 1215.8
1318570 1214.2
1318580 1214.2
1318590 1212.5
1318600 1210.9
1318610 1210.9
1318620 1209.2
1318630 1207.9
1318640 1207.9
1318650 1206.5
1318660 1205.1
1318670 1205.1
1318680 1204.3
1318690 1203.4
1318700 1203.0
1318710 1203.0
1318720 1203.4
1318730 1203.3
1318740 1203.3
1318750 1202.6
1318760 1201.5
1318770 1201.5
1318780 1200.7
1318790 1200.3
1318800 1200.3
1318810 1200.4
1318820 1200.3
1318830 1200.3
1318840 1200.4
1318850 1201.5
1318860 1201.5
1318870 1203.4
1318880 1205.8
1318890 1205.8
1318900 1208.4
1318910 1210.7
1318920 1210.7
1318930 1212.4
1318940 1213.5
1318950 1213.5
1318960 1215.0
1318970 1217.6
1318980 1217.6
1318990 1221.0
1319000 1224.7
1319010 1224.7
1319020 1229.6
1319030 1235.2
1319040 1235.2
1319050 1238.5
1319060 1240.5
1319070 1240.5
1319080 1242.1
1319090 1243.6
1319100 1244.8
1319110 1244.8
1319120 1245.7
1319130 1246.2
1319140 1246.2
1319150 1251.6
1319160 1250.4
1319170 1250.4
1319180 1248.7
1319190 1247.0
1319200 1247.0
1319210 1244.7
1319220 1242.1
1319230 1242.1
1319240 1239.0
1319250 1234.4
1319260 1234.4
1319270 1229.2
1319280 1224.4
1319290 1224.4
1319300 1219.7
1319310 1215.3
1319320 1215.3
1319330 1210.5
1319340 1206.2
1319350 1206.2
1319360 1200.8
1319370 1196.1
1319380 1196.1
1319390 1190.5
1319400 1185.1
1319410 1185.1
1319420 1180.0
1319430 1174.8
1319440 1174.8
1319450 1170.3
1319460 1167.5
1319470 1166.1
1319480 1166.1
1319490 1164.2
1319500 1162.4
1319510 1162.4
1319520 1160.3
1319530 1158.8
1319540 1158.8
1319550 1155.9
1319560 1151.7
1319570 1151.7
1319580 1147.2
1319590 1142.7
1319600 1142.7
1319610 1135.4
1319620 1128.7
1319630 1128.7
1319640 1122.0
1319650 1117.4
1319660 1117.4
1319670 1112.3
1319680 1107.5
1319690 1107.5
1319700 1102.7
1319710 1096.6
1319720 1096.6
1319730 1088.9
1319740 1080.8
1319750 1080.8
1319760 1072.8
1319770 1065.2
1319780 1065.2
1319790 1058.3
1319800 1051.9
1319810 1051.9
1319820 1044.8
1319830 1037.2
1319840 1037.2
1319850 1030.1
1319860 1024.3
1319870 1017.8
1319880 1017.8
1319890 1010.7
1319900 1003.9
1319910 1003.9
1319920 997.2
1319930 986.1
1319940 986.1
1319950 980.7
1319960 981.3
1319970 981.3
1319980 985.1
1319990 987.2
