1318520 1437.4
1318530 1443.3
1318540 1443.3
1318550 1446.9
1318560 1451.2
1318570 1451.2
1318580 1453.7
1318590 1455.9
1318600 1459.8
1318610 1459.8
1318620 1464.9
1318630 1470.2
1318640 1470.2
1318650 1476.1
1318660 1483.1
1318670 1483.1
1318680 1489.2
1318690 1494.2
1318700 1494.2
1318710 1498.3
1318720 1501.5
1318730 1501.5
1318740 1504.3
1318750 1506.5
1318760 1506.5
1318770 1507.9
1318780 1509.0
1318790 1509.0
1318800 1509.8
1318810 1510.3
1318820 1510.3
1318830 1510.9
1318840 1511.8
1318850 1511.8
1318860 1513.2
1318870 1515.2
1318880 1515.2
1318890 1517.4
1318900 1519.9
1318910 1519.9
1318920 1521.9
1318930 1523.5
1318940 1523.5
1318950 1524.3
1318960 1524.6
1318970 1525.3
1318980 1525.3
1318990 1527.2
1319000 1529.4
1319010 1529.4
1319020 1531.0
1319030 1533.2
1319040 1533.2
1319050 1535.8
1319060 1537.5
1319070 1537.5
1319080 1537.0
1319090 1533.9
1319100 1533.9
1319110 1531.5
1319120 1529.9
1319130 1529.9
1319140 1527.3
1319150 1524.5
1319160 1524.5
1319170 1521.3
1319180 1516.1
1319190 1516.1
1319200 1504.2
1319210 1491.0
1319220 1491.0
1319230 1483.0
1319240 1476.0
1319250 1476.0
1319260 1469.3
1319270 1463.1
1319280 1463.1
1319290 1457.3
1319300 1452.1
1319310 1452.1
1319320 1447.3
1319330 1440.7
1319340 1440.7
1319350 1437.2
1319360 1434.5
1319370 1432.2
1319380 1432.2
1319390 1430.1
1319400 1428.4
1319410 1428.4
1319420 1426.9
1319430 1425.6
1319440 1425.6
1319450 1424.1
1319460 1422.8
1319470 1422.8
1319480 1421.5
1319490 1419.8
1319500 1419.8
1319510 1420.3
1319520 1421.3
1319530 1421.3
1319540 1422.0
1319550 1422.9
1319560 1422.9
1319570 1423.1
1319580 1424.9
1319590 1424.9
1319600 1426.7
1319610 1427.3
1319620 1427.3
1319630 1429.1
1319640 1430.4
1319650 1430.4
1319660 1431.0
1319670 1431.5
1319680 1431.5
1319690 1431.7
1319700 1432.0
1319710 1432.0
1319720 1431.1
1319730 1430.7
1319740 1429.5
1319750 1429.5
1319760 1426.3
1319770 1420.6
1319780 1420.6
1319790 1416.9
1319800 1421.2
1319810 1421.2
1319820 1422.8
1319830 1424.6
1319840 1424.6
1319850 1428.3
1319860 1431.4
1319870 1431.4
1319880 1434.0
1319890 1437.3
1319900 1437.3
1319910 1441.4
1319920 1445.7
1319930 1445.7
1319940 1450.4
1319950 1455.8
1319960 1455.8
1319970 1461.5
1319980 1468.2
1319990 1468.2
