1318570 1435.5
1318580 1435.5
1318590 1435.5
1318600 1438.3
1318610 1438.3
1318620 1440.8
1318630 1443.0
1318640 1443.0
1318650 1445.2
1318660 1447.2
1318670 1447.2
1318680 1449.2
1318690 1451.6
1318700 1453.6
1318710 1453.6
1318720 1456.9
1318730 1460.5
1318740 1460.5
1318750 1463.3
1318760 1465.6
1318770 1465.6
1318780 1467.3
1318790 1467.8
1318800 1467.8
1318810 1467.4
1318820 1467.5
1318830 1467.5
1318840 1468.1
1318850 1469.1
1318860 1469.1
1318870 1470.5
1318880 1473.2
1318890 1473.2
1318900 1476.9
1318910 1480.9
1318920 1480.9
1318930 1484.4
1318940 1486.7
1318950 1486.7
1318960 1489.7
1318970 1492.4
1318980 1492.4
1318990 1494.1
1319000 1495.7
1319010 1495.7
1319020 1498.4
1319030 1502.4
1319040 1502.4
1319050 1506.1
1319060 1509.9
1319070 1513.9
1319080 1513.9
1319090 1517.2
1319100 1519.4
1319110 1519.4
1319120 1521.9
1319130 1523.9
1319140 1523.9
1319150 1524.0
1319160 1523.1
1319170 1519.8
1319180 1520.8
1319190 1521.9
1319200 1521.9
1319210 1520.4
1319220 1516.2
1319230 1516.2
1319240 1510.2
1319250 1502.5
1319260 1502.5
1319270 1494.4
1319280 1488.9
1319290 1488.9
1319300 1487.1
1319310 1486.6
1319320 1486.6
1319330 1488.1
1319340 1489.8
1319350 1489.8
1319360 1489.7
1319370 1488.3
1319380 1488.3
1319390 1487.1
1319400 1484.7
1319410 1484.7
1319420 1481.8
1319430 1479.5
1319440 1479.5
1319450 1476.9
1319460 1473.7
1319470 1470.8
1319480 1470.8
1319490 1474.1
1319500 1474.6
1319510 1474.6
1319520 1475.6
1319530 1477.2
1319540 1477.2
1319550 1478.8
1319560 1481.1
1319570 1481.1
1319580 1482.6
1319590 1483.5
1319600 1483.5
1319610 1483.7
1319620 1483.6
1319630 1483.6
1319640 1482.7
1319650 1480.5
1319660 1480.5
1319670 1477.3
1319680 1474.1
1319690 1474.1
1319700 1470.9
1319710 1468.1
1319720 1468.1
1319730 1464.7
1319740 1460.1
1319750 1460.1
1319760 1454.3
1319770 1449.1
1319780 1449.1
1319790 1446.3
1319800 1449.7
1319810 1449.7
1319820 1453.9
1319830 1457.6
1319840 1457.6
1319850 1460.8
1319860 1459.7
1319870 1460.4
1319880 1460.4
1319890 1462.8
1319900 1466.0
1319910 1466.0
1319920 1469.3
1319930 1471.8
1319940 1469.5
1319950 1472.9
1319960 1477.1
1319970 1477.1
1319980 1481.7
1319990 1487.2
