1318740 1445.6
1318750 1448.0
1318760 1448.0
1318770 1450.2
1318780 1451.4
1318790 1451.4
1318800 1450.7
1318810 1455.8
1318820 1455.8
1318830 1461.1
1318840 1461.9
1318850 1461.9
1318860 1462.3
1318870 1465.0
1318880 1465.0
1318890 1470.1
1318900 1475.7
1318910 1475.7
1318920 1483.0
1318930 1489.2
1318940 1489.2
1318950 1494.6
1318960 1500.6
1318970 1500.6
1318980 1507.3
1318990 1511.9
1319000 1511.9
1319010 1514.4
1319020 1519.7
1319030 1519.7
1319040 1522.9
1319050 1527.5
1319060 1527.5
1319070 1531.5
1319080 1533.8
1319090 1533.8
1319100 1536.0
1319110 1539.8
1319120 1539.8
1319130 1543.4
1319140 1545.9
1319150 1548.0
1319160 1548.0
1319170 1550.5
1319180 1553.2
1319190 1553.2
1319200 1555.6
1319210 1559.2
1319220 1559.2
1319230 1565.1
1319240 1570.3
1319250 1570.3
1319260 1574.9
1319270 1581.0
1319280 1581.0
1319290 1587.3
1319300 1592.6
1319310 1592.6
1319320 1595.3
1319330 1598.2
1319340 1598.2
1319350 1603.4
1319360 1607.9
1319370 1607.9
1319380 1610.4
1319390 1611.4
1319400 1611.4
1319410 1605.3
1319420 1584.9
1319430 1584.9
1319440 1570.0
1319450 1561.2
1319460 1561.2
1319470 1554.7
1319480 1549.3
1319490 1549.3
1319500 1543.7
1319510 1541.6
1319520 1539.5
1319530 1539.5
1319540 1536.3
1319550 1534.5
1319560 1534.5
1319570 1533.4
1319580 1533.2
1319590 1533.2
1319600 1532.7
1319610 1532.6
1319620 1532.6
1319630 1532.6
1319640 1532.2
1319650 1532.2
1319660 1532.4
1319670 1534.2
1319680 1534.2
1319690 1535.2
1319700 1535.5
1319710 1535.5
1319720 1536.2
1319730 1536.8
1319740 1536.8
1319750 1538.6
1319760 1541.2
1319770 1541.2
1319780 1543.4
1319790 1544.0
1319800 1544.0
1319810 1545.6
1319820 1548.1
1319830 1548.1
1319840 1550.1
1319850 1552.3
1319860 1552.3
1319870 1555.2
1319880 1558.9
1319890 1558.9
1319900 1563.7
1319910 1569.1
1319920 1574.5
1319930 1574.5
1319940 1579.3
1319950 1584.3
1319960 1584.3
1319970 1589.6
1319980 1594.2
1319990 1594.2
