1319120 1702.4
1319130 1702.4
1319140 1701.9
1319150 1703.8
1319160 1703.8
1319170 1706.9
1319180 1709.8
1319190 1709.8
1319200 1714.3
1319210 1717.1
1319220 1717.1
1319230 1720.9
1319240 1723.4
1319250 1726.2
1319260 1726.2
1319270 1728.6
1319280 1726.9
1319290 1726.9
1319300 1716.2
1319310 1708.3
1319320 1708.3
1319330 1702.9
1319340 1687.3
1319350 1687.3
1319360 1659.3
1319370 1631.9
1319380 1631.9
1319390 1622.9
1319400 1615.9
1319410 1615.9
1319420 1605.8
1319430 1596.7
1319440 1596.7
1319450 1589.4
1319460 1582.2
1319470 1582.2
1319480 1574.9
1319490 1567.6
1319500 1567.6
1319510 1560.4
1319520 1553.4
1319530 1553.4
1319540 1546.6
1319550 1539.6
1319560 1539.6
1319570 1532.7
1319580 1525.6
1319590 1525.6
1319600 1518.7
1319610 1512.0
1319620 1505.1
1319630 1505.1
1319640 1499.5
1319650 1493.1
1319660 1493.1
1319670 1486.9
1319680 1481.3
1319690 1481.3
1319700 1476.0
1319710 1470.8
1319720 1470.8
1319730 1465.6
1319740 1460.1
1319750 1460.1
1319760 1454.7
1319770 1449.5
1319780 1449.5
1319790 1444.7
1319800 1440.5
1319810 1440.5
1319820 1436.7
1319830 1432.8
1319840 1432.8
1319850 1429.1
1319860 1425.2
1319870 1425.2
1319880 1421.4
1319890 1418.3
1319900 1418.3
1319910 1415.8
1319920 1413.6
1319930 1413.6
1319940 1411.3
1319950 1408.2
1319960 1408.2
1319970 1405.2
1319980 1402.3
1319990 1402.3
